71 0 55317
70 0 55380
71 1 55404
70 1 55468
71 0 55484
68 0 55564
71 1 55589
70 0 55589
70 1 55612
68 1 55637
71 0 55637
70 0 55660
70 1 55740
70 0 55780
71 1 55844
70 1 55868
8 0 56628
8 1 56692
8 0 56765
8 1 56820
8 0 56900
8 1 56964
8 0 57036
8 1 57092
8 0 57188
8 1 57244
8 0 57364
8 1 57412
8 0 57516
8 1 57556
8 0 57835
8 1 57900
20 0 70197
73 0 70316
20 1 70380
73 1 70380
78 0 70555
78 1 70636
32 0 70740
32 1 70796
32 0 70882
32 1 70947
65 0 71011
65 1 71091
67 0 71140
67 1 71243
69 0 71340
69 1 71396
8 0 71548
8 1 71588
8 0 71715
8 1 71763
8 0 72012
8 1 72092
8 0 72164
8 1 72228
8 0 72316
20 0 72357
8 1 72379
20 1 72459
8 0 72532
8 1 72572
78 0 73092
78 1 73172
32 0 73308
32 1 73372
65 0 73395
65 1 73460
67 0 73547
69 0 73692
67 1 73716
69 1 73716
83 0 73804
83 1 73867
84 0 73948
84 1 74028
32 0 74028
32 1 74100
77 0 74188
77 1 74267
79 0 74356
79 1 74436
77 0 74531
77 1 74580
69 0 74620
69 1 74660
78 0 74740
78 1 74803
84 0 74828
84 1 74892
32 0 74932
32 1 75012
86 0 75324
86 1 75412
82 0 75579
82 1 75619
69 0 75644
69 1 75684
77 0 75796
77 1 75860
69 0 75860
69 1 75915
65 0 76380
65 1 76436
32 0 76500
32 1 76540
69 0 76611
69 1 76675
83 0 76772
83 1 76851
84 0 76924
69 0 76988
84 1 77012
32 0 77076
69 1 77091
32 1 77131
8 0 78651
8 0 79152
8 0 79199
8 0 79231
8 1 79259
8 0 79388
8 1 79476
8 0 79779
8 1 79859
8 0 79939
8 1 80004
8 0 80083
8 1 80131
8 0 80228
8 1 80292
8 0 80435
8 1 80500
8 0 80540
8 1 80619
8 0 80923
8 1 80979
80 0 81619
80 1 81700
76 0 81780
76 1 81868
79 0 81955
79 1 82012
85 0 82163
85 1 82219
65 0 82243
65 1 82307
32 0 82356
32 1 82419
65 0 102580
65 1 102676
70 0 102748
70 1 102843
65 0 102843
65 1 102923
82 0 103020
82 1 103060
65 0 103061
65 1 103116
8 0 103564
8 1 103628
8 0 103732
8 1 103796
8 0 103876
8 1 103931
8 0 104020
8 1 104076
8 0 104156
8 1 104219
8 0 106820
8 1 106859
188 0 107300
188 1 107340
32 0 107444
32 1 107524
83 0 107564
83 1 107628
85 0 107676
85 1 107731
78 0 107827
78 1 107908
84 0 107932
32 0 107972
84 1 107995
32 1 108076
65 0 108156
80 0 108220
65 1 108244
80 1 108300
82 0 108899
79 0 108972
82 1 108987
79 1 109052
88 0 110020
88 1 110059
73 0 110284
73 1 110363
77 0 110476
65 0 110555
77 1 110580
65 1 110620
84 0 110676
84 1 110747
73 0 110763
73 1 110828
86 0 110884
86 1 110963
32 0 110996
32 1 111051
52 0 111428
52 1 111524
32 0 111924
32 1 112028
71 0 112220
82 0 112275
71 1 112299
82 1 112340
65 0 112468
65 1 112548
68 0 112572
69 0 112668
68 1 112836
69 1 112836
32 0 112836
32 1 112875
65 0 112899
65 1 112964
70 0 113364
70 1 113404
65 0 113451
65 1 113516
82 0 113580
65 0 113644
82 1 113804
65 1 113804
32 0 119236
32 1 119396
78 0 120267
85 0 120364
78 1 120412
85 1 120451
32 0 120627
32 1 120667
83 0 120707
83 1 120747
69 0 120859
69 1 120915
65 0 121059
65 1 121227
77 0 121227
65 0 121252
77 1 121275
65 1 121316
78 0 121404
78 1 121460
65 0 121460
65 1 121539
32 0 121595
32 1 121651
68 0 121851
69 0 121964
68 1 121988
32 0 122043
69 1 122075
32 1 122131
76 0 122284
76 1 122324
79 0 122404
79 1 122492
67 0 122508
67 1 122587
32 0 122644
32 1 122699
8 0 123035
8 1 123100
8 0 123212
8 1 123235
8 0 123436
8 1 123508
8 0 123612
8 1 123659
8 0 123764
8 1 123819
8 0 123907
8 1 123948
76 0 124124
76 1 124188
79 0 124260
79 1 124324
8 0 124540
8 1 124603
8 0 124699
8 1 124739
69 0 124771
69 1 124827
76 0 125203
76 1 125268
79 0 125323
79 1 125387
67 0 125412
67 1 125492
32 0 125516
32 1 125595
67 0 126580
67 1 126603
85 0 126627
85 1 126683
32 0 126860
32 1 126947
67 0 139092
67 1 139171
69 0 139267
69 1 139323
69 0 139394
69 1 139475
65 0 139571
65 1 139651
32 0 139731
32 1 139827
67 0 139939
69 0 140019
67 1 140043
32 0 140091
69 1 140107
32 1 140171
77 0 140771
73 0 140851
77 1 140891
73 1 140955
32 0 141059
32 1 141139
65 0 141211
77 0 141267
65 1 141291
77 1 141331
32 0 141435
32 1 141515
8 0 141739
8 1 141804
8 0 141883
8 1 141947
8 0 142051
8 1 142107
8 0 142171
8 1 142219
189 0 142339
189 1 142420
65 0 142507
65 1 142587
77 0 142643
77 1 142707
32 0 142787
32 1 142843
73 0 142987
73 1 143051
78 0 143131
78 1 143219
67 0 143243
69 0 143307
67 1 143323
69 1 143387
8 0 143707
8 1 143763
72 0 143939
72 1 144019
73 0 144139
73 1 144219
80 0 144340
80 1 144403
85 0 144540
85 1 144595
73 0 144675
73 1 144739
84 0 144795
84 1 144859
32 0 144883
32 1 144947
67 0 145059
67 1 145099
65 0 145380
65 1 145467
32 0 145491
32 1 145547
86 0 145627
86 1 145691
65 0 145755
65 1 145811
32 0 145859
32 1 145899
70 0 145955
70 1 146019
73 0 146315
73 1 146379
188 0 146787
188 1 146819
8 0 147148
8 1 147211
190 0 147387
190 1 147451
32 0 147619
32 1 147667
16 0 149323
16 0 149823
16 0 149857
16 0 149890
16 0 149923
16 0 149956
16 0 149989
16 0 150022
16 0 150054
16 0 150087
16 0 150121
16 0 150155
16 0 150186
16 0 150220
16 0 150253
16 0 150286
16 0 150319
16 0 150351
16 0 150385
16 0 150417
80 0 150427
80 1 150491
16 1 150556
76 0 150611
76 1 150675
79 0 150779
79 1 150843
65 0 151107
65 1 151192
73 0 151403
73 1 151467
65 0 151515
65 1 151571
32 0 151635
32 1 151699
73 0 151883
73 1 151947
77 0 152051
77 1 152116
73 0 152195
73 1 152251
32 0 152356
32 1 152524
68 0 152524
65 0 152525
68 1 152547
65 1 152563
32 0 152564
32 1 152611
79 0 152948
79 1 153011
32 0 153148
32 1 153227
83 0 153259
83 1 153299
69 0 153387
69 1 153451
78 0 153475
78 1 153556
90 0 153667
65 0 153747
90 1 153795
65 1 153835
84 0 153971
84 1 154035
73 0 154059
73 1 154140
69 0 154140
69 1 154203
32 0 154268
32 1 154307
68 0 154371
69 0 154435
68 1 154459
32 0 154499
69 1 154547
32 1 154571
76 0 163932
76 1 164019
73 0 164148
73 1 164187
78 0 164531
78 1 164603
73 0 164707
83 0 164763
73 1 164795
83 1 164811
84 0 164915
69 0 165011
84 1 165035
69 1 165099
188 0 165147
188 1 165187
32 0 165323
32 1 165379
80 0 165571
80 1 165635
65 0 165635
65 1 165699
67 0 165771
69 0 165836
67 1 165859
69 1 165900
32 0 165900
32 1 165979
83 0 166051
83 1 166107
73 0 166131
73 1 166171
32 0 166291
32 1 166371
67 0 166403
65 0 166444
67 1 166458
65 1 166547
76 0 166547
76 1 166587
77 0 166691
77 1 166755
188 0 166884
188 1 166939
32 0 167067
32 1 167123
73 0 167275
73 1 167339
78 0 167443
78 1 167507
83 0 167676
65 0 167677
83 1 167701
65 1 167701
32 0 167701
32 1 167715
78 0 180180
78 1 180283
73 0 180307
73 1 180427
78 0 180643
78 1 180707
83 0 180827
83 1 180907
79 0 180931
79 1 180995
65 0 181011
65 1 181155
82 0 181179
69 0 181236
82 1 181267
69 1 181323
65 0 181387
65 1 181467
32 0 181555
32 1 181635
84 0 181755
82 0 181795
84 1 181835
82 1 181883
69 0 181987
69 1 182067
66 0 182427
66 1 182507
85 0 182651
85 1 182715
73 0 182795
73 1 182851
65 0 183507
65 1 183588
32 0 183659
32 1 183747
83 0 184532
65 0 184619
83 1 184644
65 1 184684
32 0 184684
32 1 184787
70 0 184907
73 0 184995
70 1 185019
73 1 185035
69 0 185099
69 1 185139
32 0 185203
32 1 185283
8 0 218012
8 0 218512
8 0 218544
8 0 218577
8 0 218610
8 0 218644
8 0 218676
8 0 218709
8 0 218741
8 0 218775
8 0 218808
8 0 218842
8 0 218874
8 0 218908
8 0 218941
8 0 218974
8 0 219006
8 0 219038
8 0 219072
8 0 219105
8 0 219139
8 0 219171
8 0 219204
8 0 219237
8 1 219251
8 0 219451
8 1 219484
78 0 221412
78 1 221500
69 0 221516
69 1 221580
65 0 221660
65 1 221716
85 0 221827
85 1 221908
65 0 222068
65 1 222109
32 0 222260
32 1 222299
8 0 225420
8 0 225920
8 1 225923
8 0 226052
8 1 226091
8 0 226196
8 1 226244
8 0 226348
8 1 226388
8 0 226483
8 1 226548
80 0 227028
80 1 227068
69 0 227132
69 1 227211
78 0 227260
78 1 227340
84 0 227340
82 0 227404
84 1 227444
85 0 227468
82 1 227492
85 1 227532
32 0 227668
32 1 227756
90 0 227955
90 1 228035
65 0 228132
65 1 228220
80 0 228243
80 1 228300
65 0 228324
65 1 228388
68 0 228452
68 1 228476
68 0 228500
68 1 228596
65 0 228628
65 1 228684
8 0 229180
8 1 229219
8 0 229308
8 1 229371
65 0 229404
65 1 229460
32 0 229548
32 1 229636
65 0 229796
65 1 229843
8 0 230164
8 1 230228
77 0 230396
77 1 230452
189 0 230604
65 0 230676
189 1 230691
65 1 230732
83 0 230820
83 1 230884
32 0 230932
32 1 231027
70 0 231044
70 1 231107
73 0 231148
73 1 231211
32 0 231372
32 1 231427
66 0 231739
66 1 231796
85 0 231980
85 1 232068
67 0 232132
65 0 232172
67 1 232204
85 0 232205
65 1 232219
85 1 232267
8 0 232868
8 1 232996
8 0 233172
8 1 233229
85 0 233380
82 0 233444
85 1 233467
65 0 233507
82 1 233532
65 1 233572
84 0 233636
84 1 233692
32 0 233693
32 1 233771
77 0 233867
77 1 233908
65 0 233932
65 1 233996
73 0 234019
73 1 234084
32 0 234196
32 1 234244
77 0 234316
77 1 234371
85 0 234483
85 1 234548
76 0 234660
76 1 234740
84 0 234764
84 1 234819
32 0 234852
32 1 234908
73 0 235036
73 1 235115
78 0 235212
78 1 235252
32 0 235316
32 1 235379
65 0 235420
65 1 235484
67 0 235604
67 1 235723
69 0 235747
69 1 235812
65 0 235980
65 1 236036
83 0 236148
83 1 236212
84 0 236324
84 1 236388
65 0 236452
32 0 236516
65 1 236539
32 1 236595
80 0 236764
69 0 236820
80 1 236844
69 1 236867
82 0 236916
82 1 236979
73 0 237060
73 1 237084
79 0 237172
65 0 237212
79 1 237236
65 1 237300
68 0 237340
68 1 237428
65 0 237429
65 1 237484
32 0 238300
32 1 238428
65 0 239236
65 1 239315
32 0 239364
32 1 239452
65 0 239476
65 1 239516
32 0 239571
32 1 239628
78 0 239763
78 1 239827
85 0 239923
85 1 240012
8 0 240323
8 1 240364
8 0 240444
8 1 240500
8 0 240588
8 1 240651
8 0 240675
8 1 240715
65 0 241084
65 1 241172
78 0 241196
78 1 241276
85 0 241420
85 1 241484
76 0 241612
76 1 241676
85 0 241811
85 1 241876
73 0 241956
73 1 242012
188 0 242116
188 1 242164
32 0 242276
32 1 242331
67 0 242332
67 1 242421
69 0 242421
69 1 242500
69 0 242708
69 1 242771
65 0 242940
65 1 242996
32 0 243092
32 1 243164
67 0 243187
69 0 243243
67 1 243267
32 0 243331
69 1 243355
32 1 243396
73 0 243524
73 1 243604
77 0 243691
77 1 243747
73 0 243804
73 1 243867
32 0 243963
32 1 244020
80 0 244140
80 1 244228
82 0 244252
82 1 244292
79 0 244315
79 1 244395
79 0 244524
79 1 244604
8 0 244859
8 1 244923
86 0 244980
86 1 245059
79 0 245084
79 1 245148
65 0 245308
65 1 245388
67 0 245524
67 1 245604
69 0 245604
69 1 245708
32 0 245709
32 1 245876
85 0 245924
85 1 245988
78 0 246083
78 1 246124
32 0 246187
32 1 246251
83 0 246276
83 1 246339
69 0 246412
69 1 246475
78 0 246499
78 1 246564
84 0 246587
84 1 246668
73 0 246668
73 1 246747
77 0 246867
77 1 246931
69 0 247412
78 0 247580
69 1 247604
78 1 247604
84 0 247620
84 1 247708
32 0 247708
32 1 247788
68 0 247907
68 1 248013
69 0 248013
69 1 248059
32 0 248116
32 1 248196
84 0 248308
82 0 248363
84 1 248387
73 0 248428
82 1 248451
73 1 248516
83 0 248564
83 1 248652
84 0 248756
84 1 248812
69 0 248812
69 1 248900
84 0 249004
69 0 249044
84 1 249068
69 1 249108
190 0 249196
190 1 249252
32 0 249524
32 1 249588
16 0 249636
68 0 249739
16 1 249804
68 1 249804
73 0 249835
73 1 249892
32 0 250139
32 1 250179
8 0 250524
8 1 250587
78 0 250748
78 1 250811
32 0 250892
32 1 250980
80 0 251084
65 0 251123
80 1 251171
65 1 251195
67 0 251219
67 1 251324
65 0 251324
65 1 251403
84 0 251532
69 0 251571
84 1 251595
69 1 251676
32 0 251700
32 1 251796
80 0 251948
80 1 252012
76 0 252100
76 1 252155
79 0 252244
79 1 252308
65 0 252540
65 1 252620
8 0 252908
8 1 252964
85 0 253124
85 1 253181
65 0 253181
65 1 253284
8 0 253460
8 1 253525
8 0 253620
8 1 253684
8 0 253756
8 1 253819
8 0 253900
8 1 254004
8 0 254084
8 1 254124
8 0 254300
8 1 254339
32 0 254691
32 1 254748
65 0 254804
65 1 254868
67 0 254908
67 1 254996
69 0 255019
69 1 255099
65 0 255195
65 1 255275
83 0 255363
83 1 255444
84 0 255540
84 1 255620
65 0 255644
65 1 255748
32 0 255836
32 1 255923
69 0 256140
69 1 256179
83 0 256332
83 1 256355
84 0 256459
84 1 256539
69 0 256908
69 1 256988
32 0 257068
68 0 257092
32 1 257116
69 0 257196
68 1 257220
69 1 257284
74 0 257324
74 1 257412
65 0 257412
65 1 257467
32 0 257524
32 1 257612
68 0 257636
68 1 257715
8 0 257995
8 1 258051
65 0 258132
65 1 258211
32 0 258236
32 1 258316
55 0 258772
55 1 258859
65 0 259251
65 1 259332
8 0 259972
8 1 260059
189 0 260156
189 1 260212
65 0 260236
65 1 260316
32 0 260556
32 1 260604
90 0 260827
90 1 260907
73 0 260931
73 1 260972
32 0 261148
32 1 261212
68 0 261213
69 0 261275
68 1 261300
69 1 261379
32 0 261403
32 1 261468
67 0 261468
67 1 261548
65 0 261548
65 1 261628
78 0 261628
78 1 261692
68 0 261740
68 1 261819
32 0 261859
32 1 261924
80 0 262092
80 1 262156
76 0 262243
76 1 262308
79 0 262404
79 1 262468
85 0 262651
85 1 262716
65 0 262771
65 1 262852
190 0 270692
190 1 270748
32 0 270772
32 1 270852
16 0 282852
86 0 282932
86 1 282972
16 1 283004
82 0 283251
82 1 283332
69 0 283468
69 1 283524
77 0 283788
77 1 283868
69 0 283868
69 1 283932
65 0 284068
65 1 284116
32 0 284139
32 1 284203
80 0 284363
80 1 284436
69 0 284436
69 1 284476
82 0 284523
82 1 284603
70 0 284707
69 0 284795
70 1 284819
69 1 284883
67 0 284971
67 1 285036
84 0 285163
84 1 285203
65 0 285316
65 1 285404
32 0 285428
32 1 285467
80 0 285595
80 1 285659
69 0 285691
69 1 285747
78 0 285811
78 1 285867
84 0 285899
82 0 285955
84 1 285979
85 0 286019
82 1 286043
85 1 286083
32 0 286180
32 1 286259
77 0 286347
77 1 286387
73 0 286492
73 1 286531
78 0 286660
78 1 286715
69 0 286716
69 1 286780
32 0 286811
32 1 286867
69 0 286891
69 1 286931
83 0 287027
83 1 287091
84 0 287164
69 0 287220
84 1 287243
32 0 287283
69 1 287316
32 1 287355
67 0 287428
67 1 287451
65 0 287476
65 1 287532
76 0 287563
76 1 287603
68 0 287684
68 1 287764
85 0 287787
85 1 287844
82 0 287939
82 1 288027
65 0 288027
65 1 288091
188 0 288380
188 1 288444
32 0 288603
32 1 288684
83 0 294996
83 1 295092
73 0 295092
73 1 295236
77 0 295260
77 1 295339
84 0 295395
84 1 295460
73 0 295492
73 1 295547
78 0 295651
78 1 295715
68 0 295731
68 1 295804
32 0 295820
32 1 295883
82 0 295939
82 1 296020
65 0 296020
65 1 296108
90 0 296228
90 1 296307
69 0 296419
69 1 296500
76 0 296500
76 1 296539
69 0 296627
69 1 296651
32 0 296699
32 1 296755
82 0 296803
82 1 296843
8 0 297148
8 1 297196
83 0 297252
83 1 297331
79 0 297355
65 0 297396
79 1 297419
65 1 297483
82 0 297540
69 0 297619
82 1 297643
69 1 297700
76 0 297852
76 1 297892
85 0 298036
85 1 298092
73 0 298180
73 1 298219
32 0 301451
32 1 301532
80 0 302292
80 1 302355
69 0 302428
69 1 302492
32 0 302532
32 1 302595
80 0 302724
80 1 302803
73 0 302899
73 1 302963
69 0 302988
69 1 303051
76 0 303091
76 1 303115
69 0 303156
69 1 303220
188 0 303860
188 1 303924
32 0 305564
32 1 305619
73 0 311212
73 1 311292
32 0 311787
32 1 311867
8 0 312156
8 1 312196
8 0 312291
8 1 312347
79 0 312859
79 1 312900
32 0 313148
32 1 313228
65 0 313292
65 1 313379
68 0 313444
73 0 313467
68 1 313507
73 1 313556
69 0 313700
69 1 313764
82 0 313836
69 0 313900
82 1 313923
69 1 313980
32 0 313980
32 1 314068
68 0 314068
69 0 314172
68 1 314211
69 1 314292
32 0 314292
32 1 314315
67 0 314371
67 1 314435
8 0 314755
8 1 314795
86 0 314844
86 1 314883
65 0 314940
65 1 315003
78 0 315044
78 1 315116
84 0 315116
84 1 315212
32 0 315235
32 1 315323
67 0 326980
67 1 327060
65 0 327171
65 1 327260
32 0 327412
32 1 327492
83 0 327596
65 0 327620
83 1 327644
65 1 327700
32 0 327740
32 1 327827
78 0 328107
85 0 328211
78 1 328259
85 1 328299
32 0 328411
32 1 328491
70 0 328548
70 1 328603
73 0 328644
73 1 328819
69 0 329092
69 1 329156
8 0 330796
8 0 331296
8 0 331329
8 0 331361
8 0 331395
8 0 331428
8 0 331460
8 0 331493
8 0 331527
8 0 331559
8 0 331593
8 0 331626
8 0 331659
8 0 331691
8 1 331723
84 0 342780
84 1 342844
8 0 346580
8 0 347081
8 0 347114
8 0 347146
8 0 347179
8 0 347213
8 0 347245
8 0 347279
8 0 347312
8 0 347345
8 0 347378
8 0 347410
8 0 347444
8 0 347477
8 0 347509
8 0 347543
8 1 347572
8 0 347700
8 1 347740
8 0 347868
8 1 347908
32 0 348188
32 1 348268
67 0 349276
67 1 349341
85 0 349341
85 1 349404
32 0 349524
32 1 349588
79 0 349772
79 1 349836
8 0 350164
8 1 350244
8 0 350292
8 1 350332
8 0 350476
8 1 350516
83 0 350716
83 1 350780
73 0 350804
73 1 350844
8 0 351076
8 1 351124
8 0 351188
8 1 351244
8 0 351372
8 1 351540
83 0 351652
73 0 351732
83 1 351764
73 1 351804
32 0 351924
32 1 351980
79 0 352132
79 1 352157
32 0 352268
65 0 352308
32 1 352348
65 1 352348
68 0 352404
68 1 352468
73 0 352469
73 1 352556
69 0 352580
69 1 352636
82 0 352724
69 0 352788
82 1 352812
69 1 352868
32 0 352908
32 1 352972
68 0 352972
69 0 353060
68 1 353084
69 1 353140
32 0 353140
32 1 353212
86 0 353228
86 1 353292
65 0 353380
65 1 353444
78 0 353468
78 1 353548
84 0 353572
84 1 353628
32 0 353676
32 1 353924
80 0 358500
80 1 358564
69 0 358628
69 1 358684
78 0 358740
78 1 358828
84 0 358868
82 0 358916
84 1 358956
85 0 358980
82 1 359020
85 1 359100
32 0 359220
32 1 359300
32 0 359452
32 1 359516
8 0 359884
8 1 359924
65 0 360868
65 1 360948
32 0 360972
32 1 361076
78 0 364356
78 1 364444
85 0 364468
85 1 364548
32 0 365004
32 1 365084
70 0 365612
73 0 365668
70 1 365700
73 1 365756
32 0 366780
32 1 366868
80 0 367156
80 1 367220
82 0 367300
69 0 367340
82 1 367364
69 1 367428
65 0 367540
65 1 367636
8 0 368540
8 1 368644
8 0 368740
8 1 368820
8 0 368868
8 1 368972
8 0 369284
8 1 369364
8 0 369452
8 1 369500
8 0 369572
8 1 369636
8 0 369972
8 1 370012
8 0 370396
8 1 370460
8 0 370612
8 1 370668
8 0 370764
8 1 370820
80 0 371589
80 1 371668
85 0 371908
85 1 371964
84 0 372028
69 0 372068
84 1 372100
69 1 372140
65 0 372228
65 1 372309
32 0 372309
32 1 372373
77 0 374324
77 1 374404
69 0 374556
69 1 374579
82 0 374580
82 1 374604
71 0 374716
69 0 374780
71 1 374804
69 1 374868
32 0 374892
32 1 374932
76 0 375084
76 1 375140
65 0 375228
65 1 375252
32 0 375276
32 1 375340
79 0 375484
79 1 375540
32 0 375676
32 1 375756
80 0 375900
80 1 375964
76 0 376044
76 1 376100
79 0 376276
79 1 376300
8 0 376740
8 1 376779
8 0 377164
8 1 377364
8 0 377396
8 1 377476
8 0 377580
8 1 377636
8 0 377708
8 1 377748
80 0 378092
80 1 378172
76 0 378268
76 1 378332
73 0 378444
73 1 378508
77 0 378612
77 1 378676
66 0 378788
65 0 378868
66 1 378893
65 1 378893
82 0 378940
69 0 379028
82 1 379051
32 0 379068
69 1 379091
32 1 379156
8 0 382876
8 0 383376
8 0 383410
8 0 383442
8 0 383476
8 1 383492
8 0 383604
8 1 383660
8 0 383764
8 1 383804
8 0 383908
8 1 383948
8 0 384044
8 1 384108
79 0 384548
79 1 384612
32 0 384780
32 1 384860
80 0 384916
80 1 384980
76 0 385068
76 1 385116
73 0 385212
73 1 385268
77 0 385380
77 1 385420
66 0 385524
65 0 385580
66 1 385612
65 1 385628
82 0 385676
69 0 385748
82 1 385764
32 0 385788
69 1 385812
32 1 385867
8 0 386604
8 1 386716
190 0 390340
190 1 390396
8 0 390764
8 1 390844
32 0 390988
32 1 391084
80 0 391300
80 1 391380
82 0 391428
82 1 391509
73 0 391509
73 1 391572
8 0 391980
8 1 392044
8 0 392164
8 1 392204
82 0 392732
73 0 392852
82 1 392876
73 1 392916
78 0 393061
78 1 393140
32 0 393236
32 1 393316
8 0 393700
8 1 393748
8 0 393868
8 1 393956
8 0 394020
8 1 394076
8 0 394156
8 1 394212
8 0 394292
8 1 394356
8 0 394748
8 1 394836
190 0 395405
190 1 395484
16 0 399804
77 0 400092
77 1 400172
16 1 400188
65 0 400340
32 0 400404
65 1 400428
32 1 400484
84 0 400548
84 1 400652
82 0 400812
82 1 400892
69 0 400916
69 1 400980
90 0 401172
90 1 401332
69 0 401444
69 1 401524
83 0 401764
83 1 401828
67 0 402004
67 1 402068
8 0 407332
8 0 407832
8 0 407865
8 0 407898
8 1 407924
8 0 408051
8 1 408115
8 0 408220
8 1 408267
8 0 408348
8 1 408395
8 0 408475
8 1 408539
8 0 408620
8 1 408660
8 0 408908
8 1 408955
16 0 411212
73 0 411267
73 1 411331
16 1 411355
78 0 411460
78 1 411539
84 0 411603
82 0 411667
84 1 411707
82 1 411771
189 0 412132
189 1 412188
79 0 412363
79 1 412404
32 0 412564
32 1 412651
90 0 412700
90 1 412788
73 0 412788
73 1 412851
32 0 412956
32 1 413035
73 0 413468
73 1 413531
68 0 413564
69 0 413619
68 1 413667
69 1 413707
65 0 413764
76 0 413765
76 1 413835
65 1 413860
65 0 413964
65 1 414027
32 0 414627
32 1 414707
77 0 414884
77 1 414980
65 0 414980
65 1 415108
32 0 415500
32 1 415604
84 0 415715
82 0 415780
84 1 415827
82 1 415867
69 0 415956
69 1 416059
90 0 416260
90 1 416339
69 0 416436
69 1 416500
83 0 416699
83 1 416755
67 0 416844
67 1 416923
32 0 416980
32 1 417043
76 0 417196
76 1 417259
65 0 417283
65 1 417347
32 0 417388
32 1 417452
82 0 417643
65 0 417708
82 1 417724
65 1 417787
8 0 417980
8 1 418068
8 0 418195
8 1 418260
79 0 418436
80 0 418437
79 1 418476
80 1 418476
82 0 418515
65 0 418555
82 1 418587
65 1 418627
8 0 418924
8 1 418988
8 0 419076
8 1 419100
8 0 419212
8 1 419236
82 0 419419
82 1 419484
65 0 419716
65 1 419771
32 0 419795
32 1 419883
49 0 420331
49 1 420387
50 0 420611
50 1 420700
8 0 421164
8 1 421180
8 0 421284
8 1 421323
49 0 422164
49 1 422219
48 0 422268
48 1 422347
16 0 422811
16 0 423312
16 0 423345
16 0 423378
16 0 423411
186 0 423419
186 1 423508
16 1 423564
48 0 423763
48 1 423804
48 0 423875
48 1 423964
188 0 427716
188 1 427779
32 0 427924
32 1 428004
70 0 428028
70 1 428108
65 0 428108
65 1 428155
8 0 428764
8 1 428804
8 0 428876
8 1 428931
73 0 429140
73 1 429204
77 0 429300
77 1 429380
73 0 429452
73 1 429524
32 0 429612
32 1 429692
70 0 429723
65 0 429763
70 1 429787
65 1 429827
67 0 429900
67 1 429964
32 0 429988
32 1 430068
85 0 430204
85 1 430267
78 0 430356
78 1 430420
32 0 430484
32 1 430548
8 0 430908
8 1 430971
8 0 431092
8 1 431132
8 0 431244
8 1 431299
77 0 431900
77 1 431964
8 0 432740
8 1 432779
8 0 433036
8 1 433099
8 0 433388
8 1 433451
8 0 433532
8 1 433595
8 0 433692
8 1 433755
80 0 434060
80 1 434115
82 0 434140
69 0 434228
82 1 434252
69 1 434292
71 0 434364
71 1 434419
65 0 434531
65 1 434611
84 0 434699
69 0 434771
84 1 434795
69 1 434836
83 0 434932
83 1 434971
67 0 435043
67 1 435147
32 0 435171
32 1 435211
77 0 435315
77 1 435363
73 0 435451
73 1 435531
67 0 435555
85 0 435619
67 1 435636
85 1 435700
76 0 435819
76 1 435972
32 0 435995
32 1 436059
68 0 436099
69 0 436148
68 1 436187
74 0 436211
69 1 436227
74 1 436316
85 0 436404
85 1 436484
78 0 436555
78 1 436636
8 0 443876
8 0 444376
8 0 444408
8 0 444442
8 0 444474
8 0 444507
8 0 444540
8 0 444573
8 0 444606
8 0 444639
8 0 444672
8 0 444705
8 0 444739
8 0 444771
8 0 444804
8 0 444838
8 0 444870
8 0 444903
8 0 444936
8 0 444969
8 0 445002
8 1 445003
8 0 445132
8 1 445211
8 0 445276
8 1 445380
8 0 445444
8 1 445500
8 0 445523
8 1 445676
8 0 445739
8 1 445787
8 0 446035
8 1 446099
190 0 446620
190 1 446659
32 0 446787
32 1 446852
16 0 446876
16 1 446971
80 0 446996
80 1 447044
82 0 447132
82 1 447195
73 0 447220
73 1 447259
77 0 447364
77 1 447428
8 0 447724
8 1 447747
8 0 447835
8 1 447899
8 0 448012
8 1 448075
8 0 448147
8 1 448196
16 0 448268
80 0 448372
16 1 448419
80 1 448443
82 0 448595
82 1 448675
73 0 448748
73 1 448771
77 0 448875
77 1 448940
85 0 449044
85 1 449108
76 0 449235
76 1 449275
32 0 449395
32 1 449451
76 0 449563
76 1 449604
85 0 449716
85 1 449803
67 0 449828
67 1 449852
82 0 449947
82 1 450011
85 0 450028
85 1 450100
32 0 450203
32 1 450261
69 0 450261
69 1 450332
83 0 450428
83 1 450468
84 0 450563
69 0 450619
84 1 450643
69 1 450684
32 0 450707
32 1 450771
83 0 450819
65 0 450899
83 1 450932
32 0 450947
65 1 450971
32 1 451012
73 0 451164
73 1 451227
77 0 451324
77 1 451380
73 0 451452
73 1 451491
32 0 451595
32 1 451668
80 0 451779
82 0 451820
80 1 451844
69 0 451884
82 1 451916
69 1 451955
71 0 452060
71 1 452099
65 0 452204
65 1 452283
84 0 452419
69 0 452484
84 1 452507
69 1 452547
83 0 452659
83 1 452716
67 0 452812
67 1 452900
32 0 452900
32 1 452979
77 0 453043
77 1 453107
73 0 453196
73 1 453251
67 0 453275
67 1 453356
85 0 453356
85 1 453420
76 0 453548
76 1 453612
32 0 453739
32 1 453819
68 0 453867
69 0 453908
68 1 453971
69 1 454003
74 0 454004
74 1 454084
85 0 454260
85 1 454339
78 0 454467
78 1 454507
188 0 454708
188 1 454748
32 0 454860
32 1 454939
83 0 456811
65 0 456852
83 1 456883
65 1 456923
32 0 457075
32 1 457155
73 0 457331
73 1 457388
77 0 457492
77 1 457556
73 0 457635
73 1 457699
32 0 457812
32 1 457892
70 0 457892
65 0 457956
70 1 457980
65 1 458043
67 0 458107
67 1 458171
32 0 458187
32 1 458259
8 0 458660
8 1 458763
8 0 458852
8 1 458915
8 0 459012
8 1 459075
8 0 459172
8 1 459228
8 0 459323
8 1 459387
8 0 459516
8 1 459555
8 0 459684
8 1 459747
8 0 459860
8 1 459900
8 0 460028
8 1 460091
8 0 460171
8 1 460228
8 0 460323
8 1 460499
8 0 460524
8 1 460563
8 0 460643
8 1 460707
32 0 461204
32 1 461268
83 0 461347
83 1 461427
73 0 461451
73 1 461507
32 0 461628
32 1 461683
83 0 461731
65 0 461772
83 1 461819
65 1 461836
32 0 461892
32 1 461955
77 0 462828
77 1 462907
65 0 462932
65 1 462995
78 0 463060
78 1 463115
65 0 463139
65 1 463204
78 0 463227
67 0 463292
78 1 463316
67 1 463379
188 0 463500
188 1 463564
32 0 463844
32 1 463899
68 0 463987
68 1 464044
85 0 464596
85 1 464635
80 0 464820
80 1 464876
65 0 464940
65 1 465019
32 0 465060
32 1 465148
67 0 465171
67 1 465251
65 0 465275
65 1 465339
82 0 465412
69 0 465491
82 1 465668
32 0 465668
69 1 465692
32 1 465692
83 0 465692
65 0 465756
83 1 465795
32 0 465819
65 1 465859
32 1 465900
73 0 466043
73 1 466107
77 0 466203
77 1 466259
73 0 466340
73 1 466419
32 0 466571
32 1 466596
70 0 466596
65 0 466652
70 1 466683
65 1 466724
67 0 466811
67 1 466868
32 0 466868
32 1 466931
79 0 467060
79 1 467124
32 0 467252
32 1 467331
67 0 467540
67 1 467661
65 0 467661
65 1 467748
70 0 467828
69 0 467908
70 1 467932
69 1 467996
65 0 468100
65 1 468156
32 0 468220
32 1 468284
83 0 468508
83 1 468564
73 0 468564
73 1 468652
32 0 468772
32 1 468836
83 0 474557
65 0 474596
83 1 474636
65 1 474676
32 0 474748
32 1 474828
73 0 474980
79 0 474981
79 1 475020
73 1 475052
8 0 475420
8 1 475484
8 0 475524
8 1 475588
79 0 475740
79 1 475796
32 0 476140
32 1 476204
83 0 476452
65 0 476499
83 1 476524
65 1 476604
86 0 477331
86 1 477412
85 0 477516
85 1 477580
90 0 477596
90 1 477660
82 0 477812
69 0 477892
82 1 477916
69 1 477940
90 0 478284
90 1 478348
190 0 478404
190 1 478468
8 0 478868
8 1 478932
8 0 479020
8 1 479060
8 0 479172
8 1 479236
8 0 479333
8 1 479404
8 0 479492
8 1 479548
82 0 479748
69 0 479812
82 1 479971
69 1 479971
90 0 480043
90 1 480140
190 0 480356
190 1 480412
32 0 480996
32 1 481036
16 0 511260
68 0 511340
16 1 511428
68 1 511428
85 0 511476
85 1 511532
80 0 511748
80 1 511812
65 0 511900
65 1 511916
32 0 512004
32 1 512084
67 0 512140
67 1 512204
65 0 512228
65 1 512268
82 0 512372
69 0 512420
82 1 512444
69 1 512484
32 0 512524
32 1 512588
83 0 512652
65 0 512676
83 1 512715
32 0 512764
65 1 512788
32 1 512827
73 0 512972
73 1 513052
69 0 513332
69 1 513396
83 0 513508
83 1 513564
32 0 513908
32 1 513988
67 0 514108
85 0 514147
67 1 514179
85 1 514236
32 0 514340
67 0 514420
32 1 514452
67 1 514492
65 0 514548
73 0 514603
65 1 514628
73 1 514667
78 0 514764
69 0 514820
78 1 514844
69 1 514884
76 0 514940
76 1 515012
69 0 515036
69 1 515092
32 0 515148
32 1 515212
76 0 515532
76 1 515596
65 0 515620
65 1 515700
32 0 516683
32 1 516772
79 0 516907
79 1 516972
32 0 517108
32 1 517196
80 0 517372
80 1 517428
76 0 517532
76 1 517572
73 0 517668
73 1 517732
77 0 517843
77 1 517900
66 0 518100
66 1 518180
65 0 518204
65 1 518268
82 0 518348
69 0 518404
82 1 518436
69 1 518492
32 0 518540
32 1 518580
73 0 518732
73 1 518811
78 0 519140
78 1 519292
32 0 519292
32 1 519364
80 0 519516
80 1 519572
65 0 519572
65 1 519636
82 0 519724
82 1 519747
67 0 519828
67 1 519908
32 0 528124
32 1 528212
85 0 528468
85 1 528548
78 0 528636
78 1 528716
68 0 528740
69 0 528804
68 1 528828
69 1 528868
32 0 528868
32 1 528956
83 0 529028
65 0 529067
83 1 529116
32 0 529140
65 1 529163
32 1 529204
77 0 529283
65 0 529325
77 1 529348
65 1 529412
32 0 529428
32 1 529492
73 0 529612
73 1 529668
78 0 529748
84 0 529819
78 1 529843
84 1 529860
65 0 529956
65 1 530052
76 0 530052
76 1 530116
78 0 530348
78 1 530404
69 0 530404
69 1 530443
83 0 530564
83 1 530604
67 0 530676
67 1 530756
32 0 530804
32 1 530843
67 0 530892
67 1 530939
85 0 530980
85 1 531044
32 0 531148
32 1 531211
80 0 531355
80 1 531516
82 0 531516
82 1 531540
73 0 531715
73 1 531780
69 0 532036
69 1 532116
84 0 532196
69 0 532372
84 1 532396
69 1 532396
78 0 532436
78 1 532508
65 0 532588
65 1 532652
77 0 532732
77 1 532797
69 0 532797
69 1 532860
65 0 532924
65 1 532980
32 0 533044
32 1 533108
8 0 550028
8 1 550068
8 0 550196
8 1 550260
8 0 550348
8 1 550428
8 0 550508
8 1 550564
32 0 550956
32 1 551019
77 0 551187
77 1 551243
69 0 551316
69 1 551372
65 0 551435
65 1 551500
32 0 551547
32 1 551604
83 0 551804
83 1 551884
73 0 551884
73 1 551972
32 0 552124
32 1 552164
83 0 552572
65 0 552636
83 1 552667
65 1 552724
32 0 552725
32 1 552827
77 0 552915
77 1 552996
65 0 553036
65 1 553099
78 0 553131
78 1 553212
67 0 553236
67 1 553316
65 0 553404
77 0 553444
65 1 553468
77 1 553484
32 0 553620
32 1 553700
79 0 553827
79 1 553892
32 0 554003
32 1 554068
73 0 554204
73 1 554260
78 0 554355
69 0 554443
78 1 554604
69 1 554604
8 0 555084
8 1 555171
71 0 555308
71 1 555389
72 0 555389
72 1 555452
69 0 555492
69 1 555556
84 0 555643
84 1 555684
65 0 555748
65 1 555804
84 0 555884
65 0 555940
84 1 555972
65 1 556012
190 0 556060
190 1 556116
32 0 557076
32 1 557115
8 0 565684
8 1 565740
8 0 565812
8 1 565892
188 0 566428
188 1 566516
8 0 566876
8 1 566940
190 0 567372
190 1 567452
32 0 567643
32 1 567724
16 0 568292
68 0 568348
16 1 568452
68 1 568621
85 0 568621
85 1 568644
80 0 568780
80 1 568836
65 0 568868
65 1 568924
32 0 568980
32 1 569059
65 0 569108
65 1 569195
67 0 569291
67 1 569348
69 0 569372
69 1 569436
65 0 569539
65 1 569619
83 0 569708
83 1 569764
84 0 569860
84 1 569923
65 0 569924
32 0 570028
65 1 570196
32 1 570196
83 0 570196
65 0 570219
83 1 570243
65 1 570284
32 0 570308
32 1 570364
77 0 570435
65 0 570500
77 1 570531
65 1 570572
32 0 570595
32 1 570651
73 0 570779
73 1 570836
78 0 570923
78 1 571011
84 0 571035
84 1 571116
79 0 571155
79 1 571195
82 0 571219
82 1 571243
67 0 571388
67 1 571451
32 0 571516
32 1 571572
65 0 571892
65 1 571971
67 0 572004
67 1 572060
65 0 572180
65 1 572260
83 0 572284
65 0 572364
83 1 572388
65 1 572412
32 0 572452
32 1 572523
67 0 572604
67 1 572660
85 0 572707
85 1 572772
32 0 572867
67 0 572931
32 1 572955
67 1 572996
65 0 573059
73 0 573204
65 1 573235
73 1 573236
78 0 573276
69 0 573316
78 1 573339
69 1 573395
76 0 573468
69 0 573508
76 1 573532
69 1 573548
32 0 573740
32 1 573779
8 0 574212
8 1 574259
188 0 575220
188 1 575268
8 0 575820
8 1 575844
188 0 576116
188 1 576172
32 0 576364
32 1 576404
8 0 579164
8 0 579664
8 0 579697
8 0 579730
8 0 579763
8 0 579797
8 0 579830
8 0 579862
8 1 579875
8 0 583444
8 1 583500
8 0 583636
8 1 583724
8 0 583836
8 1 583852
8 0 583988
8 1 584011
8 0 591581
8 1 591660
188 0 591844
188 1 591924
32 0 592068
32 1 592124
76 0 592244
76 1 592308
65 0 592332
65 1 592372
83 0 592412
83 1 592476
32 0 592532
32 1 592596
67 0 592644
67 1 592684
65 0 592740
65 1 592804
73 0 592828
73 1 592908
78 0 592988
78 1 593052
69 0 593052
69 1 593132
76 0 593180
69 0 593244
76 1 593268
69 1 593308
188 0 593356
188 1 593420
32 0 593532
32 1 593612
73 0 593716
73 1 593772
77 0 593860
77 1 593924
73 0 593996
73 1 594060
32 0 594148
32 1 594236
80 0 594364
80 1 594428
82 0 594468
69 0 594508
82 1 594540
69 1 594580
71 0 594684
71 1 594740
65 0 594836
65 1 594892
8 0 595044
8 0 595545
8 0 595577
8 0 595610
8 0 595644
8 0 595677
8 0 595709
8 0 595742
8 0 595775
8 0 595808
8 0 595841
8 0 595874
8 0 595907
8 0 595941
8 0 595974
8 0 596006
8 0 596039
8 0 596072
8 0 596106
8 0 596138
8 1 596156
8 0 596261
8 1 596324
8 0 596453
8 1 596492
8 0 610205
8 1 610284
8 0 610373
8 1 610453
32 0 611005
32 1 611108
85 0 611188
85 1 611252
78 0 611340
78 1 611420
68 0 611476
69 0 611516
68 1 611540
32 0 611564
69 1 611604
32 1 611628
73 0 611788
73 1 611844
77 0 611940
77 1 611996
73 0 612076
73 1 612132
32 0 612228
32 1 612292
80 0 612420
80 1 612484
82 0 612516
69 0 612557
82 1 612579
69 1 612620
71 0 612700
71 1 612748
65 0 612828
65 1 612892
84 0 612980
69 0 613044
84 1 613068
69 1 613108
83 0 613188
83 1 613252
84 0 613348
69 0 613389
84 1 613404
32 0 613468
69 1 613636
32 1 613637
80 0 614396
80 1 614477
73 0 614620
73 1 614700
8 0 614940
8 1 614996
82 0 615052
82 1 615109
73 0 615157
73 1 615213
69 0 615213
69 1 615300
84 0 615364
69 0 615428
84 1 615453
69 1 615492
78 0 615532
78 1 615677
65 0 615677
65 1 615748
32 0 615765
32 1 615844
67 0 615964
69 0 616028
67 1 616044
69 1 616116
86 0 616172
86 1 616252
8 0 616948
8 1 616988
8 0 617253
8 1 617308
8 0 617388
8 1 617445
85 0 617852
85 1 617933
78 0 618004
78 1 618092
32 0 618148
32 1 618212
80 0 618348
80 1 618428
82 0 618428
82 1 618492
65 0 618492
65 1 618556
78 0 618604
78 1 618660
18 0 618765
91 0 618765
18 1 618813
91 1 618813
32 0 618860
32 1 618900
8 0 619340
8 1 619404
8 0 619484
8 1 619540
78 0 620549
90 0 620605
78 1 620637
90 1 620652
188 0 625740
188 1 625804
32 0 625908
32 1 625988
68 0 626052
85 0 626093
68 1 626125
85 1 626164
80 0 626324
80 1 626364
65 0 626429
65 1 626517
32 0 626564
32 1 626629
67 0 626629
67 1 626692
65 0 626732
65 1 626804
82 0 626900
69 0 626956
82 1 626980
69 1 627020
32 0 627044
32 1 627132
83 0 627180
65 0 627220
83 1 627244
32 0 627284
65 1 627308
32 1 627348
77 0 627412
77 1 627476
65 0 627476
65 1 627556
32 0 627580
32 1 627660
68 0 627692
68 1 627748
85 0 627772
85 1 627836
67 0 627900
32 0 627956
67 1 627980
32 1 628020
76 0 637301
76 1 637364
65 0 637405
32 0 637493
65 1 637516
32 1 637556
85 0 637676
85 1 637756
78 0 637828
78 1 637892
32 0 637964
32 1 638004
65 0 638052
65 1 638133
78 0 638133
78 1 638212
84 0 638236
84 1 638340
82 0 638412
82 1 638492
69 0 638580
69 1 638676
78 0 638884
78 1 638964
65 0 639004
65 1 639068
77 0 639092
77 1 639252
69 0 639252
69 1 639340
78 0 639340
78 1 639396
84 0 639444
84 1 639524
32 0 639548
32 1 639612
8 0 640581
8 0 641081
8 0 641113
8 0 641145
8 0 641179
8 0 641211
8 0 641245
8 0 641278
8 0 641310
8 0 641344
8 0 641377
8 0 641410
8 0 641443
8 0 641476
8 0 641509
8 1 641516
8 0 641636
8 1 641709
32 0 642077
32 1 642157
65 0 642213
65 1 642308
78 0 642309
78 1 642372
84 0 642429
82 0 642516
84 1 642541
82 1 642596
69 0 642725
69 1 642804
78 0 642917
78 1 642997
65 0 643045
65 1 643100
77 0 643124
77 1 643261
69 0 643261
69 1 643348
78 0 643372
78 1 643429
84 0 643429
84 1 643516
32 0 643781
32 1 643844
73 0 644012
73 1 644052
78 0 644220
78 1 644276
32 0 644340
32 1 644412
83 0 644460
65 0 644500
83 1 644524
76 0 644564
65 1 644588
76 1 644612
65 0 644684
65 1 644740
32 0 644884
32 1 644916
68 0 645108
69 0 645148
68 1 645172
32 0 645212
69 1 645260
32 1 645284
8 0 646036
8 1 646460
8 0 646765
8 0 647264
8 0 647297
8 0 647331
8 0 647363
8 0 647396
8 0 647430
8 1 647452
8 0 647620
8 1 647700
8 0 647892
8 1 647973
8 0 648100
8 1 648181
8 0 652868
8 0 653368
8 0 653402
8 0 653434
8 0 653467
8 0 653500
8 0 653533
8 0 653566
8 0 653599
8 0 653632
8 0 653665
8 0 653698
8 1 653708
8 0 653836
8 1 653916
8 0 654004
8 1 654044
8 0 654132
8 1 654195
83 0 654284
65 0 654332
83 1 654372
65 1 654412
32 0 654468
32 1 654548
65 0 654652
65 1 654768
8 0 655188
8 1 655211
77 0 655395
77 1 655460
65 0 655524
32 0 655564
65 1 655587
32 1 655652
65 0 655708
65 1 655772
78 0 655796
78 1 655859
84 0 655964
84 1 656028
82 0 656132
82 1 656212
69 0 656260
69 1 656340
78 0 656484
78 1 656508
69 0 656508
69 1 656588
90 0 656724
90 1 656827
8 0 659468
8 0 659968
8 0 660002
8 0 660035
8 0 660067
8 0 660100
8 0 660133
8 0 660167
8 0 660200
8 0 660233
8 0 660266
8 0 660298
8 1 660323
8 0 660460
8 1 660500
8 0 660587
8 1 660651
76 0 660876
76 1 660956
65 0 661004
65 1 661092
32 0 661115
32 1 661179
73 0 661484
73 1 661539
78 0 661772
78 1 661812
78 0 661900
78 1 661963
79 0 662108
79 1 662148
84 0 662196
84 1 662252
32 0 662300
32 1 662340
8 0 688364
8 1 688412
190 0 688652
190 1 688716
32 0 689084
32 1 689148
16 0 689924
83 0 690252
83 1 690308
16 1 690340
69 0 690604
69 1 690684
65 0 690788
65 1 690868
82 0 690964
65 0 691012
82 1 691035
65 1 691076
32 0 691149
32 1 691211
65 0 696404
65 1 696468
83 0 696548
83 1 696612
32 0 696764
32 1 696844
8 0 697307
8 1 697380
8 0 697476
8 1 697515
8 0 697644
8 1 697683
65 0 697908
65 1 697956
83 0 698036
83 1 698116
32 0 698140
32 1 698188
77 0 698284
69 0 698348
77 1 698372
69 1 698412
82 0 698460
82 1 698524
71 0 698612
71 1 698692
69 0 698732
69 1 698819
8 0 699084
8 1 699140
8 0 699396
8 1 699444
71 0 699860
71 1 699948
69 0 700004
69 1 700092
32 0 700092
32 1 700172
73 0 700284
73 1 700356
78 0 700436
78 1 700507
32 0 700572
32 1 700627
79 0 700748
82 0 700788
79 1 700819
65 0 700860
82 1 700887
65 1 700939
32 0 701099
32 1 701156
8 0 701476
8 1 701531
83 0 701580
83 1 701676
32 0 701708
32 1 701748
67 0 705020
67 1 705092
85 0 705132
85 1 705188
32 0 705332
32 1 705420
71 0 705940
82 0 706044
71 1 706067
82 1 706108
8 0 706395
8 1 706451
8 0 706531
8 1 706571
79 0 706700
80 0 706701
79 1 706765
80 1 706765
82 0 706828
82 1 706892
8 0 707140
8 1 707204
8 0 707268
8 1 707332
8 0 707396
8 1 707436
80 0 707908
80 1 707964
82 0 708011
82 1 708068
73 0 708108
73 1 708156
69 0 708172
69 1 708236
84 0 708315
69 0 708355
84 1 708379
69 1 708419
78 0 708620
78 1 708684
65 0 708708
65 1 708788
32 0 708812
32 1 708892
83 0 708956
83 1 709036
73 0 709291
73 1 709364
32 0 709475
32 1 709539
71 0 709563
82 0 709611
71 1 709651
85 0 709676
82 1 709716
85 1 709740
80 0 709892
80 1 709948
85 0 710092
85 1 710155
76 0 710283
76 1 710347
32 0 710468
32 1 710531
68 0 710580
69 0 710619
68 1 710660
32 0 710660
69 1 710724
32 1 710724
80 0 710884
80 1 710963
82 0 711028
73 0 711068
82 1 711107
73 1 711148
69 0 711180
69 1 711235
84 0 711307
69 0 711359
84 1 711395
69 1 711459
78 0 711499
78 1 711563
73 0 711676
73 1 711764
32 0 712884
32 1 712948
65 0 739989
65 1 740068
80 0 740132
80 1 740196
82 0 740212
82 1 740349
79 0 740349
79 1 740412
80 0 740516
80 1 740556
73 0 740692
73 1 740756
65 0 740780
65 1 740837
84 0 742140
84 1 742180
73 0 742220
73 1 742284
32 0 742428
32 1 742492
76 0 742868
76 1 742924
65 0 743020
65 1 743036
32 0 743060
32 1 743140
67 0 743196
67 1 743276
73 0 743276
73 1 743332
78 0 743444
78 1 743508
65 0 743532
65 1 743572
32 0 743628
32 1 743668
8 0 756620
8 1 756684
39 0 757172
39 1 757236
57 0 758060
57 1 758116
39 0 761348
39 1 761428
39 0 761692
39 1 761812
39 0 762196
39 1 762300
37 0 770588
37 1 770644
190 0 772372
190 1 772461
16 0 882020
68 0 882100
16 1 882163
68 1 882204
85 0 882235
85 1 882276
80 0 882436
80 1 882500
65 0 882556
65 1 882613
32 0 882613
32 1 882700
80 0 882835
80 1 882892
65 0 882892
65 1 882956
82 0 883028
69 0 883108
82 1 883132
69 1 883171
82 0 883252
69 0 883340
82 1 883355
69 1 883404
65 0 883460
65 1 883516
32 0 883603
32 1 883627
77 0 883771
77 1 883812
69 0 883843
69 1 883900
65 0 884036
65 1 884116
32 0 884164
32 1 884187
83 0 897492
83 1 897595
73 0 897636
73 1 897780
83 0 897780
83 1 897804
84 0 898004
69 0 898084
84 1 898108
69 1 898172
77 0 898188
77 1 898252
85 0 898356
85 1 898436
76 0 898548
76 1 898612
32 0 898716
32 1 898805
69 0 898805
69 1 898884
68 0 898908
68 1 898972
85 0 898996
85 1 899060
67 0 899107
67 1 899172
65 0 899220
65 1 899276
84 0 899372
73 0 899435
84 1 899460
73 1 899499
79 0 899564
79 1 899716
78 0 899756
78 1 899819
65 0 899908
65 1 899964
76 0 899988
76 1 900068
32 0 900212
32 1 900259
73 0 900420
73 1 900500
78 0 900588
78 1 900628
32 0 900700
32 1 900764
90 0 900828
90 1 900907
79 0 900932
79 1 900996
69 0 901092
69 1 901156
78 0 901157
78 1 901243
8 0 901691
8 1 901731
8 0 901787
8 1 901827
78 0 902020
78 1 902075
69 0 902252
69 1 902276
76 0 902276
76 1 902292
69 0 902292
69 1 902380
32 0 902381
32 1 902459
68 0 902668
68 1 902755
73 0 902811
73 1 902868
78 0 902964
78 1 903028
32 0 903115
32 1 903172
67 0 903307
67 1 903371
65 0 903428
65 1 903484
82 0 903525
69 0 903588
82 1 903612
69 1 903693
32 0 903693
32 1 903756
70 0 903804
70 1 903885
65 0 903948
65 1 903972
67 0 904069
32 0 904156
67 1 904180
32 1 904220
80 0 904380
80 1 904428
8 0 904645
8 1 904684
69 0 904781
85 0 904868
69 1 904900
85 1 904941
32 0 905052
32 1 905116
80 0 905260
65 0 905317
80 1 905341
65 1 905364
82 0 905436
82 1 905492
84 0 905597
69 0 905636
84 1 905668
69 1 905725
8 0 909557
8 0 910057
8 0 910090
8 0 910123
8 0 910156
8 0 910190
8 0 910221
8 0 910255
8 0 910287
8 0 910321
8 0 910354
8 0 910386
8 0 910419
8 0 910453
8 0 910486
8 0 910519
8 0 910552
8 0 910585
8 0 910618
8 0 910651
8 0 910683
8 0 910717
8 0 910750
8 0 910783
8 0 910816
8 0 910849
8 0 910882
8 0 910915
8 0 910948
8 0 910981
8 1 910988
78 0 911916
78 1 912013
32 0 912100
32 1 912165
84 0 912316
84 1 912357
79 0 912588
79 1 912613
65 0 912613
65 1 912628
84 0 912628
84 1 912668
65 0 912668
65 1 912749
32 0 912836
32 1 912860
16 0 913021
82 0 913101
16 1 913189
82 1 913189
79 0 913228
79 1 913285
65 0 913388
65 1 913428
77 0 913484
77 1 913564
78 0 913676
78 1 913740
73 0 913813
65 0 913876
73 1 913900
65 1 913940
32 0 914021
32 1 914084
69 0 914172
69 1 914237
8 0 914516
8 1 914581
8 0 914700
8 1 914868
8 0 914892
8 1 914916
8 0 914956
8 1 915077
8 0 915140
8 1 915236
8 0 915332
8 1 915396
8 0 915564
8 1 915580
77 0 916516
77 1 916572
65 0 916620
78 0 916685
65 1 916708
78 1 916772
73 0 916861
73 1 916924
65 0 916949
65 1 917012
32 0 917061
32 1 917124
69 0 917252
69 1 917293
83 0 917389
83 1 917445
84 0 917532
69 0 917597
84 1 917620
32 0 917637
69 1 917676
32 1 917724
80 0 917852
80 1 917917
82 0 917940
69 0 917965
82 1 918133
69 1 918134
65 0 918134
32 0 918197
65 1 918244
32 1 918284
77 0 918429
77 1 918493
79 0 918572
79 1 918637
78 0 918756
78 1 918837
79 0 918948
79 1 919029
84 0 919029
84 1 919117
79 0 919141
79 1 919196
78 0 919356
78 1 919421
65 0 919469
65 1 919636
190 0 950829
190 1 950892
32 0 951180
32 1 951245
16 0 951844
68 0 951965
16 1 952045
68 1 952069
85 0 952069
85 1 952133
80 0 952269
80 1 952348
65 0 952372
65 1 952436
32 0 952477
32 1 952541
83 0 952541
83 1 952620
73 0 952668
83 0 952724
73 1 952756
83 1 952796
84 0 952877
82 0 952877
82 1 952941
87 0 952941
69 0 952942
84 1 952964
77 0 952989
87 1 953028
69 1 953028
77 1 953052
8 0 953381
8 1 953445
8 0 953508
8 1 953572
8 0 953661
8 1 953724
8 0 953781
8 1 953884
69 0 953941
69 1 953997
77 0 954069
77 1 954132
85 0 954252
85 1 954308
76 0 954444
76 1 954485
32 0 954597
32 1 954660
65 0 954684
65 1 954724
67 0 955028
67 1 955116
84 0 955213
84 1 955277
85 0 955308
85 1 955389
65 0 955389
65 1 955469
76 0 955549
76 1 955597
188 0 955724
188 1 955765
32 0 955893
32 1 955956
85 0 956068
85 1 956132
78 0 956237
78 1 956301
32 0 956357
32 1 956524
83 0 957332
83 1 957396
84 0 957501
84 1 957581
85 0 957581
85 1 957644
68 0 957764
69 0 957820
68 1 957844
78 0 957884
69 1 957932
78 1 957956
84 0 958004
84 1 958093
32 0 958093
32 1 958156
80 0 958316
80 1 958397
79 0 958452
65 0 958516
79 1 958540
65 1 958604
84 0 958652
69 0 958700
84 1 958717
32 0 958781
69 1 958868
32 1 958868
68 0 958869
69 0 958964
68 1 958988
69 1 959012
67 0 959076
67 1 959181
73 0 959213
73 1 959253
68 0 959372
69 0 959436
68 1 959461
69 1 959485
32 0 959509
32 1 959564
67 0 961013
67 1 961076
72 0 961109
72 1 961188
73 0 961285
65 0 961324
73 1 961373
65 1 961373
82 0 961421
82 1 961501
32 0 961501
32 1 961588
83 0 961612
83 1 961692
73 0 961716
73 1 961764
32 0 961868
32 1 961957
68 0 961996
68 1 962060
85 0 962100
85 1 962164
80 0 962301
80 1 962477
65 0 962477
65 1 962501
32 0 962501
32 1 962540
67 0 962588
67 1 962644
69 0 962708
69 1 962772
32 0 962828
32 1 962893
65 0 962893
65 1 962972
32 0 963020
32 1 963076
84 0 963100
69 0 963140
84 1 963164
69 1 963228
82 0 963284
77 0 963332
77 1 963372
82 1 963396
73 0 963460
73 1 963524
78 0 963604
65 0 963644
78 1 963668
65 1 963732
84 0 963804
84 1 963884
32 0 963908
32 1 963972
79 0 964116
79 1 964260
32 0 964300
70 0 964364
32 1 964388
70 1 964427
65 0 964467
65 1 964516
67 0 964588
85 0 964668
67 1 964692
85 1 964732
76 0 965516
76 1 965604
84 0 965812
84 1 965916
65 0 965964
65 1 966045
84 0 966045
69 0 966132
84 1 966172
32 0 966196
69 1 966220
32 1 966276
73 0 968068
73 1 968212
78 0 968244
78 1 968300
84 0 968932
82 0 969019
84 1 969036
82 1 969108
189 0 969404
189 1 969468
85 0 970028
85 1 970084
78 0 970212
78 1 970268
8 0 970660
8 1 970700
8 0 970812
8 1 970852
8 0 970980
8 1 971004
8 0 971124
8 1 971196
8 0 971276
8 1 971332
32 0 971532
32 1 971620
68 0 971788
68 1 971805
79 0 971805
79 1 971835
77 0 971892
77 1 971956
69 0 972036
69 1 972060
78 0 972076
78 1 972148
73 0 972260
73 1 972324
85 0 972372
85 1 972460
76 0 972580
76 1 972636
32 0 972748
32 1 972804
16 0 972868
73 0 973052
73 1 973116
84 0 973116
84 1 973196
16 1 973235
32 0 973796
32 1 973835
68 0 973884
69 0 973948
68 1 973972
69 1 974012
32 0 974012
32 1 974100
69 0 974100
69 1 974180
88 0 974300
88 1 974372
69 0 974508
69 1 974548
77 0 974612
77 1 974676
80 0 974860
80 1 974916
76 0 974987
76 1 975052
85 0 975164
85 1 975244
188 0 975380
188 1 975420
32 0 975516
32 1 975580
67 0 975636
67 1 975676
65 0 975884
65 1 975948
32 0 976060
32 1 976124
86 0 976164
86 1 976204
82 0 976340
69 0 976404
82 1 976428
69 1 976468
65 0 976572
65 1 976636
32 0 976724
83 0 976764
32 1 976788
65 0 976828
83 1 976860
65 1 976916
32 0 976956
32 1 977020
70 0 977204
70 1 977284
73 0 977316
69 0 977372
73 1 977396
69 1 977460
32 0 977524
32 1 977604
68 0 977636
68 1 977692
79 0 977732
79 1 977820
67 0 977836
67 1 977884
84 0 977996
84 1 978060
79 0 978116
82 0 978157
79 1 978180
82 1 978220
188 0 979451
188 1 979547
32 0 979668
32 1 979813
68 0 979813
69 0 979860
68 1 979884
69 1 979900
67 0 979972
73 0 980036
67 1 980076
73 1 980100
32 0 981107
32 1 981228
69 0 981252
69 1 981292
32 0 981332
32 1 981444
76 0 981564
76 1 981692
8 0 982028
8 1 982092
8 0 982196
8 1 982236
8 0 982316
8 1 982356
83 0 982388
83 1 982444
8 0 982900
8 1 982940
69 0 982988
69 1 983052
83 0 983156
83 1 983236
84 0 983324
69 0 983364
84 1 983404
32 0 983436
69 1 983476
32 1 983500
76 0 984260
76 1 984324
73 0 984404
73 1 984460
66 0 984604
69 0 984644
66 1 984668
69 1 984692
82 0 984732
32 0 984772
82 1 984795
32 1 984836
32 0 990380
32 1 990420
83 0 990588
83 1 990668
8 0 990924
8 1 990980
8 0 991068
8 1 991156
83 0 991172
65 0 991236
83 1 991284
65 1 991324
32 0 991364
32 1 991452
84 0 991556
69 0 991620
84 1 991644
69 1 991683
82 0 991748
82 1 991829
77 0 991829
77 1 991916
73 0 991996
73 1 992061
78 0 992156
69 0 992220
78 1 992244
69 1 992308
32 0 992332
32 1 992388
68 0 992412
68 1 992499
85 0 992540
85 1 992604
80 0 992828
80 1 992852
65 0 993484
65 1 993564
32 0 993780
32 1 993877
83 0 994012
83 1 994100
73 0 994124
73 1 994188
32 0 994324
32 1 994404
85 0 994612
85 1 994700
78 0 995340
78 1 995420
8 0 997492
8 1 997556
8 0 997620
8 1 997684
79 0 997828
79 1 997892
32 0 998036
32 1 998100
70 0 998100
70 1 998164
65 0 998228
65 1 998292
67 0 998388
67 1 998452
85 0 998499
85 1 998580
76 0 998708
76 1 998772
84 0 998860
84 1 998924
65 0 999116
65 1 999204
84 0 999276
69 0 999453
84 1 999477
69 1 999477
32 0 1000539
32 1 1000604
68 0 1000660
69 0 1000716
68 1 1000764
69 1 1000804
32 0 1000828
32 1 1000868
65 0 1000892
65 1 1000956
67 0 1001035
67 1 1001092
69 0 1001092
69 1 1001156
83 0 1001268
83 1 1001348
84 0 1001428
84 1 1001492
32 0 1001532
32 1 1001596
84 0 1001620
84 1 1001684
73 0 1001772
73 1 1001851
80 0 1002141
80 1 1002204
188 0 1002964
188 1 1003004
32 0 1003916
32 1 1003980
80 0 1004139
80 1 1004205
69 0 1004205
69 1 1004260
32 0 1004356
32 1 1004428
67 0 1004428
67 1 1004484
65 0 1004540
78 0 1004604
65 1 1004628
78 1 1004668
68 0 1004716
68 1 1004796
32 0 1004796
32 1 1004860
73 0 1005020
73 1 1005084
78 0 1005164
78 1 1005228
32 0 1005284
32 1 1005347
65 0 1005396
65 1 1005484
76 0 1005508
76 1 1005564
84 0 1005588
69 0 1005652
84 1 1005676
32 0 1005740
69 1 1005764
32 1 1005803
84 0 1005844
84 1 1005884
65 0 1006356
65 1 1006421
82 0 1006517
82 1 1006580
73 0 1006636
73 1 1006692
32 0 1007524
32 1 1007580
83 0 1026612
83 1 1026652
69 0 1026764
69 1 1026868
32 0 1026916
32 1 1026956
68 0 1027027
69 0 1027067
68 1 1027115
69 1 1027156
67 0 1027243
67 1 1027412
73 0 1027412
73 1 1027435
68 0 1027460
69 0 1027524
68 1 1027564
69 1 1027605
32 0 1027605
32 1 1027684
67 0 1027771
67 1 1027812
76 0 1027836
76 1 1027900
65 0 1027900
65 1 1027955
82 0 1028044
82 1 1028108
32 0 1028108
32 1 1028188
86 0 1028259
86 1 1028316
73 0 1028380
73 1 1028443
73 0 1028499
73 1 1028564
84 0 1028564
84 1 1028652
79 0 1028652
79 1 1028732
82 0 1028755
82 1 1028860
85 0 1028860
85 1 1028924
76 0 1029076
76 1 1029132
32 0 1029236
32 1 1029323
85 0 1029460
85 1 1029516
78 0 1029612
78 1 1029676
85 0 1029827
85 1 1029852
73 0 1029932
73 1 1029972
32 0 1030116
32 1 1030179
67 0 1030284
79 0 1030348
67 1 1030371
79 1 1030411
80 0 1030556
80 1 1030619
73 0 1030772
73 1 1030835
8 0 1031052
8 0 1031552
8 0 1031586
8 0 1031618
8 0 1031650
8 0 1031683
8 0 1031717
8 0 1031750
8 0 1031783
8 0 1031816
8 0 1031849
8 0 1031882
8 0 1031915
8 0 1031948
8 0 1031982
8 0 1032014
8 0 1032047
8 0 1032081
8 1 1032091
8 0 1032244
8 1 1032300
8 0 1032388
8 1 1032436
8 0 1032524
8 1 1032580
8 0 1032652
8 1 1032732
8 0 1032924
8 1 1033004
77 0 1033220
77 1 1033276
65 0 1033324
65 1 1033404
73 0 1033404
73 1 1033444
32 0 1033564
32 1 1033611
77 0 1033699
77 1 1033764
85 0 1033859
85 1 1033923
76 0 1034027
76 1 1034091
84 0 1034107
84 1 1034195
32 0 1034220
32 1 1034299
83 0 1034340
65 0 1034428
83 1 1034452
85 0 1034468
65 1 1034492
85 1 1034532
32 0 1034636
32 1 1034699
77 0 1034763
77 1 1034828
65 0 1034828
65 1 1034916
73 0 1034931
73 1 1034996
32 0 1035100
32 1 1035163
77 0 1035251
77 1 1035316
85 0 1035420
85 1 1035500
8 0 1035708
8 1 1035764
8 0 1035827
8 1 1035891
80 0 1036004
80 1 1036060
85 0 1036203
85 1 1036267
84 0 1036348
84 1 1036372
73 0 1036372
73 1 1036436
78 0 1036556
78 1 1036572
32 0 1036660
32 1 1036708
67 0 1036987
76 0 1037044
67 1 1037075
76 1 1037115
65 0 1037156
65 1 1037235
82 0 1037292
82 1 1037380
32 0 1037412
32 1 1037452
73 0 1037780
73 1 1037836
78 0 1037956
78 1 1038045
67 0 1038045
67 1 1038108
65 0 1038156
65 1 1038260
32 0 1038932
32 1 1038972
68 0 1039588
73 0 1039668
68 1 1039692
73 1 1039756
78 0 1039867
78 1 1039948
32 0 1040044
32 1 1040124
86 0 1040291
86 1 1040324
65 0 1040324
65 1 1040379
82 0 1040427
82 1 1040531
83 0 1040627
83 1 1040667
84 0 1041140
84 1 1041196
69 0 1041220
69 1 1041284
32 0 1042372
32 1 1042435
77 0 1042571
77 1 1042628
65 0 1043116
65 1 1043204
73 0 1043228
73 1 1043292
32 0 1043388
32 1 1043452
77 0 1043556
77 1 1043595
73 0 1043692
73 1 1043748
73 0 1043827
67 0 1043852
73 1 1043900
67 1 1043901
8 0 1044524
8 1 1044596
8 0 1044636
8 1 1044780
67 0 1044843
67 1 1044924
73 0 1044924
73 1 1044964
16 0 1045684
57 0 1045987
57 1 1046052
48 0 1046075
16 1 1046116
48 1 1046116
37 0 1046331
37 1 1046412
56 0 1047580
56 1 1047636
189 0 1048021
189 1 1048100
8 0 1048500
8 1 1048540
8 0 1048628
8 1 1048668
55 0 1049268
55 1 1049332
189 0 1049524
189 1 1049588
49 0 1049804
48 0 1049844
49 1 1049892
48 1 1049916
32 0 1050845
32 1 1050932
65 0 1050996
78 0 1051092
65 1 1051116
78 1 1051156
73 0 1051260
73 1 1051324
39 0 1051852
39 1 1051932
32 0 1052044
32 1 1052083
68 0 1052444
68 1 1052524
65 0 1052547
65 1 1052636
67 0 1052707
67 1 1052748
65 0 1052772
32 0 1052852
65 1 1052876
32 1 1052916
67 0 1052964
67 1 1053068
79 0 1053108
79 1 1053172
80 0 1053292
80 1 1053332
73 0 1053507
73 1 1053572
76 0 1053748
76 1 1053812
8 0 1054180
8 0 1054681
8 0 1054713
8 0 1054747
8 0 1054779
8 0 1054813
8 1 1054843
8 0 1055004
8 1 1055044
8 0 1055148
8 1 1055212
8 0 1055283
8 1 1055324
8 0 1055396
8 1 1055436
37 0 1078236
37 1 1078700
38 0 1079068
38 1 1079148
39 0 1079916
39 0 1080416
39 0 1080450
39 0 1080482
39 0 1080515
39 0 1080549
39 0 1080582
39 0 1080614
39 0 1080647
39 0 1080681
39 0 1080713
39 0 1080746
39 0 1080780
39 1 1080796
37 0 1082876
37 1 1082956
37 0 1083076
37 1 1083140
39 0 1083436
39 1 1083508
39 0 1083819
39 1 1083924
40 0 1085636
40 1 1085780
68 0 1087444
68 1 1087500
65 0 1087803
65 1 1087884
67 0 1087956
67 1 1088020
65 0 1088068
65 1 1088132
32 0 1088156
32 1 1088196
65 0 1088235
65 1 1088284
67 0 1088348
67 1 1088420
69 0 1088420
76 0 1088459
69 1 1088500
76 1 1088523
32 0 1088651
32 1 1088731
67 0 1088755
67 1 1088843
79 0 1088859
79 1 1088947
80 0 1089043
80 1 1089099
73 0 1089211
73 1 1089267
76 0 1089371
76 1 1089435
32 0 1089548
32 1 1089603
86 0 1089683
86 1 1089739
65 0 1089827
65 1 1089908
32 0 1089908
32 1 1089987
70 0 1090035
70 1 1090099
73 0 1090123
73 1 1090179
32 0 1090299
65 0 1090339
32 1 1090371
65 1 1090427
82 0 1090491
82 1 1090547
84 0 1090643
84 1 1090723
73 0 1090771
73 1 1090835
83 0 1090875
83 1 1090940
84 0 1091035
84 1 1091107
188 0 1091107
188 1 1091171
32 0 1091307
32 1 1091371
67 0 1094411
67 1 1094492
79 0 1094580
79 1 1094612
82 0 1094731
82 1 1094811
79 0 1094835
79 1 1094899
8 0 1095156
8 1 1095220
80 0 1095380
80 1 1095436
79 0 1095516
79 1 1095572
82 0 1095596
65 0 1095660
82 1 1095684
65 1 1095748
84 0 1095827
84 1 1095900
73 0 1095948
73 1 1096012
83 0 1096123
83 1 1096188
84 0 1096284
84 1 1096428
188 0 1096429
188 1 1096459
32 0 1098227
32 1 1098331
68 0 1098443
68 1 1098500
79 0 1098547
79 1 1098611
67 0 1098635
67 1 1098699
84 0 1098819
84 1 1098899
79 0 1098923
79 1 1098971
82 0 1099012
82 1 1099116
8 0 1100163
8 1 1100219
8 0 1100315
8 1 1100371
8 0 1100451
8 1 1100515
8 0 1100587
8 1 1100731
8 0 1100803
8 1 1100868
8 0 1101068
8 1 1101148
69 0 1101387
69 1 1101436
8 0 1101668
8 1 1101731
77 0 1101916
69 0 1101980
77 1 1102003
69 1 1102044
73 0 1102148
73 1 1102187
8 0 1102692
8 1 1102756
68 0 1102819
68 1 1102884
73 0 1102924
73 1 1102972
67 0 1103012
67 1 1103076
188 0 1103172
188 1 1103228
32 0 1103331
32 1 1103395
73 0 1103516
73 1 1103571
78 0 1103652
78 1 1103716
71 0 1103716
71 1 1103795
73 0 1103827
73 1 1103867
78 0 1103947
69 0 1104011
78 1 1104027
69 1 1104076
82 0 1104099
82 1 1104180
188 0 1104292
188 1 1104348
32 0 1104468
32 1 1104531
69 0 1104555
69 1 1104595
84 0 1104651
84 1 1104715
67 0 1104852
67 1 1104908
190 0 1105300
190 1 1105469
32 0 1105469
32 1 1105491
83 0 1105603
83 1 1105691
73 0 1105715
73 1 1105779
32 0 1105939
32 1 1105987
73 0 1107547
73 1 1107612
78 0 1107724
78 1 1107788
32 0 1107860
32 1 1107908
65 0 1108059
65 1 1108116
67 0 1108203
67 1 1108291
69 0 1108315
69 1 1108372
83 0 1108483
83 1 1108628
84 0 1108628
84 1 1108716
32 0 1108716
32 1 1108803
70 0 1108995
69 0 1109163
70 1 1109187
76 0 1109187
69 1 1109203
76 1 1109203
32 0 1109315
32 1 1109379
73 0 1109523
73 1 1109571
78 0 1109667
78 1 1109708
86 0 1109709
86 1 1109779
65 0 1109916
65 1 1109979
84 0 1110084
84 1 1110147
65 0 1110171
65 1 1110251
32 0 1111867
32 1 1112019
73 0 1112187
73 1 1112252
78 0 1112348
78 1 1112388
67 0 1112388
67 1 1112468
65 0 1112524
65 1 1112603
32 0 1112635
32 1 1112700
68 0 1112700
68 1 1112803
73 0 1112843
73 1 1112883
78 0 1113027
78 1 1113051
32 0 1113107
32 1 1113164
65 0 1113164
65 1 1113251
67 0 1113300
69 0 1113387
67 1 1113411
73 0 1113451
69 1 1113492
73 1 1113492
32 0 1113619
32 1 1113699
65 0 1113835
65 1 1113875
78 0 1113995
78 1 1114060
73 0 1114187
73 1 1114251
188 0 1114404
190 0 1114405
188 1 1114444
190 1 1114444
8 0 1115179
8 1 1115219
8 0 1115299
8 1 1115356
190 0 1115948
190 1 1115988
44 1 1122604
18 0 1122802
18 1 1122802
44 1 1149291
16 0 1230316
80 0 1230460
80 1 1230500
16 1 1230525
69 0 1230636
69 1 1230725
32 0 1230988
32 1 1231044
80 0 1231413
80 1 1231476
79 0 1231548
79 1 1231629
90 0 1231661
90 1 1231741
8 0 1232093
8 1 1232156
73 0 1232380
73 1 1232420
220 0 1232764
220 1 1232789
8 0 1232932
8 1 1232996
8 0 1233076
8 1 1233116
8 0 1233212
8 1 1233252
73 0 1233572
73 1 1233652
67 0 1233692
67 1 1233756
84 0 1233868
84 1 1233949
85 0 1233949
85 1 1234036
65 0 1234124
65 1 1234188
8 0 1234564
8 1 1234620
82 0 1234644
65 0 1234685
82 1 1234733
65 1 1234772
32 0 1234820
32 1 1234876
80 0 1235180
80 1 1235237
85 0 1235389
85 1 1235429
84 0 1235468
69 0 1235516
84 1 1235532
69 1 1235572
77 0 1235620
77 1 1235700
32 0 1235780
32 1 1235860
86 0 1236014
86 1 1236093
69 0 1236253
69 1 1236356
68 0 1236421
69 0 1236485
68 1 1236509
69 1 1236573
65 0 1236660
65 1 1236685
32 0 1236748
32 1 1236788
79 0 1238541
79 1 1238588
32 0 1238772
32 1 1238828
66 0 1238972
65 0 1239029
66 1 1239052
65 1 1239100
90 0 1239213
73 0 1239276
90 1 1239316
73 1 1239340
75 0 1239436
75 1 1239476
73 0 1239588
73 1 1239644
67 0 1239773
67 1 1239812
8 0 1240037
8 1 1240076
8 0 1240165
8 1 1240204
8 0 1240292
8 1 1240317
76 0 1240477
76 1 1240532
73 0 1240644
67 0 1240684
73 1 1240708
67 1 1240749
65 0 1240805
32 0 1240892
65 1 1240909
32 1 1240957
68 0 1241116
68 1 1241181
73 0 1241181
73 1 1241244
78 0 1241332
78 1 1241372
32 0 1241485
32 1 1241508
221 0 1252229
221 1 1252292
8 0 1252404
8 1 1252468
8 0 1252541
8 1 1252604
8 0 1252684
8 1 1252724
8 0 1252812
8 1 1252836
8 0 1252900
8 1 1252940
65 0 1253260
65 1 1253341
78 0 1253365
78 1 1253429
84 0 1253453
84 1 1253508
73 0 1253556
73 1 1253620
67 0 1253644
67 1 1253709
65 0 1253773
65 1 1253828
32 0 1253852
32 1 1253892
80 0 1285508
80 1 1285589
76 0 1285677
76 1 1285732
73 0 1285837
73 1 1285900
78 0 1285981
78 1 1286068
65 0 1286069
65 1 1286133
32 0 1286133
32 1 1286213
67 0 1286292
67 1 1286357
85 0 1286357
85 1 1286420
32 0 1286596
32 1 1286652
70 0 1287317
70 1 1287405
73 0 1287405
73 1 1287468
76 0 1287581
76 1 1287621
73 0 1287724
73 1 1287780
90 0 1288092
90 1 1288196
8 0 1288349
8 1 1288396
8 0 1288485
8 1 1288525
79 0 1288692
79 1 1288733
90 0 1288796
90 1 1288876
79 0 1288916
79 1 1288956
70 0 1290796
70 1 1290876
73 0 1290900
73 1 1290924
32 0 1291100
32 1 1291188
83 0 1291204
83 1 1291276
73 0 1291316
73 1 1291380
32 0 1291764
32 1 1291843
71 0 1291892
71 1 1291932
65 0 1292012
78 0 1292092
65 1 1292116
78 1 1292156
68 0 1292180
68 1 1292244
73 0 1292300
73 1 1292388
84 0 1292388
84 1 1292452
79 0 1292508
82 0 1292564
79 1 1292588
82 1 1292668
73 0 1292812
73 1 1292836
32 0 1320396
32 1 1320460
8 0 1320924
8 1 1321020
188 0 1321204
188 1 1321348
32 0 1321388
32 1 1321564
73 0 1321604
73 1 1321644
78 0 1322085
78 1 1322164
32 0 1322236
32 1 1322300
77 0 1322388
77 1 1322452
73 0 1322540
73 1 1322596
74 0 1322724
74 1 1322804
76 0 1322980
76 1 1323044
79 0 1323100
79 1 1323164
67 0 1323188
67 1 1323252
32 0 1323308
32 1 1323364
70 0 1323435
70 1 1323500
73 0 1323548
73 1 1323588
73 0 1323660
73 1 1323700
78 0 1323804
78 1 1323868
68 0 1323892
68 1 1323949
32 0 1323949
32 1 1324036
68 0 1324316
79 0 1324372
68 1 1324404
79 1 1324444
79 0 1324468
79 1 1324549
8 0 1324932
8 1 1324988
85 0 1325908
85 1 1325972
65 0 1326028
65 1 1326092
32 0 1326124
32 1 1326204
79 0 1326332
79 1 1326396
69 0 1326420
69 1 1326484
82 0 1326524
82 1 1326588
83 0 1326724
83 1 1326748
8 0 1327061
8 1 1327124
8 0 1327236
8 1 1327284
8 0 1327580
8 1 1327644
8 0 1327716
8 1 1327780
80 0 1328220
80 1 1328284
69 0 1328308
69 1 1328372
82 0 1328444
82 1 1328508
83 0 1328612
79 0 1328692
83 1 1328716
79 1 1328740
78 0 1328876
78 1 1328940
65 0 1329004
74 0 1329028
65 1 1329052
74 1 1329093
69 0 1329204
32 0 1329228
69 1 1329267
32 1 1329292
80 0 1329435
80 1 1329524
82 0 1329524
82 1 1329588
73 0 1329668
73 1 1329708
78 0 1329804
78 1 1329884
67 0 1329916
67 1 1329972
73 0 1329996
73 1 1330052
80 0 1330172
80 1 1330228
65 0 1330260
65 1 1330316
76 0 1330340
76 1 1330477
69 0 1330477
69 1 1330500
32 0 1343348
32 1 1343388
70 0 1343612
70 1 1343652
73 0 1343676
73 1 1343740
69 0 1343780
69 1 1343820
67 0 1343948
67 1 1344004
65 0 1344092
65 1 1344108
82 0 1344164
69 0 1344228
82 1 1344252
69 1 1344316
32 0 1344340
32 1 1344420
70 0 1344500
70 1 1344588
65 0 1344932
65 1 1345012
67 0 1345092
67 1 1345172
65 0 1345268
65 1 1345348
78 0 1345380
78 1 1345461
68 0 1345461
68 1 1345540
32 0 1345716
32 1 1345740
8 0 1349316
8 1 1349404
189 0 1349588
189 1 1349692
85 0 1350052
85 1 1350132
83 0 1350132
83 1 1350196
73 0 1350220
73 1 1350276
32 0 1350404
32 1 1350460
84 0 1350564
82 0 1350644
84 1 1350821
82 1 1350821
69 0 1350821
69 1 1350884
66 0 1350948
66 1 1351028
8 0 1351724
8 1 1351788
65 0 1351980
65 1 1352044
66 0 1352108
66 1 1352189
65 0 1352189
65 1 1352268
40 0 1358253
40 1 1358340
188 0 1359036
188 1 1359092
32 0 1359220
32 1 1359300
16 0 1359613
65 0 1359716
16 1 1359780
65 1 1359804
82 0 1359972
82 1 1360012
73 0 1360068
73 1 1360157
83 0 1360244
83 1 1360324
84 0 1360420
84 1 1360484
79 0 1360501
79 1 1360540
84 0 1360588
84 1 1360652
65 0 1360788
65 1 1360852
8 0 1361140
8 1 1361317
69 0 1361317
69 1 1361364
76 0 1362084
76 1 1362124
32 0 1362299
32 1 1362355
83 0 1362412
73 0 1362492
83 1 1362652
73 1 1362653
32 0 1362675
32 1 1362740
16 0 1373076
80 0 1373197
80 1 1373260
16 1 1373316
76 0 1373364
76 1 1373420
65 0 1373444
65 1 1373524
84 0 1373604
79 0 1373644
84 1 1373676
79 1 1373692
78 0 1373828
78 1 1373892
190 0 1375228
190 1 1375268
32 0 1375340
32 1 1375380
16 0 1376980
78 0 1377100
16 1 1377237
78 1 1377237
85 0 1377284
85 1 1377348
32 0 1377452
32 1 1377540
83 0 1377604
83 1 1377668
69 0 1377740
69 1 1377843
32 0 1377868
32 1 1377932
80 0 1378100
80 1 1378164
79 0 1378227
79 1 1378292
65 0 1378292
65 1 1378356
84 0 1378436
69 0 1378477
84 1 1378508
69 1 1378564
32 0 1378565
32 1 1378644
90 0 1378724
90 1 1378796
73 0 1378836
73 1 1378900
67 0 1378940
67 1 1379020
69 0 1379020
69 1 1379165
32 0 1379165
32 1 1379204
67 0 1379204
67 1 1379332
76 0 1379356
65 0 1379396
76 1 1379420
65 1 1379485
82 0 1379500
82 1 1379588
32 0 1379612
32 1 1379676
68 0 1392308
68 1 1392412
65 0 1392468
65 1 1392572
67 0 1392620
67 1 1392709
65 0 1392724
32 0 1392773
65 1 1392796
32 1 1392836
67 0 1392892
67 1 1392972
76 0 1392996
76 1 1393068
65 0 1393068
65 1 1393124
68 0 1393316
68 1 1393396
73 0 1393421
73 1 1393477
82 0 1393532
69 0 1393573
82 1 1393620
69 1 1393660
65 0 1393748
65 1 1393916
32 0 1393917
32 1 1393940
69 0 1394212
69 1 1394324
83 0 1394387
83 1 1394452
84 0 1394548
69 0 1394612
84 1 1394660
69 1 1394676
32 0 1394764
32 1 1394820
68 0 1395236
73 0 1395324
68 1 1395348
73 1 1395404
87 1 1405480
17 1 1405557
8 0 1409012
8 1 1409156
8 0 1409172
8 1 1409204
83 0 1409324
83 1 1409428
80 0 1409532
80 1 1409588
69 0 1409637
69 1 1409716
8 0 1410148
8 1 1410212
8 0 1410292
8 1 1410332
8 0 1410420
8 1 1410468
83 0 1518437
80 0 1518540
83 1 1518620
80 1 1518644
69 0 1518645
69 1 1518708
67 0 1518836
67 1 1518916
73 0 1518964
73 1 1519004
70 0 1519028
70 1 1519084
73 0 1519132
73 1 1519196
67 0 1519212
67 1 1519300
65 0 1519348
32 0 1519412
65 1 1519436
32 1 1519492
79 0 1520708
82 0 1520724
82 1 1520748
79 1 1520772
77 0 1521052
77 1 1521108
8 0 1521412
8 1 1521476
8 0 1521556
8 1 1521612
8 0 1521676
8 1 1521724
82 0 1522204
82 1 1522268
79 0 1522292
79 1 1522332
77 0 1522468
77 1 1522557
69 0 1522557
69 1 1522660
73 0 1522764
73 1 1522804
32 0 1522948
32 1 1523028
83 0 1523379
65 0 1523476
83 1 1523508
85 0 1523548
65 1 1523564
85 1 1523612
32 0 1523724
32 1 1523788
71 0 1536940
71 1 1536980
82 0 1537220
69 0 1537308
82 1 1537332
69 1 1537372
67 0 1537700
67 1 1537764
73 0 1537860
73 1 1537948
69 0 1537964
69 1 1538044
73 0 1538068
73 1 1538148
32 0 1538276
32 1 1538360
65 0 1538380
65 1 1538436
78 0 1538476
78 1 1538565
84 0 1538565
84 1 1538628
73 0 1538675
73 1 1538740
67 0 1538764
67 1 1538780
67 0 1538804
67 1 1538828
69 0 1538884
69 1 1538980
8 0 1539596
8 1 1539636
8 0 1539700
8 1 1539764
69 0 1539804
69 1 1539868
190 0 1540036
190 1 1540060
32 0 1540076
32 1 1540140
16 0 1635197
80 0 1635325
16 1 1635381
80 1 1635381
73 0 1635549
73 1 1635613
67 0 1635668
67 1 1635725
84 0 1635837
84 1 1635925
85 0 1635925
85 1 1635997
82 0 1636037
65 0 1636077
82 1 1636101
65 1 1636165
32 0 1636189
32 1 1636252
8 0 1636581
8 1 1636661
8 0 1636749
8 1 1636805
8 0 1636901
8 1 1636925
8 0 1637005
8 1 1637060
8 0 1637133
8 1 1637157
8 0 1637229
8 1 1637309
8 0 1637332
8 1 1637356
8 0 1637445
8 1 1637461
32 0 1638117
32 1 1638181
16 0 1638524
80 0 1638669
80 1 1638748
16 1 1638773
73 0 1638957
73 1 1639020
67 0 1639068
67 1 1639108
84 0 1639220
84 1 1639301
85 0 1639301
85 1 1639364
82 0 1639380
82 1 1639445
65 0 1639469
32 0 1639549
65 1 1639572
32 1 1639637
65 0 1639661
65 1 1639741
70 0 1641989
70 1 1642053
73 0 1642077
73 1 1642157
83 0 1642221
83 1 1642309
69 0 1642389
69 1 1642469
65 0 1642636
65 1 1642717
90 0 1643021
65 0 1643181
90 1 1643205
65 1 1643205
32 0 1643445
32 1 1643509
8 0 1653269
8 0 1653769
8 0 1653802
8 0 1653836
8 0 1653868
8 0 1653902
8 0 1653934
8 0 1653968
8 1 1653972
8 0 1654109
8 1 1654164
82 0 1654468
69 0 1654533
82 1 1654556
69 1 1654613
80 0 1654677
80 1 1654757
82 0 1654757
69 0 1654804
82 1 1654845
69 1 1654861
90 0 1654997
90 1 1655117
73 0 1655157
73 1 1655196
78 0 1655309
84 0 1655324
78 1 1655372
84 1 1655389
65 0 1655437
65 1 1655541
32 0 1655542
32 1 1655605
73 0 1656589
73 1 1656668
78 0 1656773
78 1 1656837
32 0 1656909
32 1 1656973
77 0 1657053
77 1 1657110
65 0 1657110
65 1 1657173
82 0 1657236
69 0 1657300
82 1 1657317
32 0 1657357
69 1 1657380
32 1 1657421
80 0 1657572
80 1 1657637
65 0 1657637
65 1 1657725
82 0 1657749
82 1 1657805
84 0 1657909
69 0 1657973
84 1 1657996
69 1 1658037
32 0 1658061
32 1 1658117
83 0 1658165
83 1 1658269
70 0 1658372
70 1 1658436
65 0 1658517
65 1 1658581
82 0 1658652
82 1 1658717
83 0 1658804
83 1 1658973
84 0 1658973
84 1 1659037
73 0 1659077
73 1 1659141
85 0 1659253
85 1 1659333
76 0 1659461
76 1 1659525
32 0 1659717
32 1 1659773
8 0 1660093
8 1 1660133
8 0 1660245
8 1 1660292
8 0 1660373
8 1 1660412
8 0 1660525
8 1 1660605
8 0 1660677
8 1 1660741
8 0 1660797
8 1 1660957
73 0 1661157
73 1 1661245
84 0 1661261
84 1 1661341
85 0 1661509
85 1 1661533
76 0 1661876
76 1 1661957
32 0 1662069
32 1 1662133
69 0 1662133
69 1 1662213
86 0 1662300
86 1 1662381
69 0 1662453
85 0 1662454
69 1 1662477
85 1 1662501
8 0 1662845
8 1 1662885
8 0 1662957
8 1 1662997
85 0 1663213
85 1 1663277
76 0 1663437
76 1 1663517
85 0 1663653
85 1 1663693
73 0 1663774
85 0 1663775
73 1 1663813
85 1 1663813
32 0 1663956
32 1 1664013
8 0 1664324
8 1 1664348
8 0 1664421
8 1 1664460
32 0 1664717
32 1 1664772
77 0 1664837
77 1 1664917
69 0 1664917
69 1 1664997
68 0 1665173
68 1 1665196
85 0 1665221
85 1 1665261
8 0 1665525
8 1 1665589
73 0 1665877
73 1 1665917
85 0 1665981
85 1 1666037
32 0 1666197
32 1 1666261
83 0 1688725
83 1 1688789
40 0 1689325
40 1 1689389
8 0 1690501
8 1 1690565
17 0 1749765
82 0 1782189
69 0 1782253
82 1 1782277
69 1 1782317
80 0 1782421
80 1 1782485
82 0 1782485
69 0 1782525
82 1 1782549
69 1 1782565
90 0 1782733
90 1 1782813
69 0 1783149
69 1 1783205
78 0 1783397
78 1 1783445
84 0 1783525
84 1 1783573
65 0 1783685
65 1 1783789
78 0 1783853
78 1 1783933
68 0 1783957
68 1 1784021
32 0 1784069
32 1 1784125
79 0 1791261
79 1 1791316
32 0 1791461
32 1 1791557
90 0 1791660
90 1 1791724
73 0 1791781
73 1 1791844
32 0 1792180
32 1 1792261
79 0 1792452
79 1 1792517
66 0 1792676
66 1 1792717
73 0 1792860
73 1 1792925
83 0 1792949
83 1 1792989
78 0 1793061
78 1 1793125
85 0 1793237
85 1 1793301
73 0 1793373
73 1 1793461
84 0 1793461
84 1 1793525
65 0 1793597
32 0 1793653
65 1 1793684
32 1 1793717
65 0 1793796
32 0 1793836
65 1 1793868
32 1 1793909
17 0 1795445
16 0 1795589
70 0 1823837
70 1 1823925
73 0 1824085
73 1 1824109
90 0 1824109
90 1 1824228
79 0 1824300
79 1 1824364
76 0 1824477
76 1 1824541
79 0 1824604
79 1 1824668
70 0 1824941
70 1 1825020
73 0 1825045
73 1 1825109
76 0 1825245
76 1 1825333
79 0 1825637
79 1 1825693
82 0 1825780
82 1 1825884
188 0 1825957
188 1 1826013
32 0 1826189
32 1 1826284
71 0 1826308
71 1 1826372
65 0 1826476
78 0 1826532
65 1 1826557
78 1 1826620
68 0 1826660
68 1 1826740
73 0 1826916
73 1 1826940
84 0 1826940
84 1 1826964
79 0 1827029
79 1 1827100
82 0 1827180
82 1 1827221
73 0 1827309
73 1 1827349
76 0 1827573
76 1 1827613
79 0 1827684
79 1 1827749
82 0 1827773
82 1 1827853
32 0 1827996
32 1 1828100
8 0 1842933
8 1 1842988
190 0 1843196
190 1 1843236
