16 0 135737
16 0 136262
73 0 136267
73 1 136384
16 1 136447
78 0 136573
78 1 136663
32 0 136779
32 1 136890
80 0 137124
80 1 137225
82 0 137291
82 1 137413
69 0 137443
69 1 137549
90 0 137731
90 1 137816
69 0 138002
69 1 138118
78 0 138179
78 1 138301
84 0 138324
84 1 138431
32 0 138506
32 1 138644
86 0 138794
86 1 138948
82 0 139482
82 1 139615
8 0 140070
8 1 140145
8 0 140245
8 1 140341
69 0 140650
69 1 140735
32 0 140800
32 1 140939
68 0 141070
68 1 141187
69 0 141198
69 1 141310
83 0 141385
83 1 141481
84 0 141634
84 1 141746
85 0 141797
85 1 141914
76 0 142071
76 1 142209
32 0 142300
32 1 142449
68 0 142660
68 1 142750
69 0 142789
69 1 142922
32 0 142981
32 1 143133
78 0 143366
78 1 143461
79 0 143602
79 1 143719
82 0 143758
82 1 143864
79 0 143910
79 1 144038
83 0 144154
83 1 144260
188 0 145230
188 1 145320
32 0 145667
32 1 145778
65 0 145947
65 1 146058
83 0 146157
83 1 146258
65 0 146298
65 1 146447
32 0 146573
32 1 146717
65 0 147042
65 1 147169
32 0 147238
32 1 147397
70 0 147443
70 1 147550
79 0 147637
79 1 147760
83 0 147765
83 1 147876
84 0 148010
32 0 148100
84 1 148116
32 1 148260
84 0 148401
84 1 148507
79 0 148647
79 1 148769
65 0 148807
65 1 148913
84 0 149065
84 1 149155
65 0 149261
65 1 149394
32 0 149423
32 1 149583
90 0 149897
90 1 150020
73 0 150256
73 1 150352
85 0 150462
85 1 150574
65 0 150648
65 1 150765
190 0 151887
190 1 151946
32 0 152402
32 1 152502
16 0 152682
68 0 152819
16 1 152915
68 1 152963
69 0 153098
69 1 153221
32 0 153729
32 1 153851
68 0 153934
68 1 154035
73 0 154063
73 1 154217
77 0 154347
77 1 154453
73 0 154555
73 1 154704
78 0 154860
78 1 154988
69 0 155409
69 1 155504
65 0 155646
65 1 155784
84 0 155935
84 1 156051
65 0 156215
65 1 156338
32 0 156402
32 1 156525
65 0 156597
65 1 156714
32 0 156948
32 1 157059
80 0 157307
80 1 157398
76 0 157638
76 1 157739
79 0 157967
79 1 158047
85 0 158183
85 1 158304
65 0 158350
65 1 158473
32 0 158527
32 1 158665
8 0 159054
8 1 159155
84 0 159481
84 1 159582
32 0 159671
32 1 159782
8 0 160472
8 1 160578
188 0 160830
188 1 160904
32 0 160996
32 1 161108
65 0 161311
65 1 161420
80 0 161788
80 1 161878
79 0 162000
79 1 162101
73 0 162176
73 1 162288
32 0 162498
32 1 162621
65 0 162713
65 1 162840
32 0 162887
32 1 163025
73 0 163135
73 1 163214
78 0 163332
78 1 163444
67 0 163576
67 1 163651
69 0 163763
80 0 163870
69 1 163891
80 1 163976
85 0 164178
85 1 164284
84 0 164409
84 1 164505
32 0 164555
32 1 164682
83 0 164823
83 1 164945
65 0 164973
32 0 165106
65 1 165143
32 1 165281
83 0 165380
83 1 165470
69 0 165570
69 1 165676
32 0 165687
32 1 165884
73 0 166146
73 1 166284
78 0 166397
78 1 166514
83 0 166624
83 1 166726
69 0 166864
69 1 166965
78 0 167080
78 1 167192
73 0 167285
73 1 167432
78 0 167673
78 1 167774
69 0 168817
69 1 168923
90 0 169886
90 1 169971
69 0 170376
69 1 170485
37 0 170975
37 1 171092
39 0 171843
39 1 171939
39 0 172058
39 1 172153
188 0 172583
188 1 172679
32 0 172856
32 1 172984
37 0 173704
37 0 174230
37 0 174267
37 0 174304
37 0 174342
37 0 174379
37 0 174416
37 0 174453
37 0 174490
37 0 174528
37 1 174570
39 0 175026
39 1 175138
39 0 175245
39 1 175362
39 0 175731
39 1 175832
39 0 175966
39 1 176072
39 0 176185
39 1 176307
39 0 176473
39 1 176609
39 0 176721
39 1 176838
39 0 176922
39 1 177054
39 0 177135
39 1 177263
39 0 177350
39 1 177472
68 0 178324
68 1 178425
65 0 178484
65 1 178612
82 0 178716
82 1 178806
32 0 179265
32 1 179414
65 0 179689
65 1 179817
80 0 179850
80 1 179956
79 0 180116
79 1 180228
73 0 180823
73 1 180950
32 0 181160
32 1 181288
83 0 181592
83 1 181704
189 0 182380
189 1 182470
65 0 182620
65 1 182742
32 0 182821
32 1 182969
73 0 183126
73 1 183275
78 0 183393
78 1 183504
78 0 183903
78 1 184004
79 0 184170
79 1 184293
82 0 184428
82 1 184523
65 0 184658
65 1 184791
84 0 184900
84 1 185017
32 0 185067
32 1 185211
68 0 185552
68 1 185661
73 0 185740
73 1 185868
78 0 185956
78 1 186078
32 0 186204
32 1 186358
78 0 186483
78 1 186631
79 0 186647
79 1 186860
85 0 186980
85 1 187091
190 0 188804
190 1 188916
32 0 189438
32 1 189539
16 0 191689
16 0 192216
16 0 192253
78 0 192258
78 1 192407
16 1 192853
85 0 192972
85 1 193137
32 0 193229
32 1 193394
80 0 193568
80 1 193675
82 0 193774
82 1 193881
69 0 193917
69 1 194024
65 0 194110
32 0 194232
65 1 194237
32 1 194354
73 0 194676
73 1 194802
77 0 194909
77 1 195021
73 0 195089
73 1 195217
32 0 195268
32 1 195417
80 0 195563
80 1 195648
76 0 195778
76 1 195868
65 0 195901
65 1 196003
67 0 196092
67 1 196193
69 0 196286
32 0 196419
69 1 196424
32 1 196573
79 0 196616
79 1 196760
32 0 196807
32 1 196956
65 0 197008
65 1 197104
83 0 197140
83 1 197278
84 0 197425
84 1 197548
70 0 197698
70 1 197807
69 0 197921
69 1 198027
76 0 198089
76 1 198180
32 0 198771
32 1 198893
68 0 198950
68 1 199051
69 0 199115
32 0 199232
69 1 199238
32 1 199397
86 0 199446
86 1 199569
82 0 199612
82 1 199719
69 0 199821
69 1 199943
77 0 200041
77 1 200147
69 0 200221
69 1 200332
188 0 202650
188 1 202756
32 0 203050
32 1 203156
73 0 203386
73 1 203513
77 0 203683
77 1 203829
73 0 203885
73 1 204034
32 0 204099
32 1 204243
80 0 204568
80 1 204664
76 0 204795
76 1 204901
65 0 204962
65 1 205084
67 0 205194
67 1 205295
32 0 205441
32 1 205558
90 0 205726
90 1 205853
73 0 205921
73 1 206037
76 0 206205
76 1 206317
69 0 206384
69 1 206490
76 0 206580
76 1 206697
69 0 206713
69 1 206803
32 0 206936
32 1 207080
73 0 207192
73 1 207330
78 0 207492
78 1 207598
83 0 208009
83 1 208099
79 0 208223
79 1 208345
82 0 208647
82 1 208727
73 0 208805
84 0 208932
73 1 208943
84 1 209039
69 0 209162
69 1 209289
32 0 210004
32 1 210126
73 0 210191
73 1 210314
78 0 210427
78 1 210543
32 0 210677
32 1 210832
67 0 210903
67 1 210993
65 0 211117
65 1 211240
82 0 211375
82 1 211491
69 0 211561
32 0 211668
69 1 211694
32 1 211822
80 0 211868
80 1 211964
79 0 212069
79 1 212202
84 0 212265
84 1 212372
32 0 212458
32 1 212601
83 0 212741
65 0 212805
83 1 212848
65 1 213005
32 0 213043
32 1 213197
73 0 213289
73 1 213406
69 0 213441
69 1 213531
83 0 213624
83 1 213731
32 0 213923
32 1 214093
65 0 214334
65 1 214504
70 0 214904
70 1 215011
65 0 215614
65 1 215769
82 0 215967
82 1 216082
32 0 216226
32 1 216369
8 0 216811
8 1 216934
65 0 217022
65 1 217176
32 0 217455
32 1 217603
83 0 217855
83 1 217961
65 0 218023
65 1 218166
32 0 218234
32 1 218388
77 0 218525
77 1 218663
65 0 218668
65 1 218839
32 0 218906
32 1 219063
80 0 219086
80 1 219193
76 0 219303
76 1 219393
73 0 219525
73 1 219653
77 0 219841
77 1 219952
66 0 220251
66 1 220369
188 0 220858
188 1 220949
32 0 221106
32 1 221234
83 0 221400
83 1 221516
65 0 221632
65 1 221760
32 0 221917
32 1 222084
77 0 224527
77 1 224655
65 0 224762
65 1 224879
32 0 224935
32 1 225030
73 0 225151
73 1 225300
78 0 225351
84 0 225479
78 1 225484
84 1 225564
65 0 225786
65 1 225914
76 0 226043
76 1 226160
78 0 226412
78 1 226550
69 0 226636
69 1 226726
83 0 226839
83 1 226943
67 0 227474
67 1 227575
32 0 227844
32 1 228014
67 0 228230
67 1 228336
85 0 228444
85 1 228587
32 0 228769
32 1 228891
80 0 229043
80 1 229160
82 0 229170
82 1 229271
73 0 229447
73 1 229490
69 0 230451
69 1 230536
84 0 230838
84 1 230933
69 0 231063
69 1 231194
78 0 231251
78 1 231357
73 0 231468
73 1 231570
73 0 231693
73 1 231804
190 0 232821
190 1 232879
32 0 235222
32 1 235349
16 0 237442
68 0 237681
16 1 237761
68 1 237808
65 0 238002
65 1 238124
67 0 238232
67 1 238370
65 0 238398
65 1 238526
32 0 238591
32 1 238761
67 0 240337
67 1 240433
72 0 240525
72 1 240647
73 0 240726
73 1 240847
65 0 240906
65 1 241034
82 0 241180
82 1 241297
32 0 241335
32 1 241478
69 0 241652
69 1 241764
32 0 241863
32 1 242007
78 0 243080
78 1 243202
69 0 243236
69 1 243340
86 0 243476
86 1 243561
79 0 243611
79 1 243723
73 0 243841
73 1 243963
69 0 244034
69 1 244129
32 0 244205
32 1 244316
68 0 244409
68 1 244515
69 0 244603
32 0 244730
69 1 244736
32 1 244895
80 0 245048
80 1 245149
82 0 245278
82 1 245369
69 0 245450
69 1 245546
67 0 246103
67 1 246199
73 0 246232
73 1 246362
80 0 246502
80 1 246609
73 0 246722
73 1 246849
84 0 246907
84 1 247014
65 0 247130
65 1 247284
84 0 247427
84 1 247533
73 0 247632
73 1 247712
73 0 247811
73 1 247906
188 0 249487
188 1 249572
8 0 250785
8 1 250885
32 0 251032
32 1 251138
8 0 252231
8 1 252338
188 0 252635
188 1 252715
32 0 252833
32 1 252934
65 0 252999
65 1 253142
84 0 253309
84 1 253415
85 0 253498
85 1 253605
78 0 253689
78 1 253832
67 0 253855
67 1 253956
73 0 254001
73 1 254134
32 0 254184
32 1 254354
83 0 254365
83 1 254471
65 0 254547
65 1 254669
32 0 254764
32 1 254907
78 0 255008
78 1 255104
73 0 255182
73 1 255331
78 0 255378
78 1 255509
71 0 255524
71 1 255647
65 0 255850
65 1 255956
190 0 256567
190 1 256662
32 0 256973
32 1 257101
16 0 257315
73 0 257618
73 1 257714
16 1 257724
85 0 257970
85 1 258092
66 0 258405
66 1 258519
69 0 258550
69 1 258656
83 0 258761
83 1 258846
67 0 258951
67 1 259052
32 0 259234
32 1 259393
90 0 260048
90 1 260160
65 0 260320
65 1 260421
80 0 260504
80 1 260610
65 0 260671
65 1 260783
68 0 260881
68 1 260987
65 0 261076
65 1 261203
32 0 262124
32 1 262267
83 0 262519
83 1 262598
73 0 262730
73 1 262826
32 0 263179
32 1 263338
83 0 263589
83 1 263685
79 0 263777
79 1 263878
80 0 263996
80 1 264092
82 0 264242
82 1 264337
84 0 264458
85 0 264578
84 1 264583
85 1 264695
82 0 264861
82 1 264968
73 0 265009
73 1 265142
76 0 265271
76 1 265398
69 0 265426
69 1 265527
32 0 265585
32 1 265728
68 0 265814
68 1 265936
69 0 265984
32 0 266117
69 1 266127
32 1 266271
73 0 266769
73 1 266880
65 0 266924
65 1 267041
82 0 267170
82 1 267287
78 0 267411
78 1 267517
65 0 267584
65 1 267730
190 0 269607
190 1 269735
32 0 271302
32 1 271435
8 0 281746
8 1 281831
8 0 281936
8 1 282063
16 0 282558
186 0 282795
186 1 282896
16 1 282965
32 0 283075
32 1 283245
83 0 284420
83 1 284537
67 0 285226
67 1 285327
72 0 285369
72 1 285512
73 0 285523
73 1 285682
188 0 286066
188 1 286146
32 0 286297
32 1 286393
83 0 286513
83 1 286619
78 0 286693
78 1 286815
79 0 286939
79 1 287056
87 0 287298
87 1 287404
66 0 288000
66 1 288101
79 0 288169
79 1 288280
65 0 288368
65 1 288485
82 0 288621
82 1 288738
68 0 288842
68 1 288948
188 0 289587
188 1 289687
32 0 290032
32 1 290144
83 0 290304
83 1 290421
65 0 290477
65 1 290621
82 0 290801
82 1 290907
73 0 290996
73 1 291102
84 0 291326
84 1 291432
85 0 291492
85 1 291619
82 0 291663
82 1 291769
73 0 291812
73 1 291912
32 0 292128
32 1 292282
67 0 292366
85 0 292467
67 1 292478
85 1 292616
32 0 292694
32 1 292848
83 0 292957
83 1 293064
67 0 293215
67 1 293332
72 0 293337
72 1 293460
73 0 293840
73 1 293989
85 0 294251
85 1 294400
82 0 294543
82 1 294681
73 0 294718
73 1 294870
76 0 295852
76 1 295937
69 0 296200
69 1 296307
32 0 297537
32 1 297675
83 0 311980
83 1 312054
8 0 313912
8 1 314018
8 0 314536
8 1 314647
188 0 315244
188 1 315382
32 0 316891
32 1 317045
83 0 317957
83 1 318080
65 0 318114
65 1 318279
32 0 318341
32 1 318501
77 0 319073
77 1 319190
65 0 319264
65 1 319413
32 0 320241
32 1 320368
68 0 320450
68 1 320562
65 0 320616
65 1 320744
85 0 320772
85 1 320911
32 0 321000
32 1 321116
83 0 321161
83 1 321278
78 0 321562
78 1 321679
79 0 321802
79 1 321930
87 0 322163
87 1 322259
77 0 322819
77 1 322925
79 0 323056
79 1 323173
66 0 323312
66 1 323429
73 0 323505
73 1 323606
76 0 323779
76 1 323864
85 0 324019
85 1 324147
76 0 324325
76 1 324436
188 0 326220
188 1 326300
32 0 327054
32 1 327155
65 0 327711
65 1 327844
80 0 328019
80 1 328134
82 0 328593
82 1 328695
79 0 328775
79 1 328886
65 0 328964
65 1 329086
80 0 329360
80 1 329466
69 0 329680
69 1 329781
32 0 329832
32 1 329992
79 0 330163
79 1 330281
82 0 330331
82 1 330453
73 0 330489
73 1 330632
67 0 330643
67 1 330749
69 0 330865
69 1 330987
32 0 331079
32 1 331247
83 0 331835
83 1 331936
80 0 332134
80 1 332219
79 0 332360
79 1 332477
82 0 332560
82 1 332677
84 0 332773
84 1 332880
32 0 333297
32 1 333409
68 0 333508
68 1 333636
69 0 333652
32 0 333806
69 1 333816
32 1 333976
73 0 334288
73 1 334405
65 0 334470
65 1 334597
82 0 334776
82 1 334893
78 0 335016
78 1 335138
65 0 335258
65 1 335417
190 0 336397
190 1 336503
32 0 337549
32 1 337703
16 0 338016
83 0 338239
16 1 338362
83 1 338377
80 0 338554
80 1 338671
69 0 338709
69 1 338821
82 0 338890
82 1 339017
32 0 339050
32 1 339183
67 0 339303
67 1 339420
65 0 339511
65 1 339638
32 0 339689
32 1 339838
65 0 340007
65 1 340119
77 0 340185
77 1 340294
32 0 340383
32 1 340520
83 0 340525
83 1 340637
67 0 340777
67 1 340914
82 0 341123
82 1 341239
73 0 341334
83 0 341451
73 1 341457
83 1 341547
32 0 341674
32 1 341807
68 0 341899
68 1 342016
69 0 342021
69 1 342186
83 0 343077
83 1 343214
84 0 343442
84 1 343559
85 0 343614
85 1 343747
76 0 343898
76 1 344010
32 0 344601
32 1 344744
67 0 344868
67 1 344985
65 0 345122
65 1 345218
8 0 346523
8 1 346618
8 0 346698
8 1 346804
8 0 347697
8 1 347814
188 0 348068
188 1 348196
32 0 348326
32 1 348438
65 0 348483
77 0 348615
65 1 348621
77 1 348743
32 0 348866
67 0 349015
32 1 349031
67 1 349142
65 0 349200
65 1 349368
77 0 349373
77 1 349474
32 0 349661
32 1 349810
82 0 349961
82 1 350094
65 0 350247
65 1 350390
77 0 350552
77 1 350658
65 0 350724
65 1 350830
83 0 350919
83 1 351051
32 0 351119
32 1 351252
70 0 351352
70 1 351453
65 0 351509
65 1 351636
82 0 351706
82 1 351834
65 0 351927
32 0 352050
65 1 352076
32 1 352214
73 0 352341
73 1 352466
68 0 352679
68 1 352775
69 0 352862
69 1 352969
73 0 353731
73 1 353831
190 0 355477
190 1 355573
32 0 355719
32 1 355841
16 0 356017
186 0 356465
186 1 356586
48 0 356958
48 1 357053
16 1 357687
16 0 376699
16 0 377224
16 0 377261
16 0 377300
16 0 377337
16 0 377373
16 0 377410
16 0 377448
16 0 377485
16 0 377522
16 0 377560
16 0 377596
16 0 377633
16 0 377671
16 0 377708
16 0 377745
16 0 377783
16 0 377819
73 0 377851
73 1 377963
16 1 378037
78 0 378217
78 1 378344
84 0 378715
84 1 378832
82 0 379020
82 1 379137
187 0 379969
187 1 380070
79 0 380266
79 1 380377
32 0 380479
32 1 380601
90 0 380801
90 1 380929
73 0 380957
73 1 381068
32 0 381123
32 1 381250
73 0 381340
73 1 381451
68 0 381548
68 1 381612
69 0 381686
69 1 381792
65 0 381910
65 1 382011
76 0 382072
76 1 382200
65 0 382232
65 1 382359
32 0 382509
32 1 382655
17 0 383791
17 1 383856
37 0 384361
37 0 384887
37 0 384925
37 0 384962
37 0 384999
37 0 385036
37 0 385073
37 0 385110
37 0 385148
37 0 385185
37 0 385222
37 0 385259
37 0 385297
37 1 385371
39 0 385661
39 1 385762
8 0 386104
8 1 386227
189 0 386324
189 1 386415
39 0 387593
39 0 388119
39 0 388156
39 0 388193
39 0 388230
39 0 388267
39 0 388305
39 0 388342
39 0 388379
39 0 388416
39 0 388454
39 1 388517
39 0 388737
39 1 388865
77 0 389554
77 1 389650
65 0 389714
65 1 389842
32 0 389902
32 1 390025
84 0 390166
84 1 390288
82 0 390304
69 0 390373
82 1 390426
69 1 390522
90 0 390824
90 1 390956
69 0 391142
69 1 391242
83 0 391318
83 1 391424
67 0 391535
67 1 391620
32 0 394251
32 1 394421
83 0 396401
83 1 396507
73 0 396617
73 1 396734
78 0 396945
78 1 397094
71 0 397201
71 1 397324
8 0 399811
8 1 399895
8 0 400024
8 1 400125
8 0 400244
8 1 400355
8 0 400488
8 1 400594
65 0 400794
65 1 400916
84 0 401117
84 1 401224
85 0 401364
85 1 401492
78 0 401622
78 1 401750
67 0 401807
67 1 401898
73 0 401903
73 1 402015
32 0 402076
32 1 402225
67 0 402307
67 1 402375
65 0 402504
65 1 402621
78 0 402654
78 1 402766
68 0 402781
68 1 402909
32 0 403026
32 1 403137
83 0 403243
85 0 403360
83 1 403365
85 1 403514
78 0 403622
84 0 403739
78 1 403755
32 0 403849
84 1 403859
32 1 404008
79 0 404203
79 1 404293
68 0 404502
68 1 404587
73 0 404869
73 1 404975
72 0 405288
72 1 405384
78 0 405557
78 1 405674
73 0 405710
73 1 405870
84 0 405911
84 1 406028
65 0 406201
65 1 406328
188 0 406924
188 1 407019
32 0 407225
32 1 407332
78 0 407633
78 1 407746
85 0 407841
85 1 407963
32 0 408935
32 1 409094
78 0 409874
78 1 409978
69 0 410065
69 1 410166
65 0 410312
65 1 410444
80 0 410518
80 1 410614
65 0 410723
65 1 410840
82 0 410947
82 1 411054
65 0 411170
65 1 411271
84 0 412353
84 1 412470
32 0 413193
32 1 413326
76 0 413457
76 1 413579
65 0 413633
65 1 413766
32 0 413824
32 1 413952
79 0 414001
79 1 414134
32 0 414234
32 1 414383
65 0 414413
65 1 414536
78 0 414608
78 1 414703
85 0 414747
85 1 414885
77 0 415131
77 1 415254
73 0 415338
84 0 415460
73 1 415476
84 1 415572
65 0 415732
65 1 415870
32 0 416179
32 1 416296
79 0 416466
79 1 416572
82 0 416669
82 1 416775
65 0 416920
65 1 417053
190 0 417823
190 1 417914
32 0 419655
32 1 419799
16 0 421939
68 0 422202
68 1 422335
16 1 422425
69 0 422729
69 1 422830
32 0 422916
32 1 423049
68 0 423187
68 1 423277
73 0 423327
73 1 423455
77 0 423648
77 1 423749
73 0 423841
73 1 424000
78 0 424039
69 0 424162
78 1 424167
69 1 424268
65 0 424395
65 1 424443
84 0 424662
84 1 424784
65 0 424916
65 1 425049
32 0 425127
32 1 425260
73 0 425495
73 1 425617
65 0 425703
65 1 425820
85 0 425881
85 1 426003
32 0 426148
32 1 426270
77 0 426467
77 1 426583
73 0 426691
73 1 426850
67 0 426874
67 1 426975
85 0 427016
85 1 427160
76 0 427291
76 1 427429
32 0 427669
32 1 427818
68 0 428238
68 1 428339
69 0 428726
69 1 428795
74 0 429457
74 1 429584
85 0 429885
85 1 430034
78 0 430158
78 1 430270
188 0 430694
188 1 430811
32 0 431186
32 1 431292
66 0 431775
66 1 431891
69 0 431946
69 1 432057
65 0 432170
65 1 432303
85 0 432319
85 1 432452
32 0 432697
32 1 432825
79 0 432995
79 1 433106
32 0 433242
32 1 433375
67 0 433517
67 1 433602
65 0 433682
65 1 433821
70 0 433952
70 1 434053
69 0 434109
69 1 434240
65 0 434319
65 1 434601
188 0 434977
188 1 435078
32 0 435240
32 1 435352
77 0 435475
77 1 435608
65 0 435647
65 1 435796
32 0 435870
32 1 436024
74 0 436162
74 1 436284
79 0 436426
79 1 436543
67 0 436594
67 1 436716
32 0 436971
32 1 437130
76 0 437512
76 1 437645
65 0 437692
65 1 437841
32 0 438617
32 1 438745
8 0 439785
8 1 439896
8 0 439980
8 1 440076
8 0 440302
8 1 440408
80 0 440767
80 1 440884
69 0 440965
69 1 441061
32 0 441091
32 1 441229
76 0 441407
76 1 441530
65 0 441611
65 1 441749
80 0 441788
80 1 441895
84 0 442013
84 1 442114
79 0 442152
79 1 442259
80 0 442357
80 1 442458
188 0 442941
188 1 443052
32 0 443853
32 1 444007
73 0 444261
73 1 444393
77 0 444611
77 1 444722
73 0 446117
73 1 446207
8 0 449503
8 1 449593
8 0 449714
8 1 449826
8 0 450081
8 1 450182
78 0 450554
78 1 450639
85 0 450719
85 1 450852
32 0 450946
32 1 451073
77 0 451207
77 1 451340
65 0 451422
65 1 451545
32 0 451628
32 1 451756
71 0 451977
71 1 452078
82 0 452120
82 1 452253
65 0 452397
65 1 452512
66 0 452545
66 1 452647
69 0 452699
69 1 452805
83 0 452906
83 1 452996
67 0 453117
67 1 453224
32 0 453613
32 1 453783
83 0 454059
83 1 454165
65 0 454242
65 1 454348
32 0 454462
32 1 454590
77 0 454805
77 1 454927
65 0 455007
65 1 455129
32 0 455224
32 1 455346
65 0 455433
65 1 455548
80 0 455593
80 1 455726
85 0 455878
85 1 456021
67 0 456166
67 1 456251
32 0 456348
32 1 456491
68 0 456496
68 1 456592
69 0 456714
69 1 456831
32 0 456881
32 1 457009
84 0 457334
84 1 457461
82 0 457488
69 0 457642
82 1 457647
69 1 457807
65 0 457987
65 1 458125
66 0 458241
66 1 458363
65 0 458458
65 1 458589
190 0 460966
190 1 461067
32 0 463707
32 1 463834
16 0 469633
76 0 469819
76 1 469941
16 1 469984
79 0 470195
79 1 470306
67 0 470494
67 1 470579
85 0 470635
85 1 470758
76 0 470953
76 1 471043
32 0 471306
32 1 471444
73 0 471578
73 1 471690
68 0 471827
68 1 471939
69 0 472022
69 1 472155
65 0 472266
65 1 472393
76 0 472655
76 1 472756
32 0 473042
32 1 473180
73 0 473283
73 1 473427
78 0 473507
78 1 473691
32 0 473821
32 1 473975
67 0 474007
67 1 474118
65 0 474226
65 1 474349
82 0 475725
82 1 475831
69 0 475899
69 1 476032
32 0 476249
32 1 476392
65 0 476560
65 1 476738
83 0 477011
83 1 477101
32 0 477199
32 1 477342
77 0 477940
77 1 478089
69 0 478202
69 1 478319
82 0 478428
82 1 478534
71 0 478643
71 1 478744
69 0 478825
69 1 478948
32 0 479492
32 1 479614
69 0 479746
69 1 479831
83 0 479961
83 1 480051
84 0 480297
84 1 480382
69 0 480492
69 1 480604
32 0 480677
32 1 480815
76 0 483305
76 1 483427
65 0 483529
65 1 483651
32 0 483762
32 1 483926
79 0 484387
79 1 484509
32 0 484642
32 1 484802
67 0 484963
67 1 485064
85 0 485186
85 1 485308
82 0 485348
82 1 485449
83 0 485657
83 1 485763
65 0 485821
65 1 485986
32 0 486040
32 1 486263
83 0 486588
83 1 486646
8 0 487069
8 1 487180
68 0 487224
68 1 487330
69 0 487418
69 1 487556
32 0 487619
32 1 487773
16 0 488266
70 0 488409
16 1 488521
70 1 488547
79 0 488618
79 1 488751
82 0 488779
82 1 488877
77 0 488951
77 1 489068
85 0 489164
85 1 489292
76 0 489465
76 1 489593
65 0 489648
65 1 489792
32 0 490262
32 1 490395
49 0 490529
49 1 490630
188 0 491280
188 1 491397
32 0 492085
32 1 492176
83 0 492868
83 1 492980
65 0 493035
65 1 493184
85 0 493208
85 1 493346
32 0 493440
32 1 493567
77 0 493784
77 1 493896
65 0 493985
65 1 494144
32 0 494207
32 1 494334
67 0 494512
67 1 494603
65 0 494695
65 1 494823
82 0 494933
82 1 495066
32 0 495120
32 1 495290
8 0 495773
8 1 495880
8 0 496120
8 1 496248
8 0 496308
8 1 496398
8 0 496458
8 1 496553
8 0 496620
8 1 496742
67 0 497048
67 1 497155
65 0 497217
65 1 497307
82 0 497406
82 1 497518
32 0 497552
32 1 497680
76 0 498279
76 1 498385
65 0 498421
65 1 498565
32 0 498616
32 1 498776
85 0 499692
85 1 499856
78 0 499980
78 1 500102
32 0 500391
32 1 500519
67 0 500632
67 1 500723
73 0 500820
73 1 500931
82 0 501057
82 1 501153
67 0 501320
67 1 501432
85 0 501448
85 1 501570
73 0 501657
73 1 501785
84 0 501790
84 1 501896
32 0 501980
32 1 502123
68 0 502306
68 1 502417
69 0 502452
69 1 502591
32 0 502630
32 1 502779
67 0 503028
67 1 503134
85 0 503192
85 1 503341
82 0 503401
82 1 503512
83 0 503734
83 1 503862
8 0 505139
8 0 505665
8 0 505702
8 0 505739
8 0 505776
8 0 505813
8 0 505851
8 0 505888
8 0 505925
8 0 505962
8 0 505999
8 0 506036
8 0 506074
8 0 506111
8 0 506148
8 1 506196
8 0 506319
8 1 506399
8 0 506473
8 1 506563
8 0 506645
8 1 506735
79 0 507449
79 1 507576
32 0 507689
32 1 507854
67 0 507903
67 1 507993
85 0 508095
85 1 508202
82 0 508252
82 1 508358
83 0 508594
83 1 508705
65 0 508765
65 1 508930
32 0 508968
32 1 509122
68 0 509195
68 1 509349
69 0 509378
69 1 509548
32 0 509564
32 1 509670
75 0 509867
75 1 509952
65 0 510006
65 1 510142
82 0 510272
82 1 510378
84 0 510547
84 1 510659
73 0 510791
73 1 510923
78 0 511055
78 1 511193
71 0 511221
71 1 511333
32 0 511426
32 1 511553
67 0 512442
67 1 512500
85 0 512620
85 1 512742
32 0 512845
32 1 512983
80 0 513120
80 1 513229
82 0 513279
82 1 513364
73 0 513440
73 1 513541
69 0 513602
69 1 513750
84 0 513939
84 1 514072
69 0 514607
69 1 514703
78 0 514933
78 1 515029
73 0 515239
73 1 515356
73 0 515464
73 1 515603
190 0 518153
190 1 518228
32 0 519151
32 1 519271
16 0 524719
16 0 525264
16 0 525301
16 0 525338
16 0 525375
16 0 525412
16 0 525449
16 0 525487
16 0 525524
16 0 525561
16 0 525598
16 0 525635
16 0 525673
16 0 525710
16 0 525747
16 0 525784
16 0 525821
16 0 525859
16 0 525896
16 0 525934
16 0 525970
16 0 526007
16 0 526045
16 0 526082
16 0 526120
16 0 526157
16 0 526193
16 0 526231
16 0 526268
16 0 526306
16 0 526342
16 0 526379
16 0 526417
16 0 526454
16 0 526491
16 0 526528
16 0 526566
16 0 526603
16 0 526640
16 0 526677
16 0 526714
16 0 526752
16 0 526789
16 0 526826
16 0 526863
16 0 526900
16 0 526938
16 0 526975
16 0 527012
16 0 527049
16 0 527086
16 0 527124
16 0 527161
16 0 527198
16 0 527235
16 0 527272
16 0 527310
16 0 527347
16 0 527384
16 0 527421
16 0 527458
16 0 527496
16 0 527532
16 0 527570
16 0 527607
16 0 527644
16 0 527681
65 0 527692
65 1 527846
16 1 527863
80 0 528102
80 1 528198
82 0 528281
82 1 528366
79 0 528421
79 1 528527
65 0 528736
65 1 528847
80 0 529505
80 1 529612
69 0 529705
69 1 529801
32 0 529846
32 1 529979
78 0 530129
78 1 530241
69 0 530359
69 1 530465
76 0 530522
76 1 530634
73 0 530770
73 1 530892
80 0 531360
80 1 531461
83 0 531682
83 1 531794
73 0 531827
73 1 531944
84 0 532048
32 0 532154
84 1 532164
32 1 532313
68 0 532429
73 0 532530
68 1 532551
73 1 532689
78 0 532725
78 1 532885
84 0 532890
84 1 532991
82 0 533083
82 1 533195
189 0 533388
189 1 533479
79 0 533672
79 1 533773
32 0 533839
32 1 534030
90 0 534192
90 1 534293
73 0 534366
73 1 534477
32 0 536577
32 1 536800
65 0 537544
65 1 537677
32 0 537752
32 1 537901
8 0 539752
8 1 539847
8 0 539986
8 1 540077
69 0 542351
69 1 542462
83 0 542676
83 1 542771
84 0 542965
84 1 543061
69 0 543136
69 1 543274
32 0 543285
32 1 543442
83 0 543539
83 1 543645
80 0 543745
80 1 543830
79 0 543946
79 1 544073
82 0 544101
82 1 544212
84 0 544325
84 1 544426
85 0 544540
85 1 544640
76 0 544824
76 1 544931
190 0 545538
190 1 545634
32 0 546815
32 1 546931
16 0 547395
73 0 547533
73 1 547644
16 1 547697
68 0 547796
68 1 547929
69 0 547994
69 1 548111
65 0 548208
65 1 548341
76 0 548382
76 1 548478
32 0 549180
32 1 549329
65 0 551583
65 1 551706
83 0 551829
83 1 551946
32 0 552064
32 1 552191
80 0 552452
80 1 552546
82 0 552924
82 1 553030
69 0 553102
69 1 553219
70 0 553303
70 1 553383
69 0 553457
69 1 553584
82 0 553646
82 1 553774
65 0 553892
65 1 554046
32 0 554278
32 1 554427
83 0 554620
83 1 554716
65 0 554770
65 1 554924
32 0 554971
32 1 555120
77 0 555460
77 1 555580
69 0 555695
69 1 555838
82 0 555935
82 1 556025
71 0 556166
71 1 556267
32 0 556327
32 1 556481
76 0 557407
76 1 557508
65 0 557653
65 1 557796
32 0 557919
32 1 558046
85 0 558261
85 1 558389
78 0 558504
78 1 558639
32 0 558684
32 1 558838
77 0 558960
69 0 559045
77 1 559103
69 1 559146
67 0 559294
73 0 559384
67 1 559400
73 1 559517
32 0 559590
32 1 559739
68 0 559858
68 1 559949
69 0 560051
32 0 560168
69 1 560173
32 1 560311
84 0 560477
84 1 560567
69 0 560680
69 1 560791
78 0 560845
78 1 560962
73 0 560988
73 1 561164
83 0 561792
83 1 561930
32 0 563776
32 1 563882
67 0 564106
67 1 564218
85 0 564322
85 1 564444
32 0 565955
32 1 566088
67 0 567719
67 1 567815
79 0 567986
79 1 568098
76 0 568390
76 1 568485
69 0 568667
69 1 568779
71 0 568987
71 1 569110
73 0 569210
73 1 569316
73 0 569435
73 1 569531
32 0 570820
32 1 570985
77 0 571216
77 1 571359
69 0 571399
69 1 571521
73 0 571654
73 1 571787
188 0 573010
188 1 573122
32 0 573903
32 1 574020
67 0 574191
67 1 574282
85 0 574336
85 1 574464
32 0 574550
32 1 574678
67 0 574693
67 1 574800
65 0 574897
65 1 575020
82 0 575144
82 1 575261
69 0 575320
32 0 575421
69 1 575432
32 1 575586
74 0 575697
74 1 575819
79 0 575906
79 1 576044
67 0 576155
67 1 576240
32 0 576402
32 1 576530
68 0 576669
68 1 576783
69 0 576794
69 1 576921
79 0 577039
79 1 577172
66 0 577367
66 1 577489
73 0 577569
73 1 577718
67 0 577755
67 1 577866
69 0 577951
69 1 578057
73 0 578134
73 1 578251
190 0 581068
190 1 581169
32 0 583223
32 1 583334
16 0 584393
80 0 584616
80 1 584727
16 1 584802
82 0 584981
82 1 585102
65 0 585245
65 1 585383
78 0 585429
78 1 585556
90 0 585725
90 1 585872
85 0 585908
85 1 586041
76 0 586219
76 1 586309
32 0 587084
32 1 587206
76 0 587366
76 1 587472
189 0 587725
189 1 587837
65 0 587952
65 1 588090
83 0 588288
83 1 588394
32 0 588464
32 1 588602
76 0 588919
76 1 589020
85 0 589186
85 1 589313
65 0 589363
65 1 589501
32 0 589552
32 1 589690
65 0 589971
65 1 590109
67 0 590392
67 1 590488
65 0 590577
65 1 590694
83 0 590751
83 1 590868
65 0 590884
65 1 591028
32 0 591100
32 1 591254
67 0 591672
67 1 591762
85 0 591806
85 1 591969
32 0 592063
32 1 592222
65 0 592256
65 1 592394
73 0 592440
73 1 592568
32 0 592664
32 1 592803
70 0 594468
70 1 594569
65 0 594713
65 1 594846
77 0 594879
77 1 594999
73 0 595074
73 1 595201
76 0 595334
76 1 595441
73 0 595537
73 1 595659
65 0 595741
65 1 595884
188 0 598737
188 1 598859
32 0 599455
32 1 599556
77 0 600055
77 1 600177
65 0 600457
65 1 600574
78 0 600672
78 1 600794
67 0 600850
67 1 600947
65 0 601070
65 1 601213
82 0 601383
82 1 601499
69 0 602086
69 1 602181
65 0 602414
65 1 602520
32 0 603249
32 1 603382
8 0 603921
8 1 604017
8 0 604113
8 1 604214
32 0 604390
32 1 604523
67 0 604721
67 1 604838
65 0 604924
65 1 605040
32 0 605207
32 1 605383
65 0 605485
65 1 605650
32 0 605718
32 1 605873
77 0 606017
77 1 606118
65 0 606173
65 1 606290
77 0 606368
77 1 606479
69 0 606502
69 1 606608
73 0 606661
73 1 606783
32 0 607328
32 1 607461
78 0 607951
78 1 608063
85 0 608179
85 1 608302
32 0 608434
32 1 608556
77 0 608853
77 1 608970
65 0 609073
73 0 609217
65 1 609222
73 1 609344
32 0 609410
32 1 609575
71 0 609605
71 1 609685
65 0 609851
65 1 609994
83 0 610050
83 1 610144
69 0 610243
69 1 610360
83 0 610435
83 1 610537
67 0 610680
67 1 610770
32 0 610920
32 1 611085
78 0 611368
78 1 611496
73 0 611572
73 1 611710
67 0 611786
67 1 611898
73 0 612046
73 1 612163
85 0 612277
85 1 612432
78 0 612595
78 1 612727
68 0 612775
68 1 612913
69 0 612929
69 1 613067
190 0 614839
190 1 614956
16 0 626107
16 1 626362
16 0 626985
73 0 627219
73 1 627325
16 1 627580
8 0 627982
8 1 628078
32 0 628232
32 1 628388
16 0 630092
65 0 630325
65 1 630468
16 1 630494
83 0 630987
83 1 631093
84 0 631557
84 1 631669
65 0 631821
65 1 631991
32 0 632049
32 1 632208
65 0 632434
65 1 632567
82 0 632845
82 1 632956
32 0 633028
32 1 633165
70 0 633241
70 1 633353
73 0 633397
73 1 633546
32 0 633579
32 1 633733
79 0 633794
79 1 633927
32 0 633976
32 1 634136
90 0 634512
90 1 634629
73 0 634677
73 1 634800
32 0 634846
32 1 634995
73 0 635089
73 1 635216
68 0 635244
68 1 635334
69 0 635431
69 1 635543
65 0 635642
65 1 635765
76 0 635850
76 1 635924
65 0 636008
65 1 636157
32 0 636233
32 1 636387
80 0 636957
80 1 637052
69 0 637122
69 1 637229
78 0 637333
78 1 637448
84 0 637463
84 1 637549
82 0 637624
85 0 637693
82 1 637736
85 1 637815
32 0 638353
32 1 638497
77 0 638750
77 1 638889
73 0 638995
73 1 639197
78 0 639230
78 1 639389
69 0 639514
69 1 639657
190 0 640608
190 1 640719
16 0 662412
16 0 662938
16 0 662975
16 0 663013
16 0 663050
16 0 663087
16 0 663124
16 0 663161
16 0 663199
16 0 663236
16 0 663273
16 0 663310
16 0 663347
16 0 663385
16 0 663422
16 0 663459
16 0 663496
16 0 663533
16 0 663570
16 0 663608
16 0 663645
16 0 663682
16 0 663719
16 0 663757
16 0 663794
16 0 663831
16 0 663868
16 0 663905
16 0 663943
16 0 663980
16 0 664017
16 0 664054
16 0 664091
16 0 664128
16 0 664166
16 0 664203
16 0 664240
16 0 664277
16 0 664314
16 0 664352
16 0 664389
16 0 664427
16 0 664464
16 0 664501
16 0 664557
16 0 664594
16 0 664631
16 0 664668
16 0 664705
16 0 664743
16 0 664780
16 0 664817
16 0 664854
16 0 664891
16 0 664929
16 0 664967
16 0 665003
16 0 665040
16 0 665077
16 0 665115
16 0 665152
16 0 665189
16 0 665226
16 0 665264
16 0 665300
16 0 665338
16 0 665375
16 0 665412
16 0 665449
16 0 665487
16 0 665524
16 0 665561
16 0 665598
16 0 665635
16 0 665672
16 0 665710
16 0 665747
16 0 665784
16 0 665821
16 0 665858
16 0 665896
16 0 665933
16 0 665970
16 0 666007
16 0 666044
16 0 666082
16 0 666119
16 0 666156
16 0 666193
16 0 666231
16 0 666268
16 0 666305
16 0 666342
16 0 666379
16 0 666416
16 0 666454
16 0 666491
16 0 666528
16 0 666565
16 0 666603
16 0 666640
16 0 666677
16 0 666714
16 0 666751
16 0 666788
16 0 666826
16 0 666863
16 0 666900
16 0 666937
16 0 666975
16 0 667012
16 0 667049
16 0 667086
16 0 667123
16 0 667160
16 0 667197
16 0 667235
16 0 667272
16 0 667309
16 0 667346
16 0 667384
16 0 667421
16 0 667458
16 0 667495
16 0 667533
16 0 667589
16 0 667626
16 0 667663
16 0 667700
16 0 667737
16 0 667774
16 0 667811
16 0 667849
16 0 667886
16 0 667923
16 0 667960
16 0 667997
16 0 668035
16 0 668072
16 0 668109
16 0 668146
16 0 668183
16 0 668221
16 0 668258
16 0 668296
16 0 668332
16 0 668370
16 0 668407
16 0 668444
16 0 668481
16 0 668518
16 0 668556
16 0 668593
16 0 668630
16 0 668667
16 0 668704
16 0 668741
16 0 668779
16 0 668816
16 0 668853
16 0 668891
16 0 668927
16 0 668965
16 0 669002
16 0 669039
16 0 669077
16 0 669114
16 0 669151
16 0 669188
16 0 669225
83 0 669257
83 1 669395
16 1 670001
8 0 671545
8 1 671662
16 0 672025
66 0 672365
66 1 672482
16 1 672513
65 0 672754
65 1 672839
90 0 673101
90 1 673223
65 0 673341
65 1 673463
32 0 673627
32 1 673781
83 0 674046
83 1 674158
73 0 674255
73 1 674356
83 0 674402
83 1 674513
84 0 674684
84 1 674796
69 0 674893
69 1 675026
77 0 675074
77 1 675186
85 0 675350
85 1 675435
76 0 675647
76 1 675721
85 0 675891
85 1 676013
73 0 676088
73 1 676205
32 0 676263
32 1 676401
80 0 676500
80 1 676596
79 0 676679
65 0 676802
79 1 676807
65 1 676913
84 0 677046
84 1 677146
69 0 677207
32 0 677335
69 1 677340
32 1 677462
67 0 677554
67 1 677644
65 0 677687
65 1 677826
32 0 677850
32 1 677993
78 0 678064
85 0 678186
78 1 678191
85 1 678356
32 0 678385
32 1 678539
69 0 678583
69 1 678706
32 0 678750
32 1 678915
65 0 679001
65 1 679134
83 0 679525
83 1 679621
65 0 679714
65 1 679847
32 0 679887
32 1 680030
68 0 680271
68 1 680371
69 0 680469
69 1 680575
90 0 680833
90 1 680960
65 0 681095
65 1 681206
83 0 681308
83 1 681420
84 0 681600
84 1 681717
82 0 681803
82 1 681936
85 0 682380
85 1 682497
79 0 682645
79 1 682770
65 0 682943
65 1 683065
83 0 683159
65 0 683282
83 1 683303
65 1 683441
188 0 683960
188 1 684041
32 0 684214
32 1 684347
68 0 684465
68 1 684554
65 0 684617
65 1 684755
82 0 684880
32 0 684944
82 1 684965
32 1 685119
68 0 686621
68 1 686722
73 0 686794
73 1 686927
78 0 686987
78 1 687114
32 0 687176
32 1 687309
80 0 687389
80 1 687512
65 0 687538
65 1 687633
67 0 687732
67 1 687823
65 0 687888
65 1 688032
84 0 688157
84 1 688263
69 0 688344
69 1 688456
32 0 688461
32 1 688610
78 0 690141
78 1 690279
85 0 690404
85 1 690505
8 0 692356
8 1 692415
8 0 692618
8 1 692734
65 0 694489
65 1 694606
80 0 694689
80 1 694800
76 0 694964
76 1 695086
8 0 695844
8 1 695939
8 0 696026
8 1 696133
8 0 696293
8 1 696399
70 0 696756
70 1 696852
69 0 696942
69 1 697058
76 0 697124
76 1 697220
85 0 697404
85 1 697516
76 0 697730
76 1 697831
85 0 698005
85 1 698116
73 0 698198
73 1 698310
32 0 698994
32 1 699111
73 0 699189
73 1 699327
78 0 699418
78 1 699546
32 0 699635
67 0 699762
32 1 699773
67 1 699884
65 0 699999
65 1 700121
82 0 700303
82 1 700419
69 0 700471
69 1 700604
32 0 701234
32 1 701362
83 0 701562
83 1 701684
69 0 701768
32 0 701881
69 1 701923
32 1 702061
73 0 702168
73 1 702280
78 0 702372
78 1 702515
84 0 702526
84 1 702648
65 0 702807
65 1 702935
77 0 703018
77 1 703125
80 0 703239
80 1 703419
76 0 703425
76 1 703574
65 0 703579
65 1 703733
32 0 703749
32 1 703903
76 0 704021
76 1 704149
85 0 704263
85 1 704396
67 0 704450
67 1 704551
82 0 704710
82 1 704837
85 0 704891
85 1 705024
82 0 705075
82 1 705176
73 0 705225
73 1 705331
76 0 705474
76 1 705601
69 0 705672
69 1 705778
32 0 705832
32 1 705965
78 0 706265
78 1 706425
85 0 706498
85 1 706646
32 0 706855
32 1 706988
69 0 707754
69 1 707871
32 0 707925
32 1 708058
80 0 708193
80 1 708283
82 0 708344
82 1 708451
69 0 708503
69 1 708609
65 0 708696
65 1 708829
32 0 708844
32 1 708993
79 0 709327
79 1 709481
75 0 709579
75 1 709685
190 0 710613
190 1 710682
32 0 712900
32 1 713001
16 0 715712
69 0 715946
69 1 716108
16 1 716140
32 0 716345
32 1 716472
66 0 716643
66 1 716749
73 0 716809
78 0 717017
73 1 717032
78 1 717171
69 0 717199
69 1 717338
32 0 717363
32 1 717480
67 0 717628
67 1 717734
65 0 717830
65 1 717958
32 0 718276
32 1 718408
73 0 718618
73 1 718750
78 0 718891
78 1 719014
86 0 719185
86 1 719291
65 0 719383
65 1 719500
84 0 719717
84 1 719824
65 0 719978
65 1 720090
77 0 720250
77 1 720330
32 0 720458
32 1 720586
77 0 720733
77 1 720834
85 0 720952
85 1 721085
84 0 721348
84 1 721443
8 0 722110
8 1 722204
76 0 722428
76 1 722534
84 0 722626
84 1 722717
32 0 722769
32 1 722892
77 0 723260
77 1 723387
65 0 723458
65 1 723570
73 0 723586
73 1 723729
32 0 723785
32 1 723907
77 0 724038
77 1 724144
85 0 724253
85 1 724381
76 0 724522
84 0 724634
76 1 724650
84 1 724740
69 0 724812
69 1 724924
32 0 724929
32 1 725041
76 0 725084
76 1 725196
85 0 725306
85 1 725440
67 0 725494
67 1 725584
82 0 725756
82 1 725867
85 0 725940
85 1 726052
82 0 726271
82 1 726366
73 0 726543
73 1 726649
32 0 726891
32 1 727023
68 0 727101
68 1 727202
69 0 727265
69 1 727376
67 0 727514
67 1 727626
65 0 727785
65 1 727928
84 0 728063
84 1 728196
32 0 729132
32 1 729238
83 0 729505
83 1 729617
69 0 729703
69 1 729831
32 0 729862
32 1 730005
73 0 730093
73 1 730221
78 0 730337
78 1 730449
86 0 730519
86 1 730625
65 0 730741
65 1 730842
84 0 730999
84 1 731100
65 0 731265
65 1 731401
32 0 731430
32 1 731568
73 0 731730
73 1 731868
78 0 731924
78 1 732036
32 0 732095
32 1 732239
65 0 732244
65 1 732388
76 0 732431
76 1 732570
84 0 732585
84 1 732676
69 0 732766
69 1 732909
32 0 732919
32 1 733042
84 0 733084
84 1 733190
65 0 733338
65 1 733466
82 0 733541
82 1 733647
73 0 733729
73 1 733862
190 0 734723
190 1 734792
32 0 735109
32 1 735210
16 0 735366
68 0 735573
16 1 735674
68 1 735706
69 0 735908
69 1 736019
32 0 736826
32 1 736937
69 0 737238
69 1 737323
88 0 737569
88 1 737670
69 0 737835
69 1 737946
77 0 738329
77 1 738403
76 0 738790
76 1 738885
8 0 739382
8 1 739493
80 0 740858
80 1 740943
76 0 741056
76 1 741136
85 0 741295
85 1 741433
32 0 741537
32 1 741675
67 0 741735
67 1 741852
69 0 741935
69 1 742073
32 0 742122
32 1 742255
70 0 742474
70 1 742575
65 0 742699
65 1 742821
67 0 742909
67 1 743026
69 0 743130
69 1 743242
65 0 743377
65 1 743518
77 0 744173
77 1 744312
32 0 745342
32 1 745490
78 0 745832
78 1 745980
79 0 746006
79 1 746256
73 0 746261
73 1 746404
32 0 746577
32 1 746705
76 0 746980
76 1 747081
65 0 748169
65 1 748302
32 0 748441
32 1 748558
77 0 748853
77 1 748975
65 0 749109
65 1 749221
84 0 749436
84 1 749577
69 0 749659
69 1 749781
32 0 750702
32 1 750814
73 0 750953
73 1 751075
78 0 751187
78 1 751304
32 0 751427
32 1 751538
67 0 751593
67 1 751715
76 0 751801
76 1 751902
65 0 751967
65 1 752084
83 0 752186
83 1 752314
65 0 752355
65 1 752504
32 0 752989
32 1 753106
65 0 753303
65 1 753420
32 0 753746
32 1 753900
54 0 754786
54 1 754903
189 0 755040
189 1 755140
65 0 755277
65 1 755388
32 0 755974
32 1 756090
83 0 756180
65 0 756302
83 1 756307
65 1 756451
85 0 756461
32 0 756589
85 1 756594
32 1 756770
65 0 757233
65 1 757339
32 0 757767
32 1 757868
55 0 758199
55 1 758295
189 0 758418
189 1 758524
65 0 759327
65 1 759428
32 0 759727
32 1 759849
83 0 760162
83 1 760268
69 0 760384
32 0 760464
69 1 760511
32 1 760634
70 0 761006
70 1 761107
65 0 761179
65 1 761333
67 0 761388
67 1 761499
69 0 761590
32 0 761654
69 1 761753
32 1 761779
73 0 761922
73 1 762076
78 0 762099
78 1 762238
32 0 762308
32 1 762467
16 0 762811
65 0 763076
65 1 763225
16 1 763300
85 0 763771
85 1 763883
83 0 763971
83 1 764088
84 0 764236
84 1 764347
82 0 764649
82 1 764763
73 0 764815
73 1 764927
65 0 764980
65 1 765118
32 0 765169
32 1 765313
73 0 765437
73 1 765564
78 0 765632
78 1 765744
32 0 765788
67 0 765900
32 1 765932
67 1 766022
76 0 766103
65 0 766172
76 1 766220
65 1 766332
83 0 766347
65 0 766481
83 1 766502
65 1 766629
32 0 766657
32 1 766800
73 0 766914
73 1 767111
78 0 767121
78 1 767302
32 0 767348
32 1 767508
16 0 768022
65 0 768468
65 1 768633
16 1 768766
57 0 769885
57 1 769969
189 0 770360
189 1 770440
8 0 771310
8 1 771400
8 0 771491
8 1 771608
8 0 771832
8 1 771949
65 0 772332
65 1 772438
32 0 772624
32 1 772740
57 0 772929
57 1 773025
189 0 773366
189 1 773456
65 0 773525
65 1 773636
32 0 773702
32 1 773870
8 0 775036
8 1 775153
188 0 775495
188 1 775623
32 0 775724
32 1 775846
65 0 776610
65 1 776722
32 0 777665
32 1 777771
49 0 778093
49 1 778194
48 0 778434
48 1 778514
189 0 778878
189 1 778963
65 0 779108
65 1 779166
190 0 780177
190 1 780289
32 0 783120
32 1 783226
16 0 783684
16 0 784210
78 0 784242
78 1 784364
16 1 784401
85 0 784527
85 1 784654
32 0 785306
32 1 785439
69 0 785546
69 1 785668
32 0 785717
32 1 785866
66 0 786000
66 1 786116
73 0 786212
78 0 786354
73 1 786391
78 1 786519
69 0 786724
69 1 786841
32 0 786887
32 1 787041
67 0 787295
67 1 787391
65 0 787493
65 1 787616
32 0 787711
32 1 787881
83 0 787997
83 1 788124
69 0 788186
69 1 788334
32 0 789020
32 1 789137
80 0 789446
80 1 789537
85 0 789730
85 1 789890
78 0 789982
78 1 790114
69 0 790119
69 1 790247
32 0 790272
32 1 790432
68 0 790578
68 1 790705
69 0 790871
69 1 790993
32 0 791108
32 1 791240
77 0 791937
77 1 792052
85 0 792178
85 1 792295
76 0 792442
84 0 792559
76 1 792575
84 1 792671
69 0 792768
32 0 792863
69 1 792904
32 1 793017
79 0 793068
79 1 793217
82 0 793233
82 1 793340
73 0 793373
73 1 793506
32 0 793964
32 1 794092
65 0 794149
65 1 794272
67 0 794454
67 1 794539
67 0 794638
67 1 794739
69 0 795232
69 1 795343
78 0 795543
78 1 795692
84 0 795743
84 1 795844
85 0 795954
85 1 796087
76 0 796241
76 1 796352
32 0 796487
32 1 796636
80 0 798720
80 1 798827
69 0 798982
69 1 799093
32 0 799818
32 1 799946
84 0 801884
84 1 801984
79 0 802081
79 1 802182
67 0 802417
67 1 802508
73 0 802620
73 1 802732
84 0 803073
84 1 803184
32 0 803345
32 1 803472
83 0 803750
83 1 803829
73 0 803884
32 0 804006
73 1 804022
32 1 804174
78 0 804302
78 1 804441
85 0 804477
85 1 804652
32 0 804709
32 1 804890
80 0 805078
80 1 805201
69 0 805271
69 1 805420
32 0 805493
32 1 805664
73 0 805901
73 1 806023
78 0 806142
78 1 806281
84 0 806351
84 1 806430
69 0 806552
69 1 806663
76 0 806789
76 1 806906
69 0 807010
69 1 807116
83 0 807246
83 1 807379
190 0 808014
190 1 808146
32 0 809657
32 1 809763
16 0 810622
69 0 810824
69 1 810962
16 1 810988
88 0 811187
88 1 811299
69 0 811721
69 1 811828
80 0 811967
80 1 812062
77 0 812266
77 1 812361
76 0 812491
76 1 812624
85 0 812814
85 1 812915
76 0 813140
76 1 813260
32 0 813631
32 1 813764
67 0 813945
67 1 814036
69 0 814181
69 1 814309
76 0 814427
76 1 814523
37 0 815476
37 1 815646
37 0 815857
37 1 816091
37 0 816140
37 1 816271
37 0 816309
37 1 816400
37 0 816468
37 1 816553
37 0 816665
37 1 816798
37 0 816873
37 1 817006
37 0 817121
37 1 817227
8 0 817736
8 1 817842
39 0 818114
39 1 818252
80 0 818938
80 1 819022
39 0 819422
39 0 819948
39 0 819985
39 0 820022
39 0 820059
39 0 820097
39 0 820134
39 0 820171
39 0 820208
39 0 820245
39 1 820293
32 0 820590
32 1 820723
77 0 820902
77 1 821019
65 0 821086
73 0 821187
65 1 821192
73 1 821304
32 0 821359
32 1 821519
66 0 821618
85 0 821746
66 1 821751
85 1 821900
78 0 821943
78 1 822082
32 0 822114
32 1 822269
69 0 822369
69 1 822481
32 0 822574
32 1 822702
86 0 824055
86 1 824102
8 0 824571
8 1 824672
66 0 824769
66 1 824865
65 0 825184
65 1 825301
67 0 825481
67 1 825560
85 0 825651
85 1 825806
76 0 826099
76 1 826205
32 0 826377
32 1 826526
76 0 826721
76 1 826838
65 0 826854
65 1 827024
32 0 827066
32 1 827225
82 0 827903
82 1 828014
79 0 828072
79 1 828205
77 0 828346
77 1 828460
65 0 828471
65 1 828593
78 0 828677
78 1 828788
65 0 828813
65 1 828941
190 0 829399
190 1 829505
32 0 829868
32 1 829974
16 0 830496
16 0 831023
16 0 831061
16 0 831097
16 0 831134
16 0 831171
16 0 831208
16 0 831245
16 0 831282
16 0 831320
16 0 831357
16 0 831394
16 0 831450
16 0 831488
84 0 831493
84 1 831636
16 1 831663
82 0 831900
82 1 832017
69 0 832257
69 1 832385
66 0 832492
66 1 832646
85 0 832656
73 0 832726
85 1 832789
73 1 832901
69 0 832956
69 1 833078
32 0 833108
32 1 833247
83 0 833356
65 0 833489
83 1 833494
32 0 833643
65 1 833648
32 1 833824
67 0 833960
67 1 834067
79 0 834152
79 1 834291
77 0 834411
77 1 834541
69 0 834575
69 1 834687
78 0 834810
78 1 834943
84 0 835014
84 1 835131
65 0 835315
65 1 835458
77 0 835821
77 1 835922
32 0 836249
32 1 836382
79 0 836569
79 1 836676
80 0 837369
80 1 837470
69 0 837673
69 1 837785
82 0 837887
82 1 837999
69 0 838085
69 1 838186
188 0 839981
188 1 840055
32 0 840309
32 1 840431
68 0 840567
68 1 840658
65 0 840744
65 1 840877
82 0 841003
32 0 841115
82 1 841126
32 1 841354
78 0 842754
78 1 842898
85 0 842954
85 1 843102
32 0 843108
32 1 843279
83 0 843317
83 1 843434
85 0 843458
85 1 843599
78 0 843678
84 0 843790
78 1 843806
84 1 843896
69 0 844002
69 1 844114
77 0 844166
77 1 844299
32 0 844407
32 1 844550
76 0 844707
76 1 844829
65 0 844908
65 1 845030
83 0 845129
83 1 845230
65 0 845246
65 1 845389
84 0 845514
84 1 845637
73 0 845647
32 0 845775
73 1 845785
32 1 845950
83 0 846011
83 1 846128
65 0 846161
32 0 846310
65 1 846320
32 1 846490
78 0 846566
78 1 846712
69 0 846757
32 0 846884
69 1 846895
32 1 847033
69 0 847142
69 1 847253
88 0 847440
88 1 847547
80 0 847622
80 1 847723
76 0 847825
76 1 847915
73 0 848028
73 1 848124
77 0 848265
77 1 848387
65 0 848414
65 1 848537
77 0 848607
77 1 848729
32 0 849098
32 1 849252
80 0 849465
80 1 849566
82 0 849607
82 1 849716
79 0 849761
79 1 849862
80 0 850035
80 1 850158
82 0 850289
82 1 850390
79 0 850471
79 1 850545
85 0 850716
85 1 850854
8 0 851486
8 1 851582
8 0 851679
8 1 851764
73 0 852413
73 1 852530
85 0 852631
85 1 852735
76 0 852885
76 1 853013
32 0 853096
80 0 853224
32 1 853229
80 1 853367
85 0 853511
85 1 853644
78 0 853712
78 1 853846
67 0 853861
67 1 853984
84 0 854149
32 0 854229
84 1 854288
32 1 854415
68 0 854520
69 0 854643
68 1 854664
69 1 854807
32 0 854847
32 1 855011
8 0 860054
8 1 860155
82 0 860207
82 1 860297
39 0 860843
39 1 860998
39 0 861061
39 0 861587
39 0 861624
39 0 861662
39 0 861699
39 0 861736
39 0 861792
39 0 861829
39 0 861866
39 0 861904
39 0 861941
39 0 861978
39 0 862015
39 0 862052
39 0 862090
39 0 862127
39 0 862164
39 0 862201
39 0 862238
39 0 862276
39 0 862313
39 0 862350
39 0 862387
39 0 862424
39 0 862462
39 1 862536
86 0 863208
86 1 863304
69 0 863415
69 1 863526
68 0 863613
68 1 863704
69 0 863804
69 1 863937
82 0 865003
82 1 865099
69 0 865180
69 1 865313
32 0 865354
32 1 865529
8 0 866211
8 1 866334
188 0 866986
188 1 867071
32 0 867356
32 1 867483
84 0 867625
84 1 867758
82 0 867788
69 0 867855
82 1 867903
69 1 868020
66 0 868067
85 0 868179
66 1 868221
73 0 868253
85 1 868333
73 1 868428
69 0 868515
69 1 868648
32 0 868653
32 1 868802
83 0 868908
83 1 869025
65 0 869054
65 1 869213
32 0 869241
32 1 869411
83 0 869669
83 1 869765
80 0 869844
80 1 869956
85 0 870246
85 1 870347
78 0 870485
78 1 870607
69 0 870685
69 1 870781
77 0 871443
77 1 871528
32 0 871664
32 1 871797
67 0 871942
67 1 872043
69 0 872173
32 0 872248
69 1 872274
32 1 872402
65 0 872534
65 1 872662
32 0 873004
32 1 873137
83 0 873513
83 1 873609
80 0 873730
80 1 873847
85 0 873999
85 1 874106
83 0 874135
83 1 874284
32 0 874327
32 1 874460
67 0 874590
67 1 874659
82 0 874846
82 1 874963
73 0 875040
73 1 875151
84 0 875236
84 1 875348
73 0 875447
73 1 875554
67 0 875779
67 1 875885
85 0 875976
85 1 876104
76 0 876310
76 1 876405
32 0 878410
32 1 878527
69 0 878746
69 1 878847
85 0 878887
85 1 878993
32 0 879091
32 1 879218
83 0 879234
83 1 879330
84 0 879485
73 0 879602
84 1 879607
73 1 879703
85 0 879800
85 1 879917
32 0 880241
32 1 880390
67 0 880499
67 1 880595
65 0 880740
65 1 880878
82 0 880975
82 1 881092
69 0 881097
69 1 881246
190 0 881866
190 1 881945
16 0 910273
80 0 910698
80 1 910794
16 1 910847
65 0 910976
65 1 911109
82 0 911213
82 1 911330
69 0 911336
69 1 911490
32 0 911506
32 1 911655
65 0 911749
65 1 911898
32 0 911992
32 1 912130
70 0 912597
70 1 912709
73 0 912759
73 1 912887
32 0 912948
32 1 913096
79 0 913329
79 1 913430
32 0 913711
32 1 913854
83 0 914122
83 1 914212
67 0 914299
67 1 914410
69 0 914496
69 1 914602
78 0 914651
78 1 914773
65 0 914825
65 1 914942
32 0 915390
32 1 915486
83 0 915675
83 1 915775
73 0 915909
73 1 916016
32 0 917414
32 1 917521
16 0 918214
71 0 918400
16 1 918485
71 1 918575
82 0 918691
82 1 918797
69 0 918899
69 1 919022
67 0 919246
67 1 919356
73 0 919487
73 1 919593
65 0 920218
65 1 920371
32 0 921672
32 1 921805
83 0 922473
83 1 922590
65 0 922696
65 1 922855
85 0 923023
85 1 923162
32 0 926604
32 1 926705
16 0 927004
82 0 927259
16 1 927381
82 1 927392
79 0 927531
79 1 927664
77 0 927827
77 1 927943
65 0 928027
65 1 928160
32 0 928254
32 1 928385
16 0 928920
65 0 929154
65 1 929297
16 1 929302
78 0 929529
78 1 929657
84 0 929807
84 1 929924
73 0 929978
73 1 930095
67 0 930145
67 1 930257
65 0 930337
65 1 930459
190 0 930933
190 1 931070
32 0 931662
32 1 931805
16 0 932267
65 0 932575
65 1 932734
16 1 932803
83 0 933118
83 1 933214
32 0 933348
32 1 933492
77 0 933788
77 1 933910
69 0 934249
69 1 934339
82 0 934443
82 1 934539
71 0 934634
71 1 934734
69 0 934806
32 0 934923
69 1 934939
32 1 935088
80 0 935227
80 1 935328
69 0 935395
69 1 935506
32 0 935577
32 1 935705
16 0 935863
71 0 936102
16 1 936251
71 1 936266
82 0 936379
82 1 936501
69 0 936562
69 1 936668
67 0 936827
67 1 936928
73 0 936955
73 1 937072
65 0 937118
65 1 937267
32 0 937488
32 1 937610
68 0 937924
68 1 938014
69 0 938103
69 1 938230
79 0 938362
79 1 938468
65 0 939284
65 1 939406
82 0 939827
82 1 939934
69 0 939994
69 1 940106
67 0 940231
67 1 940332
69 0 940415
69 1 940545
32 0 940570
32 1 940713
83 0 941044
83 1 941151
69 0 941247
32 0 941359
69 1 941364
32 1 941513
80 0 941575
80 1 941676
79 0 941778
79 1 941911
84 0 941968
84 1 942064
32 0 942108
32 1 942267
79 0 943176
79 1 943292
66 0 943462
66 1 943587
68 0 943728
68 1 943792
8 0 944193
8 1 944311
83 0 944399
83 1 944495
69 0 944587
69 1 944709
82 0 944760
82 1 944845
86 0 944959
86 1 945081
65 0 945208
65 1 945383
32 0 945489
32 1 945638
80 0 946681
80 1 946792
69 0 946902
69 1 946997
32 0 947059
32 1 947193
77 0 947419
77 1 947525
65 0 947641
65 1 947795
82 0 948519
82 1 948635
71 0 949690
71 1 949797
73 0 949867
73 1 950021
78 0 950178
78 1 950300
69 0 950365
69 1 950466
65 0 950625
65 1 950758
32 0 952947
32 1 953085
66 0 953781
66 1 953887
79 0 953989
79 1 954101
76 0 954231
76 1 954348
84 0 954420
84 1 954515
73 0 954556
73 1 954667
84 0 954764
84 1 954854
65 0 955058
65 1 955197
32 0 955301
32 1 955449
77 0 959321
77 1 959449
79 0 959637
79 1 959754
68 0 960138
68 1 960250
69 0 960508
69 1 960630
76 0 960856
76 1 960951
69 0 961128
69 1 961213
76 0 961315
76 1 961410
69 0 961841
69 1 961947
32 0 962604
32 1 962748
82 0 963109
82 1 963199
8 0 963673
8 1 963790
84 0 963876
84 1 963987
73 0 964052
73 1 964148
80 0 964261
80 1 964373
73 0 964487
73 1 964610
67 0 964705
67 1 964814
32 0 964938
32 1 965086
71 0 965513
71 1 965652
82 0 965759
82 1 965881
69 0 966197
69 1 966287
67 0 966593
67 1 966684
69 0 966807
69 1 966903
83 0 966987
83 1 967083
84 0 967276
84 1 967393
73 0 967477
73 1 967621
190 0 968845
190 1 968914
32 0 970676
32 1 970808
16 0 973498
80 0 973679
80 1 973769
16 1 973807
69 0 974018
69 1 974119
82 0 974205
82 1 974338
83 0 974489
83 1 974611
79 0 974682
79 1 974799
78 0 974891
78 1 975045
65 0 975061
65 1 975204
76 0 975324
76 1 975419
8 0 975869
8 1 975944
74 0 976203
74 1 976310
69 0 976399
69 1 976506
76 0 976546
76 1 976668
69 0 976700
69 1 976801
32 0 977065
32 1 977193
80 0 977353
80 1 977470
65 0 977530
65 1 977647
82 0 977746
82 1 977873
32 0 977878
32 1 978049
65 0 978132
65 1 978270
32 0 978297
32 1 978431
70 0 978505
70 1 978627
73 0 978668
73 1 978828
32 0 978905
32 1 979054
73 0 979243
73 1 979392
78 0 979584
78 1 979707
84 0 979836
84 1 979951
69 0 980038
69 1 980150
76 0 980227
76 1 980360
69 0 980394
69 1 980500
67 0 980644
67 1 980744
84 0 980950
84 1 981071
85 0 981112
85 1 981229
65 0 981334
65 1 981461
76 0 981506
76 1 981623
73 0 981747
73 1 981864
32 0 982286
32 1 982419
68 0 982517
68 1 982629
69 0 982693
32 0 982826
69 1 982831
32 1 982964
76 0 983075
76 1 983208
65 0 983232
65 1 983386
32 0 983456
32 1 983589
86 0 983681
86 1 983819
82 0 983903
82 1 983988
69 0 984066
69 1 984161
77 0 984299
77 1 984410
69 0 984468
69 1 984585
65 0 984755
65 1 984898
32 0 984978
32 1 985132
65 0 985363
65 1 985496
67 0 985742
67 1 985833
69 0 986193
69 1 986272
69 0 986349
69 1 986455
65 0 986871
65 1 987024
190 0 987645
190 1 987708
32 0 989893
32 1 989983
8 0 992187
8 1 992325
8 0 992456
8 1 992583
188 0 993004
188 1 993079
32 0 993280
32 1 993408
68 0 993569
68 1 993691
65 0 993751
65 1 993895
82 0 994029
82 1 994157
32 0 994283
32 1 994405
83 0 996028
83 1 996123
73 0 996334
73 1 996441
32 0 996577
32 1 996705
79 0 996837
79 1 996954
65 0 997127
65 1 997254
77 0 997325
77 1 997431
69 0 997493
69 1 997626
78 0 997637
78 1 997754
73 0 997784
73 1 997944
32 0 998018
32 1 998196
68 0 998201
68 1 998334
69 0 998447
32 0 998489
69 1 998542
32 1 998675
82 0 998772
82 1 998894
65 0 999018
65 1 999162
78 0 999252
78 1 999379
68 0 999414
68 1 999520
190 0 1000249
190 1 1000366
32 0 1002293
32 1 1002426
16 0 1003213
85 0 1003421
85 1 1003559
16 1 1003590
78 0 1003752
78 1 1003880
73 0 1004063
73 1 1004164
73 0 1004255
73 1 1004361
32 0 1004851
32 1 1005000
67 0 1005125
67 1 1005210
79 0 1005282
79 1 1005419
78 0 1005654
78 1 1005771
86 0 1005908
86 1 1006004
69 0 1006166
69 1 1006267
82 0 1006359
82 1 1006476
83 0 1006586
83 1 1006693
69 0 1006789
69 1 1006916
65 0 1007002
65 1 1007125
90 0 1007274
90 1 1007353
65 0 1007482
65 1 1007599
32 0 1008668
32 1 1008811
68 0 1008956
68 1 1009100
69 0 1009149
69 1 1009266
83 0 1009377
83 1 1009462
80 0 1009893
80 1 1010005
82 0 1010045
82 1 1010141
69 0 1010228
69 1 1010338
65 0 1010459
65 1 1010560
8 0 1011426
8 1 1011537
32 0 1011676
32 1 1011793
68 0 1012196
68 1 1012308
73 0 1012408
73 1 1012525
86 0 1012681
86 1 1012766
69 0 1012886
69 1 1012987
82 0 1013061
82 1 1013167
83 0 1013283
83 1 1013392
69 0 1013482
32 0 1013583
69 1 1013599
32 1 1013732
83 0 1013880
83 1 1013986
85 0 1014014
85 1 1014168
66 0 1014204
66 1 1014358
73 0 1014424
69 0 1014557
73 1 1014568
69 1 1014668
67 0 1014784
67 1 1014891
84 0 1015105
84 1 1015205
69 0 1015292
69 1 1015435
188 0 1015538
188 1 1015655
32 0 1015899
32 1 1016005
65 0 1016244
65 1 1016361
84 0 1016579
84 1 1016691
73 0 1016739
73 1 1016830
73 0 1016929
73 1 1017030
32 0 1017624
32 1 1017762
80 0 1018632
80 1 1018749
65 0 1019068
65 1 1019185
82 0 1019308
82 1 1019460
32 0 1019565
32 1 1019709
65 0 1019935
65 1 1020068
32 0 1020175
32 1 1020298
67 0 1020429
67 1 1020551
69 0 1020658
69 1 1020769
82 0 1020842
82 1 1020959
69 0 1021008
69 1 1021114
32 0 1021164
32 1 1021308
65 0 1021558
65 1 1021712
74 0 1021920
74 1 1022063
85 0 1022136
85 1 1022264
84 0 1022311
84 1 1022401
79 0 1022637
79 1 1022738
82 0 1024009
82 1 1024131
188 0 1024949
188 1 1025056
32 0 1025479
32 1 1025572
73 0 1026293
73 1 1026410
65 0 1026517
65 1 1026671
82 0 1026796
32 0 1026903
82 1 1026908
32 1 1027062
85 0 1027191
85 1 1027334
78 0 1027440
78 1 1027584
73 0 1027665
73 1 1027782
73 0 1028114
73 1 1028215
32 0 1028672
32 1 1028810
80 0 1029011
80 1 1029112
65 0 1029188
65 1 1029305
82 0 1029450
82 1 1029567
32 0 1029639
32 1 1029819
65 0 1030448
65 1 1030603
32 0 1030686
32 1 1030798
83 0 1030977
83 1 1031067
69 0 1031171
32 0 1031320
69 1 1031325
32 1 1031469
71 0 1031553
71 1 1031678
65 0 1031877
65 1 1031951
78 0 1032112
68 0 1032250
78 1 1032255
68 1 1032383
73 0 1032435
73 1 1032568
32 0 1034425
32 1 1034542
76 0 1034944
76 1 1035061
65 0 1035127
65 1 1035260
32 0 1036152
32 1 1036268
68 0 1041962
68 1 1042047
73 0 1042149
73 1 1042251
86 0 1042332
86 1 1042423
69 0 1042536
69 1 1042647
82 0 1042732
82 1 1042844
83 0 1042970
83 1 1043077
69 0 1043163
32 0 1043270
69 1 1043286
32 1 1043424
76 0 1043518
76 1 1043650
85 0 1043744
67 0 1043845
85 1 1043877
67 1 1043951
82 0 1044121
82 1 1044243
85 0 1044299
85 1 1044426
82 0 1044622
82 1 1044750
73 0 1045628
73 1 1045740
32 0 1046513
32 1 1046672
83 0 1046755
83 1 1046920
65 0 1046953
65 1 1047139
8 0 1048814
8 1 1048931
8 0 1049001
8 1 1049123
8 0 1049216
8 1 1049327
190 0 1050437
190 1 1050565
32 0 1051961
32 1 1052072
16 0 1052625
83 0 1053037
16 1 1053149
83 1 1053175
67 0 1053375
67 1 1053498
69 0 1053605
69 1 1053722
78 0 1053837
78 1 1053959
65 0 1054031
65 1 1054170
32 0 1054267
32 1 1054394
83 0 1054854
83 1 1054951
69 0 1055045
32 0 1055173
69 1 1055178
32 1 1055342
80 0 1055613
80 1 1055714
82 0 1055873
82 1 1055985
69 0 1056081
69 1 1056193
84 0 1056315
84 1 1056432
69 0 1056529
69 1 1056656
67 0 1056817
67 1 1056939
69 0 1057015
69 1 1057148
80 0 1057302
80 1 1057403
69 0 1057468
69 1 1057595
8 0 1058280
8 1 1058370
8 0 1058464
8 1 1058554
8 0 1059346
8 1 1059431
8 0 1059533
8 1 1059623
8 0 1059716
8 1 1059822
8 0 1059889
8 1 1059979
8 0 1060046
8 1 1060137
8 0 1060230
8 1 1060352
69 0 1060763
69 1 1060885
84 0 1061049
84 1 1061171
82 0 1061231
69 0 1061358
82 1 1061363
69 1 1061502
67 0 1061643
67 1 1061718
67 0 1061919
67 1 1062035
69 0 1062065
69 1 1062213
8 0 1062935
8 1 1063030
8 0 1063113
8 1 1063198
69 0 1063295
69 1 1063401
32 0 1063461
32 1 1063615
76 0 1063887
76 1 1063998
65 0 1064112
65 1 1064245
32 0 1064303
32 1 1064430
73 0 1064507
78 0 1064688
73 1 1064693
84 0 1064832
78 1 1064864
84 1 1064983
82 0 1065014
82 1 1065131
65 0 1065283
65 1 1065400
82 0 1065801
82 1 1065923
69 0 1066012
69 1 1066139
65 0 1066258
65 1 1066402
32 0 1067825
32 1 1067941
73 0 1068085
73 1 1068229
78 0 1068419
78 1 1068584
84 0 1068763
84 1 1068854
82 0 1069015
82 1 1069148
189 0 1069560
189 1 1069682
85 0 1070221
85 1 1070348
78 0 1070549
78 1 1070671
32 0 1072371
32 1 1072499
84 0 1072753
84 1 1072875
69 0 1072965
69 1 1073092
77 0 1073169
77 1 1073280
80 0 1073402
80 1 1073567
76 0 1073688
76 1 1073810
85 0 1073944
85 1 1074090
32 0 1074483
32 1 1074637
83 0 1074734
65 0 1074894
83 1 1074898
85 0 1075063
65 1 1075068
85 1 1075202
32 0 1075287
32 1 1075442
80 0 1075563
80 1 1075695
65 0 1075792
65 1 1075904
76 0 1075954
76 1 1076055
65 0 1076084
65 1 1076207
84 0 1076511
84 1 1076617
190 0 1077933
190 1 1078013
32 0 1079966
32 1 1080113
16 0 1080419
16 0 1080945
16 0 1080982
16 0 1081019
16 0 1081056
16 0 1081094
16 0 1081131
16 0 1081168
16 0 1081205
16 0 1081243
16 0 1081280
16 0 1081317
16 0 1081354
16 0 1081391
16 0 1081428
16 0 1081465
16 0 1081502
16 0 1081541
16 0 1081577
16 0 1081614
16 0 1081651
16 0 1081689
16 0 1081726
16 0 1081763
16 0 1081800
16 0 1081837
16 0 1081875
16 0 1081912
16 0 1081949
16 0 1081986
16 0 1082023
16 0 1082061
16 0 1082098
16 0 1082135
16 0 1082172
16 0 1082209
16 0 1082247
16 0 1082284
16 0 1082321
16 0 1082358
16 0 1082395
16 0 1082433
16 0 1082470
16 0 1082507
16 0 1082544
16 0 1082581
16 0 1082618
16 0 1082656
16 0 1082693
16 0 1082730
16 0 1082767
16 0 1082805
16 0 1082842
16 0 1082879
16 0 1082916
16 0 1082954
16 0 1082990
16 0 1083028
16 0 1083065
16 0 1083103
16 0 1083159
16 0 1083196
16 0 1083233
16 0 1083270
16 0 1083307
16 0 1083344
16 0 1083381
16 0 1083419
16 0 1083456
16 0 1083493
16 0 1083531
16 0 1083567
16 0 1083605
16 0 1083642
16 0 1083679
16 0 1083717
16 0 1083753
16 0 1083790
16 0 1083828
16 0 1083865
16 0 1083903
16 0 1083939
16 0 1083977
16 0 1084014
16 0 1084051
16 0 1084088
16 0 1084126
16 0 1084163
16 0 1084200
16 0 1084237
16 0 1084274
16 0 1084311
16 0 1084349
16 0 1084386
16 0 1084423
16 0 1084460
16 0 1084498
16 0 1084535
16 0 1084572
16 0 1084609
16 0 1084646
16 0 1084683
16 0 1084721
16 0 1084759
16 0 1084795
16 0 1084832
16 0 1084870
16 0 1084907
16 1 1084976
16 0 1085829
80 0 1086156
80 1 1086225
16 1 1086364
69 0 1088321
69 1 1088480
32 0 1088753
32 1 1088865
86 0 1090162
86 1 1090311
82 0 1090892
82 1 1090993
69 0 1091116
69 1 1091222
77 0 1091388
77 1 1091521
69 0 1091603
69 1 1091709
65 0 1091927
65 1 1092054
32 0 1093468
32 1 1093590
65 0 1093752
65 1 1093895
67 0 1094035
67 1 1094152
69 0 1094374
69 1 1094448
69 0 1094530
69 1 1094626
65 0 1094830
65 1 1094941
32 0 1095497
32 1 1095635
79 0 1095950
79 1 1096077
65 0 1096145
65 1 1096266
77 0 1096354
77 1 1096466
69 0 1096482
69 1 1096593
78 0 1096604
73 0 1096710
78 1 1096721
73 1 1096870
65 0 1097322
65 1 1097434
8 0 1097818
8 1 1097924
79 0 1098283
79 1 1098337
8 0 1098862
8 1 1098989
73 0 1099185
73 1 1099297
32 0 1099433
32 1 1099570
68 0 1099955
68 1 1100066
85 0 1100104
85 1 1100248
67 0 1100264
67 1 1100413
69 0 1100477
69 1 1100610
65 0 1100698
85 0 1100836
65 1 1100842
85 1 1100980
32 0 1101076
32 1 1101220
86 0 1101249
86 1 1101358
73 0 1101433
73 1 1101540
69 0 1101573
69 1 1101700
84 0 1101837
84 1 1101949
73 0 1101990
73 1 1102101
32 0 1102637
32 1 1102754
83 0 1104149
83 1 1104251
73 0 1104546
73 1 1104663
77 0 1104992
77 1 1105093
80 0 1105227
80 1 1105360
76 0 1105468
76 1 1105607
69 0 1105712
69 1 1105835
188 0 1106337
188 1 1106432
32 0 1106594
32 1 1106716
68 0 1106824
68 1 1106925
65 0 1107022
65 1 1107117
82 0 1107253
82 1 1107373
32 0 1107384
32 1 1107532
85 0 1108039
85 1 1108145
8 0 1108598
8 1 1108683
68 0 1109058
68 1 1109169
69 0 1109579
69 1 1109659
83 0 1109812
83 1 1109908
84 0 1110121
84 1 1110238
85 0 1110314
85 1 1110433
76 0 1110607
76 1 1110729
32 0 1111040
32 1 1111167
68 0 1111233
68 1 1111339
69 0 1111408
69 1 1111546
32 0 1111556
32 1 1111695
71 0 1111782
82 0 1111878
71 1 1111894
69 0 1112000
82 1 1112027
69 1 1112181
76 0 1112289
76 1 1112406
69 0 1112499
69 1 1112622
190 0 1113134
190 1 1113219
32 0 1113607
32 1 1113713
69 0 1113988
69 1 1114089
8 0 1114861
8 1 1114978
16 0 1115088
69 0 1115301
69 1 1115423
16 1 1115477
73 0 1115823
73 1 1115929
32 0 1116382
32 1 1116512
78 0 1116653
78 1 1116801
85 0 1116829
85 1 1117010
32 0 1117039
32 1 1117225
65 0 1117249
65 1 1117372
86 0 1117517
86 1 1117623
69 0 1117753
69 1 1117859
65 0 1117965
85 0 1118119
65 1 1118124
85 1 1118273
32 0 1118450
32 1 1118625
71 0 1118882
71 1 1118998
82 0 1119528
82 1 1119629
73 0 1119747
73 1 1119858
74 0 1120141
74 1 1120263
73 0 1121408
73 1 1121503
76 0 1121839
76 1 1121914
69 0 1122065
69 1 1122177
32 0 1122256
32 1 1122378
78 0 1122613
78 1 1122778
79 0 1123297
79 1 1123414
65 0 1123510
65 1 1123638
83 0 1123693
83 1 1123826
84 0 1124032
84 1 1124164
82 0 1124204
69 0 1124300
82 1 1124342
69 1 1124464
32 0 1124579
32 1 1124755
83 0 1124954
83 1 1125055
69 0 1125191
69 1 1125324
8 0 1126130
8 1 1126231
8 0 1126324
8 1 1126430
68 0 1126610
68 1 1126722
69 0 1126798
69 1 1126882
83 0 1126985
83 1 1127091
80 0 1127332
80 1 1127439
82 0 1127509
82 1 1127610
69 0 1127697
69 1 1127803
32 0 1128711
32 1 1128833
76 0 1129006
76 1 1129112
79 0 1129258
79 1 1129396
67 0 1129473
67 1 1129569
85 0 1129635
85 1 1129763
76 0 1129934
76 1 1130066
32 0 1130171
68 0 1130314
32 1 1130336
68 1 1130426
69 0 1130482
32 0 1130604
69 1 1130615
32 1 1130748
77 0 1130810
77 1 1130943
85 0 1131039
85 1 1131220
78 0 1131299
78 1 1131431
67 0 1131437
67 1 1131548
65 0 1131658
65 1 1131753
32 0 1131873
32 1 1132000
83 0 1132480
83 1 1132618
65 0 1132659
65 1 1132839
85 0 1132904
85 1 1133075
32 0 1134699
32 1 1134810
65 0 1135024
65 1 1135162
76 0 1135356
76 1 1135458
84 0 1135549
84 1 1135649
69 0 1135734
32 0 1135840
69 1 1135867
32 1 1136005
76 0 1136158
76 1 1136281
85 0 1136398
85 1 1136531
67 0 1136587
67 1 1136694
82 0 1136860
82 1 1136977
85 0 1137044
85 1 1137162
82 0 1137192
82 1 1137299
73 0 1137314
73 1 1137453
32 0 1137589
32 1 1137730
77 0 1137898
77 1 1138015
65 0 1138058
65 1 1138175
84 0 1138362
84 1 1138463
69 0 1138687
69 1 1138793
82 0 1138876
82 1 1138999
73 0 1139043
73 1 1139160
65 0 1139233
65 1 1139377
76 0 1139480
76 1 1139613
69 0 1140982
69 1 1141078
32 0 1141193
32 1 1141336
77 0 1141457
77 1 1141552
79 0 1141668
79 1 1141807
68 0 1141812
68 1 1141945
69 0 1142013
69 1 1142157
82 0 1142241
82 1 1142352
78 0 1142428
78 1 1142518
69 0 1142571
69 1 1142677
188 0 1143059
188 1 1143160
32 0 1143317
32 1 1143455
68 0 1143544
68 1 1143645
65 0 1143738
65 1 1143858
82 0 1143982
32 0 1144078
82 1 1144104
32 1 1144248
65 0 1144348
65 1 1144460
86 0 1144589
86 1 1144668
69 0 1144766
69 1 1144872
65 0 1144998
65 1 1145099
85 0 1145393
85 1 1145531
32 0 1145637
32 1 1145780
71 0 1145861
71 1 1145952
82 0 1146023
82 1 1146140
73 0 1146224
73 1 1146340
74 0 1146498
74 1 1146631
65 0 1146960
65 1 1147088
32 0 1147314
32 1 1147442
84 0 1147690
84 1 1147797
82 0 1147850
82 1 1147994
65 0 1148123
65 1 1148235
73 0 1148312
73 1 1148424
85 0 1148589
85 1 1148701
76 0 1150423
76 1 1150524
85 0 1150690
85 1 1150797
73 0 1150893
73 1 1151000
32 0 1151187
32 1 1151367
83 0 1151479
83 1 1151601
73 0 1151645
73 1 1151757
32 0 1152044
32 1 1152214
65 0 1152555
65 1 1152699
32 0 1152775
32 1 1152898
65 0 1157252
65 1 1157390
83 0 1158101
83 1 1158197
73 0 1158457
73 1 1158558
71 0 1158722
71 1 1158828
85 0 1158898
85 1 1159018
82 0 1159105
82 1 1159201
65 0 1159351
65 1 1159468
82 0 1159625
82 1 1159741
73 0 1159833
73 1 1159929
73 0 1160020
73 1 1160116
32 0 1160484
32 1 1160621
72 0 1160916
72 1 1161017
8 0 1162845
8 1 1162962
68 0 1163887
68 1 1164020
32 0 1164256
32 1 1164421
8 0 1164858
8 1 1164981
69 0 1165060
69 1 1165214
32 0 1165292
32 1 1165462
72 0 1165783
72 1 1165889
82 0 1165929
82 1 1166036
65 0 1166186
65 1 1166303
78 0 1166440
78 1 1166541
65 0 1166572
65 1 1166715
32 0 1167579
32 1 1167706
80 0 1167949
80 1 1168050
69 0 1168108
69 1 1168230
78 0 1168311
84 0 1168428
78 1 1168460
84 1 1168523
82 0 1168583
85 0 1168610
82 1 1168705
85 1 1168753
32 0 1168825
32 1 1168969
73 0 1169626
73 1 1169738
78 0 1169902
84 0 1170029
78 1 1170034
84 1 1170141
82 0 1170157
69 0 1170236
82 1 1170284
69 1 1170406
65 0 1170666
65 1 1170799
71 0 1171131
71 1 1171211
65 0 1171293
65 1 1171431
32 0 1171768
32 1 1171901
70 0 1172232
70 1 1172323
65 0 1172424
77 0 1172557
65 1 1172562
77 1 1172679
73 0 1172729
73 1 1172872
76 0 1172991
76 1 1173097
73 0 1173205
73 1 1173316
69 0 1173356
69 1 1173468
190 0 1173992
190 1 1174082
