16 0 53502
67 0 53841
16 1 53893
67 1 53977
73 0 54052
79 0 54061
79 1 54113
73 1 54120
8 0 54699
8 1 54835
8 0 54927
8 1 55036
79 0 55452
79 1 55584
77 0 55635
77 1 55764
80 0 55834
80 1 55917
85 0 56017
85 1 56132
78 0 56171
69 0 56250
78 1 56290
69 1 56349
82 0 56392
69 0 56485
82 1 56537
69 1 56598
32 0 56626
32 1 56751
68 0 56871
69 0 56996
68 1 57030
69 1 57112
83 0 57244
80 0 57364
83 1 57370
80 1 57482
82 0 57508
69 0 57576
82 1 57628
69 1 57682
32 0 57782
32 1 57922
67 0 58006
67 1 58143
85 0 58182
85 1 58300
77 0 58374
77 1 58489
32 0 58583
69 0 58695
32 1 58696
69 1 58801
32 0 58908
32 1 59040
86 0 59313
86 1 59432
82 0 59553
69 0 59619
82 1 59671
69 1 59741
77 0 59764
77 1 59884
69 0 59894
69 1 60003
65 0 60136
65 1 60248
32 0 60260
32 1 60370
80 0 60477
69 0 60544
80 1 60588
69 1 60653
82 0 60774
82 1 60892
70 0 61136
69 0 61268
70 1 61308
69 1 61404
83 0 61551
83 1 61632
8 0 62001
67 0 62127
8 1 62140
67 1 62276
84 0 62421
84 1 62549
65 0 62635
65 1 62785
32 0 62796
32 1 62905
65 0 63129
65 1 63258
8 0 63559
8 1 63676
76 0 64090
76 1 64185
65 0 64202
32 0 64331
65 1 64357
32 1 64447
77 0 64541
73 0 64642
77 1 64668
73 1 64746
78 0 64794
78 1 64919
69 0 64941
69 1 65050
190 0 65165
190 1 65291
32 0 65398
32 1 65517
16 0 65521
86 0 65736
16 1 65790
86 1 65863
82 0 66002
69 0 66059
82 1 66125
69 1 66203
77 0 66252
77 1 66352
69 0 66372
69 1 66472
65 0 66573
32 0 66709
65 1 66712
32 1 66832
80 0 67093
80 1 67219
69 0 67249
69 1 67384
82 0 67459
82 1 67540
70 0 67637
69 0 67715
70 1 67755
69 1 67833
67 0 67883
67 1 68024
84 0 68173
84 1 68233
65 0 68242
32 0 68312
65 1 68378
32 1 68411
76 0 68499
76 1 68573
65 0 68576
32 0 68683
65 1 68696
32 1 68786
77 0 69548
73 0 69701
77 1 69707
73 1 69828
78 0 69883
78 1 70003
69 0 70053
69 1 70164
32 0 70243
32 1 70370
69 0 70717
69 1 70805
83 0 70918
83 1 71071
84 0 71196
69 0 71254
84 1 71306
69 1 71398
32 0 71489
32 1 71619
79 0 73694
79 1 73790
32 0 73908
86 0 73976
32 1 74025
86 1 74087
82 0 74211
69 0 74242
82 1 74315
69 1 74390
77 0 74396
77 1 74479
69 0 74577
69 1 74703
32 0 75075
32 1 75203
70 0 75836
70 1 75904
82 0 76676
82 1 76811
85 0 76824
85 1 76931
77 0 77052
77 1 77154
79 0 77275
79 1 77318
65 0 77364
65 1 77516
83 0 77532
65 0 77671
83 1 77706
65 1 77821
188 0 78370
188 1 78465
32 0 78550
67 0 78645
32 1 78668
67 1 78764
85 0 78789
85 1 78883
32 0 78967
32 1 79082
83 0 79133
83 1 79227
65 0 79347
79 0 79350
79 1 79465
65 1 79492
82 0 79729
69 0 79817
82 1 79877
69 1 79972
8 0 80338
8 1 80417
8 0 80512
8 1 80598
8 0 80699
8 1 80774
8 0 80863
8 1 81005
79 0 81596
65 0 81691
79 1 81698
65 1 81816
82 0 81889
69 0 81927
82 1 81996
69 1 82053
188 0 82114
188 1 82225
32 0 82283
32 1 82419
67 0 82422
85 0 82547
67 1 82550
85 1 82662
32 0 82741
32 1 82883
67 0 85106
69 0 85213
67 1 85245
69 1 85343
82 0 85423
82 1 85508
32 0 85518
32 1 85644
83 0 85747
83 1 85900
69 0 86015
69 1 86105
78 0 86214
78 1 86329
73 0 86330
73 1 86442
78 0 86522
78 1 86603
32 0 86741
32 1 86898
83 0 86920
83 1 87035
73 0 87088
73 1 87188
32 0 87281
32 1 87421
65 0 93706
65 1 93832
76 0 93833
76 1 93934
66 0 94093
66 1 94175
65 0 94230
83 0 94347
65 1 94371
83 1 94473
84 0 94617
82 0 94675
84 1 94736
82 1 94808
85 0 94861
85 1 94958
188 0 95106
188 1 95243
32 0 95313
70 0 95423
32 1 95437
65 0 95519
70 1 95526
65 1 95639
82 0 95655
65 0 95752
82 1 95798
32 0 95894
65 1 95896
32 1 95991
78 0 96080
78 1 96212
79 0 96291
79 1 96433
82 0 96506
82 1 96615
73 0 96660
73 1 96788
188 0 97302
188 1 97418
32 0 97478
32 1 97612
70 0 99610
65 0 99709
70 1 99726
65 1 99807
82 0 99840
65 0 99956
82 1 99989
32 0 100028
65 1 100072
32 1 100147
80 0 100276
76 0 100349
80 1 100396
76 1 100500
79 0 100589
65 0 100701
79 1 100724
65 1 100857
73 0 100947
73 1 101094
69 0 101140
69 1 101265
188 0 101814
188 1 101920
32 0 102023
32 1 102159
67 0 102535
67 1 102672
85 0 102742
85 1 102857
32 0 102970
32 1 103102
85 0 114902
85 1 114987
77 0 115090
73 0 115197
77 1 115204
73 1 115327
68 0 115350
73 0 115491
68 1 115495
73 1 115599
84 0 115650
84 1 115768
65 0 115791
65 1 115932
84 0 115971
69 0 116014
84 1 116072
69 1 116178
32 0 116215
32 1 116362
82 0 116500
69 0 116575
82 1 116617
69 1 116673
90 0 116819
90 1 116984
79 0 116997
79 1 117086
78 0 117170
78 1 117294
65 0 117308
65 1 117428
66 0 117548
73 0 117630
66 1 117663
73 1 117753
76 0 117836
76 1 117962
65 0 117997
65 1 118133
188 0 118173
188 1 118287
32 0 118338
32 1 118494
67 0 118513
67 1 118653
85 0 118680
85 1 118779
32 0 118871
32 1 119010
79 0 120200
79 1 120286
32 0 120367
32 1 120491
80 0 120584
82 0 120684
80 1 120700
69 0 120711
82 1 120769
69 1 120812
83 0 120928
73 0 121011
83 1 121025
73 1 121118
85 0 121211
85 1 121314
78 0 121330
78 1 121477
69 0 121482
69 1 121585
32 0 121639
32 1 121771
82 0 122195
69 0 122291
82 1 122342
69 1 122391
90 0 122560
90 1 122696
79 0 122715
79 1 122807
78 0 122900
65 0 123030
78 1 123036
65 1 123157
66 0 123297
66 1 123411
73 0 123425
73 1 123545
76 0 123627
76 1 123753
65 0 123832
65 1 123945
188 0 123971
188 1 124081
32 0 124137
67 0 124272
32 1 124281
67 1 124399
85 0 124399
85 1 124499
32 0 124582
32 1 124694
79 0 124807
79 1 124908
32 0 125012
32 1 125145
8 0 125649
8 1 125778
84 0 125823
69 0 125928
84 1 125977
69 1 126073
8 0 126334
8 1 126398
8 0 126497
32 0 126558
8 1 126594
32 1 126675
84 0 126858
84 1 127007
8 0 127160
8 1 127246
84 0 127718
69 0 127816
84 1 127863
69 1 127956
77 0 127987
77 1 128115
80 0 128227
80 1 128337
69 0 128375
69 1 128501
82 0 128620
82 1 128792
65 0 128813
65 1 128952
84 0 129019
84 1 129128
85 0 129133
85 1 129254
82 0 129274
65 0 129362
82 1 129422
32 0 129541
65 1 129544
68 0 129654
32 1 129662
69 0 129744
68 1 129778
69 1 129884
32 0 129895
32 1 130014
65 0 130057
65 1 130209
80 0 130236
80 1 130378
82 0 130385
82 1 130487
79 0 130556
79 1 130685
67 0 130801
67 1 130857
8 0 131056
8 1 131182
88 0 131212
88 1 131340
73 0 131356
73 1 131470
77 0 131507
77 1 131673
84 0 131710
84 1 131831
86 0 131980
86 1 132093
73 0 132153
73 1 132259
32 0 132351
32 1 132499
50 0 132822
50 1 132948
52 0 132993
52 1 133101
32 0 133211
68 0 133300
32 1 133340
69 0 133453
68 1 133503
69 1 133608
32 0 133632
32 1 133766
8 0 134060
8 0 134549
8 0 134578
8 0 134611
8 0 134641
8 0 134671
8 0 134700
8 0 134730
8 0 134760
8 0 134789
8 1 134839
65 0 135660
65 1 135799
84 0 135896
84 1 135993
73 0 136033
73 1 136129
86 0 136205
86 1 136297
32 0 136331
32 1 136451
51 0 136620
51 1 136737
8 0 137020
50 0 137146
8 1 137150
50 1 137295
53 0 137397
53 1 137475
32 0 137569
32 1 137703
8 0 138024
8 1 138077
32 0 138500
68 0 138613
32 1 138623
69 0 138713
68 1 138770
32 0 138839
69 1 138854
32 1 138960
71 0 139264
82 0 139342
71 1 139400
82 1 139433
65 0 139545
68 0 139691
65 1 139693
69 0 139813
68 1 139858
69 1 139942
32 0 139953
67 0 140057
32 1 140073
69 0 140172
67 1 140203
69 1 140312
76 0 140327
76 1 140450
83 0 140506
73 0 140630
83 1 140650
73 1 140713
85 0 140812
85 1 140930
83 0 140972
83 1 141098
32 0 141137
32 1 141276
83 0 141397
83 1 141525
73 0 141586
73 1 141692
32 0 141801
32 1 141932
8 0 151004
8 1 151124
8 0 151237
8 1 151327
8 0 151431
8 1 151515
8 0 151624
8 1 151708
190 0 152550
190 1 152647
32 0 152738
32 1 152874
16 0 164506
16 0 164997
16 0 165026
16 0 165055
16 0 165084
16 0 165113
16 0 165144
16 0 165173
16 0 165202
16 0 165232
16 0 165262
16 0 165292
16 0 165322
16 0 165352
16 0 165381
16 0 165411
16 0 165441
16 0 165470
16 0 165501
16 0 165530
16 0 165560
16 0 165590
16 0 165619
16 0 165651
16 0 165681
16 0 165711
16 0 165740
16 0 165770
16 0 165799
16 0 165829
16 0 165859
16 0 165890
16 0 165919
16 0 165949
16 0 165979
16 0 166008
16 0 166038
16 0 166068
16 0 166097
16 0 166127
16 0 166160
16 0 166187
16 0 166217
16 0 166247
16 0 166276
16 0 166306
16 0 166336
16 0 166366
16 0 166395
16 0 166425
16 0 166454
16 0 166484
16 0 166514
16 0 166544
86 0 166551
16 1 166609
86 1 166659
82 0 166797
69 0 166849
82 1 166906
69 1 166983
77 0 166993
77 1 167083
69 0 167112
69 1 167251
65 0 167445
65 1 167590
32 0 167610
32 1 167728
84 0 167914
82 0 168003
84 1 168070
82 1 168108
69 0 168190
69 1 168307
66 0 168314
85 0 168403
66 1 168438
85 1 168526
73 0 168607
69 0 168694
73 1 168700
69 1 168808
32 0 168885
32 1 169025
83 0 169040
65 0 169102
83 1 169151
32 0 169230
65 1 169281
32 1 169352
70 0 169399
70 1 169524
73 0 169557
73 1 169671
69 0 169710
69 1 169844
32 0 170084
32 1 170202
76 0 170278
76 1 170395
73 0 170483
73 1 170583
80 0 170905
80 1 171040
83 0 171131
83 1 171274
73 0 171311
73 1 171417
84 0 171514
84 1 171596
65 0 171631
65 1 171736
32 0 171798
68 0 171921
32 1 171943
69 0 172012
68 1 172069
32 0 172126
69 1 172164
32 1 172229
80 0 172335
82 0 172444
80 1 172465
69 0 172545
82 1 172599
69 1 172665
67 0 172737
67 1 172897
73 0 172959
73 1 173067
80 0 173159
80 1 173248
73 0 173340
84 0 173427
73 1 173446
84 1 173506
65 0 173560
65 1 173681
84 0 173759
84 1 173851
73 0 173888
73 1 173977
73 0 174044
73 1 174156
32 0 174223
32 1 174375
83 0 174409
83 1 174546
73 0 174604
73 1 174708
32 0 174784
32 1 174923
83 0 175589
65 0 175713
83 1 175749
32 0 175843
65 1 175853
32 1 175941
83 0 175955
83 1 176080
69 0 176128
69 1 176252
32 0 176313
32 1 176420
73 0 176501
73 1 176607
78 0 176613
78 1 176741
67 0 176869
65 0 177001
67 1 177003
65 1 177106
68 0 177238
68 1 177346
82 0 177451
69 0 177502
82 1 177551
69 1 177593
90 0 177748
90 1 177909
69 0 177912
69 1 178049
32 0 178067
32 1 178203
73 0 178278
73 1 178395
78 0 178408
78 1 178514
32 0 178621
32 1 178708
80 0 178821
65 0 178899
80 1 178939
65 1 179038
82 0 179061
65 0 179193
82 1 179205
65 1 179315
77 0 179348
77 1 179450
69 0 179511
69 1 179640
84 0 179848
82 0 179938
84 1 179987
82 1 180089
73 0 180162
73 1 180227
73 0 181094
73 1 181190
32 0 181265
67 0 181407
32 1 181408
67 1 181534
79 0 181550
79 1 181665
78 0 181743
84 0 181771
78 1 181832
84 1 181897
73 0 181998
73 1 182117
78 0 182151
78 1 182272
69 0 182357
69 1 182508
78 0 182616
78 1 182725
84 0 182767
84 1 182889
65 0 182996
65 1 183164
76 0 183224
76 1 183366
73 0 183465
73 1 183602
32 0 183832
32 1 183931
83 0 189174
73 0 189331
83 1 189341
73 1 189430
32 0 189511
32 1 189665
73 0 234555
73 1 234652
78 0 234713
78 1 234807
32 0 234888
67 0 234955
32 1 235007
65 0 235046
67 1 235073
65 1 235145
90 0 235249
90 1 235399
85 0 235438
85 1 235547
76 0 235658
76 1 235753
32 0 235834
32 1 235954
73 0 236013
73 1 236117
78 0 236135
78 1 236255
67 0 236293
67 1 236487
65 0 236524
65 1 236711
8 0 236829
8 1 236901
8 0 237016
8 1 237145
32 0 237166
32 1 237319
67 0 237461
65 0 237560
67 1 237602
65 1 237718
82 0 237764
69 0 237842
82 1 237883
32 0 237971
69 1 237985
32 1 238107
84 0 238215
69 0 238305
84 1 238359
69 1 238440
32 0 238491
32 1 238614
65 0 238624
65 1 238777
70 0 239619
70 1 239704
76 0 239707
76 1 239823
73 0 239910
73 1 240006
32 0 240087
32 1 240193
76 0 240252
76 1 240356
65 0 240359
32 0 240475
65 1 240478
32 1 240569
77 0 240666
65 0 240727
77 1 240787
65 1 240857
82 0 240947
69 0 240968
82 1 241026
69 1 241105
32 0 241160
32 1 241301
84 0 241352
69 0 241410
84 1 241473
69 1 241578
77 0 241738
77 1 241839
80 0 241948
80 1 242062
69 0 242128
69 1 242281
82 0 242362
82 1 242499
65 0 242534
65 1 242680
84 0 242737
84 1 242870
85 0 243135
85 1 243251
82 0 243261
82 1 243395
65 0 243427
32 0 243558
65 1 243566
32 1 243689
65 0 243699
65 1 243843
80 0 243861
80 1 243984
69 0 243993
69 1 244126
73 0 244141
73 1 244253
32 0 244338
32 1 244460
84 0 244520
82 0 244600
84 1 244662
82 1 244702
69 0 244809
69 1 244944
66 0 244953
85 0 245081
66 1 245101
85 1 245217
73 0 245302
73 1 245434
69 0 245499
69 1 245624
32 0 245920
32 1 246062
83 0 246068
65 0 246168
83 1 246224
32 0 246281
65 1 246308
32 1 246402
70 0 246563
70 1 246695
73 0 246717
73 1 246822
69 0 246877
32 0 246948
69 1 246991
32 1 247067
85 0 247175
85 1 247267
78 0 247282
78 1 247409
65 0 247430
32 0 247540
65 1 247569
32 1 247663
80 0 247772
76 0 247845
80 1 247895
65 0 247967
76 1 247988
65 1 248105
67 0 248128
67 1 248296
85 0 248310
85 1 248430
84 0 248473
84 1 248605
65 0 248625
65 1 248791
190 0 248883
190 1 249006
32 0 249054
32 1 249163
16 0 254540
16 0 255029
16 0 255060
16 0 255089
16 0 255119
16 0 255147
16 0 255177
16 0 255207
16 0 255235
16 0 255265
16 0 255295
16 0 255325
16 0 255354
16 0 255384
16 0 255415
16 0 255445
16 0 255475
16 0 255504
16 0 255534
16 0 255564
16 0 255594
16 0 255624
16 0 255654
16 0 255683
16 0 255713
16 0 255742
16 0 255772
16 0 255802
16 0 255831
16 0 255861
16 0 255891
16 0 255922
16 0 255951
16 0 255982
16 0 256013
16 0 256041
16 0 256071
16 0 256101
16 0 256129
16 0 256159
16 0 256192
16 0 256223
16 0 256253
16 0 256283
16 0 256310
16 0 256340
16 0 256370
16 0 256400
16 0 256430
16 0 256461
16 0 256491
16 0 256521
16 0 256550
16 0 256579
16 0 256609
16 0 256638
16 0 256670
16 0 256700
16 0 256730
16 0 256759
16 0 256789
16 0 256818
16 0 256847
16 0 256876
16 0 256906
16 0 256936
16 1 256969
16 0 262224
73 0 262565
73 1 262654
16 1 262687
78 0 262733
78 1 262823
32 0 262905
65 0 262972
32 1 263025
65 1 263117
67 0 263130
69 0 263230
67 1 263278
69 1 263344
83 0 263474
83 1 263613
84 0 263817
69 0 263935
84 1 264001
69 1 264083
32 0 264133
32 1 264249
67 0 264304
67 1 264439
79 0 264446
79 1 264545
78 0 264645
78 1 264768
68 0 265168
68 1 265294
73 0 265309
73 1 265415
84 0 265497
84 1 265599
73 0 265602
73 1 265671
73 0 265773
73 1 265860
32 0 265930
32 1 266073
65 0 266076
65 1 266231
77 0 266595
77 1 266686
69 0 266729
69 1 266841
78 0 266871
78 1 266997
73 0 267033
73 1 267137
78 0 267179
84 0 267286
78 1 267288
84 1 267401
65 0 267450
65 1 267599
82 0 267717
69 0 267783
82 1 267849
69 1 267917
65 0 268009
32 0 268134
65 1 268148
68 0 268217
32 1 268246
69 0 268336
68 1 268377
32 0 268444
69 1 268447
32 1 268583
70 0 268830
70 1 268944
85 0 268965
85 1 269097
82 0 269108
82 1 269229
84 0 269333
84 1 269434
73 0 269457
73 1 269489
8 0 269912
8 1 270033
85 0 270193
85 1 270314
78 0 270384
65 0 270475
78 1 270507
65 1 270636
32 0 270704
32 1 270855
84 0 271002
82 0 271068
84 1 271134
82 1 271200
69 0 271308
69 1 271465
66 0 271511
66 1 271673
85 0 271691
85 1 271842
73 0 271945
73 1 272082
69 0 272185
69 1 272300
32 0 272375
32 1 272500
83 0 272526
65 0 272650
83 1 272685
65 1 272833
32 0 273055
32 1 273216
78 0 273548
85 0 273712
78 1 273721
85 1 273809
32 0 273902
69 0 274028
32 1 274036
69 1 274125
88 0 274357
88 1 274494
73 0 274621
73 1 274750
83 0 274793
83 1 274953
84 0 275066
84 1 275191
69 0 275361
69 1 275517
188 0 275922
188 1 276015
32 0 276073
32 1 276196
73 0 276312
73 1 276416
65 0 276427
65 1 276577
82 0 276649
82 1 276758
32 0 276815
32 1 276946
8 0 285172
8 1 285310
8 0 285450
8 1 285549
8 0 285672
8 1 285774
8 0 285896
8 1 285992
8 0 286121
8 1 286233
8 0 286993
8 1 287089
32 0 287368
32 1 287484
83 0 287514
83 1 287633
73 0 287643
73 1 287733
32 0 287846
32 1 287967
78 0 288076
85 0 288158
78 1 288213
85 1 288268
32 0 288349
83 0 288489
32 1 288491
83 1 288605
84 0 288703
73 0 288748
84 1 288805
73 1 288844
85 0 288916
85 1 289035
32 0 289096
67 0 289166
32 1 289242
69 0 289248
67 1 289314
69 1 289388
32 0 289413
83 0 289552
32 1 289556
65 0 289603
83 1 289663
65 1 289745
32 0 289772
32 1 289873
83 0 289886
83 1 290000
67 0 290188
67 1 290323
85 0 290388
85 1 290510
8 0 290825
8 1 290955
82 0 291565
82 1 291659
73 0 291680
73 1 291762
85 0 291833
85 1 291919
32 0 291996
32 1 292116
77 0 292196
65 0 292292
77 1 292315
73 0 292429
65 1 292438
73 1 292516
32 0 292591
32 1 292704
77 0 292780
77 1 292911
85 0 292938
85 1 293057
76 0 293150
76 1 293284
84 0 293304
84 1 293400
190 0 293491
190 1 293614
9 0 293928
9 1 294040
16 0 301989
16 0 302477
16 0 302507
16 0 302537
16 0 302566
16 0 302595
16 0 302626
16 0 302656
16 0 302687
16 0 302718
16 1 302758
16 0 303532
16 0 304022
16 0 304050
16 0 304080
16 0 304109
16 0 304139
90 0 304167
16 1 304204
73 0 304259
90 1 304265
73 1 304306
85 0 306164
85 1 306252
65 0 306276
32 0 306391
65 1 306399
32 1 306515
79 0 306592
79 1 306715
66 0 306812
66 1 306947
73 0 306974
73 1 307087
83 0 307102
83 1 307235
78 0 307450
78 1 307596
85 0 307631
85 1 307706
73 0 307802
73 1 307933
84 0 307959
84 1 308059
65 0 308148
32 0 308279
65 1 308298
32 1 308396
73 0 308451
73 1 308569
78 0 308608
67 0 308673
78 1 308699
69 0 308753
67 1 308799
69 1 308891
80 0 308977
69 0 309081
80 1 309083
69 1 309208
32 0 309253
32 1 309378
67 0 309392
67 1 309520
85 0 309529
85 1 309629
32 0 309701
32 1 309836
84 0 309846
82 0 309941
84 1 309987
82 1 310027
69 0 310138
69 1 310245
90 0 310405
90 1 310558
73 0 310675
73 1 310794
82 0 310838
69 0 310907
82 1 310983
69 1 311031
65 0 311171
65 1 311273
32 0 311332
32 1 311450
76 0 311533
76 1 311624
65 0 311648
65 1 311758
32 0 311805
32 1 311939
79 0 312177
79 1 312281
82 0 312446
65 0 312530
82 1 312567
32 0 312658
65 1 312668
32 1 312764
54 0 313322
54 1 313444
16 0 313536
59 0 313646
16 1 313767
59 1 313774
51 0 313992
51 1 314096
48 0 314220
48 1 314306
188 0 315039
188 1 315148
32 0 315212
32 1 315318
85 0 315491
85 1 315599
82 0 315645
82 1 315746
65 0 315833
77 0 315858
77 1 315958
65 1 315968
84 0 316074
84 1 316183
65 0 316194
65 1 316345
8 0 316680
8 1 316764
8 0 316883
8 1 316963
8 0 317071
8 1 317142
8 0 317239
8 1 317356
77 0 317558
77 1 317635
65 0 317676
65 1 317790
84 0 317910
84 1 318041
65 0 318071
65 1 318220
32 0 318242
32 1 318355
68 0 318407
69 0 318499
68 1 318539
32 0 318592
69 1 318627
32 1 318705
82 0 318754
82 1 318924
73 0 319504
73 1 319609
84 0 319623
84 1 319749
85 0 319773
85 1 319877
65 0 319888
65 1 320040
76 0 320137
76 1 320288
85 0 320420
85 1 320521
76 0 320639
76 1 320724
32 0 320822
32 1 320938
79 0 321016
79 1 321136
66 0 321269
66 1 321384
73 0 321447
83 0 321554
73 1 321560
83 1 321685
78 0 321710
78 1 321830
85 0 321837
85 1 321951
73 0 322029
84 0 322160
73 1 322165
84 1 322262
32 0 322281
68 0 322422
32 1 322427
69 0 322552
68 1 322573
32 0 322644
69 1 322678
32 1 322764
68 0 322829
73 0 322987
68 1 322994
73 1 323100
77 0 323159
73 0 323251
77 1 323279
73 1 323382
78 0 323455
69 0 323577
78 1 323581
69 1 323696
65 0 323712
65 1 323864
84 0 323948
84 1 324071
65 0 324108
65 1 324289
190 0 324337
190 1 324459
32 0 324543
32 1 324669
16 0 325462
16 0 325950
16 0 325979
16 0 326011
16 0 326041
16 0 326070
16 0 326100
16 0 326131
16 0 326160
16 0 326190
16 0 326219
16 0 326248
16 0 326277
16 0 326308
16 0 326337
16 0 326367
16 0 326397
16 0 326426
16 0 326456
16 0 326485
16 0 326515
16 0 326547
16 0 326577
16 0 326607
16 0 326635
16 0 326664
16 0 326694
16 0 326724
16 0 326756
16 0 326785
16 0 326815
16 0 326844
16 0 326875
16 1 326911
16 0 327701
16 1 328073
16 0 328134
73 0 328219
73 1 328330
16 1 328375
78 0 328448
78 1 328566
67 0 328671
69 0 328783
67 1 328845
69 1 328946
80 0 329037
80 1 329177
32 0 329585
32 1 329682
76 0 329912
76 1 329999
85 0 330100
67 0 330179
85 1 330218
67 1 330312
82 0 330418
82 1 330527
85 0 330554
85 1 330668
76 0 330790
76 1 330896
32 0 331030
32 1 331160
76 0 332381
76 1 332479
65 0 332511
65 1 332644
32 0 332654
32 1 332787
8 0 334082
8 0 334569
8 0 334600
8 0 334631
8 0 334659
8 1 334711
8 0 334956
8 1 335091
8 0 335175
8 1 335271
8 0 335396
8 1 335508
8 0 335587
8 0 336077
8 0 336109
8 0 336140
8 0 336170
8 1 336215
8 0 336442
8 1 336527
8 0 336662
8 1 336746
8 0 336898
8 1 337030
16 0 337493
68 0 337702
16 1 337743
69 0 337817
68 1 337860
69 1 337933
80 0 337998
76 0 338115
80 1 338118
65 0 338232
76 1 338255
83 0 338364
65 1 338367
65 0 338495
83 1 338525
65 1 338670
82 0 339258
69 0 339332
82 1 339413
69 1 339479
65 0 339613
65 1 339751
32 0 339762
67 0 339865
32 1 339884
67 1 340016
65 0 340048
65 1 340154
84 0 340260
82 0 340338
84 1 340407
82 1 340426
69 0 340539
69 1 340691
32 0 340716
32 1 340842
83 0 341013
83 1 341160
69 0 341189
69 1 341348
82 0 341422
82 1 341525
86 0 341644
86 1 341765
73 0 341790
67 0 341890
73 1 341895
67 1 342010
73 0 342079
73 1 342115
85 0 342199
85 1 342325
32 0 342460
32 1 342611
83 0 342653
83 1 342778
69 0 342879
69 1 342971
32 0 342988
32 1 343125
70 0 343739
65 0 343837
70 1 343853
65 1 343981
67 0 344018
69 0 344182
67 1 344212
69 1 344291
8 0 344510
8 1 344601
8 0 344696
8 1 344788
8 0 344875
8 1 344971
8 0 345048
8 1 345158
8 0 345252
8 1 345340
8 0 345440
8 1 345530
8 0 345629
8 1 345728
79 0 346166
79 1 346255
32 0 346348
70 0 346440
32 1 346486
65 0 346529
70 1 346559
65 1 346615
67 0 346643
67 1 346793
32 0 346796
32 1 346921
73 0 346999
73 1 347093
78 0 347104
78 1 347220
32 0 347305
32 1 347463
74 0 347506
74 1 347648
85 0 347746
85 1 347857
82 0 347903
85 0 348005
82 1 348018
85 1 348112
76 0 348219
76 1 348298
32 0 348407
32 1 348548
79 0 348728
79 1 348855
82 0 348924
69 0 349078
82 1 349090
69 1 349254
73 0 349538
73 1 349668
32 0 349757
32 1 349900
48 0 350407
48 1 350519
55 0 350657
55 1 350751
16 0 351051
59 0 351194
59 1 351345
16 1 351357
49 0 351418
49 1 351568
53 0 351884
53 1 351982
32 0 352071
32 1 352173
8 0 352436
8 1 352539
188 0 353146
188 1 353242
32 0 353296
32 1 353411
73 0 353680
73 1 353805
65 0 353829
65 1 353963
82 0 354095
82 1 354212
32 0 354253
32 1 354393
76 0 355658
76 1 355762
85 0 355868
67 0 355924
85 1 355944
67 1 356056
82 0 356170
82 1 356286
85 0 356293
85 1 356393
76 0 356496
76 1 356598
32 0 356711
32 1 356817
73 0 356880
73 1 356987
78 0 357009
67 0 357144
78 1 357145
69 0 357222
67 1 357294
80 0 357366
69 1 357386
80 1 357455
69 0 357527
69 1 357659
32 0 357729
32 1 357856
76 0 357924
76 1 358032
65 0 358048
32 0 358164
65 1 358200
32 1 358275
79 0 358379
79 1 358484
82 0 358511
65 0 358641
82 1 358678
65 1 358793
32 0 358801
32 1 358919
55 0 359503
55 1 359598
16 0 359931
59 0 360142
16 1 360255
59 1 360274
51 0 360710
51 1 360810
48 0 360858
48 1 360957
190 0 361114
190 1 361299
32 0 361333
32 1 361439
16 0 362457
80 0 362752
80 1 362856
16 1 362936
82 0 363045
82 1 363167
65 0 363300
65 1 363454
78 0 363552
78 1 363664
90 0 363802
90 1 363992
85 0 364128
85 1 364261
76 0 364379
76 1 364482
32 0 364591
32 1 364700
77 0 364967
73 0 365128
77 1 365138
73 1 365241
173 0 366672
173 1 366751
76 0 366902
76 1 367011
32 0 367106
32 1 367224
80 0 367318
69 0 367385
80 1 367432
69 1 367524
84 0 367684
82 0 367773
84 1 367840
82 1 367909
69 0 368010
69 1 368142
67 0 368248
67 1 368418
32 0 368499
32 1 368624
73 0 368755
73 1 368865
78 0 368916
78 1 369006
32 0 369126
32 1 369259
90 0 370863
90 1 371030
79 0 371112
79 1 371231
78 0 371362
78 1 371470
65 0 371539
65 1 371708
32 0 371872
32 1 371999
67 0 372063
69 0 372140
67 1 372176
69 1 372291
78 0 372354
78 1 372471
84 0 372535
82 0 372579
84 1 372633
82 1 372694
65 0 372815
65 1 372941
76 0 372956
76 1 373069
65 0 373093
65 1 373201
32 0 373247
65 0 373344
32 1 373356
65 1 373456
32 0 373549
32 1 373678
79 0 373826
79 1 373956
82 0 374036
65 0 374146
82 1 374192
65 1 374287
83 0 374365
83 1 374515
85 0 374519
85 1 374614
76 0 374749
76 1 374826
85 0 374989
85 1 375075
73 0 375196
73 1 375333
32 0 375450
83 0 375583
32 1 375585
83 1 375714
73 0 375728
73 1 375835
32 0 375936
32 1 376071
80 0 376210
82 0 376287
80 1 376297
69 0 376366
82 1 376419
69 1 376508
70 0 376623
69 0 376818
70 1 376820
69 1 376989
82 0 377093
82 1 377255
32 0 377288
32 1 377412
83 0 377550
65 0 377635
83 1 377702
32 0 377735
65 1 377791
32 1 377843
73 0 377924
73 1 378037
78 0 378051
78 1 378185
84 0 378197
84 1 378321
65 0 378369
76 0 378498
65 1 378530
76 1 378616
78 0 378721
78 1 378866
69 0 378949
69 1 379092
83 0 379197
83 1 379328
67 0 379417
67 1 379561
32 0 379654
32 1 379790
67 0 379810
65 0 379951
67 1 379970
65 1 380112
84 0 380234
84 1 380359
32 0 380418
32 1 380524
77 0 380642
77 1 380752
65 0 380800
65 1 380957
73 0 380981
73 1 381084
32 0 381189
32 1 381307
77 0 381400
77 1 381516
85 0 381549
85 1 381661
76 0 381767
76 1 381872
84 0 381924
84 1 382013
73 0 382085
73 1 382186
32 0 382284
32 1 382403
80 0 382687
80 1 382787
82 0 382874
82 1 382993
73 0 383000
73 1 383122
69 0 383130
69 1 383245
84 0 383372
69 0 383467
84 1 383518
78 0 383537
69 1 383623
73 0 383679
78 1 383689
73 1 383781
190 0 383908
32 0 384080
190 1 384083
32 1 384196
16 0 392631
16 0 393122
16 0 393152
16 0 393181
16 0 393211
16 0 393241
16 0 393268
16 0 393297
16 0 393327
16 0 393358
16 0 393388
16 0 393416
16 0 393445
16 0 393476
16 0 393506
16 0 393537
16 0 393566
16 0 393596
16 0 393627
16 0 393656
16 0 393686
16 0 393716
16 0 393747
16 0 393775
16 0 393805
16 0 393835
16 0 393866
16 0 393895
16 0 393925
16 0 393956
16 0 393984
16 0 394016
16 0 394043
16 0 394075
16 0 394105
16 0 394135
16 0 394163
16 0 394193
16 0 394222
16 0 394255
16 0 394284
68 0 394290
16 1 394340
85 0 394438
68 1 394444
85 1 394536
80 0 394683
80 1 394778
65 0 395490
65 1 395631
32 0 395690
32 1 395788
8 0 396053
8 1 396134
8 0 396241
8 1 396335
8 0 396419
8 1 396513
8 0 396617
8 1 396704
8 0 396818
8 1 396926
16 0 397016
80 0 397252
80 1 397352
16 1 397365
82 0 397460
79 0 397563
82 1 397567
79 1 397684
71 0 397694
82 0 397744
71 1 397809
82 1 397862
65 0 398003
77 0 398099
65 1 398138
77 1 398197
85 0 398280
85 1 398361
76 0 398509
76 1 398623
32 0 398730
32 1 398849
83 0 398870
83 1 399002
69 0 399120
69 1 399213
32 0 399257
32 1 399383
8 0 399984
8 1 400069
8 0 400180
8 1 400264
8 0 400368
8 1 400451
8 0 400549
8 1 400652
68 0 400839
68 1 401019
8 0 401242
8 1 401336
32 0 401382
32 1 401525
68 0 401621
69 0 401771
68 1 401808
69 1 401916
32 0 401937
32 1 402077
77 0 402227
77 1 402329
85 0 402398
85 1 402508
78 0 402614
67 0 402692
78 1 402752
65 0 402781
67 1 402807
65 1 402942
32 0 402991
32 1 403122
83 0 403155
83 1 403280
69 0 403349
69 1 403461
32 0 403536
32 1 403675
70 0 404194
73 0 404289
70 1 404298
73 1 404387
78 0 404445
65 0 404527
78 1 404561
65 1 404675
76 0 404678
76 1 404778
73 0 404863
90 0 404917
73 1 404977
65 0 405024
90 1 405062
65 1 405185
69 0 405226
69 1 405396
65 0 405572
65 1 405715
8 0 405869
8 1 405944
8 0 406055
8 1 406127
69 0 406190
8 0 406211
69 1 406298
8 1 406327
65 0 406417
65 1 406545
8 0 406596
8 1 406683
8 0 406779
8 1 406886
69 0 406932
65 0 406992
69 1 407048
65 1 407150
90 0 407248
65 0 407382
90 1 407439
65 1 407534
32 0 407545
32 1 407670
76 0 407769
76 1 407878
65 0 407903
32 0 408044
65 1 408057
32 1 408156
79 0 408278
79 1 408410
82 0 408464
65 0 408569
82 1 408621
32 0 408708
65 1 408721
32 1 408842
49 0 408917
49 1 409062
54 0 409470
54 1 409573
16 0 409867
59 0 409952
16 1 410101
59 1 410112
48 0 410246
48 1 410357
48 0 410448
48 1 410541
188 0 411045
188 1 411156
32 0 411210
32 1 411333
76 0 411466
65 0 411523
76 1 411574
65 1 411653
83 0 411717
65 0 411811
83 1 411855
78 0 411905
65 1 411934
78 1 412004
68 0 412052
32 0 412177
68 1 412236
32 1 412308
79 0 412394
79 1 412497
32 0 412601
32 1 412684
76 0 412743
76 1 412857
85 0 413004
85 1 413133
78 0 413191
78 1 413317
71 0 413353
71 1 413464
65 0 413535
32 0 413598
65 1 413667
32 1 413714
80 0 414491
69 0 414639
80 1 414640
69 1 414766
82 0 414838
73 0 414933
82 1 414940
73 1 415056
79 0 415129
65 0 415162
79 1 415240
68 0 415301
65 1 415313
65 0 415427
68 1 415477
65 1 415569
32 0 415652
32 1 415794
68 0 415805
69 0 415928
68 1 415984
69 1 416069
32 0 416082
32 1 416203
8 0 418045
8 1 418127
8 0 418251
8 1 418360
8 0 418531
8 0 419017
8 0 419047
8 0 419077
8 0 419108
8 0 419137
8 0 419166
8 0 419195
8 0 419225
8 0 419256
8 1 419282
8 0 419445
8 1 419535
8 0 419646
8 1 419715
8 0 419812
8 1 419928
8 0 419999
8 1 420267
8 0 420383
8 1 420474
8 0 420565
8 1 420642
8 0 420732
8 1 420813
8 0 420911
8 1 421025
85 0 421404
85 1 421516
78 0 421553
78 1 421656
32 0 421742
32 1 421839
84 0 421845
73 0 421934
84 1 421943
73 1 422040
77 0 422040
77 1 422184
80 0 422236
80 1 422374
32 0 422472
32 1 422587
83 0 422624
85 0 422702
83 1 422750
85 1 422807
70 0 422885
70 1 422987
73 0 423020
67 0 423111
73 1 423126
67 1 423213
73 0 423286
69 0 423376
73 1 423383
69 1 423511
78 0 423691
78 1 423805
84 0 423849
84 1 423975
32 0 424086
32 1 424205
80 0 424317
69 0 424373
80 1 424414
69 1 424524
78 0 424559
78 1 424686
84 0 424742
82 0 424809
84 1 424868
85 0 424929
82 1 424935
85 1 425038
32 0 425119
32 1 425255
68 0 425300
69 0 425399
68 1 425434
69 1 425493
83 0 425620
83 1 425759
70 0 426062
70 1 426194
65 0 426204
65 1 426345
83 0 426357
83 1 426518
85 0 426533
85 1 426642
82 0 426647
65 0 426762
82 1 426793
65 1 426924
82 0 426925
69 0 427006
82 1 427071
69 1 427122
65 0 427196
65 1 427353
32 0 427382
32 1 427493
65 0 427502
65 1 427607
76 0 427802
76 1 427956
84 0 428020
84 1 428147
79 0 428284
79 1 428418
82 0 428440
82 1 428541
32 0 428625
65 0 428717
32 1 428743
65 1 428856
67 0 428871
67 1 429036
84 0 429167
84 1 429278
73 0 429312
73 1 429424
86 0 429478
86 1 429620
73 0 429675
73 1 429807
84 0 429847
84 1 429955
65 0 430051
65 1 430189
84 0 430254
84 1 430367
73 0 430434
73 1 430562
32 0 430698
32 1 430851
8 0 431315
8 1 431444
188 0 432013
188 1 432112
32 0 432180
68 0 432278
32 1 432304
69 0 432367
68 1 432414
32 0 432487
69 1 432503
32 1 432595
76 0 432662
76 1 432768
65 0 432769
65 1 432927
32 0 432948
32 1 433088
67 0 433111
69 0 433190
67 1 433257
69 1 433353
76 0 433544
76 1 433659
69 0 433793
69 1 433933
32 0 433977
32 1 434108
69 0 435522
69 1 435631
88 0 435841
88 1 435993
84 0 436183
82 0 436312
84 1 436348
82 1 436405
8 0 436718
8 1 436813
8 0 436916
8 1 436996
8 0 437114
8 1 437200
8 0 437336
8 1 437472
68 0 437723
69 0 437833
68 1 437877
32 0 437956
69 1 437968
32 1 438077
72 0 438466
72 1 438565
79 0 438609
79 1 438739
66 0 438845
66 1 438932
66 0 439025
66 1 439143
89 0 439282
89 1 439419
188 0 439501
188 1 439604
32 0 439666
32 1 439778
73 0 439864
73 1 439948
78 0 439963
84 0 440073
78 1 440092
84 1 440168
65 0 440211
76 0 440247
76 1 440374
65 1 440382
78 0 440477
73 0 440562
78 1 440598
82 0 440684
73 1 440697
82 1 440791
73 0 440834
73 1 440940
32 0 441038
67 0 441124
32 1 441150
85 0 441244
67 1 441255
85 1 441345
32 0 441410
32 1 441513
80 0 441614
82 0 441713
80 1 441719
82 1 441825
73 0 441887
69 0 442009
73 1 442019
69 1 442111
84 0 442237
69 0 442322
78 0 442348
84 1 442381
69 1 442468
78 1 442489
73 0 442490
73 1 442609
73 0 442751
73 1 442881
188 0 443159
188 1 443306
32 0 443376
32 1 443524
68 0 464217
65 0 464321
68 1 464370
65 1 464465
82 0 464497
82 1 464612
32 0 464612
32 1 464715
83 0 464724
83 1 464843
73 0 464871
73 1 464953
32 0 465058
65 0 465074
32 1 465183
65 1 465193
67 0 465241
67 1 465349
84 0 465493
84 1 465589
73 0 465671
86 0 465741
73 1 465784
86 1 465890
73 0 465964
84 0 466070
73 1 466074
84 1 466194
65 0 466295
65 1 466448
84 0 466549
84 1 466666
73 0 466706
73 1 466814
32 0 466913
32 1 467022
67 0 467032
67 1 467148
73 0 467211
73 1 467332
86 0 467384
86 1 467533
73 0 467607
73 1 467723
67 0 468169
69 0 468276
67 1 468333
69 1 468395
32 0 468401
32 1 468514
83 0 468535
73 0 468655
83 1 468659
73 1 468759
32 0 468842
32 1 468963
80 0 469067
80 1 469179
79 0 469280
79 1 469372
73 0 469641
73 1 469787
84 0 469797
84 1 469905
8 0 470317
8 1 470399
8 0 470506
8 1 470597
76 0 470739
76 1 470867
73 0 470970
73 1 471105
84 0 471119
84 1 471226
73 0 471356
73 1 471459
67 0 471544
69 0 471692
67 1 471754
69 1 471864
190 0 472002
190 1 472176
32 0 472213
32 1 472326
16 0 474003
16 0 474491
16 0 474521
16 0 474552
16 0 474581
16 0 474612
16 0 474641
16 0 474671
16 0 474700
16 0 474730
16 0 474762
16 0 474790
83 0 474819
16 1 474892
83 1 474943
69 0 474999
69 1 475134
65 0 475136
65 1 475264
82 0 475274
65 0 475394
82 1 475441
32 0 475542
65 1 475552
32 1 475653
77 0 475779
73 0 475905
77 1 475935
73 1 476017
173 0 476141
173 1 476277
79 0 476426
79 1 476528
32 0 476647
32 1 476754
80 0 476932
69 0 477035
80 1 477066
69 1 477144
84 0 477285
82 0 477375
84 1 477430
82 1 477494
69 0 477582
69 1 477721
67 0 477786
67 1 477996
32 0 478055
32 1 478175
65 0 478237
65 1 478389
80 0 478570
80 1 478701
82 0 478702
82 1 478800
79 0 478859
79 1 478928
65 0 478944
65 1 479079
80 0 479092
80 1 479199
69 0 479218
69 1 479335
32 0 479373
69 0 479492
32 1 479502
69 1 479621
88 0 479737
88 1 479863
67 0 479962
67 1 480050
76 0 480057
76 1 480151
85 0 480271
85 1 480376
83 0 480399
83 1 480508
73 0 480537
86 0 480635
73 1 480645
86 1 480782
32 0 480840
32 1 480959
73 0 481012
73 1 481123
78 0 481135
78 1 481240
32 0 481326
32 1 481454
70 0 481491
70 1 481607
65 0 481610
65 1 481752
77 0 481756
73 0 481887
77 1 481906
73 1 481984
76 0 482094
76 1 482211
73 0 482294
73 1 482437
69 0 482454
69 1 482559
188 0 482713
188 1 482813
76 0 483209
76 1 483339
8 0 483768
8 1 483883
32 0 484061
32 1 484168
76 0 484251
76 1 484358
65 0 484431
65 1 484588
32 0 484630
32 1 484758
8 0 484920
8 1 485016
8 0 485119
8 1 485199
8 0 485306
8 1 485397
8 0 485491
8 1 485592
32 0 485955
32 1 486076
76 0 486484
76 1 486621
65 0 486661
32 0 486806
65 1 486810
32 1 486932
67 0 486934
67 1 487066
73 0 487087
73 1 487193
78 0 487264
78 1 487366
65 0 487416
65 1 487571
32 0 487610
32 1 487746
8 0 494662
8 1 494805
188 0 495272
188 1 495368
32 0 495421
32 1 495563
73 0 495667
73 1 495794
65 0 495824
65 1 495969
82 0 495973
32 0 496121
82 1 496124
32 1 496252
8 0 502714
8 1 502895
8 0 503411
8 1 503516
8 0 503691
8 1 503811
8 0 504234
8 1 504325
8 0 504500
8 1 504623
32 0 505188
32 1 505320
73 0 505534
73 1 505677
77 0 505754
77 1 505895
80 0 505986
82 0 506105
80 1 506112
69 0 506152
82 1 506213
69 1 506269
85 0 506283
85 1 506369
78 0 506396
65 0 506519
78 1 506527
65 1 506647
32 0 506664
32 1 506806
67 0 506810
85 0 506927
67 1 506937
85 1 507021
32 0 507120
32 1 507242
65 0 507320
76 0 507473
65 1 507496
76 1 507589
84 0 507702
69 0 507763
84 1 507821
69 1 507903
32 0 507931
32 1 508057
76 0 513000
76 1 513093
85 0 513201
67 0 513313
85 1 513324
67 1 513424
82 0 513532
82 1 513643
85 0 513665
85 1 513775
82 0 513801
82 1 513920
85 0 513964
85 1 514034
8 0 514344
8 1 514460
73 0 514578
73 1 514708
32 0 514790
67 0 514907
32 1 514943
65 0 514999
67 1 515035
65 1 515137
82 0 515177
69 0 515268
82 1 515338
32 0 515394
69 1 515398
32 1 515521
84 0 515632
73 0 515731
84 1 515760
73 1 515840
78 0 515914
78 1 516020
32 0 516221
32 1 516372
68 0 516398
69 0 516511
68 1 516554
32 0 516620
69 1 516634
32 1 516758
67 0 516798
65 0 516886
67 1 516921
65 1 517038
83 0 517141
65 0 517259
83 1 517309
65 1 517421
32 0 517437
32 1 517558
83 0 517591
83 1 517733
73 0 517748
73 1 517839
32 0 517935
32 1 518081
68 0 518211
69 0 518302
68 1 518350
69 1 518436
32 0 518591
32 1 518714
8 0 519928
8 1 520133
8 0 520270
8 1 520353
8 0 520491
8 1 520586
8 0 520721
8 1 520839
8 0 520998
8 1 521099
8 0 521230
8 1 521344
37 0 522412
37 1 522633
37 0 522660
17 0 522758
37 1 522845
37 0 522973
37 1 523127
37 0 523234
37 1 523413
37 0 523486
37 1 523646
37 0 523669
37 1 523846
17 1 524246
77 0 524953
65 0 525062
77 1 525092
73 0 525197
65 1 525200
73 1 525298
32 0 525386
32 1 525483
77 0 525566
73 0 525617
77 1 525654
73 1 525731
67 0 525755
73 0 525870
67 1 525878
73 1 525978
32 0 526071
32 1 526212
67 0 526222
65 0 526333
67 1 526373
65 1 526484
8 0 526859
8 1 526938
8 0 527032
8 1 527125
83 0 527162
65 0 527266
83 1 527323
85 0 527429
65 1 527434
85 1 527522
32 0 527623
32 1 527735
77 0 527832
65 0 527941
77 1 527957
65 1 528076
73 0 528092
73 1 528164
32 0 528236
32 1 528355
77 0 528472
77 1 528630
65 0 528885
65 1 529058
82 0 529192
82 1 529310
73 0 529359
73 1 529473
32 0 529565
32 1 529703
67 0 529703
65 0 529805
67 1 529854
65 1 529970
8 0 530207
8 1 530291
8 0 530375
8 1 530475
32 0 534180
32 1 534271
16 0 534539
73 0 534835
73 1 534959
16 1 534992
78 0 535038
78 1 535125
32 0 535229
32 1 535323
77 0 535419
77 1 535554
79 0 535566
79 1 535672
68 0 535745
68 1 535858
32 0 535983
32 1 536104
83 0 536135
83 1 536246
73 0 536250
73 1 536372
71 0 536428
85 0 536553
71 1 536560
85 1 536663
82 0 536717
82 1 536814
32 0 536823
32 1 536888
78 0 536981
85 0 537048
78 1 537096
85 1 537157
32 0 537216
69 0 537332
32 1 537357
69 1 537452
32 0 537495
32 1 537611
73 0 537990
73 1 538107
65 0 538173
65 1 538279
82 0 538329
82 1 538473
78 0 538495
78 1 538611
65 0 538662
65 1 538817
32 0 538888
32 1 539008
83 0 539043
83 1 539177
8 0 539381
8 1 539490
8 0 539664
8 1 539760
188 0 540373
188 1 540467
32 0 540557
32 1 540700
83 0 540741
65 0 540829
83 1 540875
85 0 540893
65 1 540951
85 1 540984
32 0 541075
32 1 541197
84 0 541287
84 1 541377
79 0 541456
79 1 541542
65 0 541597
65 1 541746
77 0 541760
77 1 541883
78 0 542178
78 1 542295
65 0 542325
65 1 542475
190 0 542507
190 1 542661
16 0 547883
16 0 548371
16 0 548401
16 0 548430
83 0 548440
16 1 548522
83 1 548599
73 0 548649
73 1 548734
83 0 548812
83 1 548925
84 0 549069
69 0 549142
84 1 549196
77 0 549211
69 1 549257
77 1 549345
85 0 549410
85 1 549478
76 0 549584
76 1 549669
32 0 549782
32 1 549917
69 0 550027
69 1 550148
68 0 550313
68 1 550414
85 0 550469
85 1 550567
67 0 550581
65 0 550676
67 1 550706
65 1 550817
84 0 550943
73 0 550960
84 1 551004
73 1 551058
79 0 551122
79 1 551204
78 0 551281
78 1 551401
65 0 551411
76 0 551499
65 1 551553
76 1 551586
32 0 551698
32 1 551814
68 0 552019
68 1 552149
73 0 552150
73 1 552262
78 0 552327
78 1 552404
32 0 552516
32 1 552654
16 0 552707
82 0 552819
16 1 552885
79 0 552899
82 1 552926
79 1 553007
77 0 553078
77 1 553169
65 0 553204
65 1 553327
78 0 553334
73 0 553443
78 1 553450
65 0 553512
73 1 553585
65 1 553636
32 0 553737
32 1 553880
80 0 554013
80 1 554131
79 0 554224
79 1 554342
65 0 554359
65 1 554493
84 0 554580
69 0 554669
84 1 554715
32 0 554787
69 1 554801
32 1 554915
67 0 555442
69 0 555521
67 1 555563
69 1 555656
82 0 555719
69 0 555805
82 1 555869
69 1 555912
32 0 555929
32 1 556063
83 0 556133
65 0 556243
83 1 556284
65 1 556444
32 0 556771
32 1 556865
83 0 556900
83 1 557025
8 0 557278
8 1 557364
8 0 557490
8 1 557560
8 0 557660
8 0 558149
8 0 558178
8 0 558208
8 0 558238
8 0 558267
8 0 558297
8 0 558330
8 1 558358
8 0 558538
8 1 558604
8 0 558719
8 1 558792
8 0 558892
8 1 559004
8 0 559103
8 1 559172
8 0 559277
8 1 559394
65 0 559446
65 1 559596
82 0 559666
69 0 559734
82 1 559793
69 1 559846
32 0 559853
32 1 559964
78 0 560167
78 1 560286
69 0 560297
69 1 560403
86 0 560507
86 1 560620
79 0 560659
79 1 560735
73 0 560827
69 0 560926
73 1 560943
69 1 561037
32 0 561067
68 0 561217
32 1 561220
69 0 561309
68 1 561338
69 1 561426
32 0 561445
32 1 561577
79 0 561732
79 1 561840
32 0 561969
32 1 562093
83 0 562111
83 1 562237
67 0 562325
72 0 562419
67 1 562430
72 1 562524
73 0 562595
73 1 562731
77 0 562734
77 1 562881
66 0 562983
65 0 563002
66 1 563101
65 1 563111
82 0 563154
69 0 563250
82 1 563307
69 1 563384
32 0 563453
32 1 563585
69 0 563705
69 1 563849
86 0 564052
86 1 564138
73 0 564157
73 1 564281
68 0 564320
69 0 564446
68 1 564486
78 0 564556
69 1 564603
78 1 564670
84 0 564723
84 1 564830
65 0 564866
65 1 565028
190 0 565522
190 1 565620
32 0 565728
32 1 565829
16 0 568296
68 0 568466
16 1 568558
69 0 568588
68 1 568634
32 0 568671
69 1 568705
32 1 568812
76 0 568883
76 1 568995
65 0 569027
32 0 569121
65 1 569163
32 1 569251
80 0 569729
80 1 569836
69 0 569884
69 1 570008
82 0 570109
82 1 570198
83 0 570290
79 0 570396
83 1 570418
79 1 570489
78 0 570573
78 1 570706
65 0 570754
65 1 570880
76 0 571539
76 1 571665
85 0 572191
85 1 572290
76 0 572418
76 1 572496
32 0 572588
68 0 572656
32 1 572703
68 1 572777
73 0 572817
73 1 572925
68 0 573135
68 1 573274
65 0 573401
65 1 573555
67 0 573611
67 1 573762
84 0 573884
84 1 573981
73 0 574028
73 1 574122
86 0 574133
86 1 574191
67 0 574329
67 1 574435
8 0 574591
8 1 574674
8 0 574767
8 1 574867
67 0 574947
67 1 575059
77 0 575177
77 1 575263
8 0 575624
8 1 575727
188 0 576144
188 1 576248
32 0 576304
32 1 576445
67 0 576506
67 1 576642
85 0 576684
85 1 576805
82 0 576861
82 1 576976
73 0 577024
73 1 577128
8 0 577422
8 1 577527
8 0 577612
8 1 577702
8 0 577797
8 1 577880
8 0 577951
8 1 578084
76 0 578235
76 1 578369
65 0 578400
65 1 578529
32 0 578535
32 1 578667
67 0 578688
67 1 578835
85 0 578845
85 1 578957
82 0 579029
82 1 579140
73 0 579152
73 1 579283
67 0 579301
67 1 579437
85 0 579448
85 1 579560
76 0 579651
65 0 579751
76 1 579756
65 1 579900
188 0 579971
188 1 580109
32 0 580152
32 1 580294
76 0 580400
76 1 580502
65 0 580506
65 1 580619
32 0 580652
32 1 580785
77 0 586668
77 1 586813
79 0 586823
68 0 586888
79 1 586934
68 1 587007
85 0 587048
85 1 587127
76 0 587235
76 1 587316
32 0 587422
32 1 587537
68 0 587563
69 0 587650
68 1 587673
32 0 587722
69 1 587770
32 1 587844
68 0 587894
69 0 588024
68 1 588087
69 1 588138
83 0 588253
83 1 588370
70 0 588600
65 0 588740
70 1 588750
65 1 588856
83 0 588898
83 1 589046
85 0 589055
85 1 589158
82 0 589194
65 0 589304
82 1 589344
65 1 589448
82 0 589458
69 0 589554
82 1 589603
32 0 589668
69 1 589676
32 1 589793
65 0 589844
32 0 589997
65 1 589998
32 1 590122
79 0 590232
79 1 590356
82 0 590407
82 1 590528
69 0 590679
69 1 590811
76 0 590848
76 1 590962
79 0 591059
79 1 591182
82 0 591213
82 1 591313
32 0 591402
32 1 591487
8 0 591720
8 1 591845
188 0 592322
188 1 592422
32 0 592480
32 1 592613
76 0 592701
76 1 592810
65 0 592847
32 0 592974
65 1 592984
32 1 593099
65 0 593794
65 1 593924
84 0 594035
84 1 594127
73 0 594147
73 1 594264
84 0 594270
84 1 594384
85 0 594397
85 1 594514
68 0 594631
68 1 594733
73 0 594754
73 1 594840
78 0 594891
69 0 594968
78 1 595011
69 1 595090
65 0 595199
32 0 595339
65 1 595340
32 1 595457
67 0 595468
67 1 595571
79 0 595620
79 1 595712
76 0 595813
65 0 595938
76 1 595941
65 1 596079
66 0 596211
66 1 596341
79 0 596425
82 0 596516
79 1 596539
65 0 596596
82 1 596625
65 1 596712
84 0 596796
73 0 596898
84 1 596899
73 1 597019
86 0 597068
86 1 597196
65 0 597285
65 1 597415
32 0 597427
32 1 597545
65 0 597555
65 1 597691
32 0 597731
32 1 597852
80 0 598211
80 1 598314
82 0 598404
82 1 598501
79 0 598555
79 1 598683
70 0 598957
69 0 599033
70 1 599096
69 1 599153
83 0 599272
83 1 599399
79 0 599580
79 1 599685
82 0 599737
82 1 599857
73 0 599872
73 1 599963
76 0 600069
76 1 600183
79 0 600267
82 0 600347
79 1 600366
82 1 600463
32 0 600538
32 1 600663
83 0 600787
83 1 600920
73 0 600951
73 1 601036
32 0 601130
32 1 601235
69 0 601259
69 1 601361
76 0 601375
69 0 601466
76 1 601485
69 1 601558
86 0 601679
86 1 601815
73 0 601860
73 1 601982
76 0 602088
76 1 602187
79 0 602270
82 0 602393
79 1 602395
82 1 602501
188 0 602642
188 1 602776
32 0 602896
32 1 603041
76 0 603143
76 1 603253
65 0 603268
32 0 603413
65 1 603431
32 1 603533
68 0 603924
68 1 604046
73 0 604066
83 0 604195
73 1 604197
83 1 604316
67 0 604367
67 1 604506
73 0 604695
73 1 604819
80 0 604924
76 0 605048
80 1 605051
76 1 605183
73 0 605264
73 1 605379
78 0 605476
65 0 605609
78 1 605615
65 1 605748
32 0 605806
32 1 605941
8 0 607235
8 1 607308
188 0 608675
188 1 608780
32 0 608849
32 1 608981
67 0 608996
65 0 609099
67 1 609123
65 1 609238
78 0 609316
78 1 609436
84 0 609459
73 0 609552
84 1 609574
73 1 609655
84 0 609734
65 0 609837
84 1 609843
84 0 609982
65 1 609985
69 0 610046
84 1 610100
69 1 610166
65 0 610244
65 1 610380
32 0 610401
68 0 610512
32 1 610528
69 0 610586
68 1 610628
69 1 610706
32 0 610709
32 1 610828
73 0 610932
73 1 611033
78 0 611072
78 1 611173
70 0 611344
70 1 611476
79 0 611482
79 1 611572
82 0 611605
82 1 611718
77 0 611729
65 0 611810
77 1 611863
65 1 611933
84 0 612011
73 0 612094
84 1 612116
73 1 612170
73 0 612254
73 1 612400
32 0 612557
32 1 612679
83 0 612683
73 0 612808
83 1 612818
73 1 612897
32 0 612985
84 0 613037
32 1 613086
84 1 613167
85 0 613528
85 1 613604
8 0 613873
8 1 613983
80 0 614102
80 1 614220
85 0 614333
85 1 614419
8 0 614628
8 1 614702
8 0 614799
8 1 614885
79 0 615150
79 1 615239
85 0 615349
85 1 615416
8 0 615698
8 1 615824
8 0 616355
8 1 616444
73 0 616840
73 1 616953
85 0 617044
85 1 617134
80 0 617474
80 1 617606
32 0 617751
32 1 617870
68 0 617964
69 0 618025
68 1 618074
69 1 618159
8 0 618349
8 1 618436
8 0 618534
8 1 618609
8 0 618702
8 1 618777
8 0 618855
8 1 618935
8 0 619036
8 1 619164
80 0 619315
80 1 619454
85 0 619599
85 1 619706
76 0 619805
76 1 619902
32 0 619993
68 0 620093
32 1 620099
69 0 620155
32 0 620214
68 1 620216
69 1 620311
32 1 620317
73 0 620387
73 1 620497
78 0 620511
70 0 620584
78 1 620630
70 1 620700
79 0 620756
79 1 620878
82 0 621372
82 1 621488
77 0 621564
65 0 621622
77 1 621667
65 1 621763
84 0 621844
84 1 621959
73 0 621975
73 1 622069
73 0 622147
73 1 622242
32 0 623053
32 1 623204
84 0 623214
82 0 623310
84 1 623363
82 1 623401
65 0 623517
65 1 623643
78 0 623684
78 1 623777
83 0 623793
83 1 623913
77 0 623935
73 0 624073
77 1 624092
73 1 624176
83 0 624372
83 1 624511
69 0 624522
69 1 624668
188 0 624714
188 1 624817
32 0 624880
32 1 625023
84 0 625029
84 1 625132
65 0 625192
79 0 625237
65 1 625319
79 1 625356
84 0 625429
69 0 625498
84 1 625555
69 1 625631
8 0 625885
8 1 625941
8 0 626051
8 1 626125
8 0 626374
8 1 626498
8 0 626573
8 1 626659
79 0 627003
79 1 627101
65 0 627115
65 1 627211
84 0 627304
84 1 627420
69 0 627422
69 1 627584
32 0 627603
32 1 627719
80 0 627811
65 0 627849
80 1 627909
65 1 628003
82 0 628078
82 1 628203
32 0 628259
32 1 628368
65 0 628376
65 1 628537
32 0 628554
32 1 628674
65 0 628816
65 1 628975
86 0 629127
86 1 629288
69 0 629381
69 1 629516
65 0 629646
32 0 629705
65 1 629722
32 1 629820
85 0 629934
85 1 630040
78 0 630079
78 1 630182
32 0 630275
32 1 630423
8 0 637278
8 1 637356
8 0 637483
8 1 637551
8 0 637647
8 1 637754
78 0 638190
69 0 638261
78 1 638281
69 1 638353
86 0 638466
79 0 638560
86 1 638577
79 1 638654
73 0 638723
69 0 638823
73 1 638839
69 1 638954
32 0 638955
68 0 639079
32 1 639090
69 0 639153
68 1 639210
32 0 639229
69 1 639282
32 1 639368
85 0 639481
85 1 639589
78 0 639638
78 1 639727
32 0 639835
32 1 639936
78 0 640011
78 1 640123
79 0 640195
79 1 640295
85 0 640383
85 1 640476
32 0 640549
32 1 640661
73 0 640711
78 0 640830
73 1 640833
67 0 640950
78 1 640966
69 0 641037
67 1 641060
80 0 641136
69 1 641155
80 1 641255
85 0 641516
85 1 641631
84 0 641707
84 1 641814
190 0 641921
190 1 642029
32 0 642116
32 1 642233
16 0 642327
16 0 642817
16 0 642846
16 0 642874
16 0 642904
16 0 642935
16 0 642967
73 0 642988
73 1 643093
16 1 643152
78 0 643169
78 1 643245
32 0 643362
32 1 643456
8 0 643939
8 1 644023
8 0 644122
8 1 644214
16 0 644323
8 0 644458
8 1 644572
16 1 644638
16 0 645780
16 0 646271
16 0 646301
16 0 646329
16 0 646359
16 0 646389
16 0 646421
16 0 646449
78 0 646475
16 1 646511
78 1 646561
85 0 646816
85 1 646930
32 0 647007
32 1 647129
69 0 647135
69 1 647247
88 0 647480
88 1 647621
73 0 647721
83 0 647817
73 1 647837
83 1 647929
84 0 648052
65 0 648171
84 1 648174
65 1 648283
32 0 648295
83 0 648342
32 1 648387
83 1 648475
73 0 648551
83 0 648608
73 1 648654
83 1 648728
84 0 648841
69 0 648932
84 1 648985
69 1 649065
77 0 649136
77 1 649239
69 0 649364
69 1 649471
8 0 649730
8 1 649806
32 0 649880
32 1 649972
80 0 650065
80 1 650173
69 0 650202
69 1 650339
82 0 650614
82 1 650733
70 0 650858
69 0 650939
70 1 650975
69 1 651054
67 0 651180
67 1 651294
84 0 651417
84 1 651504
32 0 651514
32 1 651617
68 0 651671
69 0 651802
32 0 651826
68 1 651844
69 1 651928
32 1 651932
73 0 652011
73 1 652108
78 0 652112
78 1 652235
86 0 652276
86 1 652410
65 0 652467
65 1 652577
84 0 652647
84 1 652762
65 0 652794
65 1 652905
77 0 652925
65 0 653032
77 1 653035
65 1 653180
78 0 653195
78 1 653314
84 0 653421
84 1 653541
32 0 653599
32 1 653725
80 0 654015
80 1 654140
82 0 654153
82 1 654274
79 0 654321
79 1 654441
86 0 654662
86 1 654726
86 0 654764
86 1 654790
66 0 655015
66 1 655176
8 0 655552
8 1 655627
8 0 655715
8 1 655807
8 0 655884
8 1 656014
66 0 656042
66 1 656181
65 0 656264
65 1 656365
66 0 656816
66 1 656945
73 0 657028
73 1 657124
76 0 657212
76 1 657301
32 0 657401
32 1 657483
78 0 657554
73 0 657656
78 1 657673
67 0 657730
73 1 657772
67 1 657859
85 0 658107
85 1 658188
8 0 658939
8 1 659046
73 0 659183
73 1 659328
85 0 659439
85 1 659541
78 0 659611
78 1 659733
68 0 659842
69 0 659940
68 1 659985
32 0 660051
69 1 660070
32 1 660168
73 0 660246
73 1 660362
78 0 660389
78 1 660495
32 0 660596
32 1 660701
76 0 660790
76 1 660891
85 0 660988
85 1 661091
77 0 661170
77 1 661279
69 0 661320
69 1 661432
188 0 661443
188 1 661566
32 0 661633
32 1 661747
73 0 661844
73 1 661939
78 0 661981
78 1 662095
83 0 662130
65 0 662218
83 1 662268
32 0 662340
65 1 662380
32 1 662456
83 0 662480
83 1 662617
85 0 662636
85 1 662745
78 0 662790
78 1 662891
84 0 662915
84 1 663030
32 0 663106
32 1 663209
69 0 663539
69 1 663626
88 0 663783
88 1 663914
69 0 664002
77 0 664116
69 1 664128
77 1 664229
80 0 664294
76 0 664396
80 1 664426
69 0 664493
76 1 664519
69 1 664598
32 0 664703
83 0 664804
32 1 664830
83 1 664918
69 0 664926
69 1 665063
67 0 665157
67 1 665277
84 0 665440
84 1 665543
79 0 665553
82 0 665660
79 1 665677
82 1 665786
73 0 665851
73 1 665935
65 0 665947
65 1 666095
76 0 666140
76 1 666242
69 0 666434
69 1 666558
32 0 666656
68 0 666769
32 1 666788
69 0 666965
68 1 667001
32 0 667024
69 1 667104
32 1 667147
66 0 667414
85 0 667516
66 1 667525
85 1 667632
78 0 667685
69 0 667761
78 1 667796
69 1 667881
32 0 667923
32 1 668035
80 0 668156
82 0 668224
80 1 668256
65 0 668280
82 1 668328
65 1 668414
67 0 668486
67 1 668601
84 0 668713
84 1 668822
73 0 668841
73 1 668957
67 0 669364
73 0 669518
67 1 669522
73 1 669629
32 0 669723
67 0 669820
32 1 669856
65 0 669968
67 1 669974
65 1 670115
82 0 670135
69 0 670215
82 1 670286
32 0 670318
69 1 670355
32 1 670417
80 0 670535
80 1 670637
79 0 670717
79 1 670826
84 0 670883
84 1 670996
32 0 671013
32 1 671130
70 0 671182
73 0 671276
70 1 671297
73 1 671378
32 0 671488
65 0 671495
32 1 671599
65 1 671656
68 0 671673
79 0 671817
68 1 671828
79 1 671930
80 0 672010
80 1 672120
84 0 672140
84 1 672238
65 0 672258
65 1 672402
84 0 672441
69 0 672484
84 1 672547
69 1 672613
32 0 672707
32 1 672848
73 0 672917
73 1 673025
78 0 673041
78 1 673152
32 0 673246
32 1 673383
68 0 673735
68 1 673861
79 0 673894
79 1 674013
82 0 674020
82 1 674131
73 0 674168
73 1 674266
78 0 674316
65 0 674386
78 1 674432
65 1 674497
84 0 674577
84 1 674691
65 0 674758
32 0 674857
65 1 674915
32 1 674966
8 0 675125
8 1 675211
8 0 675325
8 1 675389
8 0 675493
8 1 675566
8 0 675669
8 1 675788
84 0 675815
84 1 675928
65 0 675986
32 0 676118
65 1 676138
32 1 676243
68 0 676284
69 0 676381
68 1 676423
32 0 676474
69 1 676486
32 1 676586
65 0 676649
65 1 676815
32 0 676822
67 0 676935
32 1 676952
67 1 677055
82 0 677211
69 0 677305
82 1 677376
69 1 677436
83 0 677513
83 1 677640
84 0 677715
69 0 677786
84 1 677842
69 1 677901
32 0 677916
67 0 678018
32 1 678034
65 0 678187
67 1 678193
76 0 678283
65 1 678340
76 1 678398
73 0 678482
84 0 678602
73 1 678615
84 1 678695
65 0 678718
65 1 678849
84 0 678891
69 0 678932
84 1 678997
69 1 679048
65 0 679143
65 1 679295
32 0 679312
32 1 679420
65 0 679445
65 1 679592
67 0 680233
67 1 680379
84 0 680632
84 1 680743
73 0 680770
73 1 680870
8 0 681398
8 1 681493
85 0 681660
85 1 681747
76 0 681869
76 1 681978
85 0 682102
85 1 682170
73 0 682243
73 1 682331
32 0 682413
69 0 682536
32 1 682542
69 1 682626
68 0 682744
68 1 682858
85 0 682908
85 1 683022
67 0 683090
65 0 683208
67 1 683215
65 1 683324
84 0 683396
73 0 683470
84 1 683509
73 1 683582
79 0 683641
79 1 683724
78 0 683795
78 1 683904
65 0 683963
65 1 684095
76 0 684097
76 1 684191
32 0 684335
32 1 684446
190 0 684570
16 0 684616
190 1 684666
16 1 684934
8 0 685044
8 1 685128
8 0 685216
8 1 685309
8 0 685379
8 1 685469
76 0 686145
76 1 686244
190 0 686547
190 1 686658
32 0 686767
16 0 686799
32 1 686905
69 0 686954
16 1 687008
69 1 687070
83 0 687187
83 1 687320
84 0 687610
69 0 687695
84 1 687758
32 0 687793
69 1 687841
32 1 687926
73 0 688019
73 1 688132
77 0 688184
77 1 688316
80 0 688389
80 1 688519
79 0 688599
82 0 688657
79 1 688726
82 1 688746
84 0 688861
84 1 688949
65 0 688967
65 1 689124
78 0 689156
78 1 689270
84 0 689305
84 1 689451
32 0 689484
65 0 689560
32 1 689590
65 1 689714
67 0 689780
67 1 690090
8 0 690339
8 1 690446
8 0 690529
8 1 690638
67 0 690645
65 0 690793
67 1 690799
32 0 690947
65 1 690953
32 1 691066
65 0 691237
65 1 691372
67 0 691485
69 0 691602
67 1 691643
69 1 691741
83 0 691865
83 1 692015
32 0 692113
32 1 692235
8 0 692712
8 1 692796
84 0 693648
32 0 693754
84 1 693757
32 1 693878
83 0 693920
73 0 694041
83 1 694042
73 1 694120
83 0 694174
83 1 694278
84 0 694395
69 0 694497
84 1 694548
69 1 694637
77 0 694671
77 1 694785
32 0 694986
32 1 695125
83 0 695173
83 1 695335
65 0 695341
32 0 695475
65 1 695526
32 1 695572
82 0 696464
69 0 696540
82 1 696592
69 1 696679
80 0 696685
80 1 696800
82 0 696818
69 0 696893
82 1 696969
69 1 697013
90 0 697199
90 1 697375
69 0 697408
69 1 697550
73 0 697593
73 1 697674
78 0 697709
84 0 697774
78 1 697818
69 0 697876
84 1 697915
32 0 698005
69 1 698025
32 1 698085
8 0 698313
8 1 698393
8 0 698482
8 1 698558
8 0 698639
8 1 698712
8 0 698774
8 1 698871
8 0 698951
8 1 699017
8 0 699119
8 1 699224
73 0 699458
73 1 699579
78 0 699652
84 0 699699
78 1 699754
69 0 699805
84 1 699844
32 0 699926
69 1 699940
32 1 700040
85 0 700140
85 1 700244
78 0 700311
78 1 700398
32 0 700505
32 1 700609
80 0 700719
65 0 700783
80 1 700840
82 0 700943
65 1 700959
82 1 701063
84 0 701170
69 0 701238
84 1 701288
69 1 701367
78 0 701407
69 0 701502
78 1 701508
69 1 701621
82 0 701651
73 0 701773
82 1 701782
65 0 701872
73 1 701905
65 1 701980
84 0 702033
32 0 702167
84 1 702170
32 1 702293
73 0 702354
73 1 702477
78 0 702506
78 1 702616
84 0 702817
82 0 702996
84 1 703037
82 1 703127
69 0 703237
69 1 703371
32 0 703388
32 1 703492
80 0 703590
80 1 703697
82 0 703716
82 1 703836
79 0 703843
79 1 703975
70 0 704024
69 0 704131
70 1 704170
69 1 704217
83 0 704344
83 1 704432
79 0 704501
82 0 704616
79 1 704629
82 1 704741
73 0 704782
73 1 704890
188 0 705024
188 1 705153
32 0 705335
32 1 705475
69 0 705685
69 1 705783
76 0 705836
69 0 705922
76 1 705928
69 1 706035
86 0 706178
86 1 706277
73 0 706298
73 1 706393
32 0 706488
32 1 706599
83 0 706605
73 0 706705
83 1 706718
73 1 706804
32 0 706891
32 1 706992
80 0 707101
65 0 707186
80 1 707232
65 1 707319
82 0 707358
82 1 707503
73 0 707562
73 1 707659
78 0 707712
78 1 707850
84 0 708044
84 1 708168
73 0 708284
73 1 708374
190 0 708529
190 1 708655
16 0 719736
72 0 720099
72 1 720176
16 1 720193
65 0 720297
65 1 720391
66 0 720453
66 1 720533
65 0 720536
65 1 720618
82 0 720704
32 0 720788
82 1 720818
32 1 720893
78 0 720986
78 1 721084
173 0 721928
173 1 722004
65 0 722043
65 1 722187
77 0 722280
77 1 722371
32 0 722457
32 1 722563
85 0 722658
85 1 722761
78 0 722763
78 1 722866
68 0 722873
69 0 722963
68 1 722995
69 1 723063
83 0 723180
83 1 723316
8 0 723714
8 1 723851
83 0 723998
83 1 724131
8 0 724471
8 1 724567
32 0 724631
32 1 724761
83 0 724858
69 0 724999
83 1 725016
69 1 725139
32 0 725162
32 1 725278
80 0 725368
80 1 725498
84 0 725596
82 0 725698
84 1 725734
82 1 725756
69 0 725896
69 1 726031
8 0 726295
8 1 726382
8 0 726484
8 1 726558
8 0 726650
8 1 726787
69 0 726820
69 1 726952
82 0 727040
82 1 727180
84 0 727260
82 0 727325
82 1 727389
84 1 727399
69 0 727478
69 1 727621
8 0 727708
8 1 727785
8 0 727903
8 1 727975
8 0 728068
8 1 728148
8 0 728240
84 0 728348
8 1 728376
82 0 728429
84 1 728492
82 1 728552
69 0 728647
69 1 728786
67 0 728847
69 0 728995
67 1 729054
32 0 729132
69 1 729137
32 1 729262
83 0 729306
83 1 729431
67 0 729518
69 0 729647
67 1 729664
78 0 729777
69 1 729803
78 1 729885
84 0 729971
84 1 730078
65 0 730110
65 1 730238
8 0 730616
8 1 730707
8 0 730806
8 1 730922
65 0 730937
65 1 731075
188 0 731520
188 1 731620
32 0 731674
68 0 731776
32 1 731808
65 0 731851
68 1 731910
65 1 731979
82 0 732022
82 1 732141
32 0 732160
32 1 732273
80 0 732376
65 0 732462
80 1 732496
65 1 732589
82 0 732657
69 0 732729
82 1 732806
69 1 732876
32 0 732883
32 1 733007
65 0 733064
65 1 733204
32 0 733242
32 1 733362
70 0 733799
73 0 733893
70 1 733895
73 1 733992
32 0 734097
32 1 734203
85 0 734259
85 1 734371
78 0 734378
78 1 734484
32 0 734584
32 1 734700
68 0 734856
69 0 734988
68 1 735015
69 1 735061
67 0 735198
67 1 735313
79 0 735350
79 1 735460
82 0 735474
82 1 735585
32 0 735640
32 1 735759
65 0 736487
65 1 736630
78 0 736668
78 1 736795
84 0 736798
84 1 736919
73 0 736991
73 1 737114
67 0 737174
67 1 737335
32 0 737366
32 1 737483
8 0 738276
8 1 738355
190 0 739024
190 1 739112
32 0 739124
32 1 739223
16 0 747672
80 0 747879
80 1 748002
69 0 748071
16 1 748082
69 1 748191
82 0 748277
82 1 748371
83 0 748514
83 1 748635
79 0 748676
79 1 748771
78 0 748850
65 0 748923
78 1 748960
65 1 749080
74 0 749189
74 1 749309
8 0 749758
8 1 749855
8 0 749936
8 1 750022
8 0 750089
8 1 750161
8 0 750251
8 1 750331
8 0 750422
8 1 750504
8 0 750609
8 1 750700
8 0 750779
8 1 750889
69 0 751017
69 1 751142
82 0 751273
82 1 751390
83 0 751532
83 1 751671
79 0 751734
79 1 751838
78 0 751913
65 0 752012
78 1 752015
65 1 752149
74 0 752313
74 1 752405
69 0 752480
69 1 752583
76 0 752600
76 1 752688
69 0 752721
32 0 752814
69 1 752825
32 1 752926
83 0 752937
83 1 753080
85 0 753091
85 1 753199
78 0 753233
78 1 753340
84 0 753351
84 1 753459
32 0 753530
32 1 753651
65 0 753745
65 1 753844
78 0 754128
78 1 754233
71 0 754265
71 1 754452
82 0 754606
69 0 754691
82 1 754760
69 1 754841
78 0 754885
78 1 754987
65 0 755108
65 1 755269
84 0 755362
69 0 755456
84 1 755512
69 1 755595
32 0 755598
32 1 755714
73 0 755799
73 1 755904
78 0 755913
78 1 756007
32 0 756114
32 1 756241
68 0 756303
68 1 756406
73 0 756439
73 1 756560
86 0 756607
69 0 756706
86 1 756737
69 1 756858
82 0 756983
82 1 757092
83 0 757222
83 1 757347
69 0 757360
69 1 757504
32 0 757515
68 0 757632
32 1 757635
68 1 757773
73 0 757805
73 1 757930
83 0 757969
83 1 758035
67 0 758111
67 1 758241
85 0 758305
85 1 758420
84 0 758442
84 1 758562
73 0 758622
73 1 758691
73 0 758783
73 1 758876
32 0 758976
32 1 759103
83 0 759113
83 1 759262
73 0 762051
73 1 762152
32 0 762269
68 0 762330
32 1 762383
69 0 762423
68 1 762473
69 1 762528
90 0 762705
90 1 762833
66 0 763289
66 1 763395
65 0 763503
65 1 763646
84 0 763716
69 0 763766
84 1 763834
69 1 763904
82 0 763986
82 1 764102
73 0 764130
73 1 764254
188 0 764400
188 1 764558
32 0 764652
32 1 764783
8 0 771188
8 1 771300
8 0 771821
8 1 771956
188 0 774470
188 1 774579
32 0 774637
32 1 774793
73 0 780429
73 1 780508
65 0 780537
65 1 780637
82 0 780670
82 1 780794
32 0 780826
32 1 780925
65 0 781092
65 1 781211
84 0 781330
84 1 781456
77 0 781527
77 1 781681
79 0 782111
79 1 782211
83 0 782372
83 1 782520
70 0 782654
70 1 782750
69 0 782833
82 0 782927
69 1 782943
82 1 783078
65 0 783152
32 0 783275
65 1 783295
32 1 783385
80 0 783504
65 0 783553
80 1 783599
65 1 783675
82 0 783711
69 0 783814
82 1 783863
69 1 783917
32 0 783984
32 1 784112
65 0 784124
65 1 784278
32 0 784294
32 1 784422
70 0 784528
70 1 784661
73 0 784679
73 1 784809
32 0 784904
32 1 785012
85 0 785078
85 1 785179
78 0 785188
78 1 785313
65 0 785320
65 1 785463
32 0 785484
32 1 785613
73 0 785966
73 1 786091
78 0 786158
78 1 786256
32 0 786570
32 1 786683
67 0 786723
65 0 786834
67 1 786875
65 1 786982
82 0 787097
69 0 787139
82 1 787220
69 1 787277
32 0 787416
32 1 787540
68 0 787676
68 1 787824
8 0 788026
8 1 788137
83 0 788200
83 1 788351
69 0 788391
69 1 788499
32 0 788611
32 1 788699
86 0 789289
86 1 789408
79 0 789429
79 1 789539
82 0 789568
82 1 789666
66 0 789699
66 1 789794
69 0 789806
69 1 789914
83 0 790010
83 1 790144
84 0 790331
69 0 790419
84 1 790462
69 1 790569
32 0 790595
32 1 790710
82 0 791233
69 0 791297
82 1 791355
69 1 791408
76 0 791505
65 0 791592
76 1 791611
65 1 791693
84 0 791786
73 0 791872
84 1 791888
73 1 791947
86 0 792022
86 1 792132
32 0 792135
32 1 792242
77 0 792367
77 1 792469
85 0 792515
85 1 792613
76 0 792712
76 1 792806
84 0 792892
84 1 792991
190 0 793048
190 1 793161
32 0 793244
32 1 793346
16 0 795353
16 0 795844
16 0 795874
16 0 795903
16 0 795932
16 0 795961
16 0 795991
90 0 795998
16 1 796133
90 1 796135
73 0 796143
73 1 796219
85 0 796322
85 1 796410
65 0 796529
65 1 796657
32 0 796706
32 1 796838
79 0 797027
79 1 797146
66 0 797345
66 1 797470
73 0 797559
83 0 797648
73 1 797657
83 1 797776
78 0 797877
85 0 798000
78 1 798028
85 1 798116
73 0 798182
84 0 798320
73 1 798323
84 1 798437
65 0 798479
32 0 798589
65 1 798638
32 1 798690
73 0 798759
73 1 798875
78 0 798910
78 1 798996
32 0 799095
32 1 799227
16 0 799544
16 0 800035
16 0 800066
16 0 800093
16 0 800123
16 0 800153
16 0 800185
16 0 800214
16 0 800244
16 0 800273
16 0 800304
16 0 800333
16 0 800362
16 0 800391
16 0 800421
16 0 800451
16 0 800480
16 0 800511
16 0 800541
16 0 800571
16 0 800600
16 0 800630
16 0 800663
16 0 800689
16 0 800719
16 0 800749
16 1 800791
65 0 801041
65 1 801181
78 0 801232
78 1 801327
84 0 801401
84 1 801498
73 0 801527
73 1 801645
67 0 801742
72 0 801859
67 1 801865
72 1 801988
73 0 802083
84 0 802188
73 1 802199
84 1 802278
65 0 802305
65 1 802432
84 0 802521
69 0 802539
84 1 802598
69 1 802683
32 0 803808
32 1 803885
80 0 804038
80 1 804127
79 0 804222
65 0 804286
79 1 804335
65 1 804408
84 0 804512
69 0 804571
84 1 804617
69 1 804684
32 0 804694
32 1 804801
65 0 804836
65 1 804970
69 0 805157
69 1 805316
8 0 805547
8 1 805659
86 0 805704
69 0 805827
86 1 805887
69 1 805969
65 0 806092
65 1 806227
32 0 806266
32 1 806380
80 0 806494
65 0 806574
80 1 806604
65 1 806686
82 0 806787
82 1 806914
84 0 807019
84 1 807091
73 0 807126
73 1 807231
67 0 807310
85 0 807429
67 1 807468
85 1 807537
76 0 807636
65 0 807679
76 1 807738
65 1 807818
82 0 807843
82 1 807951
73 0 807973
73 1 808082
84 0 808100
84 1 808203
65 0 808249
65 1 808364
84 0 808452
84 1 808539
73 0 808569
73 1 808680
32 0 808771
32 1 808912
68 0 809357
68 1 809470
73 0 809507
70 0 809610
73 1 809617
69 0 809703
70 1 809741
69 1 809830
82 0 809858
69 0 809974
82 1 810028
69 1 810096
73 0 810163
73 1 810303
84 0 810323
69 0 810443
69 1 810529
84 1 810535
8 0 810698
8 1 810763
8 0 810856
8 1 810934
8 0 811041
8 1 811086
8 0 811221
8 1 811326
73 0 811656
73 1 811771
84 0 811849
69 0 811943
84 1 811999
69 1 812106
32 0 812128
32 1 812259
70 0 812633
65 0 812738
70 1 812758
65 1 812861
84 0 812932
65 0 813020
84 1 813039
32 0 813109
65 1 813155
32 1 813233
68 0 813268
69 0 813335
68 1 813385
32 0 813415
69 1 813461
32 1 813543
79 0 813617
79 1 813730
32 0 813810
90 0 813929
32 1 813935
73 0 814067
90 1 814069
73 1 814164
32 0 814248
32 1 814383
73 0 814766
73 1 814895
78 0 814946
78 1 815053
32 0 815148
32 1 815263
76 0 816494
76 1 816591
85 0 816710
85 1 816778
77 0 816871
69 0 816969
77 1 816975
69 1 817089
65 0 817159
32 0 817215
65 1 817293
32 1 817302
77 0 817400
77 1 817535
79 0 817542
79 1 817661
68 0 817768
69 0 817873
68 1 817925
69 1 818007
84 0 818202
84 1 818343
78 0 818607
78 1 818737
65 0 818847
65 1 819007
8 0 819643
8 1 819711
8 0 819817
8 1 819885
8 0 819986
8 1 820092
82 0 820152
82 1 820259
78 0 820333
78 1 820453
65 0 820770
65 1 820918
190 0 821190
190 1 821263
32 0 821303
32 1 821406
16 0 821895
16 0 822386
16 0 822418
16 0 822447
16 0 822476
16 0 822505
16 0 822535
16 0 822565
16 0 822596
68 0 822616
16 1 822667
69 0 822752
68 1 822784
69 1 822825
83 0 822937
83 1 823049
73 0 823161
73 1 823270
71 0 823280
71 1 823396
82 0 823527
82 1 823650
85 0 823666
85 1 823744
32 0 823871
32 1 823993
65 0 824016
65 1 824137
8 0 824258
8 1 824336
8 0 824437
8 1 824506
8 0 824613
8 1 824656
8 0 824752
8 1 824836
85 0 825481
85 1 825563
82 0 825590
82 1 825709
32 0 825859
32 1 825948
65 0 825959
65 1 826095
67 0 826138
67 1 826275
84 0 826402
84 1 826503
73 0 826530
73 1 826641
86 0 826651
73 0 826779
86 1 826782
73 1 826886
84 0 826905
84 1 827020
65 0 827078
65 1 827197
84 0 827220
73 0 827332
84 1 827349
73 1 827431
76 0 827528
76 1 827631
69 0 827748
69 1 827878
32 0 827896
68 0 827998
32 1 828007
69 0 828129
68 1 828168
32 0 828204
69 1 828256
32 1 828338
86 0 828519
86 1 828683
8 0 828933
66 0 829051
8 1 829061
66 1 829172
65 0 829249
65 1 829385
90 0 829432
65 0 829564
90 1 829623
65 1 829709
32 0 829722
32 1 829840
90 0 830058
90 1 830199
73 0 830208
73 1 830311
76 0 830387
76 1 830488
78 0 830610
78 1 830741
73 0 830753
67 0 830879
73 1 830885
69 0 830994
67 1 831036
69 1 831143
32 0 831223
32 1 831360
83 0 831491
83 1 831635
85 0 831687
85 1 831809
78 0 831871
84 0 831973
78 1 831979
84 1 832081
32 0 832111
32 1 832243
65 0 832249
65 1 832355
67 0 832480
69 0 832577
67 1 832603
69 1 832691
76 0 832757
69 0 832866
76 1 832867
69 1 833015
65 0 833106
65 1 833260
83 0 833296
83 1 833477
73 0 833548
73 1 833659
32 0 833789
32 1 833885
8 0 834145
8 1 834255
16 0 834540
59 0 834628
32 0 834722
16 1 834738
59 1 834759
32 1 834817
83 0 836520
83 1 836634
69 0 836644
69 1 836777
82 0 836865
82 1 836953
86 0 837064
73 0 837154
86 1 837161
73 1 837270
82 0 837302
69 0 837411
82 1 837441
69 1 837532
65 0 837640
32 0 837740
65 1 837782
32 1 837852
69 0 837942
77 0 837944
77 1 838029
69 1 838063
83 0 838171
83 1 838296
69 0 838392
69 1 838518
73 0 838539
73 1 838667
8 0 839101
8 1 839164
8 0 839261
8 1 839347
8 0 839444
8 1 839506
8 0 839602
8 1 839681
8 0 839773
8 1 839864
77 0 840333
69 0 840434
77 1 840441
69 1 840547
83 0 840640
83 1 840765
69 0 840853
69 1 840959
73 0 840984
73 1 841093
188 0 841270
188 1 841375
32 0 841454
83 0 841563
32 1 841577
83 1 841690
79 0 841714
79 1 841829
77 0 841904
77 1 842053
78 0 842152
85 0 842319
78 1 842334
85 1 842424
76 0 842531
76 1 842653
188 0 843095
188 1 843194
32 0 843264
32 1 843381
82 0 844254
82 1 844362
73 0 844430
73 1 844530
84 0 844568
84 1 844685
65 0 844785
65 1 844933
85 0 844956
85 1 845059
76 0 845222
76 1 845306
8 0 845482
8 1 845557
8 0 845668
8 1 845746
8 0 845838
8 1 845941
85 0 846282
85 1 846371
65 0 846430
76 0 846529
65 1 846584
76 1 846666
85 0 846786
85 1 846887
82 0 847003
82 1 847106
73 0 847112
73 1 847212
76 0 847467
76 1 847606
69 0 847682
69 1 847821
32 0 847841
68 0 847966
32 1 847972
69 0 848108
68 1 848151
32 0 848168
69 1 848255
32 1 848299
73 0 848386
73 1 848502
78 0 848532
84 0 848588
82 0 848631
78 1 848662
84 1 848694
82 1 848760
69 0 849262
69 1 849417
84 0 849626
84 1 849781
73 0 849863
73 1 849974
78 0 850049
78 1 850167
69 0 850173
69 1 850309
82 0 850330
69 0 850460
82 1 850526
69 1 850595
32 0 850651
32 1 850774
8 0 851285
8 1 851395
188 0 851934
188 1 852032
32 0 852114
32 1 852240
80 0 852494
80 1 852596
69 0 852625
69 1 852746
84 0 852850
82 0 852908
84 1 852973
82 1 853011
69 0 853111
69 1 853242
67 0 853327
69 0 853441
67 1 853487
69 1 853601
82 0 853633
82 1 853783
73 0 853799
73 1 853903
76 0 854047
76 1 854088
69 0 854157
69 1 854263
32 0 854377
32 1 854519
83 0 855131
83 1 855251
85 0 855674
85 1 855800
8 0 856065
8 1 856152
8 0 856266
8 1 856337
8 0 856439
8 1 856527
188 0 857140
188 1 857226
32 0 857299
83 0 857421
32 1 857429
65 0 857515
83 1 857551
85 0 857593
65 1 857655
85 1 857672
32 0 857765
82 0 857838
32 1 857880
69 0 857884
82 1 857937
69 1 858007
76 0 858074
76 1 858183
65 0 858230
65 1 858367
88 0 858563
65 0 858712
88 1 858755
65 1 858859
82 0 858910
69 0 858986
82 1 859069
69 1 859117
65 0 859198
65 1 859335
190 0 859398
190 1 859487
32 0 859777
32 1 859915
16 0 860025
16 0 860513
16 0 860542
16 0 860571
16 0 860603
16 0 860632
16 0 860662
68 0 860679
16 1 860733
69 0 860819
68 1 860848
69 1 860887
83 0 861080
83 1 861170
8 0 861340
8 1 861415
8 0 861529
8 1 861637
8 0 861727
8 1 861838
16 0 861970
67 0 862239
16 1 862309
69 0 862364
67 1 862400
69 1 862487
69 0 862585
69 1 862703
65 0 862770
32 0 862879
65 1 862891
32 1 862989
67 0 863030
69 0 863080
67 1 863144
32 0 863242
69 1 863246
32 1 863352
70 0 863728
70 1 863783
8 0 864108
8 1 864244
68 0 864247
69 0 864287
68 1 864346
69 1 864446
70 0 864525
70 1 864650
73 0 864863
73 1 864999
78 0 865118
78 1 865216
69 0 865280
69 1 865415
83 0 865554
83 1 865703
84 0 865803
69 0 865872
84 1 865945
32 0 865969
69 1 866027
32 1 866091
73 0 866174
73 1 866291
78 0 866320
78 1 866435
83 0 866614
65 0 866757
83 1 866768
65 1 866948
32 0 867050
32 1 867180
67 0 867667
67 1 867768
8 0 868161
8 1 868287
73 0 868458
73 1 868590
78 0 868674
84 0 868709
78 1 868776
82 0 868789
84 1 868846
82 1 868929
173 0 869352
173 1 869459
79 0 869598
79 1 869698
32 0 869790
67 0 869898
32 1 869922
67 1 870020
85 0 870024
85 1 870109
32 0 870173
32 1 870302
84 0 870364
79 0 870476
84 1 870477
79 1 870587
84 0 870590
84 1 870688
85 0 870711
85 1 870821
76 0 870926
76 1 871016
32 0 871167
32 1 871304
65 0 871335
65 1 871458
76 0 871516
76 1 871620
84 0 871754
84 1 871871
65 0 871914
32 0 871999
65 1 872059
32 1 872086
77 0 872186
65 0 872257
77 1 872277
65 1 872368
83 0 872372
83 1 872550
85 0 872566
85 1 872675
82 0 873323
82 1 873469
65 0 873629
32 0 873756
65 1 873796
32 1 873910
84 0 879485
82 0 879562
84 1 879622
82 1 879666
65 0 879768
73 0 879911
65 1 879917
73 1 879997
85 0 880107
85 1 880167
76 0 880258
76 1 880353
32 0 880446
32 1 880563
90 0 880592
73 0 880678
90 1 880708
73 1 880774
76 0 880867
76 1 880978
78 0 881074
73 0 881187
78 1 881208
73 1 881319
67 0 881364
67 1 881483
32 0 881489
32 1 881618
69 0 881644
69 1 881742
83 0 881870
83 1 881993
84 0 882147
69 0 882250
84 1 882296
69 1 882395
32 0 882444
32 1 882559
8 0 883160
8 1 883294
8 0 883459
8 1 883537
8 0 883641
8 1 883706
8 0 883825
8 1 883889
8 0 883994
8 1 884106
83 0 884301
83 1 884462
78 0 884716
78 1 884758
85 0 884854
85 1 884966
8 0 885235
8 1 885295
8 0 885414
8 1 885509
85 0 885833
85 1 885956
78 0 886006
84 0 886106
78 1 886108
32 0 886207
84 1 886210
32 1 886305
80 0 886379
69 0 886442
80 1 886465
69 1 886567
32 0 886602
68 0 886701
32 1 886724
69 0 886806
68 1 886856
32 0 886880
69 1 886948
32 1 887007
79 0 887094
79 1 887200
32 0 887280
32 1 887375
65 0 887482
219 0 887497
219 1 887543
82 0 887619
65 1 887640
82 1 887755
8 0 888057
8 1 888143
8 0 888239
8 1 888343
8 0 888438
8 1 888556
80 0 888716
80 1 888852
65 0 888881
65 1 889042
82 0 889065
82 1 889194
84 0 889303
69 0 889390
84 1 889444
69 1 889554
32 0 889560
32 1 889673
79 0 889833
79 1 889968
66 0 890133
66 1 890233
73 0 890307
73 1 890427
67 0 890434
69 0 890490
67 1 890526
69 1 890625
73 0 890758
73 1 890854
85 0 890931
85 1 891034
82 0 891077
73 0 891195
82 1 891201
73 1 891308
76 0 891418
76 1 891535
69 0 891565
69 1 891674
188 0 891699
188 1 891828
32 0 891932
32 1 892059
80 0 892159
69 0 892253
80 1 892258
69 1 892377
32 0 892412
32 1 892539
68 0 892993
69 0 893090
68 1 893151
32 0 893211
69 1 893221
32 1 893328
65 0 893361
76 0 893501
65 1 893521
76 1 893608
84 0 893652
84 1 893770
65 0 893788
65 1 893944
32 0 893989
32 1 894085
80 0 894189
65 0 894260
80 1 894303
65 1 894411
82 0 894471
82 1 894589
84 0 894743
69 0 894824
84 1 894888
69 1 894977
32 0 895038
32 1 895158
65 0 895345
65 1 895475
67 0 895496
67 1 895651
84 0 895769
84 1 895882
73 0 895930
86 0 896037
73 1 896059
86 1 896182
73 0 896285
73 1 896407
84 0 896430
84 1 896576
65 0 896690
65 1 896826
84 0 896920
84 1 897047
73 0 897060
73 1 897178
76 0 897280
76 1 897389
69 0 897430
69 1 897560
32 0 897583
32 1 897723
68 0 897743
69 0 897857
68 1 897892
69 1 897998
32 0 898462
32 1 898592
77 0 898763
77 1 898868
85 0 898953
85 1 899052
78 0 899121
67 0 899209
78 1 899235
65 0 899358
67 1 899374
32 0 899456
65 1 899473
32 1 899583
83 0 899622
83 1 899755
73 0 899767
73 1 899863
32 0 899960
32 1 900069
67 0 900419
67 1 900536
79 0 900687
79 1 900804
8 0 901871
8 1 901947
8 0 902052
8 1 902137
79 0 902622
79 1 902738
83 0 902781
83 1 902888
67 0 902997
67 1 903106
8 0 903290
8 1 903383
8 0 903510
8 1 903604
8 0 903688
8 1 903808
83 0 903868
83 1 904003
79 0 904240
79 1 904365
67 0 904451
67 1 904560
73 0 904587
73 1 904698
65 0 904854
65 1 904962
76 0 904965
76 1 905083
73 0 905173
90 0 905226
73 1 905295
65 0 905325
90 1 905391
65 1 905471
82 0 905604
69 0 905718
82 1 905799
69 1 905867
32 0 905903
32 1 906028
90 0 906906
90 1 907009
73 0 907017
73 1 907133
76 0 907196
76 1 907310
78 0 907406
73 0 907503
78 1 907543
67 0 907632
73 1 907647
69 0 907692
67 1 907749
190 0 907838
69 1 907840
190 1 907994
