40 0 38752
40 1 38977
20 0 44964
20 1 45029
86 0 45312
86 1 45401
20 0 45526
20 1 45564
82 0 46336
82 1 46456
69 0 46587
69 1 46692
77 0 48071
77 1 48175
69 0 48833
69 1 48929
65 0 49101
65 1 49206
32 0 49446
32 1 49511
69 0 49825
69 1 49925
83 0 50060
83 1 50160
84 0 50261
84 1 50340
69 0 50456
69 1 50547
32 0 50634
32 1 50702
70 0 50858
70 1 50948
82 0 51070
82 1 51165
73 0 51261
73 1 51330
71 0 51537
71 1 51634
85 0 51778
85 1 51848
82 0 52210
82 1 52301
79 0 52480
79 1 52571
65 0 53034
65 1 53154
83 0 53305
83 1 53411
65 0 53541
65 1 53653
188 0 55154
188 1 55240
32 0 55430
32 1 55485
68 0 55706
68 1 55792
79 0 56005
79 1 56099
65 0 56235
65 1 56345
82 0 56541
82 1 56659
32 0 56761
32 1 56847
67 0 56938
67 1 57029
65 0 57355
65 1 57440
84 0 57576
84 1 57647
69 0 57757
69 1 57827
86 0 58038
86 1 58115
65 0 58219
65 1 58293
32 0 58390
32 1 58469
71 0 58652
71 1 58710
82 0 58806
82 1 58901
69 0 59032
69 1 59113
68 0 59269
68 1 59353
69 0 59491
69 1 59539
32 0 59641
32 1 59710
67 0 59926
67 1 59991
85 0 60142
85 1 60218
32 0 60373
32 1 60448
80 0 60701
80 1 60776
76 0 60887
76 1 60982
85 0 61128
85 1 61213
83 0 61304
83 1 61423
190 0 63585
190 1 63661
32 0 63886
32 1 63962
20 0 64562
20 1 64579
68 0 65754
68 1 65840
73 0 65981
73 1 66076
20 0 66293
20 1 66303
77 0 66417
77 1 66523
73 0 66655
73 1 66725
78 0 66896
78 1 66997
8 0 67691
8 1 67795
8 0 67877
8 1 67965
8 0 68042
8 1 68126
8 0 68208
8 1 68302
73 0 68965
73 1 69036
77 0 69188
77 1 69277
73 0 69383
73 1 69469
78 0 69608
78 1 69699
69 0 69775
69 1 69875
65 0 70112
65 1 70202
84 0 70257
84 1 70342
65 0 70403
65 1 70499
32 0 70555
32 1 70643
65 0 70779
65 1 70871
32 0 70961
32 1 71035
70 0 71755
70 1 71810
79 0 72071
79 1 72136
83 0 72327
83 1 72443
84 0 74383
84 1 74497
32 0 74614
32 1 74709
8 0 76870
8 1 76959
8 0 77045
8 1 77120
8 0 77221
8 1 77281
8 0 77373
8 1 77447
79 0 78539
79 1 78612
83 0 78814
83 1 78930
84 0 79166
84 1 79287
32 0 79363
32 1 79452
76 0 80396
76 1 80507
65 0 80659
65 1 80749
32 0 80839
32 1 80923
76 0 81613
76 1 81702
73 0 81819
73 1 81899
77 0 82061
77 1 82161
73 0 82255
73 1 82350
84 0 82582
84 1 82724
65 0 82964
65 1 83090
32 0 83206
32 1 83285
73 0 83784
73 1 83883
78 0 84054
78 1 84131
71 0 84456
71 1 84505
72 0 84723
72 1 84803
69 0 84963
69 1 85084
84 0 86053
84 1 86179
85 0 86758
85 1 86847
76 0 87058
76 1 87160
85 0 87325
85 1 87425
73 0 87526
73 1 87611
190 0 91178
190 1 91319
32 0 91556
32 1 91687
20 0 93315
20 1 93316
90 0 93535
90 1 93625
20 0 93992
20 1 93993
73 0 94224
73 1 94324
76 0 94511
76 1 94585
69 0 94646
69 1 94736
76 0 94803
76 1 94898
69 0 94923
69 1 94999
32 0 95214
32 1 95308
84 0 95626
84 1 95726
82 0 95817
82 1 95937
69 0 97067
69 1 97198
67 0 97892
67 1 98006
85 0 98646
85 1 98757
84 0 98877
84 1 98987
69 0 99188
69 1 99309
32 0 99428
32 1 99509
86 0 99837
86 1 99916
82 0 100027
82 1 100132
69 0 100268
69 1 100393
77 0 100490
77 1 100580
69 0 100620
69 1 100741
65 0 101002
65 1 101083
32 0 101213
32 1 101292
65 0 101524
65 1 101585
32 0 101741
32 1 101805
70 0 103489
70 1 103563
79 0 103705
79 1 103776
83 0 104449
83 1 104579
84 0 104951
84 1 105061
32 0 105187
32 1 105282
70 0 105961
70 1 106072
79 0 106233
79 1 106307
65 0 106465
65 1 106560
82 0 106825
82 1 106931
84 0 107318
84 1 107393
69 0 107509
69 1 107625
32 0 107786
32 1 107860
67 0 109271
67 1 109348
65 0 109765
65 1 109861
76 0 109995
76 1 110081
68 0 110287
68 1 110368
85 0 110559
85 1 110644
82 0 110886
82 1 110976
79 0 111162
79 1 111223
65 0 111775
65 1 111876
83 0 112007
83 1 112101
65 0 112301
65 1 112422
188 0 113613
188 1 113683
32 0 113876
32 1 113970
67 0 114151
67 1 114231
85 0 114459
85 1 114563
32 0 114790
32 1 114887
84 0 114996
84 1 115100
69 0 115392
69 1 115499
77 0 115803
77 1 115869
80 0 116242
80 1 116316
69 0 116468
69 1 116553
82 0 117382
82 1 117482
65 0 117748
65 1 117864
84 0 118437
84 1 118568
85 0 119191
85 1 119311
82 0 119453
82 1 119582
73 0 119702
73 1 119799
32 0 120035
32 1 120144
68 0 121930
68 1 122030
69 0 122160
69 1 122250
32 0 122447
32 1 122541
49 0 122970
49 1 123069
53 0 123411
53 1 123532
32 0 123647
32 1 123743
71 0 124122
71 1 124200
82 0 124401
82 1 124482
65 0 124832
65 1 124934
68 0 125126
68 1 125225
69 0 125335
69 1 125457
32 0 125552
32 1 125626
67 0 127174
67 1 127280
85 0 127360
85 1 127456
32 0 127673
32 1 127757
77 0 127897
77 1 127999
85 0 128140
85 1 128241
76 0 128804
76 1 128903
84 0 129073
84 1 129179
32 0 129279
32 1 129369
80 0 131095
80 1 131213
69 0 131374
69 1 131470
83 0 131716
83 1 131802
84 0 132020
84 1 132129
69 0 132304
69 1 132435
32 0 132557
32 1 132685
76 0 133400
76 1 133480
73 0 133670
73 1 133736
77 0 133887
77 1 133994
73 0 134115
73 1 134204
84 0 134340
84 1 134424
69 0 134661
69 1 134787
76 0 134877
76 1 134968
69 0 135094
69 1 135204
32 0 146002
32 1 146192
8 0 148518
8 1 148695
8 0 148861
8 1 148971
8 0 149143
8 1 149261
76 0 150458
76 1 150548
69 0 150750
69 1 150850
32 0 150974
32 1 151040
78 0 151362
78 1 151432
79 0 151764
79 1 151824
82 0 152020
82 1 152091
77 0 152259
77 1 152332
65 0 152538
65 1 152628
76 0 152925
76 1 153026
69 0 153287
69 1 153402
32 0 153502
32 1 153577
68 0 154014
68 1 154126
73 0 154268
73 1 154362
78 0 154538
78 1 154623
32 0 155133
32 1 155220
65 0 155573
65 1 155637
67 0 155829
67 1 155909
69 0 156396
69 1 156487
65 0 156737
65 1 156834
83 0 157010
83 1 157111
84 0 157251
84 1 157353
65 0 157452
65 1 157538
32 0 157685
32 1 157762
80 0 158582
80 1 158663
69 0 158868
69 1 158959
82 0 159106
82 1 159220
73 0 159327
73 1 159396
79 0 159583
79 1 159648
65 0 160004
65 1 160098
68 0 160336
68 1 160442
65 0 160732
65 1 160813
32 0 160974
32 1 161054
65 0 161260
65 1 161315
32 0 161522
32 1 161571
65 0 162381
65 1 162456
78 0 162653
78 1 162737
85 0 163151
85 1 163220
76 0 163461
76 1 163566
85 0 163779
85 1 163848
73 0 163960
73 1 164034
32 0 166934
32 1 167017
67 0 167520
67 1 167626
85 0 167743
85 1 167838
32 0 168029
32 1 168109
67 0 168201
67 1 168284
69 0 168546
69 1 168652
82 0 168762
82 1 168862
32 0 169018
32 1 169088
83 0 169279
83 1 169369
69 0 169516
69 1 169595
78 0 169736
78 1 169822
73 0 169973
73 1 170063
78 0 170205
78 1 170300
32 0 180096
32 1 180221
67 0 180944
67 1 181071
85 0 181203
85 1 181316
32 0 181579
32 1 181662
67 0 181884
67 1 182004
69 0 182212
69 1 182351
82 0 183426
82 1 183532
32 0 183662
32 1 183743
73 0 184170
73 1 184256
78 0 184486
78 1 184543
78 0 184624
78 1 184698
79 0 185116
79 1 185170
82 0 185355
82 1 185441
65 0 185713
65 1 185797
84 0 186237
84 1 186387
40 0 188990
40 0 189591
40 0 189622
40 0 189653
40 0 189684
40 0 189713
40 0 189742
40 0 189772
40 0 189803
40 0 189832
40 0 189862
40 0 189892
40 0 189923
40 0 189952
40 0 189983
40 0 190013
40 1 190043
38 0 195752
38 1 195852
38 0 207273
38 1 207408
38 0 207775
38 1 207884
38 0 207995
38 1 208111
38 0 208238
38 1 208312
38 0 208796
38 1 208921
38 0 209015
38 1 209116
38 0 209198
38 1 209282
38 0 209370
38 1 209458
38 0 209544
38 1 209634
38 0 209724
38 1 209815
190 0 213788
190 1 213868
32 0 214122
32 1 214175
20 0 214424
20 1 214467
86 0 214682
86 1 214752
20 0 214854
20 1 214879
82 0 215275
82 1 215423
69 0 215562
69 1 215683
77 0 215823
77 1 215924
69 0 215995
69 1 216115
65 0 216363
65 1 216457
32 0 216577
32 1 216687
80 0 217340
80 1 217447
69 0 217642
69 1 217744
82 0 217864
82 1 217968
70 0 218100
70 1 218195
69 0 218340
69 1 218432
67 0 219229
67 1 219330
84 0 219457
84 1 219572
65 0 219940
65 1 220059
32 0 220221
32 1 220249
80 0 220883
80 1 220947
69 0 221166
69 1 221275
78 0 221375
78 1 221451
84 0 221632
84 1 221757
82 0 221883
82 1 221994
85 0 222094
85 1 222169
32 0 222398
32 1 222490
77 0 222616
77 1 222711
73 0 222847
73 1 222932
78 0 223073
78 1 223165
69 0 223270
69 1 223371
32 0 223676
32 1 223741
73 0 225977
73 1 226088
78 0 226259
78 1 226339
83 0 226702
83 1 226811
69 0 226903
69 1 227013
65 0 227260
65 1 227365
77 0 227441
77 1 227511
78 0 227616
78 1 227711
65 0 227792
65 1 227856
32 0 228042
32 1 228117
79 0 228617
79 1 228690
32 0 229114
32 1 229193
90 0 229565
90 1 229650
73 0 229771
73 1 229852
32 0 230078
32 1 230172
67 0 230268
67 1 230399
85 0 230595
85 1 230695
32 0 230998
32 1 231074
8 0 232419
8 1 232555
32 0 233994
32 1 234113
67 0 234515
67 1 234574
69 0 235178
69 1 235283
82 0 235444
82 1 235530
32 0 236001
32 1 236087
83 0 236619
83 1 236740
69 0 236906
69 1 236991
78 0 237182
78 1 237272
73 0 237565
73 1 237639
78 0 237811
78 1 237911
188 0 238730
188 1 238806
32 0 238982
32 1 239061
67 0 239530
67 1 239619
85 0 239875
85 1 239970
32 0 240193
32 1 240283
84 0 240408
84 1 240518
69 0 240768
69 1 240884
77 0 240969
77 1 241040
80 0 241353
80 1 241427
69 0 241890
69 1 242026
82 0 242358
82 1 242453
65 0 242845
65 1 242944
84 0 243287
84 1 243392
85 0 243589
85 1 243678
82 0 243783
82 1 243884
73 0 243984
73 1 244076
32 0 244347
32 1 244461
77 0 245539
77 1 245623
79 0 245794
79 1 245885
68 0 246140
68 1 246251
69 0 246509
69 1 246608
82 0 246754
82 1 246818
65 0 247256
65 1 247347
84 0 247683
84 1 247784
69 0 247971
69 1 248105
32 0 248311
32 1 248431
68 0 249090
68 1 249196
69 0 249457
69 1 249548
32 0 249769
32 1 249878
50 0 251476
50 1 251593
56 0 251708
56 1 251798
189 0 252407
189 1 252495
51 0 253281
51 1 253386
48 0 253513
48 1 253592
32 0 253908
32 1 254014
68 0 254356
68 1 254436
69 0 254642
69 1 254747
32 0 254818
32 1 254898
71 0 255134
71 1 255234
82 0 255380
82 1 255480
65 0 255848
65 1 255938
68 0 256120
68 1 256250
69 0 256360
69 1 256452
188 0 256622
188 1 256697
32 0 256879
32 1 256964
67 0 257114
67 1 257199
85 0 257385
85 1 257475
32 0 257656
32 1 257747
79 0 258098
79 1 258179
32 0 258400
32 1 258475
65 0 258638
65 1 258763
68 0 258953
68 1 259068
73 0 259144
73 1 259244
69 0 259366
69 1 259510
82 0 259627
82 1 259726
69 0 259857
69 1 259953
32 0 260094
32 1 260163
85 0 262769
85 1 262868
83 0 263155
83 1 263240
79 0 263441
79 1 263526
65 0 263628
65 1 263722
82 0 263927
82 1 264038
65 0 264285
65 1 264425
32 0 264516
32 1 264607
65 0 264701
65 1 264786
32 0 264947
32 1 265037
86 0 265933
86 1 266003
65 0 266264
65 1 266344
78 0 266470
78 1 266550
84 0 266849
84 1 266952
85 0 267099
85 1 267179
76 0 267465
76 1 267570
85 0 267767
85 1 267842
73 0 267948
73 1 268018
188 0 273657
188 1 273796
32 0 274012
32 1 274138
67 0 275620
67 1 275800
8 0 276692
8 1 276881
86 0 283127
86 1 283238
82 0 283549
82 1 283671
69 0 283889
69 1 284000
77 0 284202
77 1 284302
69 0 284393
69 1 284498
32 0 284549
32 1 284628
80 0 286102
80 1 286207
69 0 286299
69 1 286407
82 0 286523
82 1 286628
70 0 286736
70 1 286866
69 0 286992
69 1 287091
67 0 287343
67 1 287454
84 0 287575
84 1 287669
65 0 288052
65 1 288152
32 0 288313
32 1 288397
80 0 288775
80 1 288844
69 0 289061
69 1 289161
78 0 289292
78 1 289362
84 0 289484
84 1 289609
82 0 289751
82 1 289850
85 0 290408
85 1 290473
32 0 290705
32 1 290790
80 0 291172
80 1 291261
76 0 291362
76 1 291462
73 0 291594
73 1 291689
77 0 291841
77 1 291940
66 0 292122
66 1 292207
65 0 292387
65 1 292518
82 0 293398
82 1 293462
73 0 293680
73 1 293745
32 0 293970
32 1 294060
83 0 295027
83 1 295117
73 0 295301
73 1 295387
32 0 295568
32 1 295648
80 0 295984
80 1 296055
69 0 296236
69 1 296331
78 0 296463
78 1 296553
84 0 296745
84 1 296831
82 0 296967
82 1 297071
85 0 297502
85 1 297588
32 0 297815
32 1 297889
80 0 298367
80 1 298437
69 0 298628
69 1 298719
84 0 298946
84 1 299026
82 0 299588
82 1 299685
69 0 299856
69 1 299944
67 0 300136
67 1 300271
69 0 300422
69 1 300549
82 0 301517
82 1 301617
69 0 301778
69 1 301879
65 0 302135
65 1 302240
32 0 302452
32 1 302522
84 0 303265
84 1 303342
73 0 303497
73 1 303572
77 0 303734
77 1 303840
85 0 304301
85 1 304396
76 0 304582
76 1 304683
85 0 304911
85 1 304969
73 0 305076
73 1 305161
32 0 305383
32 1 305456
76 0 305934
76 1 306014
73 0 306160
73 1 306245
66 0 306508
66 1 306582
69 0 306824
69 1 306919
82 0 307030
82 1 307135
32 0 307282
32 1 307366
73 0 308170
73 1 308250
78 0 308446
78 1 308522
32 0 308669
32 1 308757
65 0 308984
65 1 309099
69 0 309754
69 1 309840
82 0 309969
82 1 310049
32 0 310563
32 1 310662
80 0 317131
80 1 317209
8 0 319033
8 1 319149
80 0 322074
80 1 322223
8 0 323731
8 1 323895
37 0 325575
37 1 325670
80 0 326491
80 1 326611
76 0 328949
76 1 329047
73 0 329248
73 1 329308
66 0 329554
66 1 329630
69 0 329823
69 1 329949
82 0 330095
82 1 330183
32 0 330354
32 1 330404
67 0 330901
67 1 331002
65 0 331243
65 1 331354
84 0 332179
84 1 332238
32 0 332419
32 1 332510
83 0 332691
83 1 332785
73 0 332947
73 1 333036
32 0 333192
32 1 333263
80 0 333570
80 1 333654
69 0 333800
69 1 333875
78 0 333977
78 1 334061
84 0 334248
84 1 334368
82 0 334463
82 1 334574
85 0 334681
85 1 334745
32 0 334917
32 1 335012
65 0 335091
65 1 335187
32 0 335242
32 1 335312
80 0 335715
80 1 335785
82 0 336212
82 1 336337
65 0 336579
65 1 336674
67 0 337003
67 1 337111
84 0 337304
84 1 337414
73 0 337591
73 1 337654
67 0 337756
67 1 337877
65 0 338167
65 1 338277
32 0 338459
32 1 338533
68 0 338950
68 1 339052
73 0 339237
73 1 339327
86 0 339579
86 1 339659
69 0 339820
69 1 339920
82 0 340023
82 1 340137
83 0 340348
83 1 340448
69 0 340564
69 1 340664
32 0 340740
32 1 340810
83 0 380454
83 1 380548
80 0 380765
80 1 380855
79 0 380962
79 1 381068
82 0 381293
82 1 381413
84 0 381534
84 1 381665
85 0 381780
85 1 381911
82 0 382027
82 1 382148
73 0 383619
73 1 383830
32 0 387679
32 1 387865
83 0 390824
83 1 390910
65 0 391151
65 1 391243
85 0 391482
85 1 391603
32 0 391824
32 1 391934
84 0 393854
84 1 393954
69 0 394155
69 1 394272
32 0 394453
32 1 394577
73 0 395262
73 1 395356
78 0 395554
78 1 395639
84 0 396272
84 1 396322
65 0 396911
65 1 397021
76 0 397122
76 1 397190
78 0 397398
78 1 397488
73 0 397629
73 1 397713
32 0 397920
32 1 397999
67 0 398572
67 1 398693
85 0 398874
85 1 398980
32 0 399162
32 1 399246
80 0 399669
80 1 399728
82 0 400323
82 1 400412
73 0 400829
73 1 400930
69 0 401909
69 1 402024
84 0 402210
84 1 402312
69 0 402547
69 1 402673
78 0 402813
78 1 402904
73 0 403105
73 1 403197
73 0 403769
73 1 403843
32 0 404157
32 1 404245
83 0 404482
83 1 404592
73 0 404738
73 1 404808
32 0 405040
32 1 405119
70 0 405246
70 1 405357
65 0 405683
65 1 405783
77 0 405985
77 1 406039
73 0 406281
73 1 406363
76 0 406548
76 1 406633
73 0 406780
73 1 406884
65 0 407411
65 1 407562
20 0 446686
20 1 446730
68 0 447002
68 1 447087
20 0 447408
20 1 447434
73 0 447897
73 1 447997
77 0 448172
77 1 448268
73 0 449941
73 1 450021
78 0 450234
78 1 450287
69 0 450349
69 1 450470
65 0 451038
65 1 451148
84 0 451274
84 1 451348
65 0 451479
65 1 451586
32 0 451656
32 1 451719
77 0 452720
77 1 452855
65 0 453018
65 1 453112
32 0 453513
32 1 453590
84 0 453741
84 1 453852
82 0 453968
82 1 454077
69 0 454208
69 1 454297
90 0 454635
90 1 454725
69 0 455047
69 1 455147
83 0 455304
83 1 455398
67 0 455586
67 1 455658
32 0 456102
32 1 456187
73 0 456779
73 1 456865
78 0 457012
78 1 457107
32 0 457208
32 1 457294
74 0 458042
74 1 458137
85 0 458234
85 1 458303
82 0 458549
82 1 458636
85 0 458762
85 1 458829
76 0 459081
76 1 459157
32 0 459379
32 1 459453
79 0 460931
79 1 461025
82 0 461253
82 1 461348
69 0 461514
69 1 461610
73 0 461836
73 1 461890
32 0 462117
32 1 462211
54 0 462925
54 1 463061
188 0 463559
188 1 463641
32 0 463851
32 1 463931
70 0 469263
70 1 469357
65 0 469645
65 1 469740
67 0 469995
67 1 470116
32 0 470312
32 1 470433
83 0 471117
83 1 471222
80 0 472423
80 1 472538
79 0 472695
79 1 472809
82 0 473046
82 1 473161
84 0 473303
84 1 473387
32 0 473608
32 1 473719
83 0 475387
83 1 475503
73 0 475634
73 1 475749
8 0 476398
8 1 476494
8 0 476594
8 1 476674
73 0 477251
73 1 477348
65 0 477448
65 1 477554
82 0 477815
82 1 477909
32 0 478045
32 1 478110
85 0 478544
85 1 478633
76 0 478866
76 1 478964
84 0 479231
84 1 479297
69 0 479518
69 1 479639
82 0 479761
82 1 479867
73 0 479934
73 1 480024
79 0 480126
79 1 480216
82 0 480318
82 1 480402
32 0 480569
32 1 480653
83 0 481599
83 1 481705
69 0 481900
69 1 482025
82 0 482136
82 1 482226
86 0 482453
86 1 482548
69 0 482774
69 1 482890
83 0 483061
83 1 483155
67 0 483352
67 1 483436
32 0 483658
32 1 483729
77 0 484156
77 1 484260
73 0 484407
73 1 484502
67 0 486328
67 1 486431
85 0 486663
85 1 486765
76 0 486965
76 1 487075
32 0 487318
32 1 487396
68 0 487603
68 1 487719
69 0 487905
69 1 487994
74 0 488151
74 1 488226
85 0 488397
85 1 488458
78 0 488663
78 1 488760
190 0 490235
190 1 490391
32 0 490692
32 1 490795
20 0 492166
20 1 492186
68 0 492617
68 1 492704
20 0 493071
20 1 493080
82 0 493764
82 1 493873
85 0 494266
85 1 494391
77 0 494647
77 1 494748
85 0 494934
85 1 495049
76 0 495512
76 1 495617
32 0 496009
32 1 496104
67 0 496993
67 1 497073
65 0 497482
65 1 497547
84 0 498004
84 1 498115
82 0 498260
82 1 498356
69 0 498497
69 1 498597
32 0 498829
32 1 498938
83 0 500709
83 1 500814
69 0 501069
69 1 501175
82 0 501292
82 1 501380
86 0 501622
86 1 501732
73 0 501914
73 1 502034
67 0 502090
67 1 502190
85 0 502401
85 1 502506
8 0 503200
8 1 503320
73 0 503954
73 1 504033
85 0 504160
85 1 504220
32 0 504622
32 1 504707
73 0 505038
73 1 505135
76 0 505291
76 1 505391
32 0 505612
32 1 505701
80 0 546055
80 1 546144
65 0 546247
65 1 546337
82 0 546658
82 1 546759
67 0 548040
67 1 548150
85 0 548773
85 1 548898
82 0 549115
82 1 549200
71 0 549395
71 1 549491
32 0 549708
32 1 549802
73 0 550045
73 1 550145
78 0 550367
78 1 550441
32 0 550576
32 1 550661
65 0 550873
65 1 550994
80 0 551165
80 1 551240
82 0 551521
82 1 551616
79 0 551798
79 1 551868
88 0 552215
88 1 552321
73 0 552522
73 1 552606
77 0 552817
77 1 552897
65 0 552954
65 1 553055
84 0 553370
84 1 553457
73 0 553597
73 1 553681
86 0 553929
86 1 554060
32 0 554209
32 1 554314
51 0 554817
51 1 554914
48 0 555592
48 1 555683
32 0 555968
32 1 556061
68 0 556185
68 1 556306
69 0 556440
69 1 556540
32 0 556707
32 1 556792
77 0 556968
77 1 557065
73 0 557246
73 1 557334
78 0 557526
78 1 557631
85 0 557783
85 1 557847
84 0 558018
84 1 558120
69 0 558391
69 1 558501
190 0 558651
190 1 558723
32 0 561319
32 1 561501
20 0 561988
20 1 562034
65 0 564888
65 1 564958
20 0 565257
20 1 565258
67 0 565591
67 1 565701
84 0 565923
84 1 566049
73 0 566174
73 1 566284
86 0 566485
86 1 566591
73 0 566707
73 1 566797
84 0 566979
84 1 567083
65 0 567390
65 1 567500
84 0 567813
84 1 567942
69 0 568093
69 1 568219
32 0 568394
32 1 568499
68 0 568680
68 1 568791
69 0 568958
69 1 569079
32 0 569220
32 1 569308
76 0 569873
76 1 569967
65 0 570145
65 1 570249
32 0 570349
32 1 570429
66 0 570595
66 1 570670
79 0 571139
79 1 571214
82 0 571560
82 1 571661
73 0 571857
73 1 571927
8 0 573194
8 1 573319
8 0 573391
8 1 573504
8 0 573798
8 1 573913
73 0 574601
73 1 574681
82 0 575033
82 1 575153
79 0 575289
79 1 575335
85 0 575848
85 1 575936
32 0 576243
32 1 576328
65 0 581460
65 1 581544
83 0 583640
83 1 583745
69 0 583896
69 1 584006
32 0 584107
32 1 584193
68 0 584343
68 1 584453
69 0 584554
69 1 584639
83 0 584887
83 1 584987
70 0 585255
70 1 585339
65 0 585695
65 1 585771
83 0 585967
83 1 586046
79 0 586199
79 1 586283
65 0 586433
65 1 586509
82 0 586770
82 1 586866
65 0 587131
65 1 587208
32 0 587625
32 1 587709
73 0 588052
73 1 588148
78 0 588304
78 1 588378
84 0 588533
84 1 588639
82 0 588739
82 1 588860
69 0 589002
69 1 589087
32 0 589143
32 1 589228
79 0 589585
79 1 589654
82 0 589810
82 1 589900
69 0 590062
69 1 590136
76 0 590234
76 1 590328
69 0 590423
69 1 590509
32 0 590675
32 1 590744
57 0 591061
57 1 591136
32 0 591369
32 1 591468
83 0 591630
83 1 591704
73 0 591866
73 1 591945
32 0 592147
32 1 592234
49 0 592333
49 1 592443
55 0 592816
55 1 592905
190 0 593449
190 1 593518
32 0 593741
32 1 593824
20 0 594868
20 1 594874
65 0 595163
65 1 595222
20 0 595457
20 1 595468
67 0 595785
67 1 595861
84 0 596092
84 1 596181
73 0 596424
73 1 596503
86 0 596665
86 1 596765
73 0 596865
73 1 596966
84 0 597076
84 1 597181
65 0 597518
65 1 597638
84 0 597926
84 1 598005
69 0 598193
69 1 598288
32 0 598579
32 1 598669
8 0 599739
8 1 599839
65 0 599975
65 1 600081
32 0 600269
32 1 600362
80 0 601523
80 1 601603
79 0 601719
79 1 601804
65 0 601885
65 1 601975
84 0 602246
84 1 602349
69 0 602509
69 1 602598
32 0 602790
32 1 602889
67 0 603095
67 1 603195
85 0 603478
85 1 603573
80 0 603981
80 1 604070
82 0 604271
82 1 604352
73 0 604529
73 1 604604
78 0 604779
78 1 604875
68 0 604986
68 1 605081
69 0 605288
69 1 605368
32 0 605543
32 1 605618
73 0 606076
73 1 606161
78 0 606327
78 1 606412
84 0 606602
84 1 606699
65 0 607081
65 1 607242
76 0 607333
76 1 607412
78 0 607619
78 1 607703
73 0 607868
73 1 607960
82 0 608333
82 1 608442
73 0 608994
73 1 609085
32 0 609412
32 1 609503
67 0 609894
67 1 609968
85 0 610181
85 1 610281
32 0 610518
32 1 610608
67 0 611124
67 1 611255
76 0 611357
76 1 611432
73 0 611629
73 1 611709
69 0 611895
69 1 611995
78 0 612065
78 1 612165
84 0 612306
84 1 612413
73 0 612578
73 1 612637
73 0 612749
73 1 612793
32 0 613179
32 1 613250
76 0 614120
76 1 614211
65 0 614372
65 1 614461
32 0 614644
32 1 614727
83 0 614883
83 1 614988
69 0 615134
69 1 615225
68 0 615383
68 1 615486
73 0 615617
73 1 615713
85 0 615823
85 1 615893
76 0 616101
76 1 616196
32 0 616451
32 1 616517
70 0 617893
70 1 617969
73 0 618120
73 1 618190
82 0 618367
82 1 618451
77 0 618612
77 1 618697
69 0 618859
69 1 618953
73 0 619652
73 1 619733
32 0 620069
32 1 620159
83 0 620361
83 1 620446
65 0 620686
65 1 620783
85 0 620909
85 1 621014
32 0 621276
32 1 621371
76 0 621787
76 1 621872
65 0 622013
65 1 622104
32 0 622280
32 1 622355
83 0 622596
83 1 622697
68 0 623140
68 1 623245
69 0 623422
69 1 623516
8 0 624336
8 0 624937
8 0 624967
8 0 624998
8 0 625028
8 0 625059
8 0 625089
8 0 625119
8 0 625149
8 1 625169
8 0 625453
8 1 625728
8 0 625814
8 1 625929
188 0 626938
188 1 627048
32 0 627299
32 1 627384
67 0 637008
67 1 637103
79 0 639077
79 1 639177
78 0 639491
78 1 639565
86 0 639883
86 1 639973
8 0 640956
8 1 641057
86 0 642702
86 1 642786
79 0 643037
79 1 643172
82 0 644213
82 1 644313
66 0 644565
66 1 644634
73 0 645022
73 1 645133
82 0 645284
82 1 645384
73 0 645483
73 1 645571
32 0 645997
32 1 646112
84 0 646545
84 1 646651
69 0 646850
69 1 646967
76 0 647083
76 1 647167
69 0 647293
69 1 647373
70 0 647561
70 1 647650
79 0 647795
79 1 647861
78 0 648093
78 1 648178
73 0 648354
73 1 648443
67 0 648586
67 1 648701
69 0 648971
69 1 649086
32 0 653820
32 1 653940
80 0 654900
80 1 654991
69 0 655243
69 1 655347
78 0 655488
78 1 655570
84 0 655795
84 1 655890
82 0 656072
82 1 656182
85 0 656298
85 1 656434
32 0 656731
32 1 656821
80 0 657770
80 1 657850
82 0 658061
82 1 658166
69 0 658336
69 1 658419
90 0 658801
90 1 658880
69 0 659085
69 1 659192
78 0 659348
78 1 659408
84 0 659581
84 1 659654
16 0 660102
16 1 660166
82 0 660646
82 1 660750
69 0 660926
69 1 661027
65 0 661277
65 1 661367
8 0 661835
8 1 661950
8 0 662031
8 1 662126
65 0 662473
65 1 662589
8 0 662739
8 1 662881
8 0 662951
8 1 663021
65 0 663162
65 1 663277
82 0 663980
82 1 664091
69 0 664247
69 1 664336
65 0 664579
65 1 664668
32 0 665272
32 1 665367
79 0 665798
79 1 665863
70 0 666175
70 1 666271
69 0 666586
69 1 666694
82 0 666825
82 1 666929
84 0 667070
84 1 667176
69 0 667397
69 1 667507
73 0 668247
73 1 668352
32 0 668640
32 1 668728
8 0 669838
8 1 669954
188 0 673878
188 1 673965
32 0 674230
32 1 674296
84 0 675084
84 1 675165
82 0 675337
82 1 675442
73 0 675659
73 1 675738
77 0 675879
77 1 675994
73 0 676186
73 1 676266
84 0 677010
84 1 677141
69 0 677452
69 1 677567
82 0 677899
82 1 678019
69 0 678215
69 1 678330
32 0 678563
32 1 678663
69 0 679013
69 1 679110
77 0 679265
77 1 679345
65 0 680400
65 1 680501
73 0 680606
73 1 680698
76 0 680893
76 1 680998
85 0 681215
85 1 681300
84 0 681546
84 1 681653
8 0 682678
8 1 682837
82 0 684285
82 1 684401
73 0 684543
73 1 684636
188 0 685481
188 1 685566
32 0 685757
32 1 685837
80 0 686349
80 1 686420
82 0 686673
82 1 686778
79 0 686948
79 1 687039
83 0 687329
83 1 687446
80 0 687627
80 1 687713
69 0 688472
69 1 688571
67 0 688799
67 1 688913
84 0 689119
84 1 689224
65 0 689682
65 1 689783
82 0 690139
82 1 690240
69 0 690380
69 1 690495
65 0 690963
65 1 691059
32 0 691380
32 1 691490
80 0 692017
80 1 692103
73 0 692269
73 1 692365
69 0 692733
69 1 692852
84 0 693055
84 1 693174
69 0 693416
69 1 693531
73 0 693657
73 1 693767
188 0 694687
188 1 694772
32 0 694993
32 1 695103
39 0 710047
39 1 710203
65 0 741993
65 1 742132
67 0 742428
67 1 742549
84 0 742766
84 1 742880
73 0 743031
73 1 743111
86 0 743297
86 1 743392
73 0 743523
73 1 743609
84 0 743785
84 1 743900
65 0 744307
65 1 744433
32 0 747860
32 1 747976
39 0 754216
39 1 754427
39 0 754568
39 1 754704
39 0 754795
39 1 754895
39 0 755008
39 1 755096
39 0 755201
39 1 755292
39 0 755397
39 1 755477
39 0 755598
39 1 755668
39 0 755799
39 1 755890
84 0 756688
84 1 756794
73 0 756931
73 1 757004
32 0 757212
32 1 757305
68 0 757376
68 1 757491
69 0 757637
69 1 757727
32 0 757813
32 1 757898
77 0 758255
77 1 758360
65 0 758471
65 1 758566
82 0 758848
82 1 758960
75 0 759323
75 1 759421
69 0 759633
69 1 759728
84 0 759960
84 1 760071
73 0 760206
73 1 760310
78 0 760547
78 1 760637
71 0 762090
71 1 762189
188 0 762436
188 1 762501
32 0 762698
32 1 762772
83 0 763671
83 1 763824
69 0 764025
69 1 764131
68 0 764285
68 1 764391
73 0 764467
73 1 764577
78 0 764747
78 1 764848
84 0 764895
84 1 764999
69 0 765195
69 1 765306
32 0 765461
32 1 765541
67 0 765988
67 1 766115
85 0 766229
85 1 766330
32 0 766567
32 1 766662
68 0 766827
68 1 766943
69 0 767090
69 1 767174
80 0 767385
80 1 767487
65 0 767582
65 1 767676
82 0 767947
82 1 768064
84 0 768196
84 1 768300
65 0 768718
65 1 768828
77 0 769028
77 1 769111
69 0 769251
69 1 769360
78 0 769858
78 1 769958
84 0 770934
84 1 771028
69 0 771264
69 1 771360
76 0 771522
76 1 771616
69 0 772516
69 1 772687
188 0 773922
188 1 774038
32 0 774435
32 1 774591
78 0 778882
78 1 778992
69 0 779108
69 1 779200
71 0 779571
71 1 779666
79 0 779852
79 1 779932
67 0 780094
67 1 780199
73 0 780332
73 1 780429
69 0 780637
69 1 780751
82 0 780868
82 1 780973
69 0 781128
69 1 781219
65 0 781505
65 1 781641
32 0 781786
32 1 781886
67 0 782238
67 1 782334
79 0 782484
79 1 782570
78 0 782777
78 1 782872
84 0 783058
84 1 783160
82 0 783295
82 1 783389
65 0 783727
65 1 783817
67 0 784078
67 1 784174
84 0 784420
84 1 784541
69 0 784702
69 1 784806
76 0 784912
76 1 785002
79 0 785134
79 1 785200
82 0 785330
82 1 785434
188 0 790047
188 1 790198
32 0 790867
32 1 791066
73 0 792525
73 1 792620
78 0 792931
78 1 793017
84 0 793390
84 1 793474
79 0 793751
79 1 793820
67 0 794138
67 1 794244
77 0 794349
77 1 794464
73 0 794684
73 1 794745
82 0 794973
82 1 795063
69 0 795245
69 1 795313
65 0 795610
65 1 795720
32 0 795927
32 1 796051
68 0 797012
68 1 797117
69 0 797295
69 1 797379
32 0 797565
32 1 797670
82 0 798011
82 1 798111
65 0 798800
65 1 798915
80 0 799097
80 1 799187
79 0 799454
79 1 799513
65 0 799741
65 1 799835
82 0 800274
82 1 800373
84 0 800554
84 1 800654
69 0 801006
69 1 801132
188 0 803570
188 1 803746
32 0 806290
32 1 806405
80 0 807782
80 1 807893
82 0 808052
82 1 808148
69 0 808291
69 1 808374
71 0 808546
71 1 808636
65 0 808908
65 1 809028
84 0 809335
84 1 809419
73 0 809807
73 1 809912
82 0 810052
82 1 810162
69 0 810340
69 1 810425
65 0 810715
65 1 810816
32 0 811169
32 1 811314
65 0 811479
65 1 811570
67 0 811846
67 1 811957
84 0 812253
84 1 812354
73 0 812575
73 1 812665
86 0 812893
86 1 813008
73 0 813069
73 1 813163
84 0 813351
84 1 813454
65 0 814047
65 1 814153
84 0 814481
84 1 814575
73 0 814760
73 1 814830
73 0 814917
73 1 815007
32 0 815365
32 1 815469
80 0 816052
80 1 816137
69 0 816424
69 1 816510
78 0 816686
78 1 816771
84 0 818218
84 1 818360
82 0 818771
82 1 818871
85 0 819107
85 1 819222
32 0 819439
32 1 819528
85 0 819704
85 1 819770
82 0 819915
82 1 820011
77 0 820111
77 1 820197
65 0 820334
65 1 820483
84 0 820766
84 1 820851
79 0 820963
79 1 821046
65 0 821217
65 1 821318
82 0 821982
82 1 822093
69 0 822263
69 1 822379
8 0 823493
8 1 823628
69 0 824670
69 1 824795
65 0 825002
65 1 825137
32 0 825795
32 1 825890
90 0 826433
90 1 826537
73 0 826714
73 1 826850
190 0 831423
190 1 831585
32 0 832091
32 1 832226
80 0 834458
80 1 834592
8 0 835577
8 1 835763
20 0 837167
20 1 837195
83 0 837483
83 1 837572
20 0 837900
20 1 837920
69 0 838241
69 1 838336
65 0 838608
65 1 838688
82 0 838961
82 1 839055
65 0 839366
65 1 839472
32 0 839930
32 1 840079
79 0 841493
79 1 841607
32 0 841829
32 1 841928
80 0 842346
80 1 842439
69 0 842757
69 1 842863
84 0 843201
84 1 843306
82 0 844416
82 1 844537
69 0 844712
69 1 844817
67 0 845667
67 1 845783
32 0 845934
32 1 846018
73 0 846325
73 1 846395
78 0 846547
78 1 846662
32 0 846757
32 1 846852
70 0 846988
70 1 847069
65 0 847361
65 1 847464
77 0 847557
77 1 847671
73 0 847828
73 1 847923
76 0 848053
76 1 848169
73 0 848969
73 1 849054
69 0 849231
69 1 849330
190 0 850095
190 1 850184
20 0 865715
20 1 865761
83 0 866553
83 1 866664
73 0 866834
73 1 866950
20 0 867189
20 1 867256
8 0 867655
8 1 867799
73 0 868367
73 1 868441
83 0 868703
83 1 868799
84 0 869101
84 1 869211
69 0 869427
69 1 869542
77 0 869664
77 1 869748
85 0 869925
85 1 869969
76 0 870161
76 1 870257
32 0 870427
32 1 870506
69 0 871427
69 1 871522
68 0 872186
68 1 872317
85 0 875346
85 1 875447
67 0 875683
67 1 875810
65 0 876191
65 1 876320
84 0 877506
84 1 877597
73 0 877803
73 1 877898
79 0 878008
79 1 878094
78 0 878311
78 1 878386
65 0 878639
65 1 878753
76 0 878848
76 1 878939
32 0 879205
32 1 879260
68 0 879728
68 1 879817
73 0 879968
73 1 880049
78 0 880231
78 1 880310
32 0 880432
32 1 880511
20 0 880663
20 1 880688
82 0 881019
82 1 881120
20 0 881525
20 1 881563
79 0 881694
79 1 881783
77 0 881968
77 1 882049
65 0 882190
65 1 882275
78 0 882336
78 1 882432
73 0 882664
73 1 882739
65 0 882929
65 1 883010
32 0 883200
32 1 883280
78 0 884194
78 1 884300
69 0 884417
69 1 884501
67 0 884779
67 1 884892
69 0 885226
69 1 885325
83 0 885577
83 1 885647
73 0 885763
73 1 885843
82 0 885998
82 1 886099
8 0 886511
8 1 886657
84 0 886738
84 1 886843
65 0 887246
65 1 887345
32 0 887541
32 1 887626
82 0 888616
82 1 888717
69 0 888914
69 1 889004
70 0 889667
70 1 889758
79 0 889919
79 1 890023
82 0 890271
82 1 890361
77 0 890602
77 1 890676
69 0 890887
69 1 890987
32 0 891155
32 1 891249
83 0 891400
83 1 891506
69 0 891671
69 1 891777
82 0 891912
82 1 892003
73 0 892134
73 1 892239
79 0 892386
79 1 892455
65 0 892667
65 1 892742
83 0 892908
83 1 893007
69 0 893178
69 1 893279
190 0 894139
190 1 894209
32 0 894441
32 1 894530
20 0 895209
20 1 895209
83 0 898038
83 1 898143
20 0 898511
20 1 898511
73 0 898662
73 1 898747
83 0 898937
83 1 899023
84 0 899395
84 1 899496
69 0 899742
69 1 899841
77 0 900058
77 1 900138
85 0 900788
85 1 900877
76 0 901154
76 1 901238
32 0 901540
32 1 901615
69 0 902047
69 1 902147
68 0 902353
68 1 902459
85 0 902601
85 1 902676
67 0 902842
67 1 902944
65 0 903194
65 1 903263
84 0 903580
84 1 903667
73 0 903888
73 1 903983
79 0 904114
79 1 904183
78 0 904530
78 1 904610
65 0 904797
65 1 904892
76 0 905038
76 1 905113
32 0 905340
32 1 905414
68 0 906524
68 1 906609
73 0 906776
73 1 906833
78 0 907058
78 1 907148
32 0 907264
32 1 907343
20 0 907540
20 1 907550
82 0 908033
82 1 908092
20 0 908514
20 1 908565
79 0 908700
79 1 908776
77 0 908963
77 1 909042
65 0 909168
65 1 909253
78 0 909324
78 1 909415
73 0 909601
73 1 909670
65 0 909875
65 1 909978
32 0 910123
32 1 910197
84 0 919152
84 1 919257
82 0 919439
82 1 919529
69 0 919761
69 1 919851
66 0 920031
66 1 920091
85 0 921484
85 1 921590
73 0 921765
73 1 921815
69 0 922091
69 1 922186
32 0 922393
32 1 922474
73 0 923031
73 1 923122
77 0 923463
77 1 923569
66 0 923805
66 1 923897
85 0 924077
85 1 924172
78 0 924357
78 1 924452
65 0 924618
65 1 924714
84 0 925007
84 1 925106
65 0 925423
65 1 925523
84 0 925832
84 1 925953
73 0 926082
73 1 926174
82 0 926410
82 1 926510
32 0 926675
32 1 926760
8 0 927419
8 1 927530
8 0 927616
8 1 927690
84 0 928610
84 1 928701
32 0 928806
32 1 928902
68 0 929681
68 1 929770
73 0 929888
73 1 929987
78 0 930157
78 1 930254
32 0 930379
32 1 930448
80 0 930968
80 1 931042
85 0 931277
85 1 931368
78 0 931550
78 1 931649
67 0 931841
67 1 931953
84 0 932118
84 1 932218
32 0 932308
32 1 932413
68 0 932554
68 1 932665
69 0 932811
69 1 932897
32 0 932982
32 1 933071
86 0 933624
86 1 933700
69 0 933892
69 1 933982
68 0 934101
68 1 934233
69 0 934385
69 1 934473
82 0 934600
82 1 934685
69 0 934851
69 1 934937
32 0 935108
32 1 935186
65 0 935524
65 1 935624
76 0 935750
76 1 935835
32 0 936058
32 1 936132
67 0 936242
67 1 936348
65 0 936665
65 1 936756
76 0 936901
76 1 936998
73 0 937188
73 1 937257
84 0 937500
84 1 937590
65 0 937870
65 1 937996
84 0 938262
84 1 938384
73 0 938520
73 1 938600
73 0 938700
73 1 938770
32 0 940017
32 1 940128
8 0 944926
8 1 945042
190 0 945962
190 1 946066
32 0 946292
32 1 946393
20 0 947700
20 1 947709
73 0 955698
73 1 955813
20 0 956321
20 1 956356
78 0 956482
78 1 956582
32 0 956789
32 1 956909
67 0 957256
67 1 957402
65 0 958431
65 1 958521
68 0 958764
68 1 958894
82 0 959091
82 1 959175
85 0 959316
85 1 959417
76 0 959628
76 1 959733
85 0 959965
85 1 960046
73 0 960144
73 1 960245
32 0 960497
32 1 960588
80 0 961311
80 1 961391
82 0 961728
82 1 961819
8 0 962386
8 1 962536
8 0 962602
8 1 962682
8 0 962763
8 1 962849
8 0 962934
8 1 963030
8 0 963482
8 1 963556
32 0 964265
32 1 964340
80 0 964782
80 1 964858
82 0 965331
82 1 965422
79 0 966180
79 1 966280
67 0 966430
67 1 966562
69 0 966753
69 1 966873
83 0 967262
83 1 967366
85 0 967586
85 1 967678
76 0 967915
76 1 968013
85 0 968241
85 1 968325
73 0 968416
73 1 968516
32 0 968743
32 1 968822
69 0 969204
69 1 969289
68 0 969452
68 1 969552
85 0 969723
85 1 969787
67 0 969939
67 1 970024
65 0 970291
65 1 970376
84 0 970692
84 1 970783
73 0 970884
73 1 970974
79 0 971083
79 1 971166
78 0 971385
78 1 971450
65 0 971648
65 1 971737
76 0 971828
76 1 971924
32 0 972160
32 1 972244
84 0 972702
84 1 972803
82 0 972934
82 1 973044
69 0 973235
69 1 973326
66 0 973442
66 1 973526
85 0 973797
85 1 973878
73 0 974013
73 1 974101
69 0 974280
69 1 974386
32 0 974541
32 1 974616
73 0 975748
73 1 975842
78 0 976033
78 1 976145
84 0 976879
84 1 976959
82 0 977129
82 1 977229
79 0 977451
79 1 977536
68 0 977823
68 1 977928
85 0 978134
85 1 978218
83 0 978985
83 1 979084
69 0 979264
69 1 979370
32 0 979606
32 1 979712
77 0 980365
77 1 980450
65 0 980687
65 1 980807
84 0 981244
84 1 981350
69 0 981531
69 1 981642
82 0 981757
82 1 981863
73 0 982064
73 1 982156
73 0 982812
73 1 982902
32 0 983196
32 1 983259
67 0 983777
67 1 983883
85 0 984049
85 1 984118
77 0 984305
77 1 984406
32 0 984536
32 1 984615
65 0 984877
65 1 984998
82 0 985635
82 1 985707
32 0 985928
32 1 986007
70 0 986330
70 1 986426
73 0 986677
73 1 986771
32 0 987018
32 1 987092
69 0 987968
69 1 988069
68 0 988246
68 1 988350
85 0 988526
85 1 988616
67 0 988747
67 1 988837
65 0 989113
65 1 989190
84 0 989495
84 1 989580
73 0 989747
73 1 989832
65 0 990280
65 1 990364
32 0 990536
32 1 990626
70 0 991240
70 1 991335
73 0 991495
73 1 991570
78 0 991772
78 1 991852
65 0 993178
65 1 993285
78 0 993470
78 1 993560
67 0 994135
67 1 994224
73 0 994411
73 1 994500
65 0 994687
65 1 994776
82 0 995043
82 1 995138
65 0 995743
65 1 995826
32 0 996214
32 1 996328
83 0 996595
83 1 996675
65 0 996933
65 1 997017
85 0 997155
85 1 997245
32 0 997475
32 1 997549
69 0 997932
69 1 998032
68 0 998279
68 1 998374
85 0 998560
85 1 998635
67 0 998772
67 1 998866
65 0 999129
65 1 999188
84 0 999484
84 1 999611
73 0 999722
73 1 999776
65 0 1000023
65 1 1000133
32 0 1000310
32 1 1000354
83 0 1000766
83 1 1000856
69 0 1001007
69 1 1001083
88 0 1001756
88 1 1001822
85 0 1002013
85 1 1002072
65 0 1002690
65 1 1002780
76 0 1003002
76 1 1003088
65 0 1003245
65 1 1003359
190 0 1004726
190 1 1004845
32 0 1005051
32 1 1005127
20 0 1006097
20 1 1006133
68 0 1007335
68 1 1007413
20 0 1007788
20 1 1007788
69 0 1008320
69 1 1008414
32 0 1008620
32 1 1008750
65 0 1008880
65 1 1008981
83 0 1009172
83 1 1009271
69 0 1009443
69 1 1009518
77 0 1009726
77 1 1009831
69 0 1009952
69 1 1010047
78 0 1010202
78 1 1010263
69 0 1010434
69 1 1010509
65 0 1010902
65 1 1010996
188 0 1011709
188 1 1011785
32 0 1011967
32 1 1012052
84 0 1012257
84 1 1012369
82 0 1012589
82 1 1012720
69 0 1012952
69 1 1013031
66 0 1013208
66 1 1013283
85 0 1013449
85 1 1013544
73 0 1014301
73 1 1014369
69 0 1015273
69 1 1015368
32 0 1015640
32 1 1015709
73 0 1016011
73 1 1016091
78 0 1016257
78 1 1016354
86 0 1017047
86 1 1017127
69 0 1017360
69 1 1017444
83 0 1017962
83 1 1018062
84 0 1018354
84 1 1018473
73 0 1018549
73 1 1018654
84 0 1018756
84 1 1018860
32 0 1019067
32 1 1019151
73 0 1021323
73 1 1021399
78 0 1021620
78 1 1021710
32 0 1021835
32 1 1021910
73 0 1022237
73 1 1022335
78 0 1022724
78 1 1022809
70 0 1023122
70 1 1023222
82 0 1023384
82 1 1023472
65 0 1023986
65 1 1024062
83 0 1026136
83 1 1026207
84 0 1026906
84 1 1027020
82 0 1027112
82 1 1027216
85 0 1027292
85 1 1027383
67 0 1027468
67 1 1027589
84 0 1027751
84 1 1027855
85 0 1027896
85 1 1027986
82 0 1028197
82 1 1028302
65 0 1028538
65 1 1028664
32 0 1028765
32 1 1028854
83 0 1029449
83 1 1029538
67 0 1029729
67 1 1029820
79 0 1031393
79 1 1031468
76 0 1031934
76 1 1032050
65 0 1032216
65 1 1032317
82 0 1033051
82 1 1033141
65 0 1033464
65 1 1033572
32 0 1037070
32 1 1037252
188 0 1046874
188 1 1046994
8 0 1047929
8 1 1048055
8 0 1048211
8 1 1048325
188 0 1048964
188 1 1049059
32 0 1049166
32 1 1049285
84 0 1049888
84 1 1049990
79 0 1050176
79 1 1050260
65 0 1050346
65 1 1050467
84 0 1050774
84 1 1050888
69 0 1051055
69 1 1051159
32 0 1051386
32 1 1051492
83 0 1051651
83 1 1051767
67 0 1052395
67 1 1052476
79 0 1052718
79 1 1052804
76 0 1052939
76 1 1053049
73 0 1053180
73 1 1053265
76 0 1053447
76 1 1053532
69 0 1053682
69 1 1053778
32 0 1053903
32 1 1054014
84 0 1054516
84 1 1054621
82 0 1054752
82 1 1054857
69 0 1055034
69 1 1055125
66 0 1055301
66 1 1055385
85 0 1055782
85 1 1055863
73 0 1055953
73 1 1056074
69 0 1056165
69 1 1056275
32 0 1056400
32 1 1056503
83 0 1056606
83 1 1056738
65 0 1056928
65 1 1056997
32 0 1057216
32 1 1057305
66 0 1057953
66 1 1058068
69 0 1058220
69 1 1058316
78 0 1058401
78 1 1058502
69 0 1058661
69 1 1058766
70 0 1059024
70 1 1059123
73 0 1059234
73 1 1059346
67 0 1059416
67 1 1059519
73 0 1059607
73 1 1059697
69 0 1059854
69 1 1059974
90 0 1060320
90 1 1060395
69 0 1060637
69 1 1060723
32 0 1061083
32 1 1061178
68 0 1061374
68 1 1061480
69 0 1061621
69 1 1061691
32 0 1061828
32 1 1061904
65 0 1062133
65 1 1062244
80 0 1062404
80 1 1062495
65 0 1062661
65 1 1062767
32 0 1062938
32 1 1063028
67 0 1064018
67 1 1064119
85 0 1064285
85 1 1064385
82 0 1064628
82 1 1064706
69 0 1064938
69 1 1065034
78 0 1065194
78 1 1065290
84 0 1065440
84 1 1065561
65 0 1065868
65 1 1065973
32 0 1066134
32 1 1066223
83 0 1067134
83 1 1067219
73 0 1067309
73 1 1067405
32 0 1067631
32 1 1067731
73 0 1067907
73 1 1068007
78 0 1068153
78 1 1068243
67 0 1068404
67 1 1068495
65 0 1068852
65 1 1068948
76 0 1069109
76 1 1069184
78 0 1070670
78 1 1070772
8 0 1071290
8 1 1071420
90 0 1071572
90 1 1071663
73 0 1072299
73 1 1072399
82 0 1072571
82 1 1072681
69 0 1072823
69 1 1072917
188 0 1073123
188 1 1073209
32 0 1073400
32 1 1073489
71 0 1073676
71 1 1073771
82 0 1073972
82 1 1074082
85 0 1074278
85 1 1074359
80 0 1074742
80 1 1074841
85 0 1075099
85 1 1075193
82 0 1075741
82 1 1075837
73 0 1075978
73 1 1076057
32 0 1076320
32 1 1076409
83 0 1076494
83 1 1076610
65 0 1076861
65 1 1076931
78 0 1077540
78 1 1077626
73 0 1077828
73 1 1077891
84 0 1078033
84 1 1078153
65 0 1078505
65 1 1078636
82 0 1079268
82 1 1079380
69 0 1079570
69 1 1079692
32 0 1079988
32 1 1080087
77 0 1080514
77 1 1080609
79 0 1080811
79 1 1080901
68 0 1081062
68 1 1081187
69 0 1081343
69 1 1081440
82 0 1081549
82 1 1081686
78 0 1082455
78 1 1082564
69 0 1082681
69 1 1082806
32 0 1082952
32 1 1083046
83 0 1083544
83 1 1083665
73 0 1083760
73 1 1083871
32 0 1084133
32 1 1084242
84 0 1085660
84 1 1085784
69 0 1086138
69 1 1086234
82 0 1086349
82 1 1086454
69 0 1086615
69 1 1086712
78 0 1087383
78 1 1087484
85 0 1087636
85 1 1087741
82 0 1087950
82 1 1088057
73 0 1089035
73 1 1089156
32 0 1091132
32 1 1091232
68 0 1091414
68 1 1091530
69 0 1091678
69 1 1091755
32 0 1091997
32 1 1092075
80 0 1092548
80 1 1092638
79 0 1092755
79 1 1092844
8 0 1094065
8 1 1094176
8 0 1095001
8 1 1095172
8 0 1095664
8 1 1095775
32 0 1096449
32 1 1096559
83 0 1096864
83 1 1096965
80 0 1097222
80 1 1097302
79 0 1097408
79 1 1097493
82 0 1097644
82 1 1097750
84 0 1097874
84 1 1097986
32 0 1098398
32 1 1098508
65 0 1100453
65 1 1100538
84 0 1100804
84 1 1100905
65 0 1101257
65 1 1101341
84 0 1103597
84 1 1103693
32 0 1103800
32 1 1103878
73 0 1104054
73 1 1104150
78 0 1104301
78 1 1104356
32 0 1104849
32 1 1104919
73 0 1105100
73 1 1105200
78 0 1105416
78 1 1105491
84 0 1106192
84 1 1106266
69 0 1106452
69 1 1106562
82 0 1106669
82 1 1106775
73 0 1106869
73 1 1106969
79 0 1107075
79 1 1107159
82 0 1107326
82 1 1107422
32 0 1108104
32 1 1108199
8 0 1113381
8 0 1113984
8 0 1114013
8 0 1114043
8 0 1114074
8 0 1114103
8 0 1114134
8 1 1114143
8 0 1114351
8 1 1114440
8 0 1114550
8 1 1114625
8 0 1114726
8 1 1114812
8 0 1114912
8 1 1114977
8 0 1115254
8 1 1115319
8 0 1115414
8 1 1115505
8 0 1115590
8 1 1115671
8 0 1115767
8 1 1115857
8 0 1115982
8 1 1116128
68 0 1116812
68 1 1116902
65 0 1117284
65 1 1117370
82 0 1117616
82 1 1117691
32 0 1118099
32 1 1118183
83 0 1118645
83 1 1118730
73 0 1118867
73 1 1118957
32 0 1119184
32 1 1119273
83 0 1119424
83 1 1119519
65 0 1119791
65 1 1119862
76 0 1120009
76 1 1120093
73 0 1120219
73 1 1120309
32 0 1120527
32 1 1120615
68 0 1120740
68 1 1120832
69 0 1121001
69 1 1121072
32 0 1121233
32 1 1121318
83 0 1121524
83 1 1121609
80 0 1121892
80 1 1121987
79 0 1122102
79 1 1122193
82 0 1122298
82 1 1122390
84 0 1122526
84 1 1122625
32 0 1122807
32 1 1122908
80 0 1124893
80 1 1124977
69 0 1125158
69 1 1125213
78 0 1125373
78 1 1125459
84 0 1125646
84 1 1125720
82 0 1125873
82 1 1125972
85 0 1126112
85 1 1126202
32 0 1126399
32 1 1126488
67 0 1126513
67 1 1126634
65 0 1127232
65 1 1127298
32 0 1127570
32 1 1127639
69 0 1127942
69 1 1128036
76 0 1128227
76 1 1128317
69 0 1128463
69 1 1128554
86 0 1128790
86 1 1128877
73 0 1129055
73 1 1129108
73 0 1129208
73 1 1129262
32 0 1129520
32 1 1129609
83 0 1130146
83 1 1130227
65 0 1130438
65 1 1130518
32 0 1130664
32 1 1130734
80 0 1131604
80 1 1131680
79 0 1131796
79 1 1131860
65 0 1131987
65 1 1132086
84 0 1132434
84 1 1132554
65 0 1132860
65 1 1132980
32 0 1133132
32 1 1133217
80 0 1133790
80 1 1133878
82 0 1134161
82 1 1134251
65 0 1134498
65 1 1134594
67 0 1134866
67 1 1134957
84 0 1135166
84 1 1135258
73 0 1135408
73 1 1135473
67 0 1135654
67 1 1135754
65 0 1136046
65 1 1136136
32 0 1136342
32 1 1136422
83 0 1136915
83 1 1137005
80 0 1137236
80 1 1137311
79 0 1137432
79 1 1137512
82 0 1137714
82 1 1137824
84 0 1137942
84 1 1138050
85 0 1138216
85 1 1138301
76 0 1138568
76 1 1138643
190 0 1139015
190 1 1139095
32 0 1139800
32 1 1139859
20 0 1140325
20 1 1140346
80 0 1140905
80 1 1140971
20 0 1141121
20 1 1141147
82 0 1141483
82 1 1141584
79 0 1141738
79 1 1141793
70 0 1142050
70 1 1142141
69 0 1142303
69 1 1142397
83 0 1142553
83 1 1142649
79 0 1144471
79 1 1144592
82 0 1145231
82 1 1145406
73 0 1145987
73 1 1146055
73 0 1146146
73 1 1146216
32 0 1146507
32 1 1146612
84 0 1146733
84 1 1146839
82 0 1147010
82 1 1147099
69 0 1147290
69 1 1147366
66 0 1147855
66 1 1147950
85 0 1148507
85 1 1148592
73 0 1148707
73 1 1148794
69 0 1148956
69 1 1149050
32 0 1149211
32 1 1149291
69 0 1149627
69 1 1149717
86 0 1150054
86 1 1150159
65 0 1150472
65 1 1150567
76 0 1150699
76 1 1150763
85 0 1150938
85 1 1151016
65 0 1151825
65 1 1151918
84 0 1152241
84 1 1152335
73 0 1152422
73 1 1152491
32 0 1152717
32 1 1152807
73 0 1153020
73 1 1153099
78 0 1153265
78 1 1153355
32 0 1153492
32 1 1153566
77 0 1154214
77 1 1154330
79 0 1154551
79 1 1154662
68 0 1154893
68 1 1154982
32 0 1155071
32 1 1155159
67 0 1155395
67 1 1155495
79 0 1155626
79 1 1155687
78 0 1155923
78 1 1156014
83 0 1156321
83 1 1156425
84 0 1156662
84 1 1156752
65 0 1157531
65 1 1157601
78 0 1157889
78 1 1157968
84 0 1160299
84 1 1160415
40 0 1162626
40 1 1162757
40 0 1162908
40 1 1163235
38 0 1175908
38 1 1176390
20 0 1264795
20 1 1264861
67 0 1265157
67 1 1265262
20 0 1265390
20 1 1265417
65 0 1265634
65 1 1265689
8 0 1266208
8 1 1266358
76 0 1266906
76 1 1267001
65 0 1267137
65 1 1267233
68 0 1267698
68 1 1267804
73 0 1267985
73 1 1268092
82 0 1268258
82 1 1268369
69 0 1268478
69 1 1268590
65 0 1268810
65 1 1268931
32 0 1269243
32 1 1269337
68 0 1269459
68 1 1269568
69 0 1269689
69 1 1269780
32 0 1270156
32 1 1270237
80 0 1270890
80 1 1270965
69 0 1271247
69 1 1271307
32 0 1271528
32 1 1271624
70 0 1271765
70 1 1271839
85 0 1272082
85 1 1272146
78 0 1272321
78 1 1272412
68 0 1272508
68 1 1272594
65 0 1272844
65 1 1272955
76 0 1273041
76 1 1273131
32 0 1273313
32 1 1273412
65 0 1273554
65 1 1273669
82 0 1274343
82 1 1274407
69 0 1274557
69 1 1274654
32 0 1274764
32 1 1274840
65 0 1275066
65 1 1275167
83 0 1275308
83 1 1275397
80 0 1276247
80 1 1276347
69 0 1276458
69 1 1276539
67 0 1277236
67 1 1277327
84 0 1277729
84 1 1277834
85 0 1277991
85 1 1278085
76 0 1278352
76 1 1278447
32 0 1278644
32 1 1278734
85 0 1278910
85 1 1278999
78 0 1279135
78 1 1279231
69 0 1279367
69 1 1279468
73 0 1279543
73 1 1279614
32 0 1279769
32 1 1279848
67 0 1279965
67 1 1280061
82 0 1280241
82 1 1280336
85 0 1280503
85 1 1280583
67 0 1280814
67 1 1280910
73 0 1281085
73 1 1281195
32 0 1281447
32 1 1281543
71 0 1282147
71 1 1282236
82 0 1282467
82 1 1282548
69 0 1282685
69 1 1282788
67 0 1282971
67 1 1283071
69 0 1283217
69 1 1283291
83 0 1283456
83 1 1283552
84 0 1283793
84 1 1283868
73 0 1283980
73 1 1284065
32 0 1284287
32 1 1284320
8 0 1314754
8 1 1314865
190 0 1315991
190 1 1316082
32 0 1316219
32 1 1316367
20 0 1316923
20 1 1316923
73 0 1317211
73 1 1317357
20 0 1317687
20 1 1317705
78 0 1317891
78 1 1317996
32 0 1318192
32 1 1318287
80 0 1319191
80 1 1319297
73 0 1319468
73 1 1319558
67 0 1319906
67 1 1320001
84 0 1320403
84 1 1320523
85 0 1321809
85 1 1321900
82 0 1322206
82 1 1322316
65 0 1322619
65 1 1322719
32 0 1322860
32 1 1322974
65 0 1323679
65 1 1323778
80 0 1323850
80 1 1323934
65 0 1324039
65 1 1324140
82 0 1324366
82 1 1324461
32 0 1324583
32 1 1324652
77 0 1325110
77 1 1325206
65 0 1325367
65 1 1325467
73 0 1325573
73 1 1325683
32 0 1325891
32 1 1325984
77 0 1340733
77 1 1340807
85 0 1341068
85 1 1341103
76 0 1341510
76 1 1341596
84 0 1341944
84 1 1342053
69 0 1342235
69 1 1342355
32 0 1342475
32 1 1342529
80 0 1343259
80 1 1343350
69 0 1343525
69 1 1343616
82 0 1343726
82 1 1343823
83 0 1344072
83 1 1344178
79 0 1344319
79 1 1344380
65 0 1344707
65 1 1344822
78 0 1345531
78 1 1345631
65 0 1345847
65 1 1345969
8 0 1346832
8 1 1346983
69 0 1347093
69 1 1347203
32 0 1347455
32 1 1347574
68 0 1348429
68 1 1348519
65 0 1348836
65 1 1348922
82 0 1349208
82 1 1349299
32 0 1349511
32 1 1349596
83 0 1350183
83 1 1350274
73 0 1350550
73 1 1350645
32 0 1350883
32 1 1350972
67 0 1353198
67 1 1353304
79 0 1353485
79 1 1353570
80 0 1353717
80 1 1353807
73 0 1354019
73 1 1354072
73 0 1354158
73 1 1354248
190 0 1355273
190 1 1355348
32 0 1355556
32 1 1355665
20 0 1358810
20 1 1358897
79 0 1359649
79 1 1359735
20 0 1360018
20 1 1360049
32 0 1360203
32 1 1360277
80 0 1360800
80 1 1360876
69 0 1361064
69 1 1361157
82 0 1361298
82 1 1361358
83 0 1361671
83 1 1361785
79 0 1361895
79 1 1362007
65 0 1362183
65 1 1362273
78 0 1362987
78 1 1363092
65 0 1363288
65 1 1363353
32 0 1363549
32 1 1363619
80 0 1364107
80 1 1364197
65 0 1364348
65 1 1364454
82 0 1365011
82 1 1365123
69 0 1365313
69 1 1365413
32 0 1365710
32 1 1365809
67 0 1366845
67 1 1366937
65 0 1367253
65 1 1367373
32 0 1367565
32 1 1367643
78 0 1368102
78 1 1368187
79 0 1368780
79 1 1368845
84 0 1369157
84 1 1369292
69 0 1369504
69 1 1369614
65 0 1369925
65 1 1370021
90 0 1370186
90 1 1370287
65 0 1370483
65 1 1370564
32 0 1370844
32 1 1370920
65 0 1372940
65 1 1373058
78 0 1373343
78 1 1373452
85 0 1373635
85 1 1373729
77 0 1373935
77 1 1374036
73 0 1374167
73 1 1374253
84 0 1374408
84 1 1374517
69 0 1374674
69 1 1374774
32 0 1374876
32 1 1374969
65 0 1375121
65 1 1375216
83 0 1375392
83 1 1375477
80 0 1375653
80 1 1375744
69 0 1375865
69 1 1375955
67 0 1376167
67 1 1376277
84 0 1376458
84 1 1376573
69 0 1376739
69 1 1376844
32 0 1377001
32 1 1377092
73 0 1378343
73 1 1378437
78 0 1378669
78 1 1378739
84 0 1378955
84 1 1379056
82 0 1379241
82 1 1379332
189 0 1379644
189 1 1379713
85 0 1380035
85 1 1380132
78 0 1380277
78 1 1380372
32 0 1380493
32 1 1380562
82 0 1380809
82 1 1380909
69 0 1381098
69 1 1381193
71 0 1381553
71 1 1381663
73 0 1381843
73 1 1381917
83 0 1382052
83 1 1382154
84 0 1382405
84 1 1382480
82 0 1382641
82 1 1382736
85 0 1382877
85 1 1382968
32 0 1383547
32 1 1383645
8 0 1384963
8 1 1385069
188 0 1385772
188 1 1385827
32 0 1386023
32 1 1386144
79 0 1386570
79 1 1386645
76 0 1386842
76 1 1386922
32 0 1387205
32 1 1387293
8 0 1387676
8 1 1387812
8 0 1387908
8 1 1388003
32 0 1388194
32 1 1388298
65 0 1388665
65 1 1388780
76 0 1388877
76 1 1388957
84 0 1389150
84 1 1389259
65 0 1389530
65 1 1389625
32 0 1389777
32 1 1389846
80 0 1390264
80 1 1390355
69 0 1390490
69 1 1390595
82 0 1390706
82 1 1390806
83 0 1391012
83 1 1391117
79 0 1391254
79 1 1391339
65 0 1391501
65 1 1391585
78 0 1391705
78 1 1391791
65 0 1391968
65 1 1392073
188 0 1392745
188 1 1392791
32 0 1393112
32 1 1393213
83 0 1406593
83 1 1406703
69 0 1406844
69 1 1406934
32 0 1407086
32 1 1407175
71 0 1407508
71 1 1407593
65 0 1407749
65 1 1407829
78 0 1407975
78 1 1408060
68 0 1408268
68 1 1408372
69 0 1408488
69 1 1408569
83 0 1408714
83 1 1408803
84 0 1409111
84 1 1409171
69 0 1409397
69 1 1409503
32 0 1409698
32 1 1409764
73 0 1410714
73 1 1410799
78 0 1411065
78 1 1411145
32 0 1411673
32 1 1411758
84 0 1412619
84 1 1412729
73 0 1412929
73 1 1413015
77 0 1413251
77 1 1413346
80 0 1413568
80 1 1413659
32 0 1413885
32 1 1413958
67 0 1414824
67 1 1414914
69 0 1415150
69 1 1415254
32 0 1415372
32 1 1415431
73 0 1415702
73 1 1415797
83 0 1415924
83 1 1416010
73 0 1416111
73 1 1416185
32 0 1416417
32 1 1416496
78 0 1416939
78 1 1417014
79 0 1417426
79 1 1417501
84 0 1417787
84 1 1417908
69 0 1418074
69 1 1418180
65 0 1418461
65 1 1418552
90 0 1418753
90 1 1418833
65 0 1419015
65 1 1419090
32 0 1419322
32 1 1419376
73 0 1422531
73 1 1422606
78 0 1422873
78 1 1422939
84 0 1423297
84 1 1423390
82 0 1423593
82 1 1423662
189 0 1423883
189 1 1423973
85 0 1424332
85 1 1424410
78 0 1424612
78 1 1424707
32 0 1424908
32 1 1424962
82 0 1425450
82 1 1425531
69 0 1425803
69 1 1425908
71 0 1426169
71 1 1426281
73 0 1426572
73 1 1426706
83 0 1428301
83 1 1428431
84 0 1428753
84 1 1428882
82 0 1429088
82 1 1429179
85 0 1430064
85 1 1430214
188 0 1434059
188 1 1434133
32 0 1434386
32 1 1434510
65 0 1464069
65 1 1464199
76 0 1464275
76 1 1464360
84 0 1464942
84 1 1465022
65 0 1465335
65 1 1465470
32 0 1465606
32 1 1465696
80 0 1466516
80 1 1466606
69 0 1466837
69 1 1466922
82 0 1467058
82 1 1467143
83 0 1467381
83 1 1467496
79 0 1467583
79 1 1467665
65 0 1467806
65 1 1467907
78 0 1468014
78 1 1468103
65 0 1468249
65 1 1468329
32 0 1468517
32 1 1468596
73 0 1470992
73 1 1471109
78 0 1471656
78 1 1471771
67 0 1472043
67 1 1472128
69 0 1472545
69 1 1472640
82 0 1472772
82 1 1472858
8 0 1473294
8 1 1473395
8 0 1473506
8 1 1473586
8 0 1473707
8 1 1473796
8 0 1473962
8 1 1474063
8 0 1474481
8 1 1474557
80 0 1478787
80 1 1478893
79 0 1479038
79 1 1479128
65 0 1479461
65 1 1479560
82 0 1479862
82 1 1479962
84 0 1480088
84 1 1480199
65 0 1480501
65 1 1480611
32 0 1480821
32 1 1480902
85 0 1481293
85 1 1481384
78 0 1481530
78 1 1481646
32 0 1481761
32 1 1481836
68 0 1482037
68 1 1482142
73 0 1482243
73 1 1482338
65 0 1482545
65 1 1482646
76 0 1482826
76 1 1482911
79 0 1483048
79 1 1483139
71 0 1483489
71 1 1483598
188 0 1489579
188 1 1489730
8 0 1492364
8 0 1492967
8 0 1492997
8 0 1493027
8 0 1493057
8 0 1493087
8 0 1493117
8 0 1493148
8 0 1493178
8 0 1493208
8 0 1493238
8 0 1493268
8 1 1493277
8 0 1493449
8 1 1493560
8 0 1493687
8 0 1494288
8 0 1494319
8 0 1494348
8 0 1494378
8 0 1494408
8 0 1494438
8 1 1494463
8 0 1494807
8 1 1494972
8 0 1495083
8 1 1495178
8 0 1495264
8 1 1495338
8 0 1495429
8 1 1495509
8 0 1495620
8 1 1495691
8 0 1495946
8 1 1496037
8 0 1496148
8 1 1496227
8 0 1496312
8 1 1496413
69 0 1497393
69 1 1497484
32 0 1497702
32 1 1497806
80 0 1502555
80 1 1502664
69 0 1502804
69 1 1502905
82 0 1503046
82 1 1503126
83 0 1503890
83 1 1503971
79 0 1504147
79 1 1504257
65 0 1504464
65 1 1504579
78 0 1507226
78 1 1507397
69 0 1507503
69 1 1507618
32 0 1508403
32 1 1508563
83 0 1541908
83 1 1542012
85 0 1542519
85 1 1542620
8 0 1544514
8 1 1544670
85 0 1545595
85 1 1545649
78 0 1545897
78 1 1545998
84 0 1546118
84 1 1546214
32 0 1546590
32 1 1546694
73 0 1547952
73 1 1548051
78 0 1548208
78 1 1548314
32 0 1548430
32 1 1548523
68 0 1548936
68 1 1549056
73 0 1549141
73 1 1549227
86 0 1549520
86 1 1549614
69 0 1549805
69 1 1549928
82 0 1550036
82 1 1550142
83 0 1550369
83 1 1550453
69 0 1550604
69 1 1550695
32 0 1550805
32 1 1550900
71 0 1551625
71 1 1551715
82 0 1551922
82 1 1552017
85 0 1552091
85 1 1552186
80 0 1552540
80 1 1552644
85 0 1552872
85 1 1552947
82 0 1553257
82 1 1553358
73 0 1553510
73 1 1553579
32 0 1553841
32 1 1553935
67 0 1554967
67 1 1555042
65 0 1556237
65 1 1556322
82 0 1557018
82 1 1557106
69 0 1557348
69 1 1557428
32 0 1557625
32 1 1557759
68 0 1558268
68 1 1558337
73 0 1558498
73 1 1558583
65 0 1558955
65 1 1559076
76 0 1559228
76 1 1559342
79 0 1559464
79 1 1559527
71 0 1559816
71 1 1559906
72 0 1560047
72 1 1560136
69 0 1560378
69 1 1560479
65 0 1560794
65 1 1560896
90 0 1561081
90 1 1561182
65 0 1561337
65 1 1561428
32 0 1561609
32 1 1561723
73 0 1562538
73 1 1562639
78 0 1562976
78 1 1563071
84 0 1563291
84 1 1563412
82 0 1563563
82 1 1563663
69 0 1563829
69 1 1563925
32 0 1564121
32 1 1564211
69 0 1564356
69 1 1564447
76 0 1565477
76 1 1565608
69 0 1565864
69 1 1565964
190 0 1607031
190 1 1607115
32 0 1607332
32 1 1607411
20 0 1607722
20 1 1607774
80 0 1608057
80 1 1608151
20 0 1608297
20 1 1608317
69 0 1608693
69 1 1608769
32 0 1609091
32 1 1609176
79 0 1610483
79 1 1610584
32 0 1610849
32 1 1610934
77 0 1611507
77 1 1611608
73 0 1611769
73 1 1611859
67 0 1612072
67 1 1612181
65 0 1612456
65 1 1612558
32 0 1613303
32 1 1613442
84 0 1614217
84 1 1614322
65 0 1614688
65 1 1614773
66 0 1614980
66 1 1615060
76 0 1616322
76 1 1616416
65 0 1616597
65 1 1616682
32 0 1616884
32 1 1616969
67 0 1617738
67 1 1617818
85 0 1618076
85 1 1618171
32 0 1618387
32 1 1618476
65 0 1618587
65 1 1618672
74 0 1619226
74 1 1619343
85 0 1619503
85 1 1619577
84 0 1620357
84 1 1620469
79 0 1620770
79 1 1620849
82 0 1620983
82 1 1621095
85 0 1621201
85 1 1621306
76 0 1621528
76 1 1621632
32 0 1621870
32 1 1621933
85 0 1626290
85 1 1626387
78 0 1626662
78 1 1626723
85 0 1627024
85 1 1627120
73 0 1627231
73 1 1627322
32 0 1627552
32 1 1627631
8 0 1630090
8 0 1630692
8 0 1630722
8 0 1630752
8 0 1630782
8 1 1630807
8 0 1631992
8 0 1632596
8 0 1632627
8 0 1632657
8 0 1632686
8 0 1632716
8 0 1632746
8 0 1632777
8 0 1632807
8 0 1632837
8 0 1632867
8 0 1632898
8 1 1632907
83 0 1633811
83 1 1633878
69 0 1634185
69 1 1634275
32 0 1634431
32 1 1634521
69 0 1635013
69 1 1635119
88 0 1635773
88 1 1635837
80 0 1636053
80 1 1636150
76 0 1636295
76 1 1636391
73 0 1636587
73 1 1636691
67 0 1636848
67 1 1636948
65 0 1637255
65 1 1637361
32 0 1637481
32 1 1637560
67 0 1637867
67 1 1637967
69 0 1638607
69 1 1638696
69 0 1638798
69 1 1638893
65 0 1639179
65 1 1639274
32 0 1639431
32 1 1639525
67 0 1639721
67 1 1639826
69 0 1640052
69 1 1640163
32 0 1640336
32 1 1640411
80 0 1640857
80 1 1640957
65 0 1641068
65 1 1641169
82 0 1641576
82 1 1641646
69 0 1641812
69 1 1641907
32 0 1642058
32 1 1642152
65 0 1642284
65 1 1642390
32 0 1642565
32 1 1642630
70 0 1643098
70 1 1643163
73 0 1643395
73 1 1643470
32 0 1643837
32 1 1643906
71 0 1645074
71 1 1645179
69 0 1646114
69 1 1646204
79 0 1646476
79 1 1646570
77 0 1647053
77 1 1647178
69 0 1647541
69 1 1647640
84 0 1648505
84 1 1648590
82 0 1648791
82 1 1648891
73 0 1649027
73 1 1649107
69 0 1649324
69 1 1649420
190 0 1649767
190 1 1649846
20 0 1694067
20 1 1694107
83 0 1695606
83 1 1695672
20 0 1695987
20 1 1696023
69 0 1696273
69 1 1696389
32 0 1696560
32 1 1696635
80 0 1697233
80 1 1697313
79 0 1697444
79 1 1697520
65 0 1697640
65 1 1697737
84 0 1698345
84 1 1698464
69 0 1698756
69 1 1698872
32 0 1699509
32 1 1699658
79 0 1701113
79 1 1701219
66 0 1701621
66 1 1701711
83 0 1702780
83 1 1702876
69 0 1703127
69 1 1703237
82 0 1703424
82 1 1703484
86 0 1703706
86 1 1703827
65 0 1704405
65 1 1704504
32 0 1704722
32 1 1704825
85 0 1707858
85 1 1707961
78 0 1708127
78 1 1708233
32 0 1708349
32 1 1708424
66 0 1708654
66 1 1708736
65 0 1708906
65 1 1708986
84 0 1709398
84 1 1709520
82 0 1709645
82 1 1709746
65 0 1711408
65 1 1711484
78 0 1711635
78 1 1711721
32 0 1711862
32 1 1711931
67 0 1712182
67 1 1712293
85 0 1712423
85 1 1712503
32 0 1712694
32 1 1712786
85 0 1713066
85 1 1713157
78 0 1713267
78 1 1713373
32 0 1713489
32 1 1713554
67 0 1713860
67 1 1713951
79 0 1714187
79 1 1714277
80 0 1714388
80 1 1714479
73 0 1714630
73 1 1714742
76 0 1714871
76 1 1714952
32 0 1715128
32 1 1715217
73 0 1715398
73 1 1715478
78 0 1715614
78 1 1715704
32 0 1715926
32 1 1716011
66 0 1716348
66 1 1716433
82 0 1716664
82 1 1716761
65 0 1717128
65 1 1717217
84 0 1717474
84 1 1717548
69 0 1717680
69 1 1717792
190 0 1718786
190 1 1718865
32 0 1725881
32 1 1725981
20 0 1726427
20 1 1726463
77 0 1726644
77 1 1726734
20 0 1726909
20 1 1726910
65 0 1727128
65 1 1727211
74 0 1727483
74 1 1727558
79 0 1728001
79 1 1728070
82 0 1728398
82 1 1728492
73 0 1728674
73 1 1728765
84 0 1729086
84 1 1729187
65 0 1729267
65 1 1729367
84 0 1729463
84 1 1729553
69 0 1729644
69 1 1729744
65 0 1730065
65 1 1730171
32 0 1730317
32 1 1730416
80 0 1731181
80 1 1731251
69 0 1731472
69 1 1731547
82 0 1731654
82 1 1731744
83 0 1731955
83 1 1732051
79 0 1732141
79 1 1732215
65 0 1732413
65 1 1732487
78 0 1732653
78 1 1732733
69 0 1732934
69 1 1733025
76 0 1733658
76 1 1733759
79 0 1733881
79 1 1733970
82 0 1734145
82 1 1734236
32 0 1734387
32 1 1734471
80 0 1735311
80 1 1735386
65 0 1735639
65 1 1735742
82 0 1736588
82 1 1736687
32 0 1736844
32 1 1736940
65 0 1737165
65 1 1737220
32 0 1737436
32 1 1737501
65 0 1739135
65 1 1739256
86 0 1740024
86 1 1740161
69 0 1740381
69 1 1740482
65 0 1740839
65 1 1740925
32 0 1741341
32 1 1741431
67 0 1742074
67 1 1742154
65 0 1742275
65 1 1742361
84 0 1742482
84 1 1742567
69 0 1742694
69 1 1742773
32 0 1742920
32 1 1742998
79 0 1743727
79 1 1743807
32 0 1744120
32 1 1744189
67 0 1744944
67 1 1745013
65 0 1745165
65 1 1745245
82 0 1745401
82 1 1745498
84 0 1745607
84 1 1745701
69 0 1745879
69 1 1745955
32 0 1746526
32 1 1746626
73 0 1747294
73 1 1747380
78 0 1747561
78 1 1747652
32 0 1747788
32 1 1747862
77 0 1748048
77 1 1748138
65 0 1748364
65 1 1748440
78 0 1748566
78 1 1748646
65 0 1748773
65 1 1748863
32 0 1748984
32 1 1749053
67 0 1749671
67 1 1749776
69 0 1750179
69 1 1750264
69 0 1750415
69 1 1750510
65 0 1750793
65 1 1750873
32 0 1751005
32 1 1751099
67 0 1751244
67 1 1751349
69 0 1751555
69 1 1751630
32 0 1751787
32 1 1751856
80 0 1752431
80 1 1752517
79 0 1752612
79 1 1752698
65 0 1752788
65 1 1752884
84 0 1753151
84 1 1753268
69 0 1753428
69 1 1753522
32 0 1753674
32 1 1753759
73 0 1754311
73 1 1754391
78 0 1754647
78 1 1754723
83 0 1755101
83 1 1755186
69 0 1755352
69 1 1755442
77 0 1755582
77 1 1755647
78 0 1756201
78 1 1756302
65 0 1756502
65 1 1756612
32 0 1756995
32 1 1757079
67 0 1757808
67 1 1757893
65 0 1758286
65 1 1758401
32 0 1758667
32 1 1758767
76 0 1760854
76 1 1760938
79 0 1761737
79 1 1761813
67 0 1762066
67 1 1762175
85 0 1762242
85 1 1762315
76 0 1762522
76 1 1762617
32 0 1762818
32 1 1762909
65 0 1763094
65 1 1763204
67 0 1763446
67 1 1763556
84 0 1763827
84 1 1763933
73 0 1764089
73 1 1764184
85 0 1764281
85 1 1764376
78 0 1764571
78 1 1764662
73 0 1765046
73 1 1765129
73 0 1765220
73 1 1765286
32 0 1765617
32 1 1765691
69 0 1767275
69 1 1767356
83 0 1767607
83 1 1767686
84 0 1767944
84 1 1768049
69 0 1768229
69 1 1768324
32 0 1768496
32 1 1768587
79 0 1769184
79 1 1769244
32 0 1769515
32 1 1769596
83 0 1769777
83 1 1769852
67 0 1770054
67 1 1770168
79 0 1770350
79 1 1770425
65 0 1770651
65 1 1770726
76 0 1770898
76 1 1770989
65 0 1771165
65 1 1771244
