9 1 84518
16 0 100605
65 0 100664
16 1 100723
65 1 100743
67 0 100858
67 1 100921
85 0 101567
85 1 101629
77 0 101718
77 1 101782
32 0 101813
32 1 101873
69 0 101906
69 1 101954
32 0 102010
32 1 102077
80 0 102291
79 0 102339
80 1 102350
79 1 102398
83 0 102406
83 1 102479
79 0 102590
79 1 102660
77 0 102805
77 1 102861
79 0 103281
79 1 103345
84 0 103406
84 1 103482
65 0 103618
65 1 103645
8 0 103970
8 1 104026
8 0 104100
8 1 104183
82 0 104225
69 0 104230
65 0 104243
69 1 104272
82 1 104276
65 1 104313
84 0 104384
84 1 104464
190 0 104537
190 1 104576
8 0 104770
8 1 104821
8 0 104891
8 1 104951
8 0 105014
8 1 105090
8 0 105144
8 1 105223
65 0 105256
84 0 105333
65 1 105375
190 0 105420
84 1 105422
190 1 105480
32 0 105779
32 1 105841
16 0 105908
80 0 106001
80 1 106056
16 1 106100
76 0 106145
76 1 106223
79 0 106319
79 1 106394
65 0 106447
85 0 106511
65 1 106513
85 1 106573
8 0 106907
8 1 106959
8 0 107036
8 1 107092
85 0 107325
85 1 107379
65 0 107419
65 1 107500
190 0 107545
190 1 107614
32 0 107681
32 1 107750
16 0 107783
78 0 107858
78 1 107919
16 1 107940
85 0 108006
32 0 108049
85 1 108067
32 1 108104
69 0 108137
69 1 108228
32 0 108269
32 1 108327
86 0 108510
86 1 108586
82 0 108685
69 0 108745
82 1 108773
69 1 108829
77 0 108831
77 1 108901
69 0 108948
65 0 108987
69 1 109010
65 1 109064
32 0 109132
32 1 109179
77 0 109297
69 0 109361
77 1 109363
65 0 109428
69 1 109468
65 1 109532
32 0 109535
32 1 109594
73 0 109681
68 0 109756
73 1 109757
69 0 109796
68 1 109848
65 0 109860
69 1 109904
65 1 109952
76 0 110179
76 1 110236
65 0 110270
65 1 110338
190 0 110386
190 1 110458
32 0 110558
16 0 110582
32 1 110583
68 0 110755
16 1 110778
68 1 110823
69 0 110927
69 1 110983
79 0 111054
79 1 111109
66 0 111121
66 1 111200
73 0 111244
73 1 111320
78 0 111409
78 1 111480
69 0 111495
69 1 111567
73 0 111774
73 1 111837
32 0 111878
32 1 111969
8 0 112253
8 1 112301
8 0 112375
8 1 112446
8 0 112518
8 1 112593
8 0 112667
8 1 112734
8 0 112794
8 1 112858
73 0 113556
73 1 113611
67 0 113726
69 0 113804
67 1 113828
69 1 113881
73 0 114094
73 1 114154
32 0 114184
32 1 114228
77 0 114311
77 1 114391
65 0 114403
65 1 114475
32 0 114508
32 1 114589
66 0 115089
66 1 115165
73 0 115177
73 1 115237
78 0 115348
78 1 115401
69 0 115423
69 1 115491
189 0 115554
189 1 115634
68 0 115768
68 1 115847
73 0 115951
73 1 116028
83 0 116088
83 1 116160
80 0 116264
80 1 116331
85 0 116413
85 1 116476
78 0 116548
69 0 116596
78 1 116613
69 1 116653
32 0 116705
32 1 116754
86 0 116756
86 1 116830
8 0 117238
8 1 117304
83 0 117511
83 1 117600
79 0 117635
79 1 117707
65 0 117741
65 1 117815
82 0 117856
69 0 117936
82 1 117972
69 1 118036
190 0 118084
190 1 118100
69 0 118167
69 1 118251
8 0 118510
8 1 118574
8 0 118641
8 1 118706
76 0 118785
76 1 118848
69 0 118894
69 1 118954
188 0 118966
188 1 119034
32 0 119040
32 1 119109
90 0 119118
90 1 119204
73 0 119217
73 1 119275
76 0 119377
76 1 119436
69 0 119442
69 1 119492
76 0 119548
76 1 119574
69 0 120134
69 1 120186
32 0 120241
32 1 120293
73 0 120367
73 1 120419
78 0 120500
78 1 120576
83 0 120598
83 1 120662
79 0 120721
79 1 120753
82 0 120787
82 1 120859
73 0 120890
73 1 120962
84 0 121041
84 1 121088
69 0 121133
69 1 121192
32 0 121304
32 1 121369
73 0 121434
73 1 121485
8 0 121708
8 1 121768
83 0 121865
83 1 121921
85 0 122071
85 1 122143
78 0 122232
78 1 122316
84 0 122660
84 1 122738
32 0 122755
32 1 122804
80 0 122888
82 0 122935
80 1 122954
69 0 122999
82 1 123026
69 1 123072
70 0 123286
69 0 123350
70 1 123368
69 1 123430
82 0 123469
82 1 123529
65 0 123603
65 1 123670
84 0 123783
69 0 123813
84 1 123849
69 1 123898
76 0 123928
76 1 123980
69 0 124019
69 1 124087
32 0 124120
32 1 124173
77 0 124259
77 1 124327
69 0 124354
69 1 124401
76 0 124445
76 1 124496
69 0 124526
69 1 124590
190 0 124627
190 1 124695
32 0 124782
32 1 124842
16 0 124880
68 0 124961
16 1 124997
68 1 125065
65 0 125086
65 1 125142
67 0 125185
65 0 125269
67 1 125278
32 0 125328
65 1 125334
32 1 125393
65 0 125419
65 1 125479
82 0 125522
82 1 125606
32 0 125609
70 0 125683
32 1 125687
73 0 125770
70 1 125778
73 1 125834
32 0 125851
32 1 125914
83 0 125979
65 0 126103
83 1 126128
65 1 126203
32 0 126241
32 1 126315
80 0 126360
79 0 126398
80 1 126424
84 0 126455
79 1 126461
84 1 126539
32 0 126552
32 1 126628
83 0 126641
65 0 126690
83 1 126737
32 0 126766
65 1 126792
32 1 126817
65 0 126876
65 1 126933
76 0 126967
76 1 127028
69 0 127043
69 1 127085
71 0 127100
71 1 127188
32 0 127209
32 1 127279
83 0 127288
83 1 127395
73 0 127401
73 1 127463
32 0 127464
32 1 127510
84 0 127606
69 0 127670
84 1 127697
69 1 127774
77 0 127781
77 1 127836
69 0 127904
80 0 127960
69 1 127978
80 1 128028
82 0 128423
65 0 128477
82 1 128521
65 1 128581
8 0 128699
8 1 128759
8 0 128827
8 1 128882
8 0 128950
8 1 129009
8 0 129066
8 1 129135
80 0 129187
69 0 129242
80 1 129270
82 0 129311
69 1 129328
65 0 129431
82 1 129446
65 1 129502
84 0 129554
84 1 129649
85 0 129822
85 1 129886
82 0 129903
65 0 129970
82 1 130017
65 1 130072
188 0 130113
188 1 130188
32 0 130311
32 1 130371
65 0 130466
83 0 130533
65 1 130565
83 1 130613
32 0 130658
32 1 130720
90 0 130887
90 1 130982
73 0 130995
73 1 131052
67 0 131097
69 0 131135
67 1 131178
69 1 131215
32 0 131217
32 1 131257
67 0 131333
65 0 131404
67 1 131422
65 1 131495
32 0 131507
32 1 131564
85 0 132069
85 1 132119
78 0 132205
68 0 132252
78 1 132288
69 0 132308
68 1 132319
69 1 132348
86 0 132428
65 0 132487
86 1 132508
65 1 132567
32 0 132574
32 1 132629
76 0 132737
76 1 132792
65 0 132819
65 1 132882
32 0 132918
32 1 132981
50 0 133073
50 1 133181
50 0 133752
50 1 133844
189 0 133868
189 1 133932
50 0 134279
53 0 134382
50 1 134437
53 1 134481
32 0 134504
32 1 134579
68 0 134667
69 0 134726
68 1 134750
32 0 134761
69 1 134814
32 1 134851
71 0 134898
71 1 134965
82 0 135057
65 0 135104
82 1 135141
65 1 135189
84 0 135256
69 0 135313
84 1 135340
32 0 135394
69 1 135398
32 1 135460
65 0 135645
65 1 135699
82 0 135767
82 1 135863
8 0 136148
8 1 136222
8 0 136280
8 1 136349
8 0 136409
8 1 136468
8 0 136544
8 1 136606
8 0 136676
68 0 136741
8 1 136744
69 0 136776
68 1 136808
69 1 136848
32 0 136880
32 1 136935
65 0 136947
82 0 137036
65 1 137064
82 1 137119
32 0 137136
32 1 137211
70 0 137262
70 1 137354
73 0 137400
73 1 137471
32 0 137621
32 1 137697
73 0 137770
73 1 137835
68 0 137865
69 0 137918
68 1 137957
65 0 137990
69 1 138030
65 1 138093
76 0 138262
76 1 138322
190 0 138428
190 1 138503
16 0 138550
32 0 138557
32 1 138610
70 0 138662
16 1 138706
70 1 138775
65 0 138796
65 1 138884
82 0 138898
65 0 138998
82 1 139018
32 0 139058
65 1 139080
32 1 139138
80 0 139422
80 1 139489
76 0 139568
76 1 139655
79 0 139737
79 1 139817
65 0 139823
65 1 139898
73 0 139910
73 1 139983
69 0 140004
69 1 140075
190 0 140120
190 1 140185
32 0 140269
32 1 140351
16 0 140373
80 0 140521
80 1 140584
16 1 140665
76 0 140687
76 1 140751
79 0 141309
79 1 141379
65 0 141415
65 1 141483
73 0 141502
73 1 141570
65 0 141582
65 1 141662
32 0 141681
32 1 141749
68 0 141816
65 0 141864
68 1 141903
65 1 141940
67 0 142022
65 0 142079
67 1 142105
65 1 142170
32 0 142185
32 1 142252
83 0 142315
83 1 142379
69 0 142467
69 1 142551
32 0 142584
32 1 142672
80 0 142767
79 0 142807
80 1 142836
65 0 142867
79 1 142868
65 1 142919
84 0 143007
69 0 143030
84 1 143066
32 0 143099
69 1 143117
32 1 143202
83 0 143390
65 0 143404
83 1 143458
65 1 143526
32 0 143583
32 1 143670
70 0 143799
70 1 143874
73 0 143884
73 1 143938
69 0 143985
32 0 144044
69 1 144059
32 1 144111
73 0 144153
73 1 144236
78 0 144308
32 0 144384
78 1 144387
84 0 144426
32 1 144445
84 1 144472
73 0 144546
73 1 144609
77 0 144706
77 1 144749
80 0 144804
80 1 144879
85 0 144924
85 1 144984
76 0 145084
32 0 145151
76 1 145168
32 1 145215
78 0 145325
78 1 145373
79 0 145474
79 1 145521
80 0 145825
80 1 145905
84 0 145920
84 1 145992
73 0 146030
73 1 146098
73 0 146174
73 1 146254
188 0 146430
188 1 146481
8 0 148114
8 1 148209
188 0 148458
188 1 148522
32 0 148615
32 1 148687
73 0 148725
73 1 148800
65 0 148834
82 0 148875
65 1 148921
82 1 148994
32 0 149001
32 1 149055
68 0 150191
69 0 150254
68 1 150277
69 1 150318
32 0 150356
32 1 150419
68 0 150434
68 1 150523
73 0 150523
73 1 150598
77 0 150712
77 1 150788
73 0 150915
73 1 150963
78 0 151059
78 1 151131
69 0 151136
65 0 151203
69 1 151212
65 1 151286
84 0 151332
65 0 151408
84 1 151423
65 1 151552
8 0 151978
8 0 152479
8 0 152562
8 0 152646
8 0 152730
8 0 152814
8 0 152898
8 0 152982
8 0 153064
8 0 153149
8 0 153232
8 0 153318
8 0 153402
8 0 153485
8 0 153570
8 0 153654
8 0 153738
8 1 153786
8 0 153953
8 1 154012
190 0 154290
190 1 154354
32 0 154470
32 1 154575
16 0 159873
67 0 160092
16 1 160172
67 1 160184
85 0 160250
85 1 160312
77 0 160407
86 0 160470
77 1 160486
65 0 160562
86 1 160563
65 1 160642
8 0 161130
8 1 161186
8 0 161252
8 1 161316
8 0 161390
8 1 161449
8 0 161536
8 1 161595
8 0 161681
8 1 161737
16 0 161949
67 0 162038
16 1 162150
67 1 162152
85 0 162220
85 1 162271
77 0 162375
86 0 162431
77 1 162451
65 0 162487
86 1 162520
65 1 162599
32 0 162600
32 1 162687
65 0 162936
83 0 163012
65 1 163053
83 1 163124
84 0 163159
84 1 163263
8 0 163381
8 1 163441
8 0 163511
8 1 163588
67 0 163612
69 0 163680
67 1 163709
69 1 163740
83 0 164011
83 1 164127
84 0 164128
84 1 164223
32 0 164323
32 1 164391
65 0 164435
82 0 164511
65 1 164527
82 1 164615
32 0 164646
32 1 164759
8 0 164882
8 1 164946
8 0 165017
8 1 165075
8 0 165140
8 1 165212
8 0 165279
8 1 165347
8 0 165400
8 1 165448
84 0 166075
65 0 166155
84 1 166169
65 1 166219
32 0 166248
32 1 166324
65 0 166345
82 0 166453
65 1 166467
82 1 166545
32 0 166590
32 1 166673
70 0 166687
73 0 166759
70 1 166772
73 1 166825
32 0 166844
32 1 166920
83 0 167005
83 1 167061
67 0 167143
69 0 167224
67 1 167243
69 1 167299
78 0 167343
78 1 167399
65 0 167405
82 0 167483
65 1 167506
73 0 167579
82 1 167580
73 1 167651
85 0 167724
85 1 167794
76 0 167989
76 1 168053
32 0 168257
32 1 168330
73 0 168417
68 0 168481
73 1 168486
69 0 168533
68 1 168588
65 0 168609
69 1 168656
65 1 168736
76 0 168801
76 1 168857
32 0 168964
32 1 169040
68 0 169060
69 0 169104
68 1 169144
32 0 169192
69 1 169233
32 1 169256
8 0 169455
8 1 169518
32 0 169850
32 1 169924
86 0 170064
86 1 170151
82 0 170253
69 0 170289
82 1 170332
77 0 170373
69 1 170379
77 1 170425
69 0 170463
32 0 170555
69 1 170557
32 1 170607
80 0 170660
80 1 170729
69 0 170747
69 1 170791
78 0 170838
84 0 170892
78 1 170898
82 0 170953
84 1 170985
85 0 171001
82 1 171023
85 1 171060
32 0 171094
32 1 171125
77 0 171238
77 1 171287
73 0 171371
73 1 171427
78 0 171499
78 1 171551
69 0 171600
69 1 171660
190 0 171697
190 1 171758
32 0 171826
32 1 171898
16 0 171925
78 0 172511
78 1 172569
16 1 172641
189 0 172759
189 1 172828
65 0 172859
65 1 172971
77 0 172992
77 1 173053
32 0 173462
32 1 173554
71 0 173604
65 0 173620
71 1 173667
65 1 173756
73 0 173805
73 1 173854
8 0 174161
8 1 174236
83 0 174264
83 1 174329
73 0 174346
73 1 174402
84 0 174436
32 0 174508
84 1 174513
32 1 174572
73 0 174609
73 1 174688
78 0 174764
67 0 174836
78 1 174841
65 0 174884
67 1 174911
65 1 174978
32 0 174991
32 1 175043
65 0 175092
65 1 175159
83 0 175443
65 0 175524
83 1 175560
65 1 175624
32 0 175628
67 0 175692
32 1 175708
69 0 175775
67 1 175789
69 1 175829
86 0 175894
86 1 175954
65 0 175970
32 0 176014
65 1 176048
32 1 176098
73 0 176147
73 1 176208
78 0 176289
78 1 176354
32 0 176373
32 1 176440
16 0 176542
82 0 176612
16 1 176678
79 0 176690
82 1 176696
79 1 176742
77 0 176846
77 1 176911
65 0 176928
65 1 177012
78 0 177012
78 1 177064
73 0 177137
65 0 177204
73 1 177206
65 1 177280
188 0 177330
32 0 177377
188 1 177387
68 0 177415
32 1 177438
65 0 177478
68 1 177508
65 1 177557
82 0 177579
32 0 177659
82 1 177674
32 1 177741
68 0 177779
65 0 177835
68 1 177844
65 1 177918
67 0 177944
67 1 178035
65 0 178043
65 1 178111
32 0 178415
32 1 178507
80 0 178594
80 1 178658
8 0 178871
8 1 178930
65 0 178954
65 1 179026
77 0 179028
77 1 179101
32 0 179102
32 1 179174
80 0 179211
80 1 179279
85 0 179353
84 0 179404
85 1 179431
69 0 179456
84 1 179496
65 0 179512
69 1 179541
65 1 179580
32 0 179594
32 1 179680
67 0 180422
85 0 180517
67 1 180526
85 1 180572
77 0 180673
86 0 180724
77 1 180748
65 0 180764
86 1 180792
65 1 180872
32 0 180878
32 1 180956
67 0 180987
67 1 181059
79 0 181060
79 1 181115
77 0 181204
65 0 181273
77 1 181275
65 1 181345
78 0 181383
68 0 181439
78 1 181440
65 0 181512
68 1 181534
65 1 181579
32 0 181582
67 0 181680
32 1 181683
69 0 181748
67 1 181791
32 0 181812
69 1 181833
32 1 181907
86 0 181943
86 1 182002
82 0 182104
69 0 182155
82 1 182187
77 0 182215
69 1 182239
77 1 182278
69 0 182328
32 0 182388
69 1 182409
32 1 182472
65 0 183207
65 1 183247
86 0 183330
69 0 183406
86 1 183424
77 0 183487
69 1 183496
77 1 183538
188 0 183656
188 1 183733
32 0 183745
32 1 183813
77 0 183930
77 1 183982
189 0 184109
189 1 184172
8 0 184553
8 1 184632
73 0 184894
73 1 184989
189 0 185155
189 1 185221
65 0 185229
82 0 185320
65 1 185356
82 1 185416
32 0 185433
32 1 185516
70 0 185633
65 0 185688
70 1 185725
65 1 185757
67 0 185827
69 0 185878
67 1 185909
32 0 185942
69 1 185971
32 1 186006
80 0 186081
80 1 186150
76 0 186227
76 1 186304
65 0 186713
65 1 186796
67 0 186839
67 1 186922
69 0 186924
69 1 186988
82 0 187042
69 0 187106
82 1 187146
69 1 187206
32 0 187251
83 0 187318
32 1 187319
65 0 187382
83 1 187414
32 0 187474
65 1 187483
32 1 187550
80 0 188303
80 1 188367
8 0 189039
8 1 189100
73 0 189194
73 1 189262
77 0 189346
77 1 189413
73 0 189480
73 1 189544
32 0 189581
32 1 189626
80 0 189680
80 1 189760
76 0 189835
65 0 189898
76 1 189903
83 0 189998
65 1 190029
83 1 190071
69 0 190163
69 1 190234
90 0 190334
90 1 190422
32 0 190442
32 1 190498
67 0 190567
67 1 190651
79 0 190683
79 1 190747
77 0 190843
77 1 190903
65 0 190915
65 1 190973
78 0 191025
78 1 191075
68 0 191099
65 0 191159
68 1 191191
32 0 191215
65 1 191248
32 1 191287
85 0 191374
85 1 191438
78 0 191511
68 0 191544
78 1 191581
69 0 191602
68 1 191625
69 1 191678
86 0 191739
65 0 191815
86 1 191841
65 1 191891
190 0 191919
190 1 191963
32 0 192077
32 1 192136
16 0 192725
80 0 192828
80 1 192880
16 1 192888
65 0 192983
65 1 193078
78 0 193091
78 1 193139
65 0 193171
65 1 193267
32 0 193273
32 1 193331
85 0 193397
85 1 193456
78 0 193534
78 1 193598
65 0 193646
65 1 193725
32 0 193781
32 1 193818
8 0 194057
8 1 194120
189 0 194314
189 1 194400
65 0 194718
65 1 194798
76 0 194833
76 1 194885
84 0 194905
65 0 194969
84 1 194988
65 1 195033
32 0 195052
32 1 195113
77 0 195202
65 0 195258
77 1 195266
65 1 195334
32 0 195387
32 1 195443
77 0 195540
77 1 195652
85 0 195728
85 1 195783
76 0 195874
84 0 195941
76 1 195944
84 1 196033
85 0 196053
85 1 196112
77 0 196201
69 0 196261
77 1 196267
69 1 196325
83 0 196390
67 0 196450
83 1 196482
32 0 196542
67 1 196572
32 1 196618
67 0 196635
67 1 196734
85 0 196779
32 0 196813
85 1 196825
32 1 196872
67 0 197255
69 0 197294
67 1 197337
69 1 197394
86 0 197424
65 0 197503
86 1 197504
32 0 197602
65 1 197635
32 1 197676
8 0 198194
8 1 198263
8 0 198333
8 1 198393
8 0 198457
8 1 198517
32 0 198582
32 1 198676
65 0 198679
65 1 198738
86 0 198804
69 0 198876
86 1 198911
69 1 198959
77 0 198962
77 1 199019
188 0 199157
188 1 199225
32 0 199334
32 1 199385
84 0 200308
69 0 200376
84 1 200406
77 0 200493
69 1 200497
77 1 200572
80 0 200782
80 1 200854
69 0 200877
82 0 200936
69 1 200972
82 1 201038
65 0 201386
84 0 201466
65 1 201485
84 1 201562
32 0 201596
32 1 201688
67 0 201744
79 0 201808
67 1 201839
79 1 201859
78 0 201958
78 1 202027
84 0 202078
84 1 202121
8 0 202679
8 1 202751
8 0 202815
8 1 202867
8 0 202932
8 1 203003
8 0 203084
8 1 203138
8 0 203461
8 1 203533
189 0 203594
189 1 203688
67 0 203759
79 0 203883
67 1 203896
79 1 203938
78 0 204043
78 1 204106
84 0 204171
84 1 204260
73 0 204319
73 1 204374
78 0 204456
69 0 204527
78 1 204538
69 1 204600
78 0 204670
78 1 204730
84 0 204736
84 1 204850
65 0 204853
65 1 204970
76 0 205000
76 1 205068
32 0 205123
32 1 205205
67 0 205223
85 0 205306
67 1 205320
32 0 205367
85 1 205370
32 1 205422
65 0 205893
65 1 205975
80 0 206620
80 1 206682
82 0 206697
82 1 206763
79 0 206790
65 0 206847
79 1 206852
65 1 206911
80 0 206976
80 1 207035
69 0 207053
69 1 207109
32 0 207154
32 1 207217
84 0 207228
84 1 207293
79 0 207309
79 1 207365
65 0 207380
65 1 207439
84 0 207517
69 0 207564
84 1 207579
32 0 207612
69 1 207627
32 1 207680
65 0 207746
65 1 207812
78 0 207819
78 1 207889
79 0 207966
79 1 208025
84 0 208290
84 1 208373
73 0 208387
73 1 208445
77 0 208524
77 1 208616
80 0 208733
80 1 208769
85 0 208854
85 1 208933
82 0 208970
82 1 209067
73 0 209753
73 1 209797
76 0 209899
76 1 209968
69 0 210019
69 1 210080
190 0 210094
190 1 210156
32 0 210238
32 1 210302
16 0 214959
79 0 215075
16 1 215138
79 1 215141
32 0 215164
32 1 215227
90 0 215287
73 0 215355
90 1 215377
32 0 215408
73 1 215412
32 1 215467
73 0 215758
68 0 215797
73 1 215821
69 0 215837
68 1 215894
65 0 215958
69 1 215961
65 1 216074
73 0 216155
73 1 216215
76 0 216317
76 1 216389
69 0 216391
69 1 216481
8 0 216648
8 1 216715
8 0 216786
8 1 216850
8 0 216911
8 1 216999
76 0 217411
76 1 217468
69 0 217480
69 1 217544
32 0 217585
32 1 217637
69 0 217670
69 1 217742
83 0 217833
83 1 217887
84 0 217966
69 0 217982
84 1 218036
69 1 218082
32 0 218106
32 1 218158
79 0 218248
32 0 218311
79 1 218319
32 1 218400
90 0 218533
73 0 218616
90 1 218659
73 1 218666
32 0 218724
32 1 218792
73 0 218893
73 1 218965
78 0 219046
78 1 219115
32 0 219121
32 1 219187
67 0 219210
65 0 219236
67 1 219293
65 1 219326
82 0 219438
69 0 219470
82 1 219501
32 0 219534
69 1 219565
32 1 219602
77 0 219695
77 1 219757
65 0 219777
65 1 219845
32 0 219870
32 1 219950
84 0 220066
82 0 220070
84 1 220098
82 1 220183
69 0 220292
69 1 220356
90 0 220498
90 1 220605
69 0 220696
69 1 220760
83 0 220947
83 1 220960
83 0 220977
67 0 221041
83 1 221068
67 1 221164
32 0 221179
32 1 221258
79 0 221347
79 1 221435
68 0 221437
68 1 221547
73 0 221602
73 1 221668
72 0 222295
72 1 222362
73 0 222440
73 1 222504
78 0 222610
78 1 222670
84 0 222993
84 1 223081
8 0 223889
8 1 223948
8 0 224012
8 1 224065
8 0 224118
8 1 224183
78 0 224412
78 1 224456
73 0 224550
73 1 224610
84 0 224631
84 1 224722
190 0 224739
190 1 224807
32 0 224846
16 0 224909
32 1 224910
77 0 225031
16 1 225057
77 1 225082
65 0 225151
65 1 225246
32 0 225292
32 1 225344
84 0 225359
82 0 225398
84 1 225430
82 1 225490
69 0 225574
69 1 225623
67 0 225688
69 0 225766
67 1 225784
69 1 225838
8 0 226153
8 1 226209
8 0 226281
8 1 226349
90 0 226361
90 1 226450
69 0 226547
69 1 226606
83 0 226676
67 0 226763
83 1 226803
32 0 226847
67 1 226864
32 1 226912
85 0 226977
85 1 227051
78 0 227143
68 0 227175
78 1 227199
69 0 227220
68 1 227279
69 1 227315
86 0 227419
65 0 227491
86 1 227500
65 1 227559
32 0 227594
32 1 227650
80 0 227755
80 1 227802
8 0 228120
8 1 228173
80 0 228367
80 1 228435
69 0 228474
69 1 228541
32 0 228574
32 1 228618
76 0 228701
76 1 228776
65 0 228783
65 1 228833
32 0 228873
32 1 228960
79 0 229172
79 1 229231
82 0 229266
65 0 229314
82 1 229342
32 0 229379
65 1 229416
32 1 229439
56 0 229554
56 1 229609
188 0 229876
188 1 229935
32 0 230036
32 1 230098
83 0 231737
83 1 231855
73 0 231889
73 1 231956
32 0 232056
32 1 232143
73 0 233694
73 1 233724
78 0 234074
78 1 234127
32 0 234224
32 1 234314
50 0 234405
50 1 234477
189 0 234495
189 1 234562
51 0 234608
51 1 234668
32 0 234702
32 1 234770
80 0 235213
65 0 235272
80 1 235274
83 0 235343
65 1 235387
73 0 235423
83 1 235433
73 1 235483
32 0 235504
32 1 235573
83 0 235630
83 1 235714
85 0 235754
85 1 235806
78 0 235919
78 1 235983
84 0 236192
84 1 236280
32 0 236304
32 1 236377
71 0 236418
65 0 236490
71 1 236520
65 1 236630
84 0 237167
65 0 237246
84 1 237272
65 1 237326
32 0 237352
32 1 237432
83 0 237481
65 0 237560
83 1 237600
32 0 237612
65 1 237660
32 1 237680
73 0 237754
69 0 237808
73 1 237819
69 1 237881
83 0 237956
32 0 238016
83 1 238057
32 1 238075
80 0 238172
69 0 238230
80 1 238233
69 1 238295
32 0 238298
32 1 238367
85 0 238443
85 1 238509
83 0 238523
65 0 238592
83 1 238621
65 1 238683
190 0 238744
190 1 238800
16 0 238876
32 0 238886
32 1 238938
90 0 239042
16 1 239051
90 1 239162
73 0 239190
73 1 239254
67 0 239321
67 1 239405
32 0 239444
32 1 239523
65 0 239604
65 1 239663
83 0 239973
83 1 240072
84 0 240085
65 0 240166
84 1 240194
65 1 240239
32 0 240255
32 1 240315
80 0 240397
69 0 240423
80 1 240451
69 1 240496
78 0 240573
84 0 240620
78 1 240631
82 0 240666
84 1 240701
85 0 240749
82 1 240752
85 1 240793
32 0 240824
32 1 240863
67 0 240924
65 0 240956
67 1 240986
32 0 241040
65 1 241057
32 1 241096
79 0 241172
32 0 241239
79 1 241256
32 1 241315
73 0 242034
73 1 242101
32 0 242143
32 1 242208
8 0 242865
8 1 242929
8 0 243001
8 1 243073
90 0 243423
90 1 243514
73 0 243544
73 1 243608
32 0 243637
32 1 243705
73 0 244378
68 0 244430
73 1 244439
69 0 244498
65 0 244554
68 1 244555
69 1 244610
65 1 244686
76 0 245159
76 1 245237
65 0 245466
65 1 245543
32 0 245577
32 1 245619
73 0 245700
73 1 245774
78 0 245872
78 1 245960
83 0 246021
83 1 246068
69 0 246147
65 0 246211
69 1 246250
77 0 246307
65 1 246329
77 1 246359
78 0 246443
78 1 246507
65 0 246519
65 1 246625
32 0 246659
32 1 246738
8 0 247337
8 1 247397
8 0 247462
8 1 247530
8 0 247602
8 1 247668
8 0 247742
8 1 247803
8 0 247873
8 1 247933
8 0 248005
8 1 248061
8 0 248134
8 1 248195
8 0 248266
8 1 248327
8 0 248402
8 1 248479
80 0 249035
80 1 249119
69 0 249122
69 1 249187
78 0 249253
84 0 249300
78 1 249304
82 0 249360
84 1 249396
85 0 249435
82 1 249457
85 1 249486
32 0 249498
32 1 249563
77 0 249671
77 1 249731
73 0 249820
73 1 249880
78 0 249970
69 0 250038
78 1 250039
69 1 250102
32 0 250155
32 1 250207
83 0 250229
65 0 250291
83 1 250322
32 0 250379
65 1 250403
32 1 250443
8 0 250663
8 1 250730
8 0 250792
8 1 250868
8 0 250938
8 1 250998
73 0 251149
73 1 251201
78 0 251302
78 1 251353
83 0 251369
83 1 251441
69 0 251516
65 0 251592
69 1 251640
77 0 251676
65 1 251715
77 1 251718
78 0 251804
78 1 251876
65 0 251889
65 1 251973
32 0 251994
32 1 252074
83 0 252110
65 0 252129
83 1 252177
32 0 252222
65 1 252244
32 1 252294
79 0 253728
79 1 253794
32 0 254104
32 1 254200
73 0 254328
73 1 254410
65 0 254427
85 0 254516
65 1 254517
85 1 254578
32 0 254592
32 1 254662
68 0 254707
73 0 254811
68 1 254826
73 1 254871
78 0 254956
78 1 255035
32 0 255036
32 1 255108
76 0 255227
76 1 255287
79 0 255373
79 1 255436
67 0 255448
67 1 255548
190 0 256017
190 1 256068
32 0 256175
32 1 256243
16 0 256419
77 0 256550
77 1 256619
16 1 256672
73 0 256718
73 1 256790
8 0 257362
8 1 257437
8 0 257516
8 1 257608
16 0 257665
69 0 258046
16 1 258152
69 1 258153
32 0 258155
32 1 258240
67 0 258284
67 1 258366
76 0 258392
65 0 258436
76 1 258463
82 0 258516
65 1 258552
32 0 258598
82 1 258605
32 1 258688
90 0 258810
90 1 258883
73 0 258897
73 1 258970
85 0 259033
85 1 259096
65 0 259126
65 1 259200
8 0 259354
8 1 259425
8 0 259489
8 1 259552
8 0 259616
8 1 259691
8 0 259748
8 1 259839
67 0 259859
65 0 259919
67 1 259953
65 1 260010
32 0 260023
32 1 260094
90 0 260173
73 0 260237
90 1 260257
73 1 260281
85 0 260368
85 1 260411
65 0 260807
65 1 260878
32 0 260902
32 1 260993
73 0 261128
73 1 261186
68 0 261214
69 0 261274
68 1 261346
65 0 261358
69 1 261406
65 1 261473
76 0 261517
76 1 261576
65 0 261626
65 1 261701
32 0 261726
32 1 261802
69 0 261891
69 1 261971
32 0 261984
32 1 262073
67 0 262080
69 0 262151
67 1 262201
65 0 262241
69 1 262267
65 1 262321
32 0 262342
32 1 262423
68 0 262444
73 0 262528
68 1 262545
73 1 262580
78 0 262670
78 1 262737
32 0 262740
32 1 262797
67 0 262840
67 1 262910
79 0 262911
79 1 262964
78 0 263062
67 0 263106
78 1 263138
69 0 263178
67 1 263250
69 1 263297
84 0 263941
84 1 264033
8 0 264301
8 1 264361
68 0 264382
73 0 264481
68 1 264488
73 1 264549
85 0 264627
85 1 264687
190 0 264815
190 1 264898
16 0 264904
32 0 264911
68 0 264948
16 1 265027
32 1 265031
68 1 265071
69 0 265113
69 1 265200
67 0 265202
73 0 265300
67 1 265303
73 1 265364
32 0 265367
32 1 265437
78 0 265535
78 1 265627
69 0 265851
69 1 265922
32 0 265936
32 1 266017
73 0 266103
73 1 266173
77 0 266248
77 1 266316
65 0 266568
65 1 266623
71 0 266834
71 1 266904
73 0 266949
73 1 267004
78 0 267086
65 0 267156
78 1 267175
65 1 267220
77 0 267359
77 1 267423
32 0 267495
32 1 267551
67 0 267570
65 0 267642
67 1 267656
65 1 267741
32 0 267748
32 1 267825
83 0 267838
83 1 267933
85 0 267947
85 1 268007
78 0 268093
84 0 268167
78 1 268183
84 1 268265
32 0 268894
32 1 268965
85 0 269046
85 1 269101
78 0 269191
68 0 269267
78 1 269285
69 0 269307
68 1 269346
69 1 269411
86 0 269453
86 1 269516
65 0 269544
65 1 269637
188 0 269716
188 1 269764
32 0 270787
32 1 270851
73 0 271174
73 1 271230
78 0 271325
84 0 271387
78 1 271393
82 0 271440
84 1 271471
82 1 271527
189 0 271557
189 1 271621
85 0 271867
85 1 271919
8 0 272229
8 1 272294
79 0 272422
79 1 272475
32 0 272577
32 1 272657
84 0 272773
65 0 272869
84 1 272883
65 1 272977
82 0 272991
65 0 273087
82 1 273110
65 1 273166
32 0 273168
32 1 273255
83 0 273289
83 1 273393
84 0 273471
82 0 273515
84 1 273558
82 1 273596
65 0 273697
65 1 273788
73 0 274176
73 1 274236
78 0 274325
65 0 274404
78 1 274405
65 1 274501
188 0 274537
188 1 274584
32 0 274657
32 1 274745
80 0 277855
80 1 277913
82 0 277928
69 0 277980
82 1 278008
69 1 278045
71 0 278119
71 1 278158
65 0 278199
65 1 278258
84 0 278302
84 1 278382
73 0 278399
73 1 278450
84 0 278481
84 1 278553
32 0 278576
32 1 278639
83 0 278876
65 0 278927
83 1 278963
32 0 278999
65 1 279030
32 1 279077
69 0 279490
69 1 279569
88 0 279655
88 1 279763
80 0 279824
80 1 279903
76 0 280000
76 1 280079
79 0 280138
79 1 280209
82 0 280222
69 0 280243
82 1 280281
69 1 280366
90 0 280548
190 0 280672
90 1 280681
190 1 280724
32 0 280837
32 1 280940
16 0 280943
70 0 281032
16 1 281088
70 1 281133
73 0 281148
73 1 281212
69 0 281273
69 1 281359
32 0 281371
32 1 281430
76 0 281555
76 1 281622
65 0 281641
32 0 281733
65 1 281735
32 1 281802
80 0 281912
80 1 281968
65 0 281980
83 0 282047
65 1 282071
83 1 282153
188 0 282227
188 1 282292
32 0 282396
70 0 282442
32 1 282472
70 1 282515
73 0 282581
73 1 282629
69 0 282708
69 1 282771
32 0 283125
32 1 283216
70 0 283417
70 1 283513
79 0 283514
79 1 283566
76 0 283652
76 1 283720
79 0 283794
83 0 283862
79 1 283867
83 1 283929
73 0 283963
73 1 284025
84 0 284049
84 1 284122
8 0 284467
8 1 284529
78 0 284630
78 1 284689
68 0 284716
68 1 284788
32 0 284808
32 1 284889
84 0 284900
82 0 284941
84 1 284975
82 1 285000
65 0 285081
65 1 285193
78 0 285244
78 1 285292
83 0 285332
83 1 285412
80 0 285460
79 0 285500
80 1 285522
79 1 285580
82 0 285615
82 1 285685
85 0 285781
85 1 285846
8 0 286066
8 1 286123
84 0 286180
84 1 286247
85 0 286250
85 1 286295
76 0 286386
32 0 286445
76 1 286472
32 1 286521
85 0 286634
85 1 286681
8 0 286908
8 1 286979
73 0 287050
73 1 287123
78 0 287206
78 1 287277
32 0 287312
32 1 287380
67 0 287430
67 1 287513
79 0 287537
79 1 287596
77 0 287692
77 1 287747
85 0 287817
85 1 287890
32 0 287992
32 1 288042
8 0 288484
8 1 288552
77 0 288717
78 0 288720
77 1 288739
78 1 288783
32 0 288838
32 1 288929
83 0 288991
83 1 289103
73 0 289106
73 1 289159
8 0 289394
8 1 289458
8 0 289534
8 1 289586
8 0 289652
8 1 289729
8 0 289789
8 1 289861
8 0 289914
8 1 290010
78 0 290117
78 1 290187
32 0 290250
32 1 290316
70 0 290485
70 1 290559
73 0 290561
73 1 290612
69 0 290660
69 1 290744
32 0 290746
32 1 290796
82 0 290867
69 0 290918
82 1 290974
69 1 291048
18 0 291229
18 1 291270
90 0 291597
90 1 291679
69 0 291817
82 0 291881
69 1 291929
82 1 291989
86 0 292078
86 1 292145
65 0 292157
65 1 292232
78 0 292347
78 1 292399
68 0 292428
68 1 292530
32 0 292563
32 1 292636
79 0 292729
79 1 292804
32 0 292806
32 1 292876
78 0 293375
66 0 293395
78 1 293417
66 1 293426
65 0 293445
65 1 293557
8 0 293852
8 1 293904
8 0 293973
8 1 294026
8 0 294086
8 1 294178
66 0 294335
65 0 294379
66 1 294396
82 0 294439
65 1 294482
82 1 294527
67 0 294645
65 0 294713
67 1 294743
65 1 294817
188 0 294840
188 1 294904
32 0 295034
32 1 295126
8 0 295284
8 1 295356
8 0 295436
8 1 295503
32 0 295551
32 1 295637
80 0 296388
80 1 296446
69 0 296497
69 1 296565
78 0 296582
78 1 296639
84 0 296667
82 0 296707
84 1 296748
85 0 296767
82 1 296832
85 1 296832
32 0 296848
32 1 296896
65 0 297089
65 1 297181
32 0 297222
32 1 297290
69 0 297429
69 1 297509
88 0 297586
80 0 297697
88 1 297702
80 1 297758
76 0 297850
76 1 297915
79 0 297989
79 1 298050
82 0 298066
65 0 298089
82 1 298126
65 1 298154
32 0 298216
32 1 298292
73 0 298355
73 1 298409
78 0 298491
83 0 298547
78 1 298566
83 1 298648
85 0 298855
85 1 298898
76 0 299001
76 1 299069
69 0 299100
69 1 299155
188 0 299163
188 1 299236
32 0 299292
32 1 299340
83 0 300889
65 0 300935
83 1 300992
85 0 301023
65 1 301070
32 0 301073
85 1 301078
32 1 301153
79 0 301980
79 1 302045
32 0 302071
32 1 302123
77 0 302215
65 0 302263
77 1 302280
83 0 302343
65 1 302374
73 0 302437
83 1 302448
73 1 302486
78 0 302579
78 1 302653
65 0 302663
65 1 302723
32 0 302735
32 1 302807
80 0 302905
69 0 302925
80 1 302951
69 1 302992
78 0 303072
78 1 303128
84 0 303145
82 0 303179
84 1 303205
82 1 303257
85 0 303259
85 1 303305
32 0 303335
32 1 303379
70 0 303670
65 0 303746
70 1 303774
65 1 303838
82 0 303938
65 0 303998
82 1 304037
65 1 304121
8 0 304271
8 1 304324
8 0 304391
8 1 304446
8 0 304509
8 1 304579
8 0 304631
83 0 304710
8 1 304711
65 0 304767
83 1 304797
65 1 304858
70 0 304877
65 0 304952
70 1 304980
65 1 305041
82 0 305093
82 1 305180
73 0 305221
73 1 305274
190 0 305416
190 1 305484
32 0 305579
32 1 305665
16 0 305993
80 0 306719
80 1 306769
16 1 306777
82 0 306895
65 0 306939
82 1 306982
65 1 307039
78 0 307103
78 1 307166
90 0 307178
73 0 307295
90 1 307296
73 1 307367
77 0 307481
77 1 307564
32 0 307694
32 1 307761
83 0 307866
73 0 307950
83 1 308003
73 1 308006
32 0 308007
32 1 308068
67 0 308213
67 1 308304
73 0 308316
73 1 308375
78 0 308466
78 1 308529
65 0 308533
65 1 308607
77 0 308643
77 1 308707
32 0 308772
32 1 308853
76 0 308974
76 1 309027
79 0 309107
79 1 309182
67 0 309193
65 0 309215
67 1 309250
65 1 309330
76 0 309389
76 1 309414
190 0 312796
190 1 312858
32 0 312985
32 1 313074
16 0 314097
79 0 314225
16 1 314273
79 1 314298
82 0 314376
82 1 314455
73 0 314469
73 1 314520
67 0 314572
69 0 314652
67 1 314670
32 0 314712
69 1 314723
32 1 314806
65 0 314863
65 1 314930
67 0 314990
67 1 315081
84 0 315174
84 1 315246
73 0 315282
86 0 315334
73 1 315350
86 1 315422
84 0 315583
84 1 315670
73 0 315833
73 1 315904
8 0 316144
8 1 316213
8 0 316270
8 1 316334
73 0 316441
84 0 316482
73 1 316491
84 1 316573
65 0 316594
65 1 316650
84 0 316723
69 0 316791
84 1 316821
69 1 316878
32 0 316878
32 1 316943
67 0 316991
65 0 317057
67 1 317085
65 1 317115
82 0 317193
69 0 317231
82 1 317281
32 0 317314
69 1 317346
32 1 317401
77 0 320304
77 1 320372
65 0 320378
65 1 320460
32 0 320493
32 1 320565
80 0 320615
80 1 320702
85 0 320815
85 1 320883
78 0 320975
78 1 321030
69 0 321048
69 1 321113
32 0 321121
32 1 321196
73 0 321229
73 1 321295
78 0 321371
32 0 321446
78 1 321455
32 1 321494
77 0 321572
77 1 321640
73 0 321710
73 1 321782
83 0 321784
83 1 321862
67 0 321884
65 0 321975
67 1 322007
65 1 322045
82 0 322134
69 0 322170
82 1 322217
188 0 322286
69 1 322291
188 1 322342
32 0 322451
32 1 322519
69 0 324345
69 1 324429
32 0 324530
32 1 324604
79 0 324669
32 0 324736
79 1 324750
32 1 324824
65 0 324854
65 1 324926
67 0 324947
67 1 325009
84 0 325110
84 1 325173
73 0 325208
73 1 325269
86 0 325271
86 1 325374
84 0 325486
84 1 325561
73 0 325575
73 1 325649
84 0 325729
65 0 325830
84 1 325835
65 1 325894
84 0 325973
69 0 326006
84 1 326050
69 1 326142
32 0 326247
32 1 326343
78 0 326461
78 1 326519
79 0 326599
85 0 326651
79 1 326656
85 1 326718
65 0 326762
65 1 326870
188 0 326893
188 1 326956
32 0 327047
32 1 327145
79 0 327778
79 1 327849
32 0 327867
32 1 327940
69 0 328086
69 1 328149
88 0 328245
88 1 328337
80 0 328360
80 1 328415
69 0 328427
82 0 328500
69 1 328522
82 1 328584
73 0 328621
73 1 328699
65 0 328768
65 1 328834
8 0 329071
8 1 329141
69 0 329154
69 1 329209
78 0 329267
78 1 329318
84 0 329319
65 0 329399
84 1 329409
65 1 329470
32 0 329477
32 1 329567
78 0 329689
78 1 329756
79 0 329813
85 0 329892
79 1 329898
85 1 329968
65 0 329996
65 1 330092
32 0 330148
32 1 330217
69 0 330468
69 1 330543
83 0 330644
83 1 330692
84 0 330770
69 0 330793
84 1 330838
69 1 330859
32 0 330879
32 1 330970
66 0 330983
66 1 331062
73 0 331071
73 1 331136
78 0 331212
78 1 331275
69 0 331290
69 1 331350
189 0 331404
189 1 331468
86 0 331491
69 0 331578
86 1 331613
69 1 331654
78 0 331666
78 1 331718
73 0 331792
73 1 331856
84 0 331859
65 0 331952
84 1 331955
65 1 332020
190 0 332088
190 1 332142
16 0 338121
16 1 338321
16 0 341977
69 0 342093
16 1 342152
69 1 342198
68 0 342283
68 1 342390
85 0 342402
85 1 342466
67 0 342473
65 0 342538
67 1 342561
65 1 342601
84 0 342690
84 1 342762
73 0 342769
73 1 342817
65 0 342852
65 1 342924
32 0 342943
32 1 343003
73 0 343059
73 1 343128
78 0 343205
78 1 343272
32 0 343272
32 1 343333
16 0 343403
82 0 343475
16 1 343527
82 1 343559
79 0 343566
79 1 343635
77 0 343890
77 1 343950
65 0 344052
65 1 344153
78 0 344207
78 1 344263
73 0 344368
73 1 344441
65 0 344448
65 1 344549
190 0 345994
190 1 346043
190 0 346163
190 1 346247
8 0 346780
8 1 346998
91 0 347135
65 0 347164
91 1 347239
65 1 347266
16 0 347362
83 0 347461
16 1 347513
83 1 347577
73 0 347613
83 0 347657
73 1 347675
83 1 347749
84 0 347808
69 0 347861
84 1 347900
77 0 347961
69 1 347964
77 1 348037
85 0 348119
85 1 348166
76 0 348260
32 0 348324
76 1 348347
32 1 348412
69 0 348430
69 1 348528
68 0 348531
68 1 348614
85 0 348681
85 1 348742
67 0 348765
65 0 348843
67 1 348878
65 1 348911
84 0 349007
73 0 349095
84 1 349096
73 1 349150
79 0 349224
79 1 349303
78 0 349396
78 1 349464
65 0 349489
65 1 349577
32 0 349578
32 1 349638
8 0 349837
8 1 349900
76 0 350018
76 1 350080
32 0 350218
32 1 350273
65 0 352133
65 1 352183
82 0 352243
69 0 352305
82 1 352334
32 0 352335
32 1 352383
69 1 352391
78 0 352463
78 1 352537
69 0 352540
69 1 352597
86 0 352606
79 0 352678
86 1 352687
79 1 352740
73 0 352805
69 0 352872
73 1 352873
69 1 352939
32 0 353002
32 1 353074
68 0 353086
69 0 353137
68 1 353159
69 1 353239
190 0 353374
190 1 353429
190 0 353518
32 0 353599
190 1 353612
32 1 353667
73 0 353779
73 1 353831
77 0 353933
77 1 354000
66 0 354031
66 1 354108
85 0 354152
85 1 354215
78 0 354332
78 1 354397
65 0 354474
65 1 354546
8 0 354892
8 1 354939
65 0 355618
65 1 355672
84 0 355790
65 0 355871
87 0 355873
84 1 355880
87 1 355896
65 1 355921
82 0 356154
82 1 356241
8 0 356476
8 1 356531
8 0 356608
8 1 356678
82 0 357192
82 1 357251
73 0 357288
73 1 357339
84 0 357352
84 1 357419
73 0 357432
73 1 357499
8 0 357885
8 1 357944
8 0 358006
8 1 358099
16 0 358657
49 0 358741
49 1 358808
16 1 359100
8 0 359275
8 1 359354
8 0 359430
8 1 359529
8 0 359722
8 1 359822
84 0 360298
84 1 360345
73 0 360691
73 1 360753
82 0 360763
82 1 360845
73 0 360884
73 1 360967
190 0 361266
190 1 361329
32 0 361411
32 1 361482
16 0 361484
68 0 361495
16 1 361597
68 1 361629
73 0 361631
73 1 361678
78 0 361770
32 0 361838
78 1 361843
32 1 361902
84 0 361972
84 1 362035
79 0 362046
79 1 362107
65 0 362123
65 1 362185
84 0 362222
69 0 362279
84 1 362317
32 0 362346
69 1 362372
32 1 362418
80 0 362531
65 0 362571
80 1 362601
82 0 362602
65 1 362631
82 1 362699
84 0 362753
73 0 362813
84 1 362818
73 1 362901
76 0 363004
76 1 363091
69 0 363094
69 1 363155
32 0 363193
32 1 363269
8 0 363444
8 1 363511
188 0 363606
32 0 363666
188 1 363679
68 0 363722
32 1 363724
65 0 363763
68 1 363784
65 1 363830
67 0 363881
65 0 363957
67 1 363982
65 1 364034
32 0 364035
32 1 364095
83 0 364107
83 1 364177
69 0 364252
69 1 364332
32 0 364353
32 1 364420
80 0 364491
79 0 364527
80 1 364553
65 0 364599
79 1 364600
65 1 364648
84 0 364697
69 0 364757
84 1 364805
69 1 364849
190 0 364871
190 1 364929
32 0 365055
32 1 365117
16 0 365200
69 0 365388
69 1 365475
16 1 365491
83 0 365791
83 1 365851
84 0 365939
69 0 365979
84 1 366013
32 0 366035
69 1 366059
32 1 366123
66 0 366148
73 0 366217
66 1 366223
73 1 366285
78 0 366363
69 0 366410
78 1 366429
69 1 366462
32 0 366516
67 0 366583
32 1 366597
65 0 366643
67 1 366682
65 1 366743
32 0 366765
32 1 366845
84 0 367057
79 0 367122
84 1 367138
79 1 367186
84 0 367223
84 1 367307
85 0 367310
85 1 367376
83 0 367402
73 0 367490
83 1 367500
32 0 367555
73 1 367556
32 1 367618
85 0 367702
85 1 367757
8 0 368044
8 1 368121
83 0 368139
83 1 368215
85 0 368230
85 1 368290
78 0 368368
84 0 368423
69 0 368445
78 1 368446
84 1 368496
77 0 368551
69 1 368560
77 1 368626
32 0 368660
32 1 368730
73 0 368762
73 1 368838
78 0 368912
78 1 368996
32 0 368997
32 1 369046
50 0 369096
50 1 369152
48 0 369181
50 0 369247
48 1 369253
50 1 369311
48 0 369327
48 1 369394
32 0 369452
32 1 369516
83 0 369599
73 0 369662
83 1 369664
73 1 369722
32 0 369773
32 1 369852
67 0 369864
65 0 369933
67 1 369947
65 1 370000
32 0 370024
32 1 370080
77 0 370626
77 1 370700
69 0 370712
69 1 370760
84 0 371160
84 1 371246
79 0 371269
79 1 371329
68 0 371437
69 0 371485
68 1 371521
69 1 371595
32 0 371718
32 1 371824
65 0 371840
65 1 371915
76 0 372010
76 1 372072
84 0 372074
84 1 372161
69 0 372212
82 0 372291
69 1 372334
82 1 372391
78 0 372414
78 1 372470
65 0 372503
65 1 372575
84 0 372602
84 1 372706
73 0 372749
73 1 372799
86 0 372842
69 0 372975
86 1 372979
69 1 373026
32 0 373115
32 1 373167
67 0 373246
65 0 373310
67 1 373369
65 1 373402
82 0 373488
69 0 373556
82 1 373582
69 1 373623
32 0 373636
32 1 373714
86 0 373745
73 0 373848
86 1 373849
73 1 373913
78 0 374002
78 1 374070
32 0 374091
32 1 374174
73 0 374779
73 1 374834
78 0 374938
78 1 375006
32 0 375068
32 1 375139
67 0 375215
79 0 375296
67 1 375306
79 1 375345
77 0 375438
77 1 375494
80 0 375595
80 1 375642
76 0 375718
69 0 375754
76 1 375785
69 1 375819
84 0 375858
84 1 375938
65 0 375972
65 1 376032
82 0 376071
69 0 376147
82 1 376177
69 1 376239
32 0 376257
32 1 376300
83 0 376340
85 0 376456
83 1 376458
85 1 376502
78 0 376590
84 0 376649
78 1 376669
84 1 376734
32 0 376761
32 1 376826
78 0 376910
69 0 376970
78 1 376975
69 1 377034
78 0 377323
78 1 377375
85 0 377452
85 1 377512
77 0 377602
65 0 377670
77 1 377686
65 1 377745
82 0 377753
82 1 377864
65 0 378281
65 1 378329
84 0 378399
69 0 378463
84 1 378498
69 1 378560
16 0 378597
186 0 378641
16 1 378696
32 0 378729
186 1 378730
32 1 378805
68 0 378842
69 0 378894
68 1 378920
32 0 378974
69 1 378987
32 1 379051
76 0 379131
76 1 379211
65 0 379233
32 0 379270
65 1 379317
32 1 379344
80 0 379413
80 1 379500
79 0 379617
82 0 379626
82 1 379654
79 1 379690
71 0 379850
71 1 379926
82 0 380031
65 0 380095
82 1 380138
65 1 380175
8 0 380318
8 1 380378
8 0 380442
8 1 380497
8 0 380567
8 1 380634
8 0 380702
8 1 380758
8 0 380817
8 1 380901
82 0 380942
82 1 380998
79 0 381015
79 1 381074
71 0 381095
71 1 381167
82 0 381237
65 0 381305
82 1 381323
65 1 381388
77 0 381389
77 1 381445
69 0 381541
69 1 381605
76 0 381631
76 1 381679
8 0 382052
8 1 382131
8 0 382205
8 0 382706
8 0 382789
8 0 382874
8 0 382957
8 0 383042
8 0 383126
8 0 383211
8 0 383294
8 0 383379
8 0 383463
8 0 383547
8 0 383631
8 0 383715
8 0 383799
8 1 383872
8 0 383991
8 1 384073
190 0 384243
190 1 384311
32 0 384375
16 0 384419
32 1 384447
68 0 384449
16 1 384475
68 1 384539
69 0 384617
69 1 384685
32 0 384700
32 1 384761
76 0 384816
76 1 384888
65 0 384906
65 1 384970
32 0 384979
32 1 385022
80 0 385088
82 0 385156
80 1 385162
82 1 385220
79 0 385254
79 1 385318
71 0 385336
71 1 385392
82 0 385941
65 0 386029
82 1 386049
77 0 386124
65 1 386130
77 1 386180
69 0 386325
69 1 386400
32 0 386495
32 1 386567
68 0 390058
69 0 390117
68 1 390139
32 0 390181
69 1 390190
32 1 390253
69 0 390279
68 0 390351
69 1 390375
68 1 390467
85 0 390523
67 0 390579
85 1 390591
65 0 390651
67 1 390681
65 1 390719
84 0 390816
73 0 390898
84 1 390905
73 1 390958
69 0 391063
69 1 391132
32 0 391159
32 1 391229
78 0 391310
78 1 391374
79 0 391427
79 1 391507
78 0 391531
78 1 391613
189 0 391770
189 1 391827
70 0 391849
70 1 391932
79 0 391968
79 1 392028
82 0 392034
82 1 392100
77 0 392162
65 0 392222
77 1 392224
65 1 392303
76 0 392353
76 1 392405
65 0 392435
65 1 392515
32 0 392750
32 1 392810
80 0 392910
80 1 392954
65 0 392978
65 1 393041
78 0 393066
78 1 393137
65 0 393159
65 1 393220
32 0 393249
32 1 393317
76 0 393408
76 1 393469
65 0 393477
65 1 393517
32 0 393584
32 1 393632
84 0 394484
84 1 394568
79 0 394585
79 1 394649
65 0 394651
65 1 394709
82 0 394743
69 0 394823
82 1 394848
69 1 394911
32 0 394916
32 1 395001
8 0 395309
8 1 395373
8 0 395445
8 1 395506
8 0 395573
8 1 395601
84 0 395747
69 0 395790
84 1 395825
69 1 395906
32 0 396663
32 1 396727
82 0 396748
69 0 396792
82 1 396839
69 1 396871
83 0 396970
83 1 397061
85 0 397351
85 1 397427
82 0 397465
82 1 397546
83 0 397632
83 1 397699
69 0 397781
69 1 397853
76 0 397907
76 1 397965
69 0 397976
69 1 398027
32 0 398070
68 0 398138
32 1 398139
73 0 398226
68 1 398234
73 1 398283
78 0 398363
78 1 398435
32 0 398442
32 1 398507
79 0 398573
79 1 398641
78 0 398727
78 1 398779
76 0 398880
76 1 398955
73 0 399043
73 1 399088
78 0 399177
69 0 399242
78 1 399244
69 1 399303
32 0 399364
32 1 399429
80 0 399498
80 1 399570
69 0 399584
69 1 399644
32 0 399697
32 1 399757
67 0 399812
65 0 399888
67 1 399932
65 1 399992
82 0 400049
69 0 400105
82 1 400137
32 0 400201
69 1 400208
32 1 400261
76 0 400326
69 0 400391
76 1 400401
69 1 400458
32 0 400510
32 1 400606
65 0 400621
65 1 400673
86 0 400737
86 1 400799
69 0 400812
69 1 400886
77 0 400888
77 1 400953
32 0 400988
32 1 401051
69 0 401100
80 0 401113
69 1 401152
80 1 401175
78 0 401287
84 0 401293
78 1 401353
82 0 401355
84 1 401372
82 1 401449
85 0 401462
85 1 401514
32 0 401529
32 1 401570
8 0 401749
8 1 401817
8 0 401885
8 1 401945
8 0 402016
8 1 402084
8 0 402151
8 1 402227
8 0 402289
8 1 402361
8 0 402429
8 1 402522
8 0 403767
8 1 403837
80 0 403942
80 1 404013
69 0 404025
69 1 404081
78 0 404137
84 0 404200
78 1 404207
82 0 404243
84 1 404285
85 0 404317
82 1 404332
85 1 404368
32 0 404387
32 1 404438
65 0 404504
65 1 404581
32 0 404595
32 1 404662
80 0 410325
80 1 410383
85 0 410475
85 1 410536
84 0 410543
69 0 410601
84 1 410624
65 0 410649
69 1 410676
32 0 410696
65 1 410730
32 1 410781
66 0 410926
66 1 410986
69 0 411001
69 1 411085
78 0 411426
78 1 411497
69 0 411525
69 1 411653
70 0 411819
70 1 411894
73 0 411925
73 1 412001
67 0 412039
67 1 412128
8 0 412350
8 1 412410
8 0 412475
8 1 412539
8 0 412605
8 1 412671
8 0 412733
8 1 412807
8 0 412874
8 1 412934
8 0 413007
8 1 413074
8 0 413618
8 1 413709
83 0 413906
65 0 413973
83 1 414009
32 0 414044
65 1 414064
32 1 414105
78 0 414191
69 0 414251
78 1 414253
69 1 414314
32 0 414332
32 1 414407
73 0 414531
73 1 414586
77 0 414665
66 0 414738
77 1 414743
66 1 414817
85 0 414966
85 1 415024
78 0 415118
78 1 415194
65 0 415217
65 1 415276
84 0 415354
65 0 415439
84 1 415463
65 1 415505
84 0 415576
84 1 415673
73 0 415739
73 1 415787
77 0 415952
77 1 416035
32 0 416117
32 1 416139
67 0 416280
85 0 416376
67 1 416381
85 1 416428
78 0 416519
78 1 416583
79 0 416659
83 0 416703
79 1 416729
83 1 416791
84 0 416836
73 0 416887
84 1 416914
73 1 416947
78 0 417082
78 1 417133
84 0 417439
69 0 417473
84 1 417489
69 1 417555
76 0 417575
76 1 417631
69 0 417666
190 0 417734
69 1 417752
190 1 417808
32 0 417892
32 1 417965
16 0 418097
67 0 421338
16 1 421429
67 1 421445
82 0 421550
69 0 421608
82 1 421645
69 1 421752
68 0 421862
68 1 421974
32 0 422127
67 0 422187
32 1 422192
65 0 422213
67 1 422266
65 1 422351
32 0 422364
32 1 422455
79 0 424215
79 1 424285
32 0 424353
32 1 424460
82 0 424982
69 0 425025
82 1 425057
69 1 425130
70 0 425165
70 1 425268
79 0 425280
79 1 425349
82 0 425362
82 1 425436
77 0 425461
65 0 425522
77 1 425543
65 1 425638
32 0 425645
32 1 425730
73 0 425785
73 1 425857
78 0 425936
78 1 426018
32 0 426019
32 1 426081
83 0 426230
83 1 426316
73 0 426328
73 1 426390
83 0 426411
83 1 426457
84 0 426537
69 0 426580
84 1 426609
69 1 426648
77 0 426659
77 1 426733
85 0 426816
85 1 426872
76 0 426961
32 0 426992
76 1 427030
32 1 427085
69 0 427115
68 0 427206
69 1 427207
68 1 427286
85 0 427323
85 1 427383
67 0 427399
65 0 427475
67 1 427493
65 1 427539
84 0 427646
84 1 427718
73 0 427733
73 1 427785
79 0 427874
79 1 427934
78 0 428028
78 1 428103
32 0 428165
32 1 428225
8 0 428414
8 1 428477
65 0 428508
65 1 428571
76 0 428574
76 1 428652
32 0 428699
32 1 428771
65 0 428819
65 1 428895
82 0 429065
82 1 429150
32 0 429195
32 1 429271
70 0 429307
73 0 429378
70 1 429393
73 1 429442
32 0 429443
32 1 429510
66 0 429777
66 1 429852
73 0 429858
73 1 429926
78 0 430023
69 0 430058
78 1 430065
69 1 430116
48 0 430191
189 0 430217
48 1 430224
189 1 430259
86 0 430273
69 0 430353
86 1 430380
69 1 430436
8 0 430810
8 1 430878
8 0 430946
8 1 431002
8 0 431066
8 1 431143
8 0 431196
8 1 431279
8 0 431337
8 1 431367
189 0 431385
189 1 431466
8 0 431914
8 1 431994
69 0 432028
69 1 432092
189 0 432138
189 1 432205
86 0 432277
69 0 432345
86 1 432376
69 1 432420
78 0 432420
78 1 432473
73 0 432550
73 1 432609
84 0 432632
84 1 432689
65 0 432886
65 1 432942
190 0 433059
190 1 433119
32 0 433198
16 0 433254
32 1 433268
68 0 433291
16 1 433366
68 1 433418
65 0 433431
82 0 433527
65 1 433557
32 0 433575
82 1 433607
32 1 433650
65 0 433688
82 0 433800
65 1 433813
82 1 433879
32 0 433901
32 1 433984
84 0 434008
82 0 434036
84 1 434058
82 1 434107
69 0 434168
69 1 434238
66 0 434320
85 0 434386
66 1 434389
85 1 434431
73 0 434497
73 1 434560
32 0 434586
32 1 434707
83 0 434739
65 0 434786
83 1 434834
65 1 434878
32 0 434901
70 0 434985
32 1 434990
70 1 435044
73 0 435107
69 0 435158
73 1 435164
69 1 435239
32 0 435256
32 1 435338
68 0 435363
68 1 435453
79 0 435469
79 1 435536
82 0 435577
82 1 435656
73 0 435662
73 1 435720
78 0 435813
78 1 435864
84 0 435882
84 1 435922
8 0 436062
8 1 436134
8 0 436195
8 1 436263
84 0 436301
65 0 436365
84 1 436374
65 1 436433
32 0 436464
32 1 436544
65 0 436579
65 1 436646
84 0 436685
65 0 436805
84 1 436806
84 0 436922
65 1 436938
32 0 437010
84 1 437023
32 1 437114
68 0 437200
73 0 437275
73 1 437339
68 1 437342
78 0 437417
32 0 437497
78 1 437503
32 1 437580
73 0 437641
73 1 437722
78 0 437797
84 0 437854
78 1 437884
69 0 437909
84 1 437923
82 0 438013
69 1 438049
82 1 438133
73 0 438577
73 1 438632
79 0 438714
79 1 438786
82 0 438803
82 1 438879
188 0 438944
188 1 439016
32 0 439073
32 1 439173
84 0 439976
84 1 440057
79 0 440065
79 1 440131
80 0 440208
80 1 440288
189 0 440397
189 1 440473
68 0 440499
68 1 440591
79 0 440635
79 1 440707
87 0 440730
87 1 440810
78 0 440846
78 1 440913
188 0 441031
32 0 441111
188 1 441114
32 1 441178
66 0 441211
66 1 441291
85 0 441299
85 1 441359
84 0 441399
84 1 441466
84 0 441547
84 1 441634
79 0 441678
79 1 441745
77 0 441839
77 1 441915
189 0 442038
189 1 442106
85 0 442269
85 1 442325
80 0 442428
80 1 442488
188 0 442650
188 1 442709
32 0 442833
32 1 442918
69 0 443295
69 1 443366
88 0 443454
88 1 443532
84 0 443664
84 1 443767
69 0 443896
82 0 443972
69 1 443995
82 1 444078
73 0 444214
73 1 444291
79 0 444387
79 1 444441
82 0 444469
82 1 444545
188 0 444681
188 1 444748
32 0 444774
69 0 444830
32 1 444865
84 0 444942
69 1 444975
84 1 445018
67 0 445142
67 1 445234
190 0 445267
190 1 445334
32 0 445430
32 1 445522
16 0 446178
67 0 446247
16 1 446322
67 1 446356
82 0 446458
69 0 446489
82 1 446536
69 1 446657
68 0 446664
68 1 446737
32 0 446861
67 0 446980
32 1 446981
67 1 447059
65 0 447066
32 0 447118
65 1 447125
32 1 447221
69 0 447266
69 1 447325
32 0 447342
32 1 447446
78 0 447564
78 1 447628
69 0 447662
69 1 447750
86 0 447830
86 1 447933
79 0 447987
79 1 448056
73 0 448131
73 1 448207
69 0 448231
32 0 448279
69 1 448283
32 1 448374
68 0 448398
69 0 448434
68 1 448479
32 0 448510
69 1 448521
32 1 448558
77 0 448668
77 1 448740
85 0 448831
85 1 448900
76 0 449030
76 1 449085
84 0 449086
84 1 449169
69 0 450695
69 1 450754
32 0 450784
32 1 450845
80 0 450932
65 0 450987
80 1 451000
82 0 451053
65 1 451069
82 1 451164
71 0 451380
71 1 451474
72 0 451488
72 1 451556
73 0 451647
73 1 451728
73 0 451795
73 1 451868
32 0 451985
32 1 452069
80 0 452332
80 1 452400
69 0 452408
69 1 452475
78 0 452535
78 1 452562
84 0 452586
82 0 452638
84 1 452660
85 0 452702
82 1 452723
85 1 452750
32 0 452773
32 1 452828
65 0 453015
65 1 453099
32 0 453156
32 1 453203
80 0 453482
80 1 453538
85 0 453639
85 1 453697
78 0 453785
69 0 453852
78 1 453855
69 1 453924
32 0 453946
32 1 454001
76 0 454093
76 1 454156
85 0 454245
67 0 454290
85 1 454320
67 1 454355
82 0 454458
82 1 454515
85 0 454530
85 1 454574
82 0 454620
73 0 454680
82 1 454682
73 1 454744
76 0 454821
76 1 454886
69 0 454887
69 1 454945
32 0 454982
32 1 455042
73 0 455088
73 1 455136
78 0 455205
32 0 455269
78 1 455272
32 1 455332
77 0 455412
77 1 455487
73 0 455566
83 0 455621
73 1 455634
83 1 455676
67 0 455718
65 0 455798
67 1 455834
65 1 455883
82 0 455948
69 0 456005
82 1 456036
69 1 456117
190 0 456240
190 1 456297
32 0 456370
32 1 456461
8 0 456782
8 1 456854
8 0 456921
8 1 456973
188 0 457061
32 0 457136
188 1 457138
32 1 457203
80 0 457284
80 1 457364
85 0 457478
85 1 457547
8 0 457908
8 1 457956
69 0 457992
69 1 458057
32 0 458089
32 1 458131
66 0 458168
85 0 458242
66 1 458242
85 1 458296
69 0 458474
69 1 458534
190 0 458582
190 1 458634
8 0 458838
8 1 458893
8 0 458965
8 1 459032
78 0 459167
78 1 459211
69 0 459263
69 1 459335
190 0 459353
190 1 459415
32 0 459480
32 1 459540
16 0 470199
80 0 470870
16 1 470917
80 1 470930
65 0 471016
65 1 471076
82 0 471122
69 0 471194
82 1 471225
32 0 471294
69 1 471312
32 1 471382
79 0 471593
73 0 471598
73 1 471628
79 1 471630
32 0 471673
32 1 471753
8 0 472192
8 1 472267
8 0 472361
8 1 472458
32 0 472540
32 1 472624
80 0 472698
80 1 472762
73 0 472816
73 1 472912
67 0 473062
67 1 473138
84 0 473244
84 1 473340
85 0 473358
85 1 473413
82 0 473441
65 0 473509
82 1 473537
65 1 473614
32 0 473641
32 1 473728
67 0 477654
65 0 477734
67 1 477764
65 1 477801
82 0 477871
69 0 477939
82 1 477965
32 0 477968
69 1 478026
32 1 478047
73 0 478362
73 1 478421
76 0 478574
76 1 478657
85 0 478759
85 1 478842
67 0 478851
67 1 478939
83 0 479264
83 1 479320
8 0 479474
8 1 479537
8 0 479605
8 1 479664
83 0 479697
83 1 479753
84 0 479879
82 0 479909
84 1 479954
82 1 480031
69 0 480058
65 0 480114
69 1 480157
65 1 480234
90 0 480339
65 0 480400
90 1 480435
65 1 480503
32 0 480504
32 1 480579
79 0 480727
79 1 480784
32 0 480785
32 1 480895
65 0 481275
65 1 481372
78 0 481375
78 1 481433
85 0 481511
85 1 481563
77 0 481638
77 1 481718
73 0 481830
73 1 481886
84 0 481912
65 0 481985
84 1 482002
65 1 482076
32 0 482079
32 1 482127
80 0 482223
69 0 482279
80 1 482294
82 0 482354
69 1 482374
82 1 482441
73 0 482511
73 1 482570
79 0 482648
79 1 482728
68 0 482949
65 0 483005
68 1 483014
65 1 483096
8 0 483424
8 1 483493
8 0 483572
8 1 483647
65 0 483821
65 1 483929
68 0 483931
68 1 484009
65 0 484011
32 0 484096
65 1 484099
32 1 484172
68 0 484207
73 0 484284
68 1 484305
73 1 484350
78 0 484435
78 1 484510
32 0 484523
32 1 484614
73 0 484711
73 1 484775
78 0 484915
78 1 484978
83 0 485068
84 0 485171
83 1 485198
79 0 485251
84 1 485252
79 1 485316
82 0 485359
82 1 485450
8 0 485578
8 1 485646
8 0 485721
8 1 485786
8 0 485844
8 1 485920
8 0 485976
8 1 486036
8 0 486108
8 1 486193
83 0 486211
84 0 486307
83 1 486330
84 1 486426
79 0 486484
79 1 486553
82 0 486610
82 1 486697
73 0 486761
73 1 486783
69 0 486962
69 1 487053
190 0 487217
190 1 487276
32 0 487364
16 0 487425
32 1 487441
79 0 488066
32 0 488118
79 1 488136
16 1 488181
32 1 488193
80 0 488291
69 0 488360
80 1 488360
82 0 488422
69 1 488470
82 1 488543
8 0 489420
8 1 489491
8 0 489565
8 1 489629
8 0 489700
8 1 489760
8 0 489846
8 1 489901
8 0 489978
8 1 490053
16 0 493952
69 0 495907
69 1 495994
16 1 496048
83 0 496121
83 1 496205
84 0 496305
69 0 496344
84 1 496370
32 0 496460
69 1 496466
32 1 496536
79 0 496635
32 0 496662
79 1 496705
32 1 496827
80 0 498650
80 1 498710
73 0 498815
73 1 498886
67 0 498950
67 1 499060
84 0 499176
85 0 499241
84 1 499268
85 1 499301
82 0 499374
65 0 499434
82 1 499461
32 0 499537
65 1 499547
32 1 499614
68 0 500100
69 0 500171
68 1 500210
69 1 500280
84 0 500491
65 0 500570
84 1 500575
65 1 500646
76 0 500681
76 1 500769
73 0 500839
73 1 500915
65 0 500936
65 1 500992
76 0 501073
76 1 501139
65 0 501147
65 1 501215
32 0 501256
32 1 501332
65 0 501388
65 1 501487
32 0 501505
32 1 501603
86 0 501662
86 1 501734
82 0 501829
69 0 501889
82 1 501920
77 0 501989
69 1 501998
77 1 502053
85 0 502132
85 1 502205
82 0 502257
73 0 502304
82 1 502334
73 1 502368
76 0 502461
76 1 502529
79 0 502841
79 1 502900
82 0 502940
82 1 503012
32 0 503015
32 1 503085
73 0 503141
73 1 503201
78 0 503266
78 1 503342
32 0 503355
67 0 503417
32 1 503419
65 0 503461
67 1 503520
65 1 503565
82 0 503640
69 0 503671
82 1 503697
32 0 503748
69 1 503753
32 1 503787
83 0 503849
83 1 503909
69 0 503994
69 1 504058
32 0 504070
32 1 504097
8 0 505870
8 1 505928
8 0 506007
8 1 506064
8 0 506145
8 1 506213
8 0 506603
8 1 506655
8 0 506753
8 1 506830
8 0 506911
8 1 506971
8 0 507052
8 1 507116
8 0 507194
8 1 507254
8 0 507326
8 1 507389
8 0 507460
8 1 507535
78 0 508303
78 1 508360
32 0 508443
32 1 508509
67 0 508538
65 0 508594
67 1 508620
65 1 508662
82 0 508719
69 0 508765
82 1 508812
32 0 508838
69 1 508859
32 1 508897
65 0 508949
65 1 509055
32 0 509055
32 1 509131
70 0 509192
70 1 509283
79 0 509297
83 0 509341
79 1 509350
84 0 509464
83 1 509486
32 0 509532
84 1 509555
32 1 509604
70 0 509699
65 0 509774
70 1 509800
65 1 509854
67 0 509894
67 1 509962
85 0 510048
84 0 510100
85 1 510107
65 0 510226
84 1 510235
65 1 510305
188 0 512640
188 1 512707
32 0 512787
32 1 512869
83 0 513714
83 1 513806
85 0 513857
85 1 513928
66 0 513945
66 1 514052
76 0 514142
76 1 514210
73 0 514291
73 1 514370
78 0 515828
78 1 515899
73 0 515994
73 1 516057
73 0 516134
73 1 516185
78 0 516282
78 1 516357
68 0 516369
68 1 516461
32 0 516488
32 1 516548
65 0 516952
67 0 517022
65 1 517023
67 1 517107
84 0 517214
84 1 517294
73 0 517318
73 1 517388
86 0 517390
86 1 517483
73 0 517544
73 1 517617
84 0 517619
84 1 517736
65 0 517765
65 1 517818
84 0 517855
84 1 517946
73 0 517975
73 1 518021
76 0 518119
76 1 518191
69 0 518203
69 1 518259
32 0 518262
32 1 518327
80 0 518382
69 0 518440
80 1 518447
69 1 518504
32 0 518540
67 0 518592
32 1 518607
65 0 518660
67 1 518687
65 1 518720
82 0 518780
69 0 518851
82 1 518875
32 0 518881
69 1 518935
32 1 518942
76 0 519018
76 1 519089
69 0 519092
69 1 519149
32 0 519181
65 0 519269
32 1 519270
65 1 519329
86 0 519395
69 0 519475
86 1 519484
65 0 519560
69 1 519586
65 1 519642
77 0 519686
77 1 519737
8 0 519984
8 1 520062
85 0 520137
85 1 520186
32 0 520190
32 1 520262
79 0 520651
79 1 520711
65 0 520768
77 0 520825
65 1 520827
77 1 520880
69 0 520962
69 1 521014
78 0 521015
78 1 521075
73 0 521189
73 1 521249
73 0 521318
73 1 521393
32 0 521530
32 1 521650
73 0 521888
73 1 521947
78 0 522029
78 1 522099
32 0 522112
32 1 522157
77 0 522239
77 1 522295
79 0 522350
79 1 522385
77 0 522444
77 1 522467
78 0 522622
78 1 522687
69 0 522758
69 1 522838
84 0 522955
84 1 523051
85 0 523184
85 1 523221
8 0 523396
8 1 523480
8 0 523534
8 1 523597
8 0 523663
8 1 523736
8 0 523802
8 1 523858
69 0 523926
69 1 523990
78 0 524020
78 1 524093
84 0 524115
84 1 524199
85 0 524207
85 1 524259
76 0 524345
32 0 524421
76 1 524436
32 1 524493
82 0 524560
69 0 524604
82 1 524637
69 1 524696
83 0 524814
83 1 524878
80 0 524992
69 0 525053
80 1 525065
69 1 525128
67 0 525168
67 1 525247
84 0 525328
84 1 525404
73 0 525424
73 1 525473
86 0 525518
86 1 525574
188 0 525635
188 1 525701
32 0 525779
32 1 525846
70 0 525854
65 0 525906
70 1 525934
65 1 526014
80 0 526047
80 1 526113
84 0 526192
84 1 526276
85 0 526279
85 1 526328
76 0 526444
76 1 526507
32 0 526839
32 1 526910
67 0 526931
65 0 526982
67 1 527026
32 0 527066
65 1 527098
32 1 527137
69 0 527258
69 1 527330
88 0 527426
88 1 527505
73 0 527556
83 0 527594
73 1 527610
84 0 527724
83 1 527774
65 0 527803
84 1 527826
32 0 527913
65 1 527920
32 1 527999
68 0 528063
68 1 528099
73 0 528528
86 0 528583
73 1 528596
69 0 528662
86 1 528690
69 1 528750
8 0 528943
8 1 529007
8 0 529063
70 0 529131
8 1 529146
69 0 529179
70 1 529206
69 1 529291
82 0 529316
82 1 529376
73 0 529502
73 1 529566
84 0 529630
69 0 529673
84 1 529696
69 1 529764
32 0 529804
32 1 529888
67 0 529949
65 0 529989
67 1 530037
65 1 530081
84 0 530197
69 0 530225
84 1 530271
69 1 530339
71 0 530478
71 1 530581
79 0 530629
79 1 530696
82 0 530775
82 1 530842
73 0 530876
73 1 530941
73 0 531021
73 1 531100
32 0 531103
32 1 531196
68 0 531244
69 0 531299
68 1 531335
32 0 531391
69 1 531397
32 1 531427
79 0 531540
79 1 531616
65 0 531653
65 1 531718
77 0 531736
77 1 531795
69 0 531835
78 0 531900
69 1 531916
78 1 531973
73 0 532047
73 1 532121
188 0 532240
188 1 532316
32 0 532352
32 1 532416
68 0 532589
68 1 532677
73 0 532713
73 1 532779
70 0 532811
69 0 532876
70 1 532911
69 1 532969
8 0 533311
8 1 533377
8 0 533446
8 1 533504
8 0 533592
8 1 533647
8 0 533729
8 1 533790
8 0 533867
8 1 533925
8 0 534003
8 1 534056
190 0 534357
190 1 534385
32 0 534497
32 1 534557
16 0 539472
69 0 539644
69 1 539729
16 1 539740
32 0 539771
32 1 539846
73 0 539915
73 1 539990
78 0 540074
67 0 540117
78 1 540151
65 0 540181
67 1 540237
65 1 540277
68 0 540327
68 1 540445
82 0 540529
65 0 540621
82 1 540655
65 1 540756
84 0 541169
65 0 541221
84 1 541261
65 1 541313
32 0 541356
32 1 541436
73 0 541696
73 1 541758
78 0 541849
78 1 541933
84 0 541936
82 0 541981
84 1 542020
82 1 542085
8 0 544265
8 1 544347
8 0 544446
8 1 544493
32 0 544894
32 1 544973
78 0 545082
78 1 545147
73 0 545224
73 1 545292
83 0 545308
83 1 545368
84 0 545445
69 0 545495
84 1 545535
32 0 545589
69 1 545617
32 1 545707
67 0 545885
67 1 545988
85 0 545989
85 1 546061
80 0 546532
80 1 546595
79 0 546687
79 1 546763
76 0 546872
76 1 546939
69 0 546985
69 1 547029
32 0 547047
32 1 547109
67 0 547143
65 0 547209
67 1 547247
65 1 547291
82 0 547366
69 0 547407
82 1 547429
69 1 547490
32 0 547491
32 1 547571
80 0 547915
80 1 547995
65 0 548007
82 0 548111
65 1 548145
82 1 548203
32 0 548554
32 1 548657
83 0 549765
65 0 549832
83 1 549863
32 0 549885
65 1 549923
32 1 549992
70 0 550003
70 1 550088
73 0 550119
73 1 550187
69 0 550189
32 0 550287
69 1 550304
32 1 550395
79 0 554714
79 1 554761
32 0 554873
32 1 554971
80 0 555854
80 1 555929
73 0 556018
67 0 556098
73 1 556099
67 1 556158
84 0 556250
84 1 556326
85 0 556328
85 1 556378
82 0 556430
65 0 556486
82 1 556525
32 0 556566
65 1 556600
32 1 556626
80 0 557358
80 1 557421
69 0 557447
69 1 557506
32 0 557544
32 1 557620
67 0 557632
67 1 557715
76 0 557756
76 1 557833
65 0 557836
82 0 557923
65 1 557955
82 1 558025
8 0 558281
8 1 558345
68 0 559122
68 1 559218
73 0 559295
73 1 559367
8 0 559684
8 1 559763
8 0 559827
8 1 559883
8 0 559951
8 1 560022
8 0 560087
8 1 560167
69 0 560461
69 1 560564
82 0 560567
69 0 560685
82 1 560694
69 1 560759
84 0 560802
69 0 560898
84 1 560901
69 1 560993
8 0 561230
8 1 561303
8 0 561383
8 1 561428
8 0 561489
8 1 561561
8 0 561618
8 1 561682
8 0 561756
8 1 561815
8 0 561874
8 1 561946
80 0 562031
80 1 562103
69 0 562125
69 1 562188
82 0 562191
69 0 562301
82 1 562306
69 1 562365
84 0 562410
69 0 562479
84 1 562503
69 1 562578
76 0 562639
76 1 562690
69 0 562798
69 1 562883
32 0 562902
32 1 562975
85 0 563225
85 1 563297
78 0 563400
78 1 563483
69 0 563558
69 1 563639
73 0 563853
73 1 563912
32 0 563935
32 1 564008
67 0 564037
67 1 564114
76 0 564158
65 0 564222
76 1 564227
68 0 564325
65 1 564348
68 1 564442
73 0 564445
73 1 564514
82 0 565182
73 0 565232
82 1 565251
73 1 565309
32 0 565329
67 0 565380
32 1 565404
67 1 565464
85 0 565484
85 1 565554
77 0 565656
32 0 565739
77 1 565752
32 1 565811
65 0 565817
82 0 565903
65 1 565931
32 0 565972
82 1 565991
32 1 566050
70 0 566100
73 0 566180
70 1 566194
73 1 566244
32 0 566247
32 1 566320
79 0 566471
32 0 566525
79 1 566544
32 1 566591
66 0 566705
66 1 566776
73 0 566804
73 1 566865
83 0 567058
83 1 567108
69 0 567212
82 0 567273
69 1 567299
82 1 567368
73 0 567448
73 1 567516
67 0 567530
65 0 567594
67 1 567621
65 1 567669
188 0 567687
32 0 567743
188 1 567757
32 1 567827
85 0 567916
85 1 567963
78 0 568044
32 0 568083
78 1 568119
32 1 568177
68 0 568389
79 0 568449
68 1 568475
79 1 568504
77 0 568601
77 1 568675
190 0 568957
190 1 569023
32 0 569118
32 1 569217
16 0 575598
69 0 575685
16 1 575756
69 1 575801
83 0 575890
83 1 575990
84 0 576058
69 0 576114
84 1 576141
32 0 576182
69 1 576203
32 1 576254
69 0 576297
69 1 576374
88 0 576512
88 1 576616
84 0 576747
82 0 576790
84 1 576829
82 1 576873
69 0 576946
69 1 577029
77 0 577057
77 1 577127
32 0 577139
68 0 577214
32 1 577223
69 0 577273
68 1 577313
69 1 577374
32 0 577398
32 1 577474
68 0 577535
68 1 577667
69 0 577867
69 1 577939
84 0 578012
65 0 578071
84 1 578095
65 1 578152
76 0 578238
76 1 578315
73 0 578389
73 1 578457
65 0 578470
65 1 578530
84 0 578829
65 0 578893
84 1 578918
65 1 578981
32 0 579017
32 1 579096
80 0 579196
80 1 579272
73 0 579363
73 1 579427
67 0 579434
67 1 579527
84 0 579633
84 1 579700
85 0 579721
85 1 579786
82 0 579800
65 0 579868
82 1 579923
65 1 579956
188 0 580005
188 1 580058
32 0 580182
32 1 580238
80 0 581205
65 0 581267
80 1 581273
65 1 581312
82 0 581391
69 0 581435
82 1 581465
32 0 581510
69 1 581530
32 1 581579
65 0 581672
65 1 581755
32 0 581758
32 1 581852
70 0 582113
70 1 582197
73 0 582218
73 1 582273
32 0 582337
32 1 582375
85 0 585089
85 1 585149
78 0 585252
78 1 585312
32 0 585348
32 1 585422
76 0 585570
76 1 585630
8 0 585911
8 1 585965
8 0 586052
8 1 586102
8 0 586182
8 1 586270
79 0 586647
79 1 586693
8 0 586886
8 1 586958
8 0 587034
8 1 587090
79 0 587533
79 1 587596
32 0 587680
32 1 587762
76 0 587901
76 1 587968
85 0 588059
85 1 588121
67 0 588127
67 1 588189
82 0 588295
65 0 588359
82 1 588390
65 1 588459
82 0 588526
69 0 588598
82 1 588627
69 1 588697
32 0 588697
32 1 588745
68 0 589472
69 0 589543
68 1 589575
69 1 589607
90 0 589741
90 1 589811
86 0 589975
86 1 590063
79 0 590163
79 1 590214
76 0 590314
84 0 590391
76 1 590393
65 0 590454
84 1 590477
65 1 590534
84 0 590639
65 0 590698
84 1 590725
65 1 590782
32 0 590824
32 1 590878
80 0 590952
69 0 591021
80 1 591023
69 1 591084
32 0 591106
32 1 591190
84 0 591243
69 0 591291
84 1 591307
82 0 591400
69 1 591431
77 0 591495
82 1 591501
77 1 591547
73 0 591626
73 1 591697
8 0 591956
8 1 592022
69 0 592112
78 0 592159
69 1 592176
78 1 592210
32 0 592310
32 1 592369
76 0 592467
76 1 592543
85 0 592635
85 1 592689
78 0 592770
78 1 592830
71 0 592844
71 1 592909
190 0 592961
190 1 593016
32 0 593113
32 1 593189
16 0 597701
67 0 597787
16 1 597876
67 1 597876
70 0 598013
82 0 598022
69 0 598071
70 1 598071
82 1 598119
69 1 598174
68 0 598249
68 1 598321
8 0 598563
8 1 598642
8 0 598702
8 1 598765
8 0 598846
8 1 598910
8 0 598981
8 1 599046
82 0 599063
69 0 599097
82 1 599143
69 1 599207
68 0 599238
68 1 599311
32 0 599335
32 1 599411
67 0 599425
65 0 599497
67 1 599514
32 0 599574
65 1 599582
32 1 599653
90 0 599829
90 1 599885
73 0 599906
73 1 599962
76 0 600109
76 1 600172
69 0 600192
69 1 600248
76 0 600267
76 1 600327
69 0 600361
69 1 600424
32 0 600431
32 1 600513
69 0 601138
69 1 601216
82 0 601417
65 0 601481
82 1 601492
65 1 601549
85 0 601683
85 1 601743
32 0 601793
32 1 601849
80 0 602029
80 1 602097
69 0 602160
69 1 602220
84 0 602332
82 0 602378
84 1 602398
82 1 602450
69 0 602566
69 1 602638
67 0 602791
67 1 602906
85 0 603093
85 1 603154
84 0 603201
69 0 603231
84 1 603273
32 0 603345
69 1 603347
32 1 603409
68 0 603490
69 0 603541
68 1 603580
32 0 603587
69 1 603621
32 1 603665
67 0 603732
69 0 603792
67 1 603813
73 0 603860
69 1 603868
73 1 603924
32 0 603957
32 1 604013
68 0 604044
73 0 604120
68 1 604133
73 1 604179
78 0 604259
78 1 604337
32 0 604338
32 1 604399
77 0 604723
77 1 604806
8 0 604975
8 1 605045
73 0 605132
73 1 605193
77 0 605273
65 0 605318
77 1 605349
65 1 605378
71 0 605421
71 1 605508
73 0 605509
73 1 605573
78 0 605651
69 0 605714
78 1 605731
69 1 605782
32 0 605799
32 1 605864
80 0 605927
69 0 605986
80 1 605987
69 1 606063
78 0 606099
78 1 606166
84 0 606211
84 1 606247
82 0 606260
85 0 606270
82 1 606324
85 1 606332
32 0 606361
32 1 606400
65 0 606502
83 0 606622
65 1 606631
83 1 606670
189 0 606702
189 1 606741
8 0 607073
8 1 607144
8 0 607214
189 0 607304
8 1 607313
189 1 607416
83 0 607433
83 1 607533
73 0 607565
73 1 607617
32 0 607646
32 1 607710
65 0 607819
83 0 607893
65 1 607927
83 1 607977
73 0 608248
73 1 608319
71 0 608360
71 1 608435
85 0 608442
85 1 608496
82 0 608539
65 0 608595
82 1 608618
65 1 608678
32 0 608679
32 1 608734
70 0 608952
70 1 609050
82 0 609180
65 0 609244
82 1 609273
65 1 609356
8 0 609604
8 1 609676
8 0 609749
8 1 609792
8 0 609860
8 1 609940
72 0 610072
72 1 610139
82 0 610140
65 0 610204
82 1 610235
65 1 610303
78 0 610547
78 1 610605
65 0 610617
65 1 610701
32 0 610940
32 1 611016
8 0 611739
8 1 611822
188 0 612378
188 1 612434
32 0 612553
32 1 612633
80 0 620290
80 1 620341
69 0 620350
69 1 620422
78 0 620473
84 0 620515
78 1 620527
82 0 620560
84 1 620607
82 1 620643
85 0 620657
85 1 620707
32 0 620748
32 1 620789
84 0 621614
82 0 621652
84 1 621693
82 1 621745
69 0 621862
67 0 621886
69 1 621950
67 1 622018
85 0 622051
85 1 622091
8 0 622295
8 1 622359
8 0 622436
8 1 622512
66 0 622540
66 1 622608
85 0 622625
85 1 622693
82 0 622730
73 0 622789
82 1 622805
73 1 622845
76 0 622941
69 0 623009
76 1 623026
69 1 623088
32 0 623128
67 0 623208
32 1 623209
65 0 623289
67 1 623312
65 1 623373
83 0 623422
83 1 623522
69 0 623626
69 1 623729
73 0 623776
73 1 623828
190 0 623986
190 1 624037
32 0 624174
32 1 624228
16 0 624720
67 0 624800
16 1 624860
67 1 624912
82 0 624999
69 0 625015
82 1 625105
69 1 625190
68 0 625298
68 1 625402
32 0 625440
67 0 625512
32 1 625529
65 0 625580
67 1 625606
65 1 625660
32 0 625692
32 1 625767
69 0 625813
69 1 625881
82 0 625902
65 0 626001
82 1 626007
65 1 626094
85 0 626152
85 1 626211
32 0 626224
32 1 626276
77 0 626363
77 1 626451
85 0 626522
85 1 626586
76 0 626668
76 1 626746
84 0 626747
84 1 626839
32 0 626856
32 1 626940
77 0 627050
77 1 627122
65 0 627129
73 0 627221
65 1 627224
73 1 627286
32 0 627288
32 1 627326
76 0 627691
76 1 627767
73 0 627874
73 1 627908
78 0 628004
78 1 628082
73 0 628160
83 0 628217
73 1 628226
83 1 628309
84 0 628362
84 1 628467
73 0 628583
73 1 628635
84 0 628683
69 0 628727
84 1 628766
69 1 628847
32 0 628887
32 1 628950
70 0 629189
65 0 629241
70 1 629272
65 1 629349
84 0 629439
65 0 629504
84 1 629550
65 1 629619
32 0 629665
32 1 629733
68 0 629795
68 1 629899
69 0 630043
69 1 630117
32 0 630117
32 1 630211
90 0 630484
90 1 630531
73 0 630598
73 1 630671
76 0 630804
76 1 630875
69 0 630934
76 0 630982
69 1 630990
76 1 631033
69 0 631093
32 0 631168
69 1 631170
32 1 631252
68 0 631264
73 0 631353
68 1 631363
73 1 631410
78 0 631506
78 1 631570
32 0 631587
32 1 631643
50 0 631865
50 1 631937
48 0 631959
48 1 632023
50 0 632038
49 0 632141
50 1 632169
49 1 632254
190 0 632385
190 1 632446
32 0 632535
32 1 632607
