65 0 561862
65 1 561928
70 0 562265
70 1 562316
65 0 562417
65 1 562501
82 0 562522
82 1 562583
65 0 562675
65 1 562777
32 0 562827
32 1 562887
80 0 563044
80 1 563104
76 0 563184
76 1 563266
79 0 563368
79 1 563448
85 0 563562
85 1 563644
65 0 563796
65 1 563866
32 0 563980
32 1 564024
83 0 564225
83 1 564295
73 0 564316
73 1 564377
32 0 564501
69 0 564542
32 1 564545
69 1 564604
32 0 564653
32 1 564714
79 0 564826
79 1 564887
32 0 564991
32 1 565051
86 0 565072
86 1 565133
82 0 565255
69 0 565315
82 1 565336
69 1 565397
77 0 565427
69 0 565501
77 1 565504
69 1 565562
32 0 565614
68 0 565696
32 1 565701
69 0 565776
68 1 565781
69 1 565849
90 0 565938
90 1 566055
65 0 566123
65 1 566255
83 0 566259
83 1 566328
84 0 566469
84 1 566574
82 0 566577
82 1 566665
85 0 566706
85 1 566767
65 0 567378
65 1 567459
8 0 568143
8 1 568226
8 0 568306
8 1 568408
65 0 568603
65 1 568696
83 0 568700
65 0 568766
83 1 568797
65 1 568858
190 0 568877
190 1 568918
8 0 569275
8 1 569336
8 0 569418
8 1 569478
8 0 569948
8 1 569979
8 0 570074
8 1 570124
79 0 570784
65 0 570856
79 1 570859
65 1 570938
83 0 570941
65 0 571018
83 1 571021
65 1 571103
190 0 571105
190 1 571153
32 0 571548
32 1 571623
16 0 571674
78 0 571848
78 1 571918
16 1 571969
85 0 572040
85 1 572103
32 0 572204
32 1 572265
77 0 572358
77 1 572438
73 0 572540
73 1 572613
189 0 572727
189 1 572786
65 0 572816
65 1 572889
32 0 572919
32 1 572969
80 0 573090
80 1 573155
76 0 573226
76 1 573287
65 0 573307
65 1 573359
67 0 573447
67 1 573519
85 0 573539
85 1 573603
84 0 573655
84 1 573716
32 0 573746
32 1 573808
78 0 573909
78 1 573969
73 0 574081
73 1 574145
67 0 574175
67 1 574256
73 0 574259
73 1 574317
79 0 574388
68 0 574468
79 1 574471
68 1 574520
65 0 574570
65 1 574655
84 0 574657
84 1 574709
65 0 574756
32 0 574838
65 1 574858
32 1 574919
73 0 575020
65 0 575100
73 1 575104
65 1 575155
82 0 575247
82 1 575318
78 0 575348
78 1 575419
65 0 575479
65 1 575561
188 0 575590
188 1 575665
32 0 575747
68 0 575819
32 1 575822
68 1 575869
65 0 575919
65 1 576011
82 0 576112
82 1 576177
32 0 576789
32 1 576848
68 0 577511
68 1 577561
65 0 577642
65 1 577709
67 0 577788
67 1 577839
65 0 577920
65 1 577991
32 0 578021
32 1 578071
69 0 578111
69 1 578186
32 0 578216
32 1 578267
90 0 578317
90 1 578399
65 0 578449
65 1 578510
80 0 578799
80 1 578850
65 0 578921
65 1 579001
68 0 579163
65 0 579247
68 1 579252
65 1 579355
188 0 579379
188 1 579441
32 0 579532
32 1 579582
77 0 579672
77 1 579727
65 0 579747
65 1 579819
67 0 579899
67 1 579962
65 0 580032
65 1 580114
82 0 580207
82 1 580279
32 0 580319
32 1 580389
80 0 582795
80 1 582866
79 0 583321
79 1 583372
84 0 583503
84 1 583564
32 0 584075
32 1 584146
83 0 584207
83 1 584271
80 0 584341
80 1 584413
85 0 584544
85 1 584616
78 0 584727
78 1 584804
69 0 584887
69 1 584966
32 0 585006
32 1 585087
67 0 585178
67 1 585249
65 0 585343
65 1 585435
32 0 585438
32 1 585495
69 0 585586
69 1 585677
32 0 585680
32 1 585748
73 0 586218
65 0 586307
73 1 586311
65 1 586384
82 0 586464
82 1 586536
78 0 586555
78 1 586627
65 0 586687
65 1 586782
190 0 586785
190 1 586863
32 0 586953
32 1 587034
16 0 588696
90 0 588889
90 1 588920
16 1 588924
73 0 589000
73 1 589051
76 0 589152
76 1 589224
69 0 589254
69 1 589328
76 0 589331
69 0 589409
76 1 589420
69 1 589479
32 0 589529
32 1 589610
84 0 589613
82 0 589650
84 1 589681
82 1 589722
69 0 589802
69 1 589847
67 0 589960
67 1 590031
85 0 590072
84 0 590152
85 1 590156
69 0 590234
84 1 590238
69 1 590316
32 0 590348
32 1 590419
65 0 590469
65 1 590531
32 0 590570
32 1 590632
70 0 590672
70 1 590743
79 0 590794
83 0 590877
79 1 590881
83 1 590969
84 0 591080
32 0 591163
84 1 591165
32 1 591213
80 0 591357
80 1 591438
82 0 591441
69 0 591499
82 1 591520
69 1 591560
65 0 591661
65 1 591743
32 0 591745
32 1 591813
67 0 591857
67 1 591908
65 0 591988
65 1 592069
76 0 592089
76 1 592171
68 0 592191
68 1 592263
32 0 592302
32 1 592367
80 0 592478
69 0 592548
80 1 592552
69 1 592610
78 0 592650
78 1 592721
84 0 592751
82 0 592792
84 1 592822
85 0 592853
82 1 592876
85 1 592918
32 0 593009
32 1 593090
80 0 593201
69 0 593262
80 1 593265
69 1 593313
82 0 593378
82 1 593449
73 0 593452
73 1 593510
79 0 593590
65 0 593631
79 1 593661
65 1 593693
68 0 593773
68 1 593835
65 0 593889
65 1 593950
32 0 593970
32 1 594031
65 0 594091
83 0 594162
65 1 594193
83 1 594263
84 0 594267
84 1 594334
65 0 594374
65 1 594469
32 0 594472
32 1 594551
65 0 594600
65 1 594682
32 0 594685
32 1 594763
65 0 594803
65 1 594864
78 0 595364
78 1 595438
85 0 595549
85 1 595610
76 0 595721
76 1 595793
85 0 595907
85 1 595969
188 0 596232
188 1 596294
32 0 596376
32 1 596438
8 0 596752
8 1 596823
8 0 596894
8 1 596999
73 0 597193
73 1 597254
188 0 597365
188 1 597429
32 0 597515
68 0 597550
32 1 597581
68 1 597626
65 0 597654
65 1 597735
82 0 597795
82 1 597877
32 0 597908
65 0 597980
32 1 597983
65 1 598061
65 0 598151
83 0 598212
65 1 598233
65 0 598328
83 1 598335
65 1 598386
8 0 598739
8 1 598770
8 0 598835
8 1 598941
8 0 598990
8 1 599102
83 0 599152
65 0 599194
83 1 599224
65 1 599275
32 0 599315
32 1 599396
67 0 599435
67 1 599499
85 0 599529
85 1 599591
77 0 599692
77 1 599743
32 0 599813
32 1 599885
83 0 599945
83 1 600021
80 0 600024
80 1 600092
85 0 600193
85 1 600254
78 0 600344
69 0 600395
78 1 600426
65 0 600469
69 1 600473
65 1 600551
77 0 600554
77 1 600622
188 0 600712
188 1 600784
32 0 600864
32 1 600936
80 0 601061
82 0 601112
80 1 601132
69 0 601152
82 1 601173
69 1 601224
70 0 601294
69 0 601375
70 1 601379
69 1 601457
82 0 601490
82 1 601561
32 0 601601
32 1 601683
86 0 602102
86 1 602163
65 0 602254
65 1 602346
82 0 602436
82 1 602490
65 0 602561
65 1 602643
32 0 602667
32 1 602734
79 0 602845
82 0 602926
79 1 602929
82 1 603000
73 0 603041
73 1 603113
67 0 603132
67 1 603184
65 0 603274
65 1 603356
78 0 603376
78 1 603447
68 0 603502
68 1 603573
190 0 603643
190 1 603684
32 0 603806
32 1 603887
16 0 605633
83 0 605877
83 1 605948
16 1 605952
85 0 606053
85 1 606125
78 0 606216
84 0 606296
78 1 606299
84 1 606358
32 0 606378
32 1 606439
78 0 606520
65 0 606574
78 1 606604
65 1 606655
83 0 606658
83 1 606716
85 0 606766
67 0 606858
85 1 606862
67 1 606939
84 0 607104
84 1 607155
65 0 607276
65 1 607351
8 0 607530
8 1 607594
8 0 607676
8 1 607746
8 0 607819
8 1 607899
8 0 607969
67 0 608084
8 1 608088
67 1 608166
85 0 608217
84 0 608287
85 1 608290
84 1 608339
65 0 608440
65 1 608511
32 0 608514
32 1 608575
73 0 608665
73 1 608728
78 0 608797
78 1 608869
32 0 608929
32 1 608991
73 0 609136
73 1 609178
85 0 609247
85 1 609329
76 0 609450
76 1 609511
73 0 609596
73 1 609678
69 0 609697
69 1 609769
32 0 609809
32 1 609870
83 0 609890
83 1 609982
73 0 609985
73 1 610053
32 0 610157
32 1 610218
77 0 610319
69 0 610391
77 1 610395
69 1 610442
82 0 610851
69 0 610912
82 1 610932
69 1 611024
85 0 611044
85 1 611108
32 0 612259
32 1 612310
65 0 612370
65 1 612443
77 0 612446
77 1 612494
32 0 612584
32 1 612658
80 0 612790
82 0 612830
80 1 612871
69 0 612921
82 1 612925
69 1 612983
70 0 613033
69 0 613114
70 1 613138
69 1 613199
82 0 613249
82 1 613310
65 0 613411
65 1 613492
84 0 613614
84 1 613668
32 0 613687
32 1 613760
65 0 613982
65 1 614064
8 0 614361
8 1 614422
86 0 614441
86 1 614494
65 0 614603
65 1 614678
82 0 614779
82 1 614840
65 0 614921
65 1 614992
32 0 617068
32 1 617130
8 0 618408
8 1 618468
188 0 618620
188 1 618706
32 0 618796
32 1 618867
73 0 618968
73 1 619039
78 0 619110
78 1 619181
32 0 619246
70 0 619295
32 1 619315
70 1 619346
65 0 619427
65 1 619487
86 0 619578
86 1 619649
79 0 619679
65 0 619763
79 1 619767
65 1 619856
82 0 619947
82 1 620018
87 0 620171
69 0 620174
87 1 620226
69 1 620229
65 0 620286
65 1 620400
8 0 620652
8 1 620723
8 0 620787
8 1 620859
8 0 620939
69 0 620969
8 1 621010
65 0 621029
69 1 621051
65 1 621122
32 0 621141
32 1 621213
79 0 621308
82 0 621389
79 1 621393
82 1 621461
73 0 621480
67 0 621575
73 1 621576
67 1 621632
65 0 621713
65 1 621768
82 0 621820
82 1 621899
85 0 621918
85 1 621980
73 0 622061
73 1 622122
32 0 622213
65 0 622297
32 1 622301
65 1 622379
76 0 622398
76 1 622470
84 0 622500
84 1 622561
32 0 622581
32 1 622652
65 0 622683
65 1 622757
78 0 622807
78 1 622888
79 0 622989
79 1 623081
84 0 623193
84 1 623266
73 0 623317
73 1 623369
77 0 623480
77 1 623561
80 0 623682
80 1 623755
32 0 624091
32 1 624152
8 0 624440
8 1 624511
8 0 624652
8 1 624704
80 0 625601
80 1 625622
190 0 625784
190 1 625828
32 0 626329
32 1 626399
16 0 628503
16 0 629013
16 0 629053
16 0 629093
16 0 629134
16 0 629175
16 0 629216
16 0 629257
16 0 629297
16 0 629338
16 0 629382
16 0 629422
16 0 629462
16 0 629503
16 0 629543
16 0 629584
16 0 629625
16 0 629666
16 0 629708
16 0 629749
16 0 629789
16 0 629828
16 0 629874
16 0 629914
16 0 629952
83 0 629972
83 1 630035
16 1 630506
8 0 630860
8 1 630934
16 0 631546
16 0 632061
16 0 632095
16 0 632136
16 0 632178
16 0 632218
16 0 632259
16 0 632298
16 0 632340
16 0 632381
16 0 632425
16 0 632466
16 0 632508
16 0 632547
16 0 632587
16 0 632627
16 0 632668
16 0 632713
16 0 632750
16 0 632791
80 0 632830
80 1 632914
16 1 633017
76 0 633086
76 1 633158
79 0 633259
79 1 633331
65 0 633361
65 1 633435
73 0 633486
73 1 633547
65 0 633596
65 1 633690
32 0 633719
32 1 633791
77 0 633873
65 0 633965
77 1 633968
65 1 634028
32 0 634057
32 1 634127
68 0 634208
69 0 634309
68 1 634313
69 1 634380
80 0 634465
80 1 634546
82 0 634597
82 1 634658
73 0 634678
73 1 634750
77 0 634860
77 1 634935
65 0 634975
65 1 635056
32 0 635117
32 1 635178
8 0 636286
8 1 636337
188 0 636451
188 1 636524
32 0 636625
67 0 636685
32 1 636690
67 1 636747
72 0 636797
72 1 636848
73 0 636929
65 0 636972
73 1 637013
65 1 637054
82 0 637124
32 0 637195
82 1 637199
32 1 637257
68 0 637287
68 1 637348
65 0 637398
65 1 637462
67 0 637533
67 1 637594
65 0 637675
65 1 637746
32 0 637749
32 1 637788
65 0 637868
65 1 637940
77 0 637943
77 1 637994
32 0 638075
32 1 638136
79 0 638257
79 1 638309
32 0 638399
32 1 638474
85 0 638586
85 1 638647
77 0 638738
77 1 638809
66 0 638910
82 0 638994
66 1 638998
69 0 639055
82 1 639076
69 1 639116
65 0 639227
76 0 639289
65 1 639309
76 1 639370
65 0 639450
65 1 639515
8 0 639780
8 1 639841
8 0 639911
8 1 639986
8 0 640056
8 1 640128
8 0 640198
8 1 640240
69 0 640690
69 1 640750
76 0 640800
76 1 640873
65 0 640913
65 1 640993
32 0 641048
32 1 641108
67 0 641179
67 1 641230
79 0 641280
79 1 641351
76 0 641598
76 1 641669
79 0 641750
79 1 641842
82 0 641861
82 1 641923
65 0 642016
65 1 642097
84 0 642208
84 1 642259
65 0 642372
65 1 642463
32 0 642466
32 1 642526
67 0 645694
67 1 645763
8 0 647289
8 1 647360
73 0 647511
73 1 647596
78 0 647678
78 1 647739
32 0 647809
67 0 647891
32 1 647895
67 1 647953
85 0 648003
85 1 648054
76 0 648158
76 1 648230
79 0 648310
79 1 648392
82 0 648412
82 1 648483
73 0 648486
73 1 648554
76 0 648637
76 1 648710
69 0 648740
69 1 648801
32 0 648831
32 1 648903
67 0 648922
67 1 648994
85 0 649024
82 0 649108
85 1 649112
82 1 649179
67 0 649270
67 1 649352
85 0 649372
85 1 649433
66 0 649544
66 1 649618
69 0 649668
69 1 649730
85 0 649841
85 1 649922
76 0 650033
76 1 650084
85 0 650198
85 1 650270
73 0 650330
73 1 650402
188 0 650503
188 1 650554
32 0 650627
67 0 650699
32 1 650703
67 1 650750
65 0 650831
65 1 650913
82 0 650993
69 0 651034
82 1 651055
69 1 651105
32 0 651108
32 1 651148
77 0 651239
65 0 651320
77 1 651324
65 1 651392
32 0 651395
32 1 651463
65 0 651514
65 1 651585
74 0 651604
74 1 651668
85 0 651750
84 0 651811
85 1 651831
84 1 651872
65 0 651973
65 1 652055
32 0 652058
32 1 652106
83 0 652148
65 0 652178
83 1 652230
65 1 652291
32 0 652310
32 1 652392
84 0 652422
82 0 652473
84 1 652493
82 1 652534
69 0 652625
69 1 652679
67 0 652779
67 1 652851
32 0 652901
32 1 652963
80 0 653094
69 0 653134
80 1 653168
69 1 653198
83 0 653289
83 1 653372
84 0 653502
69 0 653553
84 1 653584
69 1 653644
32 0 653647
32 1 653720
70 0 654259
70 1 654310
65 0 654401
65 1 654493
80 0 654496
80 1 654563
84 0 654634
84 1 654710
85 0 654712
85 1 654781
76 0 654891
76 1 654963
32 0 655054
67 0 655114
32 1 655135
67 1 655176
65 0 655259
65 1 655341
32 0 655360
32 1 655422
80 0 655553
80 1 655614
76 0 655675
76 1 655760
79 0 655841
79 1 655912
85 0 656013
85 1 656085
65 0 656145
65 1 656219
190 0 656250
190 1 656331
32 0 656421
32 1 656503
16 0 658410
68 0 658562
68 1 658634
16 1 658638
65 0 658749
65 1 658811
82 0 658912
32 0 658981
82 1 658984
32 1 659052
78 0 659132
78 1 659204
85 0 659308
85 1 659369
32 0 659470
32 1 659541
80 0 659652
69 0 659733
80 1 659738
69 1 659790
78 0 659830
78 1 659902
84 0 659942
82 0 659972
84 1 660004
82 1 660054
85 0 660057
85 1 660105
32 0 660196
32 1 660270
77 0 660351
77 1 660422
85 0 660523
85 1 660594
76 0 660695
84 0 660756
76 1 660781
84 1 660801
65 0 660892
32 0 660962
65 1 660983
32 1 661034
86 0 661115
82 0 661175
86 1 661179
69 0 661206
82 1 661247
69 1 661289
77 0 661350
77 1 661431
69 0 661481
69 1 661553
188 0 661556
188 1 661614
32 0 661704
32 1 661780
80 0 662054
80 1 662136
69 0 662155
69 1 662218
78 0 662268
78 1 662332
84 0 662382
82 0 662413
84 1 662444
82 1 662484
85 0 662487
85 1 662545
32 0 662646
67 0 662727
32 1 662731
67 1 662778
65 0 662873
65 1 662944
32 0 662964
32 1 663025
68 0 663187
69 0 663288
68 1 663296
69 1 663374
8 0 663677
8 1 663739
8 0 663812
8 1 663875
73 0 663975
73 1 664047
78 0 664137
67 0 664218
78 1 664222
67 1 664260
65 0 664343
65 1 664435
32 0 664438
32 1 664486
68 0 664515
68 1 664577
73 0 664596
73 1 664658
78 0 664738
78 1 664790
32 0 664853
32 1 664946
70 0 664949
70 1 664996
82 0 665067
82 1 665138
65 0 665208
65 1 665290
70 0 665364
70 1 665415
69 0 665455
69 1 665527
68 0 665628
68 1 665678
65 0 665739
65 1 665810
32 0 665843
32 1 665885
8 0 666057
8 1 666128
8 0 666199
8 1 666280
8 0 666354
8 1 666425
8 0 666475
8 1 666557
8 0 666617
8 1 666709
71 0 666997
71 1 667059
69 0 667109
69 1 667170
68 0 667251
68 1 667312
65 0 667365
65 1 667437
32 0 667477
32 1 667548
80 0 667670
80 1 667741
82 0 667744
82 1 667801
85 0 667905
85 1 667967
78 0 668057
78 1 668149
67 0 668190
67 1 668262
73 0 668332
73 1 668407
69 0 668487
69 1 668558
32 0 668751
32 1 668823
77 0 669313
65 0 669397
77 1 669401
65 1 669469
32 0 669488
32 1 669560
83 0 669590
83 1 669641
84 0 669772
82 0 669823
84 1 669843
79 0 669873
82 1 669897
79 1 669929
80 0 669999
69 0 670050
80 1 670071
69 1 670121
65 0 670141
65 1 670232
77 0 670283
77 1 670354
32 0 670438
32 1 670509
80 0 670681
80 1 670742
65 0 670803
65 1 670874
78 0 670877
78 1 670948
65 0 670998
65 1 671070
32 0 671073
32 1 671130
76 0 671231
65 0 671312
76 1 671316
65 1 671394
32 0 671401
32 1 671468
71 0 671579
65 0 671650
71 1 671654
65 1 671721
84 0 671853
84 1 671927
32 0 672039
32 1 672110
68 0 672262
69 0 672323
68 1 672344
69 1 672428
32 0 672431
32 1 672509
70 0 672539
70 1 672620
73 0 672691
73 1 672762
69 0 672782
69 1 672843
67 0 672947
67 1 672999
65 0 673091
65 1 673172
82 0 673242
69 0 673304
82 1 673324
69 1 673374
32 0 673377
68 0 673448
32 1 673452
68 1 673519
65 0 673580
65 1 673651
84 0 673752
84 1 673804
65 0 673905
65 1 673979
32 0 674019
67 0 674081
32 1 674084
67 1 674141
65 0 674232
65 1 674304
78 0 674307
78 1 674365
68 0 674384
68 1 674459
32 0 674499
67 0 674540
32 1 674580
67 1 674611
65 0 674681
65 1 674763
76 0 674803
76 1 674885
67 0 675121
67 1 675172
65 0 675273
65 1 675344
77 0 675395
77 1 675459
32 0 675540
32 1 675621
73 0 676396
73 1 676446
78 0 676550
78 1 676632
32 0 676705
67 0 676793
32 1 676797
67 1 676845
69 0 676956
65 0 677021
69 1 677024
65 1 677091
32 0 677121
32 1 677183
77 0 677283
65 0 677364
77 1 677369
65 1 677425
73 0 677465
73 1 677520
32 0 677631
32 1 677712
77 0 677864
77 1 677935
73 0 678040
67 0 678121
73 1 678125
67 1 678183
65 0 678283
65 1 678366
32 0 678369
32 1 678417
66 0 678521
66 1 678602
65 0 678662
65 1 678734
76 0 678815
76 1 678906
84 0 678967
84 1 679040
65 0 679162
65 1 679244
188 0 679247
188 1 679295
32 0 679385
32 1 679457
67 0 679486
67 1 679551
72 0 679784
72 1 679835
73 0 679946
65 0 680006
73 1 680031
65 1 680081
82 0 680182
82 1 680253
32 0 680294
32 1 680355
83 0 680415
83 1 680507
73 0 680529
73 1 680591
32 0 680702
32 1 680773
73 0 680885
73 1 680958
78 0 681040
84 0 681122
78 1 681126
82 0 681174
84 1 681194
82 1 681245
189 0 681264
189 1 681336
79 0 681416
79 1 681488
32 0 681602
32 1 681653
80 0 681785
80 1 681846
73 0 681937
67 0 681988
73 1 682018
67 1 682072
84 0 682185
84 1 682246
8 0 682530
8 1 682594
65 0 682726
65 1 682797
84 0 682918
84 1 682989
85 0 683009
82 0 683093
85 1 683097
82 1 683144
65 0 683235
65 1 683317
32 0 683320
32 1 683387
68 0 683408
69 0 683478
68 1 683499
69 1 683564
32 0 683566
32 1 683614
65 0 683704
65 1 683786
80 0 683789
80 1 683867
65 0 683897
65 1 683989
190 0 684008
190 1 684103
16 0 708351
65 0 708433
16 1 708485
65 1 708515
77 0 708606
77 1 708678
32 0 708760
32 1 708821
70 0 708841
70 1 708905
79 0 708965
83 0 709036
79 1 709039
83 1 709098
84 0 709239
84 1 709290
32 0 709340
32 1 709401
82 0 709700
82 1 709761
85 0 709793
85 1 709863
71 0 709956
71 1 710017
65 0 710037
65 1 710109
84 0 710129
84 1 710200
65 0 710230
65 1 710301
32 0 710321
83 0 710402
32 1 710405
65 0 710456
83 1 710477
65 1 710537
32 0 710557
68 0 710638
32 1 710641
69 0 710711
68 1 710713
69 1 710780
83 0 710852
83 1 710937
67 0 711008
67 1 711069
82 0 711160
82 1 711233
73 0 711235
73 1 711303
85 0 711393
85 1 711476
32 0 711580
32 1 711649
79 0 711762
79 1 711823
32 0 711924
90 0 711987
32 1 711991
90 1 712059
73 0 712099
73 1 712150
32 0 712252
32 1 712322
73 0 712423
73 1 712510
68 0 712529
68 1 712561
69 0 712651
69 1 712722
65 0 712752
65 1 712834
76 0 712894
76 1 712969
65 0 712998
65 1 713090
32 0 713092
32 1 713150
80 0 713262
69 0 713303
80 1 713323
69 1 713374
78 0 713435
78 1 713498
84 0 713528
82 0 713569
84 1 713600
82 1 713650
85 0 713653
85 1 713691
32 0 713793
32 1 713865
77 0 713945
77 1 714019
73 0 714100
73 1 714161
78 0 714242
69 0 714323
78 1 714326
69 1 714384
32 0 714424
65 0 714490
32 1 714510
83 0 714571
65 1 714593
65 0 714684
83 1 714687
65 1 714755
32 0 714795
67 0 714886
32 1 714889
67 1 714947
65 0 715032
65 1 715113
32 0 715132
32 1 715183
70 0 715223
70 1 715284
73 0 715325
73 1 715396
88 0 715415
88 1 715500
32 0 715530
32 1 715602
65 0 715622
65 1 715725
83 0 715727
83 1 715807
84 0 715810
84 1 715877
65 0 715917
65 1 716012
32 0 716014
32 1 716082
65 0 716122
65 1 716193
77 0 716196
77 1 716264
32 0 716334
83 0 716385
32 1 716416
65 0 716446
83 1 716477
65 1 716531
32 0 716555
83 0 716622
32 1 716625
83 1 716715
73 0 716773
73 1 716836
32 0 716936
32 1 717020
70 0 717023
70 1 717071
65 0 717162
65 1 717234
67 0 717335
67 1 717416
190 0 717532
190 1 717614
32 0 717716
32 1 717785
16 0 718614
77 0 718765
77 1 718837
16 1 718883
65 0 718998
65 1 719063
32 0 719103
32 1 719184
84 0 719254
82 0 719274
84 1 719296
82 1 719346
69 0 719429
69 1 719478
90 0 719593
90 1 719664
69 0 719787
69 1 719856
83 0 719957
83 1 720019
67 0 720122
67 1 720184
32 0 720223
32 1 720296
76 0 720856
76 1 720938
65 0 720958
65 1 721029
32 0 721072
32 1 721143
55 0 721991
55 1 722051
32 0 722175
32 1 722256
68 0 722287
68 1 722347
73 0 722378
73 1 722438
77 0 722530
77 1 722604
73 0 722706
73 1 722766
78 0 722859
69 0 722927
78 1 722931
65 0 722998
69 1 723003
65 1 723080
84 0 723102
84 1 723164
65 0 723235
65 1 723306
32 0 723309
32 1 723388
80 0 723499
69 0 723569
80 1 723572
69 1 723645
78 0 723675
78 1 723747
84 0 723796
82 0 723816
84 1 723847
82 1 723888
85 0 723891
85 1 723939
32 0 724040
67 0 724091
32 1 724124
67 1 724145
65 0 724235
32 0 724276
65 1 724307
32 1 724348
78 0 724438
78 1 724499
85 0 724613
85 1 724676
32 0 724777
32 1 724848
73 0 724949
73 1 725013
77 0 725103
77 1 725156
73 0 725262
73 1 725309
32 0 725424
32 1 725492
80 0 725595
80 1 725667
76 0 725742
65 0 725790
76 1 725793
65 1 725840
67 0 725953
69 0 726012
67 1 726053
32 0 726082
69 1 726103
32 1 726157
83 0 726187
65 0 726257
83 1 726299
32 0 726302
65 1 726349
32 1 726369
73 0 726470
73 1 726532
77 0 726623
77 1 726687
73 0 726788
73 1 726859
32 0 726970
32 1 727042
68 0 727297
68 1 727369
79 0 727373
79 1 727440
82 0 727501
82 1 727562
77 0 727581
77 1 727656
32 0 727730
32 1 727809
86 0 727839
86 1 727900
73 0 727960
65 0 728031
73 1 728035
65 1 728113
84 0 728248
82 0 728252
84 1 728268
82 1 728272
65 0 728411
65 1 728481
8 0 728799
8 1 728851
8 0 728931
8 1 729011
65 0 729052
65 1 729133
190 0 729163
190 1 729238
32 0 729350
16 0 729388
32 1 729419
65 0 729521
16 1 729571
65 1 729612
70 0 729780
70 1 729840
65 0 729922
65 1 730001
82 0 730022
82 1 730083
65 0 730133
65 1 730217
32 0 730221
32 1 730298
69 0 730318
69 1 730389
32 0 730409
32 1 730470
76 0 730571
76 1 730642
85 0 730756
85 1 730807
77 0 730909
77 1 730979
73 0 731091
73 1 731151
78 0 731236
78 1 731307
65 0 731336
65 1 731408
32 0 731428
32 1 731488
83 0 731529
83 1 731600
73 0 731630
73 1 731704
32 0 731805
32 1 731877
50 0 732160
50 1 732224
57 0 732306
57 1 732366
32 0 732477
32 1 732539
68 0 732559
69 0 732610
68 1 732630
32 0 732670
69 1 732690
32 1 732744
71 0 732846
82 0 732897
71 1 732917
82 1 732958
65 0 733059
65 1 733140
68 0 733225
69 0 733316
68 1 733319
69 1 733407
188 0 733722
188 1 733797
32 0 733878
65 0 733938
32 1 733958
65 1 734049
83 0 734053
65 0 734130
83 1 734134
65 1 734202
32 0 734221
32 1 734296
67 0 734326
67 1 734398
85 0 734417
85 1 734489
77 0 734589
77 1 734650
32 0 734721
32 1 734785
83 0 734805
83 1 734887
80 0 734937
80 1 734988
85 0 735119
85 1 735170
78 0 735264
69 0 735335
78 1 735339
65 0 735409
69 1 735420
65 1 735488
77 0 735492
77 1 735549
32 0 735629
83 0 735700
32 1 735704
83 1 735784
73 0 735826
73 1 735897
32 0 736029
32 1 736110
73 0 736417
73 1 736478
78 0 736558
78 1 736630
32 0 736721
67 0 736795
32 1 736798
69 0 736866
67 1 736907
69 1 736912
76 0 736978
69 0 737019
76 1 737049
69 1 737090
32 0 737170
32 1 737232
53 0 737305
53 1 737346
48 0 737386
48 1 737458
48 0 737520
48 1 737590
32 0 737711
68 0 737771
32 1 737776
69 0 737847
68 1 737850
69 1 737911
32 0 737953
32 1 738022
67 0 738058
67 1 738125
65 0 738204
65 1 738264
82 0 738347
82 1 738419
65 0 738511
65 1 738571
67 0 738662
67 1 738746
84 0 738776
84 1 738837
69 0 738868
69 1 738930
82 0 739008
69 0 739079
82 1 739101
69 1 739151
32 0 739170
68 0 739241
32 1 739245
69 0 739316
68 1 739336
32 0 739386
69 1 739407
32 1 739448
77 0 739538
65 0 739609
77 1 739613
65 1 739691
73 0 739721
73 1 739782
32 0 739887
83 0 739968
32 1 739972
83 1 740050
85 0 740090
85 1 740162
83 0 740201
83 1 740273
188 0 740293
188 1 740357
32 0 740438
32 1 740509
80 0 740947
80 1 741029
82 0 741049
69 0 741181
82 1 741184
69 1 741262
70 0 741303
69 0 741407
70 1 741450
69 1 741530
82 0 741550
82 1 741641
32 0 741716
32 1 741782
83 0 742835
65 0 742900
83 1 742903
65 1 742951
32 0 743024
32 1 743093
70 0 743153
70 1 743214
73 0 743234
73 1 743307
69 0 743336
69 1 743411
32 0 743430
32 1 743501
67 0 743522
67 1 743582
65 0 743683
65 1 743765
76 0 743768
76 1 743837
68 0 743900
68 1 743962
32 0 744215
32 1 744286
68 0 744305
69 0 744356
68 1 744380
69 1 744431
67 0 744501
67 1 744573
65 0 744653
65 1 744725
84 0 744836
32 0 744900
84 1 744903
32 1 744982
70 0 744985
82 0 745043
70 1 745104
82 1 745134
73 0 745174
73 1 745246
71 0 745276
71 1 745347
188 0 746247
188 1 746297
32 0 746389
32 1 746453
80 0 746585
69 0 746655
80 1 746658
69 1 746737
78 0 746777
78 1 746848
84 0 746889
82 0 746942
84 1 746983
85 0 746985
82 1 747023
85 1 747043
32 0 747154
67 0 747205
32 1 747235
67 1 747276
65 0 747366
65 1 747451
32 0 747454
32 1 747512
73 0 747623
65 0 747674
73 1 747694
65 1 747745
82 0 747826
82 1 747907
78 0 747910
78 1 747972
65 0 748022
65 1 748115
32 0 748117
32 1 748185
78 0 748276
78 1 748337
85 0 748441
85 1 748512
189 0 748634
189 1 748695
73 0 748785
73 1 748847
32 0 748961
67 0 749012
32 1 749016
67 1 749064
65 0 749145
65 1 749226
32 0 749229
32 1 749298
86 0 749347
86 1 749388
65 0 749492
65 1 749583
82 0 749633
82 1 749695
65 0 749755
65 1 749847
190 0 749850
190 1 749918
32 0 750001
32 1 750084
16 0 752070
16 0 752578
16 0 752619
16 0 752659
16 0 752701
16 0 752741
16 0 752782
16 0 752822
16 0 752863
16 0 752903
16 0 752946
16 0 752987
16 0 753028
16 0 753069
16 0 753109
16 0 753149
16 0 753190
16 0 753230
16 0 753272
16 0 753313
16 0 753354
16 0 753394
16 0 753435
16 0 753476
16 0 753519
16 0 753559
16 0 753600
16 0 753640
83 0 753660
83 1 753731
16 1 753736
73 0 753823
73 1 753894
32 0 754161
32 1 754241
67 0 754301
67 1 754352
85 0 754689
85 1 754751
77 0 754882
77 1 754944
8 0 755201
8 1 755262
8 0 755323
8 1 755394
8 0 755466
82 0 755549
8 1 755553
69 0 755609
82 1 755631
69 1 755681
86 0 755752
69 0 755842
86 1 755846
69 1 755904
78 0 755964
78 1 756015
73 0 756120
73 1 756192
78 0 756273
78 1 756354
68 0 756538
68 1 756620
32 0 756650
32 1 756711
76 0 756822
65 0 756903
76 1 756907
65 1 756964
32 0 756994
67 0 757059
32 1 757062
69 0 757120
67 1 757171
69 1 757211
32 0 757215
32 1 757303
70 0 757306
70 1 757354
65 0 757444
65 1 757495
67 0 757579
67 1 757631
69 0 757742
65 0 757812
69 1 757817
65 1 757894
77 0 757897
77 1 757965
188 0 758059
188 1 758131
8 0 758425
8 1 758496
32 0 758590
32 1 758672
73 0 758783
73 1 758835
78 0 758925
78 1 758996
32 0 759069
32 1 759151
90 0 759170
90 1 759252
73 0 759282
73 1 759353
85 0 759415
85 1 759486
65 0 759506
65 1 759568
32 0 759611
32 1 759683
73 0 759784
68 0 759855
73 1 759859
68 1 759906
69 0 759997
69 1 760081
65 0 760111
65 1 760194
76 0 760284
76 1 760356
65 0 760406
65 1 760488
32 0 760491
32 1 760548
80 0 760662
69 0 760733
80 1 760737
69 1 760784
78 0 760834
78 1 760906
84 0 760936
82 0 760966
84 1 761008
85 0 761027
82 1 761048
85 1 761089
32 0 761193
32 1 761265
77 0 761366
77 1 761427
73 0 761538
73 1 761589
78 0 761674
69 0 761755
78 1 761759
69 1 761816
188 0 761866
188 1 761918
32 0 762009
32 1 762080
77 0 762174
65 0 762225
77 1 762256
65 1 762296
32 0 762346
84 0 762427
32 1 762452
82 0 762478
84 1 762509
82 1 762549
69 0 762654
69 1 762726
90 0 762846
90 1 762928
69 0 763039
69 1 763112
83 0 763216
83 1 763297
67 0 763388
67 1 763469
32 0 763489
32 1 763581
8 0 765191
8 1 765241
188 0 765393
188 1 765465
32 0 765596
32 1 765671
77 0 766909
77 1 766949
8 0 767700
8 1 767778
73 0 768337
73 1 768409
69 0 768428
69 1 768490
83 0 768583
32 0 768641
83 1 768662
32 1 768716
68 0 768787
68 1 768848
73 0 768868
73 1 768939
78 0 769020
78 1 769091
32 0 769172
32 1 769268
67 0 769308
67 1 769369
65 0 769480
65 1 769572
83 0 769602
65 0 769683
83 1 769704
65 1 769808
32 0 769828
32 1 769909
83 0 770041
83 1 770122
73 0 770172
73 1 770248
32 0 770360
32 1 770452
77 0 770930
65 0 771011
77 1 771015
65 1 771083
32 0 771123
32 1 771185
68 0 771248
68 1 771329
85 0 771379
85 1 771451
67 0 771512
67 1 771594
32 0 771597
32 1 771685
76 0 773976
76 1 774038
65 0 774077
65 1 774149
32 0 774178
32 1 774239
77 0 774343
77 1 774415
65 0 774434
65 1 774516
82 0 774627
69 0 774678
82 1 774711
69 1 774793
190 0 774812
190 1 774894
32 0 774985
32 1 775066
16 0 775779
16 0 776290
16 1 776324
8 0 776447
8 1 776507
8 0 776598
8 1 776666
32 0 777159
32 1 777240
73 0 777446
73 1 777528
78 0 777629
78 1 777700
32 0 777791
32 1 777865
16 0 777957
72 0 778119
72 1 778180
16 1 778184
65 0 778291
65 1 778377
87 0 778487
65 0 778569
87 1 778572
65 1 778661
73 0 778732
73 1 778783
73 0 778866
73 1 778948
8 0 779541
8 1 779601
8 0 779662
8 1 779733
8 0 779803
8 1 779888
8 0 779949
8 1 780030
8 0 780100
8 1 780162
8 0 780232
8 1 780304
8 0 780367
8 1 780438
8 0 780508
8 1 780581
8 0 780661
8 1 780753
80 0 780868
80 1 780947
69 0 780968
69 1 781029
32 0 781069
32 1 781141
79 0 781242
79 1 781293
32 0 781388
32 1 781458
80 0 781569
80 1 781631
76 0 781701
76 1 781752
65 0 781803
65 1 781877
74 0 781880
74 1 781948
65 0 781988
65 1 782059
32 0 782063
32 1 782130
68 0 782160
68 1 782222
73 0 782251
73 1 782313
78 0 782396
78 1 782469
32 0 782529
16 0 782559
32 1 782611
72 0 782742
16 1 782746
72 1 782804
65 0 782823
65 1 782948
69 0 783039
69 1 783101
65 0 783122
65 1 783213
73 0 783335
73 1 783398
73 0 783458
73 1 783560
8 0 783774
8 1 783824
8 0 783894
8 1 783979
8 0 784049
8 1 784111
8 0 784181
87 0 784272
8 1 784276
65 0 784334
87 1 784354
65 1 784428
73 0 784448
73 1 784510
73 0 784572
73 1 784684
190 0 784887
190 1 784951
32 0 785055
32 1 785122
16 0 785142
16 1 785386
8 0 785449
8 1 785502
8 0 785561
8 1 785643
188 0 785785
188 1 785846
32 0 785950
32 1 786022
85 0 786132
85 1 786184
78 0 786284
68 0 786335
78 1 786356
69 0 786406
68 1 786427
69 1 786481
32 0 786485
32 1 786542
77 0 786633
65 0 786714
77 1 786718
65 1 786786
32 0 786806
32 1 786867
73 0 786977
73 1 787038
78 0 787139
84 0 787190
78 1 787220
84 1 787241
65 0 787362
65 1 787447
76 0 787451
76 1 787509
78 0 787610
69 0 787671
78 1 787692
69 1 787712
83 0 787813
83 1 787884
67 0 787988
67 1 788070
32 0 788073
32 1 788141
67 0 788201
67 1 788272
85 0 788292
85 1 788354
32 0 788478
32 1 788552
16 0 789940
66 0 790044
66 1 790126
16 1 790130
82 0 790217
82 1 790278
65 0 790339
65 1 790410
68 0 790471
68 1 790546
32 0 790566
32 1 790637
16 0 790677
80 0 790778
80 1 790850
16 1 790854
73 0 790930
73 1 791005
84 0 791035
84 1 791116
84 0 791769
84 1 791830
190 0 791883
190 1 791952
32 0 792047
32 1 792127
16 0 792131
83 0 792238
83 1 792310
16 1 792314
80 0 792371
80 1 792451
8 0 792921
8 1 792962
8 0 793065
8 1 793116
8 0 793227
8 1 793269
32 0 793962
32 1 794057
16 0 794096
73 0 794240
73 1 794300
16 1 794304
78 0 794391
78 1 794462
32 0 794532
67 0 794617
32 1 794621
67 1 794688
79 0 794739
79 1 794810
78 0 794891
78 1 794963
84 0 795012
84 1 795076
73 0 795106
73 1 795168
78 0 795259
78 1 795330
85 0 795410
65 0 795502
85 1 795506
65 1 795576
82 0 795667
69 0 795718
82 1 795750
69 1 795820
188 0 795823
188 1 795881
32 0 795962
83 0 796042
32 1 796047
83 1 796117
80 0 796166
69 0 796248
80 1 796251
69 1 796309
82 0 796400
82 1 796471
32 0 796491
32 1 796562
67 0 796647
67 1 796698
65 0 796819
65 1 796901
32 0 796904
32 1 796962
69 0 797022
69 1 797087
76 0 797106
76 1 797198
32 0 797289
32 1 797360
68 0 797400
69 0 797471
68 1 797475
69 1 797532
83 0 797626
83 1 797729
67 0 798360
67 1 798442
72 0 799239
72 1 799300
73 0 799413
73 1 799473
68 0 799492
69 0 799573
68 1 799605
69 1 799669
32 0 799672
32 1 799730
67 0 799800
67 1 799902
79 0 799905
79 1 799973
78 0 800064
86 0 800119
78 1 800149
69 0 800200
86 1 800203
69 1 800281
82 0 800331
82 1 800403
83 0 800504
65 0 800564
83 1 800596
65 1 800670
84 0 800780
84 1 800842
73 0 800861
73 1 800944
65 0 800993
65 1 801075
32 0 801094
32 1 801169
67 0 801199
67 1 801271
85 0 801290
85 1 801351
32 0 801472
32 1 801534
77 0 801626
77 1 801700
73 0 801801
73 1 801872
78 0 802453
78 1 802514
69 0 802564
69 1 802635
188 0 802933
188 1 802994
32 0 803085
32 1 803160
80 0 803281
69 0 803352
80 1 803357
69 1 803413
78 0 803463
78 1 803545
84 0 803585
82 0 803605
84 1 803626
82 1 803680
85 0 803683
85 1 803731
32 0 803842
67 0 803903
32 1 803924
67 1 803974
65 0 804065
65 1 804147
32 0 804150
32 1 804221
69 0 804271
69 1 804342
85 0 804382
85 1 804444
32 0 804565
32 1 804637
78 0 804730
78 1 804801
189 0 804934
189 1 805005
65 0 805025
65 1 805107
83 0 805110
83 1 805191
32 0 805194
32 1 805241
80 0 805362
80 1 805434
85 0 805545
84 0 805586
85 1 805616
69 0 805637
84 1 805667
69 1 805700
65 0 805822
65 1 805904
32 0 805944
32 1 806016
8 0 806373
8 1 806444
8 0 806525
8 1 806586
8 0 806677
8 1 806753
8 0 806803
8 1 806874
8 0 806955
8 1 807026
8 0 807107
8 1 807178
80 0 808017
80 1 808098
85 0 808199
84 0 808252
69 0 808293
85 1 808295
84 1 808323
69 1 808365
65 0 808475
65 1 808558
32 0 808560
32 1 808607
78 0 808688
78 1 808762
73 0 808854
73 1 808935
67 0 808955
67 1 809027
73 0 809030
73 1 809100
79 0 809159
68 0 809254
79 1 809258
68 1 809304
65 0 809334
65 1 809417
84 0 809456
84 1 809497
65 0 809537
65 1 809629
32 0 809649
83 0 809719
32 1 809740
65 0 809783
83 1 809815
65 1 809887
32 0 809890
32 1 809967
70 0 809997
70 1 810058
65 0 810138
65 1 810200
67 0 810294
67 1 810355
32 0 810385
32 1 810466
65 0 810486
83 0 810567
65 1 810599
83 1 810659
84 0 810662
84 1 810720
65 0 810793
65 1 810905
190 0 810976
190 1 811057
32 0 811149
32 1 811230
16 0 813837
65 0 813928
16 1 813980
65 1 814020
83 0 814121
83 1 814193
32 0 814233
32 1 814295
67 0 814317
67 1 814379
79 0 814419
79 1 814500
78 0 814591
78 1 814652
84 0 814672
84 1 814733
73 0 814752
73 1 814828
78 0 814921
78 1 814992
85 0 815093
65 0 815174
85 1 815176
65 1 815247
32 0 815297
32 1 815360
67 0 815389
67 1 815461
85 0 815491
85 1 815552
32 0 815663
67 0 815693
32 1 815745
69 0 815764
67 1 815816
69 1 815860
32 0 815912
70 0 815951
32 1 815992
70 1 816012
65 0 816123
65 1 816194
67 0 816287
67 1 816360
32 0 816400
32 1 816461
76 0 816552
76 1 816633
65 0 816653
65 1 816735
32 0 816739
32 1 816796
80 0 816901
80 1 816983
82 0 816986
82 1 817034
65 0 817094
65 1 817155
78 0 817225
78 1 817297
90 0 817337
90 1 817432
188 0 817482
188 1 817543
32 0 817634
68 0 817685
32 1 817716
68 1 817746
65 0 817806
65 1 817881
82 0 817973
82 1 818044
32 0 818084
32 1 818146
83 0 818236
83 1 818307
69 0 818401
69 1 818483
32 0 818486
32 1 818544
80 0 818665
65 0 818715
80 1 818747
65 1 818797
82 0 818881
69 0 818943
82 1 818963
69 1 819004
32 0 819034
32 1 819095
67 0 819155
67 1 819227
65 0 819338
65 1 819413
32 0 819443
32 1 819503
78 0 819655
78 1 819726
85 0 819827
85 1 819912
189 0 820033
189 1 820074
77 0 820186
77 1 820258
73 0 820348
73 1 820413
32 0 820524
32 1 820596
65 0 820646
65 1 820708
74 0 820758
74 1 820820
85 0 820902
85 1 820964
78 0 821065
71 0 821146
78 1 821150
71 1 821207
32 0 821268
32 1 821339
53 0 821727
53 1 821788
48 0 821808
48 1 821869
48 0 821933
48 1 822015
32 0 822136
68 0 822207
32 1 822211
69 0 822258
68 1 822261
69 1 822339
32 0 822380
67 0 822454
32 1 822457
67 1 822535
65 0 822626
65 1 822698
82 0 822778
82 1 822859
65 0 822943
65 1 823025
67 0 823126
67 1 823197
84 0 823328
69 0 823399
84 1 823403
69 1 823504
82 0 823544
69 0 823635
82 1 823639
69 1 823748
8 0 825389
8 0 825899
8 0 825939
8 0 825983
8 0 826024
8 0 826064
8 0 826104
8 0 826145
8 0 826185
8 0 826226
8 0 826267
8 0 826307
8 0 826348
8 0 826389
8 0 826431
8 0 826474
8 0 826513
8 0 826554
8 0 826594
8 0 826635
8 0 826676
8 0 826716
8 0 826756
8 0 826798
8 0 826838
8 0 826878
8 0 826919
8 0 826959
8 1 826994
77 0 827359
77 1 827441
73 0 827545
73 1 827606
189 0 827712
65 0 827788
189 1 827791
65 1 827852
77 0 827891
77 1 827961
32 0 828037
32 1 828096
69 0 828136
69 1 828197
80 0 828278
80 1 828349
85 0 828440
85 1 828504
73 0 828585
90 0 828667
73 1 828670
65 0 828747
90 1 828768
65 1 828850
84 0 828962
84 1 829025
32 0 829045
32 1 829117
67 0 829147
69 0 829207
67 1 829238
69 1 829299
76 0 829302
76 1 829370
69 0 829410
69 1 829471
32 0 829501
32 1 829566
53 0 829829
53 1 829900
48 0 829940
48 1 829991
48 0 830076
48 1 830158
32 0 830279
68 0 830350
32 1 830353
69 0 830400
68 1 830421
69 1 830492
32 0 830496
67 0 830576
32 1 830600
67 1 830637
65 0 830729
65 1 830780
82 0 830851
82 1 830922
65 0 831013
65 1 831088
67 0 831180
67 1 831251
84 0 831365
69 0 831453
84 1 831456
69 1 831558
82 0 831561
69 0 831649
82 1 831669
69 1 831772
32 0 831792
32 1 831862
73 0 831973
73 1 832034
78 0 832130
78 1 832211
65 0 832241
73 0 832312
65 1 832333
73 1 832383
78 0 832464
84 0 832535
78 1 832538
69 0 832619
84 1 832623
69 1 832684
32 0 832688
32 1 832751
83 0 832792
65 0 832854
83 1 832895
65 1 832935
32 0 832954
83 0 833035
32 1 833038
83 1 833121
69 0 833191
69 1 833262
32 0 833292
70 0 833363
32 1 833384
70 1 833424
65 0 833505
65 1 833569
67 0 833639
67 1 833681
65 0 833761
32 0 833812
65 1 833843
32 1 833873
79 0 833994
82 0 834065
79 1 834072
82 1 834120
65 0 834191
65 1 834323
32 0 834373
32 1 834445
49 0 834526
49 1 834590
48 0 834660
48 1 834732
16 0 835150
16 0 835660
16 0 835700
16 0 835741
16 0 835781
16 0 835823
16 0 835863
16 0 835903
16 0 835944
16 0 835984
16 0 836025
16 0 836065
16 0 836109
16 1 836151
37 0 837137
37 1 837190
37 0 837292
37 1 837362
37 0 837432
37 1 837504
37 0 837574
37 1 837649
37 0 837719
37 1 837791
37 0 837871
37 1 837953
77 0 838206
77 1 838257
65 0 838276
65 1 838337
67 0 838408
67 1 838470
65 0 838550
65 1 838612
82 0 838675
32 0 838745
82 1 838749
32 1 838807
39 0 839001
39 1 839073
39 0 839167
39 1 839241
39 0 839320
39 1 839392
39 0 839482
39 1 839544
39 0 839624
39 1 839699
39 0 839779
39 1 839871
190 0 840378
190 1 840439
16 0 900050
83 0 900244
16 1 900283
83 1 900324
73 0 900394
83 0 900468
73 1 900471
83 1 900550
84 0 900640
84 1 900723
69 0 900763
69 1 900825
77 0 900906
77 1 900979
85 0 901101
85 1 901142
76 0 901254
76 1 901315
32 0 901405
69 0 901478
32 1 901482
69 1 901531
68 0 901622
68 1 901694
85 0 901714
85 1 901765
67 0 901794
67 1 901857
65 0 901937
65 1 902010
84 0 902101
84 1 902173
73 0 902176
73 1 902223
79 0 902294
79 1 902346
78 0 902436
78 1 902511
65 0 902541
65 1 902612
76 0 902631
76 1 902685
32 0 902775
32 1 902844
68 0 902864
68 1 902926
73 0 902966
73 1 903020
78 0 903101
78 1 903173
32 0 903235
16 0 903294
32 1 903315
82 0 903520
82 1 903582
16 1 903622
79 0 903683
79 1 903743
77 0 903845
77 1 903916
65 0 903945
65 1 904010
78 0 904072
78 1 904132
73 0 904234
73 1 904295
65 0 904345
65 1 904416
32 0 904457
32 1 904521
69 0 905727
69 1 905766
83 0 905888
83 1 905968
84 0 906033
69 0 906103
84 1 906108
69 1 906185
32 0 906246
68 0 906306
32 1 906310
68 1 906378
73 0 906428
73 1 906490
78 0 906574
78 1 906635
32 0 906717
32 1 906775
80 0 906898
79 0 906918
65 0 906952
80 1 906953
79 1 906955
65 1 907019
67 0 907104
67 1 907155
8 0 907603
8 1 907685
8 0 907757
8 1 907827
8 0 907887
8 1 907990
65 0 908009
65 1 908083
67 0 908165
67 1 908227
65 0 908308
65 1 908389
84 0 908418
84 1 908480
69 0 908550
69 1 908624
32 0 908664
32 1 908745
82 0 908806
82 1 908878
65 0 908958
65 1 909039
77 0 909042
77 1 909114
65 0 909144
83 0 909215
65 1 909247
83 1 909307
32 0 909357
32 1 909428
73 0 909550
73 1 909616
78 0 909699
78 1 909757
32 0 909829
32 1 909889
85 0 910022
82 0 910094
85 1 910097
82 1 910167
77 0 910238
77 1 910299
65 0 910329
65 1 910412
32 0 910460
32 1 910521
83 0 910551
83 1 910627
73 0 910667
73 1 910729
32 0 910841
32 1 910910
67 0 910960
67 1 911011
85 0 911043
85 1 911107
8 0 912733
8 1 912773
8 0 912885
8 1 912935
80 0 913047
80 1 913107
76 0 913200
76 1 913232
73 0 913333
73 1 913384
78 0 913475
78 1 913537
32 0 913606
32 1 913690
68 0 913711
69 0 913761
68 1 913793
69 1 913854
32 0 913857
32 1 913914
76 0 914015
65 0 914067
76 1 914097
65 1 914141
67 0 914233
67 1 914305
85 0 914307
85 1 914375
78 0 914465
78 1 914547
69 0 914577
69 1 914652
190 0 914693
190 1 914763
32 0 914844
32 1 914914
16 0 914945
16 0 915456
16 0 915497
16 0 915538
16 0 915578
16 0 915618
16 0 915663
16 0 915703
80 0 915723
80 1 915794
16 1 915876
82 0 915998
82 1 916077
73 0 916081
73 1 916149
8 0 916417
8 1 916468
8 0 916539
8 1 916600
8 0 916673
8 1 916734
16 0 916876
77 0 917130
77 1 917185
16 1 917290
79 0 917328
79 1 917387
84 0 917477
84 1 917559
73 0 917562
73 1 917630
86 0 917713
86 1 917785
85 0 918297
85 1 918326
76 0 918457
76 1 918520
32 0 918624
32 1 918693
80 0 918815
80 1 918877
69 0 918897
69 1 918958
78 0 918998
78 1 919070
84 0 919797
82 0 919857
84 1 919878
82 1 919928
85 0 919931
85 1 919989
32 0 920111
32 1 920172
65 0 920255
83 0 920346
65 1 920409
83 1 920459
84 0 920610
84 1 920672
65 0 920806
65 1 920867
188 0 921191
188 1 921246
32 0 921338
32 1 921398
68 0 921438
68 1 921499
65 0 921590
65 1 921672
67 0 921766
67 1 921817
65 0 921908
65 1 921989
32 0 921992
32 1 922039
77 0 922130
77 1 922201
65 0 922221
65 1 922297
32 0 922301
32 1 922369
73 0 922468
73 1 922531
78 0 922621
84 0 922682
78 1 922685
82 0 922706
84 1 922725
82 1 922757
69 0 922850
69 1 922901
66 0 922904
66 1 922961
73 0 923062
73 1 923113
32 0 923228
32 1 923289
80 0 923379
80 1 923451
69 0 923482
69 1 923553
32 0 923557
32 1 923614
77 0 923695
77 1 923770
73 0 923860
73 1 923921
78 0 924004
78 1 924063
69 0 924104
69 1 924186
188 0 924189
188 1 924227
32 0 924323
69 0 924351
32 1 924382
69 1 924432
83 0 924533
83 1 924584
84 0 924716
69 0 924757
84 1 924780
69 1 924821
32 0 924841
32 1 924932
70 0 924935
70 1 924983
65 0 925063
65 1 925155
80 0 925215
80 1 925284
84 0 925327
84 1 925385
85 0 925414
85 1 925476
76 0 925577
76 1 925638
32 0 925719
67 0 925779
32 1 925782
67 1 925834
65 0 925905
65 1 925985
32 0 925988
32 1 926036
77 0 926106
69 0 926147
69 1 926198
77 1 926202
83 0 926289
83 1 926353
69 0 926434
69 1 926505
82 0 926586
82 1 926648
73 0 926678
73 1 926729
65 0 926758
65 1 926834
32 0 926863
68 0 926933
32 1 926939
69 0 926994
68 1 927015
32 0 927055
69 1 927086
32 1 927116
80 0 927247
80 1 927312
82 0 927315
82 1 927363
79 0 927393
70 0 927475
79 1 927478
69 0 927555
70 1 927559
69 1 927617
83 0 927708
83 1 927810
79 0 927908
79 1 927955
82 0 928137
82 1 928198
32 0 928218
32 1 928290
78 0 928387
78 1 928445
85 0 928547
85 1 928608
32 0 928714
32 1 928790
69 0 928823
69 1 928885
32 0 929606
32 1 929657
68 0 929687
69 0 929747
68 1 929768
69 1 929829
76 0 929872
76 1 929934
79 0 930014
79 1 930086
67 0 930136
67 1 930218
32 0 930221
32 1 930278
73 0 930372
73 1 930436
78 0 930517
78 1 930588
67 0 930608
67 1 930680
85 0 930700
85 1 930761
82 0 930781
82 1 930833
65 0 930916
65 1 930987
74 0 931017
74 1 931078
65 0 931118
65 1 931191
84 0 931305
84 1 931353
65 0 931458
65 1 931560
190 0 931563
190 1 931632
32 0 931732
16 0 931735
32 1 931794
80 0 931920
16 1 931924
80 1 931990
82 0 932029
82 1 932100
79 0 932103
79 1 932151
70 0 932203
69 0 932262
70 1 932284
69 1 932335
83 0 932458
83 1 932530
79 0 932570
79 1 932641
82 0 932692
82 1 932763
73 0 932782
73 1 932844
32 0 932948
32 1 933009
65 0 933029
65 1 933090
74 0 933141
74 1 933192
85 0 933262
85 1 933334
78 0 933427
71 0 933509
78 1 933512
71 1 933550
32 0 933600
32 1 933662
68 0 933692
68 1 933763
79 0 933793
79 1 933856
65 0 933876
65 1 933970
82 0 934061
32 0 934131
82 1 934135
32 1 934212
67 0 934253
67 1 934365
69 0 934368
69 1 934440
73 0 934481
73 1 934532
8 0 934877
8 0 935388
8 0 935430
8 0 935471
8 0 935511
8 0 935554
8 0 935593
8 0 935636
8 1 935655
73 0 936288
73 1 936336
78 0 936450
78 1 936512
32 0 936643
32 1 936693
73 0 937426
73 1 937481
78 0 937576
78 1 937634
8 0 937901
8 1 937961
8 0 938042
8 1 938112
80 0 938163
80 1 938245
82 0 938295
82 1 938338
73 0 938367
73 1 938427
78 0 938501
78 1 938573
67 0 938593
67 1 938664
73 0 938710
73 1 938765
80 0 938890
80 1 938928
65 0 939133
65 1 939194
76 0 939277
76 1 939316
32 0 939416
67 0 939490
32 1 939493
69 0 939563
67 1 939603
69 1 939644
73 0 939676
73 1 939736
32 0 939837
67 0 939877
32 1 939898
67 1 939949
65 0 940032
65 1 940104
82 0 940185
69 0 940245
32 0 940265
82 1 940269
69 1 940296
32 1 940316
78 0 940407
78 1 940483
85 0 940562
85 1 940634
32 0 940725
83 0 940805
32 1 940809
83 1 940867
85 0 940917
85 1 940978
78 0 941053
84 0 941134
78 1 941138
84 1 941185
32 0 941215
32 1 941286
83 0 941336
83 1 941428
85 0 941431
85 1 941513
70 0 941552
70 1 941624
73 0 941664
67 0 941745
73 1 941748
67 1 941836
73 0 941856
73 1 941928
69 0 941958
69 1 942034
78 0 942072
78 1 942143
84 0 942173
84 1 942235
32 0 942275
32 1 942346
68 0 942376
69 0 942427
68 1 942458
69 1 942511
32 0 942515
32 1 942563
66 0 942654
66 1 942715
85 0 942826
85 1 942887
78 0 942978
78 1 943054
73 0 943144
73 1 943195
32 0 943306
32 1 943354
73 0 943469
73 1 943524
78 0 943605
67 0 943676
78 1 943680
67 1 943738
65 0 943819
65 1 943890
84 0 943991
32 0 944054
84 1 944058
32 1 944126
83 0 944197
65 0 944257
83 1 944288
65 1 944370
32 0 944372
32 1 944461
70 0 944522
70 1 944575
65 0 944656
65 1 944727
67 0 944808
67 1 944869
65 0 944961
65 1 945055
32 0 945059
32 1 945116
65 0 945156
65 1 945248
76 0 945278
76 1 945339
84 0 945369
84 1 945431
67 0 945565
69 0 945627
67 1 945678
69 1 945719
86 0 945799
86 1 945871
65 0 945983
65 1 946067
190 0 946452
190 1 946522
32 0 946627
32 1 946699
16 0 948694
16 0 949204
16 0 949245
16 0 949285
16 0 949325
16 0 949367
83 0 949407
83 1 949508
16 1 949512
65 0 949622
65 1 949694
76 0 949735
76 1 949817
65 0 949857
65 1 949927
82 0 950031
82 1 950089
73 0 950133
73 1 950185
73 0 950248
73 1 950327
8 0 950623
8 1 950674
8 0 950756
8 1 950816
8 0 950910
8 1 950958
8 0 951049
8 1 951100
8 0 951194
8 1 951235
8 0 951327
8 1 951387
8 0 951715
8 1 951788
16 0 951979
67 0 952348
67 1 952418
16 1 952449
65 0 952549
65 1 952621
78 0 952654
78 1 952716
68 0 952758
68 1 952807
32 0 952837
32 1 952908
84 0 955794
69 0 955837
84 1 955838
69 1 955875
32 0 955915
32 1 955987
71 0 956465
71 1 956496
65 0 956608
65 1 956689
78 0 956732
78 1 956793
68 0 956854
69 0 956925
68 1 956929
69 1 957009
83 0 957087
83 1 957180
84 0 957315
84 1 957375
73 0 957378
73 1 957435
32 0 957556
67 0 957607
32 1 957611
69 0 957678
67 1 957722
69 1 957774
32 0 957777
32 1 957834
65 0 957885
65 1 957976
73 0 957979
73 1 958027
32 0 958128
32 1 958189
86 0 958274
82 0 958294
69 0 958355
86 1 958358
82 1 958386
69 1 958416
65 0 958527
65 1 958599
32 0 958602
83 0 958680
32 1 958706
65 0 958743
83 1 958764
65 1 958815
32 0 958819
68 0 958897
32 1 958900
69 0 958957
68 1 958978
69 1 959029
86 0 959100
86 1 959191
73 0 959230
73 1 959275
73 0 959356
73 1 959437
32 0 959558
32 1 959609
67 0 959659
67 1 959701
65 0 959804
65 1 959906
78 0 959909
78 1 959967
68 0 959997
68 1 960078
32 0 960081
32 1 960139
86 0 960628
69 0 960709
86 1 960713
69 1 960784
73 0 960815
73 1 960867
32 0 960977
32 1 961038
70 0 961089
70 1 961171
73 0 961211
73 1 961265
32 0 961376
32 1 961437
77 0 961538
65 0 961600
77 1 961603
65 1 961681
82 0 961762
69 0 961815
82 1 961857
188 0 961860
69 1 961877
188 1 961908
32 0 962019
32 1 962090
79 0 962559
79 1 962621
82 0 962661
82 1 962742
73 0 962745
73 1 962806
67 0 962856
67 1 962907
65 0 963008
65 1 963090
84 0 963204
32 0 963242
84 1 963262
32 1 963326
68 0 963386
69 0 963437
68 1 963468
69 1 963529
32 0 963532
32 1 963590
66 0 963680
66 1 963744
79 0 963865
79 1 963936
69 0 963967
69 1 964037
77 0 964088
77 1 964169
32 0 964250
32 1 964314
83 0 964354
83 1 964436
73 0 964466
73 1 964527
32 0 964629
68 0 964721
32 1 964724
69 0 964771
68 1 964802
69 1 964867
32 0 964870
32 1 964948
78 0 965549
69 0 965609
78 1 965613
69 1 965691
77 0 965721
65 0 965791
77 1 965795
65 1 965886
84 0 965997
69 0 966078
84 1 966083
82 0 966139
69 1 966160
82 1 966231
73 0 966234
73 1 966282
65 0 966345
65 1 966437
76 0 966477
76 1 966559
73 0 966899
73 1 966969
83 0 967049
83 1 967120
84 0 967243
84 1 967294
32 0 967313
32 1 967387
65 0 967428
65 1 967509
73 0 967539
73 1 967611
32 0 967711
32 1 967783
70 0 967823
70 1 967887
73 0 967938
73 1 967979
188 0 968080
188 1 968152
32 0 968222
32 1 968294
65 0 968344
65 1 968408
73 0 968428
73 1 968479
32 0 968570
32 1 968641
78 0 968712
69 0 968752
78 1 968783
69 1 968804
86 0 968918
86 1 968990
79 0 968993
79 1 969031
73 0 969091
73 1 969162
69 0 969192
69 1 969243
32 0 969273
32 1 969355
83 0 969388
65 0 969429
83 1 969469
65 1 969550
32 0 969554
32 1 969611
80 0 969803
80 1 969878
85 0 970000
85 1 970052
73 0 970132
73 1 970193
32 0 970304
32 1 970375
79 0 970479
79 1 970541
32 0 970652
32 1 970713
80 0 970834
80 1 970909
73 0 970990
84 0 971061
73 1 971065
84 1 971112
65 0 971224
65 1 971306
32 0 971309
32 1 971367
80 0 971775
80 1 971847
69 0 971877
69 1 971952
32 0 971982
32 1 972023
77 0 973133
77 1 973183
65 0 973223
65 1 973335
83 0 973338
65 0 973439
83 1 973443
65 1 973501
188 0 973815
188 1 973886
32 0 973960
67 0 974032
32 1 974035
69 0 974072
67 1 974113
69 1 974174
69 0 974315
69 1 974346
65 0 974632
65 1 974683
32 0 974744
32 1 974806
67 0 974846
69 0 974928
67 1 974961
32 0 974981
69 1 975022
32 1 975062
84 0 975143
69 0 975235
84 1 975241
69 1 975306
32 0 975309
32 1 975397
70 0 975400
70 1 975461
65 0 975562
65 1 975623
67 0 975704
69 0 975796
67 1 975827
69 1 975867
32 0 975870
32 1 975928
83 0 975982
65 0 976025
83 1 976054
65 1 976125
32 0 976129
32 1 976186
84 0 976246
69 0 976296
84 1 976327
69 1 976398
32 0 976401
32 1 976449
71 0 976573
71 1 976624
65 0 976644
65 1 976716
78 0 976757
68 0 976806
78 1 976837
69 0 976868
68 1 976888
69 1 976949
83 0 977033
83 1 977105
84 0 977236
84 1 977307
73 0 977311
73 1 977358
32 0 977482
32 1 977543
8 0 977776
8 0 978287
8 0 978328
8 0 978368
8 0 978409
8 0 978449
8 0 978493
8 0 978534
8 0 978575
8 0 978615
8 0 978656
8 0 978696
8 0 978737
8 0 978777
8 0 978818
8 0 978858
8 0 978899
8 1 978940
69 0 979514
69 1 979586
32 0 979616
32 1 979678
8 0 981273
8 1 981345
8 0 981437
8 1 981506
8 0 981581
8 1 981651
8 0 981743
8 1 981803
8 0 981895
8 1 981955
70 0 983256
70 1 983285
65 0 984244
65 1 984326
67 0 984427
69 0 984497
67 1 984549
69 1 984593
32 0 984595
32 1 984633
83 0 984704
65 0 984754
83 1 984785
32 0 984836
65 1 984876
32 1 984906
80 0 985042
80 1 985113
85 0 985216
85 1 985277
73 0 985347
73 1 985419
32 0 985530
32 1 985593
85 0 985695
85 1 985756
78 0 985836
78 1 985907
32 0 985978
65 0 986039
32 1 986060
65 1 986103
67 0 986215
67 1 986276
67 0 986327
67 1 986419
69 0 986551
69 1 986625
80 0 986655
80 1 986737
84 0 986787
84 1 986859
8 0 987041
8 1 987102
8 0 987165
8 1 987249
78 0 987358
84 0 987439
78 1 987442
84 1 987511
32 0 987571
68 0 987644
32 1 987648
69 0 987715
68 1 987746
69 1 987787
83 0 987877
83 1 987939
84 0 988060
84 1 988134
85 0 988137
85 1 988186
76 0 988297
76 1 988348
32 0 988439
68 0 988500
32 1 988503
69 0 988560
68 1 988602
32 0 988604
69 1 988655
32 1 988659
77 0 988746
65 0 988797
77 1 988818
65 1 988879
82 0 988960
69 0 989030
82 1 989034
32 0 989061
69 1 989112
32 1 989136
80 0 989238
69 0 989319
80 1 989323
69 1 989370
32 0 989421
67 0 989492
32 1 989496
67 1 989563
79 0 989593
79 1 989647
77 0 989738
77 1 989799
80 0 989890
80 1 989972
79 0 990032
79 1 990093
78 0 990197
78 1 990259
69 0 990298
69 1 990390
78 0 990393
78 1 990461
84 0 990491
84 1 990563
65 0 990666
65 1 990748
32 0 990751
32 1 990798
70 0 990848
70 1 990920
73 0 990940
73 1 991001
78 0 991092
78 1 991166
65 0 991196
65 1 991259
78 0 991309
78 1 991390
67 0 991441
67 1 991522
73 0 991563
73 1 991634
65 0 991664
65 1 991739
82 0 991820
82 1 991881
65 0 991962
65 1 992043
190 0 992046
190 1 992114
32 0 992218
16 0 992239
32 1 992280
83 0 992371
83 1 992412
16 1 992416
65 0 992513
65 1 992584
76 0 992614
76 1 992676
65 0 992729
65 1 992770
82 0 992850
82 1 992922
73 0 992962
73 1 993013
73 0 993084
73 1 993165
76 0 993299
76 1 993360
69 0 993400
69 1 993462
32 0 993482
32 1 993553
80 0 993674
80 1 993749
82 0 993752
82 1 993811
79 0 993840
70 0 993901
79 1 993923
69 0 993963
70 1 993993
69 1 994054
83 0 994165
83 1 994240
79 0 994280
79 1 994342
82 0 994392
82 1 994453
73 0 994483
73 1 994554
76 0 994665
76 1 994730
85 0 994881
85 1 994902
8 0 995094
8 1 995165
79 0 995291
79 1 995352
82 0 995392
82 1 995443
32 0 995515
32 1 995597
78 0 995697
78 1 995761
85 0 995862
85 1 995913
32 0 996014
32 1 996096
84 0 996099
69 0 996166
84 1 996187
69 1 996251
32 0 996254
32 1 996312
73 0 996423
73 1 996494
78 0 996585
78 1 996656
67 0 996696
67 1 996771
85 0 996831
85 1 996902
82 0 997013
82 1 997085
65 0 997207
65 1 997322
74 0 997373
74 1 997444
69 0 997484
65 0 997565
69 1 997568
65 1 997657
90 0 997717
65 0 997791
90 1 997812
65 1 997893
32 0 997896
32 1 997964
68 0 997994
69 0 998064
68 1 998068
69 1 998146
76 0 998166
76 1 998227
79 0 998312
79 1 998383
67 0 998413
67 1 998484
32 0 998525
32 1 998586
83 0 998636
65 0 998687
83 1 998738
65 1 998812
32 0 998815
32 1 998893
73 0 1001439
73 1 1001479
84 0 1001560
84 1 1001613
73 0 1001615
73 1 1001664
32 0 1001774
68 0 1001827
32 1 1001830
68 1 1001920
79 0 1001979
82 0 1002050
79 1 1002054
69 0 1002100
82 1 1002121
69 1 1002162
83 0 1002244
83 1 1002337
84 0 1002460
84 1 1002531
73 0 1002533
73 1 1002591
32 0 1002703
65 0 1002763
32 1 1002767
83 0 1002838
65 1 1002930
83 1 1002930
84 0 1003020
84 1 1003092
65 0 1003193
65 1 1003274
32 0 1003277
32 1 1003348
67 0 1003390
67 1 1003450
65 0 1003532
65 1 1003624
32 0 1003628
32 1 1003685
79 0 1003816
79 1 1003870
8 0 1004634
8 1 1004695
79 0 1005316
79 1 1005370
32 0 1005501
32 1 1005563
77 0 1005663
69 0 1005745
77 1 1005748
69 1 1005796
83 0 1005900
83 1 1005981
82 0 1006133
82 1 1006164
8 0 1006592
8 1 1006653
69 0 1006713
69 1 1006785
82 0 1006879
82 1 1006961
73 0 1006990
73 1 1007062
69 0 1007132
69 1 1007214
32 0 1007419
32 1 1007501
80 0 1007643
69 0 1007724
80 1 1007729
69 1 1007795
78 0 1007856
78 1 1007910
84 0 1007961
82 0 1007991
84 1 1008022
85 0 1008041
82 1 1008072
85 1 1008102
32 0 1008234
67 0 1008295
32 1 1008315
67 1 1008366
65 0 1008470
65 1 1008562
82 0 1008726
69 0 1008807
82 1 1008828
69 1 1008901
32 0 1008932
32 1 1009034
83 0 1009369
65 0 1009433
83 1 1009465
65 1 1009526
32 0 1009529
32 1 1009587
76 0 1009718
76 1 1009790
85 0 1009890
85 1 1009955
80 0 1010066
80 1 1010137
84 0 1010157
84 1 1010229
73 0 1010232
73 1 1010299
32 0 1010423
83 0 1010475
32 1 1010478
65 0 1010515
83 1 1010546
65 1 1010616
32 0 1010666
32 1 1010748
8 0 1016707
8 1 1016778
8 0 1016850
8 1 1016920
8 0 1016990
8 1 1017064
8 0 1017135
8 1 1017248
190 0 1017574
190 1 1017655
16 0 1032055
73 0 1032185
73 1 1032250
16 1 1032254
78 0 1032341
78 1 1032392
32 0 1032472
32 1 1032554
80 0 1032695
80 1 1032759
79 0 1032821
90 0 1032892
79 1 1032897
65 0 1032954
90 1 1032973
65 1 1033075
32 0 1033078
32 1 1033145
65 0 1033185
65 1 1033261
76 0 1033291
76 1 1033361
65 0 1033382
65 1 1033483
84 0 1033625
84 1 1033707
85 0 1033749
82 0 1033831
85 1 1033834
82 1 1033892
65 0 1033962
65 1 1034074
84 0 1034206
84 1 1034261
65 0 1034392
65 1 1034464
188 0 1035024
188 1 1035064
32 0 1035176
32 1 1035236
77 0 1035340
77 1 1035401
65 0 1035421
65 1 1035483
73 0 1035502
73 1 1035556
32 0 1035666
69 0 1035716
32 1 1035736
69 1 1035770
88 0 1035872
88 1 1035933
65 0 1036023
65 1 1036084
67 0 1036196
67 1 1036271
84 0 1036382
84 1 1036453
32 0 1036503
32 1 1036574
73 0 1037739
73 1 1037795
78 0 1037877
78 1 1037928
32 0 1037998
32 1 1038059
80 0 1038191
65 0 1038252
80 1 1038255
65 1 1038326
82 0 1038427
82 1 1038478
84 0 1038549
82 0 1038588
84 1 1038609
82 1 1038631
8 0 1039062
8 1 1039109
69 0 1039261
65 0 1039325
69 1 1039346
65 1 1039427
32 0 1039467
32 1 1039528
83 0 1039578
83 1 1039660
84 0 1039772
84 1 1039838
65 0 1039937
65 1 1040009
78 0 1040012
78 1 1040081
71 0 1040190
65 0 1040262
71 1 1040265
65 1 1040337
32 0 1040397
32 1 1040468
65 0 1040918
65 1 1040999
32 0 1041314
32 1 1041387
65 0 1041406
65 1 1041468
67 0 1041590
67 1 1041650
69 0 1041773
69 1 1041824
83 0 1041918
83 1 1041989
84 0 1042119
69 0 1042180
84 1 1042200
69 1 1042251
73 0 1042271
73 1 1042322
32 0 1042446
32 1 1042508
70 0 1042511
69 0 1042568
70 1 1042599
69 1 1042700
82 0 1042703
82 1 1042771
69 0 1042977
69 1 1043049
83 0 1043161
83 1 1043246
84 0 1043389
82 0 1043431
84 1 1043453
82 1 1043500
69 0 1043581
69 1 1043663
32 0 1043694
32 1 1043752
73 0 1043853
73 1 1043919
78 0 1043989
78 1 1044061
32 0 1044143
67 0 1044202
32 1 1044223
67 1 1044264
65 0 1044364
65 1 1044429
82 0 1044509
69 0 1044561
82 1 1044591
69 1 1044622
32 0 1044652
83 0 1044722
32 1 1044726
83 1 1044794
67 0 1044875
67 1 1044939
82 0 1045042
82 1 1045101
73 0 1045105
73 1 1045162
85 0 1045223
85 1 1045284
32 0 1045386
67 0 1045469
32 1 1045472
69 0 1045550
67 1 1045581
69 1 1045621
76 0 1045625
76 1 1045682
69 0 1045712
69 1 1045794
32 0 1045813
32 1 1045875
53 0 1045959
53 1 1046020
48 0 1046040
48 1 1046101
48 0 1046132
48 1 1046224
32 0 1046356
68 0 1046428
32 1 1046432
69 0 1046489
68 1 1046492
69 1 1046581
32 0 1046585
67 0 1046671
32 1 1046675
67 1 1046733
65 0 1046824
65 1 1046896
82 0 1046971
82 1 1047041
65 0 1047121
65 1 1047173
67 0 1047277
67 1 1047345
84 0 1047480
69 0 1047561
84 1 1047564
69 1 1047663
82 0 1047666
69 0 1047774
82 1 1047778
69 1 1047886
188 0 1047959
188 1 1048044
32 0 1048132
83 0 1048243
32 1 1048246
83 1 1048314
69 0 1048394
69 1 1048480
32 0 1048499
32 1 1048560
65 0 1048610
65 1 1048682
70 0 1048773
70 1 1048854
76 0 1048858
76 1 1048949
65 0 1049001
65 1 1049082
32 0 1049112
32 1 1049182
79 0 1049304
79 1 1049365
32 0 1049479
83 0 1049561
32 1 1049564
83 1 1049611
67 0 1049722
67 1 1049794
69 0 1049895
69 1 1049970
78 0 1049991
78 1 1050062
65 0 1050102
65 1 1050184
32 0 1051730
32 1 1051791
68 0 1053175
68 1 1053237
73 0 1053267
73 1 1053339
78 0 1053430
78 1 1053491
84 0 1053514
82 0 1053574
84 1 1053605
82 1 1053657
85 0 1053808
85 1 1053880
78 0 1054014
78 1 1054085
32 0 1054186
32 1 1054268
77 0 1054391
77 1 1054460
85 0 1054574
85 1 1054645
90 0 1054705
90 1 1054798
69 0 1054921
69 1 1054991
8 0 1055178
8 1 1055240
8 0 1055311
8 1 1055392
8 0 1055432
8 1 1055514
8 0 1055586
8 1 1055648
8 0 1055729
8 1 1055780
8 0 1055876
8 1 1055911
8 0 1056003
8 1 1056100
189 0 1056243
189 1 1056313
85 0 1056485
85 1 1056549
78 0 1056671
78 1 1056742
32 0 1056823
32 1 1056903
77 0 1057014
77 1 1057099
85 0 1057179
90 0 1057271
85 1 1057274
90 1 1057352
69 0 1057473
69 1 1057545
85 0 1057548
85 1 1057610
32 0 1057731
32 1 1057802
16 0 1058374
57 0 1058475
48 0 1058546
57 1 1058550
48 1 1058651
16 1 1058691
37 0 1058880
37 1 1058960
83 0 1059089
83 1 1059173
80 0 1059176
80 1 1059244
69 0 1059296
69 1 1059335
82 0 1059407
82 1 1059466
32 0 1059486
32 1 1059547
67 0 1059591
67 1 1059641
65 0 1059764
32 0 1059767
65 1 1059813
32 1 1059834
78 0 1059924
78 1 1059996
85 0 1060099
85 1 1060151
32 0 1060253
32 1 1060335
66 0 1060415
66 1 1060476
73 0 1060566
83 0 1060642
73 1 1060645
83 1 1060704
69 0 1060796
69 1 1060846
82 0 1060926
82 1 1060998
73 0 1061028
73 1 1061089
67 0 1061132
69 0 1061224
67 1 1061255
69 1 1061316
39 0 1061389
39 1 1061440
8 0 1061774
8 1 1061815
8 0 1061896
8 1 1061968
65 0 1062235
65 1 1062297
16 0 1062489
48 0 1062570
48 1 1062645
16 1 1062808
32 0 1062889
32 1 1062979
8 0 1065010
8 1 1065071
190 0 1066257
190 1 1066316
32 0 1066437
32 1 1066509
16 0 1066978
16 0 1067491
16 0 1067531
16 0 1067573
16 0 1067613
16 0 1067653
16 0 1067698
16 0 1067739
16 0 1067779
16 0 1067819
16 0 1067860
16 0 1067901
16 0 1067940
16 0 1067981
77 0 1068002
77 1 1068073
16 1 1068175
85 0 1068219
85 1 1068270
90 0 1068353
90 1 1068392
69 0 1068533
69 1 1068584
85 0 1068624
85 1 1068686
8 0 1069298
8 1 1069346
8 0 1069428
8 1 1069498
8 0 1069579
8 1 1069630
8 0 1069732
8 1 1069765
8 0 1069869
8 1 1069907
16 0 1070191
65 0 1070691
16 1 1070766
65 1 1070786
67 0 1070918
67 1 1070978
84 0 1071090
84 1 1071181
73 0 1071184
73 1 1071256
85 0 1071337
85 1 1071409
78 0 1071509
78 1 1071571
65 0 1071641
65 1 1071703
32 0 1071756
32 1 1071827
83 0 1071907
83 1 1071999
69 0 1072079
69 1 1072150
32 0 1072191
32 1 1072252
80 0 1072366
80 1 1072438
8 0 1072589
8 1 1072661
8 0 1072735
8 1 1072796
8 0 1072867
8 1 1072939
8 0 1073010
8 1 1073060
8 0 1073131
8 1 1073265
8 0 1073265
8 1 1073359
69 0 1073399
69 1 1073470
65 0 1073490
65 1 1073561
32 0 1073591
32 1 1073663
83 0 1073693
83 1 1073777
69 0 1073857
69 1 1073929
32 0 1073932
32 1 1073979
80 0 1074090
69 0 1074161
80 1 1074165
69 1 1074203
84 0 1074316
82 0 1074348
84 1 1074379
82 1 1074420
69 0 1074510
69 1 1074562
67 0 1074662
69 0 1074753
67 1 1074808
69 1 1074890
32 0 1074950
32 1 1075020
67 0 1075510
67 1 1075571
8 0 1076295
8 1 1076358
73 0 1076499
73 1 1076551
78 0 1076651
84 0 1076712
78 1 1076716
82 0 1076773
84 1 1076794
189 0 1076847
82 1 1076850
189 1 1076909
85 0 1077033
85 1 1077091
78 0 1077182
78 1 1077255
32 0 1077330
84 0 1077368
32 1 1077410
82 0 1077429
84 1 1077451
82 1 1077481
69 0 1077581
69 1 1077623
67 0 1077734
67 1 1077795
85 0 1077815
85 1 1077880
84 0 1077930
84 1 1077991
32 0 1078031
32 1 1078092
73 0 1078203
73 1 1078254
78 0 1078450
78 1 1078531
68 0 1078612
69 0 1078684
68 1 1078740
69 1 1078806
80 0 1078826
80 1 1078892
65 0 1078942
65 1 1079013
82 0 1079094
82 1 1079165
84 0 1079236
84 1 1079308
65 0 1079404
65 1 1079484
84 0 1079595
84 1 1079667
188 0 1079708
188 1 1079768
32 0 1079839
32 1 1079914
76 0 1080025
76 1 1080105
85 0 1080211
67 0 1080279
85 1 1080281
67 1 1080349
82 0 1080446
82 1 1080514
85 0 1080517
85 1 1080576
32 0 1080676
68 0 1080726
32 1 1080747
69 0 1080808
68 1 1080828
69 1 1080892
32 0 1080895
67 0 1080973
32 1 1080977
67 1 1081034
65 0 1081125
65 1 1081196
82 0 1081256
69 0 1081359
32 0 1081362
82 1 1081364
69 1 1081412
32 1 1081416
78 0 1081503
69 0 1081584
78 1 1081588
69 1 1081645
32 0 1081685
32 1 1081746
80 0 1081867
80 1 1081942
85 0 1082043
84 0 1082114
85 1 1082118
69 0 1082195
84 1 1082199
69 1 1082266
77 0 1082270
77 1 1082338
32 0 1082411
68 0 1082463
32 1 1082504
68 1 1082545
65 0 1082605
65 1 1082686
32 0 1082726
83 0 1082808
32 1 1082811
83 1 1082869
69 0 1082952
69 1 1083024
65 0 1083054
65 1 1083135
77 0 1083138
77 1 1083206
65 0 1083266
65 1 1083338
32 0 1083341
32 1 1083389
68 0 1083473
68 1 1083534
85 0 1083585
85 1 1083646
80 0 1083777
65 0 1083868
80 1 1083872
65 1 1083933
32 0 1083973
32 1 1084034
76 0 1084145
76 1 1084217
73 0 1084317
73 1 1084379
80 0 1084483
80 1 1084554
83 0 1084574
65 0 1084635
83 1 1084666
65 1 1084727
32 0 1084730
32 1 1084787
77 0 1085317
77 1 1085389
65 0 1085442
83 0 1085514
65 1 1085535
83 1 1085606
84 0 1085737
84 1 1085809
73 0 1085828
73 1 1085890
76 0 1086014
76 1 1086076
79 0 1086166
79 1 1086227
82 0 1086288
82 1 1086329
32 0 1086429
32 1 1086492
8 0 1088433
8 1 1088507
32 0 1090402
32 1 1090463
68 0 1090526
68 1 1090588
73 0 1090618
73 1 1090670
78 0 1090761
78 1 1090812
32 0 1090902
32 1 1090973
80 0 1091089
69 0 1091159
80 1 1091162
69 1 1091201
82 0 1091281
82 1 1091362
73 0 1091365
73 1 1091412
79 0 1091474
65 0 1091548
79 1 1091551
65 1 1091610
68 0 1091670
68 1 1091732
65 0 1091792
32 0 1091832
65 1 1091874
32 1 1091893
73 0 1091994
73 1 1092059
78 0 1092129
78 1 1092201
32 0 1092261
67 0 1092342
32 1 1092363
67 1 1092403
65 0 1092538
65 1 1092590
82 0 1092671
69 0 1092762
82 1 1092782
69 1 1092843
32 0 1092863
32 1 1092935
16 0 1093059
88 0 1093273
88 1 1093354
16 1 1093385
8 0 1093661
16 0 1093702
8 1 1093722
67 0 1093843
67 1 1093905
16 1 1093945
79 0 1094006
79 1 1094060
86 0 1094130
86 1 1094192
73 0 1094640
73 1 1094691
68 0 1094752
68 1 1094824
85 0 1094864
85 1 1094936
76 0 1095047
76 1 1095111
32 0 1095212
32 1 1095262
78 0 1095342
78 1 1095414
85 0 1095525
85 1 1095579
32 0 1095691
69 0 1095742
32 1 1095763
69 1 1095813
82 0 1095884
82 1 1095957
65 0 1096046
65 1 1096121
32 0 1096140
32 1 1096191
83 0 1096221
83 1 1096303
73 0 1096323
73 1 1096384
78 0 1096475
78 1 1096546
71 0 1096566
71 1 1096610
85 0 1096661
82 0 1096741
85 1 1096745
82 1 1096813
65 0 1096954
65 1 1097016
32 0 1097056
32 1 1097120
80 0 1097251
80 1 1097323
82 0 1097434
69 0 1097515
82 1 1097536
69 1 1097590
79 0 1097681
79 1 1097732
67 0 1097813
67 1 1097905
85 0 1097908
85 1 1097965
80 0 1098076
65 0 1098171
80 1 1098174
65 1 1098242
82 0 1098323
69 0 1098404
82 1 1098425
69 1 1098496
32 0 1098526
32 1 1098597
65 0 1098651
65 1 1098723
32 0 1098753
32 1 1098814
79 0 1098936
79 1 1098996
65 0 1099068
65 1 1099141
77 0 1099144
77 1 1099212
69 0 1099275
69 1 1099334
78 0 1099354
78 1 1099415
73 0 1099516
73 1 1099567
76 0 1099663
76 1 1099732
79 0 1099813
79 1 1099864
82 0 1099894
82 1 1099956
190 0 1100006
190 1 1100067
16 0 1100171
32 0 1100191
32 1 1100252
85 0 1100373
16 1 1100405
85 1 1100425
78 0 1100516
78 1 1100577
32 0 1100650
65 0 1100722
32 1 1100726
65 1 1100824
76 0 1100854
76 1 1100916
84 0 1100955
32 0 1101036
84 1 1101040
32 1 1101088
73 0 1101182
73 1 1101233
78 0 1101324
78 1 1101386
68 0 1101456
73 0 1101497
68 1 1101517
73 1 1101548
67 0 1102267
67 1 1102326
73 0 1102386
73 1 1102448
85 0 1102518
85 1 1102589
32 0 1102693
32 1 1102764
65 0 1102814
65 1 1102876
82 0 1102956
32 0 1103027
82 1 1103031
32 1 1103089
80 0 1103203
80 1 1103284
85 0 1103375
84 0 1103446
85 1 1103451
69 0 1103486
84 1 1103507
69 1 1103548
65 0 1103669
65 1 1103743
32 0 1103746
32 1 1103814
70 0 1103875
70 1 1103936
73 0 1103939
73 1 1103997
32 0 1104098
32 1 1104169
86 0 1104283
69 0 1104364
86 1 1104368
69 1 1104415
83 0 1104516
83 1 1104588
84 0 1104702
84 1 1104774
73 0 1104777
73 1 1104825
77 0 1104926
69 0 1105017
77 1 1105021
69 1 1105089
78 0 1105129
84 0 1105212
78 1 1105216
84 1 1105274
65 0 1105405
65 1 1105477
84 0 1105578
84 1 1105659
73 0 1105662
73 1 1105743
65 0 1105804
65 1 1105906
32 0 1105945
32 1 1106038
66 0 1109596
66 1 1109647
65 0 1109677
65 1 1109772
90 0 1109803
65 0 1109904
90 1 1109925
65 1 1110046
84 0 1110188
84 1 1110260
65 0 1110365
65 1 1110455
32 0 1110458
32 1 1110525
80 0 1110667
69 0 1110738
80 1 1110741
69 1 1110812
32 0 1110854
32 1 1110935
67 0 1110965
67 1 1111026
69 0 1111137
69 1 1111220
65 0 1111304
65 1 1111395
82 0 1111516
82 1 1111577
83 0 1111698
65 0 1111793
83 1 1111796
65 1 1111884
70 0 1112036
70 1 1112107
85 0 1112138
85 1 1112199
82 0 1112259
82 1 1112323
73 0 1112343
73 1 1112394
32 0 1113324
32 1 1113405
83 0 1113424
83 1 1113507
73 0 1113526
73 1 1113587
32 0 1113688
67 0 1113729
32 1 1113749
67 1 1113800
65 0 1113895
65 1 1113987
82 0 1114057
82 1 1114149
80 0 1114199
80 1 1114260
69 0 1114334
69 1 1114405
188 0 1114455
188 1 1114537
32 0 1114628
32 1 1114689
68 0 1115958
68 1 1116020
65 0 1116121
65 1 1116204
82 0 1116315
82 1 1116388
32 0 1117852
32 1 1117924
78 0 1118434
78 1 1118505
85 0 1118626
85 1 1118688
32 0 1118829
32 1 1118904
69 0 1119658
69 1 1119721
83 0 1119831
83 1 1119915
8 0 1120690
8 1 1120762
8 0 1120862
8 1 1120916
8 0 1120999
8 1 1121060
8 0 1121152
8 1 1121212
8 0 1121298
8 1 1121376
77 0 1121665
77 1 1121733
65 0 1121753
83 0 1121834
65 1 1121854
83 1 1121929
67 0 1122031
67 1 1122094
65 0 1122184
65 1 1122254
32 0 1122258
32 1 1122315
69 0 1122355
69 1 1122416
83 0 1122509
83 1 1122570
84 0 1122691
69 0 1122742
84 1 1122773
69 1 1122844
32 0 1122847
32 1 1122905
85 0 1123009
85 1 1123070
78 0 1123151
78 1 1123222
32 0 1123303
65 0 1123353
32 1 1123374
65 1 1123425
82 0 1123508
82 1 1123580
71 0 1123681
71 1 1123742
85 0 1123762
85 1 1123823
77 0 1123924
69 0 1124008
77 1 1124012
69 1 1124080
78 0 1124099
78 1 1124161
84 0 1124211
84 1 1124283
32 0 1124322
32 1 1124394
77 0 1124487
77 1 1124549
65 0 1124579
65 1 1124650
73 0 1124670
73 1 1124722
32 0 1124832
32 1 1124894
80 0 1124999
80 1 1125071
85 0 1125172
84 0 1125243
85 1 1125246
69 0 1125314
84 1 1125317
69 1 1125426
82 0 1125429
82 1 1125490
78 0 1125493
78 1 1125550
73 0 1125641
73 1 1125713
67 0 1125773
67 1 1125844
32 0 1128318
32 1 1128369
65 0 1128408
65 1 1128479
86 0 1128564
86 1 1128625
65 0 1128726
65 1 1128787
78 0 1128790
78 1 1128858
68 0 1128979
68 1 1129055
32 0 1129076
32 1 1129127
73 0 1129258
73 1 1129314
78 0 1129404
78 1 1129465
32 0 1129539
32 1 1129610
86 0 1129614
69 0 1129660
86 1 1129681
69 1 1129762
68 0 1129822
69 0 1129914
68 1 1129934
69 1 1130049
82 0 1130069
69 0 1130150
82 1 1130170
69 1 1130252
32 0 1130281
32 1 1130343
67 0 1130424
67 1 1130495
65 0 1130568
65 1 1130640
32 0 1130643
32 1 1130701
73 0 1130801
73 1 1130863
78 0 1130943
78 1 1131005
32 0 1131078
32 1 1131140
50 0 1131170
50 1 1131252
48 0 1131292
48 1 1131364
50 0 1131383
50 1 1131444
48 0 1131474
48 1 1131536
32 0 1131660
32 1 1131711
78 0 1131802
78 1 1131884
85 0 1131974
85 1 1132036
32 0 1132132
68 0 1132203
32 1 1132207
68 1 1132265
73 0 1132325
83 0 1132386
73 1 1132389
83 1 1132447
67 0 1132538
67 1 1132602
85 0 1132606
85 1 1132674
84 0 1132724
84 1 1132764
65 0 1132916
65 1 1133008
77 0 1133111
77 1 1133183
32 0 1134047
32 1 1134112
71 0 1136362
71 1 1136420
85 0 1136501
85 1 1136552
83 0 1136613
83 1 1136657
84 0 1136802
84 1 1136870
85 0 1136873
85 1 1136921
82 0 1136981
82 1 1137052
73 0 1137055
73 1 1137112
32 0 1137221
32 1 1137299
86 0 1137302
69 0 1137400
86 1 1137403
69 1 1137491
83 0 1137582
83 1 1137657
84 0 1137788
84 1 1137859
73 0 1137862
73 1 1137910
77 0 1138001
69 0 1138072
77 1 1138077
69 1 1138133
84 0 1138228
84 1 1138309
78 0 1138312
78 1 1138371
8 0 1138593
8 1 1138644
8 0 1138714
8 1 1138789
78 0 1138900
84 0 1138992
78 1 1138998
84 1 1139065
65 0 1139177
65 1 1139259
82 0 1139340
69 0 1139390
82 1 1139421
69 1 1139502
188 0 1139505
188 1 1139593
8 0 1140994
8 1 1141025
188 0 1141657
188 1 1141722
32 0 1143658
32 1 1143732
83 0 1143762
83 1 1143834
85 0 1143864
85 1 1143915
78 0 1143995
84 0 1144067
78 1 1144070
69 0 1144137
84 1 1144158
69 1 1144242
77 0 1144272
77 1 1144345
32 0 1144425
32 1 1144497
73 0 1144607
73 1 1144669
78 0 1144753
78 1 1144814
67 0 1144854
67 1 1144925
76 0 1144956
76 1 1145017
85 0 1145117
85 1 1145169
83 0 1145199
83 1 1145263
73 0 1145284
73 1 1145345
86 0 1145477
86 1 1145538
73 0 1145639
73 1 1145710
32 0 1145824
32 1 1145885
67 0 1145966
67 1 1146038
85 0 1146040
85 1 1146088
32 0 1146189
32 1 1146250
84 0 1146273
84 1 1146344
79 0 1146374
65 0 1146455
79 1 1146459
65 1 1146537
84 0 1146638
84 1 1146699
65 0 1146793
32 0 1146844
65 1 1146895
32 1 1146899
76 0 1147006
76 1 1147078
85 0 1147168
85 1 1147229
77 0 1147334
69 0 1147385
77 1 1147406
65 0 1147446
69 1 1147467
65 1 1147548
32 0 1148345
32 1 1148407
83 0 1148447
83 1 1148518
73 0 1148537
73 1 1148599
190 0 1152428
190 1 1152479
32 0 1152570
32 1 1152641
16 0 1152644
84 0 1152772
16 1 1152794
84 1 1152834
72 0 1152938
72 1 1152978
69 0 1153028
69 1 1153102
32 0 1153105
32 1 1153161
69 0 1153211
78 0 1153262
69 1 1153283
78 1 1153343
68 0 1153408
68 1 1153469
190 0 1153773
190 1 1153834
