16 0 164560
65 0 164698
16 1 164789
65 1 164798
83 0 165148
83 1 165248
84 0 165638
84 1 165738
65 0 165758
65 1 165858
90 0 166098
90 1 166248
73 0 166288
73 1 166358
32 0 166508
32 1 166608
83 0 166648
83 1 166748
85 0 166868
85 1 166928
78 0 167078
78 1 167178
84 0 167368
84 1 167429
32 0 167598
32 1 167658
48 0 167898
48 1 167978
32 0 168138
32 1 168249
71 0 168358
71 1 168458
82 0 168548
65 0 168628
82 1 168638
65 1 168758
68 0 168788
68 1 168858
69 0 168938
69 1 169028
188 0 169279
188 1 169348
32 0 169448
32 1 169538
79 0 169648
79 1 169738
32 0 169868
32 1 169958
90 0 169968
90 1 170068
73 0 170108
73 1 170188
32 0 170358
32 1 170438
68 0 172428
69 0 172528
68 1 172558
69 1 172648
32 0 172808
32 1 172888
73 0 173098
73 1 173178
65 0 173228
65 1 173348
82 0 173368
82 1 173448
78 0 173628
78 1 173718
65 0 173738
65 1 173798
32 0 174758
32 1 174858
78 0 174978
78 1 175058
85 0 175168
85 1 175248
32 0 175368
32 1 175468
80 0 175598
82 0 175618
80 1 175688
69 0 175728
82 1 175798
69 1 175828
65 0 176008
65 1 176128
32 0 176248
32 1 176328
70 0 176588
70 1 176738
82 0 176788
82 1 176898
73 0 176998
73 1 177078
71 0 177268
71 1 177348
85 0 177518
85 1 177618
82 0 177678
82 1 177788
79 0 177868
79 1 177958
65 0 178048
65 1 178238
83 0 178243
83 1 178378
65 0 178518
65 1 178668
32 0 179369
32 1 179468
68 0 180008
68 1 180098
65 0 180138
65 1 180228
82 0 180248
82 1 180338
32 0 181068
32 1 181178
78 0 181338
78 1 181428
73 0 182078
73 1 182188
67 0 182528
67 1 182618
73 0 182668
73 1 182738
32 0 182868
32 1 182968
80 0 183098
80 1 183178
82 0 183218
69 0 183358
82 1 183438
69 1 183508
65 0 183668
32 0 183818
65 1 183828
32 1 183908
67 0 184018
67 1 184088
65 0 184098
65 1 184228
76 0 184428
76 1 184518
68 0 184598
68 1 184728
85 0 184738
85 1 184818
82 0 184988
82 1 185058
79 0 185258
79 1 185348
65 0 185398
65 1 185578
83 0 185598
65 0 185748
83 1 185768
65 1 185858
190 0 186758
190 1 186838
32 0 186978
32 1 187049
16 0 187548
67 0 187968
16 1 188008
67 1 188058
69 0 188188
82 0 188288
69 1 188308
82 1 188368
85 0 188528
85 1 188628
76 0 188748
76 1 188838
32 0 188958
69 0 189058
32 1 189063
69 1 189148
83 0 189258
90 0 189263
83 1 189328
90 1 189328
84 0 189379
84 1 189428
8 0 190308
8 1 190427
8 0 190517
69 0 190597
8 1 190617
69 1 190687
8 0 191397
8 1 191487
84 0 191697
84 1 191777
69 0 191787
69 1 191887
32 0 191917
32 1 192007
73 0 192147
73 1 192227
78 0 192707
78 1 192797
78 0 192847
78 1 192947
79 0 193047
79 1 193127
82 0 193347
82 1 193437
65 0 193467
84 0 193547
65 1 193557
84 1 193637
32 0 193827
32 1 193887
83 0 195438
83 1 195547
73 0 195677
73 1 195747
32 0 195947
32 1 196047
83 0 196077
83 1 196197
84 0 196237
84 1 196317
65 0 196407
65 1 196547
32 0 196567
32 1 196637
83 0 196697
65 0 196827
83 1 196847
65 1 196967
32 0 197007
32 1 197077
80 0 197457
80 1 197547
76 0 197757
76 1 197857
79 0 197957
79 1 198037
85 0 198197
85 1 198277
65 0 198307
65 1 198437
190 0 199027
190 1 199117
32 0 199287
32 1 199367
16 0 199969
66 0 200107
16 1 200187
66 1 200207
65 0 200287
65 1 200397
84 0 200447
84 1 200517
69 0 200607
69 1 200727
32 0 200797
32 1 200887
85 0 201018
85 1 201107
83 0 201207
83 1 201337
79 0 201357
79 1 201437
82 0 201497
82 1 201627
32 0 201707
32 1 201817
86 0 201967
65 0 202057
86 1 202067
65 1 202187
84 0 202207
84 1 202297
8 0 203357
8 1 203477
78 0 203957
78 1 204047
84 0 204217
84 1 204307
85 0 204427
85 1 204527
76 0 204657
76 1 204747
32 0 207657
32 1 207747
83 0 207807
83 1 207937
73 0 207947
73 1 208017
32 0 208157
32 1 208257
70 0 208267
82 0 208407
70 1 208412
82 1 208517
73 0 208597
73 1 208667
71 0 208837
71 1 208907
85 0 209067
85 1 209157
76 0 209567
76 1 209647
32 0 209767
32 1 209847
73 0 209967
73 1 210037
78 0 210159
78 1 210237
84 0 210367
84 1 210437
82 0 210517
82 1 210617
65 0 210637
65 1 210737
32 0 210817
32 1 210897
85 0 211027
85 1 211107
83 0 211157
83 1 211288
79 0 211298
79 1 211367
82 0 211457
82 1 211587
32 0 211593
32 1 211657
73 0 211777
73 1 211857
78 0 211967
78 1 212057
32 0 212147
32 1 212227
79 0 212347
65 0 212407
79 1 212448
83 0 212527
65 1 212587
83 1 212697
69 0 212807
69 1 212917
32 0 212947
32 1 213047
68 0 213247
68 1 213347
65 0 213357
67 0 213487
65 1 213492
67 1 213567
65 0 213617
65 1 213737
32 0 213742
32 1 213827
78 0 213927
78 1 214007
85 0 214117
85 1 214207
32 0 214337
69 0 214397
32 1 214437
69 1 214497
83 0 214597
84 0 214697
83 1 214707
84 1 214747
73 0 214907
73 1 214997
32 0 215127
32 1 215207
66 0 215317
66 1 215397
73 0 215527
73 1 215617
78 0 215727
69 0 215797
78 1 215817
69 1 215907
32 0 215927
32 1 216007
73 0 216127
73 1 216217
77 0 216327
77 1 216417
66 0 216537
66 1 216617
82 0 216767
82 1 216837
65 0 216857
65 1 216987
67 0 217007
67 1 217077
65 0 217087
84 0 217197
65 1 217217
84 1 217277
32 0 217417
32 1 217497
83 0 217537
73 0 217647
83 1 217657
73 1 217727
32 0 217857
83 0 217947
32 1 217957
83 1 218057
84 0 218107
84 1 218187
65 0 218227
65 1 218337
73 0 218397
73 1 218477
32 0 218617
32 1 218717
80 0 218827
69 0 218897
80 1 218917
69 1 219007
32 0 219087
65 0 219147
32 1 219177
65 1 219277
70 0 219307
65 0 219397
70 1 219402
82 0 219507
65 1 219517
82 1 219587
65 0 219627
65 1 219717
190 0 220628
190 1 220717
32 0 220857
32 1 220957
16 0 221507
16 0 222004
16 0 222036
68 0 222047
16 1 222107
68 1 222137
65 0 222187
65 1 222297
82 0 222337
82 1 222417
190 0 222937
190 1 223017
190 0 223087
190 1 223187
190 0 223247
190 1 223317
32 0 223467
32 1 223557
86 0 223717
86 1 223807
82 0 223827
69 0 223977
82 1 224017
69 1 224107
77 0 224277
77 1 224377
69 0 224387
69 1 224497
65 0 224602
65 1 224742
32 0 224812
32 1 224883
80 0 225092
69 0 225172
80 1 225193
69 1 225262
82 0 225382
82 1 225452
70 0 225562
70 1 225662
69 0 225667
67 0 225763
69 1 225772
67 1 225843
84 0 225963
84 1 226052
65 0 226113
65 1 226252
32 0 226262
32 1 226362
80 0 226492
69 0 226563
80 1 226584
69 1 226682
78 0 227142
78 1 227233
84 0 227252
82 0 227392
84 1 227412
82 1 227503
85 0 227512
85 1 227582
32 0 227712
32 1 227803
77 0 227893
77 1 227983
73 0 228082
73 1 228173
78 0 228292
78 1 228382
69 0 228422
69 1 228532
32 0 228623
32 1 228713
69 0 228822
69 1 228923
83 0 229052
83 1 229143
84 0 229163
84 1 229233
69 0 229303
32 0 229422
69 1 229427
32 1 229523
73 0 233513
73 1 233592
8 0 234182
8 1 234302
79 0 235112
79 1 235192
32 0 235322
32 1 235423
90 0 235432
90 1 235562
73 0 235602
73 1 235673
32 0 235802
32 1 235882
73 0 235993
73 1 236072
78 0 236172
78 1 236262
83 0 236342
83 1 236453
79 0 236493
79 1 236573
82 0 236862
82 1 236963
73 0 237032
73 1 237122
84 0 237292
65 0 237372
84 1 237377
65 1 237472
32 0 237653
32 1 237732
67 0 239862
67 1 239982
85 0 240092
85 1 240162
32 0 240472
32 1 240552
50 0 241932
50 1 242052
55 0 242082
55 1 242183
8 0 243603
8 1 243693
8 0 243792
8 1 243893
8 0 244142
8 1 244232
8 0 244383
8 1 244472
8 0 244912
8 1 245013
67 0 249661
67 1 249791
85 0 249841
85 1 249902
32 0 250051
32 1 250131
50 0 250961
50 1 251122
55 0 251126
55 1 251181
32 0 251341
32 1 251431
68 0 251471
69 0 251571
68 1 251631
32 0 251711
69 1 251721
32 1 251802
71 0 251921
71 1 252002
82 0 252102
65 0 252201
82 1 252206
65 1 252321
68 0 252371
68 1 252452
69 0 252511
69 1 252621
188 0 252841
188 1 252901
32 0 253722
32 1 253801
83 0 254322
83 1 254432
73 0 254481
73 1 254551
8 0 254831
8 1 254902
8 0 255001
8 1 255101
8 0 255191
8 1 255281
8 0 255361
8 1 255462
32 0 255771
32 1 255861
83 0 255922
73 0 256031
83 1 256056
73 1 256113
32 0 256241
32 1 256322
79 0 256441
79 1 256511
32 0 256641
32 1 256741
65 0 257052
65 1 257202
68 0 257301
68 1 257382
73 0 257452
73 1 257511
69 0 257581
69 1 257721
82 0 257761
82 1 257841
69 0 257851
69 1 257971
32 0 258011
32 1 258102
85 0 258231
85 1 258311
83 0 258352
83 1 258462
79 0 258491
79 1 258571
65 0 258611
65 1 258711
82 0 258771
82 1 258842
65 0 258871
65 1 258982
32 0 259021
32 1 259142
68 0 259331
68 1 259411
69 0 259431
69 1 259551
32 0 259581
32 1 259681
86 0 259771
86 1 259861
65 0 259866
65 1 260001
78 0 260032
78 1 260121
84 0 260432
84 1 260491
32 0 260792
32 1 260892
65 0 261031
65 1 261152
190 0 261301
190 1 261381
73 0 261531
73 1 261592
32 0 261902
32 1 261981
83 0 262092
83 1 262241
65 0 262261
65 1 262411
32 0 262421
32 1 262502
78 0 262691
78 1 262771
85 0 262881
85 1 262961
32 0 263091
32 1 263181
73 0 263331
73 1 263421
84 0 263426
84 1 263531
73 0 263571
73 1 263661
32 0 263792
32 1 263882
70 0 263891
70 1 263992
73 0 264032
73 1 264112
69 0 264182
32 0 264291
69 1 264301
32 1 264372
80 0 264502
82 0 264571
80 1 264581
69 0 264651
82 1 264711
69 1 264761
65 0 265362
65 1 265471
32 0 265541
32 1 265601
67 0 265752
65 0 265801
67 1 265822
65 1 265941
76 0 266061
76 1 266132
68 0 266251
68 1 266352
188 0 266491
188 1 266562
32 0 266691
32 1 266791
8 0 267542
8 1 267621
8 0 267722
8 1 267811
188 0 268362
188 1 268432
8 0 268781
8 1 268891
190 0 269052
190 1 269141
32 0 269242
16 0 269281
32 1 269351
65 0 269462
16 1 269522
67 0 269611
65 1 269621
67 1 269701
67 0 269781
67 1 269871
69 0 269901
69 1 270031
8 0 271111
8 1 271261
8 0 271322
8 1 271442
69 0 271481
69 1 271601
65 0 271761
65 1 271871
32 0 272201
32 1 272302
90 0 272311
73 0 272462
90 1 272481
73 1 272541
32 0 272661
32 1 272761
80 0 272882
69 0 272932
80 1 272961
69 1 273022
82 0 273181
82 1 273251
70 0 273342
70 1 273441
69 0 273452
67 0 273521
69 1 273551
67 1 273611
84 0 273722
84 1 273801
65 0 273834
65 1 273962
32 0 273971
32 1 274061
68 0 274111
69 0 274211
68 1 274271
32 0 274321
69 1 274341
32 1 274422
83 0 274471
83 1 274581
84 0 274591
84 1 274682
65 0 274742
84 0 274862
65 1 274881
84 1 274931
32 0 275081
32 1 275191
76 0 275422
76 1 275502
65 0 275541
65 1 275661
32 0 275692
32 1 275762
83 0 275812
83 1 275901
79 0 275931
79 1 276011
65 0 276111
65 1 276231
82 0 276282
82 1 276361
69 0 276461
69 1 276592
32 0 276622
32 1 276712
80 0 276881
80 1 276972
69 0 277061
69 1 277161
32 0 277166
32 1 277241
79 0 277371
79 1 277431
32 0 277562
32 1 277661
84 0 277792
69 0 277852
84 1 277882
69 1 277972
82 0 278001
82 1 278101
65 0 278161
65 1 278291
83 0 278371
65 0 278472
83 1 278512
65 1 278621
32 0 278631
32 1 278731
67 0 278831
85 0 278921
67 1 278941
85 1 279001
32 0 279121
32 1 279202
79 0 279351
79 1 279432
32 0 279552
32 1 279632
76 0 279741
76 1 279832
73 0 279922
73 1 280012
77 0 280131
77 1 280212
79 0 280311
79 1 280401
78 0 280522
65 0 280632
78 1 280636
65 1 280731
84 0 280771
84 1 280852
65 0 280861
65 1 280971
32 0 281012
32 1 281111
73 0 281221
73 1 281311
78 0 281421
78 1 281512
32 0 281611
32 1 281692
77 0 281821
77 1 281932
65 0 282022
65 1 282161
78 0 282171
78 1 282291
65 0 282296
65 1 282401
32 0 282791
32 1 282891
83 0 283111
83 1 283252
8 0 284645
8 1 284734
8 0 286014
8 1 286095
190 0 286564
190 1 286644
32 0 286785
32 1 286864
16 0 287704
16 0 288199
16 0 288246
16 0 288277
16 0 288308
16 0 288339
68 0 288344
16 1 288415
68 1 288435
65 0 288554
65 1 288694
67 0 288734
67 1 288834
65 0 288839
65 1 288934
32 0 289134
32 1 289234
83 0 289265
83 1 289394
69 0 289485
69 1 289605
32 0 289609
32 1 289694
80 0 289844
80 1 289935
79 0 290004
79 1 290104
65 0 290144
65 1 290334
84 0 290475
84 1 290564
69 0 290584
69 1 290704
32 0 290804
32 1 290905
83 0 291015
65 0 291105
83 1 291164
65 1 291314
8 0 291614
8 0 292121
8 0 292153
8 0 292184
8 0 292217
8 0 292249
8 0 292281
8 0 292315
8 0 292349
8 0 292378
8 0 292410
8 0 292442
8 0 292480
8 0 292514
8 0 292540
8 0 292571
8 0 292603
8 1 292614
8 0 292774
8 1 292854
190 0 293734
190 1 293824
32 0 293924
16 0 293994
32 1 294025
77 0 294134
16 1 294184
77 1 294224
65 0 294254
65 1 294365
73 0 294369
73 1 294425
69 0 294524
32 0 294624
69 1 294634
32 1 294704
69 0 294737
69 1 294824
83 0 294915
83 1 295024
84 0 295055
84 1 295115
69 0 295184
32 0 295295
69 1 295304
32 1 295394
83 0 295534
83 1 295685
73 0 295690
73 1 295764
32 0 295904
32 1 295994
86 0 296074
65 0 296165
86 1 296169
65 1 296244
82 0 296285
82 1 296355
73 0 296504
73 1 296584
65 0 296625
78 0 296705
65 1 296714
78 1 296784
84 0 296905
84 1 296974
65 0 296979
65 1 297104
32 0 297105
32 1 297184
85 0 297315
85 1 297404
78 0 297515
69 0 297595
78 1 297604
69 1 297685
73 0 297755
73 1 297835
32 0 297975
90 0 298064
32 1 298070
73 0 298194
90 1 298214
73 1 298275
32 0 298394
32 1 298494
80 0 298604
69 0 298674
80 1 298684
69 1 298785
82 0 298875
82 1 298954
70 0 299054
70 1 299164
69 0 299194
67 0 299305
69 1 299314
67 1 299384
84 0 299484
69 0 299554
84 1 299564
69 1 299675
32 0 299745
32 1 299844
68 0 299844
69 0 299945
68 1 300004
32 0 300055
69 1 300084
32 1 300135
73 0 300565
73 1 300645
65 0 300685
65 1 300805
82 0 300805
82 1 300904
78 0 301195
78 1 301285
65 0 301324
65 1 301435
188 0 301984
188 1 302065
32 0 302574
32 1 302655
85 0 303804
85 1 303894
78 0 304014
78 1 304124
68 0 304214
69 0 304313
68 1 304354
69 1 304453
32 0 304473
32 1 304573
83 0 304664
79 0 304764
83 1 304773
79 1 304844
65 0 304943
65 1 305074
8 0 306035
8 1 306143
8 0 306214
8 1 306313
8 0 306383
8 1 306474
8 0 306553
8 1 306633
8 0 306734
8 1 306803
8 0 306904
8 1 306973
8 0 307074
8 1 307164
8 0 307293
8 1 307403
67 0 307744
67 1 307904
85 0 307923
85 1 307994
32 0 308113
32 1 308223
83 0 308263
83 1 308393
79 0 308394
79 1 308474
65 0 308564
65 1 308684
82 0 308703
82 1 308764
69 0 308883
32 0 309004
69 1 309009
32 1 309084
83 0 309163
83 1 309264
73 0 309304
73 1 309374
32 0 309564
32 1 309623
90 0 312003
90 1 312143
65 0 314264
65 1 314454
80 0 315694
80 1 315793
65 0 315843
65 1 315953
68 0 316153
65 0 316224
68 1 316233
65 1 316384
32 0 316389
32 1 316493
80 0 316644
69 0 316723
80 1 316729
69 1 316824
83 0 316924
83 1 317053
84 0 317064
84 1 317133
69 0 317173
32 0 317284
69 1 317293
32 1 317383
84 0 317414
84 1 317554
79 0 317613
79 1 317703
84 0 317714
84 1 317824
190 0 319164
190 1 319223
32 0 319423
32 1 319493
16 0 320324
90 0 320764
16 1 320954
90 1 321013
73 0 321063
73 1 321144
69 0 321624
69 1 321754
76 0 321854
69 0 321944
76 1 321963
69 1 322044
8 0 322393
8 1 322473
8 0 322594
8 1 322714
8 0 322783
8 1 322883
8 0 322973
8 1 323063
8 0 323153
8 1 323264
16 0 323953
77 0 324103
77 1 324193
16 1 324223
73 0 324333
73 1 324414
189 0 325424
189 1 325513
8 0 325804
8 1 325904
8 0 325983
8 1 326084
8 0 326153
8 1 326253
90 0 326453
90 1 326543
8 0 326883
8 1 326993
16 0 327024
90 0 327143
16 1 327314
90 1 327364
73 0 327453
73 1 327533
76 0 327903
69 0 328004
76 1 328013
69 1 328143
76 0 328163
69 0 328223
76 1 328253
69 1 328354
32 0 328583
32 1 328663
84 0 328854
84 1 328933
82 0 329024
82 1 329114
69 0 329204
69 1 329314
67 0 329644
67 1 329724
85 0 329904
85 1 329993
84 0 330094
65 0 330163
84 1 330183
65 1 330283
32 0 330353
32 1 330424
8 0 330973
8 1 331073
8 0 331143
8 1 331253
8 0 331314
8 1 331404
69 0 331434
69 1 331533
8 0 331954
8 1 332033
84 0 332593
84 1 332683
69 0 332703
69 1 332823
32 0 332893
32 1 332984
65 0 333574
65 1 333783
85 0 333803
85 1 333883
32 0 334613
32 1 334773
70 0 335044
70 1 335164
79 0 335243
79 1 335333
83 0 335374
83 1 335514
84 0 335574
84 1 335634
32 0 336414
32 1 336503
67 0 338194
67 1 338344
85 0 338374
85 1 338453
32 0 338663
32 1 338773
90 0 338803
90 1 338894
8 0 339303
8 1 339463
8 0 340213
8 1 340334
8 0 340413
8 1 340524
65 0 340963
65 1 341083
78 0 341133
78 1 341223
68 0 341233
32 0 341343
68 1 341363
32 1 341453
67 0 341603
85 0 341744
67 1 341774
85 1 341814
32 0 341934
83 0 342024
32 1 342043
83 1 342153
79 0 342158
79 1 342233
65 0 342314
65 1 342443
82 0 342448
82 1 342503
69 0 342594
69 1 342693
188 0 342854
188 1 342944
32 0 343043
32 1 343163
67 0 343223
65 0 343314
67 1 343323
65 1 343473
78 0 343493
78 1 343593
68 0 343603
32 0 343733
68 1 343740
32 1 343824
67 0 343853
67 1 344013
85 0 344018
85 1 344093
32 0 344284
32 1 344373
78 0 346330
78 1 346420
79 0 346573
79 1 346670
82 0 346800
82 1 346920
73 0 346960
73 1 347049
32 0 347610
32 1 347699
190 0 347859
190 1 347939
190 0 348010
190 1 348110
190 0 348179
190 1 348269
32 0 348409
32 1 348500
8 0 349029
8 1 349109
8 0 349210
8 1 349299
8 0 349369
8 1 349479
8 0 349529
8 1 349640
8 0 349719
8 1 349809
190 0 350520
190 1 350620
32 0 350809
32 1 350910
16 0 351060
80 0 351180
80 1 351250
16 1 351270
82 0 351480
69 0 351580
82 1 351639
69 1 351709
68 0 351810
68 1 351930
79 0 351940
79 1 352009
77 0 352150
77 1 352249
73 0 352359
73 1 352450
78 0 352590
78 1 352680
65 0 352729
78 0 352840
65 1 352860
78 1 352920
84 0 353040
84 1 353120
32 0 353289
32 1 353370
73 0 353559
73 1 353689
78 0 353820
78 1 353910
32 0 354000
32 1 354090
74 0 354280
74 1 354370
85 0 354469
85 1 354559
82 0 354670
82 1 354800
85 0 355190
85 1 355269
75 0 355430
76 0 355432
76 1 355489
75 1 355506
187 0 356459
187 1 356550
187 0 356683
187 1 356769
8 0 357300
8 1 357389
8 0 357460
8 1 357570
8 0 357649
8 1 357749
8 0 357949
8 1 358069
76 0 358570
76 1 358651
32 0 358760
32 1 358850
84 0 358970
84 1 359039
69 0 359089
69 1 359199
77 0 359250
77 1 359330
80 0 359460
80 1 359550
69 0 359629
69 1 359740
82 0 359860
82 1 359949
65 0 359990
84 0 360080
65 1 360110
84 1 360160
85 0 360310
85 1 360399
82 0 360449
82 1 360569
73 0 360599
73 1 360680
73 0 360750
73 1 360840
32 0 360959
68 0 361049
32 1 361055
69 0 361140
68 1 361170
32 0 361220
69 1 361260
32 1 361309
48 0 361490
48 1 361559
32 0 361719
32 1 361819
71 0 361929
71 1 362019
82 0 362110
65 0 362190
82 1 362209
65 1 362309
68 0 362330
68 1 362409
69 0 362460
69 1 362560
190 0 363330
190 1 363420
16 0 378649
90 0 378978
16 1 379068
90 1 379199
8 0 379569
8 1 379698
8 0 379758
8 1 379879
16 0 380639
72 0 380838
72 1 380928
16 1 380979
77 0 381118
77 1 381199
190 0 381348
190 1 381439
190 0 381498
190 1 381589
190 0 381649
190 1 381739
32 0 381919
32 1 381989
90 0 382368
73 0 382568
90 1 382589
73 1 382648
85 0 382748
85 1 382819
65 0 382829
65 1 382948
32 0 382988
32 1 383079
77 0 383168
32 0 383170
69 0 383189
32 1 383198
77 1 383259
69 1 383329
65 0 383468
65 1 383629
8 0 383848
8 1 383959
8 0 384019
8 1 384129
8 0 384198
8 1 384289
69 0 384728
69 1 384838
65 0 384998
65 1 385189
32 0 385238
32 1 385329
73 0 385498
73 1 385578
68 0 385588
69 0 385709
68 1 385739
69 1 385829
65 0 385988
65 1 386108
76 0 386148
76 1 386218
65 0 386228
65 1 386349
32 0 386488
32 1 386579
73 0 386999
73 1 387059
78 0 387188
78 1 387268
67 0 387418
67 1 387488
69 0 387538
69 1 387658
80 0 387748
80 1 387849
69 0 387868
69 1 387979
32 0 388068
32 1 388158
68 0 388198
68 1 388298
73 0 388318
73 1 388398
77 0 388518
77 1 388609
73 0 388718
73 1 388798
78 0 388918
69 0 388968
78 1 389018
69 1 389069
65 0 389208
84 0 389318
65 1 389329
84 1 389378
65 0 389448
65 1 389549
32 0 389608
32 1 389669
73 0 390129
73 1 390209
78 0 390358
78 1 390438
8 0 391228
8 1 391318
8 0 391388
8 1 391519
67 0 392708
67 1 392869
8 0 394458
8 1 394538
73 0 394748
73 1 394838
78 0 394969
78 1 395038
32 0 395128
32 1 395209
74 0 395338
74 1 395408
85 0 395508
85 1 395609
82 0 395829
82 1 395939
85 0 395988
85 1 396089
76 0 396228
76 1 396309
32 0 396419
32 1 396489
79 0 396619
79 1 396698
82 0 396718
69 0 396798
82 1 396849
69 1 396939
73 0 397040
73 1 397109
32 0 397258
32 1 397328
56 0 397738
56 1 397819
190 0 398609
190 1 398668
32 0 398858
32 1 398939
16 0 399129
68 0 399378
16 1 399469
68 1 399529
85 0 399568
85 1 399668
80 0 399878
65 0 399978
80 1 399983
65 1 400099
32 0 400158
32 1 400249
84 0 400409
84 1 400489
82 0 400568
69 0 400648
82 1 400659
69 1 400748
90 0 400888
90 1 400988
73 0 401008
73 1 401089
82 0 401629
69 0 401758
82 1 401808
69 1 401898
32 0 401928
32 1 402009
83 0 402079
83 1 402208
73 0 402214
73 1 402268
32 0 402428
32 1 402519
84 0 404319
84 1 404388
65 0 404439
65 1 404578
66 0 404583
66 1 404659
73 0 404789
73 1 404879
69 0 404918
69 1 405018
84 0 405868
84 1 405959
85 0 406138
85 1 406229
82 0 406328
82 1 406454
73 0 406474
73 1 406554
76 0 406664
69 0 406754
76 1 406774
69 1 406864
32 0 406954
32 1 407034
68 0 407035
69 0 407146
68 1 407174
32 0 407254
69 1 407264
32 1 407334
68 0 407364
73 0 407514
68 1 407534
73 1 407584
77 0 407694
77 1 407794
73 0 407914
73 1 407984
78 0 408104
69 0 408165
78 1 408214
69 1 408274
65 0 408404
84 0 408504
65 1 408525
84 1 408584
65 0 408654
65 1 408764
32 0 410264
32 1 410374
77 0 412194
77 1 412294
8 0 413164
8 1 413264
73 0 413484
73 1 413554
77 0 413674
77 1 413744
73 0 413854
73 1 413934
32 0 414044
32 1 414124
80 0 414244
80 1 414314
76 0 414394
76 1 414484
65 0 414504
65 1 414634
67 0 414664
67 1 414734
69 0 414754
32 0 414864
69 1 414869
32 1 414974
83 0 414984
65 0 415094
83 1 415154
32 0 415194
32 1 415264
65 1 415284
73 0 415394
73 1 415484
65 0 415504
85 0 415594
65 1 415599
85 1 415664
32 0 415795
32 1 415884
77 0 415975
77 1 416064
73 0 416164
73 1 416254
67 0 416304
85 0 416383
67 1 416423
85 1 416443
76 0 416573
76 1 416654
32 0 416763
32 1 416853
68 0 416863
69 0 416964
68 1 417003
69 1 417093
74 0 417133
74 1 417213
85 0 417305
85 1 417393
78 0 417503
78 1 417593
32 0 417683
32 1 417763
83 0 417803
73 0 417913
83 1 417933
73 1 417983
32 0 418113
83 0 418184
32 1 418213
65 0 418273
83 1 418343
65 1 418443
32 0 418448
32 1 418523
83 0 418583
65 0 418703
83 1 418753
65 1 418863
86 0 419194
86 1 419273
85 0 419413
85 1 419503
82 0 419593
69 0 419693
82 1 419743
69 1 419793
90 0 420063
32 0 420193
90 1 420198
32 1 420273
79 0 420413
79 1 420493
32 0 420634
32 1 420724
67 0 420824
65 0 420853
67 1 420913
65 1 421014
70 0 421053
70 1 421123
69 0 421143
69 1 421253
65 0 421353
65 1 421473
32 0 421483
32 1 421543
73 0 421673
73 1 421763
78 0 421883
78 1 421964
32 0 422053
32 1 422163
65 0 422168
65 1 422333
69 0 422433
69 1 422553
82 0 422583
82 1 422653
32 0 422813
32 1 422913
76 0 423053
76 1 423133
73 0 423244
73 1 423334
66 0 423473
66 1 423553
69 0 423573
69 1 423673
82 0 423693
82 1 423773
32 0 423913
32 1 424004
76 0 424153
76 1 424243
65 0 424263
65 1 424413
32 0 424423
32 1 424513
83 0 424594
83 1 424703
79 0 424723
79 1 424803
65 0 424853
65 1 425003
82 0 425053
82 1 425133
69 0 425183
69 1 425304
190 0 427624
190 1 427733
32 0 428303
32 1 428373
16 0 430213
85 0 430523
85 1 430593
16 1 430644
78 0 430723
78 1 430823
8 0 431933
8 1 432013
8 0 432123
8 1 432203
16 0 433643
65 0 433913
16 1 434033
65 1 434083
83 0 434193
83 1 434333
32 0 436433
32 1 436543
86 0 436683
86 1 436773
82 0 436823
69 0 436953
82 1 437023
69 1 437093
65 0 437313
65 1 437463
32 0 437523
32 1 437614
83 0 438017
65 0 438133
83 1 438203
65 1 438303
32 0 439043
32 1 439134
77 0 439283
77 1 439394
69 0 439433
69 1 439553
82 0 439614
82 1 439673
71 0 439803
71 1 439894
32 0 439993
32 1 440094
76 0 440223
76 1 440313
65 0 440343
32 0 440453
65 1 440458
32 1 440533
80 0 440683
80 1 440773
76 0 440853
76 1 440953
65 0 440983
65 1 441093
74 0 441123
74 1 441203
65 0 441213
65 1 441333
32 0 441343
32 1 441443
67 0 441553
65 0 441613
67 1 441634
65 1 441743
84 0 441763
84 1 441853
69 0 441893
69 1 442003
86 0 442053
86 1 442183
65 0 442223
32 0 442343
65 1 442373
32 1 442433
79 0 442613
73 0 442618
73 1 442663
79 1 442673
82 0 442783
69 0 442933
82 1 442963
69 1 443053
8 0 443293
8 1 443383
8 0 443463
8 1 443573
8 0 443973
8 1 444073
82 0 444244
69 0 444363
82 1 444423
69 1 444503
32 0 444563
32 1 444633
8 0 445084
8 1 445173
188 0 445353
188 1 445433
32 0 445534
83 0 445613
32 1 445633
65 0 445694
83 1 445744
32 0 445833
65 1 445883
32 1 445913
77 0 446003
77 1 446103
65 0 446108
32 0 446213
65 1 446253
32 1 446293
66 0 446404
66 1 446484
85 0 446613
85 1 446693
67 0 446733
85 0 446833
67 1 446853
85 1 446914
82 0 447053
82 1 447133
32 0 447263
68 0 447333
32 1 447364
69 0 447433
68 1 447463
69 1 447563
32 0 447573
32 1 447643
66 0 447793
66 1 447873
82 0 447963
82 1 448074
73 0 449884
73 1 449973
90 0 450083
90 1 450193
65 0 450343
65 1 450483
32 0 450493
32 1 450583
77 0 450694
65 0 450784
77 1 450793
65 1 450893
82 0 451023
82 1 451123
8 0 451853
8 0 452339
8 0 452379
8 0 452413
8 0 452445
8 0 452477
8 0 452509
8 0 452541
8 0 452574
8 0 452609
8 0 452641
8 0 452673
8 0 452708
8 0 452740
8 0 452780
8 0 452813
8 0 452837
8 0 452869
8 0 452913
8 1 452934
8 0 453153
8 1 453273
8 0 453413
8 1 453513
8 0 453643
8 1 453733
8 0 454263
8 1 454393
8 0 454533
8 1 454653
8 0 455094
8 1 455213
8 0 455284
8 1 455423
32 0 455923
32 1 456033
83 0 456083
83 1 456203
73 0 456213
73 1 456293
32 0 456433
83 0 456524
32 1 456543
65 0 456633
83 1 456684
65 1 456793
32 0 458073
32 1 458153
83 0 458223
83 1 458333
84 0 458373
84 1 458433
65 0 458483
85 0 458583
65 1 458593
85 1 458664
32 0 458773
32 1 458863
76 0 458963
76 1 459043
65 0 459048
65 1 459193
32 0 459198
32 1 459284
83 0 459353
83 1 459483
79 0 459743
79 1 459863
65 0 459926
65 1 460053
82 0 460103
82 1 460183
69 0 460233
69 1 460343
32 0 460423
32 1 460503
67 0 462333
67 1 462474
85 0 462513
85 1 462584
32 0 462693
32 1 462793
79 0 462913
79 1 463004
32 0 463124
32 1 463223
67 0 463303
67 1 463383
65 0 463393
82 0 463513
65 1 463533
82 1 463603
84 0 463693
84 1 463783
69 0 463813
69 1 463934
32 0 463943
32 1 464033
66 0 464123
66 1 464203
85 0 464303
85 1 464393
78 0 464493
65 0 464573
78 1 464583
32 0 464683
65 1 464743
32 1 464763
73 0 464883
73 1 464953
78 0 465073
78 1 465153
32 0 465244
32 1 465333
77 0 465433
65 0 465523
77 1 465533
78 0 465644
65 1 465653
65 0 465753
78 1 465758
65 1 465873
190 0 465953
188 0 465959
190 1 466033
188 1 466038
8 0 466531
8 1 466640
8 0 466711
8 1 466810
190 0 468001
190 1 468071
32 0 468240
32 1 468311
16 0 472641
80 0 472830
80 1 472920
16 1 472931
8 0 474219
8 1 474360
16 0 474589
16 0 475076
16 0 475124
16 0 475155
16 0 475186
16 0 475217
16 0 475248
16 0 475279
16 0 475311
16 0 475342
16 0 475389
16 0 475420
16 0 475451
16 0 475482
16 0 475507
16 0 475553
16 0 475587
16 0 475618
16 0 475649
16 0 475680
16 0 475711
16 0 475743
16 0 475774
16 0 475805
16 0 475836
16 0 475883
16 0 475915
16 0 475946
68 0 475969
16 1 476060
68 1 476120
85 0 476149
85 1 476219
80 0 476419
80 1 476540
65 0 476589
65 1 476709
32 0 477749
32 1 477839
82 0 478000
82 1 478089
69 0 478140
69 1 478250
76 0 478300
76 1 478380
65 0 478470
65 1 478600
88 0 478720
88 1 478820
65 0 478820
65 1 478950
82 0 478954
82 1 479029
69 0 479109
65 0 479190
69 1 479200
65 1 479329
32 0 479359
32 1 479450
68 0 479469
69 0 479560
68 1 479609
32 0 479680
69 1 479690
32 1 479760
68 0 479780
73 0 479909
68 1 479930
73 1 479970
77 0 480090
77 1 480180
73 0 480360
73 1 480429
78 0 480619
69 0 480690
78 1 480720
69 1 480789
65 0 480909
84 0 481019
65 1 481030
84 1 481080
65 0 481149
32 0 481289
65 1 481300
32 1 481360
65 0 482179
83 0 482409
65 1 482450
83 1 482579
32 0 482740
32 1 482829
86 0 482949
82 0 483030
86 1 483040
69 0 483140
82 1 483209
69 1 483279
65 0 483449
65 1 483570
32 0 483639
32 1 483719
83 0 483769
65 0 483860
83 1 483909
32 0 483980
65 1 484039
32 1 484050
73 0 484199
73 1 484280
77 0 484399
77 1 484490
73 0 484589
73 1 484659
32 0 484770
32 1 484859
80 0 484970
80 1 485049
69 0 485070
69 1 485179
84 0 485270
84 1 485339
82 0 485429
82 1 485510
69 0 485539
69 1 485629
67 0 485639
67 1 485720
32 0 486249
32 1 486330
70 0 486560
70 1 486620
8 0 487080
8 1 487189
68 0 487829
68 1 487970
85 0 488029
85 1 488109
80 0 488249
80 1 488350
65 0 488369
65 1 488499
77 0 488689
77 1 488799
65 0 488829
65 1 488930
78 0 488949
78 1 489030
65 0 489059
65 1 489200
32 0 489209
32 1 489299
83 0 489479
83 1 489569
8 0 490020
8 1 490160
67 0 491229
85 0 491369
67 1 491390
85 1 491459
32 0 491669
32 1 491780
80 0 492360
80 1 492459
82 0 492699
82 1 492819
73 0 492900
73 1 492979
69 0 493030
69 1 493160
84 0 493220
84 1 493300
69 0 493389
69 1 493520
78 0 493524
78 1 493610
73 0 493749
73 1 493830
73 0 493910
73 1 493990
32 0 494509
32 1 494640
76 0 495169
76 1 495280
8 0 499609
8 0 500120
8 0 500153
8 0 500177
8 0 500208
8 0 500240
8 0 500285
8 0 500316
8 0 500352
8 0 500386
8 0 500418
8 1 500449
8 0 500579
8 1 500689
8 0 500769
8 1 500870
8 0 500949
8 1 501049
70 0 501809
70 1 501900
65 0 501919
67 0 502030
65 1 502039
67 1 502120
65 0 502149
65 1 502260
78 0 502299
68 0 502389
78 1 502400
32 0 502519
68 1 502529
32 1 502620
67 0 502710
69 0 502810
67 1 502815
69 1 502930
86 0 502942
86 1 503039
65 0 503070
32 0 503180
65 1 503219
32 1 503280
80 0 503430
80 1 503519
82 0 503549
79 0 503640
82 1 503650
79 1 503740
68 0 504060
68 1 504200
85 0 504219
85 1 504300
67 0 504339
67 1 504459
84 0 504480
84 1 504549
73 0 504700
73 1 504789
86 0 504950
86 1 505030
32 0 507200
32 1 507290
83 0 507339
73 0 507449
83 1 507479
73 1 507529
32 0 507639
32 1 507749
83 0 507769
83 1 507890
80 0 507900
80 1 507980
82 0 508239
82 1 508340
69 0 508359
69 1 508460
32 0 508539
32 1 508630
83 0 508639
83 1 508770
69 0 508860
69 1 508959
65 0 509100
82 0 509210
65 1 509214
82 1 509290
65 0 509350
65 1 509450
32 0 509480
32 1 509569
83 0 509609
65 0 509710
83 1 509760
32 0 509849
65 1 509870
32 1 509910
77 0 510460
77 1 510580
65 0 510609
65 1 510750
32 0 510770
32 1 510850
73 0 511009
73 1 511100
78 0 511190
78 1 511270
84 0 511391
84 1 511460
65 0 511490
65 1 511620
76 0 511630
76 1 511720
78 0 511850
69 0 511920
78 1 511939
69 1 512030
83 0 512140
67 0 512240
83 1 512270
67 1 512310
32 0 512400
32 1 512500
67 0 512579
67 1 512660
85 0 512812
85 1 512899
32 0 513022
32 1 513119
80 0 513250
80 1 513350
82 0 513389
73 0 513499
82 1 513510
73 1 513600
69 0 513689
69 1 513790
84 0 513860
84 1 513950
69 0 514020
69 1 514119
78 0 514180
78 1 514260
73 0 514410
73 1 514500
73 0 514550
73 1 514650
32 0 514790
32 1 514869
83 0 514940
83 1 515050
73 0 515059
73 1 515130
32 0 515350
32 1 515439
83 0 516240
65 0 516400
83 1 516430
65 1 516570
32 0 516570
32 1 516659
80 0 516799
80 1 516909
79 0 516979
79 1 517079
86 0 517290
86 1 517400
69 0 517400
69 1 517529
83 0 517680
83 1 517790
84 0 517830
84 1 517899
73 0 518070
73 1 518160
77 0 518290
77 1 518360
32 0 518450
32 1 518540
8 0 518910
8 0 519414
8 0 519453
8 0 519488
8 0 519514
8 0 519546
8 0 519578
8 0 519605
8 0 519645
8 1 519660
68 0 520400
69 0 520530
68 1 520580
69 1 520670
90 0 520910
90 1 521030
66 0 521190
66 1 521280
65 0 521290
65 1 521410
84 0 521480
84 1 521560
69 0 521660
69 1 521769
77 0 521859
77 1 521950
32 0 522609
32 1 522690
76 0 523110
76 1 523189
85 0 523370
85 1 523459
67 0 523470
67 1 523599
82 0 523669
82 1 523750
85 0 523909
85 1 524009
82 0 524109
82 1 524209
73 0 524219
73 1 524300
76 0 524420
76 1 524520
69 0 524529
69 1 524629
32 0 524670
32 1 524780
67 0 524879
67 1 524969
65 0 524979
82 0 525090
65 1 525139
82 1 525159
69 0 525239
32 0 525340
69 1 525360
32 1 525449
78 0 525799
78 1 525900
69 0 525909
32 0 526010
69 1 526040
32 1 526090
80 0 526240
80 1 526329
76 0 526420
76 1 526520
65 0 526525
65 1 526691
32 0 526811
32 1 526901
8 0 527321
8 1 527411
67 0 527451
67 1 527531
32 0 527651
32 1 527751
83 0 527771
83 1 527891
85 0 527921
85 1 527981
32 0 528141
32 1 528241
78 0 528331
78 1 528421
69 0 528431
69 1 528521
8 0 528771
8 1 528851
8 0 528921
8 1 529031
8 0 529091
8 1 529201
8 0 529251
8 1 529361
73 0 529891
73 1 529981
32 0 530101
32 1 530191
78 0 530281
69 0 530361
78 1 530371
32 0 530471
69 1 530481
32 1 530541
73 0 530651
73 1 530721
78 0 530831
78 1 530911
84 0 531040
84 1 531130
69 0 531135
69 1 531240
82 0 531280
82 1 531370
69 0 531380
69 1 531500
83 0 531950
83 1 532080
69 0 532190
69 1 532270
65 0 532410
65 1 532520
90 0 532580
90 1 532640
65 0 532690
65 1 532830
190 0 533131
190 1 533210
32 0 533340
32 1 533440
16 0 533510
68 0 533730
16 1 533810
68 1 533820
69 0 533990
69 1 534110
8 0 534940
8 1 535050
65 0 535240
82 0 535380
65 1 535390
82 1 535460
188 0 535770
188 1 535880
32 0 536050
32 1 536150
16 0 536260
68 0 536420
16 1 536490
68 1 536500
69 0 536940
69 1 537090
8 0 537470
8 1 537570
8 0 537610
8 1 537710
68 0 537740
69 0 537810
68 1 537861
69 1 537950
32 0 538110
32 1 538190
54 0 538500
54 1 538580
32 0 538730
32 1 538820
76 0 538950
76 1 539030
85 0 539180
85 1 539260
78 0 539370
78 1 539460
73 0 539610
73 1 539680
32 0 540180
32 1 540260
86 0 540650
86 1 540750
73 0 540880
65 0 540980
73 1 541010
65 1 541070
84 0 541140
84 1 541220
65 0 541225
65 1 541310
32 0 541370
32 1 541470
78 0 541570
78 1 541660
79 0 541770
65 0 541830
79 1 541850
83 0 541940
65 1 541970
83 1 542090
84 0 542095
84 1 542170
82 0 542250
65 0 542310
82 1 542330
65 1 542430
32 0 542560
32 1 542640
83 0 542990
83 1 543140
189 0 543241
189 1 543320
65 0 543410
65 1 543550
32 0 543590
32 1 543670
83 0 543800
67 0 543930
83 1 543935
67 1 544010
72 0 544160
72 1 544240
73 0 544370
73 1 544460
77 0 544580
77 1 544660
66 0 544780
66 1 544870
65 0 544892
84 0 545010
65 1 545016
84 1 545080
188 0 545350
188 1 545440
32 0 545530
32 1 545610
79 0 545750
79 1 545830
32 0 545962
32 1 546060
68 0 546160
65 0 546241
68 1 546250
65 1 546360
84 0 546380
65 0 546460
84 1 546465
65 1 546590
32 0 546630
32 1 546720
67 0 546810
85 0 546880
67 1 546930
85 1 546960
32 0 547090
32 1 547180
86 0 547260
69 0 547360
86 1 547370
69 1 547490
78 0 547500
78 1 547590
73 0 547710
73 1 547810
82 0 547870
69 0 547990
82 1 548040
69 1 548140
65 0 548341
65 1 548460
32 0 548480
32 1 548570
76 0 548730
76 1 548820
85 0 548950
85 1 549050
73 0 549130
73 1 549220
32 0 549370
32 1 549470
16 0 549611
86 0 549800
86 1 549890
16 1 549920
76 0 550080
76 1 550160
65 0 550190
65 1 550330
68 0 550421
68 1 550530
188 0 551230
188 1 551310
32 0 551410
32 1 551510
65 0 551530
65 1 551650
83 0 551720
83 1 551800
65 0 551810
65 1 551910
32 0 552000
32 1 552080
67 0 552170
67 1 552240
65 0 552300
65 1 552410
32 0 552470
32 1 552560
86 0 552680
86 1 552761
65 0 552790
65 1 552910
32 0 552940
32 1 553020
84 0 553180
84 1 553270
82 0 553341
82 1 553440
69 0 553450
69 1 553550
66 0 553660
66 1 553750
85 0 553890
85 1 553980
73 0 554050
73 1 554150
32 0 554270
83 0 554370
32 1 554380
65 0 554440
83 1 554530
65 1 554590
32 0 554600
32 1 554670
73 0 554840
73 1 554950
77 0 555260
77 1 555340
73 0 555471
73 1 555560
32 0 555690
32 1 555800
82 0 555840
69 0 555950
82 1 556000
69 1 556090
71 0 556110
71 1 556190
65 0 556270
78 0 556380
65 1 556420
78 1 556470
68 0 556520
69 0 556630
68 1 556661
69 1 556760
83 0 556870
83 1 556980
67 0 556990
67 1 557060
32 0 557170
32 1 557290
90 0 557370
73 0 557480
90 1 557520
73 1 557570
85 0 557650
85 1 557751
65 0 557755
32 0 557880
65 1 557890
32 1 557980
80 0 558140
80 1 558230
69 0 558300
69 1 558410
82 0 558490
82 1 558580
70 0 558700
70 1 558810
69 0 558815
67 0 558900
69 1 558960
67 1 558990
84 0 559120
84 1 559210
65 0 559250
65 1 559340
32 0 561300
32 1 561390
16 0 561420
16 0 561906
16 0 561953
16 0 561985
16 0 562016
16 0 562047
16 0 562078
16 0 562110
186 0 562110
186 1 562200
186 0 562410
186 1 562500
16 1 562770
8 0 563180
8 1 563300
16 0 563381
48 0 563520
48 1 563600
48 0 563660
48 1 563760
16 1 563770
190 0 564440
190 1 564520
190 0 564580
190 1 564680
190 0 564740
190 1 564840
32 0 564961
32 1 565050
80 0 565240
80 1 565330
69 0 565360
69 1 565490
78 0 565540
78 1 565620
84 0 565700
82 0 565800
84 1 565840
82 1 565910
85 0 565915
85 1 565971
32 0 566120
32 1 566220
67 0 566320
67 1 566410
65 0 566430
65 1 566570
32 0 566590
32 1 566670
68 0 566830
68 1 566930
65 0 566990
65 1 567150
8 0 568500
8 1 568620
85 0 569490
85 1 569580
80 0 569750
80 1 569850
65 0 569870
65 1 570020
32 0 570090
32 1 570160
51 0 570590
51 1 570720
48 0 570800
48 1 570890
32 0 571160
32 1 571260
68 0 571300
69 0 571390
68 1 571440
32 0 571510
69 1 571550
32 1 571600
77 0 571710
77 1 571790
73 0 571900
73 1 571980
78 0 572140
78 1 572240
85 0 572340
85 1 572440
84 0 572800
84 1 572890
69 0 572920
32 0 573060
69 1 573065
32 1 573130
73 0 573270
73 1 573350
78 0 573451
78 1 573540
32 0 573620
32 1 573710
67 0 573790
67 1 573880
65 0 573890
82 0 574020
65 1 574050
82 1 574100
69 0 574170
32 0 574240
69 1 574300
32 1 574330
73 0 574460
73 1 574540
83 0 574570
83 1 574710
32 0 574715
32 1 574800
68 0 574830
69 0 574930
68 1 574980
69 1 575060
80 0 575120
80 1 575200
65 0 575960
65 1 576050
82 0 576120
82 1 576200
84 0 576290
84 1 576390
69 0 576420
69 1 576520
32 0 576570
68 0 576651
32 1 576660
69 0 576770
68 1 576811
32 0 576880
69 1 576910
32 1 576960
69 0 577030
76 0 577140
69 1 577150
76 1 577220
188 0 577750
188 1 577830
32 0 577930
32 1 578030
68 0 578161
68 1 578260
69 0 578290
69 1 578430
74 0 578500
74 1 578581
65 0 578610
32 0 578720
65 1 578750
32 1 578820
77 0 579010
77 1 579090
65 0 579110
32 0 579210
65 1 579240
32 1 579300
71 0 579410
65 0 579510
71 1 579515
65 1 579640
78 0 579660
78 1 579750
68 0 579851
69 0 579970
68 1 580020
69 1 580090
83 0 580241
83 1 580340
67 0 580350
67 1 580440
32 0 580970
32 1 581050
67 0 581180
67 1 581330
85 0 581335
85 1 581420
77 0 581540
77 1 581630
32 0 581730
83 0 581780
32 1 581830
65 0 581900
83 1 581960
32 0 582030
65 1 582050
32 1 582110
65 0 582170
74 0 582250
65 1 582280
74 1 582320
85 0 582430
85 1 582510
78 0 582620
78 1 582710
71 0 582800
71 1 582880
32 0 583000
32 1 583100
77 0 583200
77 1 583290
65 0 583310
73 0 583400
65 1 583460
73 1 583470
32 0 583611
32 1 583720
82 0 583911
69 0 584020
82 1 584070
69 1 584160
80 0 584170
80 1 584260
69 0 584380
69 1 584520
68 0 584820
69 0 584950
68 1 584990
69 1 585100
32 0 585180
32 1 585271
85 0 585440
85 1 585540
78 0 585650
68 0 585730
78 1 585770
69 0 585830
68 1 585870
69 1 585970
32 0 586040
32 1 586150
69 0 586220
69 1 586350
32 0 586854
32 1 586944
16 0 586975
186 0 587114
186 1 587184
48 0 587784
48 1 587863
16 1 588034
8 0 588875
8 1 588984
8 0 589034
8 1 589145
16 0 589554
188 0 589914
188 1 590005
16 1 590054
51 0 590815
51 1 590904
190 0 591154
190 1 591224
32 0 591354
32 1 591454
16 0 630194
16 0 630703
16 0 630734
16 0 630766
16 0 630797
16 0 630828
16 0 630859
16 0 630890
16 0 630922
16 0 630969
16 0 631001
16 0 631032
16 0 631064
16 0 631094
16 0 631126
80 0 631143
16 1 631273
80 1 631283
65 0 631423
65 1 631563
82 0 632033
82 1 632143
69 0 632163
69 1 632283
82 0 632354
69 0 632423
82 1 632443
69 1 632523
65 0 632633
32 0 632763
65 1 632773
32 1 632843
77 0 632943
69 0 633043
77 1 633053
69 1 633123
65 0 633223
65 1 633373
32 0 633374
32 1 633443
69 0 633523
69 1 633623
83 0 633723
84 0 633823
83 1 633844
84 1 633883
69 0 633973
32 0 634083
69 1 634093
32 1 634183
67 0 634303
67 1 634373
65 0 634453
32 0 634583
65 1 634613
32 1 634663
80 0 634823
80 1 634923
82 0 634943
79 0 635033
82 1 635044
79 1 635113
71 0 635293
71 1 635323
71 0 635343
71 1 635483
82 0 635603
82 1 635663
65 0 635743
65 1 635863
77 0 635943
77 1 636043
65 0 636143
65 1 636243
32 0 636373
32 1 636463
84 0 636663
84 1 636713
8 0 638013
8 1 638123
8 0 638193
8 1 638304
8 0 638364
8 1 638463
8 0 638533
8 1 638633
8 0 638713
8 1 638803
8 0 638893
8 1 638993
8 0 639413
8 1 639523
82 0 639923
82 1 640023
65 0 640083
65 1 640183
77 0 640234
65 0 640323
77 1 640328
65 1 640433
32 0 640463
32 1 640563
84 0 640843
84 1 640933
82 0 641013
82 1 641113
69 0 641143
69 1 641253
66 0 641323
66 1 641403
85 0 641523
85 1 641603
73 0 641683
69 0 641753
73 1 641773
69 1 641843
32 0 641933
65 0 642013
32 1 642018
67 0 642153
65 1 642193
67 1 642234
84 0 642343
84 1 642433
85 0 642543
85 1 642643
65 0 642703
76 0 642803
65 1 642808
76 1 642893
73 0 642993
90 0 643053
73 1 643083
90 1 643193
65 0 643233
84 0 643373
65 1 643383
84 1 643453
65 0 643493
65 1 643613
32 0 649103
32 1 649233
76 0 649363
76 1 649453
65 0 649492
32 0 649593
65 1 649613
32 1 649693
84 0 649823
84 1 649883
79 0 650043
79 1 650123
65 0 650163
65 1 650303
84 0 651073
84 1 651173
69 0 651212
69 1 651333
32 0 651393
32 1 651483
78 0 651592
78 1 651683
8 0 652583
8 1 652693
8 0 652823
8 1 652943
8 0 653073
8 1 653143
8 0 653263
8 1 653343
8 0 653443
8 1 653533
8 0 653622
8 1 653703
8 0 653803
8 1 653893
8 0 654023
8 1 654113
8 0 654403
8 1 654522
8 0 654651
8 1 654692
8 0 654782
8 1 654842
32 0 655382
32 1 655482
80 0 655672
80 1 655772
69 0 655832
69 1 655952
78 0 655972
78 1 656062
84 0 656212
84 1 656292
82 0 656362
82 1 656452
85 0 656602
85 1 656682
32 0 656812
32 1 656911
84 0 656942
84 1 657052
79 0 657082
79 1 657152
65 0 657372
65 1 657502
84 0 657572
84 1 657642
69 0 657702
69 1 657802
32 0 657932
32 1 658012
67 0 658162
67 1 658282
73 0 658382
73 1 658462
67 0 658581
67 1 658662
76 0 658701
76 1 658792
85 0 658922
85 1 659002
82 0 659122
82 1 659232
73 0 659291
73 1 659352
76 0 659502
69 0 659592
76 1 659597
69 1 659672
190 0 664242
190 1 664332
32 0 664572
32 1 664642
16 0 664782
67 0 664962
67 1 665032
16 1 665052
82 0 665142
82 1 665232
69 0 665312
69 1 665402
68 0 665492
68 1 665572
32 0 665692
32 1 665782
67 0 665862
67 1 665951
65 0 666082
65 1 666172
32 0 666222
32 1 666322
65 0 666361
65 1 666472
82 0 666501
82 1 666552
32 0 666681
32 1 666782
84 0 666892
84 1 666982
82 0 667052
82 1 667142
69 0 667181
69 1 667301
66 0 667311
66 1 667392
85 0 667512
85 1 667602
73 0 667672
73 1 667752
32 0 667882
83 0 667942
32 1 667992
65 0 668042
83 1 668092
65 1 668222
32 0 668232
32 1 668311
83 0 668362
83 1 668491
69 0 668652
69 1 668792
32 0 669962
32 1 670072
73 0 671582
73 1 671672
78 0 671801
78 1 671902
76 0 672062
76 1 672162
79 0 672252
79 1 672342
67 0 672712
67 1 672832
85 0 672872
85 1 672952
73 0 673082
73 1 673172
65 0 673342
65 1 673512
83 0 673832
83 1 673962
67 0 674072
65 0 674152
67 1 674157
65 1 674272
32 0 674342
32 1 674422
77 0 675992
77 1 676152
8 0 676512
8 1 676642
83 0 676942
83 1 677082
73 0 677112
73 1 677195
83 0 677252
83 1 677362
84 0 677412
84 1 677492
69 0 677532
69 1 677652
77 0 677722
77 1 677832
85 0 678432
85 1 678512
76 0 678622
76 1 678732
68 0 681122
69 0 681232
68 1 681292
69 1 681412
8 0 682412
8 1 682542
8 0 682621
8 1 682712
32 0 682982
32 1 683092
68 0 683201
69 0 683292
68 1 683332
32 0 683432
69 1 683452
32 1 683542
78 0 683651
78 1 683732
79 0 683852
79 1 683942
84 0 684122
84 1 684222
65 0 684227
65 1 684322
82 0 684373
82 1 684451
69 0 684511
69 1 684622
32 0 684642
32 1 684752
66 0 684852
66 1 684942
65 0 684946
65 1 685072
90 0 685172
65 0 685332
90 1 685342
65 1 685492
84 0 685511
84 1 685582
32 0 685712
32 1 685822
80 0 685952
69 0 686042
80 1 686046
69 1 686172
32 0 686192
32 1 686291
82 0 686312
69 0 686422
82 1 686471
69 1 686552
67 0 686572
67 1 686652
79 0 686822
79 1 686912
77 0 688492
77 1 688572
80 0 688722
80 1 688821
69 0 688872
69 1 688972
78 0 688992
78 1 689092
83 0 689552
65 0 689673
83 1 689732
32 0 689822
65 1 689832
32 1 689892
83 0 689932
73 0 690052
83 1 690057
73 1 690141
32 0 690272
32 1 690382
80 0 690502
69 0 690571
80 1 690582
69 1 690702
68 0 690742
69 0 690872
68 1 690922
69 1 691032
65 0 691192
65 1 691272
80 0 691341
80 1 691422
83 0 691682
65 0 691802
83 1 691863
65 1 691972
190 0 695402
190 1 695472
32 0 695742
32 1 695812
16 0 695922
16 0 696417
16 0 696464
16 0 696496
16 0 696527
16 0 696558
16 0 696589
16 0 696621
16 0 696652
16 0 696683
16 0 696715
16 0 696762
16 0 696793
16 0 696817
16 0 696848
16 0 696880
16 0 696919
16 0 696950
16 0 696982
16 0 697013
16 0 697060
16 0 697091
16 0 697122
16 0 697153
16 0 697185
16 0 697216
16 0 697247
16 0 697278
16 0 697310
16 0 697349
16 0 697380
16 0 697419
16 0 697450
16 0 697482
16 0 697513
16 0 697544
16 0 697575
16 0 697606
16 1 697622
16 0 701292
16 0 701783
16 0 701830
16 0 701862
16 0 701893
16 0 701924
16 0 701955
16 0 701986
65 0 702002
16 1 702112
65 1 702132
83 0 702542
83 1 702682
32 0 702802
32 1 702882
73 0 703062
73 1 703142
78 0 703251
67 0 703332
78 1 703352
67 1 703442
85 0 703471
85 1 703552
82 0 703692
82 1 703782
65 0 703832
65 1 703982
74 0 704112
74 1 704192
65 0 704197
65 1 704312
32 0 704316
32 1 704392
77 0 704482
77 1 704582
65 0 704587
65 1 704681
73 0 704691
73 1 704751
32 0 704871
32 1 704961
77 0 705041
77 1 705131
85 0 705221
85 1 705301
76 0 705411
76 1 705501
84 0 705641
84 1 705731
32 0 705861
32 1 705941
77 0 706031
77 1 706111
85 0 706221
85 1 706291
78 0 706400
78 1 706481
67 0 706630
65 0 706701
67 1 706711
65 1 706801
32 0 706840
32 1 706921
73 0 707021
73 1 707121
78 0 707211
78 1 707291
32 0 707371
69 0 707481
32 1 707491
69 1 707591
67 0 707610
67 1 707681
72 0 707821
72 1 707920
73 0 708031
73 1 708131
80 0 708231
80 1 708330
65 0 708340
65 1 708461
32 0 708501
32 1 708581
83 0 708671
83 1 708801
73 0 708830
73 1 708911
32 0 709031
69 0 709119
32 1 709149
69 1 709229
70 0 709329
70 1 709409
79 0 709620
79 1 709699
82 0 709759
82 1 709849
84 0 709919
84 1 710010
85 0 710180
85 1 710269
76 0 710399
76 1 710479
32 0 710609
32 1 710689
68 0 710719
69 0 710809
68 1 710850
32 0 710889
69 1 710959
32 1 710979
71 0 711089
71 1 711179
82 0 711189
82 1 711309
85 0 711359
85 1 711439
80 0 711599
80 1 711689
32 0 712459
32 1 712530
83 0 712589
73 0 712730
83 1 712739
73 1 712810
32 0 712939
32 1 713039
65 0 713059
83 0 713139
65 1 713209
83 1 713289
32 0 713329
32 1 713410
65 0 713414
65 1 713570
67 0 713599
67 1 713679
79 0 713849
79 1 713939
82 0 714089
82 1 714179
68 0 714259
65 0 714339
68 1 714349
65 1 714459
32 0 714489
32 1 714590
78 0 714679
78 1 714759
79 0 714869
79 1 714949
84 0 715109
84 1 715199
69 0 715204
69 1 715310
32 0 715369
32 1 715469
83 0 715480
73 0 715599
83 1 715629
73 1 715679
32 0 716969
32 1 717059
73 0 717209
73 1 717299
78 0 717409
78 1 717499
32 0 717589
32 1 717689
70 0 717699
70 1 717819
85 0 717879
85 1 717960
78 0 718070
78 1 718169
67 0 718179
67 1 718269
84 0 718309
84 1 718389
8 0 718890
8 0 719387
8 0 719425
8 0 719458
8 0 719489
8 0 719521
8 0 719551
8 0 719583
8 0 719615
8 0 719647
8 0 719686
8 0 719718
8 0 719750
8 0 719784
8 0 719816
8 0 719849
8 0 719880
8 1 719890
8 0 721799
8 1 721899
8 0 721979
8 1 722089
8 0 722189
8 1 722249
8 0 722359
8 1 722430
8 0 722539
8 1 722609
8 0 722719
8 1 722809
8 0 722969
8 1 723069
32 0 724039
32 1 724129
67 0 724329
67 1 724409
65 0 724459
65 1 724580
85 0 724584
85 1 724670
84 0 724759
65 0 724839
84 1 724849
65 1 724959
32 0 724979
32 1 725059
79 0 725179
79 1 725249
32 0 725369
32 1 725469
65 0 725479
76 0 725600
65 1 725619
76 1 725679
84 0 725859
84 1 725949
65 0 725969
65 1 726099
32 0 726139
32 1 726229
77 0 726329
77 1 726409
69 0 726500
69 1 726629
8 0 727009
8 1 727109
79 0 727259
79 1 727349
68 0 727409
69 0 727519
68 1 727549
69 1 727639
76 0 727979
76 1 728079
73 0 728209
73 1 728299
84 0 728459
65 0 728530
84 1 728540
84 0 728659
65 1 728669
84 1 728750
69 0 728779
69 1 728909
32 0 728939
32 1 729019
68 0 729029
69 0 729119
68 1 729159
69 1 729249
32 0 729359
32 1 729439
69 0 729600
69 1 729729
86 0 729829
86 1 729919
65 0 730019
65 1 730160
76 0 730219
76 1 730300
85 0 730419
85 1 730509
65 0 730540
65 1 730679
82 0 730680
82 1 730760
69 0 730809
69 1 730929
190 0 732769
190 1 732880
32 0 733009
32 1 733079
8 0 739460
8 1 739549
8 0 739629
8 1 739729
32 0 740950
32 1 741029
16 0 741039
57 0 741219
57 1 741279
16 1 741339
80 0 741609
80 1 741709
69 0 741729
69 1 741839
32 0 741909
32 1 741989
76 0 742119
76 1 742230
65 0 742239
65 1 742390
78 0 742394
78 1 742489
71 0 742589
71 1 742669
65 0 742779
65 1 742909
32 0 742939
32 1 743019
68 0 743029
69 0 743129
68 1 743169
69 1 743269
8 0 743429
8 1 743479
8 0 743579
8 1 743700
67 0 743719
69 0 743829
67 1 743859
69 1 743959
65 0 744089
65 1 744240
32 0 744359
32 1 744459
66 0 744609
65 0 744699
66 1 744709
65 1 744819
90 0 744919
65 0 745079
90 1 745090
84 0 745249
65 1 745255
84 1 745319
65 0 745349
65 1 745489
32 0 745540
32 1 745620
80 0 745929
80 1 746039
69 0 746390
69 1 746530
32 0 746609
32 1 746709
82 0 746879
82 1 746969
69 0 746974
69 1 747080
67 0 747119
67 1 747209
79 0 747349
79 1 747430
77 0 747549
77 1 747649
65 0 747669
65 1 747780
80 0 747789
80 1 747879
69 0 747940
69 1 748039
78 0 748209
78 1 748319
83 0 748349
65 0 748449
83 1 748509
65 1 748619
32 0 750000
32 1 750059
189 0 750239
189 1 750309
32 0 750519
32 1 750629
78 0 750770
78 1 750839
79 0 750960
79 1 751039
84 0 751189
65 0 751239
84 1 751269
65 1 751349
16 0 751619
48 0 751950
48 1 752009
16 1 752090
32 0 752159
32 1 752249
190 0 760340
190 1 760439
32 0 760989
32 1 761119
16 0 761649
16 0 762154
16 1 762160
16 0 775439
78 0 775748
78 1 775858
16 1 775889
85 0 775968
85 1 776049
32 0 776178
32 1 776278
77 0 776369
77 1 776438
189 0 776598
189 1 776679
65 0 776759
77 0 776929
65 1 776949
77 1 776989
32 0 777088
32 1 777168
71 0 777288
71 1 777379
65 0 777379
78 0 777509
65 1 777514
78 1 777609
68 0 778098
68 1 778199
73 0 778278
73 1 778359
84 0 778498
84 1 778559
32 0 778698
32 1 778768
78 0 778858
78 1 778938
73 0 779049
73 1 779128
67 0 779179
67 1 779289
73 0 779319
73 1 779379
79 0 779478
79 1 779549
68 0 779729
65 0 779799
68 1 779809
84 0 779928
65 1 779939
84 1 780009
65 0 780038
32 0 780148
65 1 780189
32 1 780239
67 0 780338
67 1 780419
69 0 780423
69 1 780539
32 0 780548
32 1 780629
65 0 780708
82 0 780758
82 1 780819
65 1 780838
32 0 780998
32 1 781078
80 0 781228
80 1 781318
85 0 781458
85 1 781548
84 0 781658
69 0 781719
84 1 781739
69 1 781808
65 0 781918
32 0 782039
65 1 782059
32 1 782118
70 0 782318
70 1 782408
65 0 782418
65 1 782538
67 0 782543
67 1 782619
69 0 782669
69 1 782789
32 0 782838
32 1 782898
77 0 784079
77 1 784188
65 0 784208
73 0 784318
65 1 784328
73 1 784378
32 0 784518
32 1 784609
77 0 784699
77 1 784788
85 0 784888
85 1 784949
76 0 785099
76 1 785199
84 0 785388
84 1 785448
32 0 785849
32 1 785918
80 0 786189
80 1 786279
65 0 786308
65 1 786449
82 0 786498
82 1 786579
73 0 786748
73 1 786829
78 0 786949
78 1 787038
84 0 787178
84 1 787258
73 0 787418
73 1 787509
73 0 787568
73 1 787678
32 0 790528
32 1 790648
83 0 790678
65 0 790818
83 1 790869
65 1 790998
85 0 791059
85 1 791168
32 0 791988
32 1 792099
69 0 792159
69 1 792288
76 0 792318
76 1 792398
69 0 792404
69 1 792509
86 0 792578
86 1 792669
73 0 792828
73 1 792909
73 0 792958
73 1 793069
190 0 794108
190 1 794208
32 0 794379
32 1 794468
16 0 794758
80 0 794989
16 1 795079
80 1 795098
82 0 795368
82 1 795489
79 0 795518
79 1 795629
70 0 797231
70 1 797338
8 0 797988
8 1 798069
70 0 798999
69 0 799069
70 1 799099
69 1 799179
83 0 799288
79 0 799398
83 1 799419
79 1 799479
82 0 799598
82 1 799739
73 0 799758
73 1 799848
73 0 799898
73 1 799999
32 0 800139
32 1 800248
77 0 800368
77 1 800449
8 0 800748
8 1 800838
8 0 800958
8 0 801477
8 0 801492
8 0 801526
8 0 801565
8 0 801602
8 0 801628
8 0 801668
8 0 801702
8 0 801736
8 0 801767
8 1 801778
8 0 802039
8 1 802099
8 0 802419
8 1 802579
190 0 806099
190 1 806199
32 0 806359
32 1 806439
16 0 810331
80 0 810498
16 1 810599
80 1 810609
69 0 810878
69 1 811019
78 0 811058
78 1 811159
84 0 811218
82 0 811318
84 1 811379
82 1 811459
85 0 811468
85 1 811539
32 0 811678
32 1 811778
80 0 811918
69 0 811979
80 1 812009
69 1 812119
82 0 812238
82 1 812349
70 0 812489
70 1 812618
79 0 812669
79 1 812739
82 0 812769
82 1 812878
77 0 812969
77 1 813048
65 0 813128
78 0 813239
65 1 813259
78 1 813319
84 0 813439
65 0 813509
84 1 813519
65 1 813639
32 0 813669
32 1 813749
67 0 813849
67 1 813929
82 0 814249
69 0 814358
82 1 814399
69 1 814499
68 0 814588
68 1 814729
32 0 814778
32 1 814839
67 0 814988
67 1 815028
65 0 815158
65 1 815308
32 0 815319
32 1 815428
84 0 815578
84 1 815669
82 0 815728
69 0 815809
82 1 815829
69 1 815948
66 0 815978
66 1 816078
85 0 816198
85 1 816279
73 0 816348
69 0 816439
73 1 816449
69 1 816548
32 0 816598
32 1 816688
83 0 816693
65 0 816808
83 1 816909
65 1 817038
32 0 817579
32 1 817678
76 0 817829
76 1 817919
85 0 818028
85 1 818118
67 0 818179
67 1 818289
82 0 818298
82 1 818369
65 0 818488
65 1 818648
77 0 819409
77 1 819478
32 0 819588
83 0 819679
32 1 819689
83 1 819828
73 0 819833
73 1 819889
32 0 820039
83 0 820129
32 1 820139
65 0 820228
83 1 820269
65 1 820419
32 0 820579
32 1 820679
73 0 820868
73 1 820957
78 0 821087
78 1 821188
8 0 821428
8 0 821920
8 0 821953
8 0 821986
8 0 822027
8 0 822053
8 0 822085
8 0 822112
8 0 822159
8 0 822190
8 0 822222
8 0 822254
8 0 822280
8 1 822288
8 0 822468
8 1 822568
8 0 822647
8 1 822748
73 0 823247
73 1 823347
78 0 823457
78 1 823557
86 0 823728
86 1 823818
65 0 823877
65 1 823998
84 0 824002
84 1 824077
65 0 824147
65 1 824258
77 0 824368
77 1 824447
32 0 824578
32 1 824677
67 0 825287
67 1 825447
72 0 825507
72 1 825577
69 0 825598
69 1 825707
83 0 825818
83 1 825908
84 0 825927
84 1 826008
73 0 826187
73 1 826267
8 0 827027
8 1 827127
8 0 827197
8 1 827287
8 0 827368
8 1 827458
8 0 827537
8 1 827628
8 0 827708
8 1 827798
8 0 828008
8 1 828108
83 0 832628
73 0 832748
83 1 832758
73 1 832817
32 0 832947
83 0 832987
32 1 833058
65 0 833087
83 1 833137
32 0 833237
65 1 833258
32 1 833347
65 0 833388
65 1 833507
86 0 833538
86 1 833628
69 0 833633
69 1 833738
77 0 833828
77 1 833898
32 0 834008
32 1 834107
65 0 834148
65 1 834277
67 0 834507
67 1 834587
67 0 834648
69 0 834748
67 1 834755
69 1 834848
83 0 834938
32 0 835048
83 1 835058
32 1 835127
76 0 835267
76 1 835357
65 0 835377
65 1 835514
32 0 835524
32 1 835604
77 0 835704
77 1 835794
65 0 835799
65 1 835934
84 0 835984
69 0 836074
84 1 836080
69 1 836184
82 0 836224
82 1 836304
73 0 836484
73 1 836574
73 0 836624
73 1 836714
32 0 836824
32 1 836924
77 0 837014
77 1 837104
65 0 837134
73 0 837224
65 1 837274
73 1 837294
32 0 837424
32 1 837524
68 0 837534
69 0 837615
68 1 837664
32 0 837704
69 1 837734
32 1 837774
65 0 838054
65 1 838194
67 0 838214
67 1 838284
84 0 838404
84 1 838494
85 0 838624
85 1 838714
65 0 838824
65 1 838904
76 0 838964
76 1 839054
73 0 839164
73 1 839264
84 0 839404
84 1 839504
65 0 839509
84 0 839624
65 1 839644
84 1 839714
69 0 839745
69 1 839884
190 0 841525
190 1 841604
32 0 841754
32 1 841844
16 0 841884
85 0 842015
85 1 842084
16 1 842114
78 0 842194
78 1 842274
32 0 842374
69 0 842435
32 1 842474
69 1 842554
88 0 842765
88 1 842854
69 0 842925
69 1 843024
77 0 843234
77 1 843324
80 0 843454
80 1 843544
76 0 843624
76 1 843704
85 0 843824
85 1 843894
32 0 844014
32 1 844104
73 0 844224
73 1 844314
78 0 844414
78 1 844514
32 0 844624
32 1 844734
65 0 844764
67 0 844914
65 1 844944
67 1 845014
69 0 845064
69 1 845164
83 0 845254
84 0 845335
83 1 845364
84 1 845414
32 0 845564
83 0 845654
32 1 845674
83 1 845774
69 0 845884
69 1 845974
78 0 846044
83 0 846134
78 1 846139
83 1 846254
32 0 846304
32 1 846394
65 0 846514
65 1 846644
82 0 846724
82 1 846794
32 0 846934
70 0 847034
32 1 847039
70 1 847134
73 0 847174
73 1 847254
32 0 847404
32 1 847514
69 0 847519
68 0 847644
69 1 847664
68 1 847834
85 0 847905
85 1 847994
67 0 848144
67 1 848224
65 0 848244
65 1 848344
84 0 848384
84 1 848454
73 0 848634
73 1 848724
65 0 848734
65 1 848834
32 0 848884
32 1 848994
70 0 849064
70 1 849184
73 0 849204
73 1 849284
78 0 849394
78 1 849494
65 0 849524
65 1 849634
78 0 849704
78 1 849784
67 0 849964
67 1 850044
73 0 850204
73 1 850304
65 0 850309
65 1 850414
82 0 850464
82 1 850544
65 0 850574
65 1 850694
190 0 850784
190 1 850874
32 0 851324
32 1 851404
16 0 858435
67 0 858684
16 1 858765
67 1 858769
82 0 858904
82 1 858984
69 0 859074
69 1 859164
68 0 859234
68 1 859324
32 0 859454
32 1 859564
67 0 862315
67 1 862424
65 0 862494
65 1 862654
32 0 864154
32 1 864254
77 0 864434
77 1 864524
79 0 864664
79 1 864744
68 0 864794
68 1 864914
65 0 865004
76 0 865144
65 1 865164
76 1 865234
73 0 865354
73 1 865444
84 0 865584
65 0 865645
84 1 865654
65 1 865784
84 0 865804
84 1 865874
8 0 866425
8 0 866931
8 0 866949
8 0 866985
8 0 867026
8 0 867059
8 0 867093
8 0 867124
8 0 867148
8 0 867194
8 1 867225
8 0 867794
8 1 867924
8 0 868024
8 1 868134
8 0 868214
8 1 868294
8 0 868404
8 1 868474
8 0 868585
8 1 868664
8 0 868764
8 1 868854
8 0 868974
8 1 869094
16 0 879945
68 0 880154
16 1 880244
68 1 880254
65 0 880304
82 0 880434
65 1 880444
82 1 880524
8 0 880774
8 1 880864
8 0 880934
8 1 881034
8 0 881095
8 1 881184
8 0 881654
8 1 881764
8 0 881844
8 1 881944
188 0 882624
188 1 882694
32 0 882794
32 1 882884
68 0 883014
68 1 883084
65 0 883144
82 0 883204
82 1 883274
65 1 883294
32 0 883394
65 0 883454
32 1 883494
83 0 883564
65 1 883614
83 1 883704
84 0 883714
84 1 883764
65 0 883794
65 1 883924
32 0 883944
32 1 884024
82 0 884294
82 1 884404
73 0 884454
73 1 884544
78 0 884714
78 1 884795
69 0 884824
69 1 884965
8 0 885415
8 1 885504
8 0 885564
8 1 885674
8 0 885734
8 1 885844
8 0 885904
8 1 886024
84 0 886494
73 0 886604
84 1 886624
73 1 886694
78 0 886814
69 0 886864
78 1 886904
69 1 887014
32 0 887034
84 0 887124
32 1 887134
84 1 887244
79 0 887294
84 0 887354
79 1 887404
84 1 887434
32 0 887544
32 1 887644
68 0 887674
69 0 887774
68 1 887804
32 0 887854
69 1 887914
32 1 887934
80 0 888064
82 0 888125
80 1 888164
82 1 888264
79 0 888265
79 1 888345
71 0 888504
71 1 888584
82 0 888684
82 1 888764
65 0 888784
65 1 888904
77 0 888944
77 1 889034
65 0 889054
65 1 889164
190 0 889254
190 1 889324
32 0 889764
32 1 889844
16 0 890056
16 0 890541
16 0 890588
16 0 890620
16 0 890651
16 0 890682
16 0 890713
16 0 890744
16 0 890775
16 0 890806
16 0 890847
16 1 890865
16 0 934153
80 0 934272
80 1 934372
16 1 934423
73 0 934492
73 1 934582
67 0 934702
67 1 934822
85 0 935202
85 1 935322
8 0 938372
8 1 938502
8 0 938832
8 1 938932
8 0 939023
8 1 939112
79 0 940172
79 1 940282
90 0 940462
90 1 940582
65 0 940722
65 1 940852
191 0 941892
191 1 941982
16 0 942042
80 0 942152
80 1 942232
16 1 942252
73 0 942382
73 1 942462
67 0 942521
67 1 942661
84 0 942721
84 1 942791
85 0 942971
85 1 943071
82 0 943241
82 1 943351
69 0 943541
69 1 943661
8 0 944482
8 1 944601
65 0 944631
65 1 944761
32 0 945221
32 1 945311
80 0 956572
80 1 956692
85 0 956811
85 1 956901
78 0 957021
78 1 957121
69 0 957161
32 0 957221
69 1 957271
32 1 957321
73 0 957432
73 1 957512
78 0 957622
78 1 957702
32 0 957792
32 1 957912
69 0 958222
69 1 958372
86 0 958452
86 1 958532
69 0 958552
69 1 958652
73 0 958882
73 1 958952
68 0 959122
69 0 959232
68 1 959272
69 1 959392
78 0 959392
78 1 959482
84 0 959632
84 1 959702
65 0 959712
65 1 959812
32 0 959962
32 1 960032
79 0 964662
79 1 964762
32 0 964922
32 1 965012
83 0 965042
83 1 965162
67 0 965192
67 1 965252
69 0 965362
69 1 965492
78 0 965532
78 1 965622
69 0 965632
69 1 965732
32 0 965822
32 1 965912
8 0 966222
8 1 966312
8 0 966362
65 0 966482
8 1 966487
65 1 966642
32 0 966692
32 1 966792
68 0 969552
68 1 969712
73 0 969722
73 1 969782
78 0 969932
78 1 970022
32 0 970112
32 1 970222
86 0 970302
86 1 970382
73 0 970542
73 1 970652
65 0 970742
65 1 970842
84 0 970902
84 1 970972
65 0 971002
65 1 971112
32 0 973552
32 1 973692
79 0 974462
79 1 974492
65 0 974882
65 1 975012
77 0 975072
77 1 975172
69 0 975232
69 1 975332
78 0 975342
78 1 975432
73 0 975562
73 1 975632
76 0 975742
76 1 975862
79 0 975942
79 1 976032
82 0 976062
82 1 976192
32 0 976222
32 1 976312
68 0 978192
69 0 978332
68 1 978382
69 1 978522
8 0 987892
8 1 988022
8 0 988132
8 1 988232
8 0 988353
8 1 988462
32 0 989102
32 1 989252
68 0 989342
69 0 989502
68 1 989552
69 1 989692
8 0 999892
8 1 1000051
8 0 1000321
8 1 1000481
8 0 1000801
8 1 1000941
32 0 1003171
32 1 1003341
68 0 1004191
73 0 1004331
68 1 1004351
73 1 1004411
78 0 1004591
78 1 1004681
84 0 1004911
82 0 1005001
84 1 1005091
82 1 1005161
189 0 1005251
189 1 1005321
79 0 1005671
79 1 1005741
32 0 1005881
32 1 1005981
65 0 1006091
76 0 1006171
65 1 1006231
76 1 1006251
84 0 1006411
84 1 1006481
65 0 1006801
32 0 1006951
65 1 1006961
32 1 1007031
69 0 1007151
69 1 1007261
80 0 1007821
80 1 1007911
79 0 1008011
79 1 1008111
67 0 1008331
67 1 1008381
65 0 1008501
65 1 1008651
190 0 1009041
190 1 1009141
32 0 1009321
32 1 1009421
16 0 1009471
16 0 1009965
16 0 1010011
16 0 1010042
16 0 1010074
16 0 1010105
16 0 1010137
16 0 1010167
16 0 1010199
16 0 1010230
16 0 1010261
16 0 1010308
16 0 1010339
16 0 1010370
16 0 1010394
16 0 1010441
16 0 1010480
16 0 1010496
16 0 1010527
16 0 1010558
16 0 1010605
16 0 1010637
16 0 1010668
16 0 1010699
16 0 1010730
16 0 1010762
16 0 1010793
16 0 1010824
16 0 1010855
16 0 1010902
16 0 1010926
16 0 1010956
16 0 1010996
16 0 1011027
16 0 1011059
16 0 1011090
16 0 1011121
16 0 1011152
16 1 1011191
16 0 1016581
71 0 1016821
16 1 1016911
71 1 1016921
82 0 1017031
82 1 1017131
89 0 1017301
85 0 1017331
85 1 1017371
89 1 1017376
8 0 1018223
8 1 1018313
8 0 1018403
8 1 1018513
85 0 1018913
85 1 1019003
80 0 1019353
80 1 1019483
85 0 1019653
85 1 1019743
82 0 1019883
73 0 1019984
82 1 1020004
73 1 1020063
32 0 1020213
32 1 1020313
68 0 1020322
69 0 1020424
68 1 1020463
32 0 1020503
69 1 1020583
32 1 1020588
79 0 1020733
79 1 1020823
65 0 1020843
77 0 1020973
65 1 1020993
77 1 1021073
69 0 1021093
78 0 1021193
69 1 1021223
78 1 1021273
73 0 1021383
73 1 1021453
32 0 1021593
83 0 1021653
32 1 1021683
83 1 1021783
85 0 1021813
85 1 1021873
78 0 1021973
78 1 1022073
84 0 1022183
84 1 1022253
32 0 1022393
32 1 1022493
80 0 1022613
82 0 1022683
80 1 1022713
69 0 1022753
82 1 1022793
69 1 1022873
90 0 1023083
90 1 1023223
69 0 1023373
69 1 1023483
78 0 1023513
78 1 1023613
84 0 1023743
84 1 1023823
73 0 1023993
73 1 1024073
8 0 1024743
8 1 1024843
8 0 1024923
8 1 1025023
8 0 1025103
8 1 1025203
8 0 1025283
8 1 1025383
8 0 1025463
8 1 1025573
8 0 1025793
8 1 1025903
8 0 1026013
8 1 1026153
73 0 1026693
73 1 1026793
67 0 1026933
67 1 1027043
84 0 1027273
84 1 1027373
65 0 1027423
65 1 1027563
84 0 1027603
84 1 1027683
73 0 1028013
73 1 1028103
32 0 1028343
32 1 1028403
73 0 1031694
73 1 1031793
78 0 1033053
78 1 1033123
32 0 1033263
32 1 1033353
67 0 1034423
67 1 1034543
85 0 1034573
85 1 1034643
76 0 1034843
76 1 1034943
79 0 1035033
79 1 1035123
82 0 1035233
82 1 1035343
73 0 1035353
73 1 1035413
32 0 1035553
32 1 1035643
86 0 1035763
86 1 1035873
73 0 1036043
73 1 1036123
73 0 1036183
73 1 1036273
32 0 1036433
32 1 1036493
73 0 1036643
73 1 1036723
78 0 1036863
78 1 1036953
84 0 1037213
82 0 1037293
84 1 1037333
82 1 1037433
189 0 1037643
189 1 1037733
79 0 1037903
79 1 1037983
32 0 1038123
32 1 1038213
67 0 1042884
67 1 1042973
65 0 1042983
65 1 1043103
84 0 1043133
84 1 1043223
69 0 1043263
69 1 1043393
68 0 1044023
68 1 1044123
82 0 1044253
82 1 1044353
65 0 1044433
65 1 1044603
76 0 1045123
76 1 1045203
65 0 1045223
65 1 1045393
190 0 1049503
190 1 1049593
32 0 1050693
32 1 1050853
16 0 1071823
65 0 1072142
16 1 1072292
65 1 1072322
82 0 1072332
82 1 1072442
67 0 1073142
65 0 1073232
67 1 1073237
65 1 1073372
68 0 1073592
68 1 1073662
69 0 1073722
69 1 1073862
76 0 1073972
76 1 1074062
69 0 1074102
69 1 1074202
32 0 1074252
32 1 1074352
77 0 1074462
77 1 1074552
85 0 1074682
85 1 1074762
76 0 1074892
76 1 1075002
84 0 1075042
73 0 1075122
84 1 1075132
73 1 1075202
80 0 1075362
80 1 1075462
76 0 1075532
76 1 1075622
69 0 1075632
69 1 1075762
32 0 1075782
32 1 1075862
73 0 1076012
73 1 1076092
78 0 1076222
78 1 1076312
67 0 1076472
67 1 1076552
65 0 1076572
65 1 1076693
68 0 1076742
68 1 1076812
82 0 1076902
82 1 1076992
69 0 1077042
65 0 1077132
69 1 1077142
65 1 1077242
90 0 1077352
90 1 1077422
65 0 1077462
65 1 1077582
32 0 1077602
32 1 1077692
80 0 1077822
80 1 1077902
69 0 1077932
69 1 1078022
82 0 1078152
82 1 1078222
70 0 1078520
69 0 1078610
70 1 1078620
69 1 1078721
67 0 1078725
67 1 1078811
84 0 1078930
84 1 1079021
32 0 1079200
32 1 1079300
83 0 1079841
67 0 1079970
83 1 1079980
67 1 1080051
72 0 1080211
72 1 1080261
8 0 1080650
8 1 1080761
69 0 1081330
69 1 1081421
78 0 1081690
78 1 1081810
65 0 1081871
65 1 1081991
32 0 1082070
32 1 1082181
68 0 1082420
69 0 1082531
68 1 1082581
69 1 1082661
80 0 1082771
80 1 1082850
73 0 1082961
73 1 1083041
67 0 1083200
67 1 1083280
84 0 1084220
84 1 1084330
65 0 1084350
65 1 1084491
84 0 1084570
84 1 1084651
65 0 1084760
65 1 1084871
190 0 1092203
190 1 1092291
32 0 1092531
32 1 1092650
16 0 1093101
16 0 1093600
16 0 1093637
16 0 1093669
16 0 1093708
16 0 1093739
16 0 1093771
16 0 1093802
16 0 1093833
16 0 1093864
16 0 1093896
16 0 1093943
16 0 1093974
16 0 1094005
16 0 1094036
16 0 1094068
16 0 1094099
16 0 1094131
16 0 1094170
16 0 1094209
16 0 1094224
16 0 1094272
16 0 1094303
16 0 1094334
16 0 1094365
16 0 1094396
16 0 1094428
16 0 1094459
16 0 1094490
16 0 1094537
16 0 1094568
16 0 1094599
16 0 1094631
16 0 1094663
16 0 1094701
16 0 1094741
16 0 1094756
16 0 1094788
16 0 1094819
16 0 1094866
16 0 1094897
16 0 1094928
16 0 1094960
16 0 1094991
16 0 1095022
16 0 1095054
16 0 1095085
16 0 1095116
16 0 1095164
16 0 1095195
16 0 1095218
16 0 1095250
16 0 1095289
16 0 1095320
16 0 1095351
16 0 1095383
16 1 1095401
16 0 1095661
85 0 1095820
85 1 1095891
16 1 1095921
78 0 1096010
78 1 1096111
73 0 1096240
73 1 1096331
73 0 1096381
73 1 1096460
32 0 1096630
32 1 1096720
69 0 1096951
69 1 1097050
82 0 1097100
82 1 1097170
65 0 1097270
85 0 1097400
65 1 1097440
85 1 1097510
32 0 1097651
32 1 1097750
80 0 1097871
80 1 1097961
82 0 1100690
69 0 1100790
82 1 1100841
69 1 1100921
79 0 1101291
79 1 1101341
67 0 1101711
67 1 1101830
85 0 1101980
85 1 1102051
80 0 1102200
80 1 1102290
65 0 1102301
65 1 1102421
84 0 1102460
84 1 1102531
73 0 1102680
73 1 1102750
32 0 1102870
32 1 1102961
68 0 1102971
69 0 1103061
68 1 1103101
32 0 1103161
69 1 1103201
32 1 1103241
77 0 1103320
77 1 1103410
69 0 1103420
69 1 1103521
83 0 1103611
83 1 1103741
84 0 1103931
84 1 1104011
85 0 1104171
85 1 1104261
83 0 1105000
65 0 1105150
83 1 1105161
65 1 1105291
71 0 1105700
65 0 1105800
71 1 1105811
65 1 1105911
84 0 1105920
84 1 1106011
73 0 1106260
73 1 1106361
84 0 1106750
84 1 1106861
188 0 1106890
188 1 1106961
32 0 1107070
32 1 1107160
65 0 1107180
65 1 1107301
76 0 1107330
76 1 1107401
84 0 1107580
84 1 1107641
73 0 1107810
73 1 1107911
73 0 1107960
73 1 1108060
32 0 1108190
68 0 1108281
32 1 1108291
69 0 1108370
68 1 1108411
69 1 1108531
32 0 1108540
32 1 1108641
65 0 1108751
82 0 1108901
65 1 1108906
82 1 1108970
84 0 1109060
84 1 1109150
65 0 1109160
65 1 1109280
8 0 1110481
8 0 1110976
8 0 1111011
8 0 1111052
8 0 1111086
8 0 1111118
8 0 1111153
8 0 1111184
8 0 1111216
8 0 1111241
8 0 1111280
8 0 1111311
8 0 1111342
8 0 1111386
8 1 1111391
8 0 1113151
8 1 1113270
8 0 1113390
8 1 1113481
8 0 1113750
8 1 1113861
8 0 1113941
8 1 1114041
82 0 1114540
82 1 1114661
73 0 1114670
73 1 1114761
84 0 1114890
84 1 1114971
188 0 1115641
188 1 1115720
32 0 1115810
32 1 1115901
80 0 1116051
80 1 1116141
65 0 1116171
32 0 1116261
65 1 1116301
32 1 1116350
67 0 1116431
67 1 1116530
65 0 1116531
65 1 1116660
78 0 1116670
78 1 1116761
68 0 1116765
68 1 1116881
32 0 1116885
32 1 1116971
65 0 1117051
76 0 1117121
65 1 1117160
76 1 1117201
84 0 1117370
84 1 1117451
73 0 1117561
73 1 1117661
73 0 1117721
73 1 1117820
32 0 1117931
32 1 1118030
73 0 1118180
73 1 1118271
82 0 1118480
69 0 1118581
82 1 1118630
69 1 1118710
65 0 1119001
65 1 1119121
85 0 1119291
85 1 1119370
8 0 1119871
8 1 1119951
8 0 1120021
8 1 1120131
8 0 1120211
8 1 1120311
8 0 1120401
8 1 1120510
8 0 1120660
8 1 1120771
69 0 1120991
82 0 1121111
69 1 1121161
82 1 1121261
65 0 1121631
65 1 1121741
85 0 1121820
85 1 1121881
32 0 1121991
32 1 1122101
80 0 1122221
80 1 1122311
82 0 1122320
69 0 1122421
82 1 1122461
69 1 1122541
79 0 1122591
79 1 1122671
67 0 1123030
67 1 1123161
85 0 1123271
85 1 1123351
80 0 1123490
80 1 1123580
65 0 1123584
65 1 1123691
84 0 1123751
84 1 1123811
73 0 1123981
73 1 1124061
32 0 1124181
68 0 1124221
32 1 1124291
69 0 1124321
68 1 1124361
69 1 1124460
32 0 1124521
32 1 1124591
83 0 1124971
83 1 1125121
84 0 1125361
84 1 1125491
73 0 1126011
73 1 1126101
73 0 1126150
73 1 1126260
78 0 1126371
78 1 1126481
84 0 1126651
84 1 1126731
65 0 1126771
65 1 1126891
32 0 1126895
32 1 1127001
83 0 1127051
83 1 1127151
73 0 1127161
73 1 1127250
32 0 1127421
68 0 1127481
32 1 1127531
69 0 1127620
68 1 1127671
69 1 1127760
32 0 1128411
32 1 1128510
65 0 1128621
82 0 1128740
65 1 1128781
82 1 1128840
84 0 1129011
84 1 1129101
65 0 1129131
65 1 1129271
190 0 1129751
190 1 1129831
32 0 1129970
32 1 1130051
16 0 1153469
67 0 1153638
67 1 1153738
16 1 1153768
69 0 1153868
69 1 1153958
82 0 1154068
82 1 1154168
85 0 1154378
85 1 1154478
8 0 1155248
8 1 1155338
8 0 1155468
8 1 1155558
8 0 1155688
8 1 1155788
8 0 1156178
8 1 1156308
16 0 1157589
79 0 1157768
79 1 1157838
16 1 1157898
32 0 1158028
90 0 1158108
32 1 1158128
90 1 1158308
73 0 1158313
73 1 1158388
32 0 1158629
32 1 1158708
79 0 1158988
79 1 1159068
66 0 1159258
66 1 1159348
73 0 1159498
73 1 1159578
83 0 1159638
83 1 1159758
78 0 1159778
78 1 1159858
85 0 1159988
85 1 1160058
73 0 1160138
73 1 1160228
84 0 1160349
84 1 1160429
65 0 1160448
32 0 1160598
65 1 1160608
32 1 1160678
68 0 1160708
73 0 1160818
68 1 1160828
73 1 1160899
78 0 1161018
78 1 1161108
32 0 1161198
32 1 1161288
86 0 1161368
86 1 1161458
73 0 1161599
73 1 1161698
65 0 1161728
65 1 1161838
84 0 1161868
84 1 1161958
65 0 1161978
65 1 1162088
32 0 1162088
32 1 1162188
76 0 1162308
76 1 1162398
79 0 1162488
79 1 1162578
82 0 1162618
82 1 1162738
188 0 1162798
188 1 1162859
32 0 1163018
32 1 1163098
83 0 1163348
83 1 1163488
69 0 1163599
69 1 1163708
77 0 1167518
77 1 1167638
65 0 1167678
78 0 1167788
65 1 1167808
78 1 1167868
65 0 1167938
65 1 1168038
8 0 1168718
8 1 1168828
8 0 1168928
8 1 1169018
8 0 1169118
8 1 1169208
8 0 1169288
8 1 1169408
8 0 1169498
8 1 1169598
8 0 1169688
8 1 1169798
8 0 1169878
8 1 1170019
8 0 1170128
8 1 1170278
8 0 1170378
8 0 1170865
8 0 1170905
8 0 1170941
8 0 1170970
8 0 1171002
8 0 1171034
8 0 1171066
8 0 1171107
8 1 1171128
8 0 1171258
8 0 1171757
8 0 1171799
8 0 1171826
8 0 1171858
8 0 1171890
8 0 1171922
8 0 1171954
8 0 1171986
8 0 1172019
8 0 1172050
8 1 1172079
8 0 1172228
8 1 1172328
8 0 1172428
8 1 1172508
8 0 1172588
8 1 1172698
8 0 1172788
8 1 1173008
8 0 1173078
8 1 1173188
8 0 1173288
8 1 1173378
8 0 1173488
8 1 1173568
8 0 1173669
8 1 1173778
16 0 1191238
79 0 1191387
79 1 1191487
16 1 1191528
66 0 1191697
66 1 1191787
83 0 1191877
83 1 1192027
69 0 1192117
69 1 1192247
82 0 1192257
82 1 1192337
86 0 1192447
86 1 1192547
65 0 1192557
65 1 1192687
77 0 1192807
77 1 1192897
32 0 1192977
32 1 1193068
73 0 1193177
73 1 1193277
78 0 1193387
78 1 1193478
32 0 1193558
32 1 1193657
80 0 1193867
80 1 1193977
73 0 1194077
73 1 1194177
67 0 1194278
67 1 1194397
84 0 1194402
84 1 1194467
85 0 1194607
85 1 1194697
82 0 1194807
82 1 1194887
65 0 1194907
65 1 1195027
32 0 1197068
32 1 1197167
80 0 1199228
82 0 1199317
80 1 1199337
69 0 1199437
82 1 1199487
69 1 1199607
8 0 1200097
8 1 1200247
8 0 1200307
8 1 1200427
8 0 1200518
8 1 1200627
80 0 1203188
80 1 1203297
82 0 1203317
69 0 1203387
82 1 1203457
69 1 1203537
68 0 1203757
68 1 1203887
79 0 1203917
79 1 1204007
77 0 1204147
77 1 1204247
73 0 1204367
73 1 1204457
78 0 1204587
78 1 1204688
65 0 1204717
65 1 1204847
84 0 1204852
84 1 1204907
78 0 1205047
78 1 1205137
32 0 1205277
32 1 1205367
66 0 1205667
66 1 1205767
65 0 1205807
65 1 1205947
82 0 1205968
82 1 1206037
66 0 1206587
66 1 1206697
65 0 1206717
65 1 1206847
84 0 1206847
84 1 1206917
73 0 1207097
73 1 1207187
188 0 1210857
188 1 1210947
32 0 1211107
32 1 1211197
67 0 1211607
67 1 1211707
65 0 1211737
82 0 1211847
65 1 1211867
82 1 1211937
69 0 1211997
32 0 1212107
69 1 1212127
32 1 1212217
77 0 1212307
77 1 1212407
65 0 1212417
73 0 1212537
65 1 1212578
73 1 1212617
32 0 1212737
32 1 1212837
68 0 1212838
69 0 1212928
68 1 1212967
32 0 1213018
69 1 1213067
32 1 1213107
67 0 1213249
67 1 1213327
65 0 1213332
65 1 1213485
82 0 1213515
82 1 1213595
69 0 1213735
69 1 1213875
8 0 1215695
8 0 1216189
8 0 1216221
8 0 1216265
8 0 1216288
8 0 1216319
8 0 1216365
8 0 1216396
8 0 1216428
8 0 1216459
8 0 1216491
8 0 1216529
8 0 1216563
8 1 1216566
8 0 1217095
8 1 1217196
8 0 1217305
8 1 1217395
8 0 1217475
8 1 1217585
70 0 1218355
70 1 1218495
73 0 1218515
73 1 1218595
69 0 1218645
69 1 1218775
67 0 1218815
67 1 1218895
65 0 1219205
65 1 1219345
82 0 1219395
82 1 1219465
69 0 1219565
69 1 1219705
32 0 1219845
32 1 1219956
68 0 1220145
69 0 1220255
68 1 1220285
69 1 1220405
80 0 1220475
80 1 1220565
73 0 1220695
73 1 1220775
8 0 1221165
8 1 1221265
8 0 1221335
8 1 1221435
8 0 1221515
8 1 1221606
8 0 1221676
8 1 1221785
80 0 1222105
80 1 1222226
73 0 1222345
67 0 1222435
73 1 1222445
67 1 1222545
84 0 1222645
84 1 1222725
65 0 1222785
65 1 1222915
84 0 1222925
84 1 1222995
32 0 1223165
32 1 1223275
73 0 1223456
73 1 1223555
78 0 1223665
78 1 1223765
84 0 1223825
82 0 1223915
84 1 1223955
82 1 1224015
189 0 1224116
189 1 1224195
85 0 1224456
85 1 1224605
78 0 1224735
78 1 1224835
32 0 1224926
70 0 1225016
32 1 1225046
69 0 1225115
70 1 1225155
69 1 1225255
76 0 1225275
76 1 1225356
32 0 1225465
32 1 1225565
65 0 1225585
65 1 1225725
80 0 1225735
80 1 1225805
65 0 1225845
65 1 1225935
82 0 1226016
82 1 1226106
84 0 1226185
84 1 1226275
69 0 1226296
69 1 1226415
32 0 1226455
32 1 1226555
67 0 1226605
67 1 1226745
85 0 1226785
85 1 1226856
8 0 1232415
8 1 1232555
8 0 1232656
8 1 1232775
8 0 1235765
8 1 1235894
190 0 1236634
190 1 1236694
32 0 1236904
32 1 1236974
67 0 1237844
67 1 1237934
69 0 1238024
69 1 1238125
73 0 1238174
73 1 1238254
32 0 1238384
32 1 1238465
77 0 1238564
65 0 1238625
77 1 1238654
65 1 1238754
73 0 1238764
73 1 1238834
32 0 1238944
32 1 1239034
77 0 1239124
77 1 1239214
85 0 1239314
85 1 1239394
76 0 1239524
76 1 1239614
84 0 1239634
73 0 1239744
84 1 1239750
73 1 1239804
32 0 1239924
32 1 1240014
80 0 1240134
65 0 1240195
80 1 1240204
65 1 1240344
82 0 1240404
82 1 1240484
32 0 1240604
69 0 1240704
32 1 1240714
69 1 1240844
82 0 1240844
82 1 1240974
85 0 1241064
85 1 1241135
68 0 1241324
68 1 1241464
73 0 1241474
73 1 1241544
84 0 1241694
84 1 1241784
73 0 1241934
73 1 1241995
190 0 1242304
190 1 1242364
32 0 1242524
32 1 1242624
8 0 1294835
8 1 1294916
16 0 1294985
67 0 1295195
67 1 1295265
16 1 1295326
32 0 1299915
32 1 1300036
16 0 1305695
16 0 1306188
16 0 1306234
16 0 1306266
16 0 1306290
16 0 1306320
16 0 1306360
16 0 1306391
16 0 1306422
16 0 1306453
16 0 1306485
16 0 1306532
16 0 1306563
16 0 1306594
16 0 1306626
16 0 1306656
16 0 1306688
16 0 1306719
16 0 1306750
16 0 1306782
16 0 1306822
16 0 1306851
16 0 1306891
16 0 1306923
16 0 1306954
16 0 1306985
16 0 1307019
16 0 1307067
16 0 1307082
16 0 1307113
16 0 1307144
16 0 1307192
16 0 1307223
16 0 1307254
16 0 1307285
16 0 1307316
16 0 1307348
16 0 1307387
16 0 1307426
16 0 1307442
16 0 1307488
16 0 1307520
16 0 1307551
16 0 1307582
16 0 1307613
16 0 1307645
16 0 1307676
16 0 1307707
16 0 1307754
16 0 1307785
16 0 1307817
16 0 1307848
16 0 1307879
16 1 1307905
16 0 1308155
67 0 1308364
67 1 1308474
16 1 1308535
69 0 1308664
69 1 1308834
82 0 1308844
82 1 1308944
85 0 1309184
85 1 1309264
76 0 1309404
76 1 1309494
32 0 1309594
83 0 1309665
32 1 1309725
83 1 1309814
69 0 1309904
69 1 1310014
78 0 1310074
78 1 1310185
73 0 1310455
73 1 1310534
78 0 1310664
78 1 1310755
32 0 1311245
32 1 1311355
73 0 1311554
73 1 1311675
78 0 1311805
78 1 1311904
67 0 1312055
67 1 1312154
65 0 1312195
65 1 1312304
68 0 1312465
68 1 1312544
82 0 1312655
82 1 1312744
69 0 1312824
69 1 1312924
65 0 1313025
65 1 1313134
90 0 1313224
90 1 1313304
65 0 1313324
65 1 1313444
32 0 1313525
32 1 1313634
80 0 1314015
80 1 1314125
69 0 1314155
69 1 1314265
82 0 1314374
82 1 1314464
70 0 1314565
70 1 1314664
69 0 1314674
69 1 1314774
67 0 1314779
67 1 1314854
84 0 1314994
84 1 1315064
32 0 1315214
65 0 1315325
32 1 1315330
65 1 1315455
67 0 1315494
67 1 1315575
69 0 1315605
69 1 1315705
65 0 1315847
83 0 1315934
65 1 1316015
83 1 1316114
67 0 1316164
67 1 1316244
65 0 1316284
32 0 1316434
65 1 1316445
32 1 1316524
70 0 1321284
70 1 1321375
82 0 1321474
82 1 1321574
65 0 1321614
65 1 1321724
78 0 1321784
78 1 1321885
84 0 1322034
84 1 1322114
85 0 1322244
85 1 1322345
82 0 1322474
82 1 1322555
65 0 1322584
65 1 1322724
32 0 1322734
32 1 1322834
68 0 1322864
73 0 1322985
68 1 1322994
73 1 1323085
78 0 1323174
78 1 1323265
32 0 1323345
32 1 1323425
86 0 1323505
86 1 1323594
73 0 1323735
73 1 1323835
65 0 1323885
65 1 1323964
84 0 1324014
84 1 1324084
65 0 1324114
65 1 1324235
32 0 1324255
32 1 1324365
77 0 1324475
77 1 1324565
8 0 1324825
8 1 1324925
79 0 1325064
79 1 1325165
65 0 1325215
77 0 1325314
65 1 1325335
77 1 1325424
69 0 1325464
69 1 1325604
78 0 1325609
78 1 1325694
73 0 1325824
73 1 1325905
76 0 1326027
76 1 1326114
79 0 1326214
79 1 1326294
82 0 1326364
82 1 1326475
32 0 1326544
32 1 1326635
68 0 1326674
69 0 1326825
68 1 1326864
69 1 1326975
32 0 1327015
32 1 1327114
67 0 1327665
67 1 1327744
69 0 1327794
69 1 1327894
86 0 1328114
86 1 1328215
65 0 1328334
65 1 1328395
8 0 1328755
8 1 1328844
8 0 1328934
8 1 1329025
8 0 1329094
8 1 1329185
8 0 1329265
8 1 1329365
65 0 1329645
65 1 1329794
67 0 1329854
67 1 1329935
85 0 1330114
85 1 1330205
77 0 1330334
77 1 1330424
32 0 1330504
32 1 1330604
67 0 1330725
69 0 1330815
67 1 1330822
69 1 1330925
86 0 1330944
86 1 1331035
65 0 1331074
32 0 1331204
65 1 1331214
32 1 1331294
84 0 1331424
73 0 1331504
84 1 1331524
73 1 1331585
77 0 1331705
77 1 1331795
80 0 1331944
80 1 1332034
190 0 1332224
190 1 1332325
32 0 1332455
16 0 1332544
32 1 1332564
83 0 1332734
16 1 1332795
84 0 1332844
83 1 1332867
84 1 1332914
82 0 1333024
65 0 1333095
82 1 1333104
65 1 1333205
73 0 1333315
73 1 1333404
76 0 1333575
76 1 1333625
8 0 1334085
8 1 1334195
69 0 1334905
69 1 1335044
76 0 1335825
76 1 1335915
69 0 1335974
69 1 1336074
32 0 1336187
32 1 1336264
76 0 1336424
76 1 1336525
79 0 1336625
79 1 1336725
82 0 1336815
32 0 1336935
82 1 1336955
32 1 1337025
78 0 1337125
69 0 1337205
78 1 1337225
69 1 1337324
32 0 1337345
32 1 1337445
65 0 1337564
74 0 1337684
65 1 1337694
74 1 1337785
85 0 1337854
85 1 1337935
82 0 1338154
82 1 1338195
65 0 1338264
65 1 1338404
8 0 1338886
8 1 1338915
8 0 1339065
8 1 1339204
8 0 1339325
8 1 1339455
85 0 1340434
85 1 1340534
84 0 1340665
84 1 1340744
65 0 1340754
65 1 1340875
32 0 1340914
32 1 1341004
83 0 1341014
65 0 1341114
83 1 1341165
32 0 1341265
65 1 1341294
32 1 1341355
78 0 1341585
78 1 1341675
69 0 1341695
69 1 1341825
32 0 1341834
32 1 1341935
68 0 1342075
68 1 1342144
65 0 1342195
65 1 1342344
77 0 1342374
77 1 1342454
32 0 1342554
83 0 1342585
32 1 1342665
83 1 1342724
69 0 1342845
69 1 1342944
65 0 1343394
65 1 1343534
77 0 1343946
77 1 1344035
65 0 1344085
65 1 1344195
32 0 1346045
32 1 1346135
67 0 1346747
67 1 1346845
65 0 1346945
65 1 1347054
32 0 1347115
32 1 1347215
69 0 1347915
69 1 1348014
82 0 1348194
82 1 1348294
65 0 1348425
65 1 1348594
8 0 1352045
8 1 1352184
8 0 1352974
8 0 1353477
8 0 1353501
8 0 1353534
8 0 1353565
8 0 1353598
8 0 1353634
8 0 1353661
8 0 1353701
8 1 1353705
8 0 1353945
8 1 1354025
8 0 1354194
8 1 1354284
8 0 1354384
8 1 1354464
8 0 1354564
8 1 1354635
8 0 1354734
8 1 1354805
8 0 1354913
8 1 1355013
8 0 1355223
8 1 1355293
8 0 1355433
8 1 1355503
8 0 1355613
8 1 1355683
8 0 1355793
8 1 1355843
32 0 1356303
32 1 1356413
73 0 1356563
73 1 1356663
73 0 1356703
73 1 1356793
32 0 1356894
32 1 1356983
80 0 1357103
80 1 1357193
76 0 1357263
65 0 1357343
76 1 1357363
83 0 1357483
65 1 1357513
65 0 1357643
83 1 1357673
65 1 1357813
77 0 1357872
77 1 1357913
32 0 1358352
32 1 1358453
85 0 1358603
85 1 1358693
8 0 1359283
8 1 1359383
73 0 1359573
73 1 1359673
78 0 1359783
78 1 1359873
32 0 1359992
32 1 1360083
84 0 1360833
84 1 1360953
73 0 1360962
73 1 1361043
77 0 1361163
77 1 1361263
80 0 1361402
80 1 1361483
190 0 1361643
190 1 1361723
32 0 1362602
32 1 1362702
16 0 1362842
16 0 1363333
16 0 1363379
16 0 1363410
16 0 1363441
16 0 1363473
16 0 1363504
16 0 1363535
16 0 1363567
16 0 1363598
16 0 1363629
16 0 1363676
16 0 1363699
16 0 1363731
16 0 1363770
16 0 1363802
16 0 1363832
16 0 1363864
16 0 1363895
16 0 1363942
67 0 1363972
67 1 1364072
16 1 1364092
65 0 1364102
65 1 1364211
84 0 1364262
84 1 1364352
69 0 1364462
69 1 1364572
8 0 1365242
8 1 1365342
8 0 1365402
8 1 1365512
8 0 1365572
8 1 1365662
8 0 1365892
8 1 1366012
16 0 1366052
83 0 1366252
16 1 1366342
83 1 1366412
67 0 1366472
67 1 1366552
85 0 1366742
85 1 1366812
76 0 1366983
76 1 1367072
80 0 1367212
80 1 1367302
84 0 1367602
84 1 1367692
85 0 1367742
85 1 1367842
82 0 1367902
73 0 1368022
82 1 1368032
73 1 1368102
76 0 1368222
69 0 1368332
76 1 1368342
69 1 1368452
32 0 1368592
32 1 1368692
73 0 1375852
73 1 1375932
78 0 1376072
78 1 1376132
67 0 1376912
67 1 1377012
65 0 1377033
65 1 1377122
68 0 1377182
68 1 1377262
82 0 1377362
82 1 1377452
69 0 1377522
69 1 1377602
65 0 1377692
65 1 1377802
90 0 1377822
90 1 1377902
65 0 1377952
65 1 1378062
32 0 1378072
32 1 1378182
80 0 1378322
80 1 1378402
69 0 1378422
69 1 1378542
82 0 1378591
82 1 1378682
70 0 1378782
70 1 1378872
69 0 1378892
67 0 1378972
69 1 1379022
67 1 1379062
84 0 1379182
84 1 1379262
32 0 1379382
32 1 1379482
65 0 1379482
67 0 1379622
65 1 1379642
67 1 1379702
69 0 1379762
69 1 1379872
83 0 1380002
83 1 1380092
8 0 1380742
8 1 1380852
65 0 1380912
83 0 1381092
65 1 1381112
83 1 1381242
84 0 1381652
84 1 1381732
65 0 1381742
32 0 1381882
65 1 1381892
83 0 1381992
32 1 1381997
67 0 1382112
83 1 1382118
67 1 1382192
69 0 1382242
69 1 1382352
78 0 1382402
78 1 1382502
65 0 1382532
65 1 1382662
190 0 1382682
190 1 1382772
32 0 1382872
32 1 1382962
