84 0 65760
84 1 65840
73 0 65874
73 1 65939
78 0 66039
65 0 66100
78 1 66129
65 1 66179
78 0 66213
78 1 66293
68 0 66323
68 1 66419
32 0 66423
32 1 66486
67 0 66532
67 1 66627
79 0 66643
79 1 66697
78 0 66807
78 1 66877
84 0 66882
84 1 66937
32 0 66962
32 1 67030
67 0 67121
65 0 67177
67 1 67196
65 1 67261
32 0 67281
32 1 67366
69 0 67382
69 1 67470
83 0 67550
84 0 67620
83 1 67641
84 1 67705
69 0 67740
69 1 67810
32 0 67830
32 1 67913
73 0 68025
65 0 68064
73 1 68099
65 1 68149
82 0 68284
82 1 68360
78 0 68381
78 1 68458
65 0 68505
65 1 68588
188 0 68608
188 1 68688
32 0 68769
65 0 68842
32 1 68852
65 1 68916
82 0 69032
82 1 69107
32 0 69112
32 1 69181
70 0 69201
70 1 69290
73 0 69301
73 1 69363
32 0 69457
70 0 69525
32 1 69540
70 1 69590
79 0 69640
79 1 69720
83 0 69747
83 1 69830
84 0 69899
84 1 69955
32 0 70066
32 1 70149
68 0 70164
68 1 70243
82 0 70330
82 1 70395
65 0 70489
71 0 70531
65 1 70584
71 1 70605
85 0 70709
84 0 70754
85 1 70773
84 1 70838
32 0 70898
83 0 70972
32 1 70992
83 1 71072
65 0 71162
65 1 71253
32 0 71257
32 1 71326
83 0 71358
83 1 71442
73 0 71451
73 1 71511
32 0 71622
32 1 71695
78 0 71776
78 1 71845
73 0 71937
73 1 72002
78 0 72067
78 1 72147
71 0 72235
71 1 72295
65 0 72300
65 1 72351
188 0 72411
188 1 72499
32 0 72584
32 1 72649
78 0 72729
78 1 72803
85 0 72893
85 1 72948
32 0 73046
83 0 73088
32 1 73147
83 1 73172
65 0 73237
32 0 73267
65 1 73347
32 1 73354
78 0 73439
69 0 73488
78 1 73508
69 1 73583
32 0 73596
32 1 73682
83 0 73686
83 1 73776
73 0 73801
73 1 73861
77 0 73953
77 1 74036
84 0 74041
84 1 74102
73 0 74136
73 1 74226
77 0 74307
77 1 74402
32 0 74473
68 0 74541
32 1 74564
68 1 74624
69 0 74689
32 0 74724
69 1 74784
32 1 74805
67 0 74924
82 0 74955
67 1 75004
82 1 75035
65 0 75149
67 0 75204
65 1 75249
67 1 75304
73 0 75445
73 1 75509
85 0 75584
85 1 75648
78 0 75738
78 1 75829
32 0 75898
32 1 75984
67 0 76092
67 1 76167
65 0 76172
65 1 76238
8 0 76986
8 0 77485
8 0 77514
8 0 77543
8 0 77573
8 0 77603
8 0 77633
8 0 77663
8 0 77693
8 0 77722
8 0 77753
8 1 77762
32 0 78443
32 1 78533
16 0 78552
67 0 78657
67 1 78736
16 1 78767
82 0 78851
82 1 78916
65 0 78941
65 1 79021
67 0 79036
67 1 79090
73 0 79225
73 1 79300
85 0 79367
85 1 79440
78 0 79541
78 1 79615
32 0 80109
32 1 80192
67 0 80287
65 0 80333
67 1 80358
65 1 80423
32 0 80461
83 0 80517
32 1 80536
83 1 80601
73 0 80661
73 1 80731
32 0 80856
32 1 80945
67 0 81215
65 0 81271
67 1 81290
65 1 81336
8 0 82055
8 1 82134
65 0 82647
65 1 82732
78 0 82792
78 1 82878
68 0 82908
68 1 82987
32 0 82997
32 1 83086
65 0 83126
65 1 83221
82 0 83325
32 0 83387
82 1 83421
32 1 83465
70 0 83510
70 1 83595
73 0 83600
73 1 83670
32 0 83775
32 1 83860
80 0 83989
65 0 84024
80 1 84059
65 1 84104
83 0 84195
83 1 84274
84 0 84279
84 1 84355
69 0 84381
69 1 84475
76 0 84524
69 0 84569
76 1 84608
69 1 84654
32 0 85961
32 1 86040
16 0 86534
190 0 86685
190 1 86760
48 0 86771
48 1 86874
48 0 86931
48 1 87014
16 1 87050
32 0 87183
32 1 87264
187 0 87523
8 0 87529
187 1 87562
8 1 87572
187 0 87658
187 1 87723
8 0 87829
8 1 87897
8 0 87977
8 1 88046
8 0 93505
8 1 93594
8 0 93674
8 1 93761
8 0 93851
8 1 93930
8 0 94290
8 1 94364
8 0 95078
8 1 95157
8 0 95257
8 1 95333
8 0 95411
8 1 95491
8 0 95567
8 1 95641
8 0 95715
8 1 95791
8 0 95865
8 1 95945
8 0 96165
8 1 96233
16 0 96365
80 0 96499
16 1 96589
80 1 96599
65 0 96698
65 1 96808
83 0 96903
83 1 96998
84 0 97008
84 1 97088
69 0 97097
69 1 97187
76 0 97303
76 1 97368
69 0 97373
69 1 97462
190 0 102002
190 1 102091
32 0 102224
32 1 102297
79 0 102446
82 0 102511
79 1 102525
82 1 102595
73 0 102606
73 1 102690
67 0 102730
67 1 102810
85 0 102816
85 1 102875
77 0 102990
77 1 103066
188 0 103150
188 1 103229
32 0 103311
32 1 103378
83 0 106523
83 1 106617
80 0 106622
80 1 106701
69 0 106792
69 1 106892
82 0 106976
82 1 107057
8 0 107321
8 1 107391
8 0 107465
8 1 107530
8 0 107605
8 1 107669
8 0 107750
8 1 107809
80 0 108299
80 1 108324
76 0 108433
76 1 108509
8 0 109242
8 1 109317
8 0 109386
8 1 109467
83 0 119944
83 1 120043
69 0 120133
32 0 120162
69 1 120203
32 1 120237
80 0 120356
65 0 120422
80 1 120431
65 1 120511
82 0 120596
69 0 120652
82 1 120677
69 1 120722
32 0 120772
32 1 120855
67 0 120910
65 0 120950
67 1 120995
65 1 121030
32 0 121080
90 0 121135
32 1 121155
90 1 121219
73 0 121275
73 1 121330
76 0 121434
69 0 121479
76 1 121514
69 1 121579
76 0 121584
69 0 121639
76 1 121654
69 1 121719
32 0 121750
32 1 121840
65 0 121855
65 1 121939
67 0 121979
67 1 122054
69 0 122074
69 1 122133
83 0 122218
83 1 122304
84 0 122309
84 1 122389
69 0 122393
69 1 122452
65 0 122579
65 1 122653
32 0 122658
32 1 122732
79 0 122891
79 1 122952
32 0 123061
83 0 123121
32 1 123150
83 1 123200
65 0 123276
32 0 123321
65 1 123365
32 1 123395
73 0 123530
73 1 123600
78 0 123679
78 1 123764
67 0 123929
69 0 123984
67 1 124014
69 1 124044
8 0 124310
8 1 124384
8 0 124451
8 1 124525
8 0 124610
8 1 124690
8 0 125219
8 1 125258
83 0 128432
83 1 128520
69 0 128621
69 1 128701
32 0 128715
32 1 128808
83 0 128844
83 1 128933
67 0 129033
67 1 129113
72 0 129118
72 1 129188
73 0 129275
73 1 129339
77 0 129426
77 1 129504
66 0 129598
66 1 129678
69 0 129683
69 1 129743
8 0 129927
8 1 129977
8 0 130038
8 1 130123
8 0 130187
8 1 130257
8 0 130322
8 1 130392
8 0 130466
8 1 130535
8 0 130615
8 1 130695
8 0 130795
8 1 130875
83 0 131305
83 1 131413
67 0 131438
65 0 131513
67 1 131538
65 1 131623
68 0 131643
68 1 131717
65 0 131732
65 1 131817
32 0 131848
32 1 131942
70 0 132067
70 1 132077
79 0 132122
79 1 132201
65 0 132258
65 1 132356
82 0 132371
82 1 132446
84 0 132506
69 0 132546
84 1 132581
69 1 132631
32 0 132965
32 1 133050
77 0 133175
77 1 133260
85 0 133364
85 1 133427
76 0 133525
84 0 133545
76 1 133589
84 1 133624
32 0 133676
32 1 133758
84 0 133978
84 1 134058
69 0 134158
69 1 134253
77 0 134611
77 1 134699
79 0 134833
79 1 134877
69 0 134902
69 1 134982
8 0 135283
8 1 135361
8 0 135745
8 1 135845
79 0 135976
80 0 135982
79 1 136024
80 1 136040
69 0 136049
69 1 136120
8 0 136399
8 1 136470
8 0 136544
8 1 136618
8 0 136700
8 1 136769
80 0 136895
69 0 136959
80 1 136973
69 1 137059
82 0 137148
82 1 137235
65 0 137372
65 1 137468
84 0 137667
84 1 137736
85 0 137846
85 1 137922
82 0 137927
82 1 137996
65 0 138121
65 1 138227
32 0 138293
32 1 138359
83 0 138414
83 1 138504
73 0 138544
73 1 138614
32 0 138758
32 1 138813
80 0 140645
80 1 140724
79 0 140799
79 1 140868
65 0 140894
65 1 140988
84 0 141049
84 1 141125
69 0 141149
69 1 141226
188 0 141589
188 1 141673
32 0 141758
32 1 141831
80 0 141942
80 1 142007
79 0 142076
79 1 142136
65 0 142142
65 1 142217
84 0 142267
84 1 142330
69 0 142355
69 1 142427
77 0 142511
188 0 142517
77 1 142560
188 1 142571
32 0 142651
32 1 142730
65 0 142750
65 1 142829
8 0 143198
8 1 143225
8 0 143565
8 1 143639
8 0 143714
8 1 143783
8 0 143864
8 1 143934
188 0 144453
188 1 144527
32 0 144611
32 1 144686
65 0 145120
65 1 145221
86 0 145278
86 1 145361
69 0 145376
69 1 145461
77 0 145470
77 1 145551
32 0 145635
32 1 145708
78 0 145794
78 1 145863
79 0 145962
82 0 146013
79 1 146038
82 1 146108
79 0 146114
79 1 146178
67 0 146253
67 1 146333
32 0 146383
32 1 146462
67 0 146677
67 1 146751
20 0 146893
20 1 146961
32 0 146976
32 1 147056
8 0 147395
8 1 147480
20 0 147531
20 1 147625
32 0 147901
65 0 147915
32 1 147960
65 1 148001
8 0 148386
8 1 148443
8 0 148524
8 1 148603
65 0 148628
65 1 148713
32 0 148796
32 1 148882
79 0 149032
79 1 149106
32 0 149222
83 0 149277
32 1 149311
83 1 149361
65 0 149432
32 0 149476
65 1 149521
32 1 149565
83 0 149635
83 1 149696
73 0 150604
73 1 150685
32 0 150821
32 1 150889
78 0 150985
78 1 151054
73 0 151165
73 1 151221
78 0 151304
78 1 151387
71 0 151509
71 1 151596
65 0 151629
65 1 151722
190 0 153184
190 1 153287
32 0 153443
32 1 153513
16 0 154767
16 1 155061
16 0 155285
73 0 155415
73 1 155484
16 1 155525
78 0 155589
78 1 155663
32 0 155761
32 1 155844
67 0 155860
67 1 155942
69 0 156052
76 0 156112
69 1 156132
76 1 156183
32 0 156306
32 1 156386
77 0 156476
77 1 156556
65 0 157045
65 1 157115
73 0 157156
73 1 157237
32 0 157441
32 1 157539
82 0 157564
82 1 157648
65 0 157793
65 1 157868
85 0 157913
85 1 157978
32 0 158113
32 1 158203
67 0 158302
65 0 158347
67 1 158377
65 1 158422
8 0 158806
8 0 159307
8 0 159336
8 0 159365
8 0 159396
8 0 159425
8 0 159455
8 0 159485
8 0 159515
8 0 159545
8 0 159575
8 0 159605
8 0 159634
8 0 159665
8 0 159695
8 0 159724
8 0 159754
8 1 159764
8 0 159899
8 1 159975
32 0 160519
32 1 160583
16 0 161189
76 0 161303
76 1 161387
16 1 161397
65 0 161487
65 1 161581
32 0 161597
32 1 161680
8 0 161965
8 1 162034
8 0 162124
8 1 162200
8 0 162290
8 1 162364
8 0 164531
8 1 164631
46 0 164824
46 1 164909
16 0 165165
84 0 165444
84 1 165518
16 1 165528
16 0 167514
65 0 167621
16 1 167694
65 1 167739
78 0 167745
78 1 167834
89 0 167958
89 1 168033
87 0 168323
87 1 168407
65 0 168509
65 1 168592
89 0 168602
89 1 168671
188 0 168806
188 1 168885
32 0 168980
32 1 169060
76 0 169161
76 1 169240
65 0 169244
65 1 169305
32 0 169334
32 1 169414
70 0 170098
70 1 170184
73 0 170189
73 1 170257
78 0 170344
65 0 170394
78 1 170418
65 1 170468
76 0 170513
76 1 170583
85 0 170673
85 1 170743
76 0 170832
76 1 170907
32 0 171004
32 1 171087
76 0 171178
76 1 171246
85 0 171363
85 1 171420
78 0 171535
78 1 171591
73 0 171722
73 1 171760
73 0 171835
73 1 171900
32 0 172072
32 1 172152
68 0 172418
68 1 172503
65 0 172697
65 1 172787
77 0 172837
77 1 172922
32 0 173002
32 1 173081
79 0 173203
79 1 173256
32 0 173361
32 1 173451
70 0 173800
85 0 173845
70 1 173875
85 1 173925
71 0 174030
71 1 174104
65 0 174133
32 0 174205
65 1 174220
32 1 174289
80 0 174414
80 1 174479
65 0 174484
65 1 174554
78 0 174599
65 0 174653
78 1 174674
65 1 174748
32 0 174763
32 1 174828
76 0 174938
65 0 174963
76 1 174998
65 1 175037
32 0 175134
32 1 175213
77 0 175656
77 1 175731
85 0 175851
85 1 175916
78 0 176021
78 1 176106
84 0 176153
84 1 176217
8 0 176412
8 1 176470
8 0 176541
8 1 176610
8 0 176690
8 1 176774
8 0 176844
8 1 176925
8 0 177002
8 1 177069
8 0 177146
8 1 177204
8 0 177274
8 1 177345
73 0 177518
73 1 177620
78 0 177695
78 1 177778
32 0 177858
16 0 177917
32 1 177932
77 0 178001
16 1 178051
77 1 178081
65 0 178152
82 0 178236
65 1 178262
82 1 178306
65 0 178346
65 1 178436
77 0 178446
77 1 178535
85 0 178645
85 1 178712
82 0 178716
82 1 178801
69 0 178881
69 1 178992
83 0 179081
83 1 179172
188 0 179177
188 1 179239
32 0 179350
32 1 179424
76 0 179538
65 0 179583
76 1 179608
65 1 179668
32 0 179728
32 1 179813
16 0 179873
66 0 179993
66 1 180072
16 1 180097
79 0 180203
79 1 180287
82 0 180292
82 1 180391
83 0 180501
83 1 180591
65 0 180681
65 1 180766
32 0 181526
32 1 181569
8 0 182033
8 1 182117
188 0 182258
188 1 182323
32 0 182439
83 0 182504
32 1 182530
83 1 182594
65 0 182669
32 0 182743
65 1 182782
32 1 182827
83 0 182857
83 1 182937
67 0 183031
72 0 183101
67 1 183115
72 1 183202
73 0 183391
73 1 183466
69 0 183501
69 1 183566
90 0 183717
90 1 183821
69 0 183931
69 1 184006
32 0 184033
32 1 184117
16 0 184229
77 0 184324
16 1 184379
77 1 184409
65 0 184464
65 1 184548
82 0 184698
82 1 184793
73 0 184798
73 1 184868
85 0 184958
85 1 185039
83 0 185043
83 1 185114
190 0 187804
190 1 187903
32 0 188472
32 1 188557
16 0 189445
80 0 189510
16 1 189584
80 1 189604
69 0 189745
69 1 189835
78 0 189859
78 1 189948
84 0 189978
84 1 190042
82 0 190110
85 0 190154
82 1 190197
85 1 190229
32 0 190347
32 1 190421
77 0 190501
77 1 190576
73 0 190701
73 1 190751
78 0 190846
69 0 190911
78 1 190920
69 1 190995
190 0 191090
190 1 191171
190 0 191245
190 1 191319
190 0 191374
190 1 191449
85 0 191659
85 1 191724
8 0 192028
8 1 192104
72 0 192504
79 0 192568
72 1 192582
79 1 192658
84 0 192723
84 1 192803
69 0 192918
76 0 192982
69 1 193017
76 1 193057
32 0 193153
32 1 193235
67 0 193292
67 1 193381
85 0 193410
85 1 193490
32 0 193605
32 1 193699
83 0 193704
83 1 193799
80 0 193839
80 1 193920
65 0 193924
65 1 194014
188 0 194116
188 1 194149
32 0 194263
32 1 194348
67 0 194638
67 1 194713
65 0 194847
65 1 194937
32 0 194947
32 1 195027
78 0 195133
78 1 195212
85 0 195331
85 1 195386
32 0 195491
32 1 195586
77 0 196046
65 0 196096
77 1 196136
65 1 196184
32 0 196219
32 1 196299
73 0 196419
73 1 196479
77 0 196569
77 1 196643
80 0 196753
65 0 196793
80 1 196823
65 1 196888
67 0 196983
32 0 197043
67 1 197089
32 1 197113
67 0 197302
67 1 197412
85 0 197442
85 1 197507
32 0 197637
32 1 197733
78 0 197831
78 1 197901
73 0 198007
73 1 198066
67 0 198117
73 0 198141
73 1 198220
67 1 198230
85 0 198305
85 1 198375
78 0 198480
78 1 198550
32 0 198654
32 1 198724
83 0 198739
83 1 198834
79 0 198860
79 1 198924
73 0 199004
73 1 199048
82 0 199053
82 1 199139
8 0 199513
8 1 199578
8 0 199652
8 1 199713
8 0 200283
8 1 200367
80 0 200457
80 1 200532
79 0 200613
79 1 200686
82 0 200692
82 1 200787
84 0 200906
84 1 200986
32 0 200996
32 1 201086
68 0 201141
68 1 201244
69 0 201324
32 0 201334
69 1 201404
32 1 201413
73 0 201553
65 0 201588
73 1 201614
65 1 201669
82 0 201788
82 1 201883
78 0 201887
78 1 201952
65 0 202017
65 1 202111
188 0 202114
188 1 202192
32 0 202283
32 1 202377
68 0 203474
68 1 203559
79 0 203600
79 1 203684
65 0 203704
65 1 203794
82 0 203930
32 0 204005
82 1 204019
32 1 204089
86 0 204333
86 1 204417
73 0 204422
73 1 204478
78 0 204572
78 1 204657
89 0 204777
89 1 204801
76 0 204968
76 1 205031
8 0 205308
8 1 205362
8 0 205457
8 1 205515
85 0 206397
85 1 206464
76 0 206571
76 1 206643
32 0 206744
32 1 206842
70 0 206947
70 1 207027
73 0 207777
69 0 207851
73 1 207866
69 1 207936
82 0 208037
82 1 208142
84 0 208226
84 1 208300
32 0 208325
32 1 208415
69 0 208539
69 1 208624
32 0 208644
32 1 208730
80 0 209317
80 1 209407
69 0 209417
69 1 209497
32 0 209583
32 1 209662
80 0 209806
80 1 209859
76 0 209946
65 0 209971
76 1 210031
65 1 210059
67 0 210181
85 0 210251
67 1 210270
85 1 210330
8 0 210496
8 0 210994
8 0 211024
8 0 211058
8 0 211085
8 0 211115
8 0 211145
8 0 211173
8 0 211204
8 0 211233
8 0 211263
8 1 211283
32 0 211848
32 1 211938
66 0 212149
66 1 212238
65 0 212242
65 1 212312
85 0 212353
85 1 212426
84 0 212482
84 1 212573
32 0 212577
32 1 212631
80 0 212755
69 0 212770
80 1 212825
69 1 212850
32 0 212920
32 1 213000
80 0 213125
65 0 213149
80 1 213209
65 1 213239
82 0 213379
82 1 213469
84 0 213549
84 1 213638
73 0 213644
73 1 213719
69 0 213768
32 0 213848
69 1 213863
32 1 213937
69 0 213965
32 0 214028
69 1 214053
32 1 214108
80 0 214238
69 0 214282
80 1 214307
69 1 214357
32 0 214517
32 1 214592
80 0 214871
80 1 214951
76 0 215026
65 0 215101
76 1 215121
65 1 215185
67 0 215295
67 1 215385
85 0 215390
85 1 215454
76 0 215574
76 1 215649
32 0 215750
32 1 215819
77 0 215909
69 0 215978
77 1 215994
69 1 216069
85 0 216119
85 1 216183
190 0 216363
190 1 216443
32 0 216567
32 1 216658
8 0 217141
8 1 217216
8 0 217276
8 1 217381
188 0 217615
188 1 217700
32 0 217780
32 1 217863
73 0 217980
73 1 218043
78 0 218120
78 1 218209
32 0 218284
82 0 218314
32 1 218373
82 1 218388
69 0 218488
69 1 218563
83 0 218678
84 0 218733
83 1 218753
84 1 218818
188 0 219581
188 1 219656
32 0 219756
32 1 219836
50 0 220200
50 1 220290
189 0 220335
189 1 220414
52 0 220469
52 1 220509
32 0 220614
32 1 220704
8 0 220963
8 1 221037
8 0 221114
8 1 221198
51 0 221218
51 1 221293
32 0 221354
32 1 221443
84 0 221573
84 1 221642
85 0 221688
85 1 221767
82 0 222187
82 1 222287
69 0 222376
32 0 222446
69 1 222470
32 1 222535
67 0 222595
67 1 222675
85 0 222690
85 1 222759
32 0 222869
83 0 222924
32 1 222959
83 1 223014
65 0 223100
65 1 223194
78 0 223234
78 1 223278
73 0 223613
73 1 223692
65 0 223732
65 1 223842
32 0 223957
32 1 224053
83 0 224088
83 1 224182
73 0 224207
73 1 224281
32 0 224421
32 1 224511
67 0 224556
67 1 224641
65 0 224756
77 0 224825
65 1 224855
77 1 224911
32 0 225010
32 1 225101
65 0 225165
65 1 225260
84 0 225269
84 1 225354
65 0 225364
84 0 225424
65 1 225459
84 1 225514
190 0 225739
190 1 225813
32 0 225924
32 1 226014
73 0 226164
73 1 226227
78 0 226328
65 0 226357
78 1 226397
65 1 226462
80 0 226532
80 1 226602
79 0 226667
79 1 226746
73 0 226831
73 1 226896
32 0 227047
32 1 227135
73 0 227824
73 1 227914
78 0 227999
78 1 228084
32 0 228174
32 1 228253
72 0 228348
79 0 228418
72 1 228438
79 1 228507
84 0 228558
84 1 228637
69 0 228747
76 0 228822
69 1 228842
76 1 228887
32 0 228972
32 1 229052
76 0 229176
65 0 229231
76 1 229251
65 1 229296
32 0 229406
32 1 229490
65 0 230164
65 1 230264
80 0 230274
80 1 230369
65 0 230459
65 1 230528
32 0 230568
32 1 230648
70 0 231487
70 1 231511
73 0 231526
73 1 231611
69 0 231621
69 1 231716
82 0 231796
82 1 231896
66 0 232073
66 1 232131
73 0 232251
73 1 232325
78 0 232407
84 0 232435
78 1 232485
84 1 232510
69 0 232611
188 0 232681
69 1 232704
188 1 232754
32 0 232850
32 1 232938
83 0 232964
83 1 233039
65 0 233108
85 0 233173
65 1 233213
85 1 233248
78 0 233353
78 1 233438
65 0 233442
65 1 233517
32 0 233547
32 1 233637
83 0 233647
83 1 233752
73 0 233772
73 1 233852
32 0 233957
32 1 234057
83 0 234062
83 1 234151
65 0 234231
76 0 234316
65 1 234346
76 1 234400
73 0 234531
73 1 234590
78 0 234685
78 1 234765
65 0 234769
65 1 234854
190 0 234944
190 1 235033
32 0 235314
32 1 235363
16 0 236837
73 0 236961
16 1 237041
73 1 237053
32 0 237167
32 1 237254
67 0 237269
67 1 237344
65 0 237454
65 1 237549
78 0 237683
78 1 237773
192 0 237873
192 1 237988
84 0 238398
84 1 238472
32 0 238487
32 1 238581
87 0 238999
87 1 239086
65 0 239160
65 1 239245
73 0 239250
73 1 239325
84 0 239401
84 1 239490
32 0 239495
32 1 239570
84 0 239599
84 1 239684
79 0 239714
79 1 239779
32 0 239909
83 0 239974
32 1 239999
83 1 240064
78 0 240178
78 1 240258
8 0 242031
8 1 242119
8 0 242239
8 1 242309
84 0 244582
84 1 244675
72 0 244680
72 1 244759
8 0 244991
8 0 245490
8 0 245518
8 0 245547
8 0 245577
8 0 245607
8 0 245638
8 1 245662
84 0 246566
32 0 246625
84 1 246640
32 1 246721
84 0 246865
79 0 246909
84 1 246944
79 1 246983
32 0 247095
84 0 247134
32 1 247181
84 1 247225
72 0 247290
72 1 247365
69 0 247369
69 1 247464
32 0 247470
32 1 247558
69 0 247562
69 1 247658
78 0 247662
78 1 247742
70 0 247772
70 1 247852
8 0 248286
8 1 248376
68 0 248432
68 1 248526
32 0 248571
32 1 248660
73 0 248830
73 1 248880
8 0 249479
8 0 249981
8 0 250009
8 0 250039
8 0 250069
8 0 250097
8 0 250128
8 0 250158
8 1 250174
8 0 250687
8 1 250807
71 0 251361
71 1 251455
79 0 251476
79 1 251560
32 0 251725
32 1 251820
8 0 255412
8 1 255536
16 0 255784
49 0 255862
16 1 255951
49 1 255972
32 0 257806
32 1 257911
66 0 258785
66 1 258869
76 0 258874
76 1 258950
65 0 259020
32 0 259104
65 1 259113
32 1 259188
66 0 259273
66 1 259359
76 0 259363
76 1 259437
65 0 259503
32 0 259567
65 1 259608
32 1 259652
66 0 259757
66 1 259842
76 0 259852
76 1 259932
65 0 259998
32 0 260086
65 1 260106
32 1 260181
66 0 260276
66 1 260366
76 0 260380
76 1 260465
65 0 260516
32 0 260600
65 1 260620
32 1 260680
86 0 260790
86 1 260900
76 0 260904
76 1 260985
65 0 261045
65 1 261151
8 0 261563
8 0 262062
8 0 262092
8 0 262122
8 0 262152
8 0 262182
8 0 262212
8 0 262242
8 0 262272
8 0 262301
8 0 262332
8 0 262361
8 0 262392
8 0 262421
8 1 262436
8 0 262626
8 1 262696
8 0 262785
8 1 262860
8 0 262925
8 1 263001
8 0 263067
8 1 263135
8 0 263475
8 1 263551
83 0 263606
73 0 263685
83 1 263704
73 1 263760
32 0 263850
32 1 263938
86 0 264053
65 0 264123
86 1 264138
65 1 264218
68 0 264313
32 0 264328
68 1 264402
32 1 264417
67 0 264477
67 1 264562
65 0 264647
32 0 264717
65 1 264751
32 1 264806
73 0 264931
73 1 264992
78 0 265076
78 1 265166
67 0 265170
67 1 265220
65 0 265331
65 1 265435
32 0 265440
32 1 265510
77 0 265814
65 0 265889
77 1 265914
65 1 265980
73 0 266010
73 1 266079
32 0 266173
65 0 266243
32 1 266269
65 1 266348
86 0 266388
86 1 266463
8 0 266923
8 1 266998
77 0 267107
77 1 267196
32 0 267266
68 0 267306
32 1 267356
68 1 267381
69 0 267446
32 0 267541
69 1 267561
32 1 267635
83 0 267650
83 1 267750
67 0 267836
67 1 267925
82 0 268035
73 0 268075
82 1 268120
73 1 268154
83 0 268274
83 1 268369
83 0 268474
83 1 268574
8 0 269068
8 1 269168
188 0 270286
188 1 270365
32 0 270470
32 1 270549
67 0 270659
67 1 270709
65 0 270719
65 1 270804
32 0 270839
32 1 270933
83 0 271078
83 1 271183
69 0 271283
69 1 271368
32 0 271372
32 1 271457
8 0 271692
8 1 271752
8 0 271827
8 1 271901
8 0 271978
8 1 272056
78 0 272216
78 1 272301
85 0 272400
85 1 272470
32 0 272570
32 1 272665
83 0 272670
83 1 272760
189 0 272790
189 1 272849
65 0 272864
65 1 272975
32 0 272980
32 1 273045
85 0 273159
85 1 273229
77 0 273314
77 1 273388
80 0 273498
80 1 273558
76 0 273623
76 1 273703
85 0 273808
85 1 273867
84 0 273882
84 1 273948
32 0 274000
32 1 274092
67 0 274107
67 1 274197
65 0 274347
65 1 274441
83 0 274536
85 0 274591
83 1 274611
85 1 274661
84 0 274746
84 1 274816
65 0 274835
65 1 274916
188 0 275050
188 1 275110
32 0 275951
32 1 276043
8 0 276407
8 1 276462
8 0 276532
8 1 276597
32 0 276742
32 1 276817
83 0 276826
83 1 276922
73 0 276952
73 1 277021
32 0 277126
32 1 277211
77 0 277301
65 0 277365
77 1 277380
65 1 277450
32 0 277475
32 1 277555
83 0 277660
73 0 277745
83 1 277775
73 1 277809
77 0 277922
84 0 277990
77 1 278005
84 1 278074
32 0 278109
32 1 278214
67 0 278218
67 1 278300
65 0 278408
32 0 278463
65 1 278513
32 1 278543
73 0 278668
73 1 278737
78 0 278818
78 1 278902
32 0 278979
32 1 279062
67 0 279067
67 1 279161
76 0 279192
76 1 279276
65 0 279286
65 1 279381
83 0 279471
83 1 279546
65 0 279596
32 0 279636
65 1 279720
32 1 279730
73 0 279850
73 1 279936
8 0 280259
8 1 280339
65 0 280364
65 1 280464
32 0 280514
32 1 280600
55 0 281218
55 1 281312
189 0 281337
189 1 281412
65 0 281532
65 1 281621
32 0 281647
32 1 281737
67 0 281871
67 1 281952
65 0 282061
78 0 282146
65 1 282165
78 1 282235
68 0 282285
32 0 282355
68 1 282380
32 1 282445
70 0 282570
65 0 282635
70 1 282655
65 1 282724
67 0 282744
67 1 282824
69 0 282849
69 1 282920
65 0 283024
77 0 283113
65 1 283128
77 1 283203
32 0 283298
32 1 283403
67 0 283767
67 1 283867
79 0 283872
79 1 283943
77 0 284032
77 1 284111
80 0 284211
80 1 284276
85 0 284391
74 0 284406
74 1 284421
85 1 284446
69 0 284520
78 0 284540
69 1 284610
78 1 284620
82 0 284680
82 1 284770
73 0 284775
73 1 284830
190 0 284971
190 1 285049
8 0 285339
8 1 285393
8 0 285474
8 1 285538
8 0 285618
8 1 285683
8 0 285763
8 1 285823
8 0 285904
8 1 285988
8 0 286508
8 1 286582
78 0 286728
69 0 286782
78 1 286817
69 1 286862
82 0 286933
73 0 286992
82 1 287021
73 1 287056
190 0 287181
190 1 287251
16 0 298463
72 0 298568
16 1 298620
72 1 298663
65 0 298703
72 0 298783
65 1 298817
72 1 298858
65 0 298902
72 0 298932
65 1 298977
72 1 299003
65 0 299073
72 0 299082
72 1 299146
65 1 299161
188 0 299705
188 1 299780
32 0 299860
32 1 299946
221 0 300589
221 1 300664
78 0 300794
67 0 300863
78 1 300880
67 1 300934
69 0 301028
69 1 301113
82 0 301203
82 1 301287
8 0 301417
8 1 301487
8 0 301548
8 1 301626
8 0 301705
8 1 301761
8 0 301841
8 1 301897
8 0 301966
8 1 302030
8 0 302101
8 1 302180
18 0 302226
16 0 302281
18 1 302395
16 1 302483
32 0 302724
32 1 302810
72 0 302935
72 1 302994
65 0 302999
65 1 303084
73 0 303094
73 1 303153
68 0 303208
68 1 303309
69 0 303374
69 1 303463
32 0 303469
32 1 303547
83 0 303587
83 1 303677
219 0 303707
219 1 303757
32 0 303868
83 0 303912
32 1 303952
83 1 303991
67 0 304096
67 1 304146
82 0 304262
73 0 304297
82 1 304341
73 1 304351
85 0 304417
85 1 304475
32 0 304562
32 1 304641
84 0 304765
69 0 304785
84 1 304833
69 1 304862
88 0 304946
84 0 305024
88 1 305039
84 1 305085
85 0 305184
85 1 305249
76 0 305348
76 1 305423
32 0 305523
65 0 305548
32 1 305612
65 1 305626
83 0 305698
83 1 305778
84 0 305783
84 1 305822
219 0 305984
219 1 306042
32 0 306157
67 0 306216
32 1 306241
67 1 306315
85 0 306361
85 1 306432
32 0 306526
32 1 306625
68 0 307664
73 0 307743
68 1 307764
73 1 307843
65 0 307895
65 1 307963
67 0 308083
67 1 308178
82 0 308283
82 1 308377
73 0 308462
84 0 308477
84 1 308542
73 1 308552
73 0 308647
73 1 308721
67 0 310029
67 1 310109
69 0 310228
69 1 310304
188 0 310319
188 1 310398
32 0 310464
32 1 310558
67 0 310654
65 0 310698
67 1 310722
65 1 310785
32 0 310813
32 1 310893
83 0 310958
83 1 311042
219 0 311050
219 1 311102
32 0 311221
32 1 311310
86 0 311365
86 1 311430
69 0 311551
87 0 311586
69 1 311620
87 1 311630
90 0 311730
73 0 311775
90 1 311821
73 1 311851
8 0 312145
8 1 312209
8 0 312285
8 1 312360
8 0 312594
8 1 312669
90 0 313024
90 1 313126
73 0 313127
73 1 313187
32 0 313287
68 0 313346
32 1 313371
68 1 313445
73 0 313481
70 0 313536
73 1 313551
70 1 313611
69 0 313687
69 1 313781
82 0 313836
82 1 313908
69 0 313951
78 0 314006
69 1 314055
78 1 314076
222 0 314220
65 0 314285
222 1 314300
65 1 314371
32 0 314425
32 1 314498
76 0 314598
65 0 314648
76 1 314678
65 1 314729
32 0 314760
32 1 314823
84 0 315028
84 1 315119
89 0 315129
89 1 315198
80 0 315324
80 1 315404
73 0 315509
73 1 315557
78 0 315637
78 1 315737
71 0 315742
71 1 315803
190 0 317514
190 1 317583
32 0 317683
32 1 317753
16 0 318557
68 0 318660
68 1 318732
16 1 318765
69 0 318816
69 1 318886
67 0 318965
67 1 319040
73 0 319071
73 1 319125
188 0 319241
188 1 319314
32 0 319422
32 1 319498
68 0 320402
65 0 320462
68 1 320493
65 1 320562
67 0 320582
67 1 320657
219 0 320844
219 1 320913
32 0 321021
65 0 321080
32 1 321100
65 1 321169
82 0 321295
32 0 321371
82 1 321395
32 1 321424
70 0 321479
70 1 321554
73 0 321558
73 1 321625
32 0 321719
32 1 321803
82 0 321904
82 1 321993
69 0 322053
69 1 322143
90 0 322258
85 0 322287
90 1 322348
85 1 322368
77 0 322463
77 1 322537
32 0 322609
32 1 322681
221 0 322796
221 1 322877
78 0 323012
84 0 323083
78 1 323091
84 1 323172
82 0 323227
82 1 323327
189 0 323351
189 1 323427
85 0 323548
85 1 323616
78 0 323702
78 1 323780
32 0 323856
67 0 323900
32 1 323934
67 1 323988
85 0 324069
85 1 324143
86 0 324595
220 0 324685
86 1 324693
220 1 324780
78 0 324929
78 1 325020
84 0 325428
84 1 325513
32 0 325537
32 1 325625
65 0 325710
65 1 325810
82 0 325945
32 0 326026
82 1 326045
32 1 326124
70 0 326189
70 1 326264
73 0 326314
73 1 326384
32 0 326564
32 1 326657
16 0 327368
80 0 327548
80 1 327607
78 0 327758
78 1 327834
76 0 327951
76 1 328016
16 1 328151
32 0 329420
16 0 329498
32 1 329512
190 0 329602
190 1 329687
48 0 329838
48 1 329917
48 0 330002
48 1 330086
16 1 330137
32 0 330306
32 1 330380
221 0 330655
221 1 330725
78 0 330860
83 0 330925
78 1 330939
83 1 331009
80 0 331120
80 1 331171
8 0 331498
8 1 331553
219 0 331663
219 1 331712
32 0 332132
32 1 332222
77 0 332321
77 1 332361
65 0 332376
65 1 332466
73 0 332521
73 1 332581
32 0 333135
32 1 333234
84 0 333405
84 1 333489
82 0 333554
69 0 333600
82 1 333629
69 1 333679
66 0 333734
66 1 333821
85 0 333935
85 1 334005
73 0 334049
69 0 334119
73 1 334133
69 1 334209
32 0 334238
32 1 334327
83 0 334332
83 1 334412
219 0 334442
219 1 334503
32 0 334597
32 1 334681
77 0 334756
69 0 334766
77 1 334843
69 1 334857
82 0 334916
71 0 334998
82 1 335016
71 1 335071
32 0 335152
83 0 335211
32 1 335226
83 1 335310
85 0 335355
73 0 335360
85 1 335375
73 1 335400
32 0 335500
32 1 335585
76 0 335679
65 0 335734
76 1 335754
65 1 335815
32 0 335871
32 1 335944
8 0 336099
8 1 336163
8 0 336228
8 1 336303
8 0 336368
8 1 336443
8 0 336507
8 1 336574
8 0 336644
8 1 336708
8 0 336984
8 1 337059
73 0 337240
73 1 337317
32 0 337428
32 1 337500
76 0 337600
65 0 337645
76 1 337671
65 1 337755
32 0 337760
32 1 337826
76 0 337930
76 1 337994
85 0 338099
85 1 338170
67 0 338174
67 1 338239
82 0 338345
85 0 338422
82 1 338439
85 1 338495
188 0 338660
188 1 338734
32 0 338845
68 0 338890
32 1 338929
68 1 338980
69 0 339039
69 1 339123
83 0 339209
83 1 339298
8 0 339498
8 1 339572
186 0 339698
186 1 339790
73 0 339915
73 1 339991
32 0 340125
32 1 340220
186 0 340565
186 1 340645
73 0 340759
73 1 340829
32 0 340919
68 0 340954
32 1 341003
68 1 341033
69 0 341113
32 0 341183
69 1 341213
32 1 341263
65 0 341324
65 1 341422
67 0 341523
79 0 341562
67 1 341618
79 1 341633
76 0 341723
76 1 341803
79 0 341887
79 1 341957
32 0 342118
32 1 342212
77 0 342845
65 0 342900
77 1 342915
65 1 342990
74 0 343056
74 1 343099
79 0 343210
79 1 343281
82 0 343284
73 0 343349
82 1 343362
73 1 343424
84 0 343555
65 0 343604
84 1 343628
65 1 343678
84 0 343698
84 1 343773
69 0 343799
69 1 343875
65 0 343940
32 0 343998
65 1 344037
32 1 344072
84 0 344201
73 0 344216
73 1 344276
84 1 344296
77 0 344371
77 1 344441
80 0 344557
80 1 344637
85 0 344641
76 0 344717
85 1 344726
76 1 344807
85 0 344818
85 1 344891
73 0 344941
73 1 345016
32 0 346287
32 1 346362
84 0 347965
84 1 348066
79 0 348079
84 0 348149
79 1 348164
84 1 348229
32 0 348304
32 1 348387
80 0 348527
69 0 348587
80 1 348607
69 1 348682
78 0 348742
84 0 348804
78 1 348822
84 1 348867
82 0 348972
85 0 349032
82 1 349062
85 1 349097
32 0 349272
32 1 349350
80 0 349500
65 0 349555
80 1 349580
65 1 349640
82 0 349776
82 1 349870
84 0 349956
73 0 350020
84 1 350044
73 1 350100
68 0 350160
68 1 350245
8 0 350624
8 1 350984
8 0 351153
8 0 351652
8 0 351681
8 0 351711
8 0 351741
8 0 351772
8 0 351802
8 0 351832
8 0 351861
8 0 351891
8 0 351922
8 0 351950
8 1 351980
67 0 352590
85 0 352665
67 1 352699
85 1 352755
32 0 352934
32 1 353023
80 0 355305
65 0 355364
80 1 355389
65 1 355473
82 0 355614
82 1 355705
84 0 355764
73 0 355845
84 1 355853
73 1 355933
68 0 355968
85 0 356022
68 1 356052
85 1 356088
76 0 356203
76 1 356277
32 0 356372
83 0 356431
32 1 356451
83 1 356530
85 0 356575
85 1 356635
78 0 356725
84 0 356801
78 1 356816
84 1 356895
32 0 356959
32 1 357054
80 0 357194
80 1 357274
82 0 357294
82 1 357368
73 0 357374
73 1 357438
78 0 357538
78 1 357628
83 0 357765
83 1 357854
219 0 357889
219 1 357964
190 0 358613
190 1 358697
32 0 358727
32 1 358811
65 0 362805
65 1 362888
8 0 364271
8 1 364384
77 0 364630
77 1 364704
219 0 365049
219 1 365112
32 0 365258
32 1 365336
84 0 365550
84 1 365590
82 0 365680
82 1 365762
69 0 365766
69 1 365830
90 0 365955
90 1 366055
69 0 366181
69 1 366261
83 0 366337
83 1 366426
67 0 366500
32 0 366559
67 1 366584
32 1 366629
76 0 366749
76 1 366819
65 0 366824
65 1 366888
32 0 366948
32 1 367037
103 0 367551
103 1 367651
8 0 368451
8 1 368547
102 0 369006
102 1 369095
190 0 369341
190 1 369398
99 0 369644
99 1 369729
96 0 369905
96 1 369982
32 0 370542
32 1 370605
186 0 370777
186 1 370845
73 0 370956
73 1 371024
32 0 371190
32 1 371279
221 0 372208
221 1 372293
78 0 372425
78 1 372502
32 0 372592
32 1 372666
70 0 372674
70 1 372757
73 0 372792
73 1 372865
69 0 372871
69 1 372935
67 0 372956
67 1 373035
65 0 373075
65 1 373130
82 0 373150
82 1 373220
69 0 373270
69 1 373325
32 0 373330
32 1 373414
90 0 373444
90 1 373534
73 0 373539
73 1 373594
32 0 373694
32 1 373779
221 0 375188
221 1 375286
77 0 375441
77 1 375521
73 0 375706
73 1 375776
32 0 375881
32 1 375965
70 0 376061
70 1 376124
65 0 376140
67 0 376209
65 1 376224
67 1 376284
32 0 376390
32 1 376453
80 0 376598
80 1 376642
76 0 376711
65 0 376758
76 1 376784
65 1 376867
78 0 376897
78 1 376967
85 0 377072
85 1 377122
76 0 377608
76 1 377686
32 0 377830
32 1 377915
83 0 377985
219 0 378044
83 1 378060
219 1 378105
32 0 378209
32 1 378289
77 0 378374
69 0 378399
77 1 378449
69 1 378474
82 0 378538
71 0 378613
82 1 378628
71 1 378688
32 0 378775
32 1 378863
76 0 378963
65 0 379018
76 1 379042
65 1 379102
32 0 379142
32 1 379222
65 0 379227
65 1 379312
76 0 379352
65 0 379382
76 1 379427
65 1 379451
8 0 379686
8 1 379752
69 0 380216
69 1 380301
82 0 380397
82 1 380475
71 0 380522
71 1 380594
65 0 380625
65 1 380716
84 0 380736
84 1 380805
188 0 380965
188 1 381049
32 0 381134
32 1 381218
221 0 381363
221 1 381442
78 0 381562
78 1 381638
83 0 381922
83 1 382032
219 0 382067
219 1 382142
32 0 382287
32 1 382360
78 0 382490
78 1 382575
85 0 382672
85 1 382736
32 0 382849
32 1 382939
77 0 383034
77 1 383119
8 0 383313
8 1 383403
221 0 383558
221 1 383648
77 0 383822
77 1 383907
73 0 384013
73 1 384082
32 0 384179
32 1 384266
73 0 384371
69 0 384421
73 1 384456
69 1 384516
83 0 384601
83 1 384706
69 0 384800
69 1 384870
32 0 384875
32 1 384940
78 0 385040
78 1 385084
73 0 385209
73 1 385285
67 0 385290
73 0 385359
67 1 385379
73 1 385429
79 0 385519
79 1 385599
65 0 385764
65 1 385858
68 0 385978
68 1 386053
65 0 386183
65 1 386268
84 0 386705
84 1 386812
219 0 386842
219 1 386911
190 0 387058
190 1 387122
32 0 387257
32 1 387340
68 0 387814
68 1 387893
69 0 387984
69 1 388068
67 0 388143
73 0 388183
67 1 388248
73 1 388263
188 0 388593
188 1 388687
32 0 388764
32 1 388848
68 0 388853
68 1 388942
85 0 388968
85 1 389037
80 0 389158
80 1 389221
219 0 389302
219 1 389371
32 0 389477
32 1 389565
67 0 389570
67 1 389645
69 0 389746
32 0 389780
69 1 389845
32 1 389860
77 0 389955
77 1 390004
219 0 390129
219 1 390194
32 0 390299
32 1 390378
84 0 390498
84 1 390568
82 0 390633
69 0 390653
82 1 390714
69 1 390729
90 0 390879
90 1 390942
69 0 391062
69 1 391147
83 0 391212
83 1 391332
67 0 391401
67 1 391486
188 0 391491
188 1 391546
32 0 391636
32 1 391702
77 0 391790
69 0 391816
77 1 391877
69 1 391910
82 0 391985
71 0 392075
82 1 392085
71 1 392157
32 0 392250
32 1 392344
76 0 392459
65 0 392499
76 1 392525
65 1 392584
32 0 392649
32 1 392734
8 0 393612
8 1 393732
8 0 393831
8 0 394331
8 0 394361
8 0 394390
8 1 394420
8 0 394581
8 1 394650
8 0 394742
8 1 394814
8 0 394900
8 1 394974
68 0 395114
68 1 395215
85 0 395260
85 1 395333
83 0 395685
83 1 395758
186 0 395808
186 1 395887
8 0 396592
8 1 396660
8 0 396728
8 1 396805
186 0 396926
186 1 397016
32 0 397151
32 1 397240
8 0 397684
8 1 397759
32 0 398257
32 1 398352
189 0 398358
189 1 398431
32 0 398451
32 1 398532
221 0 399570
221 1 399634
77 0 399805
77 1 399890
66 0 400025
82 0 400089
66 1 400103
82 1 400174
219 0 400299
219 1 400384
67 0 400389
67 1 400453
65 0 400564
84 0 400643
65 1 400661
84 1 400724
32 0 400844
32 1 400936
189 0 401081
189 1 401141
32 0 401256
32 1 401345
77 0 401440
65 0 401485
77 1 401535
65 1 401575
67 0 401691
72 0 401731
67 1 401759
72 1 401804
73 0 401905
73 1 401979
65 0 401999
65 1 402109
82 0 402155
82 1 402214
8 0 403483
84 0 403552
8 1 403571
84 1 403658
32 0 403846
32 1 403945
186 0 404219
186 1 404304
73 0 404434
73 1 404479
32 0 404614
32 1 404699
68 0 404803
73 0 404898
68 1 404918
73 1 404983
82 0 405008
82 1 405087
69 0 405157
69 1 405262
67 0 405347
84 0 405387
67 1 405417
84 1 405447
32 0 405596
32 1 405667
76 0 405786
76 1 405856
65 0 405861
65 1 405936
32 0 405976
32 1 406060
76 0 406215
76 1 406291
85 0 406420
67 0 406475
85 1 406494
67 1 406559
82 0 406675
82 1 406759
85 0 406799
85 1 406854
190 0 407043
190 1 407133
32 0 407248
32 1 407328
67 0 408411
67 1 408490
65 0 408602
65 1 408702
70 0 408733
70 1 408805
69 0 408843
69 1 408890
65 0 409010
85 0 409075
65 1 409104
85 1 409134
65 0 409180
65 1 409259
188 0 409355
188 1 409439
32 0 409545
32 1 409642
78 0 410386
78 1 410466
8 0 412621
8 1 412746
8 0 412951
8 1 413045
8 0 413121
8 1 413211
32 0 413971
32 1 414088
79 0 414732
79 1 414816
32 0 414951
83 0 415026
32 1 415051
83 1 415096
65 0 415166
86 0 415236
65 1 415266
86 1 415307
85 0 415426
82 0 415485
85 1 415505
82 1 415570
69 0 415641
69 1 415711
90 0 415879
90 1 415980
32 0 416014
32 1 416109
65 0 416144
65 1 416229
66 0 416249
66 1 416324
73 0 416428
73 1 416498
65 0 416524
65 1 416598
32 0 416649
32 1 416738
68 0 416808
68 1 416922
85 0 416927
85 1 416997
80 0 417154
80 1 417217
219 0 417301
219 1 417371
32 0 417507
32 1 417591
67 0 417596
67 1 417677
69 0 417770
32 0 417835
69 1 417855
32 1 417905
65 0 417961
74 0 418035
65 1 418055
74 1 418105
85 0 418195
85 1 418259
78 0 418344
71 0 418419
78 1 418434
71 1 418484
32 0 418519
32 1 418589
76 0 418710
76 1 418779
65 0 418783
65 1 418843
32 0 418883
32 1 418958
66 0 419058
66 1 419113
73 0 419218
73 1 419287
82 0 419292
82 1 419357
79 0 419362
79 1 419437
85 0 419542
85 1 419596
188 0 419741
188 1 419818
32 0 419936
32 1 420026
221 0 420470
221 1 420569
78 0 420690
78 1 420779
32 0 420854
32 1 420929
76 0 421039
76 1 421113
73 0 421198
73 1 421253
78 0 421358
78 1 421438
73 0 421538
73 1 421604
186 0 421783
186 1 421863
84 0 422042
84 1 422118
69 0 422133
69 1 422212
188 0 422397
188 1 422472
32 0 422926
32 1 422999
221 0 423144
221 1 423219
78 0 423324
78 1 423409
32 0 423483
32 1 423568
84 0 423574
84 1 423649
73 0 423684
73 1 423733
77 0 423828
77 1 423908
80 0 424038
80 1 424092
32 0 424218
32 1 424317
67 0 424642
67 1 424746
69 0 424871
69 1 424955
32 0 424961
32 1 425040
67 0 425390
67 1 425499
73 0 425509
73 1 425592
82 0 425645
82 1 425709
8 0 426033
8 1 426123
84 0 426133
84 1 426213
69 0 426368
69 1 426462
83 0 426552
83 1 426663
67 0 426747
67 1 426832
32 0 426836
32 1 426912
80 0 427056
80 1 427126
82 0 427131
82 1 427192
69 0 427281
69 1 427380
83 0 427505
83 1 427585
65 0 427676
65 1 427755
190 0 427765
190 1 427850
32 0 427989
32 1 428074
71 0 428239
65 0 428289
71 1 428324
65 1 428373
84 0 428832
65 0 428898
84 1 428912
65 1 428987
188 0 429092
188 1 429173
32 0 429272
32 1 429351
65 0 429366
77 0 429441
65 1 429461
77 1 429516
32 0 429607
32 1 429667
85 0 430250
85 1 430309
77 0 430434
77 1 430504
80 0 430660
80 1 430713
76 0 430798
76 1 430888
85 0 431033
85 1 431108
84 0 431287
84 1 431362
32 0 431387
32 1 431467
67 0 431856
67 1 431931
219 0 432011
219 1 432076
83 0 432111
83 1 432191
85 0 432350
85 1 432435
84 0 432500
84 1 432574
65 0 432705
65 1 432794
8 0 433123
8 1 433193
8 0 433368
8 1 433508
222 0 433762
222 1 433862
65 0 433877
65 1 433957
190 0 433997
190 1 434077
16 0 486125
68 0 486251
68 1 486334
16 1 486346
73 0 486458
73 1 486544
78 0 486623
78 1 486708
32 0 486813
32 1 486869
80 0 487002
80 1 487068
85 0 487179
85 1 487247
67 0 487287
78 0 487332
67 1 487373
78 1 487426
84 0 487494
85 0 487564
84 1 487587
85 1 487641
76 0 487756
76 1 487816
32 0 487905
32 1 487975
77 0 488059
69 0 488090
77 1 488125
69 1 488195
85 0 488270
85 1 488314
32 0 488430
68 0 488514
32 1 488540
68 1 488599
69 0 488689
69 1 488774
32 0 488782
32 1 488847
86 0 489293
69 0 489338
86 1 489388
69 1 489429
68 0 489523
68 1 489612
69 0 489678
69 1 489762
82 0 489847
82 1 489917
69 0 489986
69 1 490086
32 0 490131
32 1 490190
83 0 491358
73 0 491429
83 1 491438
73 1 491509
83 0 491534
83 1 491608
84 0 491658
84 1 491713
69 0 491723
69 1 491793
77 0 491853
77 1 491943
85 0 492042
85 1 492102
76 0 492187
76 1 492268
32 0 492341
69 0 492351
32 1 492431
69 1 492441
68 0 492512
68 1 492631
85 0 492637
85 1 492716
67 0 492736
67 1 492831
65 0 492941
65 1 493025
222 0 493052
222 1 493125
73 0 493280
73 1 493349
79 0 493419
79 1 493480
78 0 493564
78 1 493644
65 0 493684
76 0 493733
65 1 493748
76 1 493809
32 0 493879
65 0 493937
32 1 493968
65 1 494027
82 0 494158
32 0 494215
82 1 494237
32 1 494266
84 0 494392
84 1 494467
82 0 494523
69 0 494587
82 1 494602
69 1 494652
86 0 494752
86 1 494777
8 0 495157
8 1 495231
66 0 495301
66 1 495396
85 0 495491
85 1 495536
73 0 495632
73 1 495701
32 0 495924
32 1 496009
82 0 496183
82 1 496267
69 0 496348
69 1 496448
71 0 496549
71 1 496623
220 0 496659
220 1 496737
78 0 496902
78 1 497003
68 0 497082
68 1 497167
73 0 497182
73 1 497267
84 0 497306
84 1 497381
32 0 497406
32 1 497502
67 0 497575
67 1 497656
79 0 497664
79 1 497724
77 0 497810
77 1 497885
80 0 497990
80 1 498051
76 0 498121
69 0 498170
76 1 498204
69 1 498249
84 0 498365
84 1 498458
188 0 498460
188 1 498519
32 0 498620
32 1 498697
8 0 498953
8 1 499007
8 0 499083
8 1 499157
190 0 499348
190 1 499437
32 0 499568
32 1 499645
16 0 499705
85 0 499826
85 1 499896
16 1 499931
78 0 499983
78 1 500065
32 0 500135
32 1 500209
80 0 500324
80 1 500394
85 0 500497
85 1 500564
67 0 500605
78 0 500652
67 1 500684
78 1 500749
84 0 500809
84 1 500889
32 0 500894
32 1 501002
68 0 501007
68 1 501097
69 0 501164
32 0 501199
69 1 501252
32 1 501277
80 0 501402
80 1 501473
76 0 501538
76 1 501632
69 0 501707
69 1 501793
67 0 501837
67 1 501922
65 0 501938
65 1 502031
82 0 502050
82 1 502121
69 0 502152
69 1 502226
32 0 502246
32 1 502345
65 0 502349
65 1 502429
82 0 502560
82 1 502641
32 0 502647
32 1 502719
70 0 502724
70 1 502813
73 0 502848
73 1 502913
32 0 503011
83 0 503048
32 1 503078
83 1 503143
219 0 503219
219 1 503278
32 0 503383
83 0 503418
32 1 503475
83 1 503508
67 0 503597
72 0 503617
67 1 503692
72 1 503703
73 0 503773
73 1 503838
77 0 503930
77 1 504028
66 0 504113
66 1 504192
219 0 504207
219 1 504257
77 0 504382
77 1 504457
32 0 504539
32 1 504613
80 0 506048
80 1 506139
82 0 506163
79 0 506223
82 1 506247
79 1 506292
71 0 506443
71 1 506519
82 0 506598
82 1 506657
65 0 506662
65 1 506732
77 0 506802
65 0 506851
77 1 506896
65 1 506937
32 0 507421
32 1 507505
186 0 507664
186 1 507739
73 0 507900
73 1 507979
8 0 508229
8 0 508729
8 0 508757
8 0 508786
8 0 508817
8 0 508847
8 0 508877
8 0 508907
8 0 508937
8 1 508946
8 0 509098
8 1 509221
8 0 509300
8 1 509442
8 0 509537
8 1 509651
32 0 510200
32 1 510274
77 0 510380
77 1 510456
79 0 510549
68 0 510604
79 1 510615
68 1 510689
85 0 510694
85 1 510763
76 0 510854
76 1 510938
32 0 511013
68 0 511023
32 1 511107
68 1 511116
69 0 511171
69 1 511256
32 0 511276
32 1 511372
65 0 511376
65 1 511463
66 0 511468
66 1 511542
79 0 511648
82 0 511712
79 1 511726
82 1 511802
68 0 511882
68 1 511982
65 0 512066
65 1 512165
82 0 512201
82 1 512275
69 0 512286
69 1 512371
32 0 512400
32 1 512489
65 0 512494
65 1 512579
32 0 512588
32 1 512678
69 0 513902
69 1 514002
68 0 514073
85 0 514152
68 1 514166
85 1 514236
67 0 514252
67 1 514322
65 0 514437
65 1 514511
222 0 514615
222 1 514686
73 0 514831
73 1 514906
69 0 514921
73 0 514965
69 1 514994
73 1 515026
188 0 515155
188 1 515205
32 0 515275
32 1 515344
219 0 515473
219 1 515552
8 0 515968
8 1 516047
221 0 516127
221 1 516201
77 0 516336
77 1 516411
8 0 516750
8 1 516790
78 0 516976
78 1 517072
32 0 517200
32 1 517289
83 0 517424
83 1 517514
69 0 517598
69 1 517679
83 0 517769
83 1 517849
78 0 517955
78 1 518048
83 0 518309
83 1 518398
76 0 518598
76 1 518667
8 0 519458
8 1 519520
85 0 519816
85 1 519910
76 0 520036
76 1 520104
32 0 520234
32 1 520328
67 0 520383
67 1 520458
219 0 520527
219 1 520587
32 0 520702
65 0 520761
32 1 520791
65 1 520866
82 0 520981
32 0 521026
82 1 521076
32 1 521092
84 0 521236
84 1 521310
82 0 521385
69 0 521431
82 1 521441
69 1 521496
66 0 521571
66 1 521657
85 0 521766
85 1 521830
73 0 521896
73 1 521960
32 0 522077
32 1 522160
83 0 522172
83 1 522265
219 0 522290
219 1 522369
32 0 522506
32 1 522589
80 0 522719
82 0 522752
80 1 522787
82 1 522847
69 0 522917
71 0 522982
69 1 523022
71 1 523062
219 0 523252
219 1 523337
84 0 523372
84 1 523458
73 0 523483
73 1 523547
77 0 523642
77 1 523727
32 0 523805
32 1 523895
69 0 523946
69 1 524030
76 0 524100
69 0 524154
76 1 524179
69 1 524239
86 0 524356
86 1 524451
73 0 524456
73 1 524530
73 0 524602
73 1 524681
8 0 525034
8 1 525083
8 0 525159
8 1 525238
8 0 526676
8 1 526732
8 0 526840
8 1 526960
8 0 527024
8 1 527140
8 0 527540
8 1 527633
67 0 527639
67 1 527743
79 0 527769
79 1 527848
80 0 527919
80 1 527998
73 0 528117
73 1 528177
73 0 528247
73 1 528322
73 0 528383
73 1 528463
32 0 528722
32 1 528800
68 0 528981
68 1 529074
69 0 529156
32 0 529209
69 1 529239
32 1 529299
77 0 529415
77 1 529488
73 0 529598
73 1 529673
67 0 529678
73 0 529733
67 1 529758
73 1 529809
32 0 529955
32 1 530038
80 0 531242
69 0 531298
80 1 531320
69 1 531380
32 0 531447
32 1 531519
85 0 531644
85 1 531719
78 0 531799
78 1 531878
32 0 531964
32 1 532053
65 0 532123
65 1 532228
68 0 532403
68 1 532487
8 0 532783
8 1 532857
78 0 532988
78 1 533077
85 0 533177
85 1 533247
77 0 533333
77 1 533397
73 0 533513
84 0 533556
73 1 533565
84 1 533626
32 0 533692
32 1 533771
68 0 533776
68 1 533871
79 0 533896
79 1 533940
77 0 534032
69 0 534095
77 1 534125
69 1 534182
78 0 534230
78 1 534294
73 0 534397
73 1 534455
85 0 534515
85 1 534584
188 0 534684
188 1 534759
32 0 534854
32 1 534927
83 0 534947
83 1 535037
219 0 535057
219 1 535117
32 0 535217
83 0 535257
32 1 535301
83 1 535341
69 0 535422
32 0 535496
69 1 535511
32 1 535578
70 0 535646
70 1 535726
79 0 535731
79 1 535800
67 0 535831
67 1 535915
85 0 535920
85 1 535985
90 0 536081
90 1 536155
8 0 536366
83 0 536426
8 1 536441
83 1 536515
69 0 536587
69 1 536659
90 0 536766
90 1 536855
69 0 536969
32 0 537056
69 1 537064
32 1 537140
80 0 539220
80 1 539294
69 0 539325
69 1 539422
32 0 539474
32 1 539563
77 0 539682
65 0 539738
77 1 539772
65 1 539822
84 0 539947
69 0 539997
84 1 540027
69 1 540092
82 0 540167
73 0 540207
82 1 540252
73 1 540287
73 0 540353
73 1 540423
32 0 540537
32 1 540620
186 0 540890
186 1 540965
73 0 541100
73 1 541174
32 0 541300
32 1 541382
8 0 542338
8 1 542449
32 0 543147
32 1 543231
68 0 543442
79 0 543526
68 1 543555
79 1 543605
77 0 543686
69 0 543750
77 1 543775
69 1 543841
78 0 543876
78 1 543951
73 0 544060
73 1 544129
73 0 544184
73 1 544259
32 0 544958
32 1 545033
66 0 547224
66 1 547304
73 0 547338
73 1 547419
78 0 547522
78 1 547612
69 0 547623
69 1 547686
8 0 548057
8 1 548115
8 0 548191
8 1 548265
8 0 548343
8 1 548417
8 0 548481
8 1 548580
80 0 549005
80 1 549079
85 0 549221
85 1 549268
78 0 549365
67 0 549394
78 1 549453
67 1 549473
84 0 549594
85 0 549632
84 1 549662
85 1 549708
65 0 549824
76 0 549877
65 1 549907
76 1 549968
188 0 550063
69 0 550070
69 1 550131
188 1 550141
32 0 550233
32 1 550321
78 0 550411
78 1 550480
85 0 550580
85 1 550650
32 0 550755
32 1 550845
8 0 551674
8 1 551749
8 0 551839
8 1 551883
8 0 551983
8 1 552037
8 0 552134
8 1 552202
8 0 552285
8 1 552358
8 0 552434
8 1 552501
8 0 552587
8 1 552636
76 0 553486
76 1 553575
69 0 553581
69 1 553660
188 0 553675
188 1 553765
32 0 553834
32 1 553928
83 0 555364
83 1 555457
80 0 555461
80 1 555495
8 0 555766
8 1 555845
219 0 555910
219 1 555985
32 0 556111
82 0 556184
32 1 556194
82 1 556268
69 0 556337
69 1 556433
68 0 556493
85 0 556538
68 1 556588
85 1 556627
67 0 556668
67 1 556752
69 0 556847
77 0 556877
69 1 556937
77 1 556957
32 0 557043
32 1 557107
78 0 557184
78 1 557257
85 0 557349
85 1 557413
77 0 557504
77 1 557571
80 0 557687
80 1 557741
82 0 557747
82 1 557811
85 0 557877
85 1 557911
76 0 558021
76 1 558106
32 0 558186
68 0 558245
32 1 558284
68 1 558324
69 0 558400
32 0 558474
69 1 558494
32 1 558579
79 0 558768
82 0 558828
79 1 558853
82 1 558923
69 0 558993
69 1 559098
32 0 560495
32 1 560599
186 0 560765
186 1 560849
73 0 560990
73 1 561075
32 0 561173
32 1 561253
68 0 561288
68 1 561374
73 0 561379
73 1 561438
86 0 561538
69 0 561573
86 1 561623
69 1 561647
82 0 561727
82 1 561822
83 0 561968
73 0 562017
83 1 562052
73 1 562103
84 0 562223
84 1 562296
65 0 562303
65 1 562368
84 0 562373
84 1 562451
69 0 562461
69 1 562537
65 0 562641
32 0 562670
65 1 562745
32 1 562755
77 0 562865
65 0 562925
77 1 562940
65 1 563009
84 0 563090
69 0 563135
84 1 563164
69 1 563224
82 0 563304
73 0 563345
82 1 563385
73 1 563424
73 0 563484
73 1 563564
76 0 563669
76 1 563744
79 0 563829
82 0 563889
79 1 563903
82 1 563969
8 0 567882
8 1 567966
8 0 568057
8 1 568130
78 0 568396
78 1 568494
67 0 569837
67 1 569917
8 0 575960
8 1 576054
219 0 576104
219 1 576188
32 0 580492
32 1 580549
186 0 580695
186 1 580764
73 0 580869
73 1 580928
32 0 581060
32 1 581149
83 0 581160
83 1 581268
219 0 581273
219 1 581359
189 0 581488
189 1 581573
73 0 581743
73 1 581818
32 0 582018
32 1 582071
68 0 584747
68 1 584852
73 0 584872
73 1 584961
82 0 584967
82 1 585057
69 0 585127
69 1 585215
67 0 585331
67 1 585400
222 0 585489
222 1 585564
73 0 585709
73 1 585783
79 0 585843
79 1 585918
78 0 586018
78 1 586088
219 0 586223
219 1 586294
77 0 586377
77 1 586477
188 0 586787
188 1 586866
32 0 586941
32 1 587026
221 0 587151
221 1 587225
78 0 587331
78 1 587415
32 0 587485
32 1 587570
70 0 587625
70 1 587695
85 0 587700
85 1 587750
78 0 587824
67 0 587874
78 1 587904
67 1 587969
222 0 588039
222 1 588104
73 0 588218
73 1 588289
73 0 588344
73 1 588413
76 0 588508
76 1 588588
69 0 588603
69 1 588658
8 0 588912
8 1 588988
69 0 589027
69 1 589107
32 0 589172
68 0 589241
32 1 589256
68 1 589343
69 0 589407
69 1 589496
32 0 589501
32 1 589561
77 0 591902
65 0 591970
77 1 592001
65 1 592067
84 0 592167
69 0 592216
84 1 592241
69 1 592302
82 0 592377
82 1 592452
73 0 592455
73 1 592516
73 0 592586
73 1 592650
76 0 592751
76 1 592825
69 0 592829
69 1 592911
32 0 592915
32 1 592974
76 0 593064
76 1 593134
65 0 593139
65 1 593214
32 0 593219
32 1 593294
67 0 593368
65 0 593423
67 1 593438
65 1 593488
82 0 593538
82 1 593603
69 0 593613
69 1 593693
32 0 593718
32 1 593802
86 0 593872
69 0 593883
86 1 593957
69 1 593987
68 0 594062
68 1 594147
69 0 594207
77 0 594252
69 1 594307
77 1 594317
32 0 594392
32 1 594471
67 0 594481
67 1 594561
219 0 594591
219 1 594671
32 0 594780
69 0 594840
32 1 594870
69 1 594926
88 0 595035
88 1 595130
67 0 595210
67 1 595295
69 0 595400
76 0 595469
69 1 595494
76 1 595554
69 0 595564
69 1 595644
65 0 595738
65 1 595828
90 0 595913
90 1 595993
219 0 596034
219 1 596098
188 0 596203
188 1 596288
32 0 596368
32 1 596447
67 0 596454
67 1 596517
219 0 596577
219 1 596647
84 0 596836
84 1 596891
82 0 596961
82 1 597046
69 0 597051
69 1 597106
32 0 597161
32 1 597256
85 0 597360
85 1 597415
78 0 597505
78 1 597580
32 0 597670
32 1 597759
65 0 597764
65 1 597844
78 0 597934
78 1 598024
85 0 598134
85 1 598194
77 0 598294
77 1 598373
73 0 598479
84 0 598529
73 1 598548
84 1 598618
32 0 598743
32 1 598832
83 0 599132
83 1 599211
69 0 599318
69 1 599396
71 0 599431
71 1 599511
77 0 599641
69 0 599681
77 1 599731
69 1 599785
78 0 601218
84 0 601288
78 1 601308
84 1 601382
190 0 601886
190 1 601967
32 0 602062
32 1 602142
68 0 603378
68 1 603469
69 0 603589
69 1 603648
32 0 603709
32 1 603803
65 0 603829
65 1 603913
83 0 603999
83 1 604073
69 0 604163
69 1 604263
77 0 604300
69 0 604361
77 1 604376
69 1 604457
8 0 604778
8 0 605277
8 0 605305
8 0 605335
8 0 605365
8 1 605395
8 0 605585
8 1 605673
8 0 605843
8 1 605943
8 0 606158
8 1 606279
65 0 607172
65 1 607313
83 0 607401
83 1 607541
8 0 607940
8 1 608030
8 0 608090
8 1 608190
13 0 611103
13 1 611204
80 0 611452
80 1 611523
85 0 611658
85 1 611720
78 0 611816
78 1 611896
67 0 611903
67 1 611937
8 0 612142
8 1 612191
8 0 612263
8 1 612342
8 0 612428
8 1 612491
8 0 612768
8 1 612844
16 0 612955
16 1 613370
16 0 613524
85 0 613962
85 1 614032
16 1 614119
78 0 614411
78 1 614486
32 0 614596
32 1 614680
80 0 617591
80 1 617675
85 0 617820
85 1 617891
78 0 617996
78 1 618085
8 0 618514
8 1 618579
8 0 618659
8 1 618738
8 0 618817
8 1 618908
80 0 620130
80 1 620215
85 0 620339
85 1 620414
78 0 620499
78 1 620594
67 0 620598
67 1 620668
84 0 620788
32 0 620843
84 1 620868
32 1 620928
70 0 621003
79 0 621083
70 1 621098
79 1 621162
82 0 621192
82 1 621289
84 0 621378
84 1 621458
69 0 621463
69 1 621532
32 0 621604
32 1 621691
8 0 622577
8 0 623076
8 0 623104
8 0 623135
8 0 623164
8 0 623195
8 0 623225
8 0 623255
8 1 623286
8 0 623574
8 1 623644
8 0 623733
8 1 623793
8 0 623868
8 1 623928
8 0 624003
8 1 624073
76 0 624352
76 1 624447
85 0 624588
85 1 624658
67 0 624662
67 1 624737
82 0 624827
85 0 624846
85 1 624901
82 1 624916
32 0 625048
32 1 625130
66 0 625480
85 0 625545
66 1 625569
85 1 625610
78 0 625704
78 1 625784
32 0 625879
32 1 625934
67 0 626025
65 0 626060
67 1 626088
65 1 626149
82 0 626198
82 1 626260
69 0 626270
69 1 626355
32 0 626383
83 0 626442
32 1 626467
83 1 626528
69 0 626608
32 0 626633
69 1 626688
32 1 626713
73 0 626833
73 1 626897
8 0 627252
8 1 627335
221 0 627411
221 1 627492
8 0 629192
8 1 629267
8 0 629387
8 1 629471
8 0 629737
8 1 629811
189 0 630174
189 1 630250
32 0 630394
32 1 630449
8 0 630714
8 1 630769
65 0 630784
65 1 630868
32 0 630943
32 1 631022
73 0 631163
73 1 631234
77 0 631323
77 1 631398
80 0 631509
80 1 631563
76 0 631643
76 1 631703
73 0 631807
73 1 631852
77 0 631954
77 1 632032
69 0 632038
69 1 632106
78 0 632111
78 1 632156
84 0 632301
84 1 632371
65 0 632391
84 0 632441
65 1 632472
84 1 632511
32 0 632616
32 1 632721
82 0 632726
82 1 632800
69 0 632865
69 1 632951
67 0 633036
67 1 633120
69 0 633200
69 1 633295
78 0 633314
78 1 633400
84 0 633414
84 1 633504
32 0 633509
32 1 633587
221 0 633743
221 1 633842
78 0 633963
78 1 634053
32 0 634133
32 1 634213
16 0 634457
82 0 634562
82 1 634631
79 0 634856
79 1 634931
16 1 634966
32 0 635365
69 0 635440
32 1 635461
69 1 635531
83 0 635630
84 0 635696
83 1 635724
84 1 635784
69 0 635834
69 1 635914
32 0 635979
32 1 636068
77 0 636732
77 1 636802
79 0 636953
79 1 637046
68 0 637087
68 1 637178
69 0 637277
69 1 637362
76 0 637505
76 1 637602
85 0 637715
85 1 637787
76 0 637905
76 1 637964
32 0 638131
32 1 638225
83 0 638284
83 1 638384
84 0 638423
84 1 638488
69 0 638509
69 1 638585
80 0 638684
80 1 638748
32 0 638923
32 1 639011
66 0 639148
66 1 639223
89 0 639332
89 1 639393
32 0 639513
32 1 639592
83 0 639597
83 1 639681
84 0 639732
84 1 639791
69 0 639828
69 1 639906
80 0 639973
80 1 639992
188 0 640120
188 1 640202
32 0 640295
32 1 640370
85 0 640490
85 1 640555
78 0 640650
78 1 640749
68 0 640765
68 1 640834
8 0 641014
8 1 641074
8 0 641148
8 1 641211
8 0 641281
8 1 641368
221 0 641736
221 1 641807
78 0 641968
78 1 642047
32 0 642127
32 1 642201
67 0 642295
65 0 642330
67 1 642376
65 1 642421
82 0 642488
82 1 642556
69 0 642566
69 1 642660
32 0 642711
32 1 642809
67 0 642845
67 1 642935
79 0 643070
79 1 643149
80 0 643230
80 1 643300
85 0 643459
85 1 643504
85 0 643609
85 1 643663
85 0 643749
85 1 643819
8 0 644069
8 1 644128
8 0 644204
8 1 644273
8 0 644352
8 1 644438
85 0 644677
85 1 644751
85 0 644827
85 1 644896
8 0 645385
8 1 645455
8 0 645519
8 1 645605
73 0 645744
73 1 645803
73 0 645879
73 1 645954
73 0 646728
73 1 646806
32 0 649387
32 1 649490
73 0 652296
73 1 652381
78 0 652476
78 1 652570
84 0 652615
84 1 652695
82 0 652766
219 0 652826
82 1 652849
219 1 652915
32 0 653004
32 1 653088
221 0 653194
221 1 653257
78 0 653373
78 1 653464
32 0 653533
32 1 653619
67 0 653622
67 1 653719
76 0 653729
76 1 653813
65 0 653829
65 1 653929
83 0 654023
83 1 654116
65 0 654182
32 0 654192
32 1 654270
65 1 654295
48 0 654471
48 1 654541
32 0 654726
32 1 654811
221 0 657372
221 1 657455
78 0 657636
78 1 657722
84 0 657761
84 1 657840
82 0 657910
82 1 658005
189 0 658009
189 1 658074
85 0 658200
85 1 658279
78 0 658349
78 1 658439
32 0 658503
32 1 658572
83 0 658622
73 0 658682
83 1 658712
73 1 658751
83 0 658777
83 1 658873
84 0 658888
84 1 658957
69 0 658988
69 1 659062
77 0 659093
77 1 659168
32 0 659267
32 1 659367
67 0 659685
67 1 659812
85 0 660370
85 1 660450
32 0 660599
32 1 660684
50 0 660932
50 1 661032
32 0 661112
32 1 661208
221 0 661568
221 1 661648
78 0 661822
78 1 661911
86 0 662007
86 1 662081
219 0 662212
219 1 662306
84 0 662432
84 1 662511
219 0 662535
219 1 662595
84 0 663005
84 1 663089
79 0 663150
79 1 663239
65 0 663299
65 1 663383
82 0 663533
82 1 663603
69 0 663683
32 0 663723
69 1 663773
32 1 663796
67 0 663871
67 1 663966
79 0 663971
79 1 664016
78 0 664120
78 1 664188
67 0 664193
67 1 664266
79 0 664337
79 1 664396
8 0 664536
8 1 664607
8 0 664687
8 1 664761
8 0 664840
8 1 664911
8 0 664997
8 1 665085
8 0 665484
8 1 665595
8 0 665784
8 1 665894
188 0 666308
188 1 666389
32 0 666474
32 1 666556
67 0 666671
67 1 666760
65 0 666765
65 1 666866
8 0 667276
8 1 667336
8 0 667412
8 1 667501
8 0 667576
8 1 667665
8 0 667746
8 1 667835
32 0 668114
32 1 668196
186 0 668334
186 1 668413
73 0 668528
73 1 668602
32 0 668833
32 1 668925
83 0 669008
83 1 669124
82 0 669134
82 1 669189
65 0 669242
65 1 669348
8 0 669802
8 1 669882
8 0 669946
8 1 670047
8 0 670679
8 1 670758
8 0 670813
8 1 670908
8 0 670988
8 1 671068
8 0 671155
8 1 671233
8 0 671319
8 1 671408
32 0 671877
32 1 671962
67 0 672211
67 1 672306
79 0 672313
79 1 672391
78 0 672486
78 1 672556
67 0 672562
67 1 672636
79 0 672676
79 1 672741
77 0 672841
77 1 672910
73 0 673030
73 1 673095
77 0 673196
77 1 673301
69 0 673305
69 1 673384
8 0 673648
8 1 673719
8 0 675185
8 1 675284
84 0 675379
84 1 675448
69 0 675568
78 0 675638
69 1 675658
78 1 675718
84 0 675778
84 1 675868
188 0 675873
188 1 675938
32 0 676027
32 1 676113
73 0 676941
73 1 677016
65 0 677021
85 0 677086
65 1 677112
85 1 677152
32 0 677293
32 1 677370
77 0 677490
65 0 677510
77 1 677564
65 1 677594
83 0 677706
83 1 677785
65 0 677860
32 0 677906
65 1 677968
32 1 677989
76 0 678119
76 1 678203
65 0 678208
65 1 678278
32 0 680034
32 1 680120
186 0 680558
186 1 680648
67 0 681017
67 1 681108
79 0 681128
79 1 681217
65 0 681252
65 1 681347
76 0 681351
76 1 681422
219 0 681516
219 1 681576
32 0 681707
32 1 681786
186 0 681941
186 1 682035
73 0 682226
73 1 682301
32 0 682437
32 1 682534
83 0 682549
83 1 682659
84 0 682669
84 1 682734
65 0 682754
85 0 682839
65 1 682874
85 1 682899
32 0 684665
32 1 684765
80 0 686382
80 1 686466
220 0 686915
220 1 687010
78 0 687215
78 1 687351
219 0 687535
219 1 687645
32 0 687746
32 1 687838
65 0 688018
65 1 688129
8 0 688424
8 1 688514
76 0 689084
76 1 689187
65 0 689213
65 1 689307
32 0 689333
32 1 689402
79 0 689526
82 0 689576
79 1 689596
82 1 689661
65 0 689771
65 1 689872
32 0 689891
32 1 689974
49 0 690179
49 1 690278
54 0 690394
54 1 690464
32 0 690634
32 1 690719
221 0 691115
221 1 691203
78 0 691352
78 1 691433
32 0 691513
32 1 691611
8 0 692878
8 1 692993
8 0 693089
8 1 693173
8 0 693259
8 1 693367
8 0 694235
8 1 694315
188 0 694440
188 1 694525
32 0 694617
32 1 694701
221 0 694845
221 1 694924
78 0 695079
78 1 695168
86 0 695379
86 1 695470
219 0 695539
219 1 695624
222 0 695733
222 1 695819
220 0 696080
220 1 696167
78 0 696338
78 1 696422
68 0 696433
68 1 696516
32 0 696522
32 1 696595
186 0 696720
186 1 696800
73 0 696925
73 1 696990
32 0 697097
32 1 697194
70 0 697279
70 1 697369
219 0 697444
219 1 697528
67 0 697539
67 1 697639
220 0 697795
220 1 697891
78 0 698070
78 1 698160
68 0 698168
68 1 698251
32 0 698264
32 1 698342
84 0 698477
69 0 698521
84 1 698531
69 1 698611
77 0 698671
69 0 698736
77 1 698761
69 1 698857
76 0 698887
76 1 698952
69 0 698973
69 1 699082
32 0 699098
32 1 699190
76 0 699459
76 1 699554
65 0 699584
65 1 699685
32 0 699710
32 1 699809
67 0 699913
67 1 700013
76 0 700069
76 1 700158
65 0 700163
65 1 700268
83 0 700348
83 1 700448
65 0 700523
190 0 700619
65 1 700633
190 1 700678
8 0 701696
8 1 701756
8 0 701841
8 1 701921
80 0 701996
80 1 702071
8 0 702590
8 1 702665
219 0 702774
219 1 702865
190 0 703009
190 1 703079
16 0 786906
65 0 787063
16 1 787103
73 0 787166
65 1 787187
73 1 787257
67 0 787308
73 0 787353
67 1 787402
73 1 787423
32 0 787566
32 1 787658
65 0 787782
65 1 787816
73 0 787836
73 1 787916
32 0 788021
32 1 788111
86 0 788211
82 0 788265
86 1 788285
82 1 788371
85 0 788415
85 1 788496
84 0 788499
84 1 788564
32 0 791771
32 1 791863
219 0 792077
219 1 792161
8 0 792465
8 1 792559
83 0 792699
83 1 792789
219 0 793237
219 1 793303
32 0 793432
32 1 793515
78 0 793594
69 0 793642
78 1 793673
69 1 793718
32 0 793752
32 1 793822
84 0 793957
69 0 793982
84 1 794033
69 1 794051
83 0 794147
83 1 794226
84 0 794241
84 1 794330
69 0 794336
69 1 794407
90 0 794515
73 0 794565
90 1 794600
73 1 794650
32 0 794750
68 0 794828
32 1 794855
68 1 794905
65 0 795009
65 1 795093
67 0 795221
67 1 795298
219 0 795304
219 1 795359
32 0 795498
32 1 795587
82 0 795657
82 1 795738
69 0 795807
69 1 795893
67 0 795991
85 0 796038
67 1 796057
85 1 796101
78 0 796222
78 1 796298
79 0 796420
79 1 796497
65 0 796505
65 1 796580
186 0 796635
186 1 796705
84 0 796885
69 0 796954
84 1 796970
69 1 797024
77 0 797150
77 1 797188
32 0 797298
32 1 797368
80 0 800107
80 1 800191
73 0 800286
73 1 800356
67 0 800392
67 1 800471
84 0 800490
84 1 800560
85 0 800648
85 1 800735
82 0 800740
82 1 800831
65 0 800930
32 0 800991
65 1 801035
32 1 801064
186 0 801184
186 1 801253
73 0 801359
73 1 801434
32 0 801533
83 0 801552
32 1 801633
83 1 801648
67 0 801722
67 1 801802
69 0 801909
78 0 801964
69 1 801982
78 1 802032
65 0 802107
65 1 802177
16 0 802257
191 0 802287
16 1 802401
191 1 802411
32 0 802436
32 1 802520
16 0 802600
190 0 802690
190 1 802765
48 0 802947
48 1 803025
48 0 803100
48 1 803181
16 1 803205
32 0 803331
32 1 803420
83 0 807942
83 1 808033
85 0 808037
85 1 808114
78 0 808214
84 0 808272
78 1 808299
84 1 808357
32 0 808382
32 1 808455
67 0 808486
67 1 808580
85 0 808600
85 1 808671
82 0 808710
73 0 808756
82 1 808791
73 1 808836
79 0 808920
79 1 809002
65 0 809007
65 1 809071
83 0 809200
83 1 809284
219 0 809319
219 1 809384
32 0 809534
32 1 809614
67 0 809618
67 1 809683
220 0 809749
220 1 809848
84 0 809973
84 1 810057
69 0 810183
32 0 810256
69 1 810282
32 1 810332
80 0 810471
69 0 810497
80 1 810555
69 1 810592
82 0 810681
82 1 810766
83 0 810887
83 1 810971
79 0 811005
79 1 811082
65 0 811131
65 1 811206
78 0 811275
78 1 811354
69 0 811375
69 1 811455
32 0 811499
32 1 811588
65 0 811713
65 1 811783
85 0 811889
85 1 811953
32 0 812063
32 1 812167
83 0 812171
83 1 812246
8 0 812561
8 1 812627
186 0 812733
186 1 812832
84 0 812836
84 1 812915
73 0 812975
73 1 813050
85 0 813129
85 1 813200
84 0 813225
84 1 813284
32 0 813399
32 1 813480
186 0 816946
186 1 817040
73 0 817160
73 1 817230
32 0 817345
32 1 817423
67 0 817435
67 1 817558
220 0 817588
220 1 817673
84 0 817769
84 1 817840
69 0 817943
32 0 818019
69 1 818043
32 1 818092
80 0 818237
69 0 818266
80 1 818306
69 1 818346
82 0 818438
82 1 818512
83 0 818632
79 0 818703
83 1 818731
79 1 818776
65 0 818832
78 0 818926
65 1 818935
78 1 819006
69 0 819061
69 1 819141
32 0 819151
32 1 819249
65 0 822819
65 1 822947
85 0 823122
85 1 823176
32 0 823670
32 1 823758
83 0 823970
83 1 824068
67 0 824163
67 1 824254
82 0 824339
82 1 824428
73 0 824433
73 1 824492
83 0 824533
83 1 824609
32 0 824617
32 1 824706
65 0 826732
65 1 826852
73 0 827252
73 1 827347
85 0 827441
85 1 827541
82 0 827956
82 1 828054
69 0 828135
69 1 828234
65 0 828379
65 1 828458
32 0 829092
32 1 829177
67 0 829600
67 1 829680
65 0 829806
65 1 829896
32 0 830076
32 1 830175
186 0 830318
186 1 830393
73 0 830518
73 1 830577
32 0 830683
32 1 830764
77 0 830838
69 0 830902
77 1 830921
69 1 830981
66 0 831032
66 1 831077
69 0 831122
69 1 831182
32 0 831203
32 1 831281
8 0 831635
8 1 831706
8 0 831777
8 1 831851
8 0 831926
8 1 831990
8 0 832066
8 1 832150
73 0 832679
73 1 832765
78 0 832865
78 1 832950
69 0 832953
69 1 833028
190 0 836361
190 1 836429
32 0 836575
32 1 836630
73 0 907392
73 1 907477
8 0 907721
8 1 907800
73 0 908365
73 1 908425
84 0 908430
84 1 908484
73 0 908509
73 1 908575
32 0 908690
68 0 908758
32 1 908785
68 1 908847
65 0 908972
65 1 909052
73 0 909057
73 1 909133
32 0 909283
32 1 909372
8 0 909541
8 1 909607
8 0 909691
8 1 909761
8 0 909879
8 1 909911
8 0 911484
8 1 911547
8 0 911664
8 1 911732
8 0 911833
8 1 911892
8 0 912003
8 1 912047
8 0 912147
8 1 912202
16 0 912526
222 0 912897
222 1 912976
16 1 913002
84 0 913469
84 1 913555
8 0 913843
8 1 913918
8 0 914184
8 1 914251
16 0 914387
221 0 914502
221 1 914578
16 1 914598
222 0 914921
222 1 915002
79 0 915130
79 1 915195
8 0 915630
8 1 915700
73 0 915859
73 1 915934
32 0 916069
68 0 916132
32 1 916153
68 1 916222
65 0 916322
73 0 916342
65 1 916421
73 1 916431
32 0 916527
83 0 916587
32 1 916617
83 1 916676
69 0 916768
69 1 916835
65 0 916926
77 0 916940
77 1 917016
65 1 917031
65 0 917480
65 1 917577
32 0 917608
32 1 917689
67 0 917888
67 1 917958
219 0 918254
219 1 918318
32 0 918458
32 1 918547
84 0 918801
84 1 918896
79 0 918977
79 1 919017
222 0 919237
222 1 919307
73 0 919452
73 1 919526
32 0 919648
32 1 919745
65 0 919974
65 1 920074
85 0 920119
85 1 920194
32 0 920425
32 1 920518
67 0 920624
67 1 920712
219 0 921133
219 1 921212
84 0 921422
84 1 921507
65 0 921528
84 0 921567
65 1 921597
84 1 921632
32 0 921758
32 1 921825
80 0 921955
69 0 921995
80 1 922014
69 1 922064
32 0 922135
32 1 922224
71 0 922673
71 1 922755
79 0 922799
79 1 922879
79 0 922949
71 0 923004
79 1 923033
71 1 923079
76 0 923134
76 1 923203
69 0 923225
69 1 923314
32 0 923324
32 1 923407
73 0 923536
73 1 923612
77 0 923701
65 0 923741
77 1 923796
65 1 923830
71 0 923988
71 1 924062
73 0 924212
73 1 924280
78 0 924381
69 0 924445
78 1 924465
69 1 924526
65 0 924607
32 0 924691
65 1 924710
32 1 924779
83 0 924834
83 1 924908
219 0 924928
219 1 924998
32 0 925109
32 1 925198
86 0 925293
86 1 925352
65 0 925647
65 1 925752
68 0 925869
68 1 925972
219 0 925988
219 1 926052
32 0 926198
67 0 926271
32 1 926296
67 1 926347
69 0 926432
32 0 926482
69 1 926526
32 1 926563
82 0 926695
82 1 926775
69 0 926849
80 0 926914
69 1 926939
80 1 927004
82 0 927034
82 1 927104
69 0 927159
69 1 927255
90 0 927414
90 1 927514
73 0 927533
73 1 927604
78 0 927699
78 1 927779
84 0 927789
84 1 927878
219 0 928004
219 1 928067
32 0 928188
32 1 928266
186 0 928381
186 1 928471
73 0 928587
73 1 928660
32 0 928796
32 1 928895
83 0 929229
83 1 929304
8 0 929460
8 1 929509
8 0 929627
8 1 929714
8 0 929814
8 1 929883
8 0 930565
8 1 930637
8 0 930987
8 1 931087
188 0 931356
188 1 931440
32 0 931526
32 1 931595
80 0 931749
82 0 931804
80 1 931819
82 1 931893
79 0 931898
79 1 931963
66 0 932078
66 1 932154
65 0 932159
65 1 932218
66 0 932223
66 1 932283
73 0 932404
73 1 932458
76 0 932570
76 1 932629
32 0 932748
32 1 932828
85 0 932977
85 1 933026
78 0 933151
78 1 933236
73 0 933386
73 1 933465
73 0 933525
73 1 933616
8 0 934154
8 1 934229
8 0 934315
8 1 934390
8 0 934460
8 1 934535
8 0 934606
8 1 934705
8 0 935304
8 1 935376
8 0 935453
8 1 935531
8 0 935643
8 1 935701
8 0 935800
8 1 935877
8 0 935981
8 1 936055
8 0 936180
8 1 936276
8 0 937064
8 1 937149
8 0 938255
8 1 938391
8 0 938501
8 1 938616
67 0 940553
67 1 940646
69 0 940822
69 1 940916
69 0 940986
69 1 941055
65 0 941190
32 0 941265
65 1 941280
32 1 941360
67 0 941415
67 1 941489
69 0 941600
32 0 941654
69 1 941693
32 1 941743
65 0 941823
77 0 941892
65 1 941912
77 1 941977
32 0 942072
32 1 942157
70 0 942292
70 1 942377
219 0 942607
67 0 942681
219 1 942691
67 1 942760
85 0 942821
85 1 942895
84 0 942925
84 1 943011
32 0 943016
32 1 943092
186 0 943190
186 1 943249
73 0 943364
73 1 943434
32 0 943530
32 1 943621
69 0 943624
69 1 943698
85 0 943744
85 1 943813
188 0 943948
188 1 944028
32 0 944123
32 1 944217
73 0 944871
65 0 944941
73 1 944973
65 1 945027
82 0 945167
82 1 945248
32 0 945250
32 1 945330
65 0 945355
65 1 945460
67 0 945556
85 0 945576
67 1 945644
85 1 945655
77 0 945744
77 1 945824
32 0 945909
32 1 945998
67 0 946837
67 1 946917
65 0 947064
65 1 947163
32 0 947167
32 1 947246
83 0 947296
83 1 947376
219 0 947880
219 1 947950
8 0 948649
8 0 949148
8 1 949173
8 0 949318
8 1 949413
8 0 949492
8 1 949579
8 0 949651
8 1 949761
8 0 950085
8 1 950185
8 0 950270
8 0 950769
8 0 950798
8 0 950828
8 0 950858
8 0 950888
8 0 950918
8 0 950948
8 1 950958
8 0 951243
8 1 951338
8 0 951432
8 1 951539
32 0 953189
32 1 953278
16 0 953359
190 0 953469
190 1 953597
48 0 953722
48 1 953817
48 0 953862
48 1 953947
16 1 953989
