20 0 114524
20 1 114595
86 0 114623
86 1 114702
20 0 114731
20 1 114814
82 0 114888
82 1 114975
69 0 115022
69 1 115091
77 0 115201
77 1 115287
69 0 115356
69 1 115417
65 0 115587
65 1 115639
32 0 115706
32 1 115773
68 0 115943
68 1 115994
69 0 116180
69 1 116259
32 0 116359
32 1 116427
8 0 116828
8 1 116908
8 0 116996
8 1 117067
8 0 117140
8 1 117192
68 0 117623
68 1 117683
69 0 117790
69 1 117860
32 0 117928
32 1 117998
65 0 118066
65 1 118135
83 0 118219
83 1 118295
84 0 118341
84 1 118421
65 0 118712
65 1 118763
90 0 118972
90 1 119041
73 0 119111
73 1 119199
32 0 119402
32 1 119471
65 0 119545
65 1 119596
32 0 119667
32 1 119726
73 0 119893
73 1 119963
78 0 120115
78 1 120176
67 0 120584
67 1 120653
69 0 120817
69 1 120896
80 0 120943
80 1 121004
85 0 121192
85 1 121243
84 0 121332
84 1 121393
32 0 121484
32 1 121552
65 0 121701
65 1 121753
32 0 121834
32 1 121894
70 0 122263
70 1 122324
73 0 122400
73 1 122460
32 0 122631
32 1 122700
80 0 122918
80 1 122970
76 0 123110
76 1 123180
79 0 123262
79 1 123323
73 0 123430
73 1 123490
65 0 123555
65 1 123617
83 0 123774
83 1 123826
65 0 123950
65 1 123992
32 0 124059
32 1 124118
83 0 124942
83 1 125029
73 0 125090
73 1 125152
32 0 125364
32 1 125431
85 0 125782
85 1 125833
82 0 126078
82 1 126139
65 0 126287
65 1 126366
84 0 128366
84 1 128444
73 0 128946
73 1 129007
67 0 129237
67 1 129306
65 0 129478
65 1 129574
190 0 130866
190 1 130953
32 0 131710
32 1 131780
20 0 133862
20 1 133957
65 0 134101
65 1 134198
8 0 134446
8 1 134524
8 0 134600
8 1 134669
8 0 134740
8 1 134790
20 0 134817
20 1 134865
188 0 135523
188 1 135583
32 0 135721
32 1 135790
65 0 135838
65 1 135917
83 0 135999
83 1 136068
65 0 136167
65 1 136237
32 0 136266
32 1 136343
70 0 136412
70 1 136472
73 0 136538
73 1 136626
73 0 136711
73 1 136791
78 0 136955
78 1 137025
68 0 137281
68 1 137360
32 0 137474
32 1 137551
68 0 137661
68 1 137740
69 0 137922
69 1 137982
32 0 138040
32 1 138108
67 0 138209
67 1 138279
65 0 138424
65 1 138503
84 0 138568
84 1 138628
69 0 138719
69 1 138789
86 0 138889
86 1 138977
65 0 139061
65 1 139122
32 0 139184
32 1 139243
90 0 139412
90 1 139500
73 0 139518
73 1 139615
76 0 139786
76 1 139865
69 0 139928
69 1 139980
32 0 140098
32 1 140167
83 0 142665
83 1 142725
73 0 142763
73 1 142824
188 0 143283
188 1 143334
32 0 143514
32 1 143573
68 0 143612
68 1 143691
69 0 143786
69 1 143829
83 0 143973
83 1 144052
73 0 144090
73 1 144151
32 0 144378
32 1 144430
83 0 145174
83 1 145242
85 0 145280
85 1 145340
78 0 145476
78 1 145545
84 0 145684
84 1 145734
69 0 145827
69 1 145881
77 0 145941
77 1 146000
32 0 146145
32 1 146204
73 0 146356
73 1 146417
78 0 146574
78 1 146626
32 0 146780
32 1 146847
68 0 146913
68 1 146974
67 0 147225
67 1 147288
69 0 147368
69 1 147420
77 0 147518
77 1 147577
66 0 147724
66 1 147794
82 0 148188
82 1 148222
73 0 148278
73 1 148366
69 0 148442
69 1 148512
8 0 148800
8 1 148880
8 0 148954
8 1 149024
8 0 149098
8 1 149158
8 0 149241
8 1 149310
8 0 149391
8 1 149460
8 0 149528
8 1 149597
69 0 149675
69 1 149746
8 0 149981
8 1 150051
8 0 150118
8 1 150188
69 0 150222
69 1 150281
67 0 150532
67 1 150592
69 0 150665
69 1 150727
77 0 150791
77 1 150870
66 0 151000
66 1 151060
82 0 151133
82 1 151204
73 0 151249
73 1 151317
69 0 151357
69 1 151428
32 0 151511
32 1 151578
83 0 151653
83 1 151722
73 0 151759
73 1 151820
32 0 151982
32 1 152043
78 0 152160
78 1 152221
69 0 152292
69 1 152362
189 0 152468
189 1 152538
65 0 152611
65 1 152701
77 0 152756
77 1 152824
32 0 152945
32 1 153011
65 0 153041
65 1 153120
83 0 153213
83 1 153301
84 0 153333
84 1 153393
69 0 153477
69 1 153548
80 0 153604
80 1 153672
84 0 153859
84 1 153920
65 0 153964
65 1 154034
32 0 154110
32 1 154169
83 0 154209
83 1 154278
65 0 154378
65 1 154447
32 0 154494
32 1 154563
70 0 154643
70 1 154713
73 0 154777
73 1 154855
69 0 154936
69 1 155015
32 0 155098
32 1 155159
189 0 156331
189 1 156391
49 0 156673
49 1 156762
48 0 156789
48 1 156831
32 0 157042
32 1 157112
71 0 157645
71 1 157714
82 0 157840
82 1 157901
65 0 157924
65 1 158010
68 0 158113
68 1 158183
69 0 158244
69 1 158294
32 0 158390
32 1 158459
65 0 158515
65 1 158584
70 0 158642
70 1 158711
65 0 158754
65 1 158832
82 0 158885
82 1 158946
65 0 159020
65 1 159101
73 0 163285
73 1 163353
65 0 163381
65 1 163442
78 0 163501
78 1 163569
85 0 163677
85 1 163737
65 0 163773
65 1 163854
82 0 163895
82 1 163956
73 0 164113
73 1 164193
69 0 164240
69 1 164311
188 0 167435
188 1 167494
32 0 167702
32 1 167763
86 0 173457
86 1 173527
82 0 173658
82 1 173719
69 0 173890
69 1 173942
77 0 174082
77 1 174177
69 0 174278
69 1 174339
65 0 174527
65 1 174561
32 0 174647
32 1 174734
83 0 174874
83 1 174907
69 0 175353
69 1 175422
32 0 175503
32 1 175582
65 0 175658
65 1 175737
82 0 175828
82 1 175897
65 0 175932
65 1 175993
84 0 176053
84 1 176114
65 0 176146
65 1 176216
32 0 176297
32 1 176366
65 0 176409
65 1 176487
32 0 176541
32 1 176602
70 0 177056
70 1 177118
73 0 177190
73 1 177251
32 0 177439
32 1 177509
83 0 177571
83 1 177658
69 0 177768
69 1 177848
8 0 178085
8 1 178171
8 0 178232
8 1 178312
68 0 178312
68 1 178399
69 0 178489
69 1 178568
83 0 178707
83 1 178795
84 0 178884
84 1 178944
85 0 179080
85 1 179138
76 0 179286
76 1 179362
32 0 179509
32 1 179577
68 0 179613
68 1 179682
69 0 179786
69 1 179846
32 0 179881
32 1 179942
80 0 180395
80 1 180455
82 0 180627
82 1 180697
73 0 180776
73 1 180860
69 0 180860
69 1 180938
84 0 181037
84 1 181098
69 0 181156
69 1 181227
78 0 181294
78 1 181371
79 0 181506
79 1 181576
65 0 181611
65 1 181679
83 0 181823
83 1 181882
65 0 182170
65 1 182230
32 0 182279
32 1 182347
67 0 182442
67 1 182494
85 0 182537
85 1 182634
32 0 182826
32 1 182896
67 0 183039
67 1 183108
69 0 183260
69 1 183321
73 0 183339
73 1 183409
32 0 183597
32 1 183658
67 0 183776
67 1 183854
65 0 183878
65 1 183948
82 0 183996
82 1 184056
69 0 184125
69 1 184186
32 0 184241
32 1 184302
80 0 184500
80 1 184569
82 0 184604
82 1 184673
69 0 184813
69 1 184856
70 0 185714
70 1 185786
69 0 185844
69 1 185905
82 0 186032
82 1 186092
65 0 186939
65 1 187018
32 0 187119
32 1 187177
67 0 189133
67 1 189193
65 0 189319
65 1 189407
76 0 189446
76 1 189524
68 0 189601
68 1 189670
85 0 189712
85 1 189781
82 0 189929
82 1 189990
65 0 190040
65 1 190109
32 0 190166
32 1 190237
79 0 190396
79 1 190456
8 0 191027
8 1 191097
73 0 191356
73 1 191425
78 0 191591
78 1 191653
32 0 191793
32 1 191861
76 0 192097
76 1 192167
79 0 192272
79 1 192324
67 0 192396
67 1 192474
32 0 192593
32 1 192662
68 0 192730
68 1 192809
69 0 192965
69 1 193008
32 0 193075
32 1 193145
70 0 195042
70 1 195093
82 0 195283
82 1 195316
73 0 195396
73 1 195455
71 0 195645
71 1 195713
190 0 196236
190 1 196306
32 0 197058
32 1 197118
20 0 199862
20 1 199946
78 0 202756
78 1 202807
20 0 202897
20 1 203000
189 0 203202
189 1 203263
8 0 203955
8 1 204086
8 0 204815
8 1 204892
20 0 209636
20 1 209700
76 0 209756
76 1 209824
20 0 209847
20 1 209945
65 0 210053
65 1 210140
32 0 210188
32 1 210256
65 0 210354
65 1 210442
67 0 210547
67 1 210608
69 0 210686
69 1 210755
65 0 210891
65 1 210979
83 0 211064
83 1 211134
84 0 211153
84 1 211205
65 0 211300
65 1 211387
32 0 211421
32 1 211490
68 0 211668
68 1 211729
65 0 211783
65 1 211861
84 0 211905
84 1 211984
65 0 212068
65 1 212139
32 0 213367
32 1 213427
67 0 213526
67 1 213596
85 0 213622
85 1 213682
32 0 213846
32 1 213907
84 0 213996
84 1 214084
79 0 214121
79 1 214191
84 0 214246
84 1 214306
73 0 214360
73 1 214419
73 0 214480
73 1 214540
32 0 214713
32 1 214774
78 0 214888
78 1 214940
69 0 215009
69 1 215087
189 0 215179
189 1 215240
65 0 215331
65 1 215401
77 0 215462
77 1 215523
32 0 215674
32 1 215752
65 0 215774
65 1 215861
83 0 215950
83 1 216028
84 0 216079
84 1 216149
69 0 216198
69 1 216285
80 0 216372
80 1 216451
84 0 217065
84 1 217117
65 0 217191
65 1 217269
32 0 217322
32 1 217382
83 0 217425
83 1 217495
65 0 217600
65 1 217670
32 0 217712
32 1 217763
70 0 217866
70 1 217945
73 0 217980
73 1 218059
69 0 218131
69 1 218200
32 0 218276
32 1 218327
67 0 218442
67 1 218512
65 0 218552
65 1 218639
84 0 218661
84 1 218731
32 0 218892
32 1 218961
77 0 219086
77 1 219156
65 0 219197
73 0 219277
65 1 219278
73 1 219337
32 0 219497
32 1 219549
77 0 219689
77 1 219749
85 0 219876
85 1 219928
76 0 220054
76 1 220132
84 0 220310
84 1 220371
65 0 220423
65 1 220510
32 0 220558
32 1 220628
90 0 220713
90 1 220783
65 0 220896
65 1 220993
80 0 221481
80 1 221551
65 0 221578
65 1 221675
68 0 221787
68 1 221875
65 0 222000
65 1 222078
32 0 225142
32 1 225203
83 0 225274
83 1 225343
73 0 225983
73 1 226044
32 0 226969
32 1 227039
8 0 227997
8 1 228058
8 0 228188
8 1 228249
8 0 228363
8 1 228413
8 0 228821
8 1 228899
188 0 230437
188 1 230478
32 0 230935
32 1 231004
73 0 231182
73 1 231252
78 0 231410
78 1 231480
83 0 231587
83 1 231683
65 0 231796
65 1 231857
32 0 231939
32 1 232008
78 0 235834
78 1 235911
85 0 236066
85 1 236134
32 0 236510
32 1 236578
8 0 237375
8 1 237445
8 0 237551
8 1 237621
8 0 237665
8 1 237743
65 0 239125
65 1 239214
78 0 239302
78 1 239381
84 0 239603
84 1 239663
8 0 239976
8 1 240037
79 0 240222
79 1 240291
84 0 240341
84 1 240412
73 0 240470
73 1 240531
77 0 240701
77 1 240761
80 0 240947
80 1 241018
85 0 241509
85 1 241580
82 0 241652
82 1 241711
73 0 241758
73 1 241818
76 0 241957
76 1 242017
69 0 242078
69 1 242155
32 0 242226
32 1 242295
78 0 243275
78 1 243345
85 0 243479
85 1 243540
32 0 243699
32 1 243750
77 0 243883
77 1 243942
65 0 243976
65 1 244054
73 0 244118
73 1 244178
32 0 244364
32 1 244434
83 0 244512
83 1 244590
85 0 244626
85 1 244713
78 0 244867
78 1 244936
84 0 244994
84 1 245072
32 0 245162
32 1 245231
65 0 245640
65 1 245737
83 0 245831
83 1 245900
65 0 246002
65 1 246080
32 0 246131
32 1 246201
67 0 246348
67 1 246427
85 0 246480
85 1 246548
77 0 246700
77 1 246770
32 0 246883
32 1 246953
76 0 247095
76 1 247155
69 0 247179
69 1 247258
32 0 247334
32 1 247404
83 0 247429
83 1 247508
84 0 247661
84 1 247748
73 0 247948
73 1 248045
65 0 248083
65 1 248171
77 0 248261
77 1 248321
32 0 248484
32 1 248563
79 0 249142
79 1 249221
68 0 249253
68 1 249312
65 0 249426
65 1 249505
84 0 249542
84 1 249611
65 0 249692
65 1 249771
190 0 250587
190 1 250656
32 0 250842
32 1 250911
20 0 251052
20 1 251133
67 0 251252
67 1 251340
20 0 251428
20 1 251523
65 0 251608
65 1 251687
84 0 251730
84 1 251764
32 0 251936
32 1 252006
80 0 252476
80 1 252544
82 0 252604
82 1 252674
73 0 252728
73 1 252798
86 0 252990
86 1 253060
69 0 253090
69 1 253168
83 0 253280
83 1 253368
84 0 253397
84 1 253466
69 0 253514
69 1 253574
32 0 253640
32 1 253701
86 0 253827
86 1 253888
82 0 254042
82 1 254121
69 0 254165
69 1 254235
77 0 254401
77 1 254453
69 0 254580
69 1 254650
65 0 254807
65 1 254894
32 0 254954
32 1 255014
69 0 255406
69 1 255475
8 0 255718
8 1 255788
8 0 255854
8 1 255906
32 0 256318
32 1 256387
80 0 256572
80 1 256624
69 0 256666
69 1 256771
82 0 256876
82 1 256957
70 0 257057
70 1 257116
69 0 257154
69 1 257215
67 0 257267
67 1 257336
84 0 257456
84 1 257534
65 0 257586
65 1 257646
32 0 257761
32 1 257822
80 0 258213
80 1 258291
69 0 258355
69 1 258424
78 0 258513
78 1 258583
84 0 258747
84 1 258844
82 0 258983
82 1 259025
85 0 259057
85 1 259127
32 0 259331
32 1 259400
77 0 259890
77 1 259959
73 0 260096
73 1 260157
78 0 260355
78 1 260416
69 0 260482
69 1 260551
188 0 264433
188 1 264494
32 0 264635
32 1 264704
67 0 264762
67 1 264838
79 0 264888
79 1 264949
78 0 265101
78 1 265179
83 0 265228
83 1 265296
73 0 265360
73 1 265429
68 0 265558
68 1 265619
69 0 265735
69 1 265794
82 0 265915
82 1 265994
32 0 266048
32 1 266116
67 0 266235
67 1 266320
65 0 266545
65 1 266595
32 0 266726
32 1 266805
65 0 272317
65 1 272395
67 0 272479
67 1 272549
69 0 272653
69 1 272696
69 0 272768
69 1 272829
65 0 272977
65 1 273056
32 0 273204
32 1 273272
65 0 273435
65 1 273522
82 0 273702
82 1 273781
32 0 273936
32 1 274024
70 0 274396
70 1 274457
73 0 274540
73 1 274601
32 0 274821
32 1 274890
68 0 275959
68 1 276011
69 0 276127
69 1 276206
83 0 276386
83 1 276438
67 0 276511
67 1 276579
82 0 276719
82 1 276807
73 0 276869
73 1 276947
83 0 277041
83 1 277111
65 0 277254
65 1 277298
32 0 277357
32 1 277406
65 0 277684
65 1 277754
83 0 277849
83 1 277928
65 0 278034
65 1 278112
16 0 278152
186 0 278406
186 1 278494
16 1 278540
32 0 278762
32 1 278831
78 0 279220
78 1 279271
73 0 279419
73 1 279489
67 0 279547
67 1 279625
73 0 279671
73 1 279732
32 0 279951
32 1 280021
8 0 280374
8 1 280453
8 0 280555
8 1 280615
8 0 280721
8 1 280782
8 0 280872
8 1 280933
8 0 281018
8 1 281069
73 0 282586
73 1 282646
65 0 282737
65 1 282817
82 0 283018
82 1 283081
78 0 283264
78 1 283333
65 0 283377
65 1 283455
32 0 283530
32 1 283582
83 0 283603
83 1 283680
65 0 283790
65 1 283860
32 0 283936
32 1 283988
70 0 284095
70 1 284164
73 0 284232
73 1 284292
69 0 284397
69 1 284476
32 0 284570
32 1 284640
73 0 285113
73 1 285174
65 0 285221
65 1 285300
82 0 285402
82 1 285472
78 0 285672
78 1 285751
65 0 285793
65 1 285880
16 0 287456
57 0 287692
57 1 287797
16 1 287835
90 0 287990
90 1 288114
65 0 288237
65 1 288325
80 0 288483
80 1 288544
65 0 288626
65 1 288714
68 0 288863
68 1 288924
65 0 288977
65 1 289056
32 0 289123
32 1 289183
77 0 289646
77 1 289715
85 0 289854
85 1 289906
76 0 290067
76 1 290128
84 0 290314
84 1 290375
65 0 290431
65 1 290518
16 0 290639
48 0 290920
48 1 290999
16 1 291037
32 0 291281
32 1 291367
8 0 292089
8 1 292141
188 0 292395
188 1 292447
32 0 292630
32 1 292700
66 0 292847
86 0 292848
86 1 292880
66 1 292906
65 0 292958
65 1 293046
8 0 293337
8 1 293389
8 0 293473
8 1 293560
8 0 293637
8 1 293707
86 0 294075
86 1 294136
65 0 294171
65 1 294259
82 0 294292
82 1 294353
65 0 294412
65 1 294491
32 0 294537
32 1 294607
83 0 294635
83 1 294714
65 0 294826
65 1 294905
32 0 294948
32 1 295009
73 0 295221
73 1 295282
8 0 295583
8 1 295661
70 0 295798
70 1 295877
73 0 295929
73 1 295999
69 0 296058
69 1 296136
32 0 296232
32 1 296302
86 0 296442
86 1 296512
65 0 296560
65 1 296639
82 0 296689
82 1 296768
65 0 296853
65 1 296922
16 0 297487
57 0 297795
57 1 297891
16 1 298019
83 0 299085
83 1 299163
79 0 299182
79 1 299242
65 0 299325
65 1 299413
82 0 299467
82 1 299518
69 0 299617
69 1 299651
32 0 299731
32 1 299800
83 0 299959
83 1 300011
73 0 300064
73 1 300152
32 0 300394
32 1 300463
16 0 301419
16 0 301917
16 0 301950
16 0 301983
16 0 302015
16 0 302048
16 0 302081
16 0 302114
16 0 302147
16 0 302180
16 0 302213
16 0 302245
187 0 302273
187 1 302342
16 1 302380
50 0 303091
50 1 303172
57 0 303219
57 1 303268
32 0 303794
32 1 303862
71 0 304312
71 1 304370
82 0 304507
82 1 304573
65 0 304574
65 1 304659
68 0 304733
68 1 304776
69 0 304852
69 1 304921
16 0 305339
48 0 305665
48 1 305753
16 1 305815
190 0 306496
190 1 306581
32 0 307217
32 1 307287
8 0 319434
8 1 319538
8 0 319644
8 1 319694
32 0 320568
32 1 320646
73 0 320892
73 1 320980
65 0 321008
65 1 321077
82 0 321247
82 1 321335
32 0 321393
32 1 321454
68 0 321498
68 1 321568
65 0 321692
65 1 321762
67 0 322114
67 1 322165
65 0 322281
65 1 322350
32 0 322450
32 1 322529
65 0 322623
65 1 322692
82 0 322744
82 1 322813
32 0 322962
32 1 323041
70 0 323103
70 1 323173
73 0 323251
73 1 323293
32 0 323460
32 1 323539
83 0 323602
83 1 323636
65 0 323765
65 1 323799
32 0 323905
32 1 323966
65 0 324047
65 1 324134
76 0 324242
76 1 324285
69 0 324395
69 1 324482
70 0 324647
70 1 324726
32 0 324862
32 1 324931
79 0 325133
79 1 325175
8 0 325522
8 1 325601
8 0 325685
8 1 325754
8 0 325820
8 1 325871
71 0 325917
71 1 325978
32 0 326115
32 1 326176
79 0 326355
79 1 326416
32 0 326618
32 1 326687
76 0 326847
76 1 326899
85 0 327641
85 1 327693
78 0 327825
78 1 327900
65 0 327900
65 1 327987
32 0 328036
32 1 328097
68 0 328123
68 1 328193
73 0 328268
73 1 328337
78 0 328489
78 1 328550
32 0 328684
32 1 328763
65 0 328871
65 1 328941
78 0 328978
78 1 329048
32 0 329201
32 1 329271
67 0 329572
67 1 329650
85 0 329705
85 1 329793
32 0 331156
32 1 331217
84 0 332537
84 1 332598
69 0 332677
69 1 332738
77 0 332886
77 1 332938
8 0 333387
8 1 333457
8 0 333554
8 1 333615
8 0 333694
8 1 333745
86 0 334264
86 1 334325
82 0 334470
82 1 334531
69 0 334588
69 1 334659
77 0 334731
77 1 334820
69 0 334861
69 1 334928
65 0 335066
65 1 335134
32 0 335213
32 1 335271
80 0 335648
80 1 335718
69 0 335772
69 1 335833
82 0 335943
82 1 336021
70 0 336214
70 1 336284
69 0 336343
69 1 336403
67 0 336432
67 1 336492
84 0 336629
84 1 336717
65 0 336771
65 1 336831
188 0 338662
188 1 338741
32 0 338869
32 1 338948
69 0 339041
69 1 339075
73 0 339112
73 1 339172
32 0 339318
32 1 339388
66 0 339500
66 1 339552
73 0 339698
73 1 339759
78 0 339888
78 1 339948
69 0 340011
69 1 340071
188 0 340131
188 1 340201
32 0 340365
32 1 340435
65 0 340491
65 1 340578
67 0 340737
67 1 340807
69 0 341028
69 1 341106
69 0 341465
69 1 341517
65 0 341698
65 1 341777
32 0 341835
32 1 341914
65 0 341984
65 1 342045
82 0 342252
82 1 342312
32 0 342427
32 1 342515
70 0 342874
70 1 342943
73 0 342989
73 1 343050
32 0 343220
32 1 343298
20 0 343368
20 1 343447
73 0 343511
73 1 343581
20 0 343636
20 1 343741
85 0 343800
85 1 343870
78 0 344045
78 1 344105
73 0 344240
73 1 344310
69 0 344369
69 1 344439
190 0 345187
190 1 345257
20 0 389239
20 1 389331
90 0 389486
90 1 389547
20 0 389609
20 1 389720
73 0 389794
73 1 389863
85 0 389967
85 1 390018
65 0 390068
65 1 390146
32 0 390257
32 1 390318
73 0 390797
73 1 390857
68 0 390909
68 1 390988
69 0 391124
69 1 391176
69 0 391251
69 1 391311
65 0 391531
65 1 391600
8 0 392166
8 1 392263
8 0 392334
8 1 392412
65 0 393049
65 1 393128
76 0 393174
76 1 393261
65 0 393613
65 1 393690
32 0 393766
32 1 393845
69 0 395868
69 1 395964
83 0 396129
83 1 396208
84 0 396235
84 1 396339
69 0 396411
69 1 396489
32 0 396566
32 1 396642
65 0 396724
65 1 396829
83 0 396932
83 1 397011
65 0 397125
65 1 397203
16 0 397257
186 0 397377
186 1 397473
16 1 397493
32 0 397677
32 1 397746
68 0 399067
68 1 399145
73 0 399179
73 1 399231
77 0 399378
77 1 399447
73 0 399560
73 1 399620
78 0 399753
78 1 399839
69 0 399839
69 1 399899
65 0 400014
65 1 400102
84 0 400797
84 1 400865
65 0 400954
65 1 401033
32 0 401109
32 1 401177
83 0 403827
83 1 403897
65 0 403999
65 1 404051
32 0 404104
32 1 404155
73 0 404304
73 1 404365
78 0 404492
78 1 404543
67 0 404719
67 1 404780
69 0 404843
69 1 404913
65 0 405071
65 1 405148
80 0 405182
80 1 405261
65 0 405333
65 1 405402
32 0 405495
32 1 405565
76 0 405713
76 1 405781
65 0 405852
65 1 405922
32 0 406025
32 1 406084
79 0 406909
79 1 406961
82 0 407050
82 1 407101
65 0 407282
65 1 407378
32 0 407434
32 1 407503
55 0 407879
55 1 407941
32 0 408654
32 1 408732
189 0 408794
189 1 408856
32 0 409468
32 1 409518
55 0 409678
55 1 409747
16 0 410030
186 0 410249
186 1 410346
16 1 410374
51 0 410716
51 1 410784
48 0 410858
48 1 410892
188 0 412723
188 1 412791
32 0 412973
32 1 413043
67 0 413158
67 1 413245
65 0 413405
65 1 413457
70 0 413512
70 1 413573
69 0 413663
69 1 413705
65 0 413844
65 1 413906
85 0 413960
85 1 414030
65 0 414082
65 1 414144
32 0 414242
32 1 414311
83 0 414368
83 1 414455
65 0 414571
65 1 414649
32 0 414729
32 1 414798
70 0 415065
70 1 415126
73 0 415211
73 1 415280
69 0 415360
69 1 415457
32 0 415526
32 1 415594
66 0 415967
66 1 416028
65 0 416070
65 1 416141
85 0 416197
85 1 416267
84 0 416424
84 1 416494
65 0 416555
65 1 416650
32 0 421224
32 1 421284
73 0 421464
73 1 421534
77 0 421671
77 1 421739
80 0 421857
80 1 421926
82 0 421984
82 1 422044
69 0 422164
69 1 422225
85 0 422264
85 1 422316
78 0 422462
78 1 422523
65 0 422570
65 1 422639
32 0 422695
32 1 422764
67 0 422943
67 1 423004
85 0 423037
85 1 423099
32 0 423290
32 1 423348
78 0 423493
78 1 423536
73 0 423670
73 1 423741
83 0 423832
83 1 423918
69 0 424130
69 1 424209
8 0 424616
8 1 424696
84 0 424928
84 1 424988
69 0 425048
69 1 425108
32 0 425169
32 1 425237
80 0 425409
80 1 425469
82 0 425540
82 1 425602
73 0 425653
73 1 425715
69 0 425759
69 1 425829
84 0 425903
84 1 425975
69 0 426028
69 1 426099
78 0 426165
78 1 426235
73 0 426362
73 1 426431
32 0 426594
32 1 426665
65 0 427239
65 1 427320
80 0 427398
80 1 427467
82 0 427624
82 1 427658
79 0 427715
79 1 427774
80 0 427892
80 1 427954
73 0 428099
73 1 428169
65 0 428225
65 1 428296
90 0 428478
90 1 428565
8 0 428809
8 1 428896
84 0 429117
84 1 429187
73 0 429221
73 1 429290
32 0 429470
32 1 429539
83 0 429588
83 1 429658
65 0 429765
65 1 429826
85 0 429852
85 1 429913
32 0 430105
32 1 430166
67 0 430228
67 1 430298
85 0 430351
85 1 430412
32 0 430669
32 1 430739
70 0 430844
70 1 430905
65 0 431064
65 1 431151
77 0 431304
77 1 431365
73 0 431518
73 1 431570
76 0 431734
76 1 431813
73 0 431944
73 1 432004
65 0 432067
65 1 432146
188 0 432937
188 1 433006
32 0 433184
32 1 433253
65 0 436958
65 1 437045
80 0 437100
80 1 437169
79 0 437277
79 1 437336
73 0 437434
73 1 437486
32 0 437694
32 1 437771
83 0 437873
83 1 437951
65 0 438062
65 1 438114
32 0 438190
32 1 438259
85 0 438482
85 1 438551
82 0 438722
82 1 438765
77 0 438846
77 1 438925
69 0 439011
69 1 439106
90 0 439273
90 1 439352
69 0 439531
69 1 439602
32 0 439658
32 1 439736
77 0 441758
77 1 441827
73 0 441943
73 1 442003
78 0 442139
78 1 442199
73 0 442310
73 1 442371
77 0 442521
77 1 442572
32 0 442707
32 1 442775
51 0 442887
51 1 442975
48 0 443052
48 1 443103
32 0 443476
32 1 443545
68 0 443628
68 1 443705
69 0 443828
69 1 443896
32 0 443960
32 1 444018
77 0 444235
77 1 444314
73 0 444847
73 1 444915
78 0 445056
78 1 445125
85 0 445220
85 1 445280
84 0 445415
84 1 445466
69 0 445533
69 1 445604
32 0 445693
32 1 445752
65 0 448309
65 1 448395
76 0 448501
76 1 448588
79 0 448699
79 1 448761
67 0 448833
67 1 448903
65 0 449064
65 1 449142
84 0 449444
84 1 449532
69 0 449595
69 1 449646
32 0 449713
32 1 449799
83 0 449951
83 1 450030
80 0 450151
80 1 450239
79 0 450339
79 1 450400
82 0 450482
82 1 450570
84 0 450692
84 1 450762
85 0 450783
85 1 450853
76 0 450993
76 1 451080
85 0 451225
85 1 451276
73 0 451367
73 1 451443
32 0 451646
32 1 451723
80 0 452470
80 1 452537
69 0 452605
69 1 452665
78 0 452735
78 1 452813
84 0 452905
84 1 452986
85 0 453225
85 1 453275
8 0 453670
8 1 453756
82 0 453839
82 1 453907
85 0 453987
85 1 454057
32 0 454259
32 1 454337
65 0 454413
65 1 454474
32 0 454540
32 1 454609
73 0 454775
73 1 454836
78 0 454988
78 1 455048
67 0 455207
67 1 455277
69 0 455346
69 1 455405
69 0 455649
69 1 455700
8 0 456295
8 1 456363
80 0 456536
80 1 456588
69 0 456654
69 1 456714
32 0 456815
32 1 456892
90 0 456969
90 1 457047
73 0 457099
73 1 457169
85 0 457266
85 1 457317
65 0 457363
65 1 457433
32 0 457521
32 1 457590
67 0 457655
67 1 457734
85 0 457783
85 1 457844
32 0 458012
32 1 458091
77 0 458398
77 1 458468
85 0 458594
85 1 458654
76 0 458784
76 1 458845
84 0 459034
84 1 459085
65 0 459142
65 1 459229
32 0 459316
32 1 459375
69 0 461460
69 1 461538
78 0 461576
78 1 461653
69 0 461691
69 1 461761
82 0 461866
82 1 461943
71 0 461992
71 1 462043
69 0 462122
69 1 462191
8 0 463720
8 1 463789
73 0 464008
73 1 464078
69 0 464198
69 1 464268
32 0 464327
32 1 464394
83 0 464515
83 1 464576
73 0 464625
73 1 464686
32 0 464897
32 1 464976
73 0 466189
73 1 466230
77 0 466454
77 1 466514
80 0 466660
80 1 466719
76 0 466839
76 1 466889
73 0 467006
73 1 467066
78 0 467690
78 1 467767
73 0 467874
73 1 467961
82 0 468070
82 1 468148
69 0 468264
69 1 468334
190 0 474655
190 1 474742
32 0 475539
32 1 475608
20 0 476023
20 1 476097
76 0 476155
76 1 476233
20 0 476280
20 1 476354
85 0 476390
85 1 476459
67 0 476655
67 1 476723
82 0 476838
82 1 476924
65 0 476925
65 1 477009
78 0 477102
78 1 477180
68 0 477221
68 1 477290
32 0 477374
32 1 477444
68 0 477578
68 1 477657
69 0 477817
69 1 477887
32 0 478001
32 1 478080
65 0 478723
65 1 478802
67 0 479148
67 1 479218
65 0 479255
65 1 479344
83 0 479416
83 1 479504
65 0 479622
65 1 479709
32 0 479798
32 1 479867
83 0 481175
83 1 481253
73 0 481283
73 1 481342
32 0 481474
32 1 481562
65 0 481562
65 1 481649
86 0 481690
86 1 481743
65 0 481789
65 1 481858
78 0 481925
78 1 481985
68 0 482038
68 1 482107
32 0 482178
32 1 482248
80 0 484788
80 1 484857
65 0 484881
65 1 484968
85 0 485038
85 1 485108
90 0 485274
90 1 485343
65 0 485862
65 1 485948
32 0 485990
32 1 486066
76 0 486207
76 1 486276
65 0 486310
65 1 486389
32 0 486459
32 1 486529
65 0 486580
65 1 486668
80 0 486957
80 1 487026
82 0 487274
82 1 487353
79 0 487406
79 1 487476
88 0 487674
88 1 487743
73 0 487838
73 1 487925
77 0 488340
77 1 488408
65 0 488456
65 1 488542
84 0 488624
84 1 488701
73 0 488864
73 1 488924
86 0 489028
86 1 489095
32 0 489177
32 1 489247
49 0 490028
49 1 490115
49 0 490218
49 1 490288
16 0 490414
186 0 490587
186 1 490692
16 1 490714
51 0 490993
51 1 491061
48 0 491135
48 1 491177
32 0 492344
32 1 492404
8 0 493428
8 1 493506
188 0 495225
188 1 495275
32 0 495459
32 1 495544
77 0 495905
77 1 495965
73 0 496072
73 1 496141
189 0 496275
189 1 496344
65 0 496385
65 1 496472
83 0 496568
83 1 496655
32 0 496688
32 1 496767
68 0 496886
68 1 496965
79 0 497009
79 1 497079
82 0 497144
82 1 497223
73 0 497257
73 1 497327
16 0 498139
57 0 498528
57 1 498634
16 1 498672
83 0 499136
83 1 499212
69 0 499320
69 1 499388
32 0 499408
32 1 499469
73 0 499612
73 1 499664
78 0 499788
78 1 499849
84 0 499983
84 1 500052
65 0 500104
65 1 500183
77 0 500230
77 1 500299
80 0 500430
80 1 500481
76 0 500621
76 1 500693
65 0 500795
65 1 500864
32 0 501365
32 1 501425
68 0 501509
68 1 501561
69 0 501683
69 1 501735
83 0 501874
83 1 501953
16 0 502164
48 0 502544
48 1 502632
16 1 502670
32 0 502891
32 1 502933
83 0 503025
83 1 503113
65 0 503475
65 1 503554
32 0 503596
32 1 503656
77 0 503796
77 1 503856
69 0 503923
69 1 503983
82 0 504081
71 0 504176
82 1 504177
71 1 504218
32 0 504361
32 1 504422
76 0 504577
76 1 504638
65 0 504684
65 1 504753
32 0 504841
32 1 504902
73 0 505108
73 1 505196
78 0 505345
78 1 505405
67 0 505564
67 1 505634
65 0 505698
65 1 505777
32 0 505811
32 1 505872
85 0 506025
85 1 506094
78 0 506225
78 1 506286
32 0 506392
32 1 506461
67 0 506595
67 1 506646
69 0 506700
69 1 506779
65 0 506920
65 1 507007
73 0 507057
73 1 507127
188 0 507745
188 1 507806
32 0 507966
32 1 508036
67 0 508650
67 1 508729
73 0 508746
73 1 508816
79 0 508912
79 1 508982
67 0 509042
67 1 509121
79 0 509357
79 1 509427
76 0 509590
76 1 509651
65 0 509701
65 1 509780
84 0 510702
84 1 510772
65 0 510837
65 1 510907
32 0 510987
32 1 511064
67 0 511196
67 1 511256
65 0 511331
65 1 511401
76 0 511571
76 1 511677
68 0 511802
68 1 511863
65 0 511998
65 1 512085
16 0 512718
16 0 513213
16 0 513246
16 0 513279
16 0 513311
16 0 513344
16 1 513377
32 0 515058
32 1 515136
67 0 515251
67 1 515311
85 0 515341
85 1 515403
32 0 515599
32 1 515668
65 0 515919
65 1 515980
78 0 516009
78 1 516069
85 0 516196
85 1 516248
77 0 516395
77 1 516456
73 0 516564
73 1 516634
84 0 516743
84 1 516768
73 0 516815
73 1 516884
32 0 517080
32 1 517140
80 0 517336
80 1 517415
82 0 518090
82 1 518160
73 0 518204
73 1 518274
69 0 518331
69 1 518410
84 0 518478
84 1 518530
69 0 518595
69 1 518665
78 0 518724
78 1 518776
73 0 518927
73 1 518987
32 0 519171
32 1 519239
83 0 519321
83 1 519382
73 0 519432
73 1 519493
32 0 519649
32 1 519742
67 0 519742
67 1 519829
85 0 519904
85 1 519964
78 0 520119
78 1 520189
79 0 520312
79 1 520391
83 0 520850
83 1 520925
84 0 520942
84 1 521011
73 0 521154
73 1 521213
78 0 521372
78 1 521433
84 0 521875
84 1 521944
69 0 522073
69 1 522151
190 0 524145
190 1 524206
32 0 524435
32 1 524504
20 0 527591
20 1 527701
85 0 527762
85 1 527823
20 0 527863
20 1 527955
8 0 528263
8 1 528350
20 0 529431
20 1 529516
85 0 529549
85 1 529626
20 0 529628
20 1 529730
82 0 529880
82 1 529968
77 0 530011
77 1 530097
69 0 530181
69 1 530268
65 0 530472
65 1 530541
90 0 530711
90 1 530799
65 0 530943
65 1 531050
32 0 540970
32 1 541048
85 0 546424
85 1 546493
82 0 546553
82 1 546640
77 0 546722
77 1 546774
69 0 546855
69 1 546943
65 0 547100
65 1 547160
90 0 547303
90 1 547382
65 0 547480
65 1 547549
32 0 547597
32 1 547676
8 0 551187
8 1 551300
8 0 551403
8 1 551473
8 0 551581
8 1 551650
8 0 551736
8 1 551797
8 0 551887
8 1 551948
8 0 552055
8 1 552125
8 0 552233
8 1 552303
8 0 552403
8 1 552474
8 0 552754
8 1 552815
188 0 558163
188 1 558223
32 0 558349
32 1 558419
73 0 558562
73 1 558622
65 0 558672
65 1 558751
82 0 558808
82 1 558869
32 0 559030
32 1 559099
68 0 559165
68 1 559235
85 0 559272
85 1 559332
80 0 559483
80 1 559552
65 0 559622
65 1 559700
32 0 559782
32 1 559843
77 0 561053
77 1 561132
73 0 561238
73 1 561317
67 0 561371
67 1 561441
85 0 561484
85 1 561536
76 0 561690
76 1 561760
32 0 562507
32 1 562593
68 0 562659
68 1 562720
69 0 562858
69 1 562918
74 0 562963
74 1 563032
85 0 563132
85 1 563184
78 0 563355
78 1 563416
32 0 566550
32 1 566627
65 0 567089
65 1 567173
80 0 567216
80 1 567275
79 0 567381
79 1 567432
73 0 567538
73 1 567588
32 0 567752
32 1 567830
79 0 568625
79 1 568695
70 0 568769
82 0 568803
82 1 568837
70 1 568862
8 0 569554
8 1 569623
8 0 569693
8 1 569762
82 0 569800
82 1 569887
65 0 570055
65 1 570143
32 0 570184
32 1 570253
80 0 570598
80 1 570685
82 0 570825
82 1 570859
65 0 571175
65 1 571245
78 0 571311
78 1 571380
90 0 571534
90 1 571604
73 0 571710
73 1 571807
85 0 571959
85 1 572029
8 0 572558
8 1 572635
8 0 572710
8 1 572770
85 0 572933
85 1 573009
76 0 573141
76 1 573226
85 0 573351
85 1 573412
73 0 573502
73 1 573580
32 0 576474
32 1 576551
8 0 578606
8 1 578675
188 0 578890
188 1 578940
32 0 579071
32 1 579140
73 0 579309
73 1 579387
65 0 579445
65 1 579532
82 0 579773
82 1 579870
32 0 579904
32 1 579982
90 0 580558
90 1 580645
73 0 580702
73 1 580790
85 0 580898
85 1 580959
65 0 581020
65 1 581098
32 0 581182
32 1 581252
68 0 581406
68 1 581440
8 0 581795
8 1 581883
83 0 581927
83 1 582015
69 0 582159
87 0 582160
69 1 582209
87 1 582210
32 0 582256
32 1 582317
8 0 582713
8 1 582783
8 0 582870
8 1 582949
32 0 583232
32 1 583293
73 0 583482
73 1 583542
78 0 583682
78 1 583752
67 0 583804
67 1 583892
72 0 583909
72 1 583979
69 0 584060
69 1 584139
73 0 584183
73 1 584244
69 0 584308
69 1 584387
32 0 584460
32 1 584538
67 0 584666
67 1 584754
85 0 584793
85 1 584871
32 0 585039
32 1 585109
67 0 585188
67 1 585258
73 0 585290
73 1 585360
78 0 585491
78 1 585552
65 0 585761
65 1 585813
32 0 585880
32 1 585959
83 0 586023
83 1 586093
73 0 586174
73 1 586244
32 0 586701
32 1 586762
65 0 589341
65 1 589419
80 0 589461
80 1 589530
79 0 589631
79 1 589692
73 0 589796
73 1 589856
32 0 590027
32 1 590097
8 0 590488
8 1 590548
8 0 590644
8 1 590704
8 0 590792
8 1 590862
8 0 590960
8 1 591012
8 0 591103
8 1 591163
80 0 591484
80 1 591553
69 0 591599
69 1 591687
32 0 591743
32 1 591822
85 0 591985
85 1 592045
82 0 592330
82 1 592399
77 0 592455
77 1 592534
65 0 592654
65 1 592742
32 0 592802
32 1 592863
67 0 595393
67 1 595462
85 0 595512
85 1 595573
32 0 595747
32 1 595825
85 0 596042
85 1 596111
82 0 596220
82 1 596298
77 0 596346
77 1 596416
65 0 596491
65 1 596551
82 0 596734
82 1 596803
73 0 596835
73 1 596913
82 0 597172
82 1 597241
69 0 597375
69 1 597436
65 0 597785
65 1 597837
32 0 597924
32 1 597994
85 0 598139
85 1 598200
78 0 598328
78 1 598389
85 0 598498
85 1 598549
73 0 598650
73 1 598720
32 0 598897
32 1 598976
83 0 599103
83 1 599172
69 0 599283
69 1 599371
82 0 599486
82 1 599556
73 0 599634
73 1 599695
65 0 599775
65 1 599844
76 0 599898
76 1 599959
32 0 600162
32 1 600232
66 0 600644
66 1 600705
85 0 600861
85 1 600922
78 0 601255
78 1 601370
32 0 601534
32 1 601612
83 0 601674
83 1 601762
65 0 601890
65 1 601960
85 0 602005
85 1 602084
32 0 602925
32 1 603004
67 0 603595
67 1 603647
85 0 603664
85 1 603733
32 0 603912
32 1 603991
73 0 604296
73 1 604348
78 0 604501
78 1 604562
84 0 604720
84 1 604790
65 0 604845
65 1 604932
76 0 605014
76 1 605075
78 0 605241
78 1 605302
73 0 605433
73 1 605511
82 0 605569
82 1 605647
69 0 605783
69 1 605835
32 0 606197
32 1 606267
8 0 606670
8 1 606757
65 0 606792
65 1 606862
32 0 607074
32 1 607144
67 0 607492
67 1 607570
85 0 607590
85 1 607651
32 0 607793
32 1 607882
80 0 608036
80 1 608106
82 0 608135
82 1 608214
73 0 608261
73 1 608330
69 0 608369
69 1 608448
84 0 608544
84 1 608632
69 0 608699
69 1 608778
78 0 608838
78 1 608908
73 0 609044
73 1 609105
32 0 609299
32 1 609377
80 0 609532
80 1 609593
69 0 609633
69 1 609711
78 0 609817
78 1 609896
84 0 610096
84 1 610157
82 0 610204
82 1 610256
85 0 610295
85 1 610356
32 0 610520
32 1 610580
65 0 610659
65 1 610711
32 0 610788
32 1 610848
74 0 611012
74 1 611073
85 0 611166
85 1 611227
67 0 611380
67 1 611423
65 0 611500
65 1 611570
32 0 611620
32 1 611698
70 0 612057
70 1 612118
69 0 612203
69 1 612264
76 0 612356
76 1 612426
32 0 612657
32 1 612735
83 0 612869
83 1 612948
73 0 612981
73 1 613051
32 0 613211
32 1 613290
70 0 613431
70 1 613519
69 0 613603
69 1 613654
188 0 613754
188 1 613780
8 0 614375
8 1 614463
76 0 614657
76 1 614718
32 0 614874
32 1 614944
68 0 614999
68 1 615068
69 0 615176
69 1 615236
32 0 615282
32 1 615351
74 0 615734
74 1 615804
79 0 615911
79 1 615990
67 0 616072
67 1 616124
85 0 616215
85 1 616302
82 0 616475
82 1 616544
73 0 616598
73 1 616677
190 0 618028
190 1 618098
20 0 732085
20 1 732173
79 0 732233
79 1 732303
20 0 732343
20 1 732437
32 0 732512
32 1 732582
8 0 733261
8 1 733331
8 0 733422
8 1 733482
8 0 733576
8 1 733636
32 0 734619
32 1 734680
8 0 737019
8 1 737152
9 0 737452
9 1 737538
20 0 746065
20 1 746157
67 0 746278
67 1 746366
20 0 746466
20 1 746548
79 0 746581
79 1 746641
78 0 746810
78 1 746879
83 0 746938
83 1 747007
73 0 747063
73 1 747150
68 0 747241
68 1 747320
69 0 747452
69 1 747522
82 0 747646
82 1 747733
32 0 747806
32 1 747885
67 0 747993
67 1 748045
65 0 748183
65 1 748261
32 0 748325
32 1 748394
83 0 748540
83 1 748602
73 0 748685
73 1 748754
77 0 748941
77 1 749011
8 0 749401
8 1 749470
83 0 749537
83 1 749606
84 0 749776
84 1 749837
69 0 749961
69 1 750039
77 0 750103
77 1 750183
85 0 750329
85 1 750380
76 0 750560
76 1 750612
32 0 750809
32 1 750869
69 0 751599
69 1 751678
68 0 751809
68 1 751861
85 0 751941
85 1 752053
67 0 752054
67 1 752122
65 0 752249
65 1 752338
84 0 752360
84 1 752430
73 0 752576
73 1 752627
79 0 752732
79 1 752802
78 0 752956
78 1 753016
65 0 753055
65 1 753134
76 0 753252
76 1 753313
32 0 753499
32 1 753559
68 0 753643
68 1 753704
73 0 753764
73 1 753842
78 0 753981
78 1 754050
32 0 754180
32 1 754247
20 0 754763
20 1 754847
82 0 755002
82 1 755081
20 0 755211
20 1 755305
79 0 755335
79 1 755387
77 0 755600
77 1 755663
65 0 755911
65 1 755972
73 0 756074
73 1 756107
8 0 756410
8 1 756462
78 0 756674
78 1 756744
73 0 756866
73 1 756926
65 0 756978
65 1 757047
32 0 757151
32 1 757202
83 0 757264
83 1 757362
69 0 757471
69 1 757542
32 0 757590
32 1 757667
66 0 758054
66 1 758115
65 0 758162
65 1 758239
90 0 758422
90 1 758545
69 0 758678
69 1 758784
65 0 758986
65 1 759065
90 0 759975
90 1 760063
65 0 760193
65 1 760253
32 0 760310
32 1 760379
68 0 760457
68 1 760518
79 0 760594
79 1 760673
65 0 760736
65 1 760814
82 0 760961
82 1 761040
32 0 761085
32 1 761145
80 0 761334
80 1 761395
69 0 761451
69 1 761520
32 0 761634
32 1 761694
20 0 762830
20 1 762905
78 0 762961
78 1 763030
79 0 763184
79 1 763255
84 0 763427
84 1 763486
69 0 763563
69 1 763616
76 0 763733
76 1 763811
69 0 763893
69 1 763972
32 0 764217
32 1 764286
20 0 764352
20 1 764442
80 0 764606
80 1 764676
82 0 764734
82 1 764821
73 0 764867
73 1 764937
77 0 765102
77 1 765163
73 0 765267
73 1 765319
84 0 765492
84 1 765544
69 0 765620
69 1 765681
32 0 765762
32 1 765830
76 0 765981
76 1 766043
65 0 766093
65 1 766163
32 0 766260
32 1 766320
69 0 768401
69 1 768479
88 0 768676
88 1 768736
65 0 768936
65 1 769005
77 0 769676
77 1 769745
69 0 769807
69 1 769850
78 0 769934
78 1 769986
69 0 770048
69 1 770109
32 0 770184
32 1 770245
83 0 770319
83 1 770380
73 0 770447
73 1 770516
32 0 770707
32 1 770775
68 0 772925
68 1 773004
79 0 773052
79 1 773111
65 0 773199
65 1 773259
82 0 773435
82 1 773487
32 0 773674
32 1 773742
76 0 773937
76 1 773989
65 0 774059
65 1 774128
32 0 774231
32 1 774282
67 0 774566
67 1 774645
85 0 774741
85 1 774812
77 0 775791
77 1 775852
32 0 776011
32 1 776089
65 0 776488
65 1 776558
80 0 776615
80 1 776676
65 0 776728
65 1 776807
82 0 776937
82 1 777006
32 0 777190
32 1 777266
85 0 777427
85 1 777481
78 0 777621
78 1 777690
73 0 777823
73 1 777884
73 0 777958
73 1 778017
32 0 778179
32 1 778248
69 0 778305
69 1 778374
76 0 779016
76 1 779104
69 0 779200
69 1 779251
86 0 779359
86 1 779428
73 0 779626
73 1 779686
32 0 779841
32 1 779909
73 0 780066
73 1 780126
78 0 780262
78 1 780323
32 0 780433
32 1 780501
70 0 780654
70 1 780724
65 0 780764
65 1 780844
84 0 780899
84 1 780977
65 0 781041
65 1 781111
32 0 781174
32 1 781242
65 0 781749
65 1 781829
76 0 781893
76 1 781990
84 0 782155
84 1 782243
79 0 782295
79 1 782364
82 0 782417
82 1 782486
65 0 782698
65 1 782786
32 0 782855
32 1 782914
83 0 782982
83 1 783016
65 0 783147
65 1 783199
85 0 783275
85 1 783327
32 0 783870
32 1 783956
73 0 784334
73 1 784394
78 0 784532
78 1 784592
32 0 784717
32 1 784786
70 0 786241
70 1 786302
65 0 786360
65 1 786429
84 0 786457
84 1 786516
65 0 786589
65 1 786641
32 0 786737
32 1 786797
65 0 787187
65 1 787275
76 0 787322
76 1 787410
84 0 787603
84 1 787645
8 0 788307
8 1 788386
8 0 788476
8 1 788547
8 0 788962
8 1 789049
80 0 789791
80 1 789860
82 0 789900
82 1 789969
79 0 789998
79 1 790068
70 0 790269
70 1 790338
69 0 790365
69 1 790453
83 0 790555
83 1 790634
79 0 790668
79 1 790739
82 0 790837
82 1 790916
73 0 790946
73 1 791006
76 0 791133
76 1 791232
79 0 791317
79 1 791378
82 0 791425
82 1 791502
190 0 792039
190 1 792110
32 0 792284
20 0 792338
32 1 792352
20 1 792454
69 0 792535
69 1 792604
20 0 792706
20 1 792784
76 0 792837
76 1 792906
69 0 792971
69 1 793059
86 0 793130
86 1 793200
73 0 793399
73 1 793468
73 0 793546
73 1 793608
32 0 793788
32 1 793857
65 0 795476
65 1 795545
74 0 795628
74 1 795688
85 0 795800
85 1 795852
78 0 796003
78 1 796064
71 0 796208
71 1 796269
32 0 796486
32 1 796562
83 0 796923
83 1 797020
65 0 797158
65 1 797211
32 0 797258
32 1 797317
70 0 797565
70 1 797635
73 0 797686
73 1 797755
69 0 798061
69 1 798130
32 0 798294
32 1 798352
68 0 799568
68 1 799628
73 0 799674
73 1 799744
71 0 799920
70 0 799924
71 1 799968
70 1 799969
69 0 800012
69 1 800056
82 0 800143
82 1 800212
69 0 800283
69 1 800345
78 0 800431
78 1 800501
84 0 800746
84 1 800815
8 0 801289
8 1 801358
8 0 801446
8 1 801506
8 0 801593
8 1 801652
8 0 801745
8 1 801805
8 0 801890
8 1 801951
8 0 802044
8 1 802114
8 0 802203
8 1 802272
70 0 802750
70 1 802801
69 0 802881
69 1 802934
82 0 803046
82 1 803108
69 0 803224
69 1 803276
78 0 803339
78 1 803417
84 0 803711
84 1 803780
73 0 803974
73 1 804052
65 0 804124
65 1 804193
84 0 804285
84 1 804354
73 0 804521
73 1 804581
32 0 804793
32 1 804852
68 0 804923
68 1 804993
69 0 805091
69 1 805161
32 0 805212
32 1 805273
67 0 805375
67 1 805436
65 0 805488
65 1 805558
84 0 805594
84 1 805655
82 0 805758
82 1 805809
69 0 805867
69 1 805928
32 0 805987
32 1 806054
80 0 806228
80 1 806306
82 0 806350
82 1 806456
79 0 806482
79 1 806543
70 0 806783
70 1 806843
69 0 806893
69 1 806970
83 0 807087
83 1 807176
79 0 807395
79 1 807473
82 0 807556
82 1 807643
73 0 807699
73 1 807760
188 0 809124
188 1 809194
32 0 809338
32 1 809407
73 0 809596
73 1 809656
65 0 809704
65 1 809783
82 0 809947
82 1 810010
32 0 810156
32 1 810225
73 0 810390
73 1 810450
78 0 810569
78 1 810639
86 0 810768
86 1 810837
65 0 810882
65 1 810961
84 0 811014
84 1 811092
65 0 811144
65 1 811221
84 0 811334
84 1 811403
85 0 811569
85 1 811646
76 0 811936
76 1 812008
32 0 812268
32 1 812336
78 0 812759
78 1 812829
85 0 812973
85 1 813034
32 0 813216
32 1 813285
77 0 814624
77 1 814693
65 0 814749
65 1 814800
73 0 814837
73 1 814898
32 0 815055
32 1 815123
73 0 815262
73 1 815314
78 0 815444
78 1 815514
83 0 815555
83 1 815634
69 0 815736
69 1 815815
65 0 815951
65 1 816011
77 0 816054
77 1 816105
78 0 816232
78 1 816275
65 0 816338
65 1 816407
32 0 816491
32 1 816541
67 0 816716
67 1 816795
69 0 816867
69 1 816919
86 0 816974
86 1 817044
65 0 817138
65 1 817217
32 0 817277
32 1 817337
67 0 817552
67 1 817639
85 0 817694
85 1 817773
32 0 817929
32 1 817999
67 0 818094
67 1 818155
65 0 818178
65 1 818266
82 0 818311
82 1 818390
69 0 818434
69 1 818504
32 0 818568
32 1 818638
83 0 818700
83 1 818770
65 0 818879
65 1 818967
32 0 819017
32 1 819086
82 0 819303
82 1 819373
65 0 819418
65 1 819506
77 0 819647
77 1 819735
65 0 819791
65 1 819870
73 0 819973
73 1 820034
32 0 820240
32 1 820302
83 0 821062
83 1 821150
65 0 821267
65 1 821335
85 0 821354
85 1 821415
32 0 821615
32 1 821685
67 0 823508
67 1 823576
65 0 823707
65 1 823777
82 0 823819
82 1 823853
69 0 823978
69 1 824011
32 0 824068
32 1 824126
73 0 824303
73 1 824372
84 0 824507
84 1 824577
73 0 824623
73 1 824692
32 0 824843
32 1 824921
86 0 825026
86 1 825111
65 0 825111
65 1 825201
32 0 825286
32 1 825344
70 0 825747
70 1 825808
73 0 825869
73 1 825939
32 0 826122
32 1 826201
68 0 826304
68 1 826374
69 0 826472
69 1 826551
32 0 826598
32 1 826668
70 0 826720
70 1 826799
79 0 826834
79 1 826903
76 0 827022
76 1 827092
79 0 827187
79 1 827239
83 0 827300
83 1 827369
32 0 827474
32 1 827544
73 0 827773
73 1 827852
78 0 828025
78 1 828086
32 0 828206
32 1 828276
86 0 828382
86 1 828434
73 0 828583
73 1 828651
65 0 828723
65 1 828802
84 0 828835
84 1 828905
65 0 828959
65 1 829029
32 0 829114
32 1 829174
67 0 829334
67 1 829395
73 0 829450
73 1 829519
32 0 829703
32 1 829781
68 0 830364
68 1 830451
79 0 830482
79 1 830543
65 0 830625
65 1 830712
82 0 830799
82 1 830869
32 0 831063
32 1 831124
67 0 839246
67 1 839304
69 0 839376
69 1 839455
86 0 839530
86 1 839598
65 0 839690
65 1 839750
32 0 839854
32 1 839915
67 0 840354
67 1 840430
65 0 840430
65 1 840526
82 0 840606
82 1 840693
69 0 840762
69 1 840832
32 0 840902
32 1 840979
83 0 841308
83 1 841414
69 0 841533
69 1 841612
32 0 841668
32 1 841738
77 0 841924
77 1 841994
69 0 842042
69 1 842112
77 0 842143
77 1 842212
79 0 842338
79 1 842399
82 0 843078
82 1 843149
69 0 843178
69 1 843255
65 0 843407
65 1 843476
90 0 843632
90 1 843710
65 0 843822
65 1 843908
32 0 843939
32 1 844016
80 0 844242
80 1 844303
69 0 844337
69 1 844425
78 0 844498
78 1 844577
84 0 844667
84 1 844737
82 0 844830
82 1 844901
85 0 844926
85 1 844978
32 0 845124
32 1 845194
65 0 845240
65 1 845327
32 0 845407
32 1 845468
67 0 848220
67 1 848270
65 0 848337
65 1 848422
32 0 848443
32 1 848505
65 0 848557
65 1 848643
80 0 848727
80 1 848806
79 0 848898
79 1 848959
73 0 849041
73 1 849101
32 0 849237
32 1 849316
83 0 849342
83 1 849421
65 0 849516
65 1 849586
32 0 849611
32 1 849689
70 0 849759
70 1 849829
73 0 849884
73 1 849953
69 0 850020
69 1 850099
32 0 850155
32 1 850234
85 0 850400
85 1 850469
73 0 850581
73 1 850659
84 0 850807
84 1 850876
65 0 850909
65 1 850988
84 0 851025
84 1 851094
8 0 857322
8 1 857380
8 0 857508
8 1 857569
190 0 860522
190 1 860583
32 0 861911
32 1 861961
20 0 878380
20 1 878472
73 0 878504
73 1 878588
20 0 878589
20 1 878683
78 0 878722
78 1 878811
70 0 878848
70 1 878935
79 0 878986
79 1 879046
82 0 879105
82 1 879201
77 0 879240
77 1 879301
65 0 879411
65 1 879481
84 0 879521
84 1 879591
73 0 879765
73 1 879818
73 0 879923
73 1 879974
76 0 880113
76 1 880183
69 0 880271
69 1 880340
32 0 880403
32 1 880463
78 0 882456
78 1 882534
85 0 882657
85 1 882708
32 0 882864
32 1 882934
83 0 882996
83 1 883074
85 0 883100
85 1 883143
78 0 883264
78 1 883325
84 0 883389
84 1 883468
32 0 883500
32 1 883570
68 0 883676
68 1 883755
69 0 883858
69 1 883927
32 0 883976
32 1 884045
70 0 884120
70 1 884190
79 0 884238
79 1 884298
76 0 884444
76 1 884496
79 0 884605
79 1 884665
83 0 884747
83 1 884817
32 0 884901
32 1 884962
69 0 887044
69 1 887096
76 0 887138
76 1 887208
69 0 887250
69 1 887311
86 0 887466
86 1 887554
73 0 887606
73 1 887646
76 0 887774
76 1 887835
79 0 887934
79 1 887977
82 0 888058
82 1 888135
32 0 890017
32 1 890077
67 0 890119
67 1 890198
65 0 890317
65 1 890395
82 0 890421
82 1 890491
69 0 890570
69 1 890621
32 0 890658
32 1 890719
85 0 890879
85 1 890931
76 0 891047
76 1 891117
84 0 891282
84 1 891334
69 0 891379
69 1 891440
82 0 891546
82 1 891616
73 0 891650
73 1 891711
79 0 891816
79 1 891876
82 0 891937
82 1 892016
32 0 892106
32 1 892175
86 0 892649
86 1 892709
79 0 892754
79 1 892814
82 0 892912
82 1 892982
32 0 893060
32 1 893130
68 0 893309
68 1 893379
69 0 893491
69 1 893552
86 0 893705
86 1 893756
69 0 893827
69 1 893897
78 0 893945
78 1 894005
73 0 894125
73 1 894186
32 0 894337
32 1 894407
65 0 894433
65 1 894512
68 0 894642
68 1 894711
85 0 894736
85 1 894797
76 0 894942
76 1 895003
84 0 895529
84 1 895616
73 0 895645
73 1 895705
32 0 895890
32 1 895968
83 0 896627
83 1 896697
73 0 896736
73 1 896797
32 0 897019
32 1 897098
83 0 898569
83 1 898630
85 0 898672
85 1 898724
78 0 898867
78 1 898909
84 0 898946
84 1 899006
32 0 899072
32 1 899123
78 0 899248
78 1 899307
69 0 899307
69 1 899367
86 0 899438
86 1 899499
79 0 899655
79 1 899725
73 0 899811
73 1 899872
84 0 900150
84 1 900219
73 0 900266
73 1 900336
32 0 900495
32 1 900573
83 0 900623
83 1 900684
65 0 900788
65 1 900858
32 0 900908
32 1 900969
65 0 901004
65 1 901064
73 0 901137
73 1 901207
66 0 901378
66 1 901439
65 0 901515
65 1 901585
32 0 901635
32 1 901696
85 0 901899
85 1 901968
78 0 902129
78 1 902198
32 0 902337
32 1 902407
74 0 902750
74 1 902810
79 0 902945
79 1 903014
66 0 903324
66 1 903385
188 0 903795
188 1 903874
32 0 904019
32 1 904089
73 0 904261
73 1 904339
65 0 904365
65 1 904435
82 0 904607
82 1 904668
32 0 904738
32 1 904808
65 0 907322
65 1 907389
66 0 907503
66 1 907580
83 0 907830
83 1 907900
79 0 907963
79 1 908014
76 0 908157
76 1 908226
85 0 908345
85 1 908415
84 0 908553
84 1 908660
8 0 908989
8 1 909076
8 0 909161
8 1 909231
8 0 909312
8 1 909392
8 0 909462
8 1 909541
8 0 909623
8 1 909692
8 0 909790
8 1 909850
8 0 909952
8 1 910030
8 0 910653
8 1 910719
8 0 910829
8 1 910889
8 0 910992
8 1 911053
8 0 911161
8 1 911223
8 0 911330
8 1 911391
8 0 911488
8 1 911548
8 0 921030
8 1 921107
8 0 921169
8 1 921230
8 0 921318
8 1 921370
8 0 921759
8 1 921808
8 0 922195
8 1 922272
86 0 923540
86 1 923610
79 0 923657
79 1 923718
82 0 923806
82 1 923885
32 0 923953
32 1 924020
70 0 924092
70 1 924162
73 0 924205
73 1 924267
32 0 924407
32 1 924477
188 0 928781
188 1 928858
32 0 928999
32 1 929076
68 0 929098
68 1 929179
69 0 929289
69 1 929350
79 0 929420
79 1 929490
65 0 929591
65 1 929643
82 0 929703
82 1 929763
69 0 929843
69 1 929904
67 0 929967
67 1 930019
69 0 930072
69 1 930133
32 0 930200
32 1 930252
77 0 931167
77 1 931253
65 0 931253
65 1 931338
74 0 931382
74 1 931442
79 0 931584
79 1 931654
82 0 931786
82 1 931873
73 0 932033
73 1 932101
84 0 932288
84 1 932349
65 0 932372
65 1 932459
84 0 932501
84 1 932569
69 0 932606
69 1 932685
65 0 932790
65 1 932877
32 0 932920
32 1 932987
68 0 933189
68 1 933259
73 0 933299
73 1 933351
78 0 933662
78 1 933740
32 0 933867
32 1 933945
8 0 934275
8 1 934327
84 0 934539
84 1 934609
82 0 934717
82 1 934778
69 0 934816
69 1 934876
32 0 934983
32 1 935062
69 0 935211
69 1 935262
76 0 935280
76 1 935368
69 0 935502
69 1 935572
32 0 935625
32 1 935686
78 0 936432
78 1 936493
85 0 936615
85 1 936667
32 0 936793
32 1 936880
65 0 937057
65 1 937135
85 0 937182
85 1 937243
32 0 937407
32 1 937476
76 0 937617
76 1 937687
69 0 937766
69 1 937836
71 0 937941
71 1 938020
65 0 938138
65 1 938190
84 0 938234
84 1 938295
85 0 938432
85 1 938502
82 0 938577
82 1 938655
65 0 938822
65 1 938900
32 0 938937
32 1 939016
67 0 939125
67 1 939186
85 0 939245
85 1 939314
32 0 939525
32 1 939595
67 0 941602
67 1 941662
69 0 941762
69 1 941823
86 0 941853
86 1 941914
65 0 942020
65 1 942090
32 0 942131
32 1 942192
67 0 942325
67 1 942376
69 0 942444
69 1 942504
32 0 942588
32 1 942649
83 0 942791
83 1 942861
69 0 942999
69 1 943069
32 0 943127
32 1 943206
70 0 943336
70 1 943415
79 0 943432
79 1 943511
76 0 943658
76 1 943727
79 0 943852
79 1 943904
83 0 943985
83 1 944054
69 0 944622
69 1 944710
83 0 944852
84 0 944931
83 1 944932
84 1 944982
69 0 945049
69 1 945127
32 0 945177
32 1 945238
73 0 945402
73 1 945471
78 0 945611
78 1 945680
32 0 945812
32 1 945882
86 0 946182
86 1 946252
73 0 946412
73 1 946481
65 0 946548
65 1 946635
84 0 946676
84 1 946755
65 0 946813
65 1 946900
190 0 947506
190 1 947585
32 0 947782
32 1 947849
20 0 948380
20 1 948475
65 0 948599
65 1 948678
20 0 948728
20 1 948833
82 0 948908
82 1 948969
32 0 949118
32 1 949220
70 0 949220
70 1 949298
73 0 950075
73 1 950162
32 0 950356
32 1 950434
68 0 950560
68 1 950630
69 0 950743
69 1 950803
32 0 950853
32 1 950923
79 0 951080
79 1 951142
82 0 951188
82 1 951258
69 0 951369
69 1 951448
8 0 951730
8 1 951789
8 0 951896
8 1 951957
8 0 952040
8 1 952109
80 0 953095
80 1 953146
82 0 953390
82 1 953460
69 0 953573
69 1 953650
70 0 953751
70 1 953828
69 0 953917
69 1 953987
82 0 954252
82 1 954322
65 0 954429
65 1 954499
84 0 954625
84 1 954702
32 0 954890
32 1 954967
83 0 955019
83 1 955098
65 0 955207
65 1 955296
32 0 955327
32 1 955404
78 0 960690
78 1 960759
85 0 960897
85 1 960939
32 0 961113
32 1 961181
8 0 961811
8 1 961880
8 0 961973
8 1 962024
8 0 962112
8 1 962173
8 0 962258
8 1 962329
8 0 962415
8 1 962484
8 0 962561
8 1 962613
67 0 962668
67 1 962747
65 0 962917
65 1 962996
32 0 963081
32 1 963140
79 0 963406
79 1 963458
32 0 963630
32 1 963708
90 0 963783
90 1 963861
73 0 963931
73 1 963992
32 0 964156
32 1 964226
68 0 964277
68 1 964337
69 0 964460
69 1 964512
32 0 964573
32 1 964651
83 0 964738
83 1 964807
67 0 965132
67 1 965192
79 0 965281
79 1 965342
65 0 965406
65 1 965476
76 0 965517
76 1 965569
65 0 965623
65 1 965684
32 0 965755
32 1 965825
78 0 965948
78 1 966009
85 0 966156
85 1 966226
8 0 966551
8 1 966620
8 0 966693
8 1 966753
83 0 966779
83 1 966858
65 0 966966
65 1 967035
32 0 967070
32 1 967131
78 0 967271
78 1 967340
85 0 967486
85 1 967556
32 0 967729
32 1 967807
84 0 967923
84 1 968002
73 0 968043
73 1 968113
78 0 968256
78 1 968335
65 0 968369
65 1 968448
32 0 968514
32 1 968585
56 0 968974
56 1 969044
32 0 969230
32 1 969300
79 0 969484
79 1 969563
82 0 969690
82 1 969751
69 0 969876
69 1 969955
8 0 970076
8 1 970145
8 0 970241
8 1 970292
8 0 970395
8 1 970437
8 0 970547
8 1 970608
8 0 970699
8 1 970750
54 0 972011
54 1 972078
189 0 972313
189 1 972372
56 0 972874
56 1 972943
32 0 973162
32 1 973238
79 0 973768
79 1 973829
82 0 973896
82 1 973973
69 0 974093
69 1 974154
32 0 974199
32 1 974268
73 0 974427
73 1 974487
78 0 974638
78 1 974699
32 0 974818
32 1 974879
67 0 974986
67 1 975074
65 0 975130
65 1 975209
82 0 975343
82 1 975413
69 0 975524
69 1 975594
32 0 975672
32 1 975750
69 0 976377
69 1 976455
76 0 976501
76 1 976580
69 0 976637
69 1 976725
86 0 976809
86 1 976870
73 0 977240
73 1 977301
73 0 977394
73 1 977446
191 0 978147
191 1 978225
83 0 978415
83 1 978493
89 0 978678
89 1 978746
8 0 979336
8 1 979394
84 0 979704
84 1 979782
85 0 979830
85 1 979908
68 0 980014
68 1 980099
69 0 980226
69 1 980304
78 0 980512
78 1 980563
84 0 981031
84 1 981055
73 0 981160
73 1 981247
73 0 981352
73 1 981413
32 0 981893
32 1 981954
68 0 982718
68 1 982806
69 0 982936
69 1 983005
86 0 983294
86 1 983373
73 0 983412
73 1 983482
78 0 983621
78 1 983682
32 0 983815
32 1 983884
79 0 984058
79 1 984119
66 0 984344
66 1 984422
79 0 984474
79 1 984552
83 0 984697
83 1 984766
73 0 984836
73 1 984915
84 0 985111
84 1 985181
73 0 985217
73 1 985296
32 0 985507
32 1 985577
83 0 985670
83 1 985748
73 0 985788
73 1 985849
32 0 986039
32 1 986100
80 0 986326
80 1 986351
76 0 986498
76 1 986568
69 0 986645
69 1 986714
65 0 986858
65 1 986927
67 0 987396
67 1 987457
65 0 987630
65 1 987718
32 0 987767
32 1 987836
65 0 987907
65 1 987995
67 0 988120
67 1 988189
65 0 988255
65 1 988324
83 0 988426
83 1 988486
65 0 988588
65 1 988649
32 0 988724
32 1 988785
70 0 989350
70 1 989429
65 0 989471
65 1 989550
82 0 989594
82 1 989682
65 0 989719
65 1 989807
32 0 989892
32 1 989961
65 0 995698
65 1 995785
32 0 995837
32 1 995897
82 0 996037
82 1 996098
69 0 996219
69 1 996270
84 0 996443
84 1 996504
73 0 996526
73 1 996568
78 0 996728
78 1 996789
69 0 996875
69 1 996936
32 0 996992
32 1 997062
78 0 997255
78 1 997289
73 0 997478
73 1 997521
77 0 997691
77 1 997743
73 0 997875
73 1 997945
67 0 998007
67 1 998076
188 0 1004126
188 1 1004204
32 0 1004338
32 1 1004416
67 0 1004470
67 1 1004549
73 0 1004604
73 1 1004673
32 0 1004823
32 1 1004911
83 0 1004941
83 1 1005037
65 0 1005143
65 1 1005222
32 0 1005295
32 1 1005374
8 0 1005788
8 1 1005867
8 0 1005968
8 1 1006038
8 0 1006733
8 1 1006811
67 0 1007725
67 1 1007786
85 0 1007843
85 1 1007913
77 0 1008086
77 1 1008112
32 0 1008443
32 1 1008522
69 0 1008679
69 1 1008749
32 0 1008903
32 1 1008982
70 0 1009103
70 1 1009172
79 0 1009214
79 1 1009274
82 0 1009345
82 1 1009441
77 0 1009482
77 1 1009561
8 0 1009888
8 1 1009939
8 0 1010060
8 1 1010120
8 0 1010205
8 1 1010266
8 0 1010345
8 1 1010406
79 0 1011320
79 1 1011371
32 0 1011599
32 1 1011669
86 0 1012293
86 1 1012363
79 0 1012414
79 1 1012483
82 0 1012611
82 1 1012681
66 0 1013064
66 1 1013125
65 0 1013222
65 1 1013283
32 0 1013362
32 1 1013423
73 0 1013582
73 1 1013652
8 0 1014049
8 1 1014128
8 0 1014351
8 1 1014403
16 0 1014576
186 0 1014776
186 1 1014883
16 1 1014901
32 0 1015115
32 1 1015175
76 0 1016277
76 1 1016347
69 0 1016386
69 1 1016465
83 0 1016636
83 1 1016697
83 0 1016776
83 1 1016827
32 0 1016860
32 1 1016930
73 0 1017087
73 1 1017175
83 0 1017226
83 1 1017304
32 0 1017374
32 1 1017453
77 0 1017631
77 1 1017718
79 0 1017861
79 1 1017948
82 0 1018027
82 1 1018106
69 0 1018220
69 1 1018308
16 0 1018518
16 1 1018632
16 0 1018767
57 0 1019066
57 1 1019163
16 1 1019219
80 0 1020075
80 1 1020144
85 0 1020330
85 1 1020407
84 0 1021353
84 1 1021430
73 0 1021498
73 1 1021584
78 0 1021756
78 1 1021816
32 0 1021957
32 1 1022036
69 0 1022116
69 1 1022186
32 0 1022246
32 1 1022307
77 0 1022448
77 1 1022517
65 0 1022589
65 1 1022650
73 0 1022704
73 1 1022729
32 0 1022974
32 1 1023044
77 0 1023223
77 1 1023302
85 0 1023442
85 1 1023502
76 0 1023665
76 1 1023735
84 0 1023779
84 1 1023857
16 0 1024000
16 0 1024497
16 0 1024530
16 0 1024563
16 0 1024596
16 0 1024629
16 0 1024661
16 0 1024694
16 0 1024727
16 0 1024760
16 0 1024793
16 1 1024795
16 0 1025559
48 0 1025805
48 1 1025865
16 1 1025903
190 0 1026000
190 1 1026034
20 0 1074718
20 1 1074819
83 0 1074938
83 1 1074981
20 0 1075068
20 1 1075184
67 0 1075889
67 1 1075959
69 0 1076009
69 1 1076086
78 0 1076219
78 1 1076306
65 0 1076386
65 1 1076428
32 0 1076507
32 1 1076576
83 0 1076711
83 1 1076790
69 0 1076914
69 1 1076993
32 0 1077064
32 1 1077143
80 0 1078228
80 1 1078298
82 0 1078328
82 1 1078398
84 0 1078643
84 1 1078722
8 0 1079375
8 1 1079444
8 0 1079508
8 1 1079578
69 0 1079620
69 1 1079690
84 0 1080121
84 1 1080191
82 0 1080287
82 1 1080338
69 0 1080377
69 1 1080456
67 0 1080501
67 1 1080552
69 0 1080639
69 1 1080709
32 0 1080734
32 1 1080802
73 0 1081830
73 1 1081890
78 0 1082036
78 1 1082114
84 0 1082162
84 1 1082250
189 0 1082397
189 1 1082468
85 0 1082750
85 1 1082803
76 0 1082951
76 1 1083011
8 0 1083244
8 1 1083314
8 0 1083692
8 1 1083762
8 0 1083835
8 1 1083905
82 0 1084556
82 1 1084617
189 0 1084697
189 1 1084748
85 0 1084946
85 1 1085006
78 0 1085131
78 1 1085191
32 0 1085308
32 1 1085377
84 0 1089961
84 1 1090021
69 0 1090103
69 1 1090180
77 0 1090265
77 1 1090351
80 0 1090503
80 1 1090563
76 0 1090690
76 1 1090759
85 0 1090922
85 1 1090992
32 0 1091463
32 1 1091540
85 0 1094532
85 1 1094574
78 0 1094751
78 1 1094829
68 0 1094883
68 1 1094961
69 0 1095068
69 1 1095138
32 0 1095168
32 1 1095227
79 0 1095423
79 1 1095511
65 0 1095606
65 1 1095658
77 0 1098065
77 1 1098143
69 0 1098176
69 1 1098245
78 0 1098303
78 1 1098381
73 0 1098506
73 1 1098575
73 0 1098651
73 1 1098711
32 0 1099594
32 1 1099673
83 0 1101306
83 1 1101394
79 0 1101487
79 1 1101583
67 0 1102936
67 1 1103024
73 0 1103043
73 1 1103121
65 0 1103215
65 1 1103284
76 0 1103321
76 1 1103391
73 0 1103516
73 1 1103586
90 0 1103976
90 1 1104063
69 0 1104225
69 1 1104337
65 0 1104527
65 1 1104596
90 0 1104755
90 1 1104833
65 0 1104956
65 1 1105043
188 0 1105444
188 1 1105523
32 0 1105663
32 1 1105734
83 0 1105776
83 1 1105855
69 0 1105982
69 1 1106079
32 0 1106118
32 1 1106176
79 0 1106377
79 1 1106439
68 0 1106762
68 1 1106832
73 0 1106882
73 1 1106952
72 0 1107096
72 1 1107147
78 0 1107311
78 1 1107380
69 0 1107517
69 1 1107595
83 0 1107961
83 1 1108040
67 0 1108159
67 1 1108255
32 0 1108698
32 1 1108791
83 0 1108847
83 1 1108944
65 0 1109064
65 1 1109143
85 0 1109212
85 1 1109290
32 0 1109497
32 1 1109575
67 0 1110253
67 1 1110333
72 0 1110416
72 1 1110485
73 0 1110605
73 1 1110666
65 0 1110741
65 1 1110818
82 0 1111058
82 1 1111110
32 0 1111166
32 1 1111227
76 0 1111428
76 1 1111498
85 0 1111619
85 1 1111680
67 0 1111856
67 1 1111917
82 0 1112043
82 1 1112113
69 0 1112137
69 1 1112216
65 0 1112361
65 1 1112448
90 0 1112580
90 1 1112659
65 0 1112777
65 1 1112855
32 0 1114214
32 1 1114285
76 0 1114488
76 1 1114566
65 0 1114627
65 1 1114705
32 0 1114795
32 1 1114863
67 0 1115009
67 1 1115133
69 0 1116055
69 1 1116133
86 0 1116187
86 1 1116283
65 0 1116403
65 1 1116490
190 0 1119146
190 1 1119207
32 0 1119450
32 1 1119509
20 0 1132968
85 0 1133087
20 1 1133090
85 1 1133155
20 0 1133206
20 1 1133291
78 0 1133329
78 1 1133398
73 0 1133568
73 1 1133637
73 0 1133705
73 1 1133748
32 0 1133928
32 1 1133998
79 0 1134203
79 1 1134264
65 0 1134317
65 1 1134414
77 0 1134454
77 1 1134523
69 0 1134587
69 1 1134666
78 0 1134702
78 1 1134770
73 0 1134900
73 1 1134979
32 0 1135172
32 1 1135231
86 0 1135430
86 1 1135517
79 0 1135575
79 1 1135654
82 0 1135789
82 1 1135895
66 0 1136009
66 1 1136087
69 0 1136143
69 1 1136230
83 0 1136384
83 1 1136454
67 0 1136585
67 1 1136673
188 0 1136817
188 1 1136869
32 0 1137037
32 1 1137114
65 0 1137272
65 1 1137342
76 0 1137427
76 1 1137514
84 0 1137621
84 1 1137719
73 0 1137801
73 1 1137887
73 0 1137953
73 1 1138005
32 0 1138206
32 1 1138283
83 0 1139164
83 1 1139277
69 0 1139395
69 1 1139465
32 0 1139512
32 1 1139582
77 0 1139712
77 1 1139782
73 0 1139901
73 1 1139971
78 0 1140104
78 1 1140173
85 0 1140305
85 1 1140356
78 0 1140487
78 1 1140566
69 0 1140605
69 1 1140684
65 0 1140860
65 1 1140920
90 0 1141095
90 1 1141155
65 0 1141294
65 1 1141381
32 0 1141778
32 1 1141855
68 0 1141992
68 1 1142071
69 0 1142177
69 1 1142256
32 0 1142291
32 1 1142361
85 0 1143306
85 1 1143366
78 0 1143511
78 1 1143563
32 0 1143670
32 1 1143739
65 0 1143764
65 1 1143843
78 0 1143863
78 1 1143924
85 0 1144109
85 1 1144187
77 0 1144328
77 1 1144390
73 0 1144506
73 1 1144576
84 0 1144661
84 1 1144740
32 0 1144789
32 1 1144856
76 0 1145059
76 1 1145138
85 0 1145264
85 1 1145334
67 0 1145383
67 1 1145452
82 0 1145626
82 1 1145715
85 0 1145732
85 1 1145801
188 0 1146273
188 1 1146351
32 0 1146538
32 1 1146615
65 0 1147474
65 1 1147552
76 0 1147612
76 1 1147682
84 0 1147828
84 1 1147898
73 0 1147961
73 1 1148030
73 0 1148102
73 1 1148162
32 0 1148368
32 1 1148440
67 0 1149411
67 1 1149489
73 0 1149540
73 1 1149609
84 0 1149808
84 1 1149885
69 0 1149932
69 1 1149983
83 0 1150148
83 1 1150217
67 0 1150356
67 1 1150444
32 0 1150547
32 1 1150625
79 0 1156305
79 1 1156373
32 0 1156524
32 1 1156592
67 0 1156703
67 1 1156764
65 0 1156802
65 1 1156899
82 0 1156938
82 1 1157007
84 0 1157138
84 1 1157208
69 0 1157282
69 1 1157342
32 0 1157426
32 1 1157503
67 0 1158737
67 1 1158804
79 0 1158860
79 1 1158921
80 0 1159049
80 1 1159125
73 0 1159248
73 1 1159308
73 0 1159379
73 1 1159439
76 0 1159611
76 1 1159717
79 0 1159822
79 1 1159894
82 0 1160065
82 1 1160172
188 0 1166935
188 1 1167013
32 0 1167204
32 1 1167282
65 0 1167352
65 1 1167440
76 0 1167512
76 1 1167600
73 0 1168430
73 1 1168500
73 0 1168582
73 1 1168634
8 0 1169150
8 1 1169229
8 0 1169293
8 1 1169354
84 0 1169411
84 1 1169489
8 0 1169768
8 1 1169838
8 0 1169927
8 1 1169997
8 0 1170093
8 1 1170145
73 0 1170513
73 1 1170597
65 0 1170598
65 1 1170692
82 0 1170843
82 1 1170930
32 0 1170950
32 1 1171029
65 0 1171159
65 1 1171238
76 0 1171293
76 1 1171398
71 0 1171522
84 0 1171523
71 1 1171568
84 1 1171569
8 0 1172510
8 1 1172616
8 0 1172823
8 1 1172892
84 0 1173036
84 1 1173123
73 0 1173252
73 1 1173331
73 0 1173392
73 1 1173462
32 0 1173660
32 1 1173738
67 0 1174121
67 1 1174209
73 0 1174260
73 1 1174339
82 0 1174436
82 1 1174523
67 0 1174697
67 1 1174757
85 0 1174810
85 1 1174871
76 0 1175033
76 1 1175103
65 0 1175223
65 1 1175284
32 0 1175341
32 1 1175402
80 0 1175573
80 1 1175651
82 0 1175691
82 1 1175778
73 0 1175808
73 1 1175887
78 0 1176048
78 1 1176100
32 0 1176225
32 1 1176295
65 0 1176327
65 1 1176389
67 0 1176528
67 1 1176625
69 0 1176778
69 1 1176848
76 0 1176887
76 1 1176966
32 0 1177157
32 1 1177226
76 0 1177427
76 1 1177506
79 0 1177632
79 1 1177702
67 0 1177952
67 1 1178030
190 0 1178125
190 1 1178230
32 0 1178451
32 1 1178520
20 0 1182447
67 0 1182549
20 1 1182551
67 1 1182619
20 0 1182677
82 0 1182770
20 1 1182772
82 1 1182822
69 0 1182913
69 1 1182992
68 0 1183112
68 1 1183173
32 0 1183247
32 1 1183289
67 0 1183387
67 1 1183457
65 0 1183504
65 1 1183556
32 0 1183641
32 1 1183693
79 0 1184142
79 1 1184203
65 0 1184245
65 1 1184314
77 0 1184381
77 1 1184442
69 0 1184517
69 1 1184596
78 0 1184624
78 1 1184684
73 0 1184816
73 1 1184895
73 0 1184955
73 1 1185034
32 0 1185192
32 1 1185262
68 0 1187470
68 1 1187566
69 0 1187679
69 1 1187748
32 0 1187787
32 1 1187864
65 0 1187945
65 1 1188015
84 0 1188069
84 1 1188139
85 0 1188273
85 1 1188342
78 0 1188479
78 1 1188559
67 0 1188591
67 1 1188669
73 0 1188728
73 1 1188797
32 0 1189028
32 1 1189088
69 0 1189626
69 1 1189722
82 0 1189808
82 1 1189896
65 0 1190055
65 1 1190098
85 0 1190142
85 1 1190212
32 0 1190369
32 1 1190439
80 0 1190617
80 1 1190695
82 0 1190728
82 1 1190806
69 0 1190908
69 1 1190977
79 0 1191002
79 1 1191072
67 0 1191397
67 1 1191458
85 0 1191500
85 1 1191570
80 0 1191716
80 1 1191784
65 0 1191865
65 1 1191924
84 0 1192543
84 1 1192631
73 0 1192669
73 1 1192738
32 0 1192932
32 1 1193001
68 0 1193091
68 1 1193151
69 0 1193297
69 1 1193366
32 0 1193437
32 1 1193498
67 0 1194298
67 1 1194385
82 0 1194558
82 1 1194645
69 0 1194726
69 1 1194796
68 0 1195100
68 1 1195169
73 0 1195198
73 1 1195259
78 0 1195390
78 1 1195468
84 0 1195634
84 1 1195704
65 0 1195745
65 1 1195823
32 0 1195942
32 1 1196011
68 0 1196148
68 1 1196216
8 0 1196484
8 1 1196572
73 0 1196773
73 1 1196833
78 0 1196988
78 1 1197049
32 0 1197164
32 1 1197234
20 0 1197290
20 1 1197369
68 0 1197449
68 1 1197545
20 0 1197621
20 1 1197718
85 0 1197747
85 1 1197808
77 0 1197967
77 1 1198036
78 0 1198142
78 1 1198202
69 0 1198254
69 1 1198333
90 0 1198606
90 1 1198694
69 0 1199026
69 1 1199097
85 0 1199165
85 1 1199288
188 0 1201866
188 1 1201926
32 0 1202121
32 1 1202181
68 0 1202235
68 1 1202313
69 0 1202456
69 1 1202525
32 0 1202580
32 1 1202649
66 0 1203168
66 1 1203247
85 0 1203376
85 1 1203428
78 0 1203575
78 1 1203663
65 0 1203707
65 1 1203786
189 0 1203861
189 1 1203939
83 0 1204005
83 1 1204085
84 0 1204158
84 1 1204227
65 0 1204279
65 1 1204339
82 0 1204380
82 1 1204448
69 0 1204502
69 1 1204571
65 0 1204720
65 1 1204754
32 0 1204816
32 1 1204885
76 0 1205650
76 1 1205738
79 0 1205863
79 1 1205923
82 0 1206000
82 1 1206088
188 0 1207729
188 1 1207816
32 0 1208007
32 1 1208086
8 0 1208906
8 1 1208993
8 0 1209053
8 1 1209104
32 0 1209465
32 1 1209535
83 0 1209659
83 1 1209729
73 0 1209754
73 1 1209833
32 0 1210008
32 1 1210086
68 0 1210124
68 1 1210193
69 0 1210301
69 1 1210371
32 0 1210394
32 1 1210463
76 0 1210606
76 1 1210675
73 0 1210789
73 1 1210849
78 0 1211005
78 1 1211066
73 0 1211493
73 1 1211572
83 0 1211738
83 1 1211835
84 0 1211881
84 1 1211950
69 0 1212032
69 1 1212110
190 0 1213679
190 1 1213794
32 0 1214354
32 1 1214415
20 0 1217835
20 1 1217935
79 0 1217980
79 1 1218074
20 0 1218145
20 1 1218226
32 0 1218316
32 1 1218394
90 0 1218721
90 1 1218808
73 0 1218857
73 1 1218953
32 0 1219170
32 1 1219248
79 0 1219726
79 1 1219787
66 0 1219978
66 1 1220048
73 0 1220186
73 1 1220265
83 0 1220398
83 1 1220477
78 0 1220624
78 1 1220694
85 0 1220836
85 1 1220897
73 0 1220994
73 1 1221064
84 0 1221157
84 1 1221235
32 0 1221305
32 1 1221374
67 0 1222854
67 1 1222932
79 0 1222951
79 1 1223011
78 0 1223193
78 1 1223253
83 0 1223293
83 1 1223372
73 0 1223394
73 1 1223455
68 0 1223515
68 1 1223585
69 0 1223688
69 1 1223747
82 0 1223880
82 1 1223958
32 0 1224009
32 1 1224086
67 0 1224249
67 1 1224309
65 0 1224362
65 1 1224441
32 0 1224496
32 1 1224557
83 0 1224597
83 1 1224676
69 0 1224779
69 1 1224867
32 0 1224907
32 1 1224959
80 0 1225121
80 1 1225182
79 0 1225272
79 1 1225333
65 0 1225380
65 1 1225450
84 0 1225520
84 1 1225590
69 0 1225627
69 1 1225706
32 0 1225771
32 1 1225841
79 0 1226010
79 1 1226070
78 0 1226256
66 0 1226257
78 1 1226296
66 1 1226296
83 0 1226366
83 1 1226436
69 0 1226582
69 1 1226679
8 0 1227424
8 1 1227502
8 0 1227585
8 1 1227655
8 0 1227739
8 1 1227800
8 0 1228305
8 1 1228366
66 0 1228617
66 1 1228698
83 0 1228726
83 1 1228805
69 0 1228901
69 1 1228979
82 0 1229035
82 1 1229104
86 0 1229255
86 1 1229315
65 0 1229356
65 1 1229434
32 0 1229466
32 1 1229544
67 0 1229691
67 1 1229760
72 0 1230122
72 1 1230191
73 0 1230306
73 1 1230376
65 0 1230403
65 1 1230472
82 0 1230664
82 1 1230743
32 0 1230761
32 1 1230830
73 0 1230982
73 1 1231043
78 0 1231167
78 1 1231219
32 0 1231343
32 1 1231413
65 0 1231472
65 1 1231568
67 0 1231624
67 1 1231694
69 0 1231737
69 1 1231825
65 0 1231955
65 1 1232007
83 0 1232114
83 1 1232166
84 0 1232219
84 1 1232289
65 0 1232361
65 1 1232422
32 0 1232524
32 1 1232585
73 0 1233189
73 1 1233250
77 0 1233407
77 1 1233477
65 0 1233531
65 1 1233610
78 0 1233673
78 1 1233742
73 0 1234390
73 1 1234487
8 0 1234895
8 1 1234983
8 0 1235058
8 1 1235136
71 0 1235927
71 1 1236006
73 0 1236034
73 1 1236095
78 0 1236252
78 1 1236322
69 0 1236353
69 1 1236451
65 0 1242716
65 1 1242968
188 0 1246961
188 1 1247030
32 0 1247175
32 1 1247254
79 0 1248141
79 1 1248225
65 0 1248226
65 1 1248311
77 0 1248363
77 1 1248441
69 0 1248496
78 0 1248583
69 1 1248584
78 1 1248642
73 0 1248766
73 1 1248855
73 0 1248919
73 1 1248980
32 0 1249142
32 1 1249213
78 0 1249325
78 1 1249386
85 0 1249519
85 1 1249589
32 0 1249761
32 1 1249831
65 0 1250312
76 0 1250419
65 1 1250420
76 1 1250488
69 0 1250627
69 1 1250697
82 0 1250872
82 1 1250941
71 0 1251075
71 1 1251135
65 0 1251222
65 1 1251301
32 0 1251339
32 1 1251417
73 0 1251615
73 1 1251676
78 0 1251807
78 1 1251886
84 0 1251927
84 1 1251978
82 0 1252086
82 1 1252165
85 0 1252196
85 1 1252256
78 0 1252399
78 1 1252469
65 0 1252551
65 1 1252648
32 0 1253809
32 1 1253879
68 0 1253962
68 1 1254041
73 0 1254058
73 1 1254119
78 0 1254252
78 1 1254330
84 0 1254366
84 1 1254427
82 0 1254531
82 1 1254592
189 0 1254624
189 1 1254694
85 0 1254847
85 1 1254908
78 0 1255050
78 1 1255102
32 0 1255247
32 1 1255317
76 0 1255486
76 1 1255555
79 0 1255640
79 1 1255701
67 0 1255764
67 1 1255843
32 0 1255900
32 1 1255952
73 0 1256093
73 1 1256153
78 0 1256287
78 1 1256339
32 0 1256458
32 1 1256519
65 0 1256579
65 1 1256658
76 0 1256707
76 1 1256795
84 0 1257353
84 1 1257423
85 0 1257460
85 1 1257530
76 0 1257681
76 1 1257760
188 0 1258463
188 1 1258515
32 0 1258666
32 1 1258736
78 0 1258842
78 1 1258912
85 0 1259049
85 1 1259110
32 0 1259244
32 1 1259341
83 0 1259381
83 1 1259451
69 0 1259560
69 1 1259648
32 0 1259705
32 1 1259775
85 0 1265593
85 1 1265823
71 0 1268474
71 1 1268544
82 0 1268682
82 1 1268733
65 0 1268783
65 1 1268862
66 0 1268943
66 1 1269027
69 0 1269027
69 1 1269114
65 0 1269232
65 1 1269293
85 0 1269317
85 1 1269387
32 0 1269529
32 1 1269608
83 0 1269633
83 1 1269709
65 0 1269804
65 1 1269883
32 0 1269923
32 1 1269993
65 0 1270169
65 1 1270266
74 0 1270369
74 1 1270456
85 0 1270555
85 1 1270616
78 0 1270741
78 1 1270810
71 0 1270929
71 1 1270999
65 0 1271051
65 1 1271139
32 0 1271181
32 1 1271261
85 0 1271416
85 1 1271468
78 0 1271638
78 1 1271708
68 0 1271779
68 1 1271840
69 0 1271963
69 1 1272032
188 0 1272389
188 1 1272459
32 0 1272580
32 1 1272641
67 0 1272731
67 1 1272774
73 0 1272798
73 1 1272868
32 0 1272997
32 1 1273076
84 0 1273107
84 1 1273186
79 0 1273266
79 1 1273326
84 0 1273367
84 1 1273437
85 0 1273486
85 1 1273565
76 0 1273707
76 1 1273768
32 0 1273968
32 1 1274038
68 0 1274173
68 1 1274261
69 0 1274365
69 1 1274443
67 0 1274603
67 1 1274673
85 0 1274696
85 1 1274775
82 0 1274865
82 1 1274952
71 0 1275920
71 1 1275981
69 0 1276034
69 1 1276122
65 0 1276315
65 1 1276384
32 0 1276445
32 1 1276524
73 0 1277071
73 1 1277132
78 0 1277300
78 1 1277360
84 0 1277607
84 1 1277677
82 0 1277782
82 1 1277843
189 0 1277885
189 1 1277955
85 0 1278129
85 1 1278190
78 0 1278358
78 1 1278419
32 0 1278538
32 1 1278626
82 0 1279428
82 1 1279498
73 0 1279558
73 1 1279627
77 0 1279892
77 1 1279943
8 0 1280254
8 1 1280323
84 0 1280416
84 1 1280495
77 0 1280576
77 1 1280664
32 0 1280931
32 1 1281018
76 0 1281903
76 1 1281982
69 0 1282052
69 1 1282140
78 0 1282201
78 1 1282280
84 0 1282389
84 1 1282459
32 0 1282593
32 1 1282672
83 0 1283791
83 1 1283887
73 0 1283908
73 1 1283977
32 0 1284132
32 1 1284211
80 0 1284381
80 1 1284450
82 0 1284482
82 1 1284561
79 0 1284586
79 1 1284655
66 0 1284808
66 1 1284877
65 0 1284943
65 1 1285040
66 0 1285073
66 1 1285143
73 0 1285311
73 1 1285372
76 0 1285516
76 1 1285585
32 0 1285745
32 1 1285824
69 0 1285851
69 1 1285939
82 0 1286026
82 1 1286114
85 0 1286377
85 1 1286456
32 0 1286640
32 1 1286700
8 0 1287114
8 1 1287175
8 0 1287245
8 1 1287318
65 0 1287318
65 1 1287396
85 0 1287556
85 1 1287643
32 0 1287832
32 1 1287902
77 0 1288218
77 1 1288296
65 0 1288361
65 1 1288440
73 0 1288458
73 1 1288510
32 0 1288710
32 1 1288788
70 0 1288820
70 1 1288898
69 0 1289012
69 1 1289082
82 0 1289170
82 1 1289267
73 0 1289296
73 1 1289375
67 0 1289883
67 1 1289980
73 0 1290088
73 1 1290202
84 0 1290341
84 1 1290446
73 0 1290508
73 1 1290604
190 0 1291377
190 1 1291464
32 0 1291714
32 1 1291739
