20 0 63922
20 1 64133
90 0 64133
20 0 64221
90 1 64272
20 1 64343
73 0 64361
73 1 64449
76 0 64544
76 1 64631
69 0 64631
76 0 64707
69 1 64708
76 1 64775
69 0 64775
32 0 64834
69 1 64835
32 1 64943
65 0 64943
83 0 65022
65 1 65065
83 1 65135
69 0 65378
69 1 65456
8 0 65679
8 1 65784
84 0 65880
69 0 65949
84 1 65984
69 1 66054
65 0 66156
32 0 66257
65 1 66297
32 1 66397
86 0 66578
82 0 66639
86 1 66680
69 0 66680
82 1 66749
69 1 66836
77 0 66857
69 0 66926
77 1 66943
69 1 67012
65 0 67106
32 0 67210
65 1 67210
32 1 67266
65 0 67292
32 0 67366
65 1 67387
32 1 67452
70 0 67513
70 1 67583
79 0 67601
79 1 67679
83 0 67749
83 1 67872
84 0 69054
84 1 69124
32 0 69179
32 1 69258
70 0 69614
70 1 69674
79 0 69692
65 0 69749
79 1 69768
65 1 69853
82 0 69920
82 1 69999
84 0 70058
84 1 70153
69 0 70153
69 1 70293
32 0 70326
32 1 70422
83 0 70422
83 1 70532
67 0 70575
72 0 70628
73 0 70687
67 1 70687
72 1 70702
73 1 70755
77 0 70808
77 1 70878
66 0 70960
65 0 71001
66 1 71028
65 1 71114
84 0 71195
84 1 71310
79 0 71352
79 1 71447
65 0 71447
65 1 71540
82 0 71607
69 0 71686
82 1 71720
190 0 71791
69 1 71814
190 1 71895
32 0 72060
32 1 72157
20 0 72570
68 0 72683
20 1 72683
20 0 72770
68 1 72796
20 1 72865
69 0 72933
69 1 73022
32 0 73047
32 1 73144
69 0 73192
69 1 73271
88 0 73417
88 1 73515
69 0 73610
69 1 73699
77 0 73728
77 1 73835
8 0 74343
8 1 74414
8 0 74481
8 1 74524
8 0 74591
8 1 74643
8 0 74722
8 1 74784
8 0 75361
8 1 75431
8 0 75516
8 1 75569
8 0 75937
8 1 76035
20 0 76427
65 0 76523
20 1 76550
20 0 76628
65 1 76653
20 1 76705
90 0 76799
73 0 76922
90 1 76922
73 1 77003
32 0 77093
32 1 77208
69 0 77359
69 1 77483
32 0 77518
32 1 77634
68 0 77782
68 1 77924
8 0 78197
8 1 78302
83 0 78327
79 0 78440
83 1 78441
79 1 78517
65 0 78517
65 1 78586
82 0 78666
69 0 78745
82 1 78771
32 0 78861
69 1 78891
32 1 78946
68 0 79007
65 0 79085
68 1 79129
65 1 79181
82 0 79236
32 0 79330
82 1 79331
32 1 79422
65 0 79552
65 1 79640
8 0 80352
8 1 80386
8 0 80489
8 1 80522
8 0 80833
8 1 80948
8 0 81018
8 1 81178
8 0 81237
8 1 81307
8 0 81388
8 1 81457
188 0 81681
188 1 81753
32 0 81819
32 1 81889
73 0 81962
69 0 82013
73 1 82049
82 0 82099
69 1 82133
73 0 82168
73 1 82209
82 1 82209
8 0 82505
8 1 82575
32 0 82804
32 1 82883
8 0 83039
8 1 83109
73 0 83216
73 1 83286
32 0 83339
65 0 83387
32 1 83434
32 0 83476
65 1 83516
32 1 83562
70 0 84001
79 0 84088
70 1 84089
79 1 84181
83 0 84181
83 1 84267
84 0 84380
32 0 84477
84 1 84478
32 1 84582
73 0 85232
78 0 85284
73 1 85334
78 1 85334
78 0 85398
78 1 85459
79 0 85563
79 1 85666
82 0 85666
82 1 85744
65 0 85963
65 1 86070
84 0 86133
84 1 86213
32 0 86231
32 1 86301
83 0 86358
73 0 86402
83 1 86461
73 1 86479
32 0 86513
32 1 86600
65 0 86601
76 0 86677
65 1 86698
76 1 86744
65 0 87220
65 1 87327
82 0 87426
82 1 87497
84 0 87576
84 1 87628
73 0 87797
73 1 87875
8 0 88121
8 1 88182
84 0 88476
84 1 88598
69 0 88598
69 1 88775
73 0 88792
73 1 88873
69 0 89003
69 1 89136
82 0 89170
82 1 89276
8 0 89543
8 1 89604
8 0 89775
8 1 89810
8 0 89893
8 1 89936
8 0 90015
8 1 90075
8 0 90289
8 1 90385
69 0 90460
69 1 90602
73 0 90765
73 1 90904
69 0 90904
69 1 91045
82 0 91071
73 0 91158
82 1 91158
73 1 91210
32 0 91279
65 0 91336
32 1 91356
32 0 91438
65 1 91439
32 1 91503
80 0 91605
76 0 91666
80 1 91718
76 1 91760
79 0 92140
79 1 92219
85 0 92361
85 1 92440
65 0 92562
84 0 92642
65 1 92674
84 1 92746
190 0 93290
190 1 93360
32 0 93515
32 1 93612
20 0 95549
20 1 95691
65 0 97742
65 1 97839
20 0 97909
20 1 98033
8 0 99349
8 1 99456
20 0 99618
20 1 99706
86 0 99739
20 0 99791
86 1 99816
20 1 99868
82 0 99979
82 1 100093
69 0 100093
77 0 100117
77 1 100151
69 1 100175
69 0 100249
69 1 100301
65 0 100475
65 1 100563
32 0 100648
32 1 100727
80 0 100933
80 1 101001
69 0 101001
82 0 101094
69 1 101094
82 1 101172
70 0 101266
69 0 101327
70 1 101370
69 1 101440
67 0 101505
84 0 101567
67 1 101600
84 1 101652
65 0 101680
32 0 101754
65 1 101793
32 1 101822
80 0 101923
69 0 101981
80 1 102000
69 1 102094
78 0 102111
78 1 102197
84 0 102197
82 0 102230
85 0 102287
84 1 102288
85 1 102355
82 1 102355
32 0 102384
32 1 102462
77 0 102528
73 0 102587
77 1 102588
78 0 102674
73 1 102700
78 1 102758
69 0 102759
32 0 102821
69 1 102852
32 1 102934
69 0 103112
32 0 103216
69 1 103217
32 1 103352
79 0 104090
79 1 104133
32 0 104206
86 0 104273
32 1 104300
86 1 104360
82 0 104461
69 0 104513
82 1 104538
69 1 104589
77 0 104606
69 0 104656
77 1 104674
69 1 104743
32 0 104783
67 0 104851
32 1 104870
65 0 104926
67 1 104979
65 1 105074
76 0 105180
76 1 105296
68 0 105322
85 0 105445
68 1 105445
85 1 105533
84 0 105854
84 1 105924
65 0 106044
188 0 106140
65 1 106141
188 1 106203
32 0 106266
32 1 106353
78 0 106503
78 1 106564
8 0 106847
8 1 106944
85 0 107181
78 0 107285
85 1 107286
68 0 107309
78 1 107353
69 0 107395
68 1 107438
69 1 107570
86 0 107617
86 1 107704
65 0 107728
32 0 107784
65 1 107832
32 1 107888
68 0 107909
69 0 107961
68 1 108014
69 1 108137
8 0 108307
8 1 108368
8 0 108442
8 1 108485
8 0 108533
8 1 108585
8 0 108645
8 1 108697
8 0 108741
8 1 108901
8 0 108958
8 1 109019
8 0 109070
8 1 109122
8 0 109173
8 1 109225
8 0 109299
8 1 109359
68 0 109359
65 0 109415
68 1 109459
65 1 109519
32 0 109648
32 1 109737
8 0 109946
8 1 110034
82 0 110114
32 0 110184
82 1 110184
32 1 110254
78 0 110327
85 0 110389
78 1 110447
85 1 110447
32 0 110492
32 1 110587
83 0 110587
85 0 110713
83 1 110714
85 1 110802
70 0 111212
70 1 111282
79 0 111299
79 1 111397
67 0 111522
65 0 111590
67 1 111635
78 0 111722
65 1 111722
78 1 111792
84 0 111878
84 1 111947
65 0 112062
188 0 112116
65 1 112157
188 1 112184
8 0 112655
8 1 112725
32 0 112838
32 1 112924
67 0 112925
67 1 112991
73 0 113036
73 1 113115
77 0 113189
77 1 113259
8 0 113492
8 1 113544
8 0 113605
8 1 113648
85 0 113776
85 1 113845
77 0 113927
77 1 113989
32 0 114049
69 0 114097
32 1 114117
32 0 114202
69 1 114203
32 1 114272
86 0 114354
65 0 114458
86 1 114493
65 1 114634
82 0 114798
82 1 114833
65 0 114862
65 1 114932
188 0 115259
188 1 115338
32 0 115411
32 1 115473
85 0 115539
78 0 115641
85 1 115642
68 0 115642
78 1 115691
69 0 115691
68 1 115733
32 0 115810
69 1 115810
32 1 115873
86 0 115899
86 1 116032
8 0 116184
8 1 116245
8 0 116319
8 1 116394
86 0 116394
65 0 116435
86 1 116479
32 0 116524
65 1 116563
32 1 116601
186 0 116682
186 1 116735
8 0 117027
8 1 117124
80 0 117246
80 1 117323
69 0 117323
32 0 117407
69 1 117407
32 1 117461
76 0 117524
76 1 117593
65 0 117593
32 0 117675
65 1 117676
32 1 117749
50 0 117844
48 0 117874
50 1 117911
48 1 117930
32 0 118021
32 1 118118
68 0 118141
69 0 118210
68 1 118244
32 0 118290
69 1 118339
32 1 118393
71 0 118812
71 1 118864
82 0 118955
65 0 118999
82 1 119041
65 1 119099
68 0 119146
69 0 119226
68 1 119268
32 0 119350
69 1 119391
32 1 119463
8 0 120025
8 1 120085
190 0 120238
190 1 120317
32 0 120534
32 1 120658
32 0 120693
32 1 120727
8 0 122661
8 1 122758
20 0 125021
20 1 125137
68 0 125247
68 1 125370
20 0 125370
20 1 125485
69 0 125551
69 1 125648
32 0 125731
32 1 125815
69 0 125815
69 1 125885
88 0 126031
88 1 126101
69 0 126288
69 1 126375
77 0 126456
77 1 126535
80 0 126616
76 0 126694
80 1 126739
76 1 126780
85 0 126882
85 1 126961
32 0 127063
32 1 127160
78 0 127821
85 0 127891
78 1 127925
85 1 127977
8 0 128899
8 1 128969
8 0 129040
8 0 129558
8 0 129593
8 0 129627
8 0 129661
8 0 129695
8 0 129730
8 0 129765
8 1 129766
8 0 129870
8 1 129940
8 0 130002
8 1 130045
8 0 130103
8 1 130157
8 0 130233
8 1 130290
20 0 130291
67 0 130411
20 1 130412
20 0 130490
67 1 130507
20 1 130603
73 0 130789
73 1 130813
8 0 131125
8 1 131204
72 0 131347
73 0 131391
72 1 131457
65 0 131457
73 1 131511
65 1 131569
82 0 131665
82 1 131753
32 0 131772
32 1 131842
68 0 131880
65 0 132012
68 1 132029
67 0 132131
65 1 132132
65 0 132192
32 0 132238
67 1 132239
32 1 132315
65 1 132315
78 0 132386
85 0 132428
78 1 132471
85 1 132505
189 0 132621
189 1 132701
77 0 132780
73 0 132878
77 1 132912
73 1 132955
32 0 132994
32 1 133064
80 0 133142
76 0 133194
80 1 133236
65 0 133236
76 1 133278
67 0 133343
65 1 133344
69 0 133431
67 1 133474
32 0 133492
69 1 133568
32 1 133596
70 0 133639
70 1 133773
82 0 134192
73 0 134253
82 1 134288
73 1 134330
71 0 134434
85 0 134511
71 1 134512
85 1 134582
76 0 134728
76 1 134807
188 0 134986
188 1 135047
32 0 135141
32 1 135237
85 0 135358
85 1 135464
8 0 135648
8 1 135709
78 0 135993
85 0 136108
78 1 136141
85 1 136175
32 0 136225
83 0 136300
32 1 136320
85 0 136395
83 1 136396
85 1 136465
80 0 136586
79 0 136664
80 1 136707
79 1 136750
84 0 136879
84 1 137020
8 0 137285
8 1 137381
82 0 137521
84 0 137628
82 1 137663
32 0 137748
84 1 137748
32 1 137838
78 0 138879
78 1 139012
73 0 139049
73 1 139191
67 0 139429
73 0 139501
67 1 139534
73 1 139569
32 0 139622
32 1 139701
80 0 139797
82 0 139845
80 1 139905
69 0 139905
82 1 139939
69 1 140008
65 0 140094
32 0 140150
65 1 140199
32 1 140228
66 0 140303
73 0 140347
66 1 140381
78 0 140450
73 1 140468
69 0 140498
78 1 140524
32 0 140593
69 1 140593
32 1 140682
67 0 141326
65 0 141404
67 1 141457
76 0 141503
65 1 141542
68 0 141603
76 1 141622
85 0 141724
68 1 141725
85 1 141839
82 0 141894
82 1 141991
65 0 142052
32 0 142117
65 1 142166
32 1 142221
8 0 142742
8 1 142812
32 0 142987
32 1 143048
80 0 143163
80 1 143221
85 0 143336
84 0 143361
85 1 143446
69 0 143446
84 1 143481
82 0 143568
69 1 143602
82 1 143681
78 0 143730
73 0 143829
78 1 143898
73 1 143940
67 0 143940
65 0 143978
67 1 144022
65 1 144136
190 0 144155
190 1 144260
32 0 144475
32 1 144572
20 0 144864
20 1 144934
77 0 144959
77 1 145046
20 0 145047
20 1 145170
8 0 145504
8 1 145646
20 0 145915
20 1 146065
90 0 146065
20 0 146162
90 1 146195
20 1 146301
8 0 146508
8 1 146587
20 0 146728
73 0 146850
20 1 146851
73 1 146918
20 0 146918
78 0 146998
20 1 147040
78 1 147067
32 0 147136
82 0 147176
32 1 147230
69 0 147252
82 1 147286
69 1 147383
83 0 147443
83 1 147567
84 0 147650
188 0 147730
84 1 147763
188 1 147807
32 0 147866
32 1 147971
73 0 148551
73 1 148640
77 0 148673
73 0 148743
77 1 148777
73 1 148803
32 0 148861
32 1 148941
80 0 149029
76 0 149063
80 1 149138
65 0 149138
76 1 149174
65 1 149231
67 0 149284
69 0 149372
67 1 149415
32 0 149496
69 1 149519
32 1 149591
86 0 149704
86 1 149784
82 0 149870
69 0 149949
82 1 149974
77 0 150051
69 1 150051
77 1 150128
69 0 150128
69 1 150197
65 0 150276
32 0 150341
65 1 150380
32 1 150436
68 0 150489
73 0 150533
68 1 150584
78 0 150601
73 1 150636
78 1 150659
32 0 150715
32 1 150830
90 0 151621
79 0 151694
90 1 151742
78 0 151769
79 1 151786
78 1 151870
65 0 151870
32 0 151934
65 1 151973
32 1 152020
78 0 152844
79 0 152905
78 1 152938
65 0 152979
79 1 153007
83 0 153065
65 1 153098
83 1 153160
84 0 153238
82 0 153298
84 1 153343
82 1 153387
65 0 153443
65 1 153575
32 0 153781
32 1 153859
8 0 154278
8 1 154321
8 0 154408
8 1 154460
8 0 154534
8 1 154586
8 0 154649
8 1 154692
8 0 154777
8 1 154821
8 0 154896
8 1 154940
83 0 155854
83 1 155951
84 0 155968
84 1 156081
82 0 156081
82 1 156132
65 0 156164
65 1 156287
32 0 156398
32 1 156469
85 0 156836
78 0 156897
85 1 156932
78 1 157008
68 0 157008
69 0 157076
68 1 157111
32 0 157138
69 1 157188
32 1 157206
69 0 157477
32 0 157566
69 1 157567
32 1 157627
77 0 157715
77 1 157774
65 0 157774
73 0 157884
65 1 157885
73 1 157957
32 0 158060
32 1 158130
77 0 158224
77 1 158285
85 0 158361
78 0 158448
85 1 158449
78 1 158499
84 0 158570
79 0 158622
84 1 158623
79 1 158675
83 0 159053
32 0 159136
83 1 159166
32 1 159213
80 0 159294
69 0 159344
80 1 159372
78 0 159492
69 1 159492
78 1 159560
84 0 159560
82 0 159619
84 1 159654
85 0 159679
85 1 159731
82 1 159755
32 0 159781
32 1 159851
67 0 159890
65 0 159940
67 1 159975
32 0 160011
65 1 160050
32 1 160089
86 0 160383
65 0 160460
86 1 160487
65 1 160582
82 0 160648
82 1 160769
65 0 160769
32 0 160860
32 1 160929
65 1 160929
78 0 161015
85 0 161077
78 1 161115
85 1 161115
32 0 161181
69 0 161229
32 1 161276
69 1 161325
83 0 161385
83 1 161483
84 0 161617
84 1 161722
69 0 161722
32 0 161802
69 1 161825
32 1 161889
65 0 161936
83 0 162040
65 1 162040
65 0 162109
83 1 162144
32 0 162190
65 1 162220
32 1 162285
68 0 162412
69 0 162455
68 1 162507
32 0 162593
69 1 162593
67 0 162644
32 1 162663
65 0 162720
67 1 162755
76 0 162826
65 1 162849
76 1 162927
68 0 162927
32 0 163024
68 1 163025
32 1 163130
83 0 163174
73 0 163279
83 1 163279
73 1 163332
32 0 163420
32 1 163509
65 0 163538
65 1 163679
8 0 163876
8 1 163956
73 0 164070
65 0 164128
73 1 164156
65 1 164241
82 0 164259
82 1 164356
78 0 164410
78 1 164478
65 0 164478
32 0 164598
65 1 164599
32 1 164671
69 0 164973
69 1 165052
32 0 165077
32 1 165164
80 0 165255
69 0 165256
80 1 165337
82 0 165386
69 1 165428
82 1 165526
70 0 165903
69 0 165946
70 1 165990
69 1 166058
67 0 166114
67 1 166211
84 0 166287
32 0 166412
84 1 166413
32 1 166490
80 0 166607
80 1 166658
69 0 166658
69 1 166751
78 0 166797
78 1 166885
84 0 166940
84 1 167055
82 0 167166
85 0 167279
82 1 167280
85 1 167340
32 0 167395
32 1 167492
83 0 167569
75 0 167683
83 1 167684
75 1 167726
73 0 167794
73 1 167896
65 0 167896
65 1 167965
84 0 168028
84 1 168097
32 0 168119
32 1 168189
83 0 168236
73 0 168281
73 1 168349
83 1 168349
32 0 168388
32 1 168475
65 0 168564
65 1 168723
76 0 168743
76 1 168867
84 0 169032
69 0 169110
84 1 169136
32 0 169226
69 1 169258
32 1 169325
69 0 169325
69 1 169403
65 0 169542
65 1 169647
8 0 169762
8 1 169814
8 0 169873
8 1 169926
65 0 169946
67 0 170063
65 1 170095
67 1 170165
84 0 170242
84 1 170339
73 0 170359
73 1 170453
86 0 170453
73 0 170515
86 1 170539
73 1 170609
84 0 170817
84 1 170903
65 0 170903
65 1 171024
84 0 171052
84 1 171131
73 0 171279
73 1 171386
32 0 171879
32 1 171941
79 0 172017
79 1 172106
8 0 172411
8 1 172462
77 0 172578
79 0 172640
77 1 172664
79 1 172735
78 0 172766
78 1 172836
84 0 173039
84 1 173123
65 0 173123
65 1 173257
78 0 173306
78 1 173409
69 0 173409
69 1 173478
188 0 173517
188 1 173559
32 0 173664
32 1 173734
20 0 173760
20 1 173921
8 0 174055
8 1 174107
32 0 174587
32 1 174666
20 0 174688
20 1 174785
68 0 174881
69 0 174985
68 1 175010
32 0 175087
69 1 175088
32 1 175152
65 0 175222
83 0 175329
65 1 175353
83 1 175423
69 0 175506
69 1 175576
8 0 175702
8 1 175764
8 0 175852
8 1 175905
8 0 175969
8 1 176011
8 0 176068
8 1 176120
8 0 176187
8 1 176248
8 0 176316
8 1 176367
8 0 176444
8 1 176514
8 0 176566
8 1 176609
190 0 176994
190 1 177064
32 0 177146
20 0 177187
32 1 177206
68 0 177317
20 1 177318
20 0 177385
68 1 177411
20 1 177499
69 0 177518
69 1 177598
32 0 177635
32 1 177735
65 0 177735
65 1 177841
76 0 177860
76 1 177974
84 0 178174
84 1 178244
70 0 178361
69 0 178395
70 1 178429
76 0 178455
69 1 178505
76 1 178541
32 0 178577
32 1 178664
73 0 178734
73 1 178847
77 0 178847
73 0 178917
77 1 178950
73 1 178968
32 0 179019
32 1 179089
80 0 179164
76 0 179206
80 1 179271
65 0 179272
76 1 179317
67 0 179399
65 1 179400
69 0 179488
32 0 179523
67 1 179524
32 1 179584
69 1 179615
77 0 179656
77 1 179725
85 0 179795
85 1 179838
76 0 179924
76 1 180002
84 0 180002
32 0 180077
84 1 180077
32 1 180140
83 0 180219
73 0 180255
73 1 180298
83 1 180321
32 0 180357
32 1 180463
72 0 181414
73 0 181501
72 1 181501
73 1 181563
75 0 181683
75 1 181736
73 0 181882
73 1 181962
78 0 182026
78 1 182096
71 0 182155
71 1 182234
189 0 182745
189 1 182823
85 0 182945
85 1 182988
76 0 183070
76 1 183140
190 0 183225
190 1 183295
20 0 186226
20 1 186341
20 0 186461
20 1 186576
20 0 186751
20 1 186830
79 0 186848
79 1 186941
20 0 186941
32 0 187027
20 1 187027
32 1 187104
90 0 187104
73 0 187175
90 1 187207
73 1 187234
32 0 187282
32 1 187378
68 0 187378
68 1 187471
8 0 187638
8 1 187708
73 0 187813
68 0 187864
73 1 187919
69 0 187919
68 1 187970
69 1 188030
65 0 188079
76 0 188212
65 1 188212
76 1 188304
65 0 188304
32 0 188420
65 1 188420
32 1 188490
69 0 188562
32 0 188660
69 1 188661
32 1 188748
83 0 189277
73 0 189348
83 1 189381
73 1 189443
71 0 189531
85 0 189592
71 1 189616
85 1 189677
82 0 189677
82 1 189727
32 0 189745
32 1 189825
79 0 189887
79 1 189939
32 0 189988
32 1 190079
90 0 190079
90 1 190176
73 0 190194
73 1 190273
32 0 190322
32 1 190401
73 0 190496
78 0 190565
73 1 190601
78 1 190624
32 0 190665
67 0 190732
32 1 190751
65 0 190790
67 1 190817
65 1 190902
82 0 191001
82 1 191096
69 0 191096
32 0 191141
69 1 191173
32 1 191210
78 0 191308
78 1 191378
8 0 191967
8 1 192065
79 0 192882
79 1 192952
82 0 192985
73 0 193056
82 1 193080
73 1 193124
32 0 193171
32 1 193232
78 0 193324
85 0 193325
78 1 193401
85 1 193401
32 0 193447
32 1 193524
65 0 193524
65 1 193661
77 0 193770
77 1 193830
32 0 193898
32 1 193960
80 0 194057
82 0 194097
80 1 194138
69 0 194138
82 1 194181
69 1 194242
65 0 194316
32 0 194366
65 1 194367
32 1 194422
77 0 194482
77 1 194543
85 0 194624
85 1 194676
76 0 194749
84 0 194818
76 1 194834
69 0 194884
84 1 194910
32 0 194937
69 1 194986
32 1 195013
68 0 195149
68 1 195273
69 0 195322
32 0 195444
69 1 195445
32 1 195515
70 0 195515
65 0 195598
70 1 195625
67 0 195701
65 1 195702
85 0 195781
85 1 195849
67 1 195849
84 0 195914
188 0 195985
84 1 196009
188 1 196025
32 0 196111
32 1 196163
79 0 196264
79 1 196334
82 0 196379
82 1 196494
73 0 196510
73 1 196598
32 0 196756
32 1 196869
67 0 196870
67 1 196953
8 0 197138
8 1 197239
65 0 197239
77 0 197319
65 1 197341
77 1 197396
32 0 197458
83 0 197516
32 1 197535
73 0 197586
83 1 197617
73 1 197653
32 0 197701
83 0 197741
32 1 197787
83 1 197844
84 0 198036
73 0 198088
84 1 198121
85 0 198147
73 1 198206
85 1 198207
32 0 198264
32 1 198362
70 0 198483
70 1 198562
79 0 198582
79 1 198651
65 0 198651
65 1 198762
82 0 198876
82 1 198982
84 0 199056
69 0 199117
84 1 199133
32 0 199214
69 1 199246
32 1 199291
66 0 199370
73 0 199447
66 1 199447
73 1 199552
78 0 199552
69 0 199601
78 1 199629
32 0 199694
69 1 199695
32 1 199798
67 0 199798
85 0 199868
67 1 199919
85 1 199945
77 0 200006
77 1 200086
32 0 200148
32 1 200236
85 0 200365
85 1 200444
82 0 200531
77 0 200635
82 1 200636
77 1 200706
69 0 200762
69 1 200868
65 0 200989
90 0 201104
65 1 201105
65 0 201174
32 0 201233
90 1 201233
32 1 201296
65 1 201296
78 0 201398
78 1 201474
83 0 201474
65 0 201543
83 1 201586
65 1 201629
8 0 201722
8 1 201765
8 0 201830
8 1 201873
8 0 201958
83 0 202006
8 1 202035
65 0 202073
83 1 202117
32 0 202154
65 1 202194
32 1 202232
77 0 202303
77 1 202397
65 0 202397
32 0 202460
65 1 202500
32 1 202528
79 0 202589
79 1 202668
82 0 202718
82 1 202806
71 0 202890
71 1 202948
65 0 202948
65 1 203063
78 0 203097
73 0 203167
78 1 203227
73 1 203285
90 0 203285
90 1 203381
69 0 203544
69 1 203614
90 0 203754
32 0 203784
32 1 203879
90 1 203879
73 0 203946
78 0 204007
73 1 204033
78 1 204074
32 0 204128
32 1 204228
90 0 204228
73 0 204318
90 1 204349
85 0 204384
73 1 204428
85 1 204461
65 0 204487
32 0 204591
65 1 204592
32 1 204683
69 0 204755
69 1 204879
8 0 205046
8 1 205140
82 0 205140
69 0 205172
82 1 205225
69 1 205302
83 0 205404
80 0 205520
83 1 205521
69 0 205605
80 1 205624
69 1 205709
67 0 205789
67 1 205877
84 0 205960
73 0 206055
84 1 206056
73 1 206117
86 0 206166
65 0 206225
86 1 206253
190 0 206297
190 1 206373
65 1 206374
32 0 206443
32 1 206701
20 0 208775
77 0 208872
20 1 208872
77 1 208947
20 0 208947
20 1 209053
65 0 209086
32 0 209194
65 1 209194
32 1 209290
84 0 209384
82 0 209435
84 1 209504
69 0 209504
82 1 209546
69 1 209598
90 0 209839
90 1 209900
69 0 210009
69 1 210088
83 0 210171
83 1 210304
67 0 210364
32 0 210477
67 1 210477
32 1 210541
68 0 210587
69 0 210665
68 1 210718
32 0 210781
69 1 210812
32 1 210867
79 0 210965
79 1 211035
66 0 211120
73 0 211191
66 1 211215
69 0 211266
73 1 211311
69 1 211370
67 0 211434
67 1 211532
73 0 211549
73 1 211637
8 0 211902
8 1 211954
8 0 212034
8 1 212087
8 0 212151
8 1 212195
8 0 212275
8 1 212345
8 0 212426
8 1 212514
8 0 212576
8 1 212619
8 0 212672
8 1 212725
32 0 213137
32 1 213198
79 0 213285
79 1 213346
66 0 213435
73 0 213512
66 1 213513
73 1 213619
67 0 213933
67 1 214039
69 0 214202
73 0 214264
69 1 214288
73 1 214350
32 0 214390
32 1 214489
80 0 214599
80 1 214678
69 0 214703
32 0 214758
69 1 214780
32 1 214826
76 0 214883
76 1 214978
65 0 214978
32 0 215031
65 1 215070
32 1 215171
16 0 215853
186 0 215963
16 1 216059
186 1 216059
51 0 216136
51 1 216197
57 0 216221
57 1 216273
8 0 216507
8 1 216568
8 0 216644
8 1 216687
8 0 216752
8 1 216804
55 0 217315
16 0 217354
55 1 217392
186 0 217418
16 1 217505
186 1 217505
51 0 217569
48 0 217631
51 1 217672
48 1 217727
32 0 218108
32 1 218178
73 0 218232
78 0 218284
73 1 218318
78 1 218342
32 0 218404
84 0 218463
32 1 218481
84 1 218503
73 0 218524
73 1 218612
77 0 218652
77 1 218704
80 0 219153
80 1 219232
85 0 219356
85 1 219426
76 0 219530
76 1 219563
32 0 219626
32 1 219713
83 0 219763
65 0 219806
83 1 219840
80 0 219913
65 1 219943
80 1 219980
77 0 220076
77 1 220155
8 0 220484
8 1 220554
84 0 220708
84 1 220777
65 0 220813
65 1 220920
77 0 220942
77 1 221031
65 0 221058
78 0 221139
65 1 221162
73 0 221224
78 1 221224
73 1 221285
73 0 221350
73 1 221411
188 0 221570
188 1 221621
32 0 221727
32 1 221797
73 0 221864
65 0 221913
73 1 221949
65 1 221999
84 0 222069
84 1 222157
32 0 222175
32 1 222264
73 0 222344
78 0 222414
73 1 222431
78 1 222455
32 0 222512
32 1 222600
8 0 222738
8 1 222781
8 0 222840
8 1 222892
8 0 222956
8 1 223007
8 0 223073
8 1 223116
8 0 223188
8 1 223259
82 0 223334
82 1 223413
32 0 223439
32 1 223509
73 0 223572
78 0 223623
73 1 223666
78 1 223691
32 0 223741
32 1 223842
87 0 223842
87 1 223956
69 0 224035
69 1 224104
69 0 224179
69 1 224240
75 0 224337
75 1 224431
69 0 224431
69 1 224518
78 0 224553
78 1 224638
68 0 224638
68 1 224734
32 0 224764
32 1 224852
86 0 224941
86 1 225083
65 0 225083
65 1 225194
82 0 225926
82 1 226005
73 0 226034
73 1 226138
65 0 226138
65 1 226259
90 0 226680
65 0 226722
90 1 226747
65 1 226862
188 0 226922
188 1 226973
32 0 227088
32 1 227171
68 0 227171
65 0 227231
68 1 227274
65 1 227352
82 0 227424
32 0 227510
82 1 227511
32 1 227582
80 0 227647
79 0 227707
65 0 227738
80 1 227758
79 1 227827
65 1 227850
84 0 227952
69 0 228048
84 1 228074
32 0 228146
69 1 228178
32 1 228241
83 0 228294
83 1 228470
65 0 228470
32 0 228498
65 1 228583
32 1 228611
68 0 228707
85 0 228821
68 1 228821
85 1 228935
82 0 229039
69 0 229108
82 1 229143
69 1 229256
90 0 229394
90 1 229481
69 0 229587
32 0 229682
69 1 229683
32 1 229763
8 0 230069
8 1 230130
8 0 230199
8 1 230241
8 0 230311
8 1 230363
8 0 230392
8 0 230911
8 0 230945
8 0 230979
8 0 231013
8 0 231048
8 0 231082
8 0 231116
8 0 231150
8 0 231184
8 0 231218
8 0 231254
8 0 231287
8 1 231306
8 0 231487
8 1 231539
8 0 231618
8 1 231669
82 0 232141
82 1 232201
32 0 232226
32 1 232288
73 0 232339
78 0 232399
73 1 232443
78 1 232467
32 0 232504
32 1 232582
71 0 232657
71 1 232743
69 0 232743
69 1 232866
78 0 232922
69 0 232990
78 1 233007
82 0 233103
69 1 233129
82 1 233216
65 0 233285
76 0 233349
76 1 233399
65 1 233399
32 0 233456
32 1 233535
77 0 233609
65 0 233641
77 1 233660
32 0 233713
65 1 233735
32 1 233808
84 0 233857
82 0 233936
84 1 233979
82 1 234058
69 0 234140
69 1 234228
90 0 234367
90 1 234446
69 0 234605
69 1 234702
83 0 234823
83 1 234965
67 0 235042
32 0 235212
67 1 235213
32 1 235291
83 0 235334
73 0 235441
83 1 235474
73 1 235545
71 0 235658
85 0 235719
71 1 235752
82 0 235804
85 1 235830
82 1 235881
32 0 235916
32 1 235995
73 0 236138
73 1 236242
78 0 236242
65 0 236282
78 1 236309
65 1 236458
73 0 236825
78 0 236975
73 1 237000
84 0 237051
78 1 237086
69 0 237119
84 1 237144
32 0 237189
69 1 237238
32 1 237275
68 0 237304
69 0 237365
32 0 237418
68 1 237419
32 1 237502
69 1 237502
79 0 237694
79 1 237765
82 0 237941
82 1 238021
65 0 238571
65 1 238686
32 0 238761
32 1 238870
49 0 238870
49 1 238984
49 0 239084
49 1 239208
188 0 239419
188 1 239498
32 0 239586
32 1 239656
67 0 239696
85 0 239775
67 1 239809
85 1 239852
77 0 239983
86 0 239984
77 1 240017
86 1 240121
65 0 240121
32 0 240220
65 1 240268
32 1 240404
84 0 241226
84 1 241330
82 0 241330
82 1 241391
69 0 241504
69 1 241602
73 0 241825
73 1 241913
84 0 242090
84 1 242214
8 0 242382
8 1 242443
8 0 242509
8 1 242570
90 0 243029
90 1 243144
73 0 243168
73 1 243272
84 0 243272
84 1 243377
85 0 243628
85 1 243716
76 0 243832
76 1 243884
32 0 243934
68 0 244001
32 1 244020
69 0 244068
68 1 244111
32 0 244130
32 1 244214
69 1 244214
68 0 244679
73 0 244766
68 1 244766
73 1 244837
77 0 244891
73 0 244977
77 1 244978
78 0 245037
73 1 245054
78 1 245133
69 0 245160
69 1 245256
65 0 245256
65 1 245360
84 0 245378
84 1 245462
65 0 245462
32 0 245530
65 1 245530
32 1 245621
65 0 245621
32 0 245689
65 1 245719
32 1 245766
68 0 245811
69 0 245890
68 1 245942
86 0 245975
69 1 246000
86 1 246053
69 0 246103
69 1 246218
8 0 246427
8 1 246506
8 0 246564
8 1 246607
8 0 246665
8 1 246736
68 0 246760
69 0 246830
68 1 246882
69 1 247005
8 0 247234
8 1 247277
8 0 247342
69 0 247381
8 1 247400
69 1 247485
86 0 247532
86 1 247646
69 0 247646
78 0 247733
69 1 247785
73 0 247811
78 1 247844
73 1 247895
84 0 247895
32 0 247988
84 1 247989
32 1 248043
77 0 248111
77 1 248205
65 0 248206
73 0 248259
73 1 248318
65 1 248318
32 0 248357
65 0 248405
32 1 248443
85 0 248502
65 1 248525
85 1 248597
84 0 248626
84 1 248715
79 0 248749
79 1 248861
77 0 248862
77 1 248921
65 0 248957
65 1 249063
84 0 249134
84 1 249230
32 0 249252
32 1 249341
68 0 249411
69 0 249490
68 1 249523
32 0 249542
69 1 249600
32 1 249646
67 0 249692
65 0 249760
67 1 249786
78 0 249812
65 1 249870
78 1 249889
68 0 249925
32 0 250020
68 1 250021
32 1 250102
67 0 250367
85 0 250429
67 1 250462
85 1 250496
32 0 250533
32 1 250648
83 0 250789
83 1 250868
67 0 250952
67 1 251040
79 0 251078
79 1 251174
65 0 251213
65 1 251292
76 0 251317
76 1 251419
65 0 251419
188 0 251525
65 1 251526
188 1 251603
32 0 251714
32 1 251794
76 0 252329
76 1 252380
67 0 252714
67 1 252829
8 0 253054
8 1 253124
85 0 253266
85 1 253372
8 0 253600
8 1 253688
8 0 253755
8 1 253798
8 0 253873
8 1 253917
8 0 254926
8 1 254988
32 0 255458
32 1 255541
83 0 255541
73 0 255618
83 1 255619
73 1 255662
32 0 255709
65 0 255757
32 1 255795
76 0 255886
65 1 255887
76 1 255968
84 0 256021
84 1 256136
69 0 256223
32 0 256363
69 1 256363
32 1 256445
84 0 256535
82 0 256596
84 1 256630
82 1 256709
69 0 256772
66 0 256842
69 1 256885
85 0 256955
66 1 256980
85 1 257039
69 0 257039
69 1 257099
8 0 257369
8 1 257413
8 0 257487
8 1 257539
85 0 257973
85 1 258044
82 0 258108
73 0 258171
82 1 258203
73 1 258238
32 0 258295
32 1 258374
80 0 258646
80 1 258717
69 0 258787
69 1 258919
32 0 258950
32 1 259038
67 0 259060
65 0 259120
67 1 259164
65 1 259215
82 0 259296
82 1 259400
69 0 259400
69 1 259505
32 0 259621
32 1 259709
84 0 259739
82 0 259791
84 1 259834
82 1 259904
69 0 259983
66 0 260044
69 1 260096
85 0 260121
66 1 260164
85 1 260216
73 0 260256
69 0 260324
73 1 260351
69 1 260410
32 0 260448
32 1 260536
83 0 260561
65 0 260648
32 0 260676
83 1 260676
32 1 260736
65 1 260757
76 0 260797
76 1 260883
69 0 260883
32 0 260954
69 1 260994
32 1 261038
70 0 261038
65 0 261139
70 1 261184
67 0 261296
65 1 261297
67 1 261420
32 0 261439
32 1 261509
78 0 261705
78 1 261794
8 0 261997
8 1 262076
73 0 262182
78 0 262232
73 1 262276
78 1 262300
32 0 262348
32 1 262441
84 0 262441
73 0 262508
84 1 262509
73 1 262570
77 0 262597
77 1 262677
80 0 262741
80 1 262820
85 0 262923
85 1 262974
76 0 263071
76 1 263114
32 0 263169
32 1 263257
90 0 263319
73 0 263409
90 1 263432
73 1 263495
76 0 263587
76 1 263683
69 0 263683
73 0 263786
69 1 263786
73 1 263864
190 0 264035
190 1 264131
32 0 264237
32 1 264335
20 0 264618
20 1 264751
86 0 265113
86 1 265199
20 0 265199
20 1 265295
8 0 265728
8 1 265788
20 0 265843
65 0 265938
20 1 265964
20 0 266025
65 1 266067
20 1 266138
32 0 266177
32 1 266250
83 0 266250
83 1 266328
8 0 266497
8 1 266559
8 0 266636
8 1 266686
83 0 266686
83 1 266761
32 0 266802
32 1 266881
86 0 266994
86 1 267099
82 0 267235
69 0 267313
82 1 267338
69 1 267417
65 0 267478
32 0 267582
65 1 267582
32 1 267686
83 0 267686
65 0 267728
83 1 267772
32 0 267791
65 1 267866
32 1 267886
77 0 267954
69 0 268004
77 1 268049
82 0 268126
69 1 268160
82 1 268230
70 0 268381
70 1 268461
32 0 268487
32 1 268593
8 0 268978
8 1 269021
8 0 269119
8 1 269163
71 0 269189
71 1 269260
32 0 269336
32 1 269452
8 0 271575
8 0 272093
8 0 272127
8 0 272162
8 0 272196
8 0 272230
8 0 272264
8 0 272299
8 0 272333
8 0 272367
8 0 272401
8 0 272436
8 0 272470
8 0 272504
8 1 272506
8 0 272651
8 1 272712
8 0 272777
8 1 272838
20 0 272914
68 0 273036
20 1 273037
68 1 273132
20 0 273132
20 1 273300
69 0 273338
69 1 273453
32 0 273487
32 1 273594
68 0 273615
69 0 273738
73 0 273808
68 1 273809
69 1 273849
73 1 273866
8 0 274003
8 1 274063
8 0 274133
8 1 274176
73 0 274287
73 1 274357
77 0 274397
77 1 274502
73 0 274520
73 1 274687
78 0 274687
78 1 274789
69 0 274789
69 1 274877
65 0 274958
84 0 275064
65 1 275064
84 1 275141
65 0 275141
32 0 275186
65 1 275233
32 1 275262
78 0 275344
85 0 275404
78 1 275464
85 1 275464
32 0 275513
32 1 275600
80 0 275710
80 1 275824
79 0 275824
79 1 275881
84 0 275881
84 1 275941
32 0 275988
32 1 276076
83 0 276105
65 0 276175
32 0 276211
83 1 276211
32 1 276263
65 1 276284
77 0 276324
77 1 276402
65 0 276402
78 0 276476
65 1 276476
78 1 276545
65 0 276545
78 0 276597
65 1 276647
78 1 276674
67 0 276705
32 0 276800
67 1 276800
32 1 276873
78 0 277076
73 0 277146
78 1 277189
73 1 277232
77 0 277281
73 0 277343
73 1 277425
77 1 277425
67 0 277425
67 1 277494
188 0 277547
188 1 277599
32 0 277684
32 1 277772
77 0 277895
77 1 277980
65 0 277980
65 1 278103
73 0 278243
73 1 278331
8 0 278502
8 1 278570
88 0 278570
88 1 278663
73 0 278683
77 0 278780
73 1 278796
77 1 278840
32 0 278887
32 1 278992
66 0 279297
69 0 279348
66 1 279374
69 1 279434
65 0 279472
85 0 279489
85 1 279569
32 0 279612
65 1 279612
32 1 279673
85 0 279738
78 0 279824
85 1 279825
78 1 279885
32 0 279956
32 1 280026
80 0 280092
80 1 280179
72 0 280306
65 0 280307
72 1 280358
65 1 280408
8 0 280605
8 1 280675
8 0 280747
8 1 280799
65 0 281104
65 1 281219
72 0 281275
65 0 281342
72 1 281360
65 1 281446
82 0 281504
32 0 281573
82 1 281573
32 1 281636
67 0 281674
85 0 281717
85 1 281786
67 1 281786
32 0 281818
32 1 281909
65 0 281909
80 0 281998
65 1 281999
65 0 282064
80 1 282084
32 0 282188
65 1 282189
32 1 282288
83 0 282288
73 0 282386
83 1 282410
73 1 282446
32 0 282490
32 1 282577
65 0 282822
66 0 282944
65 1 282945
73 0 282989
66 1 283022
73 1 283092
65 0 283156
32 0 283300
65 1 283301
32 1 283378
80 0 283480
69 0 283521
80 1 283580
69 1 283580
83 0 283630
83 1 283745
84 0 283838
84 1 283952
69 0 283952
32 0 284085
69 1 284085
32 1 284177
67 0 284177
65 0 284335
67 1 284369
84 0 284449
65 1 284472
84 1 284559
69 0 284560
86 0 284636
69 1 284637
86 1 284722
65 0 284722
32 0 284824
65 1 284825
32 1 284890
79 0 284996
65 0 285063
79 1 285092
65 1 285184
8 0 285388
8 1 285439
82 0 285439
69 0 285487
82 1 285514
32 0 285607
69 1 285607
32 1 285671
65 0 285727
80 0 285810
65 1 285840
80 1 285878
85 0 285984
85 1 286062
67 0 286139
67 1 286236
32 0 286268
32 1 286347
83 0 286666
65 0 286753
83 1 286778
32 0 286797
32 1 286866
65 1 286866
77 0 286940
65 0 286990
77 1 287008
78 0 287103
65 1 287104
78 1 287178
65 0 287178
78 0 287273
65 1 287273
78 1 287317
67 0 287343
32 0 287428
67 1 287429
32 1 287492
67 0 287598
65 0 287667
67 1 287693
65 1 287834
78 0 287868
78 1 287956
68 0 287989
32 0 288044
68 1 288066
32 1 288103
77 0 288175
77 1 288235
65 0 288235
32 0 288318
65 1 288319
32 1 288395
65 0 288395
80 0 288477
65 1 288498
80 1 288554
85 0 288682
67 0 288683
85 1 288743
65 0 288766
67 1 288792
32 0 288829
65 1 288887
32 1 288924
70 0 289339
79 0 289424
70 1 289425
79 1 289485
65 0 289485
77 0 289604
65 1 289604
77 1 289666
69 0 289756
69 1 289862
190 0 289899
190 1 289951
8 0 290397
8 1 290476
65 0 290505
190 0 290603
65 1 290604
190 1 290673
32 0 290776
20 0 290834
32 1 290854
20 1 290920
73 0 290999
73 1 291102
20 0 291102
78 0 291181
20 1 291214
78 1 291267
65 0 291470
65 1 291639
73 0 291656
78 0 291717
73 1 291743
78 1 291837
84 0 291837
84 1 291915
32 0 291993
32 1 292080
8 0 292274
69 0 292323
8 1 292351
32 0 292446
69 1 292446
32 1 292507
77 0 292579
65 0 292638
77 1 292656
78 0 292743
65 1 292766
78 1 292836
67 0 292836
65 0 292895
67 1 292939
65 1 293025
77 0 293482
77 1 293553
32 0 293618
32 1 293697
77 0 293775
77 1 293852
65 0 293853
73 0 293922
65 1 293953
73 1 293981
32 0 294037
32 1 294259
77 0 295657
77 1 295728
85 0 295817
85 1 295878
84 0 295947
76 0 295983
84 1 296006
76 1 296023
32 0 296081
32 1 296178
8 0 296560
8 1 296612
8 0 296705
8 1 296739
8 0 296824
8 1 296859
76 0 297010
76 1 297087
84 0 297087
32 0 297201
84 1 297202
32 1 297343
8 0 299824
8 1 299876
8 0 300030
8 1 300136
8 0 300227
8 1 300270
8 0 300372
8 1 300406
8 0 300488
8 1 300531
8 0 300715
8 1 300767
8 0 300846
8 1 301006
8 0 301091
8 1 301152
8 0 301218
8 1 301301
68 0 301301
69 0 301362
68 1 301404
32 0 301469
69 1 301491
32 1 301568
68 0 301568
73 0 301689
68 1 301690
73 1 301761
77 0 301810
77 1 301882
73 0 301897
78 0 301983
73 1 302009
69 0 302051
78 1 302076
69 1 302136
65 0 302193
84 0 302326
65 1 302327
84 1 302419
65 0 302419
32 0 302492
65 1 302513
32 1 302619
68 0 302619
68 1 302671
65 0 302951
65 1 303076
8 0 303136
8 1 303188
68 0 303494
65 0 303554
68 1 303598
65 1 303720
8 0 303840
8 1 303891
8 0 303952
8 1 304021
65 0 304021
65 1 304104
82 0 304189
32 0 304260
82 1 304261
32 1 304347
65 0 304952
65 1 305094
77 0 305152
77 1 305240
32 0 305309
65 0 305375
32 1 305395
65 1 305479
74 0 305701
85 0 305797
74 1 305832
85 1 305883
78 0 305933
78 1 306001
83 0 306001
83 1 306068
32 0 306088
83 0 306145
32 1 306165
65 0 306203
83 1 306229
32 0 306258
32 1 306331
65 1 306331
77 0 306373
77 1 306450
65 0 306450
32 0 306530
65 1 306561
32 1 306616
68 0 306678
69 0 306739
68 1 306773
69 1 306878
90 0 307164
90 1 307270
79 0 307399
79 1 307496
66 0 307609
73 0 307661
66 1 307703
73 1 307774
83 0 307895
83 1 308010
78 0 308423
85 0 308475
78 1 308527
85 1 308561
73 0 308627
73 1 308714
84 0 308714
84 1 308782
32 0 308839
32 1 308918
8 0 309164
8 1 309207
8 0 309270
8 1 309331
69 0 309426
69 1 309515
83 0 309623
83 1 309702
67 0 309727
32 0 309822
67 1 309823
32 1 309877
80 0 309961
80 1 310054
69 0 310054
78 0 310184
69 1 310184
78 1 310246
84 0 310286
82 0 310338
84 1 310371
85 0 310414
85 1 310484
82 1 310484
32 0 310528
32 1 310644
67 0 310751
65 0 310810
67 1 310864
32 0 310891
65 1 310948
32 1 310986
68 0 311121
69 0 311199
32 0 311244
68 1 311244
32 1 311313
69 1 311335
77 0 311397
77 1 311467
85 0 311532
85 1 311583
76 0 311681
84 0 311731
76 1 311758
84 1 311834
69 0 311834
32 0 311932
69 1 311981
32 1 312009
79 0 312106
79 1 312193
82 0 312193
73 0 312286
82 1 312287
73 1 312338
32 0 312372
32 1 312452
78 0 312516
78 1 312613
32 0 312664
32 1 312761
8 0 312959
8 1 313011
85 0 313129
85 1 313206
32 0 313243
65 0 313300
32 1 313347
65 1 313404
86 0 313473
69 0 313641
86 1 313658
69 1 313807
65 0 313944
65 1 314059
77 0 314110
77 1 314234
32 0 314397
32 1 314494
84 0 314633
73 0 314677
84 1 314710
73 1 314790
77 0 314816
77 1 314878
80 0 315008
80 1 315122
190 0 315235
190 1 315394
8 0 315704
8 1 315765
32 0 315883
32 1 315962
68 0 315988
69 0 316023
68 1 316111
32 0 316183
69 1 316205
32 1 316308
65 0 316308
83 0 316378
84 0 316438
65 1 316439
83 1 316481
84 1 316524
65 0 316632
65 1 316792
190 0 316827
190 1 316915
20 0 321632
20 1 321737
80 0 321756
80 1 321843
20 0 321843
20 1 321954
65 0 322001
65 1 322108
82 0 322272
69 0 322369
82 1 322394
69 1 322463
65 0 322709
65 1 322850
8 0 323038
8 1 323107
82 0 323146
82 1 323242
69 0 323242
69 1 323355
65 0 323445
32 0 323552
65 1 323553
32 1 323658
69 0 323843
32 0 323956
69 1 323956
32 1 324020
85 0 324105
78 0 324184
85 1 324185
78 1 324260
65 0 324261
32 0 324342
65 1 324372
32 1 324429
83 0 324517
83 1 324632
8 0 324908
8 1 325019
68 0 325019
69 0 325087
68 1 325131
69 1 325175
83 0 325241
83 1 325329
84 0 325421
85 0 325483
84 1 325517
85 1 325551
76 0 325653
76 1 325713
32 0 325753
68 0 325802
32 1 325821
69 0 325870
32 0 325923
68 1 325923
32 1 325983
69 1 325983
83 0 326127
73 0 326189
83 1 326222
73 1 326249
77 0 326365
73 0 326391
77 1 326434
73 1 326468
76 0 326548
76 1 326628
65 0 326655
82 0 326805
65 1 326806
82 1 326927
65 0 326927
32 0 327078
65 1 327078
32 1 327147
67 0 327178
85 0 327240
67 1 327273
85 1 327298
32 0 327349
32 1 327441
65 0 327441
65 1 327537
76 0 327557
76 1 327619
8 0 327835
8 1 327905
32 0 328002
32 1 328093
65 0 328093
65 1 328217
79 0 328392
79 1 328472
8 0 328731
8 1 328819
76 0 328903
76 1 328974
79 0 329048
79 1 329126
82 0 329127
82 1 329239
32 0 329378
32 1 329484
84 0 331208
73 0 331234
84 1 331276
78 0 331311
73 1 331336
78 1 331404
69 0 331404
82 0 331508
73 0 331559
69 1 331560
73 1 331618
82 1 331618
32 0 331649
32 1 331744
68 0 331744
69 0 331801
68 1 331844
32 0 331873
69 1 331940
32 1 331967
86 0 332134
86 1 332218
65 0 332218
82 0 332324
65 1 332324
82 1 332411
83 0 332718
84 0 332804
83 1 332805
84 1 332889
65 0 332889
32 0 332962
65 1 332984
32 1 333039
77 0 333135
77 1 333195
69 0 333195
69 1 333299
65 0 333392
188 0 333523
65 1 333523
188 1 333577
32 0 333649
32 1 333728
67 0 333806
67 1 333903
69 0 334458
69 1 334536
76 0 334572
76 1 334669
32 0 334743
32 1 334813
80 0 334901
80 1 334953
85 0 335060
85 1 335146
84 0 335146
73 0 335224
84 1 335224
78 0 335257
73 1 335301
78 1 335334
32 0 335394
65 0 335424
32 1 335480
83 0 335562
65 1 335563
65 0 335640
83 1 335666
32 0 335704
65 1 335752
32 1 335789
67 0 335823
67 1 335901
82 0 336015
69 0 336085
82 1 336120
16 0 336239
69 1 336239
68 0 336274
186 0 336311
68 1 336333
16 1 336407
186 1 336407
32 0 336660
32 1 336793
8 0 340765
8 1 340799
8 0 340872
8 1 340924
8 0 340949
8 1 341002
8 0 341129
8 1 341190
69 0 341783
69 1 341845
68 0 341903
16 0 341969
68 1 341989
186 0 342016
16 1 342090
186 1 342111
32 0 342220
32 1 342291
77 0 342374
77 1 342435
85 0 342523
85 1 342584
76 0 342660
84 0 342719
76 1 342738
84 1 342787
65 0 342912
32 0 343002
65 1 343003
32 1 343072
84 0 343098
69 0 343194
84 1 343220
69 1 343344
79 0 343365
79 1 343435
82 0 343620
73 0 343724
82 1 343724
73 1 343803
8 0 343982
8 1 344053
8 0 344109
8 1 344152
8 0 344207
8 1 344277
79 0 344738
79 1 344817
82 0 344965
73 0 345052
82 1 345053
73 1 345138
69 0 345138
69 1 345233
188 0 345250
188 1 345320
32 0 345377
32 1 345457
77 0 345518
77 1 345597
85 0 345638
85 1 345726
76 0 345825
76 1 345904
84 0 345939
32 0 346025
84 1 346026
32 1 346133
80 0 346291
80 1 346361
65 0 346361
65 1 346452
82 0 346563
69 0 346615
82 1 346658
69 1 346773
8 0 346870
8 1 346931
8 0 346991
8 1 347034
8 0 347109
82 0 347159
8 1 347177
69 0 347235
82 1 347260
69 1 347347
65 0 347427
32 0 347492
32 1 347566
65 1 347566
80 0 347634
80 1 347713
85 0 348017
85 1 348105
84 0 348179
73 0 348257
84 1 348258
78 0 348308
73 1 348343
78 1 348394
83 0 348447
83 1 348589
8 0 348761
8 1 348834
65 0 348834
32 0 348916
65 1 348937
32 1 348993
80 0 349092
80 1 349190
82 0 349232
82 1 349346
65 0 349487
65 1 349639
67 0 349677
67 1 349792
84 0 349882
84 1 349971
73 0 349987
73 1 350091
84 0 350092
84 1 350159
8 0 350466
8 1 350540
67 0 350540
65 0 350608
67 1 350634
32 0 350689
65 1 350710
32 1 350775
83 0 350796
73 0 350893
83 1 350894
73 1 350936
32 0 350977
65 0 351034
32 1 351081
65 1 351120
83 0 351210
65 0 351306
83 1 351332
65 1 351446
8 0 351552
8 1 351595
8 0 351666
8 1 351727
8 0 351796
8 1 351847
8 0 351909
8 1 351960
8 0 352026
8 1 352078
8 0 352149
8 1 352202
8 0 352272
8 1 352334
8 0 352401
8 1 352453
8 0 352519
8 1 352572
67 0 354210
67 1 354296
65 0 354297
32 0 354399
65 1 354400
32 1 354485
83 0 354485
73 0 354561
83 1 354562
73 1 354606
32 0 354653
65 0 354692
32 1 354730
83 0 354803
65 1 354804
65 0 354873
83 1 354889
32 0 354953
65 1 354984
32 1 355021
77 0 355096
65 0 355155
77 1 355173
65 1 355240
73 0 355323
73 1 355393
32 0 355452
68 0 355510
32 1 355538
69 0 355569
68 1 355629
69 1 355754
80 0 355772
65 0 355856
80 1 355875
65 1 355951
82 0 356024
82 1 356121
84 0 356202
84 1 356245
69 0 356305
190 0 356368
69 1 356400
190 1 356454
32 0 356534
32 1 356631
20 0 356987
65 0 357083
20 1 357099
20 0 357170
65 1 357203
20 1 357264
68 0 357336
69 0 357405
68 1 357448
69 1 357545
86 0 357606
65 0 357656
86 1 357683
65 1 357751
82 0 357819
89 0 357863
82 1 357896
89 1 357931
32 0 358150
32 1 358219
8 0 358397
8 1 358449
8 0 358503
8 1 358554
85 0 358719
85 1 358771
76 0 358884
76 1 358910
32 0 359027
32 1 359123
69 0 359180
69 1 359249
32 0 359304
32 1 359392
67 0 359442
65 0 359483
67 1 359518
32 0 359555
32 1 359651
65 1 359651
78 0 359739
73 0 359800
78 1 359850
73 1 359903
67 0 360061
73 0 360147
67 1 360148
73 1 360201
32 0 360241
32 1 360312
80 0 360406
80 1 360492
82 0 360492
82 1 360586
79 0 360615
79 1 360694
70 0 361210
69 0 361261
70 1 361305
69 1 361375
83 0 361449
79 0 361522
83 1 361553
79 1 361609
82 0 361678
73 0 361722
82 1 361746
73 1 361790
73 0 361851
73 1 361904
32 0 361947
32 1 362026
78 0 362098
85 0 362141
78 1 362175
85 1 362201
32 0 362254
83 0 362296
32 1 362340
85 0 362405
83 1 362406
78 0 362458
78 1 362515
85 1 362516
84 0 362516
84 1 362602
32 0 362653
32 1 362751
16 0 363998
57 0 364109
16 1 364186
57 1 364186
85 0 364352
85 1 364422
78 0 364493
78 1 364527
73 0 364706
73 1 364750
73 0 364969
73 1 365003
16 0 365179
48 0 365254
16 1 365314
48 1 365314
32 0 365492
32 1 365603
70 0 365603
79 0 365688
70 1 365688
79 1 365758
65 0 365758
65 1 365842
82 0 365876
82 1 365963
84 0 366040
84 1 366145
69 0 366145
32 0 366226
69 1 366266
32 1 366303
73 0 366375
73 1 366480
77 0 366480
77 1 366557
80 0 366603
80 1 366732
76 0 367243
76 1 367331
67 0 367612
65 0 367663
67 1 367680
65 1 367838
8 0 367883
8 1 367953
8 0 368033
8 1 368094
73 0 368210
67 0 368242
73 1 368278
65 0 368300
67 1 368344
65 1 368422
84 0 368537
73 0 368642
84 1 368643
73 1 368694
188 0 368816
188 1 368859
32 0 368935
32 1 369015
83 0 369054
65 0 369151
83 1 369176
85 0 369220
65 1 369270
85 1 369289
32 0 369336
32 1 369451
68 0 369715
68 1 369821
8 0 370063
8 1 370152
85 0 370708
85 1 370796
78 0 370859
78 1 370894
73 0 370958
73 1 371029
73 0 371085
73 1 371128
32 0 371179
32 1 371276
83 0 371301
85 0 371363
83 1 371431
85 1 371449
78 0 371487
78 1 371556
80 0 371737
80 1 371815
8 0 372131
8 1 372200
84 0 372281
32 0 372394
84 1 372394
32 1 372466
83 0 372620
65 0 372672
83 1 372715
32 0 372796
65 1 372797
32 1 372866
90 0 372888
73 0 372977
90 1 372978
73 1 373062
67 0 373062
67 1 373140
32 0 373194
65 0 373278
32 1 373298
83 0 373373
65 1 373407
65 0 373468
83 1 373484
32 0 373609
65 1 373610
32 1 373706
16 0 373803
222 0 373906
16 1 373961
222 1 373982
80 0 374101
80 1 374196
82 0 374197
69 0 374245
82 1 374279
69 1 374394
65 0 374458
32 0 374550
65 1 374588
32 1 374617
73 0 374683
73 1 374762
77 0 374789
77 1 374904
76 0 375572
76 1 375678
8 0 375894
8 1 375973
80 0 376089
76 0 376166
80 1 376201
76 1 376252
73 0 376357
73 1 376459
67 0 376459
65 0 376519
67 1 376546
65 1 376623
84 0 376769
73 0 376848
84 1 376882
73 1 376916
16 0 377069
222 0 377108
222 1 377196
16 1 377224
32 0 377323
32 1 377402
83 0 377428
73 0 377514
83 1 377515
73 1 377568
32 0 377618
65 0 377666
32 1 377713
74 0 377771
65 1 377796
74 1 377849
85 0 377922
85 1 378000
78 0 379038
78 1 379116
71 0 379229
71 1 379299
32 0 379353
32 1 379423
83 0 379451
65 0 379519
83 1 379563
32 0 379583
32 1 379661
65 1 379661
70 0 379709
73 0 379786
70 1 379787
73 1 379838
69 0 379863
32 0 379959
69 1 379960
32 1 380031
83 0 380164
83 1 380252
85 0 380550
85 1 380656
70 0 380781
79 0 380867
70 1 380868
79 1 380929
67 0 380972
65 0 381058
67 1 381085
78 0 381137
65 1 381188
78 1 381233
84 0 381400
73 0 381495
84 1 381496
73 1 381548
32 0 381601
32 1 381671
83 0 381700
73 0 381755
83 1 381787
73 1 381813
32 0 382161
32 1 382248
83 0 382318
65 0 382396
83 1 382431
32 0 382477
65 1 382517
32 1 382554
65 0 382636
65 1 382804
8 0 383052
8 1 383147
70 0 383147
65 0 383195
70 1 383230
67 0 383306
65 1 383306
67 1 383423
65 0 383604
65 1 383728
32 0 383748
32 1 383827
69 0 383850
69 1 383929
76 0 383950
76 1 384052
69 0 384052
69 1 384148
86 0 384263
73 0 384367
86 1 384368
73 1 384411
73 0 384470
73 1 384541
32 0 384886
32 1 384986
83 0 384987
65 0 385028
83 1 385063
32 0 385136
65 1 385157
32 1 385222
78 0 385301
85 0 385371
78 1 385432
85 1 385493
189 0 385647
189 1 385672
83 0 385728
83 1 385835
73 0 385929
73 1 386017
32 0 386127
32 1 386214
77 0 386305
77 1 386384
8 0 386538
8 1 386608
73 0 386738
85 0 386799
73 1 386877
85 1 386877
66 0 386980
69 0 387014
66 1 387030
69 1 387117
65 0 387214
83 0 387336
65 1 387337
83 1 387415
67 0 387493
65 0 387580
67 1 387596
32 0 387652
65 1 387690
32 1 387719
80 0 387822
80 1 387893
8 0 388059
8 1 388120
8 0 388187
8 1 388230
8 0 388313
8 1 388337
65 0 388778
32 0 388895
65 1 388895
32 1 388974
83 0 389062
65 0 389113
83 1 389139
85 0 389156
85 1 389240
65 1 389240
32 0 389267
32 1 389346
73 0 389396
78 0 389457
73 1 389491
78 1 389567
84 0 389567
69 0 389627
84 1 389643
76 0 389711
69 1 389712
69 0 389772
76 1 389789
69 1 389884
65 0 389988
65 1 390094
71 0 390284
71 1 390353
65 0 390401
32 0 390466
65 1 390497
32 1 390534
77 0 390620
65 0 390643
77 1 390679
65 1 390738
84 0 390861
69 0 390967
84 1 390992
82 0 391105
69 1 391105
73 0 391183
82 1 391184
73 1 391257
65 0 391257
32 0 391341
65 1 391360
32 1 391433
65 0 391433
65 1 391507
83 0 391586
83 1 391746
65 0 392014
32 0 392140
65 1 392141
32 1 392226
67 0 392227
85 0 392284
67 1 392308
85 1 392362
77 0 392444
77 1 392504
32 0 392570
32 1 392662
65 0 392662
65 1 392749
82 0 392803
82 1 392890
32 0 392909
32 1 393006
84 0 393045
82 0 393114
84 1 393139
82 1 393218
69 0 393314
66 0 393348
69 1 393409
85 0 393435
66 1 393477
85 1 393548
73 0 393616
73 1 393703
190 0 394903
190 1 394973
32 0 395099
32 1 395170
20 0 396270
20 1 396403
69 0 396478
69 1 396583
20 0 396583
32 0 396691
32 1 396742
20 1 396742
66 0 396875
73 0 396910
66 1 396952
73 1 397031
78 0 397079
69 0 397121
78 1 397146
69 1 397224
32 0 397248
32 1 397345
67 0 397379
65 0 397439
67 1 397465
32 0 397502
65 1 397532
32 1 397597
69 0 397659
32 0 397781
69 1 397781
32 1 397862
79 0 398838
79 1 398926
82 0 398960
82 1 399049
71 0 399198
71 1 399251
65 0 399275
78 0 399417
65 1 399418
73 0 399516
78 1 399565
90 0 399606
73 1 399625
65 0 399665
90 1 399735
65 1 399805
82 0 399927
69 0 399997
82 1 400031
188 0 400102
69 1 400144
188 1 400179
32 0 400265
32 1 400343
68 0 400501
65 0 400570
68 1 400613
65 1 400691
82 0 400762
32 0 400816
82 1 400856
32 1 400883
78 0 400967
85 0 401028
78 1 401087
85 1 401088
32 0 401154
69 0 401212
32 1 401231
32 0 401332
69 1 401333
32 1 401396
66 0 401477
73 0 401530
66 1 401554
73 1 401650
78 0 401650
78 1 401708
69 0 401708
32 0 401779
69 1 401802
32 1 401874
67 0 401896
65 0 401956
78 0 402008
67 1 402008
78 1 402100
68 0 402100
65 1 402101
32 0 402172
68 1 402195
32 1 402267
69 0 402321
32 0 402393
69 1 402424
32 1 402479
80 0 402594
80 1 402718
8 0 402870
8 1 402949
84 0 403076
79 0 403154
84 1 403155
79 1 403231
84 0 403231
84 1 403299
85 0 403331
85 1 403402
76 0 403497
76 1 403548
32 0 403613
32 1 403692
80 0 403773
80 1 403870
8 0 404285
8 1 404374
80 0 404780
82 0 404820
80 1 404871
69 0 404871
82 1 404905
69 1 404983
65 0 405140
65 1 405273
32 0 405332
32 1 405420
82 0 405877
79 0 405992
82 1 405992
79 1 406097
66 0 406519
66 1 406588
79 0 406624
79 1 406745
84 0 406745
73 0 406832
84 1 406832
73 1 406955
90 0 407337
90 1 407451
65 0 407504
65 1 407619
84 0 407790
84 1 407869
190 0 407894
190 1 407964
32 0 408776
32 1 408881
20 0 409808
20 1 409904
73 0 409922
73 1 409983
20 0 410008
78 0 410102
20 1 410103
78 1 410146
32 0 410223
32 1 410304
65 0 410337
65 1 410407
76 0 410430
76 1 410509
84 0 410572
69 0 410642
84 1 410676
32 0 410761
69 1 410762
32 1 410835
65 0 411073
65 1 411215
8 0 411450
8 1 411539
84 0 411639
84 1 411718
65 0 411812
82 0 411917
65 1 411917
82 1 412014
73 0 412137
73 1 412198
32 0 412291
32 1 412387
83 0 412420
73 0 412535
83 1 412536
73 1 412637
83 0 412637
83 1 412761
84 0 413157
69 0 413227
84 1 413252
77 0 413297
69 1 413355
77 1 413373
85 0 413443
85 1 413505
76 0 413592
76 1 413634
32 0 413689
69 0 413739
32 1 413784
69 1 413824
77 0 413896
77 1 413947
77 0 414018
77 1 414061
65 0 414116
65 1 414222
8 0 414332
8 1 414384
8 0 414460
8 1 414503
8 0 414591
8 1 414625
32 0 415197
32 1 415258
77 0 415340
77 1 415409
65 0 415409
73 0 415478
65 1 415510
73 1 415537
32 0 415571
82 0 415630
32 1 415657
69 0 415679
82 1 415722
76 0 415799
69 1 415800
76 1 415902
65 0 415902
65 1 416052
88 0 416089
65 0 416194
88 1 416237
65 1 416333
84 0 416857
188 0 416920
84 1 416953
188 1 416988
32 0 417046
32 1 417099
77 0 417165
77 1 417240
65 0 417240
73 0 417293
65 1 417316
73 1 417352
32 0 417392
65 0 417450
32 1 417470
76 0 417574
65 1 417574
76 1 417667
69 0 417667
69 1 417726
83 0 417826
83 1 417923
32 0 418017
32 1 418104
67 0 418287
69 0 418320
67 1 418354
69 1 418479
76 0 418563
76 1 418642
32 0 418703
32 1 418782
76 0 418866
76 1 418950
69 0 418950
69 1 419082
71 0 419184
71 1 419278
65 0 419278
84 0 419348
84 1 419416
65 1 419416
32 0 419476
68 0 419534
32 1 419571
69 0 419593
68 1 419645
32 0 419682
32 1 419756
69 1 419757
78 0 419796
79 0 419893
78 1 419927
79 1 419988
84 0 420214
84 1 420339
65 0 420736
65 1 420851
82 0 420888
69 0 420948
82 1 420983
69 1 421079
65 0 421171
32 0 421293
65 1 421294
32 1 421421
69 0 422220
69 1 422282
76 0 422306
69 0 422365
76 1 422410
69 1 422442
86 0 422534
73 0 422603
86 1 422603
73 1 422672
79 0 422773
79 1 422825
8 0 423301
8 1 423387
76 0 423446
76 1 423516
79 0 423592
82 0 423593
79 1 423627
82 1 423668
32 0 423752
16 0 423815
32 1 423882
57 0 423996
57 1 424039
16 1 424067
69 0 424783
69 1 424925
88 0 424979
190 0 425122
88 1 425123
190 1 425210
32 0 425318
32 1 425410
20 0 425410
20 1 425497
70 0 425565
70 1 425668
20 0 425668
20 1 425809
73 0 425908
73 1 426005
78 0 426218
78 1 426315
8 0 426459
8 1 426529
78 0 426772
78 1 426860
76 0 426989
76 1 427076
65 0 427076
65 1 427214
78 0 427329
78 1 427432
68 0 427433
65 0 427473
68 1 427499
188 0 427553
188 1 427620
65 1 427620
32 0 427692
32 1 427779
8 0 428281
8 1 428333
8 0 428417
8 1 428487
188 0 428880
188 1 428949
32 0 429027
32 1 429106
85 0 429171
78 0 429249
85 1 429274
68 0 429298
78 1 429324
69 0 429348
32 0 429410
68 1 429411
69 1 429477
32 1 429505
69 0 430010
69 1 430080
83 0 430166
83 1 430281
84 0 430375
73 0 430428
84 1 430461
73 1 430487
32 0 430522
32 1 430592
78 0 430678
79 0 430713
78 1 430746
79 1 430814
84 0 430814
84 1 430901
65 0 431002
65 1 431117
84 0 431198
84 1 431286
32 0 431307
32 1 431378
70 0 431673
70 1 431751
65 0 431751
82 0 431802
65 1 431835
82 1 431894
65 0 431894
32 0 431968
65 1 431988
32 1 432053
83 0 432235
65 0 432313
83 1 432347
32 0 432411
65 1 432432
32 1 432519
83 0 432519
83 1 432624
84 0 432745
73 0 432849
84 1 432850
73 1 432892
32 0 433060
32 1 433139
8 0 433389
8 1 433440
79 0 433541
79 1 433593
32 0 433653
32 1 433766
68 0 433766
69 0 433823
68 1 433884
69 1 433946
8 0 434005
8 1 434057
8 0 434123
8 1 434175
8 0 434233
8 1 434294
8 0 434570
8 1 434649
73 0 434777
73 1 434837
32 0 434904
32 1 434996
68 0 434996
69 0 435039
32 0 435092
68 1 435092
69 1 435159
32 1 435177
67 0 435247
69 0 435317
67 1 435360
76 0 435439
69 1 435439
76 1 435525
69 0 435525
32 0 435586
69 1 435618
32 1 435654
77 0 435723
65 0 435782
77 1 435800
73 0 435853
65 1 435902
73 1 435921
32 0 435967
32 1 436037
77 0 436120
77 1 436154
85 0 436227
85 1 436289
76 0 436387
76 1 436455
84 0 436455
69 0 436486
32 0 436567
84 1 436567
32 1 436658
69 1 436659
79 0 436778
79 1 436866
82 0 436894
73 0 436981
82 1 436982
73 1 437043
188 0 437149
188 1 437228
32 0 437307
32 1 437395
78 0 437449
85 0 437501
78 1 437560
85 1 437560
32 0 437608
69 0 437647
32 1 437703
69 1 437751
88 0 437837
73 0 437950
88 1 437951
73 1 438013
83 0 438058
83 1 438136
84 0 438169
84 1 438265
65 0 438265
32 0 438402
65 1 438403
32 1 438476
69 0 438543
69 1 438640
88 0 439044
88 1 439195
69 0 439370
69 1 439440
8 0 439653
8 1 439730
65 0 439730
77 0 439833
65 1 439833
77 1 439919
69 0 439919
69 1 439987
78 0 440009
78 1 440078
69 0 440078
32 0 440175
69 1 440175
32 1 440257
83 0 440257
73 0 440328
73 1 440379
83 1 440379
32 0 440428
65 0 440485
32 1 440514
65 1 440642
83 0 440735
83 1 440839
84 0 440960
69 0 441056
84 1 441073
70 0 441161
69 1 441185
76 0 441230
70 1 441253
76 1 441298
32 0 441349
32 1 441428
65 0 441468
65 1 441592
8 0 441722
8 1 441783
8 0 441834
8 1 441877
8 0 441935
8 1 441987
8 0 442051
8 1 442103
8 0 442191
8 1 442252
70 0 442276
69 0 442346
70 1 442390
76 0 442433
76 1 442493
69 1 442493
32 0 442588
32 1 442674
65 0 442674
65 1 442784
67 0 442830
67 1 442909
67 0 442991
67 1 443051
69 0 443127
69 1 443224
83 0 443343
83 1 443458
78 0 443475
78 1 443581
84 0 443659
85 0 443702
84 1 443727
85 1 443788
8 0 443955
8 1 444099
8 0 444166
8 1 444208
8 0 444270
8 1 444313
8 0 444807
8 1 444868
78 0 445054
78 1 445133
84 0 445402
85 0 445463
84 1 445487
85 1 445530
76 0 445625
76 1 445678
32 0 445736
32 1 445832
67 0 445875
67 1 445989
65 0 446015
65 1 446102
82 0 446209
82 1 446323
8 0 446598
68 0 446637
8 1 446692
69 0 446714
68 1 446757
32 0 446803
69 1 446843
32 1 446863
78 0 446923
85 0 446977
78 1 447018
85 1 447052
32 0 447100
32 1 447187
80 0 447265
80 1 447342
69 0 447342
32 0 447418
69 1 447419
32 1 447496
65 0 447496
32 0 447574
65 1 447604
32 1 447659
8 0 449806
8 1 449857
8 0 449937
8 1 449989
8 0 450057
8 1 450100
8 0 450158
8 1 450201
8 0 450268
8 1 450320
8 0 450377
8 1 450429
8 0 450496
8 1 450549
8 0 450623
8 1 450674
69 0 450873
69 1 450978
80 0 450997
80 1 451022
8 0 451138
8 1 451215
8 0 451277
8 1 451363
79 0 451610
79 1 451698
69 0 451787
32 0 451823
69 1 451863
32 1 451963
8 0 452211
8 1 452272
8 0 452343
8 1 452386
8 0 452457
8 1 452518
78 0 452841
85 0 452893
78 1 452958
85 1 452958
32 0 453007
32 1 453077
80 0 453177
80 1 453252
69 0 453252
32 0 453364
69 1 453365
32 1 453508
65 0 453957
32 0 454076
65 1 454106
32 1 454260
8 0 455084
8 1 455137
8 0 455221
8 1 455354
83 0 456048
83 1 456136
84 0 456260
82 0 456337
84 1 456371
82 1 456468
69 0 456554
69 1 456642
83 0 456704
85 0 456785
83 1 456826
85 1 456871
76 0 456972
76 1 457015
32 0 457073
32 1 457175
68 0 457175
69 0 457226
68 1 457269
32 0 457306
69 1 457364
32 1 457383
65 0 457455
32 0 457580
65 1 457581
32 1 457650
73 0 457832
78 0 457909
73 1 457953
78 1 457995
86 0 458135
86 1 458232
65 0 458257
65 1 458345
84 0 458367
65 0 458436
84 1 458453
65 1 458550
32 0 458572
32 1 458670
8 0 459368
8 1 459430
188 0 459557
188 1 459591
32 0 459685
32 1 459781
68 0 459781
69 0 459828
68 1 459863
32 0 459926
69 1 459975
32 1 460003
65 0 460127
65 1 460233
32 0 460259
32 1 460339
67 0 460375
79 0 460429
67 1 460451
78 0 460504
79 1 460540
78 1 460598
67 0 460598
67 1 460711
85 0 460758
85 1 460855
82 0 460886
82 1 460974
65 0 461094
188 0 461200
65 1 461201
188 1 461270
32 0 461349
32 1 461455
83 0 461655
73 0 461754
83 1 461777
73 1 461839
8 0 462211
8 1 462281
8 0 462344
8 1 462437
67 0 462437
73 0 462524
67 1 462524
73 1 462602
32 0 462645
32 1 462724
80 0 462830
80 1 462923
69 0 462923
32 0 463029
69 1 463030
32 1 463126
65 0 463223
32 0 463315
65 1 463345
32 1 463391
73 0 463439
78 0 463525
73 1 463560
78 1 463611
86 0 463736
86 1 463821
65 0 463821
65 1 463890
84 0 463907
84 1 464003
65 0 464003
32 0 464108
65 1 464109
32 1 464213
69 0 464560
70 0 464672
69 1 464673
70 1 464785
69 0 464785
69 1 464943
67 0 464991
67 1 465088
84 0 465202
84 1 465273
73 0 465289
73 1 465368
67 0 465433
32 0 465497
67 1 465518
32 1 465600
76 0 465911
76 1 465990
85 0 466077
67 0 466118
85 1 466162
67 1 466231
82 0 466276
85 0 466362
82 1 466363
85 1 466414
82 0 466453
73 0 466547
82 1 466548
73 1 466609
32 0 466682
32 1 466753
78 0 466815
79 0 466867
78 1 466900
79 1 466962
73 0 467035
73 1 467105
32 0 467137
32 1 467226
83 0 467246
73 0 467300
83 1 467332
32 0 467394
73 1 467395
32 1 467473
73 0 467528
78 0 467570
73 1 467614
82 0 467647
78 1 467681
82 1 467767
69 0 467767
69 1 467873
8 0 468390
8 1 468469
8 0 468564
8 1 468634
84 0 468668
69 0 468730
84 1 468772
82 0 468860
69 1 468902
69 0 468990
82 1 469024
69 1 469120
83 0 469240
65 0 469327
83 1 469362
65 1 469458
78 0 469484
78 1 469572
69 0 469691
69 1 469842
8 0 470090
8 1 470201
84 0 470201
69 0 470251
16 0 470298
84 1 470299
69 1 470389
16 1 470501
16 0 470628
48 0 470685
16 1 470754
48 1 470754
190 0 470898
190 1 470969
20 0 475840
73 0 475946
20 1 475948
73 1 476091
20 0 476091
20 1 476213
78 0 476810
78 1 476880
32 0 476962
32 1 477031
80 0 477147
80 1 477172
73 0 477301
73 1 477389
67 0 477491
67 1 477598
84 0 477796
85 0 477885
84 1 477908
85 1 478022
82 0 478022
82 1 478127
65 0 478248
32 0 478338
65 1 478377
32 1 478415
79 0 478510
79 1 478571
66 0 478727
66 1 478806
83 0 479047
83 1 479143
69 0 479187
82 0 479293
69 1 479327
82 1 479424
86 0 479607
86 1 479703
32 0 479750
32 1 479892
77 0 480389
77 1 480459
65 0 480484
73 0 480584
65 1 480624
73 1 480642
32 0 480737
32 1 480825
77 0 480918
77 1 480997
85 0 481087
85 1 481238
76 0 481504
76 1 481655
84 0 481708
73 0 481779
84 1 481839
73 1 481873
32 0 481958
32 1 482037
79 0 482142
79 1 482194
65 0 482230
77 0 482342
65 1 482343
77 1 482414
69 0 482460
78 0 482531
69 1 482555
78 1 482724
73 0 482880
73 1 483102
32 0 485922
32 1 486010
73 0 486133
78 0 486203
73 1 486255
78 1 486306
84 0 486393
82 0 486472
84 1 486516
82 1 486682
189 0 487293
189 1 487363
79 0 487502
79 1 487563
32 0 487666
32 1 487816
73 0 490587
78 0 490647
73 1 490691
67 0 490715
78 1 490732
65 0 490772
67 1 490816
65 1 490957
80 0 491002
80 1 491129
65 0 491129
65 1 491217
82 0 491297
69 0 491366
82 1 491401
69 1 491479
8 0 492860
8 1 492913
8 0 492988
8 1 493041
8 0 493105
8 1 493193
69 0 493389
82 0 493540
69 1 493564
69 0 493625
82 1 493670
32 0 493763
69 1 493764
32 1 493863
67 0 493978
69 0 494093
67 1 494135
69 1 494250
32 0 494327
32 1 494422
65 0 494466
68 0 494607
65 1 494607
85 0 494720
68 1 494721
85 1 494842
67 0 494842
69 0 494883
67 1 494917
32 0 494972
69 1 495003
32 1 495049
65 0 495104
32 0 495226
65 1 495226
32 1 495371
67 0 496050
69 0 496120
67 1 496163
69 1 496242
86 0 496262
86 1 496375
65 0 496375
32 0 496509
65 1 496539
32 1 496667
66 0 497152
85 0 497256
66 1 497257
83 0 497280
85 1 497325
83 1 497402
8 0 497599
8 1 497642
8 0 497710
8 1 497780
73 0 497834
83 0 497857
73 1 497938
83 1 497961
69 0 498025
82 0 498131
69 1 498173
82 1 498243
73 0 498274
73 1 498360
67 0 498361
65 0 498409
67 1 498444
190 0 498529
65 1 498530
190 1 498665
8 0 498906
8 1 499003
191 0 499108
191 1 499196
67 0 500680
65 0 500748
67 1 500774
65 1 500889
84 0 500965
84 1 501053
69 0 501111
69 1 501234
68 0 501648
68 1 501754
82 0 501841
82 1 501937
65 0 501937
65 1 502139
76 0 502283
76 1 502379
65 0 502379
190 0 502500
65 1 502501
190 1 502578
32 0 502767
32 1 502855
20 0 503381
20 1 503523
65 0 503783
20 0 503872
65 1 503905
20 1 504003
82 0 504026
82 1 504122
72 0 504352
73 0 504432
72 1 504466
73 1 504509
84 0 504626
69 0 504677
84 1 504703
67 0 504786
69 1 504787
67 1 504900
84 0 505500
85 0 505578
84 1 505579
82 0 505657
85 1 505673
82 1 505761
65 0 505845
65 1 505959
32 0 505990
32 1 506073
69 0 506074
69 1 506153
83 0 506235
83 1 506324
84 0 506340
84 1 506436
69 0 506436
32 0 506524
69 1 506524
32 1 506602
70 0 506627
82 0 506697
70 1 506766
85 0 506828
82 1 506852
85 1 506913
77 0 507058
79 0 507156
77 1 507206
79 1 507241
8 0 507420
8 1 507480
8 0 507544
8 1 507596
8 0 507647
8 1 507700
8 0 507767
8 1 507829
8 0 507970
8 1 508049
70 0 508285
70 1 508382
79 0 508573
79 1 508651
65 0 508697
65 1 508794
82 0 508865
82 1 508962
84 0 509063
69 0 509141
84 1 509167
32 0 509270
69 1 509271
32 1 509343
70 0 509452
70 1 509486
8 0 509828
8 1 509907
70 0 509930
82 0 509991
70 1 510043
85 0 510086
82 1 510129
85 1 510163
77 0 510223
79 0 510344
77 1 510345
65 0 510345
79 1 510388
83 0 510418
65 1 510452
65 0 510512
32 0 510558
83 1 510558
32 1 510639
65 1 510639
73 0 510668
78 0 510738
73 1 510774
78 1 510805
32 0 510860
32 1 510930
73 0 511030
73 1 511118
78 0 511176
78 1 511238
84 0 511313
84 1 511437
69 0 511536
82 0 511659
69 1 511683
73 0 511789
82 1 511790
79 0 511885
73 1 511947
79 1 512015
82 0 512015
82 1 512109
188 0 512156
188 1 512235
32 0 512310
32 1 512398
65 0 512551
65 1 512594
70 0 512917
70 1 513011
65 0 513011
82 0 513087
65 1 513088
82 1 513149
65 0 513172
32 0 513290
65 1 513291
32 1 513372
69 0 513373
69 1 513424
83 0 513509
83 1 513597
8 0 513812
8 1 513865
8 0 513940
8 1 514004
83 0 514004
83 1 514083
69 0 514147
32 0 514245
69 1 514246
32 1 514324
86 0 514764
86 1 514859
69 0 514859
69 1 514991
68 0 515104
69 0 515173
68 1 515217
32 0 515329
69 1 515330
32 1 515402
67 0 515965
67 1 516114
69 0 516114
82 0 516244
69 1 516245
85 0 516297
82 1 516339
85 1 516373
76 0 516461
76 1 516513
32 0 516567
32 1 516650
65 0 516650
76 0 516722
65 1 516763
76 1 516790
66 0 516919
66 1 516987
65 0 516987
83 0 517064
65 1 517097
84 0 517133
83 1 517183
82 0 517218
84 1 517261
82 1 517295
85 0 517406
85 1 517503
32 0 517831
32 1 517919
83 0 518304
73 0 518390
83 1 518390
73 1 518480
32 0 518592
32 1 518698
83 0 518796
83 1 518893
85 0 518926
78 0 519049
85 1 519050
78 1 519109
84 0 519195
84 1 519328
32 0 519367
32 1 519436
77 0 519524
77 1 519585
85 0 519652
85 1 519721
76 0 519807
76 1 519902
84 0 519902
69 0 519989
84 1 520031
32 0 520068
69 1 520126
32 1 520145
83 0 520249
83 1 520372
84 0 520455
84 1 520558
65 0 520558
84 0 520620
84 1 520696
65 1 520696
73 0 520795
73 1 520866
32 0 520929
32 1 521026
8 0 521231
8 1 521294
8 0 521357
8 1 521428
85 0 521652
73 0 521732
85 1 521801
73 1 521835
32 0 521905
32 1 522046
82 0 524212
79 0 524334
82 1 524335
79 1 524367
77 0 524367
77 1 524481
65 0 524948
65 1 525098
78 0 525372
78 1 525484
69 0 525484
32 0 525575
69 1 525615
32 1 525697
8 0 526477
8 1 526538
190 0 526690
190 1 526770
32 0 526918
32 1 527024
20 0 529112
79 0 529207
20 1 529208
79 1 529296
20 0 529296
20 1 529390
77 0 529411
77 1 529497
65 0 529497
65 1 529591
78 0 529609
73 0 529706
78 1 529739
73 1 529922
8 0 531106
8 1 531157
8 0 531272
8 1 531315
8 0 531405
8 1 531467
8 0 531527
8 1 531615
8 0 531778
8 1 531902
20 0 532353
83 0 532500
20 1 532501
20 0 532571
83 1 532613
20 1 532692
85 0 532710
78 0 532834
85 1 532834
78 1 532922
84 0 532945
32 0 533061
84 1 533061
32 1 533148
70 0 533423
70 1 533502
79 0 533521
65 0 533579
79 1 533607
65 1 533691
82 0 533742
82 1 533866
84 0 533909
69 0 533997
84 1 534022
32 0 534076
32 1 534154
69 1 534155
77 0 534221
77 1 534292
85 0 534357
85 1 534417
76 0 534509
76 1 534594
84 0 534595
73 0 534671
84 1 534673
73 1 534724
32 0 534784
32 1 534862
79 0 534932
79 1 535025
65 0 535025
77 0 535087
65 1 535118
77 1 535163
69 0 535219
78 0 535272
73 0 535341
69 1 535341
78 1 535364
73 1 535399
32 0 535457
32 1 535527
80 0 535596
69 0 535663
80 1 535681
69 1 535767
67 0 535878
67 1 536002
8 0 536338
8 1 536436
8 0 536539
8 1 536599
69 0 536973
78 0 537105
69 1 537106
78 1 537211
84 0 537253
82 0 537305
85 0 537365
84 1 537365
85 1 537442
82 1 537442
32 0 537487
32 1 537587
65 0 537587
32 0 537660
65 1 537700
32 1 537747
85 0 537927
85 1 538031
82 0 538031
82 1 538127
77 0 538144
77 1 538222
65 0 538761
65 1 538902
82 0 539021
73 0 539064
73 1 539141
82 1 539142
32 0 539204
32 1 539318
67 0 539486
69 0 539555
67 1 539598
32 0 539653
69 1 539702
32 1 539746
70 0 539746
65 0 539811
70 1 539857
67 0 539925
65 1 539949
69 0 540038
67 1 540071
32 0 540091
69 1 540157
32 1 540185
70 0 540251
73 0 540331
70 1 540382
73 1 540407
69 0 540533
69 1 540658
67 0 540798
65 0 540840
67 1 540875
65 1 540971
82 0 541062
69 0 541122
82 1 541157
69 1 541244
188 0 541389
188 1 541477
32 0 541564
32 1 541659
68 0 541659
65 0 541697
68 1 541759
65 1 541855
82 0 541948
32 0 542061
82 1 542062
32 1 542151
85 0 544806
78 0 544912
85 1 544946
78 1 545007
73 0 545078
73 1 545130
73 0 545193
73 1 545245
32 0 545324
32 1 545387
68 0 545465
73 0 545569
68 1 545569
73 1 545667
83 0 545709
83 1 545815
67 0 546019
67 1 546142
85 0 546170
85 1 546303
84 0 547395
84 1 547492
65 0 547594
188 0 547709
65 1 547710
188 1 547769
32 0 547858
32 1 547949
65 0 547950
76 0 548031
65 1 548052
76 1 548107
84 0 548241
73 0 548276
84 1 548327
73 1 548344
73 0 548393
73 1 548472
32 0 548566
32 1 548653
80 0 548792
65 0 548840
80 1 548886
65 1 548935
82 0 548993
82 1 549080
32 0 549120
32 1 549217
83 0 549297
65 0 549384
83 1 549410
32 0 549526
65 1 549527
32 1 549624
65 0 551201
74 0 551334
65 1 551335
74 1 551413
85 0 551510
78 0 551625
85 1 551625
78 1 551731
71 0 553124
71 1 553185
65 0 553295
32 0 553404
65 1 553444
32 1 553463
76 0 553540
76 1 553623
65 0 553623
32 0 553687
65 1 553727
32 1 553755
76 0 553819
76 1 553907
79 0 553959
67 0 554017
79 1 554035
67 1 554112
85 0 554136
85 1 554224
76 0 554340
76 1 554419
32 0 554516
32 1 554669
80 0 555322
80 1 555410
82 0 555448
69 0 555491
82 1 555534
69 1 555576
90 0 555695
90 1 555801
69 0 555954
78 0 556068
69 1 556068
78 1 556182
84 0 556291
84 1 556442
65 0 556554
65 1 556660
84 0 556765
188 0 556879
84 1 556879
188 1 556949
32 0 557040
32 1 557122
65 0 557122
76 0 557225
65 1 557226
76 1 557316
84 0 557394
73 0 557456
84 1 557498
73 1 557525
73 0 557582
73 1 557660
32 0 563682
32 1 563805
67 0 564356
67 1 564444
73 0 564473
73 1 564542
73 0 564628
73 1 564697
8 0 564967
8 1 565064
84 0 565233
69 0 565320
84 1 565390
69 1 565469
83 0 565563
83 1 565652
67 0 566021
67 1 566117
188 0 566135
188 1 566205
32 0 566348
32 1 566437
83 0 566942
65 0 567003
83 1 567028
85 0 567099
65 1 567149
85 1 567185
32 0 567248
32 1 567327
80 0 567416
80 1 567485
69 0 567485
32 0 567572
69 1 567603
32 1 567667
8 0 568047
8 1 568100
8 0 568164
8 1 568225
32 0 568837
32 1 568908
73 0 568984
78 0 569054
73 1 569080
78 1 569139
84 0 569192
84 1 569297
73 0 569332
73 1 569419
78 0 569521
78 1 569600
83 0 569689
83 1 569768
73 0 569788
73 1 569867
32 0 570097
32 1 570168
80 0 570309
80 1 570380
69 0 570401
32 0 570496
69 1 570497
32 1 570578
83 0 570715
83 1 570821
67 0 570883
65 0 570951
67 1 570968
65 1 571073
82 0 571175
73 0 571227
82 1 571269
73 1 571322
188 0 571417
188 1 571487
32 0 571567
32 1 571654
86 0 572042
86 1 572103
65 0 572221
65 1 572317
68 0 572410
32 0 572508
68 1 572509
32 1 572597
83 0 572631
73 0 572685
83 1 572726
73 1 572779
32 0 572836
32 1 572924
78 0 573031
73 0 573092
78 1 573144
83 0 573194
73 1 573213
83 1 573298
84 0 573400
69 0 573488
84 1 573522
32 0 573576
69 1 573625
32 1 573662
67 0 573735
79 0 573830
67 1 573830
79 1 573910
80 0 574053
80 1 574132
73 0 574294
73 1 574355
73 0 574410
73 1 574507
190 0 574761
190 1 574884
32 0 576977
32 1 577075
20 0 578528
20 1 578661
90 0 578753
20 0 578859
90 1 578883
20 1 579000
8 0 579209
8 1 579315
20 0 579466
20 1 579554
80 0 579572
80 1 579657
20 0 579657
20 1 579726
65 0 579817
65 1 579913
82 0 580025
69 0 580086
32 0 580139
82 1 580139
32 1 580200
69 1 580222
79 0 580279
79 1 580339
32 0 580391
32 1 580478
90 0 580478
73 0 580568
90 1 580569
73 1 580622
32 0 580674
32 1 580770
77 0 581433
77 1 581530
8 0 581745
8 1 581833
68 0 581921
79 0 582019
68 1 582019
79 1 582097
8 0 582263
8 1 582334
8 0 582405
8 1 582475
70 0 582512
79 0 582608
70 1 582609
79 1 582677
65 0 582677
65 1 582788
82 0 582867
82 1 582982
84 0 583093
84 1 583179
69 0 583179
32 0 583269
69 1 583301
32 1 583364
76 0 583455
76 1 583526
73 0 583604
73 1 583690
78 0 583690
73 0 583777
78 1 583820
73 1 583888
83 0 583888
83 1 584010
84 0 584088
84 1 584193
73 0 584216
73 1 584322
84 0 584602
84 1 584699
8 0 584937
8 1 585017
65 0 585044
65 1 585161
8 0 585760
8 1 585849
8 0 585975
8 1 586046
73 0 586590
73 1 586669
84 0 586796
84 1 586857
65 0 586971
32 0 587064
65 1 587093
32 1 587158
73 0 587221
78 0 587272
73 1 587306
78 1 587357
32 0 587405
32 1 587502
69 0 587561
69 1 587721
8 0 587882
8 1 587970
71 0 588005
69 0 588066
71 1 588092
82 0 588222
69 1 588222
78 0 588292
82 1 588317
78 1 588369
8 0 588680
8 1 588723
8 0 588803
8 1 588855
78 0 588958
69 0 588991
78 1 589026
82 0 589068
69 1 589111
82 1 589181
65 0 589225
76 0 589333
65 1 589355
76 1 589401
188 0 589457
188 1 589536
32 0 589585
32 1 589655
79 0 589746
79 1 589821
65 0 589821
77 0 589892
65 1 589934
77 1 589959
69 0 590028
78 0 590063
78 1 590131
69 1 590132
73 0 590167
73 1 590238
73 0 590301
73 1 590353
32 0 590409
32 1 590496
65 0 590518
65 1 590641
86 0 590693
65 0 590770
86 1 590796
78 0 590903
65 1 590926
78 1 590978
68 0 590978
32 0 591040
68 1 591062
32 1 591125
84 0 591215
73 0 591250
84 1 591327
73 1 591361
77 0 591361
77 1 591421
32 0 591594
32 1 591681
8 0 591917
8 1 591977
80 0 592068
80 1 592148
32 0 592232
83 0 592298
32 1 592318
65 0 592357
83 1 592400
32 0 592446
65 1 592477
32 1 592537
83 0 592537
83 1 592641
69 0 592706
69 1 592821
32 0 592852
32 1 592931
67 0 593080
67 1 593159
8 0 593318
8 1 593406
79 0 593450
79 1 593529
67 0 593565
85 0 593652
67 1 593653
85 1 593723
69 0 593905
32 0 594003
69 1 594004
32 1 594073
8 0 594440
8 1 594502
8 0 594560
8 1 594612
80 0 594673
80 1 594734
69 0 594756
69 1 594880
32 0 594963
32 1 595059
68 0 597230
69 0 597282
68 1 597334
32 0 597440
69 1 597441
32 1 597528
8 0 599283
8 1 599334
8 0 599416
8 1 599476
76 0 599591
76 1 599697
8 0 599884
8 1 599945
8 0 600017
8 1 600078
76 0 600147
76 1 600227
73 0 600326
73 1 600421
78 0 600421
73 0 600490
78 1 600515
73 1 600585
83 0 600608
83 1 600705
84 0 600822
73 0 600902
84 1 600925
73 1 601004
84 0 601004
84 1 601100
73 0 601180
73 1 601268
32 0 601351
32 1 601462
68 0 601462
69 0 601522
32 0 601593
68 1 601593
69 1 601659
32 1 601688
84 0 601768
82 0 601838
84 1 601872
82 1 601941
69 0 602034
66 0 602050
69 1 602110
85 0 602154
66 1 602215
85 1 602294
82 0 603140
73 0 603221
82 1 603262
73 1 603306
76 0 603417
76 1 603510
69 0 603510
32 0 603596
69 1 603596
32 1 603677
76 0 603757
76 1 603818
79 0 603880
82 0 603948
79 1 603965
82 1 604052
32 0 604083
32 1 604225
83 0 604328
73 0 604382
83 1 604432
77 0 604475
73 1 604502
77 1 604571
80 0 604947
76 0 605014
80 1 605040
76 1 605081
69 0 605081
188 0 605193
69 1 605193
188 1 605263
32 0 605371
32 1 605466
68 0 605466
65 0 605522
68 1 605567
65 1 605626
82 0 605680
32 0 605771
82 1 605820
32 1 605848
80 0 605944
76 0 606022
80 1 606055
65 0 606055
76 1 606115
65 1 606164
67 0 606199
85 0 606323
67 1 606324
85 1 606401
84 0 606471
69 0 606522
84 1 606566
190 0 606601
69 1 606750
190 1 606804
32 0 607430
32 1 607536
20 0 611137
20 1 611287
73 0 611468
73 1 611661
20 0 611661
20 1 611775
78 0 611813
78 1 611892
32 0 612001
32 1 612098
90 0 612138
73 0 612242
90 1 612242
73 1 612341
76 0 612436
76 1 612531
69 0 612531
76 0 612617
69 1 612617
69 0 612684
76 1 612702
32 0 612795
69 1 612796
32 1 612868
78 0 612951
79 0 613022
78 1 613064
65 0 613105
79 1 613141
83 0 613270
65 1 613270
83 1 613376
84 0 613523
82 0 613592
84 1 613644
82 1 613714
69 0 613804
32 0 613886
69 1 613908
32 1 614053
73 0 614441
78 0 614501
73 1 614545
78 1 614631
84 0 614631
82 0 614708
84 1 614752
82 1 614777
8 0 615058
8 1 615134
69 0 615134
69 1 615274
82 0 615405
82 1 615520
67 0 615730
65 0 615763
67 1 615798
65 1 615902
8 0 615981
8 1 616024
8 0 616084
8 1 616166
65 0 616167
67 0 616269
65 1 616270
67 1 616349
84 0 616497
84 1 616656
73 0 616933
73 1 617038
85 0 617097
78 0 617192
85 1 617192
69 0 617270
78 1 617287
65 0 617345
69 1 617381
32 0 617417
65 1 617510
32 1 617548
73 0 618014
78 0 618074
73 1 618136
78 1 618196
84 0 618230
82 0 618299
84 1 618351
82 1 618484
8 0 618558
8 1 618618
8 0 618707
8 1 618750
8 0 618813
8 1 618856
8 0 618916
8 1 618977
85 0 619663
85 1 619751
77 0 619820
65 0 619888
77 1 619906
78 0 619967
65 1 619998
78 1 620026
32 0 620089
32 1 620195
8 0 620510
8 1 620571
65 0 620648
65 1 620727
32 0 620760
32 1 620852
65 0 620852
65 1 620938
32 0 620971
32 1 621076
65 0 621106
65 1 621230
83 0 621246
83 1 621325
8 0 621614
8 1 621666
8 0 621746
8 1 621808
83 0 621876
83 1 621964
67 0 622020
67 1 622162
90 0 622414
90 1 622466
8 0 622694
8 1 622812
65 0 622812
90 0 622944
65 1 622945
90 1 623050
85 0 623068
85 1 623164
32 0 623323
32 1 623420
8 0 623590
84 0 623591
8 1 623685
84 1 623685
32 0 623792
32 1 623872
68 0 624043
69 0 624104
68 1 624165
69 1 624207
83 0 624283
83 1 624353
84 0 624506
85 0 624567
84 1 624600
85 1 624644
32 0 624821
32 1 624908
8 0 625298
8 1 625359
76 0 625419
76 1 625489
32 0 625564
32 1 625657
68 0 625657
69 0 625681
32 0 625709
68 1 625731
32 1 625777
69 1 625807
77 0 625834
77 1 625869
85 0 625906
85 1 625994
76 0 626386
76 1 626464
84 0 626464
190 0 626558
84 1 626559
190 1 626645
