86 0 380967
86 1 381054
82 0 381189
69 0 381250
82 1 381324
69 1 381403
77 0 381504
69 0 381604
77 1 381643
69 1 381698
65 0 381810
65 1 381918
32 0 381924
32 1 382043
69 0 382080
32 0 382163
69 1 382193
32 1 382297
80 0 382333
76 0 382418
80 1 382502
76 1 382542
79 0 382633
79 1 382757
65 0 382908
65 1 383002
8 0 383348
8 1 383443
73 0 383578
79 0 383683
73 1 383742
65 0 383799
79 1 383843
83 0 383893
65 1 383912
65 0 384033
83 1 384097
65 1 384193
8 0 384757
8 1 384842
65 0 385443
65 1 385582
188 0 385828
32 0 386022
188 1 386106
32 1 386231
83 0 387091
83 1 387211
73 0 387241
32 0 387376
73 1 387440
32 1 387520
68 0 387526
68 1 387640
65 0 387691
188 0 387801
65 1 387816
32 0 387862
188 1 387915
32 1 388005
73 0 388061
73 1 388215
77 0 388220
73 0 388315
77 1 388364
32 0 388370
73 1 388419
32 1 388469
80 0 388555
76 0 388650
65 0 388695
80 1 388714
65 1 388776
76 1 388785
67 0 388885
69 0 388935
67 1 389010
69 1 389065
32 0 389081
32 1 389224
65 0 389230
65 1 389374
67 0 389660
69 0 389745
67 1 389790
69 1 389855
65 0 389969
65 1 390049
83 0 390110
83 1 390209
84 0 390334
84 1 390444
65 0 390575
65 1 390683
32 0 390730
86 0 390846
32 1 390860
86 1 390933
82 0 391045
69 0 391129
82 1 391203
69 1 391258
77 0 391279
69 0 391359
77 1 391388
69 1 391443
190 0 391944
190 1 392033
32 0 392175
32 1 392293
90 0 392338
90 1 392423
73 0 392428
73 1 392502
76 0 392639
76 1 392732
69 0 392743
69 1 392853
76 0 392859
76 1 392973
69 0 393033
69 1 393137
32 0 393238
32 1 393352
84 0 393448
84 1 393537
82 0 393628
69 0 393667
82 1 393737
69 1 393793
86 0 393888
86 1 393962
8 0 394292
67 0 394352
8 1 394366
67 1 394441
85 0 394508
84 0 394607
85 1 394616
69 0 394692
84 1 394756
69 1 394847
32 0 394868
84 0 394992
32 1 395001
84 1 395101
79 0 395107
79 1 395196
84 0 395201
84 1 395271
32 0 395292
32 1 395411
80 0 395472
76 0 395621
80 1 395686
76 1 395711
79 0 395817
79 1 395926
73 0 396042
73 1 396096
83 0 396451
83 1 396550
32 0 396622
32 1 396750
8 0 397011
8 1 397086
8 0 397161
8 1 397265
79 0 397376
79 1 397480
83 0 397515
83 1 397595
32 0 397726
32 1 397885
65 0 397900
65 1 398005
32 0 398040
32 1 398175
70 0 398215
79 0 398315
70 1 398329
79 1 398405
83 0 398420
83 1 398529
84 0 398620
188 0 398715
84 1 398729
32 0 398812
188 1 398889
68 0 398940
32 1 398954
68 1 399044
65 0 399134
65 1 399219
82 0 399315
32 0 399415
82 1 399434
32 1 399539
65 0 399565
77 0 399625
65 1 399674
32 0 399719
77 1 399774
32 1 399804
70 0 399910
79 0 399919
70 1 399998
79 1 400048
65 0 400145
65 1 400274
83 0 400759
83 1 400944
8 0 401204
8 1 401283
8 0 401349
83 0 401409
8 1 401458
83 1 401523
84 0 401588
32 0 401694
84 1 401702
32 1 401824
67 0 401959
65 0 402058
67 1 402113
65 1 402188
84 0 402318
69 0 402414
84 1 402442
69 1 402507
86 0 402648
86 1 402769
65 0 402878
65 1 403002
32 0 403188
32 1 403312
90 0 403322
90 1 403402
73 0 403407
73 1 403497
76 0 403628
76 1 403737
69 0 403758
32 0 403854
69 1 403867
32 1 403982
76 0 404142
76 1 404271
65 0 404297
32 0 404367
65 1 404406
77 0 404472
32 1 404556
77 1 404652
85 0 404743
78 0 404858
85 1 404926
78 1 405026
69 0 405077
69 1 405186
188 0 405202
32 0 405312
188 1 405361
32 1 405426
76 0 405467
76 1 405586
8 0 405837
8 1 405900
8 0 405987
8 1 406066
8 0 406131
8 1 406215
8 0 406241
8 1 406375
84 0 406591
69 0 406641
84 1 406720
69 1 406781
188 0 406832
32 0 406951
188 1 407000
32 1 407065
76 0 407090
76 1 407200
65 0 407220
65 1 407319
32 0 407350
90 0 407460
32 1 407495
65 0 407561
90 1 407614
65 1 407689
80 0 407846
80 1 407974
65 0 407990
65 1 408094
68 0 408226
68 1 408334
65 0 408390
65 1 408504
188 0 409166
32 0 409275
188 1 409314
32 1 409369
85 0 409450
78 0 409555
85 1 409619
68 0 409660
78 1 409688
69 0 409729
68 1 409794
69 1 409875
32 0 409879
32 1 410024
77 0 410259
77 1 410359
189 0 410614
189 1 410733
65 0 410855
77 0 410974
65 1 410988
32 0 411044
77 1 411073
32 1 411113
66 0 411229
85 0 411319
66 1 411373
85 1 411498
67 0 411548
85 0 411639
67 1 411664
85 1 411743
65 0 411944
82 0 412059
65 1 412077
82 1 412187
8 0 412593
8 1 412652
8 0 412743
8 1 412803
82 0 412849
82 1 412963
65 0 413047
65 1 413177
84 0 413182
32 0 413293
84 1 413331
32 1 413437
69 0 413472
69 1 413601
78 0 413647
78 1 413751
79 0 413873
79 1 413992
77 0 414032
77 1 414152
82 0 414427
82 1 414526
32 0 414577
32 1 414691
68 0 414696
69 0 414778
68 1 414832
69 1 414906
32 0 414911
32 1 415036
8 0 415327
8 1 415391
8 0 415477
8 1 415551
8 0 415622
8 1 415695
8 0 415773
8 1 415836
8 0 415926
8 1 415970
8 0 416066
8 1 416130
82 0 416241
82 1 416340
77 0 416406
32 0 416521
77 1 416570
68 0 416575
32 1 416630
69 0 416645
68 1 416705
69 1 416796
32 0 416806
32 1 416945
86 0 416975
86 1 417060
82 0 417205
69 0 417310
82 1 417409
69 1 417470
77 0 417591
69 0 417605
77 1 417669
69 1 417780
190 0 419864
190 1 419938
32 0 420074
32 1 420178
16 0 438694
79 0 438814
16 1 438873
32 0 438884
79 1 438978
32 1 439038
90 0 439084
73 0 439133
90 1 439213
73 1 439222
32 0 439378
32 1 439553
73 0 439743
73 1 439833
68 0 439899
69 0 439978
68 1 440057
69 1 440117
65 0 440268
65 1 440403
76 0 440423
76 1 440518
65 0 440522
65 1 440612
32 0 440623
32 1 440737
80 0 440742
80 1 440872
69 0 440877
69 1 440987
78 0 441507
78 1 441676
84 0 441682
82 0 441768
84 1 441872
85 0 441877
82 1 441921
32 0 441957
85 1 441981
32 1 442041
77 0 442142
77 1 442226
73 0 442247
78 0 442342
73 1 442456
78 1 442476
69 0 442517
69 1 442626
32 0 442726
32 1 442842
67 0 443026
85 0 443101
67 1 443156
85 1 443195
80 0 443361
82 0 443436
80 1 443450
82 1 443515
73 0 443561
78 0 443631
73 1 443715
78 1 443776
68 0 443782
68 1 443865
69 0 443976
69 1 444080
32 0 444626
32 1 444806
87 0 445725
87 1 445884
8 0 446409
8 1 446499
84 0 446780
84 1 446894
82 0 446959
69 0 447014
82 1 447093
69 1 447129
90 0 447254
73 0 447349
90 1 447368
73 1 447438
82 0 447504
69 0 447564
82 1 447663
69 1 447678
65 0 447800
65 1 447873
32 0 447934
32 1 448013
68 0 448353
69 0 448433
68 1 448503
69 1 448572
32 0 448593
68 0 448678
32 1 448697
73 0 448764
68 1 448803
77 0 448878
73 1 448907
77 1 449047
73 0 449053
78 0 449144
73 1 449222
69 0 449253
78 1 449287
69 1 449332
65 0 449443
65 1 449517
84 0 449647
84 1 449702
65 0 449829
65 1 449957
32 0 449983
32 1 450102
68 0 450107
69 0 450178
68 1 450246
32 0 450262
69 1 450306
32 1 450396
76 0 450407
65 0 450527
76 1 450546
65 1 450626
32 0 450657
32 1 450767
55 0 451052
55 1 451126
16 0 451388
190 0 451491
190 1 451636
16 1 451646
51 0 451842
48 0 451911
51 1 451981
48 1 452020
8 0 452341
8 1 452390
8 0 452481
8 1 452545
8 0 452611
8 1 452690
16 0 452802
186 0 452886
16 1 453025
186 1 453035
51 0 453240
51 1 453359
57 0 453410
57 1 453449
8 0 453735
8 1 453801
48 0 453906
48 1 453970
188 0 454220
32 0 454310
188 1 454369
32 1 454429
82 0 454580
85 0 454685
82 1 454709
85 1 454796
71 0 454845
71 1 454929
65 0 455065
65 1 455149
67 0 455259
67 1 455374
8 0 455545
8 1 455608
8 0 455724
8 1 455780
8 0 456014
8 1 456079
8 0 456159
8 1 456233
8 0 456314
8 1 456408
84 0 456734
84 1 456849
79 0 456869
79 1 456983
65 0 456999
65 1 457113
84 0 457278
69 0 457343
84 1 457443
69 1 457498
76 0 457548
76 1 457653
65 0 457820
65 1 457928
8 0 458493
8 1 458557
8 0 458648
8 1 458717
8 0 458799
8 1 458982
8 0 459142
8 1 459237
76 0 459403
69 0 459527
76 1 459536
69 1 459621
84 0 459703
84 1 459797
65 0 459918
188 0 459992
65 1 460031
32 0 460107
188 1 460151
32 1 460206
82 0 460212
82 1 460316
85 0 460323
85 1 460417
71 0 460432
71 1 460516
65 0 460627
65 1 460732
67 0 460837
73 0 460936
67 1 460971
73 1 461041
85 0 461126
78 0 461241
85 1 461340
78 1 461411
69 0 461416
69 1 461486
65 0 461622
65 1 461747
188 0 462137
32 0 462246
188 1 462305
32 1 462385
67 0 463802
67 1 463904
73 0 463945
73 1 464065
84 0 464145
84 1 464274
73 0 464280
73 1 464379
84 0 464495
84 1 464604
188 0 465600
32 0 465719
188 1 465769
32 1 465854
16 0 466104
68 0 466298
16 1 466308
85 0 466328
68 1 466372
85 1 466438
79 0 467673
79 1 467763
76 0 467888
76 1 467961
73 0 468077
78 0 468172
73 1 468293
78 1 468351
71 0 468432
71 1 468546
79 0 468562
79 1 468633
190 0 470812
190 1 470870
32 0 471082
32 1 471190
16 0 471231
68 0 471346
73 0 471370
16 1 471450
68 1 471510
77 0 471515
73 1 471560
77 1 471660
73 0 471701
78 0 471802
73 1 471875
78 1 471925
69 0 472221
69 1 472294
65 0 472416
65 1 472525
84 0 472666
84 1 472740
65 0 472771
65 1 472854
32 0 472915
77 0 472990
32 1 473014
69 0 473075
77 1 473149
82 0 473205
69 1 473249
82 1 473319
71 0 473404
71 1 473494
32 0 473500
32 1 473594
76 0 473599
76 1 473724
65 0 473731
65 1 473825
32 0 473829
32 1 473908
66 0 474069
66 1 474179
65 0 474184
65 1 474268
73 0 474304
73 1 474383
69 0 474424
69 1 474534
188 0 474594
32 0 474689
188 1 474759
32 1 474829
65 0 475769
65 1 475883
80 0 475888
79 0 475933
80 1 476032
79 1 476097
8 0 476423
8 1 476492
8 0 476578
8 1 476647
8 0 476708
8 1 476803
77 0 476978
77 1 477062
65 0 477093
32 0 477163
65 1 477192
32 1 477307
83 0 477872
83 1 477962
80 0 478002
80 1 478096
65 0 478137
76 0 478222
65 1 478241
32 0 478347
76 1 478401
32 1 478491
80 0 478621
80 1 478732
69 0 478768
69 1 478866
32 0 478871
32 1 478996
68 0 479391
73 0 479471
68 1 479500
78 0 479506
73 1 479605
78 1 479665
84 0 479681
73 0 479742
84 1 479786
73 1 479845
190 0 480066
190 1 480200
8 0 480737
8 1 480811
191 0 481501
191 1 481604
70 0 482355
70 1 482449
65 0 482489
65 1 482589
84 0 482594
84 1 482679
65 0 482715
65 1 482820
188 0 482960
32 0 483080
188 1 483104
32 1 483168
85 0 483274
78 0 483329
85 1 483378
69 0 483434
78 1 483484
69 1 483548
79 0 483595
79 1 483703
82 0 483709
82 1 483779
73 0 483820
32 0 483914
73 1 483948
32 1 484038
70 0 484179
70 1 484278
65 0 484369
65 1 484459
67 0 484518
67 1 484658
32 0 484684
32 1 484804
83 0 484810
73 0 484903
83 1 484917
32 0 484958
73 1 485057
32 1 485077
68 0 485163
68 1 485262
85 0 485283
85 1 485352
83 0 485357
83 1 485452
188 0 485583
32 0 485688
188 1 485743
32 1 485788
65 0 486799
65 1 486917
80 0 486983
79 0 487072
80 1 487142
79 1 487197
73 0 487282
32 0 487372
73 1 487406
32 1 487486
77 0 487548
77 1 487656
65 0 487672
32 0 487748
65 1 487792
32 1 487851
73 0 487856
78 0 487936
73 1 488036
78 1 488086
84 0 488136
84 1 488256
79 0 488277
79 1 488376
82 0 488421
82 1 488506
83 0 488641
83 1 488727
32 0 488732
32 1 488850
8 0 489066
8 1 489131
8 0 489216
8 1 489305
67 0 489310
67 1 489400
32 0 489451
73 0 489521
32 1 489555
78 0 489605
73 1 489726
32 0 489731
78 1 489777
67 0 489781
32 1 489801
67 1 489875
65 0 489966
65 1 490080
77 0 490305
77 1 490425
69 0 490435
69 1 490535
82 0 490635
82 1 490715
65 0 490875
32 0 490955
65 1 490974
32 1 491074
85 0 491080
78 0 491160
85 1 491229
68 0 491250
78 1 491314
69 0 491330
68 1 491394
32 0 491455
69 1 491469
32 1 491524
73 0 493410
73 1 493478
8 0 493774
8 1 493848
67 0 494183
67 1 494288
73 0 494328
73 1 494407
84 0 494468
69 0 494553
84 1 494613
69 1 494682
83 0 494769
83 1 494897
67 0 495098
67 1 495252
32 0 495448
32 1 495593
83 0 495789
83 1 495897
85 0 495962
85 1 496082
84 0 496132
84 1 496211
68 0 496843
73 0 496962
68 1 496981
73 1 497051
8 0 497252
8 1 497301
8 0 497417
8 0 497917
8 0 497948
8 0 497978
8 0 498009
8 0 498040
8 0 498071
8 0 498101
8 0 498130
8 0 498161
8 0 498190
8 1 498216
65 0 498701
65 1 498826
77 0 498831
32 0 498921
77 1 498990
32 1 499056
8 0 499376
8 1 499440
8 0 499536
8 1 499600
8 0 499671
70 0 499712
8 1 499751
70 1 499791
65 0 499896
65 1 499975
67 0 500056
67 1 500185
32 0 500230
32 1 500335
83 0 500391
83 1 500489
84 0 500825
84 1 500934
85 0 500965
85 1 501039
68 0 501075
73 0 501170
68 1 501194
73 1 501249
85 0 501339
85 1 501434
76 0 501775
32 0 501949
76 1 502019
32 1 502094
80 0 502160
80 1 502283
69 0 502289
69 1 502393
82 0 502470
82 1 502548
83 0 502660
79 0 502699
83 1 502774
79 1 502823
78 0 502874
78 1 503004
65 0 503029
65 1 503118
76 0 503139
32 0 503224
76 1 503288
32 1 503348
68 0 503389
73 0 503489
68 1 503533
78 0 503558
73 1 503648
32 0 503689
78 1 503724
32 1 503769
16 0 504014
66 0 504129
16 1 504233
66 1 504253
73 0 504304
73 1 504432
66 0 504498
66 1 504608
76 0 504644
76 1 504708
73 0 504829
73 1 504882
188 0 505083
188 1 505232
8 0 505483
8 1 505552
69 0 505583
69 1 505702
188 0 505893
32 0 506038
188 1 506097
32 1 506187
83 0 506263
83 1 506377
73 0 506862
32 0 506963
73 1 507022
32 1 507091
68 0 507447
73 0 507523
68 1 507546
78 0 507557
73 1 507676
78 1 507732
84 0 507793
82 0 507867
84 1 507936
82 1 508012
189 0 509057
189 1 509112
79 0 509341
32 0 509431
79 1 509500
32 1 509580
67 0 509585
67 1 509660
65 0 509762
65 1 509865
82 0 509936
82 1 510040
84 0 510141
69 0 510215
84 1 510305
69 1 510380
32 0 510481
32 1 510611
67 0 510930
67 1 511045
65 0 511130
65 1 511249
82 0 511365
69 0 511425
82 1 511509
69 1 511554
32 0 511575
32 1 511669
77 0 511736
65 0 511830
77 1 511859
65 1 511914
32 0 511934
65 0 512025
32 1 512079
65 1 512124
74 0 512405
74 1 512499
85 0 512540
85 1 512745
84 0 512835
84 1 512929
65 0 513069
65 1 513184
32 0 513199
32 1 513313
80 0 513454
80 1 513539
69 0 513584
69 1 513694
32 0 513790
86 0 513859
32 1 513888
86 1 513958
73 0 514029
73 1 514083
73 0 514603
73 1 514683
84 0 514739
84 1 514818
79 0 515018
79 1 515088
82 0 515113
82 1 515223
190 0 516468
190 1 516572
32 0 516817
32 1 516942
16 0 517208
65 0 517432
65 1 517581
8 0 518027
8 1 518136
86 0 519206
86 1 519300
16 1 519346
82 0 519451
69 0 519506
82 1 519565
69 1 519600
65 0 519737
85 0 519836
65 1 519855
32 0 519946
85 1 520010
83 0 520015
32 1 520080
65 0 520085
83 1 520165
32 0 520210
65 1 520230
32 1 520310
77 0 520386
77 1 520470
65 0 520506
32 0 520576
65 1 520610
32 1 520695
68 0 520727
68 1 520835
85 0 520841
85 1 520924
67 0 520930
67 1 521029
32 0 521040
32 1 521160
76 0 521321
76 1 521434
65 0 521440
65 1 521514
32 0 521600
32 1 521689
16 0 522929
79 0 523106
79 1 523189
16 1 523199
82 0 523305
82 1 523378
65 0 523469
65 1 523558
83 0 523649
83 1 523755
188 0 523829
32 0 523889
32 1 524013
188 1 524038
83 0 524478
65 0 524563
83 1 524638
32 0 524668
65 1 524728
32 1 524768
77 0 524853
65 0 524923
77 1 524967
32 0 525008
65 1 525042
32 1 525097
73 0 525133
78 0 525208
73 1 525277
78 1 525317
84 0 525348
84 1 525447
65 0 525583
76 0 525678
65 1 525697
76 1 525748
78 0 525862
78 1 525942
69 0 526032
69 1 526117
83 0 526228
83 1 526322
67 0 526402
67 1 526517
32 0 526522
32 1 526616
85 0 526687
85 1 526832
67 0 526858
67 1 526996
8 0 527292
8 1 527356
8 0 527447
8 1 527546
67 0 527604
67 1 527742
32 0 527811
32 1 527991
8 0 528246
8 1 528340
85 0 528521
32 0 528576
85 1 528630
32 1 528726
79 0 528797
79 1 528950
32 0 528986
32 1 529101
86 0 529386
86 1 529520
69 0 529606
69 1 529675
67 0 529772
67 1 529860
72 0 529886
72 1 529955
69 0 530015
69 1 530144
32 0 530290
32 1 530400
80 0 530851
80 1 531000
82 0 531134
82 1 531224
73 0 531235
73 1 531324
69 0 531365
69 1 531459
84 0 531585
69 0 531694
84 1 531775
78 0 531814
69 1 531828
78 1 531959
69 0 531985
69 1 532104
8 0 532629
8 1 532720
65 0 532745
65 1 532848
188 0 533178
32 0 533324
188 1 533398
32 1 533488
86 0 533574
86 1 533658
82 0 533784
69 0 533853
82 1 533907
69 1 533947
65 0 534078
85 0 534149
65 1 534177
32 0 534248
85 1 534307
83 0 534348
32 1 534377
65 0 534463
83 1 534502
65 1 534587
32 0 534623
32 1 534723
65 0 535713
65 1 535821
8 0 536112
8 1 536201
77 0 536502
77 1 536626
65 0 536642
32 0 536728
65 1 536752
80 0 536837
32 1 536881
76 0 536952
80 1 537046
76 1 537101
73 0 537217
77 0 537357
73 1 537461
77 1 537551
66 0 538276
66 1 538380
190 0 538601
190 1 538726
32 0 538866
32 1 538980
76 0 539345
76 1 539475
16 0 539505
16 1 539654
65 0 540425
65 1 540514
32 0 540575
32 1 540695
80 0 540745
80 1 540899
82 0 541014
82 1 541049
65 0 541159
65 1 541239
78 0 541350
78 1 541418
90 0 541424
90 1 541533
32 0 542554
32 1 542683
73 0 543694
77 0 543789
73 1 543837
73 0 543913
77 1 543993
73 1 544062
80 0 544193
76 0 544273
65 0 544352
80 1 544361
76 1 544407
65 1 544427
67 0 544522
69 0 544638
67 1 544703
69 1 544807
8 0 544878
8 1 544957
8 0 545038
8 1 545122
8 0 545182
8 1 545266
8 0 545337
8 1 545411
8 0 545488
8 1 545581
32 0 545769
32 1 545901
80 0 546017
76 0 546117
80 1 546196
65 0 546226
76 1 546261
65 1 546306
67 0 546411
69 0 546466
67 1 546515
69 1 546616
32 0 546646
83 0 546722
32 1 546756
65 0 546806
83 1 546865
32 0 546926
65 1 546945
32 1 547035
73 0 547276
73 1 547375
65 0 547426
85 0 547496
65 1 547530
32 0 547601
85 1 547625
32 1 547726
79 0 547821
32 0 547951
79 1 547995
32 1 548095
80 0 548110
80 1 548245
65 0 548491
65 1 548565
85 0 548660
85 1 548760
90 0 548776
65 0 548870
90 1 548929
65 1 549029
32 0 549125
68 0 549225
32 1 549249
69 0 549325
68 1 549369
32 0 549435
69 1 549454
32 1 549534
76 0 549600
76 1 549720
65 0 549731
32 0 549751
65 1 549819
32 1 549844
73 0 549859
78 0 549934
73 1 550014
78 1 550069
86 0 550156
86 1 550274
65 0 550380
65 1 550484
84 0 550579
84 1 550669
65 0 550716
84 0 550770
65 1 550793
32 0 550859
84 1 550898
32 1 550983
83 0 551070
73 0 551154
83 1 551193
32 0 551269
73 1 551318
32 1 551403
83 0 551644
65 0 551740
83 1 551818
32 0 551843
65 1 551893
32 1 551933
67 0 554623
67 1 554692
73 0 554719
73 1 554796
84 0 554867
69 0 554932
84 1 554987
69 1 555031
83 0 555089
67 0 555272
83 1 555286
67 1 555426
188 0 555562
32 0 555708
188 1 555767
83 0 555777
32 1 555846
65 0 555851
83 1 555936
65 1 556026
32 0 556322
32 1 556440
65 0 556476
65 1 556575
83 0 556926
83 1 557021
67 0 557136
67 1 557245
85 0 557301
85 1 557390
76 0 557551
84 0 557605
76 1 557625
84 1 557747
32 0 558016
32 1 558135
77 0 558231
77 1 558339
85 0 558401
85 1 558505
90 0 558581
90 1 558674
73 0 558687
73 1 558760
67 0 558785
67 1 558869
65 0 558986
188 0 559095
65 1 559119
32 0 559201
188 1 559259
32 1 559314
83 0 559395
83 1 559485
85 0 559489
85 1 559594
68 0 560319
68 1 560443
79 0 560459
79 1 560564
75 0 561089
75 1 561188
85 0 561304
85 1 561383
188 0 561564
32 0 561664
188 1 561703
32 1 561769
79 0 561814
82 0 561923
79 1 561932
82 1 562013
73 0 562043
73 1 562127
67 0 562169
67 1 562187
67 0 562263
69 0 562268
67 1 562332
69 1 562407
32 0 562463
32 1 562587
73 0 562598
78 0 562709
32 0 562779
73 1 562802
78 1 562852
32 1 562867
65 0 562918
65 1 563032
70 0 563263
70 1 563368
65 0 563393
65 1 563462
82 0 563467
82 1 563567
65 0 563588
65 1 563677
32 0 563729
32 1 563862
68 0 563883
69 0 563942
68 1 564012
32 0 564017
73 0 564062
32 1 564086
69 1 564096
78 0 564207
73 1 564276
78 1 564326
86 0 564447
86 1 564556
65 0 564562
65 1 564661
84 0 564667
84 1 564722
65 0 564773
84 0 564807
65 1 564856
84 1 564876
190 0 565257
190 1 565356
32 0 565507
32 1 565556
16 0 567551
73 0 567915
16 1 567955
73 1 567994
65 0 568110
65 1 568195
82 0 568301
82 1 568389
32 0 568445
83 0 568525
32 1 568554
83 1 568609
69 0 568716
69 1 568775
65 0 568905
65 1 568980
82 0 569135
82 1 569224
65 0 569354
65 1 569484
188 0 569540
32 0 569690
188 1 569779
32 1 569874
83 0 571180
83 1 571268
84 0 571439
84 1 571498
65 0 571644
85 0 571709
65 1 571749
32 0 571823
85 1 571897
67 0 571918
32 1 571948
67 1 572043
85 0 572048
32 0 572128
85 1 572192
32 1 572257
70 0 572628
70 1 572688
65 0 572803
65 1 572933
77 0 572938
73 0 573053
77 1 573067
78 0 573203
73 1 573217
73 0 573358
78 1 573402
73 1 573478
8 0 573808
8 1 573867
8 0 573963
8 1 574047
76 0 574198
76 1 574322
73 0 574447
73 1 574536
65 0 574637
65 1 574753
188 0 574812
32 0 574942
188 1 575011
32 1 575087
86 0 575282
86 1 575381
79 0 575427
82 0 575517
79 1 575536
82 1 575611
66 0 575667
69 0 575757
66 1 575786
69 1 575841
83 0 575961
83 1 576056
67 0 576097
67 1 576221
32 0 576226
32 1 576326
67 0 576341
85 0 576396
67 1 576450
32 0 576481
85 1 576540
32 1 576570
82 0 576601
82 1 576717
80 0 576722
80 1 576830
73 0 576916
69 0 576981
73 1 577005
69 1 577100
8 0 577426
8 1 577495
8 0 577578
8 1 577655
8 0 577726
8 1 577800
8 0 577886
8 1 577945
80 0 578630
82 0 578756
80 1 578770
82 1 578844
73 0 578895
69 0 578965
73 1 579014
69 1 579069
84 0 579175
69 0 579265
78 0 579325
84 1 579364
69 1 579404
78 1 579454
73 0 579470
73 1 579576
73 0 579675
73 1 579765
32 0 579900
32 1 580019
77 0 580115
77 1 580223
69 0 580254
73 0 580304
69 1 580343
73 1 580398
190 0 580824
190 1 581034
32 0 581779
32 1 581937
8 0 582099
8 1 582163
8 0 582253
8 1 582327
188 0 582518
32 0 582628
188 1 582698
32 1 582753
67 0 582788
73 0 582848
67 1 582867
73 1 582957
84 0 583068
69 0 583153
84 1 583212
69 1 583277
83 0 583363
83 1 583482
67 0 583558
67 1 583693
188 0 583744
32 0 583877
188 1 583921
83 0 583947
32 1 583972
83 1 584041
73 0 584073
32 0 584172
73 1 584211
65 0 584242
32 1 584251
65 1 584331
80 0 584437
79 0 584537
80 1 584661
79 1 584698
73 0 584873
73 1 585001
32 0 585172
32 1 585286
77 0 585542
77 1 585621
65 0 585657
65 1 585742
32 0 585781
32 1 585896
67 0 585932
85 0 585997
67 1 586040
85 1 586085
76 0 586252
76 1 586341
67 0 586366
67 1 586471
190 0 587805
190 1 587885
16 0 591705
83 0 591904
73 0 591984
16 1 592043
83 1 592058
73 1 592069
83 0 592389
83 1 592493
84 0 592614
69 0 592695
84 1 592764
69 1 592853
77 0 592858
77 1 592993
85 0 593294
85 1 593393
76 0 593564
32 0 593689
76 1 593744
69 0 593798
32 1 593812
69 1 593913
68 0 594188
68 1 594292
85 0 594328
67 0 594418
85 1 594427
67 1 594497
65 0 594598
65 1 594668
84 0 594829
73 0 594893
84 1 594937
79 0 594953
78 0 594993
79 1 595077
73 1 595087
78 1 595137
65 0 595218
65 1 595317
76 0 595328
76 1 595478
32 0 595482
32 1 595612
68 0 595670
73 0 595764
68 1 595812
78 0 595823
73 1 595912
32 0 595917
78 1 595982
32 1 596027
16 0 596298
16 1 596337
16 0 596477
82 0 596658
82 1 596812
79 0 596822
16 1 596846
79 1 596951
77 0 597027
77 1 597151
65 0 597157
78 0 597242
65 1 597261
73 0 597333
78 1 597406
73 1 597477
65 0 597497
65 1 597586
32 0 597684
69 0 597812
32 1 597821
69 1 597881
83 0 598007
83 1 598096
84 0 598247
69 0 598322
84 1 598401
69 1 598466
32 0 598569
32 1 598667
80 0 602051
80 1 602155
85 0 602246
85 1 602345
84 0 602366
84 1 602455
73 0 602460
78 0 602561
32 0 602615
73 1 602645
78 1 602701
83 0 602736
32 1 602755
83 1 602800
84 0 602921
82 0 602966
84 1 603025
82 1 603066
73 0 603081
73 1 603175
67 0 603226
67 1 603269
84 0 603595
84 1 603721
8 0 604000
8 1 604084
65 0 604095
65 1 604189
84 0 604335
84 1 604395
188 0 604400
32 0 604530
188 1 604604
32 1 604680
77 0 605135
77 1 605284
65 0 605305
73 0 605400
65 1 605414
32 0 605515
73 1 605574
65 0 605595
32 1 605629
65 1 605696
76 0 605761
69 0 605835
76 1 605844
69 1 605899
83 0 606010
83 1 606109
32 0 606140
32 1 606249
67 0 606254
85 0 606349
67 1 606374
32 0 606425
85 1 606443
32 1 606534
80 0 606794
80 1 606899
65 0 606905
65 1 606984
78 0 607035
68 0 607119
78 1 607128
69 0 607204
68 1 607279
77 0 607299
69 1 607338
73 0 607414
77 1 607448
73 1 607524
65 0 607559
65 1 607659
188 0 607735
32 0 607854
188 1 607903
67 0 607914
32 1 607964
67 1 607998
65 0 608099
65 1 608203
78 0 608219
68 0 608264
78 1 608303
68 1 608383
32 0 608499
32 1 608598
87 0 608639
87 1 608648
83 0 609439
83 1 609558
8 0 609774
8 1 609828
8 0 609924
83 0 610004
8 1 610018
83 1 610093
67 0 610144
79 0 610194
67 1 610248
79 1 610288
65 0 610374
76 0 610433
65 1 610463
76 1 610548
65 0 610578
32 0 610674
65 1 610688
32 1 610767
79 0 610824
78 0 610944
79 1 610988
78 1 611053
76 0 611124
76 1 611202
73 0 611308
78 0 611378
73 1 611417
69 0 611473
78 1 611482
69 1 611558
32 0 611583
32 1 611713
65 0 611803
65 1 611897
32 0 611933
32 1 612047
68 0 612053
69 0 612103
68 1 612157
69 1 612212
86 0 612308
69 0 612393
86 1 612432
78 0 612468
69 1 612502
73 0 612553
78 1 612617
84 0 612679
73 1 612698
32 0 612773
84 1 612792
32 1 612877
85 0 613377
78 0 613532
85 1 613617
32 0 613647
78 1 613688
32 1 613772
78 0 616762
78 1 616891
69 0 616896
69 1 617001
67 0 617131
67 1 617216
69 0 617466
69 1 617536
83 0 617698
65 0 617792
83 1 617846
65 1 617941
82 0 618077
82 1 618226
188 0 618252
32 0 618376
188 1 618466
32 1 618531
65 0 618901
65 1 618991
8 0 619272
8 1 619350
73 0 619471
73 1 619570
65 0 619576
65 1 619646
82 0 619722
82 1 619850
32 0 619856
32 1 619961
68 0 620471
73 0 620546
68 1 620580
78 0 620605
32 0 620712
73 1 620736
78 1 620780
32 1 620835
65 0 621041
65 1 621120
67 0 621226
69 0 621310
67 1 621385
69 1 621460
65 0 621585
65 1 621661
83 0 621800
83 1 621884
84 0 621990
84 1 622105
65 0 622225
65 1 622355
32 0 622376
32 1 622534
67 0 622540
67 1 622609
65 0 622672
65 1 622740
85 0 622850
90 0 622865
85 1 622925
90 1 622944
65 0 623062
65 1 623149
32 0 623165
32 1 623294
77 0 623380
77 1 623485
65 0 623489
65 1 623584
74 0 623625
74 1 623715
79 0 623799
79 1 623925
82 0 625061
82 1 625169
73 0 625284
73 1 625368
84 0 625434
84 1 625539
65 0 625670
65 1 625764
84 0 625910
69 0 625974
84 1 626053
69 1 626094
65 0 626204
65 1 626298
32 0 626364
32 1 626493
67 0 626529
79 0 626584
67 1 626643
79 1 626709
80 0 626714
80 1 626863
73 0 626939
73 1 627028
73 0 627094
73 1 627193
76 0 627638
76 1 627734
79 0 627819
79 1 627897
82 0 627909
82 1 628018
32 0 628679
32 1 628793
83 0 628859
85 0 628928
83 1 628937
85 1 629032
70 0 629053
69 0 629173
70 1 629202
82 0 629308
69 1 629337
82 1 629427
65 0 629548
65 1 629647
32 0 629664
32 1 629777
68 0 629783
69 0 629873
68 1 629917
32 0 629963
69 1 630012
32 1 630042
73 0 630123
78 0 630228
73 1 630337
78 1 630387
83 0 630508
83 1 630597
85 0 630632
85 1 630753
70 0 630773
70 1 630862
73 0 630988
73 1 631092
67 0 632137
67 1 632211
73 0 632237
73 1 632346
69 0 632351
69 1 632461
78 0 632512
78 1 632621
84 0 632658
69 0 632728
84 1 632806
69 1 632881
32 0 632917
32 1 633021
8 0 638930
8 1 639019
8 0 639110
8 1 639159
65 0 639199
65 1 639319
32 0 639349
32 1 639434
83 0 640249
83 1 640318
67 0 640399
79 0 640510
67 1 640533
79 1 640598
76 0 640755
76 1 640874
65 0 640894
65 1 640983
82 0 641084
82 1 641168
65 0 641279
65 1 641368
190 0 641429
190 1 641573
32 0 641680
32 1 641793
16 0 644113
69 0 644928
69 1 645053
16 1 645082
85 0 645118
32 0 645237
85 1 645261
32 1 645362
67 0 645367
67 1 645467
79 0 645483
78 0 645612
79 1 645698
83 0 645704
78 1 645747
83 1 645807
73 0 645838
73 1 645941
68 0 645957
68 1 646067
69 0 646287
69 1 646397
82 0 646492
82 1 646576
32 0 646592
32 1 646727
67 0 646757
67 1 646846
65 0 646953
65 1 647046
32 0 647147
32 1 647241
69 0 648436
69 1 648521
83 0 648821
83 1 648901
84 0 649102
69 0 649146
84 1 649230
69 1 649291
32 0 649296
32 1 649400
85 0 649431
78 0 649536
85 1 649625
32 0 649641
78 1 649691
32 1 649716
83 0 649742
83 1 649825
73 0 649830
73 1 649930
83 0 649936
83 1 650005
84 0 650126
69 0 650176
77 0 650266
84 1 650280
69 1 650325
77 1 650390
32 0 650631
32 1 650766
67 0 651061
79 0 651111
67 1 651200
77 0 651205
79 1 651310
77 1 651340
80 0 651410
76 0 651506
80 1 651615
69 0 651625
76 1 651660
69 1 651770
88 0 651975
88 1 652065
32 0 652136
32 1 652240
67 0 652330
67 1 652445
65 0 652545
65 1 652651
82 0 652810
69 0 652855
82 1 652930
69 1 652984
32 0 653020
32 1 653174
84 0 653200
82 0 653250
84 1 653350
82 1 653389
65 0 653520
65 1 653639
84 0 653805
69 0 653945
84 1 653979
69 1 654120
65 0 654260
65 1 654349
90 0 654455
90 1 654745
65 0 655545
65 1 655629
32 0 655655
32 1 655784
77 0 655840
77 1 655964
85 0 655969
85 1 656063
76 0 656214
84 0 656300
76 1 656328
69 0 656334
84 1 656413
69 1 656448
32 0 656469
32 1 656550
83 0 656579
85 0 656650
83 1 656679
85 1 656754
66 0 656814
66 1 656969
73 0 656974
69 0 657039
73 1 657108
69 1 657154
67 0 657254
67 1 657338
84 0 657474
69 0 657551
84 1 657613
188 0 657638
69 1 657674
32 0 657745
188 1 657778
32 1 657843
80 0 657934
79 0 658024
80 1 658119
65 0 658123
79 1 658168
65 1 658243
84 0 658373
69 0 658433
84 1 658513
69 1 658568
32 0 658578
32 1 658704
77 0 658808
77 1 658918
8 0 659209
8 1 659318
67 0 659433
72 0 659523
67 1 659562
73 0 659613
72 1 659668
65 0 659774
73 1 659792
65 1 659868
82 0 659994
82 1 660107
32 0 660118
32 1 660252
77 0 660293
65 0 660414
77 1 660427
73 0 660498
65 1 660532
32 0 660628
73 1 660663
77 0 660674
32 1 660733
77 1 660818
85 0 660863
85 1 660953
76 0 661093
84 0 661198
76 1 661212
69 0 661263
84 1 661317
69 1 661382
32 0 661428
32 1 661577
68 0 661773
69 0 661833
68 1 661902
69 1 661952
67 0 662028
67 1 662122
65 0 662213
65 1 662322
84 0 662353
32 0 662458
84 1 662517
32 1 662583
65 0 662587
65 1 662708
82 0 662782
82 1 662877
32 0 662903
70 0 662987
32 1 663011
73 0 663062
70 1 663096
32 0 663137
73 1 663196
32 1 663241
78 0 663302
78 1 663411
69 0 663417
69 1 663522
67 0 663577
69 0 663718
67 1 663742
69 1 663851
83 0 663957
65 0 664049
83 1 664101
65 1 664196
84 0 664342
84 1 664406
32 0 664427
32 1 664556
8 0 665051
8 1 665126
8 0 665217
8 1 665301
82 0 665307
82 1 665426
32 0 665441
32 1 665547
85 0 666137
78 0 666242
85 1 666311
85 0 666406
78 1 666506
73 0 666512
85 1 666626
73 1 666656
32 0 667356
32 1 667536
69 0 668831
69 1 668920
76 0 668976
69 0 669055
76 1 669095
69 1 669165
86 0 669276
86 1 669375
188 0 669466
32 0 669576
188 1 669630
32 1 669691
86 0 669886
86 1 669945
73 0 670186
73 1 670270
73 0 670360
84 0 670425
73 1 670454
84 1 670539
79 0 670615
79 1 670680
82 0 670685
82 1 670800
32 0 670831
32 1 670874
67 0 672305
69 0 672385
67 1 672429
69 1 672514
84 0 672630
84 1 672769
65 0 672925
65 1 673034
84 0 673185
69 0 673239
84 1 673308
69 1 673369
65 0 673500
78 0 673600
65 1 673613
78 1 673704
190 0 673945
190 1 674038
32 0 674144
32 1 674218
16 0 675289
69 0 675584
16 1 675684
69 1 675699
76 0 675784
69 0 675869
76 1 675893
69 1 675963
86 0 676019
86 1 676153
73 0 676158
73 1 676193
73 0 676284
73 1 676408
32 0 676413
65 0 676504
32 1 676533
65 1 676613
82 0 676679
82 1 676778
32 0 676843
32 1 676953
84 0 676984
84 1 677068
82 0 677154
69 0 677258
66 0 677318
82 1 677342
85 0 677398
69 1 677427
73 0 677453
66 1 677472
85 1 677582
73 1 677612
32 0 677714
32 1 677838
83 0 677843
65 0 677918
83 1 677982
65 1 678047
32 0 678063
32 1 678187
70 0 678293
73 0 678368
70 1 678392
73 1 678432
69 0 678513
69 1 678628
32 0 678670
32 1 678763
77 0 678869
77 1 678963
65 0 679018
73 0 679083
65 1 679127
32 0 679163
73 1 679202
32 1 679267
76 0 679353
76 1 679427
8 0 679739
8 1 679818
83 0 679908
73 0 679958
83 1 680007
73 1 680052
76 0 680193
76 1 680257
73 0 680358
73 1 680427
84 0 680658
84 1 680782
79 0 680818
79 1 680892
82 0 680922
82 1 681017
73 0 681022
73 1 681067
188 0 681257
32 0 681353
188 1 681401
32 1 681442
76 0 681503
76 1 681612
65 0 681637
65 1 681738
32 0 681742
32 1 681841
70 0 681927
69 0 682007
70 1 682071
76 0 682097
69 1 682111
32 0 682242
76 1 682261
32 1 682341
83 0 682378
83 1 682481
73 0 682487
32 0 682607
73 1 682616
32 1 682791
67 0 682918
85 0 682997
67 1 683047
32 0 683082
85 1 683156
32 1 683216
83 0 683221
83 1 683301
84 0 683412
84 1 683512
85 0 683537
85 1 683631
68 0 683637
69 0 683728
78 0 683761
68 1 683801
78 1 683866
69 1 683876
84 0 683947
73 0 683991
73 1 684051
84 1 684060
73 0 684137
73 1 684211
188 0 684366
32 0 684452
188 1 684531
83 0 684566
32 1 684591
65 0 684647
83 1 684732
65 1 684781
32 0 684817
32 1 684905
73 0 685012
73 1 685081
73 0 685197
73 1 685261
8 0 685577
8 1 685672
8 0 686282
8 1 686390
83 0 686491
83 1 686550
69 0 686642
69 1 686745
32 0 686751
69 0 686831
32 1 686845
69 1 686905
8 0 687296
8 1 687405
65 0 687420
65 1 687515
88 0 687936
88 1 688011
69 0 688161
69 1 688230
90 0 689225
90 1 689295
69 0 689411
69 1 689499
32 0 689531
32 1 689641
80 0 689711
80 1 689829
69 0 689835
69 1 689934
32 0 689940
67 0 690030
32 1 690059
69 0 690125
67 1 690179
69 1 690234
69 0 690316
69 1 690415
65 0 690545
65 1 690655
32 0 690696
32 1 690829
67 0 690855
69 0 690895
67 1 690974
69 1 691044
32 0 691055
32 1 691184
76 0 691265
69 0 691355
76 1 691389
69 1 691474
32 0 691479
32 1 691589
80 0 691651
76 0 691770
80 1 691834
65 0 691845
76 1 691899
65 1 691949
67 0 692070
69 0 692125
67 1 692214
69 1 692284
32 0 692289
32 1 692409
76 0 692469
76 1 692569
79 0 692671
79 1 692730
82 0 692735
82 1 692834
32 0 692865
32 1 692989
67 0 693615
69 0 693700
67 1 693774
76 0 693824
69 1 693859
32 0 693934
76 1 693973
32 1 694084
77 0 694114
77 1 694218
65 0 694239
65 1 694348
73 0 694695
32 0 694819
73 1 694828
32 1 694988
77 0 695029
77 1 695158
85 0 695163
85 1 695238
76 0 695394
84 0 695469
76 1 695493
84 1 695578
188 0 695660
32 0 695768
188 1 695823
83 0 695849
32 1 695868
65 0 695949
83 1 696018
65 1 696103
32 0 696108
32 1 696213
70 0 696379
73 0 696433
70 1 696482
73 1 696518
69 0 696613
32 0 696633
69 1 696698
73 0 696734
32 1 696787
78 0 696838
73 1 696912
78 1 696988
67 0 697153
67 1 697243
85 0 697248
85 1 697342
82 0 697408
82 1 697517
65 0 697618
65 1 697733
74 0 697788
74 1 697897
65 0 697903
65 1 697947
84 0 698133
84 1 698228
73 0 698233
32 0 698348
73 1 698407
32 1 698482
68 0 698488
69 0 698539
68 1 698627
32 0 698638
69 1 698673
32 1 698767
80 0 698823
65 0 698907
80 1 698967
65 1 699022
82 0 699113
82 1 699197
84 0 699293
73 0 699338
78 0 699387
84 1 699412
73 1 699472
73 0 699558
78 1 699607
73 1 699698
8 0 701507
8 1 701581
8 0 701688
8 1 701737
8 0 701833
8 1 701881
8 0 701972
8 1 702041
73 0 702663
78 0 702707
73 1 702816
78 1 702906
84 0 702977
73 0 703041
84 1 703066
73 1 703126
188 0 703307
32 0 703397
188 1 703461
32 1 703510
73 0 703592
73 1 703677
65 0 703713
65 1 703791
82 0 703877
32 0 703976
82 1 703995
80 0 704071
32 1 704095
82 0 704201
80 1 704210
79 0 704281
82 1 704310
79 1 704390
70 0 704722
69 0 704826
70 1 704855
69 1 704961
83 0 705047
83 1 705141
79 0 705171
79 1 705275
82 0 705301
73 0 705391
82 1 705415
73 1 705455
73 0 705541
32 0 705632
73 1 705681
32 1 705760
65 0 705766
65 1 705855
82 0 705966
82 1 706025
32 0 706386
32 1 706500
84 0 706551
84 1 706615
82 0 706727
69 0 706800
66 0 706840
82 1 706895
85 0 706925
69 1 706959
73 0 706995
66 1 707020
85 1 707125
73 1 707154
32 0 707291
83 0 707420
32 1 707439
65 0 707495
83 1 707570
65 1 707660
32 0 707701
32 1 707770
83 0 708620
83 1 708720
69 0 708835
69 1 708940
32 0 708950
32 1 709044
77 0 709260
77 1 709384
79 0 709615
79 1 709720
68 0 709770
69 0 709850
68 1 709914
69 1 709994
76 0 710080
69 0 710180
76 1 710214
69 1 710289
90 0 710495
90 1 710569
69 0 710716
32 0 710789
69 1 710798
80 0 710874
32 1 710924
80 1 710978
85 0 711099
85 1 711183
84 0 711209
84 1 711304
73 0 711309
78 0 711314
32 0 711429
73 1 711468
78 1 711523
32 1 711594
83 0 711609
73 0 711675
83 1 711733
32 0 711749
73 1 711793
32 1 711853
68 0 712084
85 0 712164
68 1 712223
85 1 712258
80 0 712399
65 0 712489
80 1 712503
65 1 712578
32 0 712599
32 1 712710
69 0 712714
69 1 712793
76 0 712849
69 0 712899
76 1 712958
69 1 712998
86 0 713144
73 0 713204
86 1 713253
73 1 713263
188 0 713464
32 0 713549
188 1 713644
32 1 713684
83 0 713689
65 0 713769
83 1 713848
65 1 713908
32 0 713959
65 0 714038
32 1 714073
65 1 714168
80 0 714324
80 1 714428
8 0 714878
68 0 714943
8 1 714957
68 1 715043
65 0 715123
80 0 715148
65 1 715237
80 1 715257
84 0 715628
69 0 715679
84 1 715743
69 1 715797
90 0 715923
90 1 716047
69 0 716153
69 1 716258
32 0 716283
32 1 716382
77 0 716428
65 0 716498
77 1 716573
65 1 716602
84 0 716730
69 0 716793
84 1 716837
82 0 716943
69 1 716992
82 1 717067
73 0 717083
73 1 717162
65 0 717218
65 1 717342
32 0 717413
32 1 717513
76 0 717638
76 1 717709
65 0 717793
65 1 717877
32 0 717898
32 1 718007
90 0 718022
73 0 718124
90 1 718147
73 1 718192
190 0 718348
190 1 718422
16 0 728840
70 0 729045
16 1 729125
70 1 729149
73 0 729189
73 1 729284
69 0 729289
69 1 729374
67 0 729465
67 1 729594
65 0 729769
65 1 729889
82 0 730025
69 0 730069
82 1 730159
69 1 730234
32 0 730270
32 1 730399
80 0 730464
69 0 730589
80 1 730618
69 1 730705
82 0 730775
82 1 730838
83 0 730954
79 0 731035
83 1 731048
79 1 731133
78 0 731214
78 1 731304
65 0 731324
65 1 731439
74 0 732159
74 1 732253
32 0 732310
32 1 732503
68 0 732554
73 0 732614
68 1 732674
78 0 732685
32 0 732764
73 1 732783
78 1 732818
32 1 732873
80 0 733794
80 1 733933
73 0 734664
73 1 734743
67 0 734798
67 1 734893
84 0 734998
84 1 735092
85 0 735248
85 1 735377
82 0 735398
82 1 735482
65 0 735644
65 1 735747
32 0 735788
32 1 735882
65 0 735893
65 1 735983
76 0 736029
76 1 736127
65 0 736168
65 1 736262
84 0 737698
84 1 737806
85 0 737862
85 1 737982
82 0 737997
82 1 738102
65 0 738217
65 1 738327
84 0 738488
84 1 738576
65 0 738693
65 1 738822
32 0 738862
69 0 738978
32 1 739016
69 1 739081
83 0 739177
83 1 739266
84 0 739408
69 0 739482
84 1 739582
69 1 739672
32 0 739678
32 1 739842
80 0 740032
80 1 740157
82 0 740161
82 1 740251
79 0 740287
79 1 740406
69 0 740427
69 1 740546
67 0 740772
85 0 740872
67 1 740896
85 1 740966
80 0 741102
65 0 741146
80 1 741216
65 1 741261
84 0 741382
84 1 741491
32 0 741511
32 1 741627
68 0 741632
69 0 741697
68 1 741776
32 0 741811
69 1 741856
32 1 741865
80 0 744166
80 1 744310
69 0 744315
69 1 744390
82 0 744481
82 1 744551
83 0 744672
83 1 744795
79 0 744801
79 1 744926
65 0 744966
65 1 745065
78 0 745071
78 1 745160
65 0 745170
65 1 745260
32 0 745336
32 1 745415
76 0 745550
76 1 745651
85 0 745821
73 0 745915
85 1 746010
73 1 746064
188 0 746336
32 0 746500
188 1 746554
32 1 746625
83 0 748499
83 1 748599
67 0 748720
69 0 748840
67 1 748909
69 1 748994
78 0 749005
78 1 749109
65 0 749169
65 1 749273
32 0 749320
32 1 749434
83 0 749439
83 1 749539
69 0 749619
69 1 749724
32 0 749729
32 1 749848
80 0 749944
80 1 750068
82 0 750099
82 1 750188
8 0 750419
8 1 750508
69 0 750534
69 1 750635
84 0 750784
82 0 750874
84 1 750958
82 1 751025
69 0 751129
69 1 751273
67 0 752248
69 0 752343
67 1 752403
32 0 752454
69 1 752477
32 1 752548
67 0 752774
67 1 752788
67 0 752874
69 0 752878
67 1 752932
76 0 752998
69 1 753027
32 0 753098
76 1 753142
32 1 753227
77 0 753243
77 1 753403
65 0 753408
73 0 753458
65 1 753512
32 0 753543
73 1 753587
32 1 753638
80 0 753728
82 0 753803
80 1 753837
82 1 753912
79 0 753933
79 1 754027
66 0 754193
66 1 754273
65 0 754313
66 0 754362
65 1 754392
66 1 754467
79 0 754649
79 1 754698
8 0 755353
8 1 755407
73 0 755542
73 1 755658
76 0 755827
32 0 756013
76 1 756061
32 1 756157
73 0 756242
78 0 756332
73 1 756436
78 1 756481
84 0 756628
82 0 756763
84 1 756826
82 1 756896
187 0 757057
187 1 757131
8 0 757638
8 1 757707
189 0 758102
189 1 758141
79 0 758367
32 0 758407
79 1 758511
32 1 758576
67 0 758817
67 1 758886
65 0 759023
65 1 759096
84 0 759267
84 1 759451
69 0 759647
69 1 759786
68 0 760011
68 1 760090
82 0 760191
82 1 760270
65 0 760351
65 1 760490
76 0 760523
65 0 760601
76 1 760621
65 1 760696
32 0 760811
32 1 760930
77 0 761091
77 1 761150
65 0 761156
65 1 761245
82 0 761351
69 0 761401
82 1 761495
188 0 761501
69 1 761535
32 0 761611
188 1 761656
83 0 761666
32 1 761730
65 0 761750
83 1 761845
85 0 761850
65 1 761915
32 0 761925
85 1 761970
32 1 762030
67 0 762806
69 0 762886
67 1 762939
69 1 762979
86 0 763045
86 1 763139
65 0 763280
65 1 763365
32 0 763785
32 1 763905
84 0 763921
69 0 763985
84 1 764069
69 1 764124
77 0 764165
77 1 764279
80 0 764595
76 0 764711
80 1 764799
76 1 764849
85 0 764965
85 1 765054
190 0 765274
190 1 765429
32 0 765435
32 1 765528
16 0 765710
79 0 765814
16 1 765874
79 1 765923
65 0 766009
77 0 766044
65 1 766073
77 1 766138
69 0 766279
78 0 766294
78 1 766393
69 1 766423
73 0 766715
73 1 766789
73 0 766879
73 1 766963
32 0 767799
32 1 767923
69 0 767934
69 1 768043
82 0 768123
82 1 768223
65 0 768358
85 0 768419
65 1 768473
32 0 768538
85 1 768587
32 1 768674
77 0 771148
77 1 771267
65 0 771277
73 0 771357
65 1 771407
32 0 771448
73 1 771482
32 1 771526
76 0 771862
76 1 771932
73 0 772038
73 1 772106
78 0 772162
73 0 772267
78 1 772321
83 0 772397
73 1 772411
83 1 772482
84 0 772607
69 0 772722
84 1 772761
69 1 772856
8 0 773322
8 1 773396
73 0 773519
73 1 773611
84 0 773643
73 0 773722
84 1 773771
73 1 773811
188 0 773988
32 0 774091
188 1 774166
65 0 774192
32 1 774221
65 1 774271
86 0 774402
69 0 774476
86 1 774561
69 1 774595
65 0 774707
85 0 774777
65 1 774841
32 0 774877
85 1 774910
32 1 774981
80 0 775047
65 0 775127
80 1 775181
65 1 775216
67 0 775291
67 1 775396
69 0 775627
69 1 775740
32 0 775782
32 1 775910
83 0 775936
83 1 776055
85 0 776061
85 1 776181
70 0 776322
70 1 776421
76 0 776491
69 0 776571
76 1 776595
69 1 776676
84 0 776836
69 0 776931
84 1 777000
69 1 777055
65 0 777181
65 1 777280
83 0 778210
83 1 778295
67 0 778395
67 1 778485
65 0 778586
65 1 778690
32 0 778736
32 1 778884
8 0 780945
8 1 781015
188 0 781280
32 0 781419
188 1 781474
32 1 781534
67 0 781900
67 1 781969
82 0 782100
69 0 782154
82 1 782209
69 1 782278
68 0 782354
69 0 782429
68 1 782509
69 1 782553
8 0 782730
8 1 782809
8 0 782889
8 1 782969
8 0 783039
8 1 783109
8 0 783189
8 1 783243
8 0 783329
8 1 783414
83 0 784169
83 1 784233
69 0 784334
32 0 784404
69 1 784433
32 1 784528
73 0 784559
78 0 784679
73 1 784728
78 1 784743
67 0 784764
67 1 784828
82 0 784944
69 0 785034
82 1 785083
69 1 785158
68 0 785223
69 0 785298
68 1 785358
69 1 785418
65 0 785534
85 0 785609
65 1 785628
32 0 785714
85 1 785757
32 1 785833
73 0 785933
78 0 786029
32 0 786083
73 1 786112
78 1 786162
32 1 786192
16 0 786213
68 0 786353
16 1 786428
85 0 786443
68 1 786482
85 1 786522
77 0 786649
77 1 786722
78 0 786823
78 1 786908
69 0 786938
69 1 787033
90 0 787178
90 1 787278
69 0 787403
69 1 787497
85 0 787515
85 1 787602
32 0 787998
32 1 788127
77 0 788193
77 1 788297
65 0 788302
73 0 788383
65 1 788407
32 0 788443
73 1 788507
77 0 788532
32 1 788572
77 1 788668
85 0 788698
85 1 788787
76 0 788928
84 0 788997
76 1 789057
84 1 789092
32 0 789333
32 1 789457
68 0 789643
69 0 789698
68 1 789777
69 1 789832
32 0 789928
32 1 790002
8 0 790308
8 1 790377
67 0 790447
67 1 790541
65 0 790643
65 1 790726
84 0 790862
84 1 790962
32 0 790967
32 1 791076
79 0 791112
32 0 791202
79 1 791266
32 1 791331
70 0 791402
70 1 791501
65 0 791587
65 1 791668
67 0 791797
67 1 791921
32 0 791952
73 0 792072
32 1 792086
78 0 792192
32 0 792232
73 1 792276
78 1 792331
32 1 792361
90 0 792366
65 0 792466
90 1 792506
73 0 792513
65 1 792581
85 0 792591
73 1 792672
85 1 792726
65 0 792767
65 1 792881
32 0 792902
32 1 792991
8 0 793171
8 1 793226
8 0 793316
8 1 793381
8 0 793441
8 1 793520
8 0 793586
8 1 793651
8 0 793712
8 1 793801
73 0 794116
73 1 794181
85 0 794301
85 1 794381
65 0 794457
65 1 794551
32 0 794591
32 1 794701
68 0 794937
69 0 794981
68 1 795040
69 1 795111
32 0 795116
32 1 795240
65 0 795251
65 1 795325
90 0 795426
73 0 795486
90 1 795555
73 1 795565
190 0 795756
190 1 795845
32 0 795951
32 1 796011
16 0 796831
79 0 796966
16 1 797045
32 0 797065
79 1 797115
32 1 797190
90 0 797211
73 0 797295
90 1 797310
73 1 797380
83 0 797451
83 1 797535
8 0 797946
8 1 798000
32 0 798120
32 1 798225
79 0 798961
79 1 799024
66 0 799235
73 0 799340
66 1 799419
73 1 799514
83 0 799570
83 1 799700
78 0 799895
85 0 800040
78 1 800140
73 0 800145
85 1 800269
73 1 800349
84 0 800430
84 1 800524
65 0 800725
65 1 800834
32 0 800870
32 1 800979
78 0 801050
85 0 801119
78 1 801209
32 0 801214
85 1 801279
32 1 801339
69 0 801604
69 1 801709
83 0 801854
83 1 801928
84 0 802109
84 1 802164
69 0 802169
69 1 802294
8 0 802589
8 1 802659
8 0 802749
8 1 802813
8 0 802894
8 1 802953
82 0 803414
82 1 803533
65 0 803630
65 1 803728
32 0 803733
65 0 803833
32 1 803858
65 1 803943
84 0 804124
84 1 804238
65 0 804253
65 1 804338
32 0 804343
32 1 804493
68 0 804773
69 0 804818
68 1 804913
69 1 804983
8 0 805144
8 1 805198
8 0 805284
8 1 805343
8 0 805428
8 1 805487
84 0 805598
84 1 805728
32 0 806093
32 1 806188
68 0 806268
69 0 806323
68 1 806397
32 0 806423
69 1 806457
32 1 806537
67 0 806558
79 0 806614
67 1 806683
77 0 806708
79 1 806807
77 1 806848
80 0 806933
76 0 807063
80 1 807148
76 1 807177
73 0 807328
73 1 807457
67 0 807583
67 1 807678
65 0 807768
65 1 807867
84 0 808028
84 1 808112
65 0 808238
65 1 808347
32 0 808408
67 0 808522
32 1 808546
67 1 808663
85 0 808688
85 1 808807
77 0 809022
32 0 809167
77 1 809206
32 1 809316
69 0 809967
69 1 810051
32 0 810148
32 1 810246
65 0 810277
65 1 810396
32 0 810462
32 1 810546
78 0 810678
78 1 810716
79 0 810832
79 1 810956
83 0 810997
83 1 811081
84 0 811272
82 0 811322
84 1 811391
82 1 811426
65 0 811597
65 1 811687
8 0 811842
8 1 811901
8 0 811992
8 1 812051
8 0 812137
8 1 812186
8 0 812271
8 1 812346
65 0 812471
65 1 812571
83 0 812867
83 1 812966
84 0 813151
82 0 813202
84 1 813260
82 1 813295
65 0 813447
188 0 813542
65 1 813560
32 0 813652
188 1 813705
32 1 813790
78 0 813816
85 0 813916
78 1 814000
32 0 814007
85 1 814060
32 1 814105
65 0 814110
65 1 814190
86 0 814316
69 0 814411
86 1 814495
69 1 814540
65 0 814667
85 0 814716
65 1 814775
32 0 814811
85 1 814900
32 1 814996
65 0 815000
65 1 815110
84 0 815296
84 1 815390
65 0 815406
84 0 815481
65 1 815500
84 1 815590
69 0 815627
69 1 815705
65 0 815816
32 0 815865
65 1 815935
76 0 815965
32 1 816000
76 1 816100
85 0 816166
85 1 816260
67 0 816305
82 0 816370
67 1 816445
85 0 816450
82 1 816514
85 1 816584
82 0 816616
82 1 816730
73 0 817400
32 0 817526
73 1 817589
68 0 817595
32 1 817645
69 0 817681
68 1 817744
32 0 817795
69 1 817809
70 0 817870
32 1 817879
70 1 817954
65 0 818050
65 1 818140
67 0 818215
67 1 818325
85 0 818415
84 0 818430
85 1 818489
84 1 818549
188 0 818795
32 0 818915
188 1 818959
32 1 819040
67 0 819250
67 1 819360
73 0 819535
32 0 819646
73 1 819729
32 1 819799
83 0 819840
83 1 819894
69 0 819995
32 0 820070
69 1 820109
32 1 820194
77 0 820275
77 1 820339
85 0 820399
85 1 820489
76 0 820651
76 1 820754
84 0 820875
85 0 820954
84 1 820988
85 1 821033
77 0 821174
69 0 821264
77 1 821283
69 1 821363
65 0 821515
85 0 821574
65 1 821650
32 0 821685
85 1 821758
32 1 821833
67 0 821990
85 0 822099
67 1 822128
32 0 822184
85 1 822238
32 1 822308
67 0 822439
69 0 822554
67 1 822609
69 1 822679
32 0 822729
32 1 822838
65 0 822849
65 1 822948
86 0 823054
69 0 823164
86 1 823253
69 1 823298
65 0 823429
85 0 823519
65 1 823543
85 1 823634
190 0 824788
190 1 824893
