16 0 602925
65 0 603178
16 1 603226
65 1 603347
70 0 603451
70 1 603551
65 0 603562
65 1 603673
82 0 603679
65 0 603748
82 1 603764
32 0 603849
65 1 603880
32 1 603960
69 0 604012
69 1 604118
32 0 604172
32 1 604267
70 0 604409
82 0 604509
70 1 604594
82 1 604695
73 0 604808
73 1 604898
8 0 605596
8 1 605644
8 0 605777
8 1 605883
8 0 605962
8 1 606058
8 0 606136
8 1 606226
32 0 607402
32 1 607514
80 0 607639
80 1 607745
85 0 607901
85 1 607986
84 0 608091
73 0 608165
84 1 608192
73 1 608260
78 0 608373
78 1 608452
32 0 608526
32 1 608626
70 0 608716
82 0 608838
70 1 608912
82 1 609018
73 0 609080
73 1 609165
71 0 609343
71 1 609417
190 0 610386
190 1 610444
8 0 611185
8 1 611333
32 0 611597
32 1 611740
186 0 611917
186 1 611997
73 0 612143
73 1 612233
32 0 612278
32 1 612368
66 0 612502
65 0 612592
66 1 612602
65 1 612745
84 0 612776
84 1 612871
69 0 612905
32 0 612974
69 1 613022
32 1 613085
86 0 613231
86 1 613321
65 0 613350
65 1 613477
78 0 613617
78 1 613707
84 0 613883
84 1 614063
85 0 614068
85 1 614164
76 0 614435
76 1 614514
190 0 614712
190 1 614776
32 0 615727
32 1 615838
16 0 621429
16 0 621954
16 0 621991
16 0 622028
16 0 622065
16 0 622102
16 0 622139
16 0 622176
16 0 622213
16 0 622251
16 0 622288
16 0 622325
16 0 622362
16 0 622399
16 0 622436
16 0 622473
16 0 622510
16 0 622547
16 0 622585
16 0 622622
16 0 622659
16 0 622696
16 0 622733
16 0 622770
16 0 622807
16 0 622845
16 0 622882
16 0 622919
16 0 622956
16 0 622993
16 0 623030
16 0 623067
16 0 623104
16 0 623142
16 0 623179
16 0 623216
16 0 623253
16 0 623290
16 0 623327
16 0 623364
16 0 623401
16 0 623438
16 0 623476
16 0 623513
16 0 623550
16 0 623587
16 0 623624
16 0 623661
16 0 623698
16 0 623735
16 0 623773
16 0 623810
16 0 623847
16 0 623884
16 0 623921
16 0 623958
16 0 623995
16 0 624033
16 0 624070
16 0 624107
16 0 624144
78 0 624181
78 1 624276
16 1 624308
85 0 624389
85 1 624474
32 0 624533
32 1 624623
73 0 624709
73 1 624810
77 0 624907
77 1 625013
73 0 625121
73 1 625205
32 0 625265
32 1 625365
80 0 625486
80 1 625581
76 0 625651
76 1 625757
65 0 625806
65 1 625976
67 0 625981
67 1 626093
69 0 626138
69 1 626265
32 0 626298
32 1 626388
70 0 626773
70 1 626900
79 0 627023
79 1 627124
65 0 627201
82 0 627360
65 1 627365
82 1 627445
84 0 627526
84 1 627616
69 0 627627
32 0 627680
69 1 627733
32 1 627770
77 0 628201
77 1 628307
85 0 628447
85 1 628527
76 0 628631
76 1 628721
84 0 628860
32 0 628982
84 1 628998
32 1 629093
8 0 629681
8 1 629797
188 0 630062
188 1 630152
32 0 630266
32 1 630341
68 0 630454
68 1 630549
65 0 630580
82 0 630675
65 1 630697
82 1 630766
32 0 630815
32 1 630922
69 0 631131
69 1 631243
83 0 631328
83 1 631461
84 0 631472
84 1 631567
32 0 631606
69 0 631611
69 1 631712
32 1 631717
83 0 632331
83 1 632416
8 0 632731
8 1 632875
68 0 632885
69 0 632959
68 1 633049
69 1 633113
83 0 633216
83 1 633364
8 0 633633
8 1 633733
8 0 633812
8 1 633902
8 0 633985
8 1 634059
8 0 634129
8 1 634198
8 0 634271
8 1 634351
8 0 634419
8 1 634488
84 0 635293
84 1 635383
69 0 635456
32 0 635572
69 1 635577
32 1 635673
68 0 635678
69 0 635779
68 1 635848
69 1 635916
83 0 636024
83 1 636146
84 0 636180
84 1 636271
85 0 636404
85 1 636494
76 0 636656
76 1 636751
32 0 636855
32 1 636945
68 0 636956
69 0 637041
68 1 637125
32 0 637194
69 1 637215
32 1 637290
66 0 638264
66 1 638354
73 0 638461
73 1 638551
78 0 638659
78 1 638749
69 0 638783
69 1 638926
190 0 640613
190 1 640698
32 0 640919
32 1 641004
16 0 641228
90 0 641546
16 1 641668
73 0 641700
90 1 641737
73 1 641806
76 0 641918
76 1 642018
69 0 642053
69 1 642170
76 0 642180
69 0 642249
76 1 642276
69 1 642361
32 0 642413
32 1 642509
84 0 642812
84 1 642909
82 0 643017
82 1 643112
69 0 643174
69 1 643291
67 0 643409
67 1 643493
85 0 643756
85 1 643846
84 0 643977
84 1 644056
32 0 644133
69 0 644164
32 1 644239
69 1 644292
65 0 644444
65 1 644613
32 0 644655
32 1 644745
80 0 644886
80 1 644971
76 0 645050
76 1 645140
79 0 645235
79 1 645319
85 0 645458
85 1 645543
65 0 645603
65 1 645746
84 0 645757
84 1 645847
190 0 646329
190 1 646409
8 0 647802
8 0 648327
8 0 648365
8 0 648402
8 1 648460
8 0 648568
8 1 648653
8 0 648846
8 1 648941
8 0 649024
8 1 649109
8 0 649187
8 1 649267
8 0 649336
8 1 649426
8 0 649500
8 1 649591
8 0 649822
8 1 649960
69 0 650825
69 1 650952
32 0 651051
32 1 651152
65 0 651388
65 1 651525
32 0 651734
32 1 651851
80 0 652218
80 1 652313
76 0 652380
76 1 652470
79 0 652544
79 1 652629
85 0 652763
85 1 652853
65 0 652952
84 0 653074
65 1 653089
84 1 653169
8 0 671199
8 1 671294
16 0 671469
16 0 671994
16 0 672031
16 0 672068
16 0 672105
16 0 672142
16 0 672180
16 0 672216
16 0 672254
16 0 672291
16 0 672328
16 0 672365
16 0 672402
16 0 672439
16 0 672476
16 0 672514
16 0 672551
16 0 672588
16 0 672625
16 0 672662
16 0 672699
16 0 672736
16 0 672773
16 0 672811
16 0 672848
16 0 672885
16 0 672922
16 0 672959
16 0 672996
16 0 673033
16 0 673070
65 0 673092
16 1 673118
65 1 673256
70 0 673351
70 1 673467
65 0 673500
65 1 673643
82 0 673677
82 1 673783
65 0 673813
65 1 673994
32 0 674569
32 1 674680
66 0 674828
65 0 674924
66 1 674945
84 0 675088
65 1 675099
84 1 675184
69 0 675260
69 1 675408
8 0 677893
8 0 678418
8 0 678456
8 0 678493
8 0 678530
8 0 678567
8 0 678604
8 0 678641
8 0 678678
8 0 678715
8 0 678753
8 0 678790
8 0 678827
8 0 678864
8 0 678901
8 0 678938
8 0 678975
8 1 679044
16 0 679671
66 0 679840
16 1 679899
66 1 679952
65 0 680025
84 0 680178
65 1 680184
84 1 680279
69 0 680363
32 0 680442
69 1 680490
32 1 680538
86 0 680649
86 1 680755
65 0 680798
65 1 680968
78 0 681100
78 1 681195
84 0 681406
84 1 681533
85 0 681539
85 1 681639
76 0 681778
76 1 681879
32 0 681964
32 1 682049
80 0 682151
80 1 682252
85 0 682394
85 1 682484
84 0 682668
84 1 682785
73 0 682830
73 1 682920
78 0 683028
78 1 683113
188 0 683518
188 1 683609
32 0 684280
32 1 684397
65 0 684548
65 1 684723
32 0 684832
32 1 684911
80 0 685013
80 1 685109
76 0 685174
76 1 685270
79 0 685342
79 1 685421
85 0 685553
85 1 685643
65 0 685713
84 0 685835
65 1 685851
84 1 685952
32 0 686007
32 1 686134
65 0 686144
65 1 686319
90 0 686422
90 1 686549
73 0 686614
73 1 686704
188 0 687067
188 1 687173
32 0 687309
32 1 687415
69 0 687431
69 1 687569
32 0 687593
32 1 687699
70 0 687710
82 0 687816
70 1 687901
82 1 687975
73 0 688007
73 1 688060
71 0 688218
71 1 688298
190 0 689628
190 1 689702
32 0 691868
32 1 691974
16 0 692682
90 0 692968
16 1 693053
90 1 693159
73 0 693225
73 1 693336
76 0 693437
76 1 693558
69 0 693587
69 1 693740
76 0 694380
76 1 694480
69 0 694571
32 0 694704
69 1 694709
32 1 694794
84 0 695002
84 1 695102
82 0 695206
82 1 695301
69 0 695334
69 1 695451
67 0 695597
85 0 695714
67 1 695730
85 1 695815
84 0 695948
84 1 696038
69 0 696104
32 0 696142
69 1 696242
32 1 696263
65 0 696445
65 1 696593
32 0 697086
32 1 697197
80 0 697445
80 1 697536
76 0 697616
76 1 697701
79 0 697788
79 1 697873
85 0 697994
85 1 698085
65 0 698214
65 1 698336
84 0 698360
84 1 698445
190 0 698963
190 1 699059
32 0 703220
32 1 703337
16 0 703523
86 0 703878
16 1 703900
86 1 703974
82 0 704129
82 1 704219
69 0 704258
69 1 704407
77 0 704546
69 0 704636
77 1 704652
69 1 704753
65 0 704858
32 0 705017
65 1 705022
32 1 705118
80 0 705281
80 1 705398
69 0 705456
69 1 705588
82 0 705667
82 1 705788
70 0 705867
69 0 705947
70 1 705958
67 0 706095
69 1 706101
67 1 706186
84 0 706292
84 1 706382
65 0 706422
32 0 706554
65 1 706575
32 1 706660
80 0 706762
80 1 706875
69 0 706903
78 0 707030
69 1 707046
78 1 707131
84 0 707273
84 1 707369
82 0 707410
85 0 707516
82 1 707532
85 1 707606
32 0 707657
32 1 707768
77 0 708076
77 1 708171
73 0 708281
73 1 708361
78 0 708472
78 1 708551
69 0 708581
69 1 708703
32 0 710249
32 1 710455
65 0 711326
65 1 711474
82 0 711502
82 1 711597
32 0 711668
32 1 711785
70 0 711898
70 1 712014
73 0 712127
73 1 712212
73 0 712294
73 1 712379
8 0 714012
8 1 714139
8 0 714225
8 1 714310
8 0 714395
8 1 714480
8 0 715348
8 1 715470
8 0 715546
8 1 715631
8 0 715722
8 1 715801
8 0 715885
8 1 715975
32 0 716615
32 1 716764
69 0 720925
69 1 721058
32 0 721118
32 1 721250
67 0 721320
85 0 721448
67 1 721469
85 1 721554
32 0 721595
32 1 721690
83 0 721747
83 1 721906
79 0 721922
79 1 722043
65 0 722095
65 1 722265
82 0 722301
82 1 722392
69 0 722438
69 1 722534
32 0 749721
32 1 749869
8 0 750390
8 1 750512
188 0 751229
188 1 751319
32 0 751726
32 1 751853
65 0 752108
65 1 752246
32 0 752277
32 1 752362
8 0 753064
8 1 753170
8 0 753259
8 1 753355
8 0 753491
8 1 753570
32 0 754490
32 1 754602
65 0 754666
65 1 754814
32 0 755342
32 1 755448
66 0 755576
66 1 755687
65 0 755842
65 1 755995
84 0 756096
84 1 756196
85 0 756332
85 1 756433
84 0 756557
84 1 756647
32 0 756694
32 1 756800
86 0 756908
65 0 757009
86 1 757014
65 1 757152
78 0 757251
78 1 757357
84 0 757561
84 1 757672
85 0 757688
85 1 757783
76 0 757889
76 1 758000
32 0 758094
32 1 758184
8 0 758613
8 1 758746
188 0 759662
188 1 759763
32 0 759946
32 1 760052
65 0 760075
65 1 760218
32 0 760251
32 1 760352
70 0 760415
79 0 760542
70 1 760547
79 1 760658
83 0 760700
84 0 760843
83 1 760848
84 1 760938
32 0 760969
70 0 761091
32 1 761096
82 0 761192
70 1 761266
82 1 761361
73 0 761451
73 1 761541
71 0 761693
71 1 761773
32 0 763491
32 1 763618
186 0 763652
186 1 763748
73 0 763925
73 1 764026
32 0 764737
32 1 764865
77 0 764919
77 1 765031
85 0 765147
85 1 765232
76 0 765326
76 1 765421
84 0 765602
84 1 765687
65 0 765737
32 0 765801
65 1 765881
32 1 765918
65 0 766260
65 1 766398
80 0 766447
65 0 766521
80 1 766542
65 1 766648
32 0 767947
32 1 768090
8 0 768383
8 1 768431
188 0 769369
188 1 769496
32 0 769627
32 1 769749
67 0 769905
67 1 770049
72 0 770095
72 1 770206
73 0 770436
73 1 770532
65 0 770681
65 1 770808
82 0 770857
82 1 770947
32 0 770975
32 1 771102
83 0 771300
83 1 771432
73 0 771492
73 1 771588
32 0 771623
32 1 771729
71 0 771988
71 1 772089
72 0 772182
72 1 772283
69 0 772307
69 1 772439
65 0 772569
65 1 772696
84 0 772745
84 1 772835
65 0 772851
65 1 772989
188 0 774908
188 1 774998
8 0 775607
8 1 775766
188 0 776733
188 1 776845
65 0 777261
65 1 777415
32 0 777533
32 1 777644
80 0 777739
80 1 777840
76 0 777917
76 1 778013
85 0 778319
85 1 778414
8 0 779584
8 1 779722
79 0 780208
79 1 780308
85 0 780449
85 1 780544
65 0 780604
84 0 780731
65 1 780747
84 1 780816
32 0 780876
32 1 780993
67 0 781197
67 1 781340
85 0 781601
85 1 781692
32 0 781758
32 1 781848
71 0 782440
71 1 782520
72 0 782611
69 0 782701
72 1 782707
69 1 782823
65 0 782917
84 0 783034
65 1 783055
84 1 783124
65 0 783172
65 1 783310
188 0 794282
188 1 794446
32 0 797592
32 1 797709
67 0 797949
67 1 798077
65 0 798245
65 1 798479
76 0 798583
76 1 798726
68 0 799158
68 1 799285
85 0 799325
85 1 799425
82 0 799607
82 1 799686
65 0 799963
65 1 800074
32 0 801343
32 1 801508
186 0 801616
186 1 801738
73 0 801960
73 1 802082
32 0 806039
32 1 806171
73 0 806407
73 1 806508
77 0 806626
77 1 806737
73 0 806855
73 1 806945
32 0 807407
32 1 807523
80 0 807643
80 1 807765
76 0 808542
76 1 808653
65 0 808752
67 0 808895
65 1 808900
67 1 809001
69 0 809050
32 0 809162
69 1 809193
32 1 809273
83 0 809341
83 1 809479
73 0 809538
73 1 809612
32 0 809678
32 1 809758
67 0 810368
67 1 810512
65 0 810632
78 0 810802
65 1 810817
78 1 810928
68 0 811154
68 1 811287
32 0 811333
32 1 811433
69 0 811719
69 1 811825
32 0 811864
32 1 811970
90 0 812122
65 0 812260
90 1 812387
65 1 812472
80 0 812676
80 1 812761
65 0 812777
65 1 812931
68 0 813059
68 1 813155
65 0 813171
65 1 813319
32 0 815808
32 1 815930
32 0 825830
32 1 825936
68 0 826206
68 1 826306
65 0 826312
82 0 826434
65 1 826471
82 1 826524
32 0 826586
32 1 826682
8 0 830388
8 1 830489
8 0 830575
8 1 830660
8 0 830748
8 1 830833
8 0 830926
8 1 831016
8 0 832956
8 1 833147
32 0 833756
32 1 833884
83 0 838580
65 0 838739
83 1 838829
85 0 838946
65 1 838951
85 1 839036
32 0 839107
32 1 839218
67 0 839307
65 0 839504
67 1 839541
78 0 839678
65 1 839689
78 1 839790
68 0 839862
32 0 839979
68 1 839984
32 1 840090
80 0 840214
80 1 840310
76 0 840385
76 1 840480
79 0 840574
79 1 840653
85 0 840792
85 1 840877
65 0 840984
65 1 841122
188 0 841788
188 1 841873
8 0 842188
8 1 842299
190 0 842479
190 1 842564
16 0 842735
16 1 842799
32 0 843267
32 1 843373
16 0 843439
68 0 843502
16 1 843608
68 1 843614
69 0 843737
69 1 843875
32 0 843917
32 1 844023
79 0 844339
79 1 844429
66 0 844580
66 1 844670
73 0 844804
73 1 844894
67 0 844970
69 0 845050
67 1 845150
73 0 845225
69 1 845267
73 1 845320
32 0 845395
32 1 845475
65 0 846946
65 1 847126
76 0 847142
76 1 847237
69 0 847295
69 1 847412
71 0 847434
71 1 847525
32 0 850316
32 1 850422
67 0 850744
67 1 850845
65 0 850904
65 1 851031
76 0 851184
76 1 851300
68 0 851445
68 1 851551
85 0 851610
85 1 851711
82 0 851926
82 1 852021
65 0 852090
32 0 852174
65 1 852227
32 1 852265
67 0 852362
67 1 852463
65 0 852508
65 1 852630
78 0 852854
78 1 852950
68 0 853007
68 1 853129
32 0 853145
32 1 853219
84 0 853332
84 1 853423
82 0 853506
82 1 853586
69 0 853615
69 1 853711
66 0 853869
66 1 853970
85 0 854110
85 1 854200
73 0 854272
73 1 854362
69 0 854368
32 0 854468
69 1 854513
32 1 854574
83 0 854752
65 0 854874
83 1 854980
65 1 855081
32 0 855097
32 1 855208
77 0 855453
69 0 855543
77 1 855553
69 1 855718
82 0 855803
71 0 855925
82 1 855941
71 1 856026
32 0 856074
32 1 856175
76 0 856295
65 0 856412
76 1 856417
32 0 856518
65 1 856555
32 1 856613
65 0 856874
76 0 857033
65 1 857039
76 1 857129
69 0 857169
69 1 857302
82 0 857383
71 0 857500
82 1 857505
71 1 857606
65 0 857662
84 0 857799
65 1 857815
84 1 857895
188 0 858611
188 1 858712
32 0 858816
67 0 858906
32 1 858911
65 0 859060
67 1 859118
78 0 859166
65 1 859229
78 1 859267
68 0 859370
32 0 859476
68 1 859503
32 1 859577
70 0 859765
70 1 859850
65 0 859888
67 0 860010
65 1 860047
67 1 860100
32 0 860158
32 1 860259
77 0 860439
77 1 860550
73 0 860654
73 1 860749
83 0 860781
83 1 860962
67 0 860972
65 0 861057
67 1 861073
82 0 861211
65 1 861227
82 1 861306
69 0 861317
69 1 861444
188 0 862300
188 1 862385
32 0 862512
32 1 862639
80 0 862663
80 1 862753
76 0 862846
76 1 862931
79 0 863057
79 1 863137
65 0 863799
65 1 863942
73 0 863989
73 1 864074
65 0 864084
65 1 864201
32 0 864842
32 1 864948
67 0 865093
65 0 865214
67 1 865283
65 1 865421
78 0 865449
78 1 865550
68 0 865603
68 1 865820
32 0 866038
32 1 866134
83 0 866898
83 1 867052
85 0 867068
85 1 867158
78 0 867252
78 1 867342
84 0 867442
32 0 867575
84 1 867601
32 1 867686
79 0 867779
79 1 867874
78 0 868023
78 1 868119
8 0 868428
8 1 868566
66 0 868650
79 0 868767
66 1 868772
79 1 868867
83 0 869085
73 0 869154
83 1 869223
73 1 869244
84 0 869456
84 1 869541
65 0 869823
65 1 869954
32 0 870392
32 1 870535
67 0 871671
67 1 871824
8 0 873146
8 1 873278
77 0 873578
77 1 873694
65 0 873762
65 1 873911
32 0 873989
32 1 874085
65 0 874249
65 1 874397
74 0 874429
74 1 874529
85 0 874591
85 1 874681
84 0 874820
84 1 874910
65 0 874962
32 0 875021
65 1 875079
32 1 875137
83 0 875216
65 0 875312
83 1 875418
32 0 875439
65 1 875513
32 1 875529
77 0 875602
65 0 875682
77 1 875708
32 0 875825
65 1 875846
32 1 875915
82 0 876119
82 1 876209
69 0 876276
69 1 876387
76 0 876698
76 1 876810
65 0 876878
65 1 877048
88 0 877717
88 1 877860
69 0 879889
69 1 880000
90 0 880173
90 1 880337
32 0 881181
32 1 881298
186 0 881536
186 1 881637
73 0 881775
73 1 881870
32 0 881981
32 1 882045
90 0 882339
65 0 882578
90 1 882646
65 1 882790
80 0 882885
80 1 882996
65 0 883007
65 1 883166
68 0 883268
68 1 883363
65 0 883374
65 1 883517
32 0 884003
32 1 884120
67 0 884309
67 1 884405
65 0 884444
78 0 884582
65 1 884587
78 1 884693
68 0 884738
68 1 884855
32 0 884914
32 1 885026
69 0 886401
69 1 886523
32 0 886896
32 1 887055
68 0 887125
69 0 887194
68 1 887289
69 1 887385
32 0 887617
32 1 887723
79 0 887894
79 1 887984
66 0 888172
66 1 888268
73 0 888403
73 1 888499
67 0 888537
69 0 888649
67 1 888712
73 0 888792
69 1 888840
73 1 888882
32 0 888956
32 1 889057
68 0 889098
69 0 889140
68 1 889225
69 1 889331
67 0 889892
69 0 889955
67 1 890014
69 1 890162
77 0 890276
77 1 890419
66 0 890654
66 1 890760
82 0 891194
82 1 891337
73 0 891425
73 1 891521
69 0 891577
32 0 891689
69 1 891710
32 1 891768
79 0 891886
79 1 891997
32 0 892521
32 1 892632
65 0 893214
65 1 893336
83 0 893412
83 1 893560
84 0 893708
84 1 893803
69 0 893845
69 1 893956
80 0 894167
80 1 894268
84 0 894471
84 1 894556
32 0 894604
32 1 894710
80 0 894810
80 1 894927
69 0 894937
69 1 895070
78 0 895080
78 1 895176
84 0 895321
84 1 895411
82 0 895446
82 1 895568
85 0 895573
85 1 895674
32 0 895711
65 0 895774
32 1 895806
65 1 895944
32 0 895977
32 1 896078
70 0 896429
70 1 896519
65 0 896571
67 0 896661
65 1 896730
67 1 896762
69 0 896861
69 1 896983
32 0 897070
32 1 897171
85 0 897315
85 1 897400
78 0 897497
78 1 897587
32 0 897628
32 1 897719
79 0 897806
79 1 897902
77 0 897995
77 1 898079
32 0 898158
68 0 898258
32 1 898264
69 0 898338
68 1 898418
32 0 898444
69 1 898502
32 1 898545
90 0 898667
90 1 898799
65 0 898888
65 1 899052
80 0 899144
80 1 899256
65 0 899283
65 1 899431
68 0 899475
65 0 899560
68 1 899565
32 0 899629
65 1 899693
32 1 899746
83 0 899805
65 0 899911
83 1 900012
85 0 900092
65 1 900123
85 1 900187
32 0 903016
32 1 903190
83 0 903454
65 0 903565
83 1 903751
65 1 903788
32 0 906053
32 1 906186
77 0 906392
69 0 906488
77 1 906514
69 1 906620
82 0 906702
82 1 906824
71 0 906834
71 1 906924
32 0 907010
32 1 907111
83 0 908598
65 0 908709
83 1 908826
65 1 908942
8 0 909975
8 1 910087
8 0 910234
8 1 910335
83 0 911360
65 0 911456
83 1 911578
65 1 911673
32 0 911738
32 1 911871
83 0 911886
83 1 912030
67 0 912173
72 0 912306
67 1 912311
72 1 912412
73 0 912936
73 1 913026
69 0 913633
69 1 913765
90 0 913927
90 1 914075
190 0 914389
190 1 914458
16 0 938806
68 0 939082
16 1 939140
68 1 939235
73 0 939277
73 1 939388
77 0 939483
77 1 939589
73 0 939669
73 1 939748
78 0 939844
69 0 939923
78 1 939939
69 1 940051
65 0 940185
84 0 940286
65 1 940317
65 0 940387
84 1 940392
32 0 940508
65 1 940540
32 1 940625
68 0 940660
69 0 940766
68 1 940856
69 1 940925
32 0 940960
32 1 941066
79 0 941613
79 1 941703
66 0 941839
66 1 941924
73 0 942060
73 1 942155
67 0 942166
69 0 942282
67 1 942378
73 0 942383
69 1 942463
73 1 942478
32 0 942504
32 1 942589
77 0 942646
77 1 942752
65 0 942784
32 0 942911
65 1 942953
32 1 943001
84 0 943183
84 1 943273
82 0 943355
82 1 943439
69 0 943455
69 1 943567
90 0 943714
90 1 943847
69 0 943973
69 1 944143
83 0 944249
83 1 944387
67 0 944469
67 1 944559
32 0 944619
32 1 944725
76 0 944965
65 0 945060
76 1 945065
32 0 945209
65 1 945219
32 1 945299
48 0 946950
48 1 947040
56 0 947172
56 1 947246
16 0 947559
186 0 947707
16 1 947755
186 1 947840
48 0 948023
48 1 948113
48 0 948178
48 1 948252
8 0 948775
8 1 948886
8 0 948973
8 1 949047
8 0 949112
8 1 949197
16 0 949660
190 0 949798
16 1 949878
190 1 949941
48 0 950178
48 1 950273
48 0 950327
48 1 950402
188 0 953354
188 1 953481
32 0 953665
32 1 953782
83 0 953929
83 1 954078
84 0 954091
84 1 954189
65 0 954200
65 1 954380
85 0 954412
85 1 954508
32 0 954554
32 1 954655
80 0 955889
80 1 955989
85 0 956148
85 1 956238
84 0 956645
84 1 956788
73 0 956798
73 1 956894
78 0 956997
78 1 957076
32 0 958319
32 1 958441
80 0 958546
80 1 958652
69 0 958776
69 1 958904
32 0 959439
32 1 959556
89 0 959761
89 1 959878
79 0 959922
79 1 960013
85 0 960157
85 1 960248
84 0 960319
85 0 960404
84 1 960447
85 1 960494
66 0 960625
66 1 960710
82 0 960817
82 1 960875
8 0 961542
8 1 961659
69 0 961789
69 1 961906
32 0 962803
32 1 962941
67 0 963088
67 1 963178
65 0 963216
65 1 963353
77 0 963392
77 1 963508
32 0 963626
32 1 963722
49 0 963760
49 1 963903
48 0 963987
48 1 964087
32 0 965075
32 1 965196
77 0 965212
77 1 965308
73 0 965409
73 1 965483
78 0 965590
78 1 965675
85 0 965756
85 1 965841
84 0 965952
84 1 966031
69 0 966091
69 1 966207
188 0 966330
188 1 966441
32 0 966582
65 0 966624
32 1 966677
83 0 966810
65 1 966916
83 1 966985
67 0 966995
67 1 967085
85 0 967249
85 1 967349
76 0 967437
76 1 967543
84 0 967697
84 1 967787
32 0 967862
32 1 967968
77 0 968044
77 1 968150
85 0 968254
85 1 968344
90 0 968597
73 0 968724
90 1 968751
73 1 968814
67 0 968989
67 1 969069
65 0 969167
65 1 969304
32 0 969540
68 0 969635
32 1 969667
69 0 969762
68 1 969826
32 0 969858
69 1 969916
32 1 969958
79 0 970243
79 1 970339
66 0 970495
66 1 970580
73 0 970706
73 1 970796
67 0 970832
69 0 970965
67 1 971012
73 0 971113
69 1 971140
73 1 971214
188 0 971430
188 1 971531
32 0 972014
32 1 972131
16 0 972157
65 0 972268
16 1 972343
80 0 972449
65 1 972465
80 1 972549
79 0 972619
79 1 972709
73 0 972804
73 1 972883
32 0 972928
32 1 973034
77 0 973108
77 1 973209
65 0 973258
65 1 973422
32 0 973754
32 1 973854
8 0 974698
8 0 975223
8 0 975260
8 0 975297
8 0 975334
8 0 975371
8 0 975409
8 0 975446
8 0 975483
8 0 975520
8 1 975578
190 0 976593
190 1 976667
32 0 976835
32 1 976946
16 0 976983
65 0 977110
16 1 977200
65 1 977290
80 0 977746
80 1 977831
79 0 977915
79 1 977994
73 0 978078
73 1 978158
32 0 978210
32 1 978305
77 0 978362
77 1 978462
65 0 978497
32 0 978619
65 1 978640
32 1 978699
68 0 979292
68 1 979420
85 0 979464
85 1 979560
67 0 979594
32 0 979662
67 1 979721
32 1 979758
73 0 979821
73 1 979916
77 0 980017
77 1 980118
73 0 980207
73 1 980291
32 0 980334
32 1 980419
70 0 980757
70 1 980874
65 0 981000
67 0 981080
67 1 981164
65 1 981170
32 0 981237
32 1 981348
85 0 981653
85 1 981732
78 0 981829
78 1 981908
32 0 981947
32 1 982053
67 0 982069
69 0 982180
67 1 982254
69 1 982350
73 0 982366
73 1 982451
8 0 982850
8 1 982993
65 0 983043
65 1 983186
73 0 983191
73 1 983292
32 0 983493
32 1 983620
86 0 1007901
86 1 1007996
69 0 1008007
69 1 1008155
82 0 1008231
82 1 1008363
68 0 1008484
69 0 1008569
68 1 1008675
69 1 1008759
188 0 1009288
188 1 1009389
32 0 1009417
32 1 1009566
73 0 1009589
73 1 1009669
76 0 1009751
76 1 1009857
32 0 1009945
32 1 1010051
66 0 1010150
66 1 1010250
69 0 1010255
69 1 1010367
65 0 1010486
85 0 1010608
65 1 1010635
85 1 1010698
32 0 1010722
32 1 1010833
83 0 1010878
73 0 1010979
83 1 1011022
73 1 1011085
32 0 1011144
32 1 1011234
77 0 1011261
65 0 1011373
77 1 1011378
65 1 1011532
32 0 1011542
32 1 1011709
68 0 1011762
68 1 1011927
85 0 1011953
85 1 1012048
67 0 1012129
67 1 1012257
32 0 1013028
32 1 1013161
76 0 1013370
65 0 1013508
76 1 1013513
32 0 1013635
65 1 1013677
32 1 1013720
65 0 1013901
65 1 1014102
76 0 1014113
76 1 1014224
69 0 1014230
69 1 1014352
82 0 1014444
82 1 1014544
71 0 1014550
71 1 1014656
65 0 1014704
65 1 1014863
84 0 1014868
84 1 1014948
190 0 1019772
190 1 1019867
32 0 1023330
32 1 1023547
16 0 1023985
68 0 1024181
16 1 1024250
68 1 1024340
69 0 1024452
69 1 1024542
32 0 1024701
32 1 1024786
79 0 1025078
79 1 1025163
66 0 1025321
66 1 1025416
8 0 1026241
8 1 1026379
66 0 1027239
66 1 1027345
73 0 1027550
73 1 1027646
67 0 1027695
69 0 1027806
67 1 1027891
73 0 1027971
69 1 1027992
73 1 1028072
32 0 1028112
32 1 1028207
73 0 1028257
73 1 1028337
77 0 1028447
77 1 1028548
73 0 1028644
73 1 1028734
32 0 1028772
32 1 1028862
80 0 1028933
80 1 1029033
76 0 1029104
65 0 1029205
76 1 1029210
65 1 1029375
67 0 1029385
67 1 1029491
69 0 1029516
32 0 1029606
69 1 1029643
32 1 1029723
83 0 1029762
65 0 1029836
83 1 1029969
32 0 1030011
65 1 1030048
32 1 1030118
86 0 1030778
86 1 1030873
65 0 1030996
65 1 1031171
68 0 1031212
68 1 1031339
32 0 1031374
32 1 1031480
79 0 1031696
79 1 1031812
65 0 1031879
65 1 1032102
77 0 1032474
77 1 1032585
69 0 1032695
78 0 1032785
69 1 1032833
78 1 1032886
73 0 1033005
73 1 1033090
32 0 1033165
32 1 1033266
68 0 1033307
69 0 1033430
68 1 1033499
32 0 1033546
69 1 1033599
32 1 1033647
80 0 1033792
80 1 1033920
69 0 1033935
69 1 1034079
32 0 1034125
32 1 1034226
83 0 1034308
83 1 1034472
84 0 1034506
84 1 1034607
82 0 1034702
82 1 1034792
65 0 1034828
65 1 1034998
68 0 1035059
68 1 1035154
65 0 1035170
65 1 1035303
32 0 1037460
32 1 1037630
67 0 1038001
65 0 1038086
67 1 1038096
82 0 1038234
65 1 1038261
82 1 1038329
69 0 1038357
32 0 1038410
69 1 1038501
32 1 1038522
77 0 1038761
69 0 1038846
77 1 1038888
69 1 1038973
82 0 1039047
71 0 1039169
82 1 1039180
71 1 1039264
32 0 1039304
32 1 1039405
76 0 1039522
76 1 1039639
65 0 1039644
32 0 1039729
65 1 1039798
32 1 1039819
77 0 1039874
77 1 1039981
85 0 1040094
85 1 1040184
78 0 1040289
78 1 1040395
67 0 1040705
67 1 1040780
65 0 1040818
65 1 1040951
8 0 1042780
8 1 1042880
54 0 1043648
54 1 1043728
8 0 1045657
8 1 1045742
55 0 1046018
55 1 1046087
190 0 1050769
190 1 1050917
32 0 1051796
32 1 1051917
16 0 1051988
65 0 1052125
16 1 1052184
80 0 1052242
65 1 1052316
80 1 1052338
79 0 1052429
79 1 1052514
73 0 1052617
73 1 1052696
32 0 1052746
32 1 1052847
86 0 1052936
73 0 1053032
86 1 1053074
73 1 1053127
78 0 1053244
78 1 1053324
32 0 1053380
32 1 1053486
65 0 1053584
65 1 1053765
67 0 1053781
65 0 1053882
67 1 1053887
65 1 1054072
83 0 1054876
83 1 1054987
65 0 1055026
32 0 1055164
65 1 1055180
32 1 1055281
8 0 1056052
8 1 1056174
188 0 1056367
188 1 1056473
32 0 1056650
32 1 1056729
77 0 1056801
77 1 1056902
65 0 1056956
65 1 1057099
78 0 1057110
78 1 1057221
65 0 1057303
65 1 1057431
78 0 1058939
78 1 1059034
67 0 1059080
32 0 1059201
67 1 1059223
32 1 1059291
77 0 1059381
77 1 1059487
73 0 1059628
73 1 1059718
67 0 1059872
67 1 1059999
85 0 1060055
85 1 1060145
76 0 1060256
76 1 1060351
32 0 1060455
32 1 1060545
68 0 1060814
69 0 1060904
68 1 1060994
69 1 1061068
32 0 1061100
32 1 1061206
74 0 1061569
74 1 1061670
85 0 1061749
85 1 1061828
78 0 1061927
78 1 1062007
188 0 1062481
188 1 1062576
32 0 1062705
32 1 1062795
65 0 1062840
80 0 1062952
65 1 1062983
80 1 1063052
79 0 1063133
79 1 1063213
73 0 1063309
73 1 1063388
32 0 1064815
32 1 1064926
67 0 1066133
67 1 1066261
85 0 1066295
85 1 1066401
82 0 1066701
82 1 1066812
83 0 1067893
83 1 1068047
85 0 1068104
85 1 1068199
82 0 1068334
73 0 1068472
82 1 1068477
73 1 1068562
76 0 1068646
76 1 1068747
69 0 1068752
32 0 1068880
69 1 1068885
32 1 1068954
79 0 1069002
79 1 1069082
78 0 1069237
78 1 1069332
76 0 1069578
76 1 1069674
73 0 1069772
73 1 1069862
78 0 1069976
78 1 1070066
69 0 1070094
69 1 1070194
188 0 1070955
188 1 1071013
32 0 1072958
32 1 1073096
83 0 1074182
83 1 1074309
73 0 1074325
73 1 1074426
32 0 1074462
32 1 1074557
76 0 1074616
76 1 1074722
65 0 1074738
32 0 1074812
65 1 1074876
32 1 1074902
80 0 1075033
80 1 1075138
82 0 1075381
82 1 1075476
65 0 1076044
65 1 1076208
78 0 1076311
78 1 1076412
90 0 1076479
32 0 1076596
90 1 1076617
32 1 1076686
77 0 1076793
77 1 1076909
65 0 1076949
65 1 1077092
78 0 1077115
65 0 1077210
78 1 1077221
78 0 1077322
65 1 1077375
78 1 1077417
67 0 1077790
67 1 1077907
190 0 1078800
190 1 1078874
32 0 1079095
32 1 1079185
16 0 1079240
73 0 1079325
16 1 1079410
73 1 1079420
78 0 1079517
78 1 1079623
84 0 1079762
84 1 1079852
82 0 1079944
82 1 1080023
69 0 1080039
69 1 1080150
32 0 1080176
32 1 1080297
84 0 1080682
73 0 1080831
84 1 1080857
73 1 1080926
77 0 1081026
77 1 1081122
80 0 1081319
80 1 1081414
32 0 1081556
32 1 1081657
78 0 1081912
78 1 1082008
79 0 1082155
79 1 1082250
82 0 1082320
82 1 1082469
77 0 1082479
77 1 1082580
65 0 1082647
76 0 1082784
65 1 1082816
76 1 1082885
32 0 1082973
32 1 1083064
77 0 1083142
77 1 1083253
65 0 1083326
65 1 1083480
32 0 1086170
32 1 1086286
77 0 1086393
77 1 1086510
65 0 1086521
73 0 1086637
65 1 1086680
73 1 1086722
32 0 1086750
32 1 1086851
74 0 1087251
74 1 1087342
79 0 1087445
79 1 1087540
67 0 1087603
32 0 1087699
67 1 1087736
32 1 1087794
83 0 1087939
83 1 1088077
73 0 1088093
73 1 1088193
32 0 1088276
32 1 1088372
67 0 1088438
85 0 1088539
67 1 1088570
85 1 1088623
32 0 1088651
32 1 1088746
80 0 1088849
80 1 1088955
73 0 1089158
73 1 1089254
83 0 1089481
73 0 1089624
83 1 1089629
73 1 1089725
67 0 1089790
65 0 1089965
67 1 1089992
32 0 1090108
65 1 1090183
32 1 1090214
77 0 1090279
69 0 1090375
77 1 1090396
69 1 1090560
65 0 1090689
65 1 1090853
32 0 1094072
32 1 1094199
83 0 1094372
65 0 1094462
83 1 1094579
65 1 1094680
85 0 1094715
32 0 1094831
85 1 1094847
32 1 1094969
67 0 1095688
67 1 1095837
85 0 1095853
85 1 1095943
32 0 1095986
32 1 1096092
67 0 1096322
65 0 1096508
67 1 1096545
65 1 1096720
73 0 1096934
73 1 1097040
78 0 1097330
78 1 1097442
69 0 1097485
69 1 1097618
76 0 1097670
69 0 1097707
76 1 1097771
69 1 1097840
188 0 1098464
188 1 1098570
32 0 1098617
32 1 1098755
73 0 1098827
73 1 1098912
73 0 1098978
73 1 1099068
32 0 1099162
32 1 1099268
83 0 1099364
83 1 1099481
67 0 1099592
79 0 1099672
67 1 1099703
79 1 1099778
84 0 1099971
84 1 1100061
32 0 1100103
32 1 1100209
76 0 1100293
76 1 1100405
65 0 1100410
32 0 1100516
65 1 1100574
32 1 1100617
80 0 1100694
80 1 1100806
76 0 1101430
76 1 1101520
73 0 1101611
73 1 1101691
77 0 1101783
77 1 1101879
66 0 1102026
66 1 1102122
65 0 1102177
82 0 1102294
65 1 1102352
82 1 1102378
69 0 1102461
69 1 1102572
32 0 1105028
32 1 1105161
8 0 1105650
8 1 1105767
190 0 1106034
190 1 1106150
32 0 1106506
32 1 1106611
16 0 1106701
73 0 1107003
16 1 1107083
73 1 1107104
65 0 1107235
65 1 1107394
82 0 1107439
82 1 1107518
32 0 1107548
83 0 1107654
32 1 1107675
83 1 1107803
69 0 1107890
69 1 1108023
65 0 1108103
65 1 1108267
82 0 1108449
65 0 1108534
82 1 1108540
65 1 1108678
32 0 1111696
32 1 1111882
73 0 1112723
73 1 1112808
77 0 1112900
77 1 1113017
73 0 1113103
73 1 1113188
32 0 1113262
32 1 1113352
80 0 1113444
80 1 1113529
76 0 1113607
76 1 1113692
65 0 1113703
65 1 1113856
67 0 1113906
67 1 1114007
69 0 1114030
32 0 1114125
69 1 1114162
32 1 1114242
83 0 1114296
65 0 1114333
83 1 1114477
32 0 1114546
65 1 1114551
32 1 1114657
67 0 1114778
67 1 1114926
73 0 1114955
73 1 1115055
84 0 1115231
84 1 1115326
69 0 1115357
69 1 1115484
83 0 1115570
67 0 1115650
83 1 1115671
67 1 1115761
32 0 1115798
32 1 1115904
67 0 1115997
67 1 1116087
65 0 1116110
84 0 1116258
65 1 1116269
84 1 1116354
69 0 1116401
32 0 1116464
69 1 1116528
32 1 1116565
67 0 1116674
67 1 1116764
69 0 1116780
86 0 1116897
69 1 1116912
86 1 1116997
65 0 1117354
65 1 1117518
32 0 1117806
32 1 1117934
83 0 1118051
65 0 1118152
83 1 1118258
65 1 1118380
8 0 1118935
8 0 1119461
8 0 1119498
8 0 1119535
8 0 1119572
8 0 1119609
8 0 1119646
8 0 1119683
8 0 1119720
8 0 1119757
8 1 1119832
8 0 1120348
8 1 1120470
8 0 1122206
8 1 1122376
67 0 1123745
67 1 1123840
65 0 1123906
84 0 1124050
65 1 1124055
84 1 1124150
69 0 1124196
86 0 1124324
69 1 1124334
86 1 1124424
65 0 1124611
65 1 1124749
32 0 1124838
32 1 1124934
80 0 1125329
80 1 1125435
65 0 1125504
65 1 1125695
71 0 1125761
71 1 1125851
73 0 1126022
73 1 1126117
78 0 1126230
78 1 1126309
73 0 1126417
73 1 1126497
32 0 1126921
32 1 1127032
68 0 1127174
68 1 1127296
73 0 1127347
73 1 1127443
78 0 1127581
78 1 1127677
84 0 1127898
84 1 1127988
82 0 1128068
82 1 1128148
189 0 1128520
189 1 1128610
79 0 1128773
79 1 1128857
32 0 1128950
32 1 1129050
67 0 1129116
65 0 1129222
67 1 1129281
65 1 1129408
82 0 1129413
82 1 1129503
84 0 1129606
84 1 1129690
69 0 1130153
69 1 1130269
32 0 1130595
32 1 1130706
83 0 1130868
83 1 1131005
73 0 1131102
73 1 1131192
32 0 1131259
32 1 1131349
65 0 1131381
80 0 1131493
65 1 1131519
80 1 1131604
73 0 1131722
73 1 1131812
73 0 1131893
73 1 1131978
32 0 1132052
83 0 1132147
32 1 1132153
65 0 1132200
83 1 1132312
32 0 1132381
65 1 1132407
32 1 1132492
65 0 1132534
65 1 1132709
8 0 1133064
8 0 1133589
8 0 1133626
8 0 1133663
8 1 1133727
8 0 1133932
8 1 1134033
8 0 1134117
8 1 1134207
8 0 1134663
8 1 1134769
79 0 1135020
79 1 1135115
73 0 1135208
73 1 1135288
32 0 1135338
83 0 1135439
32 1 1135444
65 0 1135524
83 1 1135630
32 0 1135694
65 1 1135757
32 1 1135789
65 0 1135855
65 1 1136014
83 0 1136167
83 1 1136311
67 0 1136428
67 1 1136555
85 0 1136612
85 1 1136707
76 0 1136835
76 1 1136931
84 0 1137148
84 1 1137227
32 0 1137297
32 1 1137398
77 0 1137510
77 1 1137616
85 0 1137729
85 1 1137819
90 0 1137990
90 1 1138159
73 0 1138170
73 1 1138270
67 0 1138309
65 0 1138484
67 1 1138542
65 1 1138691
32 0 1138714
32 1 1138814
83 0 1138851
65 0 1138904
83 1 1139069
65 1 1139175
85 0 1139219
85 1 1139314
32 0 1139374
32 1 1139480
83 0 1139534
65 0 1139603
83 1 1139730
65 1 1139820
32 0 1139983
32 1 1140084
65 0 1140155
65 1 1140319
8 0 1141907
8 1 1141976
77 0 1144122
65 0 1144265
77 1 1144270
65 1 1144418
78 0 1144434
65 0 1144525
78 1 1144530
78 0 1144578
78 1 1144673
65 1 1144678
67 0 1144824
32 0 1144957
67 1 1144972
32 1 1145062
70 0 1145267
70 1 1145362
82 0 1145480
82 1 1145570
85 0 1145851
85 1 1145947
67 0 1146056
67 1 1146178
84 0 1146210
84 1 1146290
69 0 1146359
69 1 1146449
32 0 1147657
32 1 1147769
83 0 1147795
65 0 1147864
83 1 1147959
65 1 1148086
85 0 1148314
85 1 1148399
32 0 1148578
32 1 1148694
83 0 1149290
65 0 1149449
83 1 1149576
65 1 1149656
32 0 1149661
32 1 1149757
66 0 1149869
66 1 1149976
69 0 1149999
69 1 1150131
65 0 1150244
85 0 1150366
65 1 1150376
85 1 1150456
32 0 1150509
32 1 1150599
85 0 1150655
85 1 1150755
78 0 1150864
78 1 1150949
32 0 1151005
32 1 1151111
67 0 1151237
69 0 1151348
67 1 1151407
69 1 1151497
65 0 1151598
65 1 1151730
73 0 1151754
73 1 1151839
190 0 1152116
190 1 1152196
16 0 1161031
83 0 1161301
16 1 1161354
83 1 1161481
73 0 1161510
73 1 1161627
83 0 1161632
83 1 1161802
84 0 1161830
84 1 1161915
69 0 1161943
69 1 1162071
77 0 1162104
77 1 1162205
85 0 1162329
85 1 1162414
76 0 1162525
76 1 1162626
32 0 1162723
32 1 1162808
69 0 1163064
69 1 1163191
68 0 1163506
68 1 1163639
85 0 1163719
85 1 1163820
67 0 1163868
65 0 1164043
67 1 1164113
65 1 1164229
84 0 1164331
84 1 1164421
73 0 1164714
73 1 1164793
79 0 1164882
79 1 1164962
78 0 1165075
78 1 1165165
65 0 1165221
76 0 1165306
65 1 1165353
76 1 1165401
32 0 1165475
32 1 1165565
68 0 1165647
73 0 1165769
68 1 1165779
73 1 1165859
78 0 1165974
78 1 1166048
32 0 1166099
32 1 1166189
16 0 1166289
82 0 1166411
16 1 1166491
82 1 1166496
79 0 1166734
79 1 1166824
77 0 1166954
77 1 1167055
65 0 1168264
65 1 1168434
78 0 1168572
78 1 1168673
73 0 1168792
65 0 1168882
73 1 1168888
65 1 1169025
32 0 1171053
32 1 1171169
65 0 1171711
65 1 1171875
82 0 1171946
82 1 1172041
32 0 1172095
32 1 1172190
84 0 1172304
84 1 1172394
82 0 1172511
82 1 1172591
69 0 1172669
69 1 1172785
66 0 1173851
66 1 1173941
85 0 1174109
85 1 1174194
73 0 1174283
73 1 1174373
32 0 1174453
83 0 1174543
32 1 1174548
65 0 1174596
83 1 1174734
65 1 1174824
32 0 1179631
32 1 1179780
70 0 1182568
73 0 1182690
70 1 1182695
73 1 1182796
69 0 1182863
69 1 1183006
32 0 1184010
32 1 1184201
82 0 1184811
69 0 1184965
82 1 1185082
69 1 1185192
70 0 1185584
70 1 1185690
65 0 1185723
65 1 1185876
67 0 1185882
67 1 1185977
85 0 1186421
85 1 1186511
84 0 1186654
84 1 1186739
190 0 1187678
190 1 1187747
16 0 1189211
32 0 1189253
32 1 1189401
83 0 1189539
16 1 1189582
83 1 1189682
69 0 1189800
69 1 1189933
32 0 1190025
32 1 1190115
70 0 1190252
70 1 1190353
65 0 1190385
67 0 1190507
65 1 1190533
67 1 1190602
69 0 1190663
32 0 1190748
69 1 1190806
32 1 1190865
66 0 1190988
66 1 1191084
73 0 1191228
73 1 1191323
78 0 1191437
78 1 1191527
69 0 1191565
69 1 1191687
32 0 1191775
32 1 1191886
67 0 1192177
67 1 1192273
65 0 1192296
32 0 1192412
65 1 1192439
32 1 1192513
78 0 1192648
78 1 1192743
85 0 1192861
85 1 1192946
32 0 1193038
32 1 1193149
83 0 1193518
83 1 1193662
69 0 1193746
69 1 1193847
32 0 1382942
32 1 1383085
82 0 1383400
82 1 1383490
69 0 1383540
69 1 1383678
78 0 1383840
78 1 1383936
85 0 1384044
85 1 1384134
78 0 1384226
78 1 1384316
84 0 1384461
84 1 1384551
65 0 1384578
65 1 1384764
32 0 1384800
32 1 1384949
76 0 1387635
76 1 1387751
65 0 1387831
65 1 1388011
32 0 1390351
32 1 1390457
79 0 1390835
79 1 1390930
82 0 1391199
82 1 1391284
69 0 1391359
69 1 1391476
32 0 1391529
32 1 1391641
80 0 1391901
80 1 1392002
69 0 1392036
32 0 1392153
69 1 1392174
32 1 1392248
86 0 1392404
86 1 1392494
8 0 1392873
8 1 1392995
8 0 1393085
8 1 1393170
8 0 1393271
8 1 1393324
69 0 1394619
69 1 1394767
32 0 1394871
32 1 1394977
86 0 1395130
86 1 1395226
82 0 1395345
82 1 1395435
69 0 1395533
69 1 1395702
77 0 1395804
69 0 1395879
77 1 1395905
69 1 1396001
65 0 1396105
65 1 1396285
8 0 1396467
8 0 1396992
8 0 1397029
8 0 1397067
8 0 1397103
8 0 1397141
8 0 1397178
8 1 1397220
32 0 1398195
32 1 1398327
80 0 1398575
69 0 1398666
80 1 1398676
69 1 1398819
82 0 1398897
82 1 1399019
73 0 1399061
73 1 1399151
79 0 1399222
65 0 1399317
79 1 1399323
65 1 1399498
68 0 1399594
65 0 1399679
68 1 1399690
32 0 1399802
65 1 1399822
32 1 1399918
65 0 1399962
65 1 1400132
67 0 1400218
69 0 1400319
67 1 1400324
69 1 1400462
65 0 1400544
65 1 1400692
83 0 1400829
83 1 1400972
84 0 1401025
65 0 1401121
84 1 1401126
65 1 1401274
32 0 1401997
32 1 1402130
67 0 1402239
67 1 1402387
85 0 1402975
85 1 1403066
32 0 1403275
32 1 1403381
80 0 1403653
80 1 1403753
65 0 1403764
65 1 1403934
78 0 1403963
78 1 1404064
68 0 1404132
69 0 1404254
68 1 1404354
77 0 1404429
69 1 1404445
77 1 1404545
73 0 1404785
73 1 1404880
65 0 1404985
65 1 1405154
190 0 1405297
190 1 1405413
32 0 1405614
32 1 1405720
16 0 1405779
67 0 1405906
16 1 1405970
67 1 1405991
69 0 1406092
32 0 1406192
69 1 1406203
32 1 1406288
78 0 1406352
78 1 1406458
85 0 1406557
85 1 1406653
32 0 1406716
83 0 1406807
32 1 1406812
83 1 1406944
69 0 1407019
32 0 1407110
69 1 1407163
32 1 1407210
70 0 1407360
65 0 1407455
70 1 1407460
67 0 1407588
65 1 1407604
67 1 1407683
69 0 1407711
69 1 1407827
32 0 1408202
32 1 1408298
66 0 1408394
66 1 1408490
73 0 1408610
73 1 1408700
78 0 1408812
78 1 1408902
69 0 1408930
69 1 1409052
32 0 1409057
32 1 1409184
80 0 1409313
80 1 1409403
69 0 1409426
69 1 1409564
78 0 1409569
78 1 1409664
84 0 1409803
84 1 1409893
82 0 1409947
82 1 1410048
85 0 1410058
85 1 1410159
32 0 1410213
67 0 1410255
32 1 1410319
69 0 1410415
67 1 1410473
69 1 1410579
73 0 1410742
73 1 1410854
32 0 1410971
32 1 1411093
67 0 1411132
69 0 1411270
67 1 1411323
32 0 1411392
69 1 1411439
32 1 1411514
78 0 1411597
78 1 1411693
85 0 1411849
85 1 1411955
32 0 1412047
32 1 1412153
65 0 1412200
65 1 1412333
85 0 1412338
85 1 1412428
32 0 1412500
32 1 1412606
67 0 1412760
85 0 1412839
67 1 1412903
85 1 1412940
82 0 1413121
82 1 1413211
69 0 1413267
69 1 1413378
78 0 1413510
78 1 1413611
84 0 1413752
84 1 1413836
32 0 1414155
32 1 1414277
83 0 1414344
65 0 1414370
83 1 1414481
85 0 1414535
65 1 1414593
85 1 1414625
32 0 1414679
32 1 1414791
73 0 1416085
73 1 1416179
78 0 1416297
78 1 1416393
84 0 1416560
69 0 1416640
84 1 1416650
69 1 1416778
82 0 1416854
82 1 1416971
78 0 1416997
69 0 1417103
78 1 1417113
69 1 1417230
84 0 1417327
84 1 1417422
188 0 1420920
188 1 1421047
32 0 1421074
32 1 1421211
67 0 1421386
85 0 1421471
67 1 1421535
85 1 1421572
77 0 1421705
77 1 1421790
32 0 1421926
32 1 1422011
69 0 1422094
73 0 1422206
69 1 1422216
73 1 1422306
32 0 1423230
32 1 1423405
83 0 1423516
65 0 1423569
83 1 1423696
32 0 1423733
65 1 1423760
32 1 1423844
83 0 1423860
83 1 1424009
84 0 1424084
84 1 1424184
85 0 1424336
85 1 1424426
68 0 1424550
68 1 1424688
73 0 1424727
73 1 1424818
69 0 1424883
69 1 1425026
90 0 1425248
90 1 1425428
69 0 1425625
69 1 1425784
188 0 1426097
188 1 1426181
32 0 1426297
32 1 1426430
69 0 1426520
69 1 1426648
73 0 1426653
73 1 1426738
32 0 1426782
32 1 1426872
83 0 1426931
85 0 1427021
83 1 1427085
85 1 1427106
78 0 1427213
78 1 1427303
84 0 1427380
32 0 1427491
84 1 1427507
32 1 1427608
76 0 1427954
65 0 1428055
76 1 1428060
65 1 1428262
83 0 1428267
65 0 1428400
83 1 1428474
84 0 1428570
65 1 1428575
84 1 1428665
73 0 1428846
73 1 1428957
32 0 1429013
32 1 1429119
73 0 1429180
73 1 1429275
78 0 1429387
78 1 1429499
32 0 1429566
32 1 1429667
85 0 1429755
85 1 1429856
82 0 1430027
82 1 1430186
77 0 1430318
77 1 1430418
65 0 1430476
65 1 1430630
190 0 1433421
190 1 1433527
32 0 1433910
32 1 1434042
16 0 1434135
83 0 1434331
16 1 1434368
73 0 1434538
83 1 1434543
73 1 1434644
83 0 1434682
83 1 1434836
84 0 1434860
84 1 1434955
69 0 1434971
69 1 1435120
77 0 1435155
77 1 1435256
85 0 1435376
85 1 1435472
76 0 1435601
76 1 1435702
32 0 1435783
32 1 1435878
73 0 1435957
73 1 1436047
78 0 1436170
78 1 1436255
32 0 1436307
32 1 1436382
65 0 1436675
76 0 1436839
65 1 1436850
76 1 1436935
84 0 1437107
84 1 1437201
32 0 1437269
69 0 1437296
32 1 1437365
69 1 1437471
84 0 1437555
84 1 1437656
65 0 1437704
82 0 1437816
65 1 1437863
82 1 1437911
73 0 1438145
73 1 1438230
32 0 1438276
32 1 1438377
83 0 1438476
73 0 1438524
73 1 1438613
83 1 1438624
71 0 1438785
71 1 1438870
85 0 1439028
85 1 1439123
82 0 1439291
82 1 1439376
32 0 1439419
32 1 1439541
69 0 1439641
32 0 1439774
69 1 1439779
32 1 1439880
77 0 1440400
77 1 1440506
65 0 1440537
73 0 1440638
65 1 1440680
73 1 1440728
32 0 1440776
32 1 1440861
66 0 1440960
66 1 1441056
85 0 1441164
85 1 1441254
78 0 1441373
78 1 1441463
32 0 1441514
32 1 1441620
67 0 1441728
67 1 1441882
65 0 1441993
32 0 1442146
65 1 1442194
32 1 1442231
76 0 1442335
65 0 1442414
76 1 1442435
32 0 1442531
65 1 1442589
32 1 1442626
78 0 1442703
78 1 1442809
79 0 1442921
79 1 1443021
73 0 1443118
73 1 1443192
190 0 1443722
190 1 1443817
32 0 1446534
32 1 1446666
16 0 1446959
16 0 1447484
16 0 1447521
16 0 1447558
16 0 1447595
16 0 1447632
16 0 1447669
16 0 1447707
16 0 1447744
16 0 1447781
16 0 1447818
16 0 1447855
16 0 1447892
83 0 1447908
16 1 1448004
83 1 1448093
65 0 1448153
65 1 1448323
32 0 1448570
32 1 1448681
78 0 1448807
78 1 1448908
69 0 1448940
32 0 1449051
69 1 1449083
32 1 1449152
80 0 1449288
69 0 1449389
80 1 1449405
69 1 1449521
83 0 1449613
83 1 1449777
69 0 1449888
69 1 1450020
32 0 1450066
32 1 1450188
68 0 1450224
69 0 1450299
68 1 1450383
69 1 1450473
32 0 1451461
32 1 1451567
84 0 1451860
79 0 1451992
84 1 1452034
79 1 1452098
84 0 1452143
73 0 1452249
84 1 1452265
73 1 1452350
32 0 1452611
32 1 1452712
69 0 1452884
69 1 1453043
76 0 1453110
76 1 1453211
69 0 1453216
69 1 1453343
86 0 1453432
86 1 1453522
73 0 1453706
73 1 1453808
32 0 1454154
32 1 1454249
8 0 1454627
8 1 1454744
188 0 1454907
188 1 1455013
32 0 1455171
32 1 1455272
83 0 1455374
84 0 1455453
83 1 1455527
84 1 1455554
85 0 1455694
85 1 1455800
68 0 1455855
69 0 1455951
68 1 1456046
78 0 1456120
69 1 1456157
78 1 1456221
84 0 1456324
84 1 1456419
73 0 1456514
73 1 1456604
32 0 1456842
32 1 1456937
8 0 1461075
8 0 1461600
8 0 1461637
8 0 1461674
8 0 1461711
8 0 1461748
8 0 1461786
8 0 1461823
8 1 1461886
8 0 1462085
8 1 1462197
8 0 1462304
8 1 1462383
8 0 1462480
8 1 1462549
73 0 1463665
73 1 1463744
32 0 1463855
32 1 1463992
186 0 1464124
186 1 1464224
73 0 1464374
73 1 1464458
32 0 1464534
32 1 1464624
8 0 1465063
8 1 1465158
32 0 1465757
32 1 1465874
83 0 1465907
83 1 1466061
84 0 1466087
84 1 1466188
85 0 1466357
85 1 1466441
68 0 1466885
69 0 1466986
68 1 1467081
69 1 1467197
78 0 1467203
78 1 1467293
84 0 1467685
84 1 1467802
73 0 1467892
73 1 1467976
188 0 1468234
188 1 1468340
32 0 1468387
32 1 1468509
73 0 1468566
73 1 1468656
78 0 1468770
78 1 1468866
68 0 1469049
68 1 1469208
73 0 1469241
73 1 1469342
70 0 1469540
69 0 1469614
70 1 1469630
69 1 1469758
82 0 1469839
82 1 1469935
69 0 1470015
69 1 1470143
78 0 1470211
78 1 1470307
84 0 1470472
84 1 1470562
32 0 1470616
32 1 1470722
68 0 1470747
69 0 1470874
68 1 1470948
32 0 1470959
69 1 1471022
32 1 1471075
67 0 1471170
69 0 1471313
67 1 1471372
69 1 1471499
32 0 1471623
32 1 1471734
73 0 1472091
73 1 1472186
68 0 1472304
68 1 1472436
69 0 1472570
69 1 1472666
69 0 1472743
69 1 1472860
32 0 1473052
32 1 1473168
65 0 1473192
65 1 1473372
82 0 1473402
82 1 1473492
69 0 1473518
32 0 1473592
69 1 1473645
32 1 1473698
70 0 1473795
70 1 1473922
73 0 1474013
73 1 1474109
69 0 1474170
69 1 1474334
67 0 1474411
65 0 1474512
67 1 1474517
82 0 1474655
65 1 1474687
82 1 1474766
69 0 1474821
32 0 1474853
69 1 1474959
32 1 1474964
83 0 1475095
65 0 1475195
83 1 1475291
32 0 1475296
65 1 1475370
32 1 1475413
70 0 1475521
70 1 1475696
73 0 1475701
73 1 1475791
69 0 1475852
69 1 1476011
32 0 1476040
32 1 1476136
65 0 1476199
65 1 1476363
83 0 1476432
83 1 1476591
67 0 1476629
67 1 1476724
85 0 1477117
85 1 1477201
76 0 1477346
76 1 1477447
84 0 1477666
84 1 1477761
65 0 1477816
84 0 1477943
65 1 1477970
84 1 1478039
32 0 1478099
32 1 1478216
83 0 1478284
73 0 1478395
83 1 1478427
73 1 1478491
32 0 1478536
32 1 1478637
80 0 1478782
80 1 1478887
79 0 1478982
79 1 1479067
8 0 1479357
8 1 1479453
8 0 1479551
8 1 1479626
76 0 1480180
76 1 1480281
85 0 1480438
85 1 1480528
65 0 1480579
65 1 1480727
84 0 1480743
84 1 1480833
32 0 1480861
32 1 1480956
73 0 1481101
73 1 1481196
78 0 1481308
78 1 1481404
32 0 1481501
32 1 1481612
83 0 1481658
83 1 1481806
69 0 1481907
69 1 1482029
65 0 1482106
65 1 1482287
77 0 1482632
77 1 1482717
219 0 1484792
219 1 1484871
190 0 1488028
190 1 1488118
32 0 1488672
32 1 1488811
16 0 1488905
69 0 1489138
16 1 1489202
69 1 1489228
76 0 1489668
76 1 1489716
69 0 1489773
69 1 1489922
86 0 1490110
86 1 1490200
85 0 1490411
85 1 1490463
8 0 1491081
8 1 1491214
73 0 1491397
73 1 1491492
83 0 1491747
65 0 1491842
83 1 1491964
32 0 1492012
65 1 1492086
32 1 1492123
8 0 1492470
8 1 1492576
8 0 1492658
8 1 1492738
8 0 1492806
8 1 1492896
8 0 1492957
8 1 1493047
73 0 1493736
73 1 1493831
32 0 1493910
32 1 1494010
83 0 1494068
73 0 1494217
83 1 1494233
73 1 1494307
32 0 1494369
83 0 1494454
32 1 1494459
83 1 1494602
84 0 1494727
84 1 1494812
85 0 1494946
85 1 1495041
68 0 1495098
69 0 1495241
78 0 1495310
68 1 1495326
78 1 1495406
69 1 1495437
84 0 1496101
84 1 1496234
73 0 1496292
73 1 1496382
73 0 1496460
73 1 1496545
73 0 1499285
73 1 1499359
32 0 1501166
83 0 1501293
32 1 1501304
65 0 1501362
83 1 1501490
32 0 1501495
32 1 1501596
65 1 1501601
78 0 1501667
78 1 1501773
85 0 1501863
85 1 1501948
32 0 1502026
32 1 1502097
82 0 1502211
82 1 1502296
69 0 1502343
69 1 1502470
78 0 1502508
78 1 1502609
85 0 1503247
85 1 1503337
78 0 1503439
78 1 1503545
84 0 1503682
84 1 1503773
69 0 1503845
32 0 1503871
32 1 1503982
69 1 1503998
76 0 1504116
76 1 1504238
65 0 1504249
32 0 1504344
65 1 1504413
32 1 1504439
69 0 1504515
69 1 1504722
68 0 1504802
85 0 1504940
68 1 1504951
85 1 1505041
67 0 1505175
65 0 1505259
67 1 1505275
65 1 1505418
84 0 1505449
84 1 1505534
73 0 1505802
73 1 1505897
69 0 1505913
69 1 1506040
32 0 1507496
32 1 1507634
186 0 1508290
186 1 1508386
73 0 1508544
73 1 1508628
32 0 1508693
32 1 1508767
80 0 1508859
80 1 1508965
82 0 1508997
82 1 1509145
79 0 1509329
79 1 1509419
70 0 1509608
70 1 1509698
69 0 1509725
69 1 1509842
83 0 1509935
83 1 1510089
79 0 1510247
79 1 1510343
82 0 1510389
82 1 1510511
73 0 1510517
73 1 1510606
73 0 1510688
73 1 1510762
32 0 1510821
32 1 1510922
83 0 1510927
65 0 1511028
83 1 1511150
32 0 1511166
65 1 1511235
32 1 1511256
73 0 1511388
73 1 1511478
73 0 1511540
73 1 1511625
32 0 1511701
32 1 1511802
83 0 1511921
83 1 1512075
80 0 1512315
80 1 1512384
82 0 1513873
82 1 1514000
73 0 1514052
73 1 1514153
74 0 1514269
74 1 1514364
73 0 1514455
73 1 1514546
78 0 1514776
78 1 1514872
69 0 1514959
32 0 1515081
69 1 1515092
32 1 1515182
83 0 1515279
73 0 1515406
83 1 1515438
73 1 1515497
32 0 1515562
32 1 1515642
80 0 1515872
80 1 1515989
65 0 1516020
65 1 1516163
82 0 1516311
82 1 1516443
73 0 1516466
73 1 1516557
78 0 1516656
78 1 1516751
84 0 1516850
84 1 1516993
73 0 1517009
73 1 1517099
73 0 1517160
73 1 1517250
32 0 1517329
32 1 1517493
76 0 1517637
76 1 1517743
65 0 1517753
32 0 1517892
65 1 1517913
32 1 1517992
70 0 1518041
69 0 1518242
70 1 1518348
76 0 1518470
69 1 1518497
76 1 1518582
32 0 1519227
32 1 1519327
67 0 1519406
65 0 1519512
67 1 1519581
32 0 1519697
65 1 1519708
32 1 1519798
83 0 1519839
73 0 1519955
83 1 1520008
73 1 1520040
32 0 1520117
32 1 1520159
80 0 1521030
80 1 1521120
82 0 1521136
79 0 1521263
82 1 1521268
79 1 1521364
70 0 1521556
70 1 1521630
69 0 1521641
69 1 1521784
83 0 1521898
79 0 1522052
83 1 1522062
79 1 1522147
82 0 1522243
82 1 1522350
73 0 1522446
73 1 1522520
73 0 1522592
73 1 1522682
190 0 1524144
190 1 1524218
16 0 1548411
70 0 1548644
16 1 1548713
70 1 1548739
73 0 1549057
73 1 1549152
69 0 1549357
69 1 1549511
67 0 1549575
65 0 1549682
67 1 1549687
82 0 1549846
65 1 1549856
82 1 1549947
69 0 1549970
32 0 1550033
69 1 1550097
32 1 1550134
80 0 1550383
69 0 1550462
80 1 1550505
69 1 1550606
82 0 1550688
82 1 1550799
83 0 1550991
83 1 1551139
79 0 1551178
79 1 1551257
78 0 1551410
78 1 1551506
65 0 1551555
65 1 1551708
74 0 1552335
74 1 1552420
32 0 1552495
32 1 1552585
65 0 1552596
65 1 1552776
82 0 1552800
82 1 1552890
69 0 1552925
32 0 1552994
69 1 1553047
32 1 1553094
67 0 1553231
67 1 1553332
65 0 1553356
65 1 1553515
84 0 1553538
84 1 1553638
69 0 1554177
69 1 1554289
189 0 1554967
189 1 1555057
79 0 1555191
79 1 1555287
32 0 1556354
32 1 1556508
65 0 1558973
65 1 1559137
67 0 1559321
67 1 1559464
84 0 1559587
84 1 1559677
73 0 1559907
73 1 1559997
85 0 1560086
85 1 1560166
78 0 1560287
78 1 1560372
69 0 1560462
69 1 1560584
188 0 1560738
188 1 1560839
32 0 1560870
32 1 1561008
65 0 1561126
65 1 1561279
67 0 1561285
67 1 1561369
84 0 1561487
84 1 1561577
73 0 1561777
73 1 1561878
86 0 1562012
73 0 1562070
86 1 1562166
73 1 1562171
84 0 1562331
65 0 1562426
84 1 1562431
84 0 1562617
65 1 1562623
84 1 1562713
69 0 1562777
69 1 1562894
32 0 1564320
16 0 1564436
32 1 1564447
57 0 1564595
16 1 1564627
57 1 1564686
70 0 1564900
65 0 1564985
70 1 1564995
67 0 1565123
65 1 1565154
67 1 1565229
32 0 1565288
69 0 1565293
32 1 1565383
69 1 1565436
67 0 1565472
67 1 1565567
69 0 1565583
86 0 1565668
69 1 1565721
86 1 1565768
65 0 1565833
65 1 1565982
16 0 1566051
48 0 1566195
16 1 1566232
48 1 1566290
190 0 1567217
190 1 1567275
32 0 1572809
32 1 1572925
16 0 1572994
83 0 1573269
16 1 1573296
83 1 1573449
67 0 1573568
67 1 1573663
69 0 1573747
69 1 1573890
78 0 1573922
78 1 1574029
65 0 1574078
32 0 1574189
65 1 1574231
32 1 1574290
69 0 1574387
69 1 1574514
32 0 1574623
32 1 1574719
68 0 1580543
68 1 1580680
73 0 1580729
73 1 1580819
78 0 1580995
78 1 1581106
84 0 1581315
84 1 1581411
82 0 1581495
82 1 1581616
189 0 1581877
189 1 1581978
85 0 1582203
85 1 1582303
78 0 1582432
78 1 1582485
32 0 1583259
32 1 1583402
84 0 1583653
84 1 1583743
69 0 1583788
69 1 1583921
77 0 1584036
77 1 1584126
80 0 1584272
80 1 1584362
76 0 1584437
76 1 1584533
85 0 1584654
85 1 1584749
32 0 1585661
32 1 1585799
16 0 1585828
57 0 1586003
16 1 1586045
57 1 1586098
66 0 1586309
66 1 1586394
73 0 1586538
73 1 1586639
83 0 1586693
83 1 1586831
69 0 1586938
69 1 1587028
82 0 1588816
82 1 1588933
73 0 1588943
73 1 1589049
67 0 1589117
65 0 1589292
67 1 1589297
32 0 1589483
65 1 1589509
32 1 1589594
67 0 1589708
67 1 1589809
69 0 1589825
86 0 1589936
69 1 1589989
86 1 1590031
65 0 1590121
65 1 1590259
188 0 1590901
32 0 1590991
188 1 1590997
32 1 1591129
78 0 1591166
78 1 1591261
85 0 1591372
85 1 1591457
32 0 1591523
32 1 1591618
83 0 1591680
85 0 1591706
85 1 1591801
83 1 1591828
78 0 1591901
78 1 1592001
84 0 1592138
84 1 1592222
32 0 1592289
32 1 1592390
83 0 1592465
83 1 1592598
73 0 1592662
73 1 1592763
71 0 1592921
71 1 1593006
85 0 1593129
85 1 1593219
82 0 1593375
82 1 1593459
65 0 1593506
65 1 1593649
16 0 1593755
48 0 1593877
16 1 1593936
48 1 1593967
190 0 1598059
190 1 1598186
32 0 1598330
32 1 1598500
16 0 1598902
79 0 1599024
16 1 1599083
79 1 1599125
65 0 1599255
65 1 1599393
77 0 1599882
77 1 1600009
69 0 1600067
78 0 1600141
69 1 1600205
78 1 1600247
73 0 1600366
73 1 1600467
32 0 1600596
32 1 1600712
84 0 1603143
84 1 1603233
82 0 1603332
82 1 1603428
65 0 1603504
65 1 1603653
73 0 1604100
73 1 1604190
65 0 1604461
65 1 1604620
85 0 1604678
85 1 1604768
32 0 1604852
32 1 1604958
68 0 1605046
68 1 1605179
8 0 1605615
8 1 1605753
73 0 1606149
73 1 1606244
78 0 1606370
78 1 1606450
32 0 1606528
32 1 1606618
70 0 1606679
85 0 1606780
70 1 1606827
85 1 1606880
78 0 1606993
78 1 1607099
67 0 1607109
67 1 1607247
84 0 1607299
84 1 1607384
73 0 1607542
73 1 1607643
69 0 1607693
32 0 1607799
69 1 1607847
32 1 1607916
68 0 1607992
69 0 1608071
68 1 1608161
32 0 1608236
69 1 1608252
32 1 1608347
79 0 1608716
79 1 1608811
67 0 1609158
85 0 1609285
67 1 1609301
85 1 1609375
80 0 1609512
80 1 1609613
65 0 1609618
65 1 1609756
84 0 1609854
84 1 1609939
73 0 1610108
73 1 1610208
76 0 1610522
76 1 1610612
69 0 1610666
32 0 1610782
69 1 1610820
32 1 1610873
76 0 1610969
76 1 1611064
79 0 1611157
79 1 1611242
82 0 1611312
82 1 1611428
188 0 1617701
188 1 1617833
32 0 1618221
32 1 1618418
66 0 1619840
66 1 1619935
65 0 1619941
65 1 1620084
78 0 1620136
78 1 1620242
85 0 1620350
85 1 1620434
73 0 1620521
73 1 1620611
69 0 1620627
69 1 1620744
83 0 1620835
67 0 1620931
83 1 1620963
67 1 1621026
32 0 1621113
32 1 1621214
67 0 1621289
67 1 1621379
65 0 1621447
65 1 1621622
32 0 1621648
32 1 1621749
83 0 1621814
83 1 1621989
69 0 1622080
32 0 1622175
69 1 1622191
32 1 1622271
84 0 1622364
84 1 1622459
82 0 1622550
82 1 1622635
69 0 1622640
69 1 1622767
90 0 1622905
90 1 1623058
69 0 1623184
69 1 1623322
65 0 1623404
65 1 1623573
85 0 1623627
85 1 1623728
32 0 1626537
32 1 1626665
83 0 1626748
73 0 1626843
83 1 1626881
73 1 1626949
32 0 1627027
32 1 1627122
68 0 1627180
85 0 1627297
68 1 1627318
85 1 1627387
80 0 1627542
80 1 1627658
65 0 1627664
32 0 1627802
65 1 1627823
32 1 1627887
73 0 1627989
73 1 1628089
83 0 1628168
83 1 1628311
73 0 1628340
73 1 1628430
32 0 1630232
32 1 1630370
70 0 1630507
70 1 1630603
65 0 1630632
67 0 1630771
65 1 1630797
67 1 1630876
69 0 1630887
69 1 1631014
65 0 1631114
65 1 1631252
8 0 1633959
8 0 1634486
8 0 1634521
8 0 1634558
8 0 1634595
8 0 1634632
8 0 1634669
8 0 1634706
8 0 1634744
8 1 1634807
73 0 1638244
73 1 1638339
83 0 1638432
73 0 1638575
83 1 1638601
73 1 1638670
32 0 1638775
32 1 1638886
73 0 1639059
73 1 1639154
78 0 1639281
78 1 1639376
68 0 1639434
69 0 1639519
68 1 1639598
69 1 1639699
80 0 1639741
80 1 1639842
76 0 1639934
76 1 1640024
73 0 1640142
73 1 1640232
78 0 1640341
69 0 1640447
78 1 1640453
69 1 1640580
65 0 1640669
85 0 1640818
65 1 1640828
85 1 1640908
32 0 1641372
32 1 1641473
68 0 1642090
68 1 1642228
79 0 1642274
79 1 1642370
8 0 1643234
8 1 1643350
8 0 1643469
8 1 1643591
8 0 1646034
8 0 1646559
8 0 1646596
8 0 1646633
8 0 1646670
8 0 1646707
8 0 1646744
8 0 1646782
8 0 1646819
8 0 1646856
8 0 1646893
8 0 1646930
8 0 1646967
8 0 1647004
8 1 1647052
8 0 1648176
8 0 1648702
8 0 1648738
8 0 1648776
8 0 1648813
8 0 1648850
8 1 1648892
85 0 1651310
85 1 1651400
80 0 1651556
80 1 1651662
65 0 1651691
32 0 1651797
65 1 1651834
32 1 1651897
77 0 1652001
77 1 1652107
65 0 1652112
78 0 1652218
65 1 1652271
78 1 1652313
67 0 1652506
67 1 1652596
65 0 1652645
65 1 1652799
85 0 1652980
85 1 1653070
32 0 1653181
32 1 1653287
83 0 1653319
65 0 1653414
83 1 1653520
85 0 1653610
65 1 1653637
85 1 1653701
32 0 1653760
32 1 1653861
78 0 1654190
78 1 1654275
85 0 1654543
85 1 1654633
32 0 1654717
32 1 1654812
83 0 1654842
83 1 1654975
84 0 1655025
84 1 1655110
73 0 1655356
73 1 1655446
85 0 1655520
85 1 1655605
32 0 1655709
32 1 1655804
67 0 1655848
67 1 1656299
8 0 1657078
8 1 1657210
83 0 1657686
83 1 1657819
73 0 1657848
73 1 1657949
71 0 1658073
71 1 1658163
85 0 1658291
85 1 1658381
82 0 1658548
82 1 1658628
82 0 1658718
82 1 1658792
8 0 1659628
8 1 1659739
188 0 1659951
188 1 1660030
32 0 1660321
32 1 1660454
83 0 1660744
73 0 1660871
83 1 1660876
73 1 1660972
32 0 1661040
32 1 1661131
65 0 1661186
80 0 1661302
65 1 1661345
80 1 1661398
79 0 1661482
79 1 1661562
73 0 1661632
73 1 1661717
32 0 1661775
32 1 1661871
77 0 1661926
77 1 1662037
69 0 1662071
69 1 1662188
82 0 1662274
82 1 1662417
71 0 1662446
71 1 1662531
69 0 1662545
69 1 1662669
65 0 1662781
85 0 1662903
65 1 1662930
85 1 1662988
32 0 1663033
32 1 1663107
76 0 1663198
76 1 1663309
65 0 1663335
32 0 1663409
65 1 1663478
32 1 1663489
76 0 1663521
76 1 1663633
85 0 1663778
85 1 1663868
67 0 1663979
67 1 1664153
82 0 1664235
82 1 1664410
85 0 1664488
85 1 1664563
190 0 1679269
190 1 1679348
