16 0 87534
16 0 88030
16 0 88064
16 0 88098
16 0 88129
16 0 88162
16 0 88192
16 0 88226
16 0 88257
16 0 88288
16 0 88319
16 0 88353
16 0 88384
16 0 88416
16 0 88448
16 0 88482
16 0 88515
16 0 88547
16 0 88578
16 0 88611
16 0 88643
16 0 88676
65 0 88691
16 1 88803
65 1 88809
83 0 88905
83 1 88981
84 0 89122
84 1 89211
65 0 89305
65 1 89408
90 0 89629
90 1 89759
73 0 89766
73 1 89904
32 0 89949
32 1 90053
69 0 90123
69 1 90226
83 0 90350
83 1 90415
84 0 90615
84 1 90706
69 0 90801
69 1 90956
32 0 90991
32 1 91092
79 0 91193
79 1 91300
32 0 91335
32 1 91454
73 0 91930
73 1 92006
90 0 92078
90 1 92153
8 0 92311
8 1 92424
8 0 92448
8 1 92536
8 0 92648
8 1 92694
32 0 93021
32 1 93127
8 0 93663
8 1 93747
32 0 94436
32 1 94547
90 0 94628
73 0 94757
90 1 94786
73 1 94862
32 0 95151
32 1 95256
70 0 95330
70 1 95451
79 0 95455
65 0 95571
79 1 95611
65 1 95661
82 0 95775
82 1 95877
84 0 96160
84 1 96286
69 0 96430
69 1 96537
32 0 97009
32 1 97120
70 0 97194
82 0 97304
70 1 97315
82 1 97436
79 0 97525
79 1 97658
71 0 97764
71 1 97876
8 0 98159
8 1 98242
8 0 98312
8 1 98386
73 0 98527
73 1 98638
71 0 98724
71 1 98800
85 0 99250
85 1 99331
82 0 99697
79 0 99801
82 1 99809
79 1 99934
65 0 99965
65 1 100064
83 0 100129
65 0 100203
83 1 100264
65 1 100336
32 0 100895
32 1 100994
68 0 101076
69 0 101142
68 1 101254
32 0 101259
69 1 101272
32 1 101393
73 0 101409
65 0 101505
73 1 101525
65 1 101616
82 0 101765
82 1 101887
78 0 101964
78 1 102060
65 0 102090
65 1 102174
188 0 103915
188 1 103968
32 0 104310
32 1 104402
85 0 104471
85 1 104567
78 0 104665
78 1 104777
68 0 104850
69 0 104914
68 1 104970
69 1 105068
86 0 105426
86 1 105530
65 0 105615
65 1 105726
32 0 105758
32 1 105835
80 0 105885
69 0 105981
80 1 106002
32 0 106124
69 1 106131
32 1 106226
76 0 106270
65 0 106324
76 1 106355
65 1 106472
32 0 106504
32 1 106611
65 0 106779
65 1 106915
80 0 106940
80 1 107065
82 0 107136
82 1 107243
79 0 107250
79 1 107373
88 0 108178
88 1 108324
73 0 108554
73 1 108655
77 0 108791
77 1 108892
65 0 108907
65 1 108998
84 0 109321
73 0 109397
84 1 109404
73 1 109527
86 0 109669
86 1 109781
32 0 110071
32 1 110195
189 0 110841
189 1 110938
49 0 111005
49 1 111127
32 0 111447
32 1 111560
71 0 111881
71 1 112044
82 0 112051
82 1 112158
65 0 112250
65 1 112391
68 0 112714
69 0 112865
68 1 112943
69 1 113067
32 0 113073
32 1 113197
67 0 113534
67 1 113636
8 0 113883
16 0 113892
8 1 113967
67 0 114034
16 1 114136
67 1 114163
69 0 114270
69 1 114365
76 0 115019
76 1 115126
83 0 115236
73 0 115324
83 1 115345
73 1 115442
85 0 115547
85 1 115624
83 0 115911
83 1 115999
190 0 116232
190 1 116343
32 0 117195
32 1 117294
16 0 117967
16 0 118475
16 0 118507
16 0 118540
16 0 118571
16 0 118602
16 0 118634
16 0 118668
65 0 118694
65 1 118820
16 1 118860
32 0 119068
32 1 119177
8 0 119548
8 1 119659
83 0 119798
65 0 119927
83 1 119969
65 1 120097
32 0 120155
32 1 120265
65 0 120337
65 1 120476
32 0 120496
32 1 120591
70 0 120940
70 1 121061
79 0 121107
83 0 121186
79 1 121217
83 1 121282
84 0 122491
84 1 122612
32 0 123267
32 1 123377
86 0 125042
86 1 125150
82 0 125229
82 1 125334
69 0 125420
69 1 125544
69 0 125648
65 0 125734
69 1 125773
65 1 125882
8 0 126225
8 1 126324
8 0 126387
8 1 126475
77 0 126645
69 0 126713
77 1 126740
65 0 126851
69 1 126925
65 1 126967
32 0 127039
32 1 127139
73 0 127178
73 1 127294
78 0 127368
78 1 127468
32 0 127527
32 1 127620
85 0 127823
85 1 127925
76 0 128074
76 1 128168
84 0 128200
84 1 128315
73 0 128714
73 1 128816
77 0 128983
77 1 129109
69 0 129159
69 1 129260
76 0 129267
76 1 129356
69 0 129361
69 1 129492
32 0 129931
32 1 130045
90 0 130121
73 0 130208
90 1 130283
73 1 130290
76 0 130488
76 1 130573
69 0 130615
69 1 130756
32 0 130796
32 1 130860
80 0 130925
69 0 130997
80 1 131030
32 0 131115
69 1 131138
32 1 131222
65 0 131226
73 0 131339
65 1 131346
73 1 131427
67 0 131464
73 0 131573
67 1 131584
73 1 131654
32 0 131697
32 1 131812
80 0 132210
80 1 132325
82 0 132368
82 1 132480
73 0 132507
73 1 132576
78 0 132663
78 1 132778
32 0 132864
32 1 132969
79 0 133006
79 1 133125
82 0 133201
82 1 133302
65 0 133366
65 1 133457
83 0 133531
83 1 133631
190 0 133742
190 1 133856
32 0 134418
32 1 134546
16 0 134703
68 0 134958
16 1 135079
68 1 135098
8 0 135890
8 1 135991
8 0 136078
8 1 136161
8 0 136483
8 1 136557
188 0 137064
188 1 137143
32 0 137439
32 1 137546
68 0 137603
69 0 137734
68 1 137783
69 1 137859
83 0 137954
83 1 138061
73 0 138077
73 1 138226
32 0 138281
32 1 138392
65 0 138418
80 0 138540
65 1 138547
80 1 138625
76 0 139384
76 1 139473
73 0 139588
73 1 139687
67 0 139776
67 1 139892
65 0 139899
65 1 139983
84 0 140148
84 1 140248
73 0 140303
73 1 140396
65 0 140607
65 1 140746
32 0 140813
32 1 140907
68 0 141056
69 0 141186
68 1 141206
69 1 141278
8 0 141427
8 1 141499
8 0 141580
8 1 141659
84 0 141686
84 1 141781
69 0 141868
69 1 141968
76 0 141996
69 0 142092
76 1 142100
69 1 142218
70 0 142650
70 1 142764
79 0 142784
79 1 142910
78 0 143005
85 0 143110
78 1 143148
85 1 143209
76 0 143381
76 1 143462
85 0 143591
85 1 143633
73 0 143719
73 1 143826
32 0 143857
32 1 143963
77 0 143970
77 1 144074
69 0 144086
69 1 144178
85 0 144206
85 1 144326
32 0 144625
32 1 144744
73 0 144809
73 1 144921
77 0 144984
73 0 145043
77 1 145092
73 1 145155
32 0 145212
32 1 145308
84 0 145571
84 1 145664
79 0 145683
84 0 145785
79 1 145804
84 1 145859
32 0 146153
32 1 146237
84 0 146408
84 1 146510
82 0 146593
82 1 146709
65 0 146800
65 1 146914
78 0 147188
78 1 147287
83 0 147611
83 1 147710
77 0 147804
73 0 147902
77 1 147911
73 1 148007
84 0 148057
84 1 148165
69 0 148266
65 0 148374
69 1 148446
65 1 148534
32 0 148541
32 1 148636
67 0 148720
65 0 148816
67 1 148827
32 0 148974
65 1 148991
32 1 149078
85 0 149217
85 1 149363
82 0 149385
82 1 149481
77 0 149674
69 0 149741
77 1 149762
65 0 149844
69 1 149912
65 1 149963
90 0 150052
90 1 150142
65 0 150231
65 1 150356
32 0 150400
32 1 150492
79 0 152626
79 1 152761
32 0 152768
32 1 152873
8 0 154152
8 1 154241
8 0 154365
8 1 154472
83 0 154494
65 0 154594
83 1 154673
32 0 154723
65 1 154748
32 1 154824
78 0 154968
78 1 155055
73 0 155062
73 1 155174
78 0 155258
78 1 155337
71 0 155734
71 1 155790
65 0 155907
65 1 156028
32 0 156382
32 1 156488
73 0 156536
73 1 156657
78 0 156731
32 0 156790
78 1 156824
32 1 156906
65 0 157196
65 1 157294
67 0 157376
69 0 157458
67 1 157477
69 1 157592
83 0 157680
83 1 157780
84 0 157954
84 1 158035
32 0 158245
32 1 158356
87 0 158464
87 1 158585
69 0 158700
69 1 158762
69 0 158834
69 1 158943
75 0 159062
75 1 159191
69 0 160270
69 1 160408
78 0 160476
78 1 160565
68 0 160604
68 1 160734
188 0 161924
188 1 162068
32 0 162106
32 1 162204
84 0 162396
84 1 162462
79 0 163066
79 1 163201
84 0 163238
84 1 163381
85 0 163502
85 1 163614
83 0 163804
83 1 163900
73 0 164068
73 1 164185
32 0 164229
32 1 164343
69 0 164476
85 0 164591
69 1 164602
85 1 164717
32 0 164808
32 1 164902
78 0 164937
85 0 164994
78 1 165036
85 1 165096
32 0 165111
32 1 165204
65 0 165216
65 1 165342
77 0 165436
77 1 165550
32 0 165634
32 1 165708
86 0 166103
86 1 166220
65 0 166296
65 1 166353
90 0 166437
90 1 166536
85 0 166547
85 1 166663
84 0 166821
84 1 166920
32 0 167123
32 1 167221
67 0 167612
67 1 167733
65 0 167767
65 1 167841
90 0 167947
90 1 168045
65 0 168150
65 1 168242
78 0 168313
78 1 168419
68 0 168629
68 1 168783
32 0 168813
32 1 168919
78 0 168923
73 0 168993
78 1 169047
73 1 169114
67 0 169124
73 0 169242
67 1 169252
73 1 169336
32 0 169373
32 1 169496
85 0 169616
85 1 169705
78 0 169786
78 1 169871
32 0 169876
32 1 169967
70 0 170276
70 1 170402
85 0 170409
85 1 170506
76 0 170703
76 1 170792
71 0 170916
71 1 171032
190 0 171137
190 1 171245
32 0 171762
32 1 171843
16 0 171866
80 0 172011
16 1 172123
80 1 172129
65 0 172179
65 1 172296
67 0 172363
65 0 172426
67 1 172456
65 1 172538
84 0 172959
84 1 173048
188 0 179187
188 1 179311
32 0 179378
32 1 179488
70 0 179580
70 1 179683
73 0 179840
73 1 179922
73 0 179981
73 1 180092
78 0 180194
78 1 180282
68 0 180646
68 1 180762
67 0 180849
65 0 180982
67 1 181002
32 0 181127
65 1 181135
32 1 181260
77 0 181420
73 0 181554
77 1 181560
73 1 181665
69 0 181707
69 1 181829
32 0 181929
32 1 182024
73 0 182568
73 1 182679
77 0 182748
77 1 182859
73 0 183451
73 1 183533
32 0 183580
32 1 183690
80 0 183695
80 1 183777
76 0 183871
65 0 183967
76 1 183974
65 1 184062
67 0 184122
67 1 184254
69 0 184261
69 1 184410
32 0 184429
32 1 184518
70 0 184570
79 0 184684
70 1 184690
65 0 184774
79 1 184792
65 1 184859
82 0 184943
82 1 185032
77 0 185246
77 1 185326
69 0 185363
69 1 185468
8 0 185945
8 1 186024
8 0 186109
8 1 186207
84 0 186457
84 1 186564
69 0 186737
69 1 186841
32 0 187003
32 1 187104
77 0 187127
77 1 187211
85 0 187285
85 1 187369
76 0 187496
84 0 187610
76 1 187629
84 1 187718
32 0 187889
32 1 187983
65 0 188025
65 1 188130
84 0 188246
85 0 188350
84 1 188357
85 1 188466
78 0 188547
78 1 188635
67 0 188642
73 0 188739
67 1 188751
73 1 188845
32 0 188887
32 1 189014
67 0 189220
67 1 189336
65 0 189351
78 0 189425
65 1 189450
78 1 189526
68 0 190063
68 1 190202
32 0 190294
32 1 190394
65 0 190426
65 1 190530
70 0 190584
70 1 190673
65 0 190691
65 1 190781
82 0 190854
82 1 190962
65 0 191010
65 1 191148
32 0 191162
32 1 191242
78 0 191329
73 0 191378
78 1 191435
73 1 191519
78 0 191568
78 1 191684
71 0 191921
71 1 192042
69 0 192105
69 1 192221
191 0 198090
191 1 198206
32 0 198377
32 1 198487
8 0 198728
8 1 198811
8 0 198884
8 1 198962
191 0 200567
191 1 200652
8 0 201070
8 1 201130
190 0 201269
190 1 201358
16 0 201710
32 0 201829
16 1 201843
32 1 201977
16 0 201999
65 0 202104
65 1 202212
16 1 202235
83 0 202334
83 1 202466
84 0 202632
84 1 202729
65 0 202830
65 1 202974
32 0 203070
32 1 203209
73 0 203386
73 1 203529
78 0 203613
32 0 203690
78 1 203712
32 1 203789
67 0 203850
67 1 203981
65 0 204016
65 1 204077
90 0 204165
85 0 204281
90 1 204287
85 1 204402
76 0 204626
76 1 204711
32 0 204760
32 1 204849
77 0 204943
69 0 204976
77 1 205052
69 1 205102
85 0 205227
85 1 205326
32 0 205534
32 1 205678
8 0 205962
8 1 206051
188 0 206197
188 1 206299
32 0 206355
32 1 206471
70 0 206475
73 0 206568
70 1 206577
73 1 206657
73 0 206707
73 1 206824
78 0 206935
78 1 207019
68 0 207230
68 1 207323
67 0 207424
67 1 207535
65 0 207572
32 0 207713
65 1 207742
32 1 207811
70 0 207972
70 1 208101
79 0 208124
65 0 208220
79 1 208258
65 1 208339
82 0 208418
82 1 208534
84 0 208608
84 1 208687
69 0 208774
32 0 208903
69 1 208909
32 1 209018
77 0 209056
77 1 209150
85 0 209214
85 1 209294
76 0 209424
76 1 209518
84 0 209563
84 1 209667
79 0 210090
79 1 210217
82 0 210293
82 1 210407
32 0 210576
32 1 210697
65 0 210741
65 1 210857
76 0 210888
76 1 211008
84 0 211360
84 1 211466
69 0 211612
69 1 211743
8 0 211900
8 1 211970
8 0 212062
8 1 212150
84 0 212686
84 1 212800
69 0 212921
69 1 213069
32 0 213094
32 1 213192
80 0 213254
69 0 213348
80 1 213362
69 1 213433
82 0 213509
82 1 213615
83 0 213888
83 1 214018
79 0 214085
79 1 214226
65 0 214356
65 1 214472
78 0 214503
78 1 214582
69 0 214630
69 1 214760
32 0 214801
32 1 214893
78 0 215046
85 0 215096
78 1 215158
85 1 215232
32 0 215383
32 1 215500
76 0 215536
69 0 215623
76 1 215632
32 0 215770
69 1 215782
32 1 215900
80 0 216197
80 1 216268
76 0 216365
76 1 216464
65 0 216543
65 1 216694
67 0 216783
69 0 216857
67 1 216905
69 1 217030
32 0 217278
32 1 217372
83 0 219190
65 0 219258
83 1 219375
65 1 219397
32 0 219951
32 1 220053
70 0 220149
73 0 220278
70 1 220285
73 1 220374
69 0 220378
69 1 220520
32 0 220629
32 1 220712
90 0 221045
90 1 221145
65 0 221231
65 1 221325
65 0 221945
65 1 222027
8 0 222238
8 1 222337
80 0 222443
80 1 222588
65 0 222636
65 1 222713
78 0 222758
78 1 222832
65 0 222846
65 1 222981
8 0 223135
8 1 223228
8 0 223513
8 1 223612
68 0 223712
65 0 223816
68 1 223874
65 1 223985
32 0 224435
32 1 224568
80 0 224751
80 1 224865
69 0 224878
69 1 225020
32 0 225027
32 1 225134
65 0 225193
65 1 225299
70 0 225440
70 1 225544
65 0 225584
65 1 225686
82 0 226279
82 1 226368
65 0 226446
65 1 226544
188 0 226788
188 1 226891
32 0 226934
70 0 227063
32 1 227070
70 1 227179
73 0 227189
73 1 227296
73 0 227334
73 1 227448
78 0 227511
78 1 227604
68 0 227675
68 1 227795
67 0 227909
67 1 228018
65 0 228040
65 1 228164
32 0 228270
32 1 228359
84 0 228792
84 1 228908
82 0 228997
82 1 229091
69 0 229191
69 1 229257
8 0 230392
8 1 230481
8 0 230558
8 1 230610
8 0 230858
8 1 230979
78 0 231112
78 1 231216
69 0 231231
69 1 231327
67 0 231584
69 0 231678
67 1 231713
69 1 231811
83 0 231915
83 1 232020
73 0 232051
73 1 232176
84 0 232253
84 1 232329
65 0 232445
65 1 232556
32 0 232604
32 1 232701
65 0 232790
65 1 232893
67 0 232999
67 1 233107
73 0 233325
73 1 233413
8 0 233646
84 0 233707
8 1 233716
84 1 233797
73 0 233842
73 1 233947
86 0 234152
86 1 234272
73 0 234276
73 1 234377
84 0 234437
84 1 234548
65 0 234647
65 1 234729
84 0 234810
84 1 234881
73 0 234917
73 1 235026
32 0 235086
73 0 235129
32 1 235146
73 1 235246
78 0 235295
78 1 235378
32 0 235409
32 1 235501
80 0 235519
80 1 235626
76 0 235700
76 1 235793
85 0 235893
85 1 235985
83 0 235991
83 1 236090
32 0 236139
32 1 236232
68 0 236251
69 0 236353
68 1 236419
32 0 236457
69 1 236497
32 1 236546
67 0 236612
85 0 236699
67 1 236744
85 1 236815
82 0 236827
82 1 236939
65 0 236961
65 1 237087
84 0 237213
84 1 237307
65 0 237385
65 1 237468
82 0 237901
82 1 237982
69 0 238059
69 1 238171
32 0 238190
32 1 238302
65 0 238318
65 1 238448
32 0 238499
32 1 238615
77 0 238806
77 1 238938
65 0 238942
65 1 239052
83 0 239279
83 1 239395
73 0 239420
73 1 239541
78 0 239836
73 0 239939
78 1 239948
73 1 240016
73 0 240058
73 1 240179
190 0 241008
190 1 241092
9 0 241727
9 1 241838
16 0 254655
80 0 254870
80 1 255004
16 1 255036
69 0 255137
78 0 255257
69 1 255267
78 1 255378
84 0 255390
84 1 255525
82 0 255540
85 0 255654
82 1 255672
85 1 255772
32 0 255786
32 1 255904
77 0 256100
73 0 256179
77 1 256230
73 1 256290
78 0 256404
78 1 256493
69 0 256542
69 1 256676
32 0 256735
32 1 256866
79 0 257742
79 1 257816
32 0 257901
32 1 258029
90 0 258135
73 0 258257
90 1 258278
73 1 258374
32 0 258445
32 1 258491
73 0 259036
73 1 259171
68 0 259218
69 0 259336
68 1 259371
69 1 259496
65 0 259560
65 1 259681
76 0 259938
65 0 260025
76 1 260041
65 1 260159
32 0 260213
32 1 260297
78 0 260399
85 0 260495
78 1 260558
85 1 260623
32 0 260637
32 1 260761
69 0 261401
69 1 261499
88 0 261844
88 1 261947
73 0 262049
73 1 262137
83 0 262154
83 1 262272
84 0 262417
84 1 262532
65 0 262649
65 1 262742
190 0 263594
190 1 263727
32 0 263775
32 1 263872
16 0 263911
80 0 263999
80 1 264102
16 1 264112
79 0 264188
79 1 264289
65 0 264305
65 1 264385
84 0 264785
84 1 264889
69 0 264990
69 1 265161
32 0 265166
32 1 265257
83 0 265287
73 0 265363
83 1 265409
73 1 265485
32 0 265489
32 1 265582
80 0 265599
69 0 265680
80 1 265709
69 1 265781
78 0 265834
84 0 265892
78 1 265937
84 1 265986
82 0 266088
82 1 266227
85 0 266321
85 1 266437
32 0 266514
32 1 266611
67 0 266715
67 1 266827
65 0 266835
32 0 266950
65 1 266985
32 1 267062
80 0 268092
82 0 268199
80 1 268210
82 1 268302
79 0 269422
79 1 269552
71 0 269582
71 1 269693
82 0 269728
82 1 269863
65 0 269961
65 1 270064
77 0 270169
77 1 270280
85 0 270349
85 1 270456
76 0 270575
76 1 270664
32 0 270854
32 1 271014
77 0 271020
69 0 271117
77 1 271143
69 1 271238
85 0 271263
85 1 271383
32 0 271408
32 1 271503
68 0 271558
69 0 271689
68 1 271739
32 0 271771
69 1 271806
77 0 271855
32 1 271862
77 1 271951
85 0 271993
85 1 272108
67 0 272213
65 0 272317
67 1 272334
65 1 272476
8 0 272846
8 1 272926
78 0 273044
78 1 273141
8 0 273403
8 1 273491
8 0 273549
8 1 273623
78 0 273732
78 1 273811
67 0 273838
67 1 273982
65 0 274111
65 1 274247
32 0 274327
32 1 274453
68 0 274813
73 0 274900
68 1 274934
73 1 275008
70 0 275184
70 1 275320
69 0 275327
69 1 275405
82 0 275462
82 1 275548
65 0 275703
65 1 275842
32 0 275969
32 1 276066
68 0 276140
69 0 276261
68 1 276312
32 0 276354
69 1 276388
32 1 276456
65 0 276525
76 0 276570
65 1 276582
76 1 276692
8 0 277086
8 1 277158
8 0 277207
8 1 277297
76 0 277441
65 0 277511
76 1 277550
65 1 277669
32 0 277681
32 1 277772
79 0 277785
79 1 277909
32 0 277934
32 1 278028
83 0 278090
65 0 278152
83 1 278229
65 1 278284
80 0 278316
80 1 278418
84 0 278691
84 1 278769
65 0 278859
65 1 278944
77 0 278956
65 0 279057
77 1 279064
65 1 279153
78 0 279204
78 1 279247
65 0 279254
65 1 279355
78 0 280315
78 1 280408
65 0 280424
65 1 280525
32 0 280870
32 1 280962
76 0 281122
76 1 281239
65 0 281278
65 1 281397
8 0 281943
8 1 282037
8 0 282319
8 1 282420
8 0 282478
8 1 282588
8 0 282640
8 1 282742
8 0 282791
8 1 282908
32 0 283737
32 1 283840
76 0 284015
65 0 284089
76 1 284104
32 0 284226
65 1 284238
65 0 284316
32 1 284328
76 0 284426
65 1 284437
76 1 284542
84 0 284569
84 1 284659
65 0 284738
65 1 284861
188 0 285250
188 1 285370
32 0 285615
32 1 285715
68 0 286118
68 1 286240
65 0 286259
65 1 286380
84 0 286981
84 1 287055
79 0 287298
82 0 287429
79 1 287439
82 1 287555
65 0 287636
65 1 287716
84 0 287860
84 1 287971
65 0 288080
65 1 288196
32 0 288267
32 1 288372
76 0 288645
76 1 288722
85 0 288928
85 1 289012
67 0 289042
67 1 289133
82 0 289255
82 1 289370
85 0 289407
85 1 289486
76 0 290077
76 1 290172
85 0 290603
85 1 290697
73 0 290767
73 1 290881
32 0 290925
32 1 291026
80 0 291052
80 1 291158
69 0 291174
69 1 291287
32 0 291375
32 1 291477
83 0 291787
83 1 291908
67 0 291975
67 1 292103
72 0 292172
72 1 292311
73 0 292596
73 1 292718
77 0 292782
77 1 292885
66 0 292922
66 1 293053
85 0 293057
85 1 293162
82 0 293202
82 1 293319
73 0 293380
73 1 293473
190 0 293751
190 1 293846
32 0 293870
32 1 293979
16 0 295678
83 0 295825
16 1 295951
80 0 295959
83 1 295968
80 1 296092
82 0 296129
82 1 296233
69 0 296271
69 1 296419
32 0 296431
32 1 296536
69 0 296546
69 1 296660
88 0 296790
88 1 296902
69 0 297008
69 1 297100
80 0 297421
80 1 297492
8 0 297783
8 1 297868
77 0 297948
77 1 298056
80 0 298121
80 1 298210
76 0 298310
76 1 298395
85 0 298501
85 1 298612
32 0 298717
32 1 298840
73 0 299222
73 1 299352
78 0 299992
78 1 300090
32 0 300194
32 1 300282
8 0 300614
8 1 300741
8 0 300796
8 1 300916
8 0 300989
8 1 301080
73 0 301776
73 1 301900
78 0 301957
78 1 302059
32 0 302076
32 1 302180
83 0 302396
83 1 302507
67 0 302549
67 1 302685
72 0 302716
72 1 302783
73 0 303264
73 1 303380
77 0 303446
77 1 303553
66 0 303727
85 0 303852
66 1 303860
85 1 303935
76 0 304085
76 1 304186
32 0 304270
32 1 304370
49 0 304612
49 1 304739
188 0 305003
32 0 305112
188 1 305128
32 1 305205
84 0 305344
84 1 305469
82 0 305536
82 1 305635
69 0 305701
69 1 305813
90 0 305994
73 0 306082
90 1 306090
73 1 306203
82 0 306527
82 1 306657
69 0 306720
65 0 306792
69 1 306925
65 1 306957
32 0 306982
32 1 307102
69 0 307970
69 1 308030
83 0 308134
83 1 308200
84 0 308316
84 1 308404
69 0 308484
69 1 308631
32 0 308638
32 1 308735
76 0 308757
65 0 308816
76 1 308871
32 0 308935
65 1 308944
32 1 309029
79 0 309096
79 1 309235
65 0 309309
65 1 309452
8 0 309869
8 1 309956
82 0 309968
82 1 310070
65 0 310132
65 1 310247
32 0 310260
32 1 310353
53 0 310836
53 1 310941
32 0 311061
32 1 311161
69 0 311361
69 1 311492
8 0 311698
8 1 311805
80 0 311921
69 0 312009
80 1 312024
69 1 312120
78 0 312142
84 0 312236
78 1 312245
84 1 312325
82 0 312377
85 0 312468
82 1 312488
85 1 312585
32 0 312592
32 1 312711
65 0 312723
65 1 312862
32 0 312869
32 1 312957
65 0 313269
74 0 313378
65 1 313402
74 1 313489
85 0 313547
85 1 313641
78 0 313691
78 1 313802
71 0 313840
71 1 313938
69 0 314025
69 1 314127
32 0 314235
32 1 314323
80 0 314374
69 0 314488
80 1 314495
69 1 314622
32 0 314711
32 1 314803
80 0 314919
80 1 315012
79 0 315077
65 0 315158
79 1 315193
65 1 315260
82 0 315672
82 1 315794
84 0 315888
84 1 315966
69 0 316244
69 1 316365
65 0 316395
65 1 316511
8 0 316603
8 1 316713
8 0 316760
65 0 316829
8 1 316866
65 1 316968
32 0 316983
32 1 317116
70 0 317335
70 1 317451
65 0 317462
65 1 317548
66 0 317706
66 1 317800
82 0 318098
82 1 318246
73 0 318365
73 1 318487
67 0 318606
73 0 318715
67 1 318726
73 1 318803
73 0 318848
73 1 318941
32 0 318989
32 1 319031
76 0 319234
76 1 319341
65 0 319366
65 1 319470
32 0 319504
79 0 319594
32 1 319601
82 0 319717
79 1 319724
82 1 319820
65 0 319878
32 0 319997
65 1 320004
32 1 320102
54 0 320516
54 1 320600
32 0 320645
32 1 320762
83 0 320789
73 0 320838
83 1 320883
73 1 320969
32 0 320998
32 1 321101
68 0 321450
85 0 321549
68 1 321583
85 1 321665
82 0 321722
82 1 321838
69 0 321903
65 0 322017
69 1 322123
65 1 322182
80 0 322258
80 1 322359
8 0 322724
8 1 322832
90 0 322836
90 1 322940
65 0 322995
65 1 323134
32 0 323225
32 1 323334
80 0 323353
80 1 323481
65 0 323493
65 1 323609
78 0 323616
78 1 323704
65 0 323716
65 1 323827
32 0 323982
76 0 324074
32 1 324086
65 0 324151
76 1 324171
32 0 324238
65 1 324300
32 1 324339
79 0 324376
79 1 324438
82 0 324457
82 1 324559
65 0 324799
65 1 324938
32 0 324953
32 1 325066
49 0 325121
49 1 325274
52 0 325514
52 1 325606
190 0 325655
190 1 325752
32 0 325821
32 1 325915
16 0 327411
73 0 327539
73 1 327661
16 1 327672
78 0 327718
32 0 327785
78 1 327824
32 1 327898
83 0 327966
83 1 328014
67 0 328121
67 1 328244
72 0 328280
72 1 328424
73 0 328550
73 1 328678
77 0 328759
77 1 328843
66 0 329370
66 1 329499
85 0 329792
85 1 329932
76 0 330361
76 1 330454
32 0 330489
32 1 330626
49 0 331267
49 1 331397
8 0 331737
8 1 331849
50 0 331853
50 1 331990
32 0 332069
32 1 332185
82 0 332358
82 1 332415
8 0 332853
8 1 332956
84 0 332983
84 1 333093
82 0 333186
82 1 333307
69 0 333386
69 1 333499
90 0 333623
73 0 333725
90 1 333751
73 1 333864
82 0 334165
82 1 334290
69 0 334356
65 0 334447
69 1 334563
32 0 334610
65 1 334621
32 1 334731
69 0 334735
32 0 334892
69 1 334912
32 1 335003
77 0 335044
65 0 335141
77 1 335148
73 0 335228
65 1 335253
32 0 335322
73 1 335338
32 1 335433
84 0 335582
84 1 335688
82 0 335799
82 1 335874
8 0 336173
8 1 336275
65 0 336302
65 1 336406
82 0 336742
82 1 336841
90 0 337013
90 1 337124
73 0 337145
73 1 337258
85 0 337313
85 1 337412
188 0 337574
188 1 337681
32 0 337703
32 1 337808
73 0 337865
73 1 337997
78 0 338053
84 0 338134
78 1 338142
84 1 338190
82 0 338278
82 1 338389
85 0 338446
85 1 338580
67 0 338780
67 1 338904
65 0 338908
65 1 339013
84 0 339120
84 1 339190
32 0 340990
32 1 341126
76 0 341915
76 1 342057
65 0 342090
65 1 342233
32 0 342342
32 1 342438
79 0 342509
79 1 342643
82 0 342735
82 1 342834
65 0 342923
65 1 343054
32 0 343065
32 1 343173
49 0 344241
49 1 344395
52 0 344617
52 1 344696
32 0 344848
32 1 344968
65 0 346044
65 1 346171
74 0 346195
74 1 346312
8 0 346707
8 1 346785
8 0 346866
8 1 347008
84 0 347045
84 1 347143
82 0 347272
82 1 347392
69 0 347477
69 1 347581
66 0 347753
66 1 347838
85 0 347859
85 1 347971
73 0 348041
69 0 348165
73 1 348177
69 1 348303
32 0 348311
83 0 348433
32 1 348441
65 0 348501
83 1 348596
32 0 348606
65 1 348645
32 1 348682
70 0 348764
70 1 348848
73 0 348851
73 1 348945
85 0 349004
85 1 349121
32 0 349148
32 1 349265
76 0 349313
65 0 349402
76 1 349414
32 0 349501
65 1 349517
32 1 349599
70 0 349776
70 1 349845
65 0 349953
65 1 350076
66 0 350241
66 1 350367
82 0 350408
82 1 350519
73 0 351051
73 1 351191
67 0 351320
67 1 351436
65 0 351448
65 1 351646
32 0 351914
32 1 352014
85 0 352115
85 1 352239
78 0 352294
68 0 352358
78 1 352402
69 0 352445
68 1 352507
32 0 352581
69 1 352602
32 1 352702
83 0 352774
83 1 352868
84 0 352986
84 1 353058
65 0 353157
85 0 353275
65 1 353281
85 1 353390
32 0 353432
32 1 353544
80 0 354039
65 0 354141
80 1 354167
65 1 354288
78 0 354291
65 0 354359
78 1 354393
65 1 354504
32 0 354661
32 1 354762
76 0 354894
76 1 355008
65 0 355079
65 1 355211
32 0 355351
32 1 355458
79 0 355562
79 1 355703
82 0 355717
82 1 355824
65 0 355896
32 0 356000
65 1 356014
32 1 356094
50 0 356335
50 1 356396
50 0 356716
50 1 356824
190 0 356923
190 1 357040
32 0 357159
32 1 357279
16 0 357410
16 0 357913
16 0 357944
16 0 357978
16 0 358011
83 0 358024
16 1 358127
83 1 358134
67 0 358241
67 1 358335
72 0 358389
72 1 358469
73 0 358555
73 1 358680
77 0 358797
77 1 358908
66 0 359024
66 1 359141
85 0 359168
85 1 359278
82 0 359316
82 1 359437
8 0 359754
8 1 359828
76 0 359925
76 1 360027
32 0 360048
32 1 360142
68 0 360197
69 0 360301
68 1 360372
32 0 360447
69 1 360474
32 1 360563
78 0 360897
78 1 360997
79 0 361043
65 0 361183
79 1 361190
65 1 361273
80 0 361292
80 1 361391
84 0 362034
84 1 362131
69 0 362266
69 1 362383
32 0 362486
32 1 362570
73 0 362636
73 1 362758
78 0 362854
78 1 362941
67 0 363074
69 0 363193
67 1 363223
69 1 363327
69 0 363685
69 1 363739
8 0 364365
8 1 364455
80 0 364550
69 0 364642
80 1 364667
69 1 364770
32 0 364825
32 1 364936
76 0 364987
65 0 365013
76 1 365081
65 1 365149
32 0 365180
32 1 365257
79 0 365625
79 1 365752
82 0 365759
82 1 365856
65 0 365960
65 1 366105
32 0 366160
32 1 366289
50 0 366545
50 1 366625
50 0 366667
50 1 366784
32 0 366804
32 1 366903
83 0 366954
73 0 367068
83 1 367075
32 0 367187
73 1 367195
32 1 367274
68 0 367353
68 1 367477
85 0 368284
85 1 368383
82 0 368414
82 1 368509
69 0 368609
65 0 368702
69 1 368801
65 1 368833
90 0 368913
90 1 368999
65 0 369076
65 1 369220
32 0 369329
32 1 369450
80 0 369565
65 0 369660
80 1 369694
65 1 369779
78 0 369815
65 0 369879
78 1 369905
65 1 369987
32 0 370086
32 1 370184
68 0 370355
73 0 370479
68 1 370486
73 1 370605
77 0 370650
73 0 370736
77 1 370777
73 1 370836
78 0 370873
69 0 370967
78 1 370983
65 0 371049
69 1 371110
65 1 371212
84 0 371628
84 1 371717
65 0 371793
65 1 371949
32 0 371964
76 0 372055
32 1 372061
76 1 372166
65 0 372584
65 1 372764
32 0 372916
32 1 373037
54 0 373458
54 1 373544
190 0 375940
190 1 376043
32 0 376191
32 1 376297
16 0 376441
65 0 376599
16 1 376694
65 1 376751
83 0 376822
83 1 376956
84 0 377329
84 1 377426
70 0 377996
69 0 378133
70 1 378161
76 0 378251
69 1 378257
76 1 378380
188 0 378564
188 1 378680
32 0 378744
32 1 378884
80 0 380168
80 1 380311
82 0 380390
82 1 380495
79 0 380895
79 1 381004
71 0 381250
71 1 381358
82 0 381398
82 1 381536
65 0 381886
65 1 381972
77 0 381995
77 1 382094
85 0 382130
85 1 382242
76 0 382366
76 1 382458
32 0 382532
32 1 382637
68 0 382742
69 0 382814
68 1 382885
32 0 382947
69 1 382963
32 1 383053
76 0 383057
76 1 383167
85 0 383316
85 1 383395
67 0 383423
67 1 383516
82 0 383601
82 1 383712
85 0 383724
85 1 383829
32 0 384356
32 1 384477
65 0 384514
80 0 384579
65 1 384628
80 1 384695
79 0 384749
79 1 384848
73 0 384903
73 1 385027
32 0 385054
32 1 385146
67 0 385500
69 0 385600
67 1 385643
76 0 385718
69 1 385725
76 1 385834
32 0 385863
32 1 385956
68 0 386013
69 0 386101
68 1 386169
32 0 386185
69 1 386228
32 1 386270
83 0 386370
83 1 386466
79 0 386505
79 1 386595
77 0 387113
77 1 387188
78 0 387318
78 1 387407
32 0 387489
32 1 387606
69 0 387891
69 1 387985
83 0 388082
83 1 388161
84 0 388257
84 1 388347
69 0 388456
69 1 388573
32 0 388593
32 1 388711
68 0 388957
69 0 389051
68 1 389073
69 1 389178
76 0 389251
76 1 389346
8 0 389593
8 1 389689
67 0 389694
67 1 389771
65 0 389778
65 1 389891
76 0 389915
76 1 390012
65 0 390054
65 1 390177
84 0 390429
84 1 390510
32 0 390852
32 1 390918
73 0 391094
73 1 391201
78 0 391268
32 0 391322
78 1 391348
32 1 391424
70 0 391486
73 0 391567
70 1 391578
73 1 391651
69 0 391696
69 1 391798
67 0 392113
67 1 392194
65 0 392206
65 1 392313
82 0 392363
82 1 392466
69 0 392512
32 0 392611
69 1 392660
32 1 392709
83 0 392768
65 0 392837
83 1 392894
65 1 392954
84 0 393073
84 1 393161
8 0 393402
8 1 393480
80 0 393554
84 0 393664
80 1 393684
84 1 393748
65 0 393838
65 1 393941
77 0 394080
65 0 394186
77 1 394198
65 1 394288
78 0 394294
65 0 394354
78 1 394366
65 1 394444
190 0 394742
190 1 394848
16 0 412878
83 0 413124
16 1 413244
83 1 413255
73 0 413318
73 1 413411
83 0 413759
83 1 413854
84 0 413965
84 1 414054
69 0 414143
69 1 414242
77 0 414285
77 1 414370
85 0 414438
85 1 414527
76 0 414656
76 1 414740
32 0 414787
32 1 414888
68 0 415479
69 0 415590
68 1 415647
32 0 415737
69 1 415754
32 1 415850
8 0 416319
8 1 416425
8 0 416485
8 1 416573
8 0 416656
8 1 416750
69 0 416789
69 1 416869
68 0 417123
68 1 417215
85 0 417433
85 1 417545
67 0 417677
67 1 417799
65 0 417810
65 1 417903
84 0 417997
73 0 418088
84 1 418104
73 1 418181
79 0 418236
79 1 418344
78 0 418403
65 0 418485
78 1 418494
65 1 418587
76 0 418622
76 1 418733
32 0 418790
32 1 418880
68 0 419697
73 0 419768
68 1 419812
73 1 419875
78 0 419906
32 0 419992
78 1 420003
16 0 420084
32 1 420093
82 0 420192
79 0 420306
16 1 420313
82 1 420319
79 1 420408
77 0 420478
77 1 420575
65 0 420606
65 1 420711
8 0 420928
8 1 421025
8 0 421085
8 1 421186
8 0 421226
8 1 421315
79 0 421412
79 1 421523
77 0 421593
77 1 421697
65 0 421738
65 1 421843
78 0 421850
73 0 421972
78 1 421983
73 1 422038
65 0 422050
65 1 422139
32 0 422606
32 1 422701
65 0 425633
65 1 425731
82 0 425840
82 1 425918
69 0 426005
69 1 426123
32 0 426182
32 1 426287
79 0 426430
79 1 426551
32 0 426593
32 1 426702
76 0 426759
76 1 426839
69 0 426926
69 1 427020
71 0 427117
71 1 427207
69 0 427251
69 1 427367
32 0 427674
32 1 427756
82 0 428338
82 1 428449
69 0 428542
69 1 428631
76 0 428673
76 1 428789
65 0 428793
65 1 428875
84 0 428990
84 1 429089
73 0 429392
73 1 429488
86 0 429540
86 1 429664
32 0 429909
32 1 430007
66 0 430555
73 0 430671
66 1 430679
73 1 430737
85 0 430908
85 1 430981
8 0 431176
8 1 431275
8 0 431326
8 1 431398
85 0 431518
85 1 431616
78 0 431690
78 1 431782
65 0 431823
65 1 431933
188 0 432095
188 1 432217
32 0 432258
32 1 432361
73 0 432623
73 1 432727
78 0 432821
78 1 432905
83 0 433760
65 0 433842
83 1 433913
65 1 434005
32 0 434031
32 1 434158
80 0 434355
80 1 434487
69 0 434498
69 1 434582
82 0 434673
82 1 434747
83 0 434893
79 0 434992
83 1 434999
79 1 435102
65 0 435120
65 1 435231
78 0 435567
78 1 435661
69 0 435678
69 1 435775
76 0 435807
69 0 435904
76 1 435912
69 1 435997
32 0 436048
32 1 436134
67 0 460623
67 1 460735
65 0 460760
65 1 460854
82 0 460930
82 1 461018
69 0 461112
32 0 461211
69 1 461229
32 1 461327
79 0 461399
79 1 461521
32 0 461930
32 1 462040
65 0 462180
80 0 462309
65 1 462320
80 1 462388
76 0 462502
76 1 462605
73 0 462747
73 1 462855
67 0 462877
65 0 462987
67 1 462995
65 1 463101
32 0 463726
32 1 463833
78 0 463967
85 0 464086
78 1 464138
85 1 464213
32 0 464234
32 1 464351
83 0 464358
85 0 464440
83 1 464461
85 1 464540
78 0 464570
84 0 464623
78 1 464676
84 1 464728
32 0 464857
32 1 464971
73 0 465105
73 1 465196
78 0 465548
78 1 465665
8 0 466317
8 1 466430
8 0 466470
8 1 466559
77 0 466656
69 0 466725
77 1 466751
69 1 466814
82 0 466902
82 1 466983
69 0 467048
69 1 467154
85 0 467184
85 1 467285
32 0 467335
32 1 467436
67 0 467699
69 0 467776
67 1 467848
76 0 467873
69 1 467898
69 0 467968
76 1 467981
69 1 468093
32 0 468136
32 1 468235
77 0 471702
77 1 471828
65 0 471844
73 0 471945
65 1 471974
73 1 472049
32 0 472519
32 1 472648
66 0 472913
73 0 473023
66 1 473032
73 1 473139
78 0 473219
69 0 473265
78 1 473282
69 1 473336
32 0 473579
32 1 473689
80 0 473991
80 1 474120
82 0 474133
82 1 474242
69 0 474288
69 1 474394
71 0 474551
71 1 474636
65 0 474726
65 1 474810
84 0 474894
84 1 474949
73 0 475264
73 1 475356
84 0 475393
84 1 475504
69 0 475623
69 1 475737
188 0 476227
188 1 476358
32 0 476427
32 1 476517
70 0 477046
79 0 477149
70 1 477157
65 0 477258
79 1 477276
65 1 477335
82 0 477395
82 1 477494
84 0 477562
84 1 477646
69 0 477780
69 1 477901
32 0 478003
32 1 478109
77 0 478217
77 1 478321
85 0 478418
85 1 478502
76 0 478625
76 1 478721
84 0 478728
84 1 478809
73 0 478848
73 1 478940
32 0 479015
32 1 479109
65 0 479305
65 1 479401
86 0 479525
86 1 479624
65 0 479728
65 1 479844
78 0 480097
78 1 480194
68 0 480237
68 1 480381
32 0 480430
85 0 480505
32 1 480535
85 1 480617
78 0 480661
32 0 480770
78 1 480786
32 1 480870
73 0 480887
73 1 481014
78 0 481055
78 1 481158
84 0 481418
84 1 481536
69 0 481632
69 1 481729
82 0 481782
82 1 481860
69 0 481923
69 1 482007
83 0 482109
83 1 482202
32 0 482374
32 1 482452
68 0 482533
69 0 482620
68 1 482672
69 1 482729
32 0 482768
32 1 482863
80 0 483123
80 1 483171
8 0 483483
8 1 483576
77 0 483678
79 0 483775
77 1 483813
79 1 483885
77 0 483950
77 1 484067
69 0 484082
69 1 484183
78 0 484207
78 1 484295
84 0 484311
84 1 484424
32 0 484595
32 1 484697
83 0 484705
73 0 484815
83 1 484824
73 1 484907
32 0 486207
67 0 486337
32 1 486347
65 0 486456
67 1 486474
65 1 486591
77 0 486599
77 1 486707
32 0 486737
32 1 486834
65 0 486971
65 1 487075
84 0 487182
84 1 487255
65 0 487324
65 1 487429
84 0 487469
84 1 487578
190 0 487798
190 1 487895
32 0 488188
32 1 488305
16 0 491310
73 0 491524
73 1 491622
16 1 491666
68 0 491835
68 1 491952
69 0 491968
69 1 492046
69 0 492126
69 1 492214
65 0 492302
65 1 492425
32 0 492487
32 1 492591
67 0 493289
67 1 493417
65 0 493492
65 1 493618
32 0 493749
32 1 493871
73 0 494249
73 1 494358
78 0 494422
32 0 494515
78 1 494525
32 1 494640
77 0 494651
69 0 494741
77 1 494749
69 1 494835
68 0 494924
68 1 495037
73 0 495042
73 1 495156
85 0 495234
85 1 495300
76 0 495437
76 1 495530
32 0 495549
32 1 495678
85 0 496053
85 1 496171
78 0 496282
73 0 496313
78 1 496342
73 1 496435
86 0 496593
86 1 496692
69 0 496743
69 1 496859
82 0 496958
82 1 497053
83 0 497187
83 1 497306
73 0 497318
73 1 497444
84 0 497573
84 1 497667
65 0 497742
65 1 497826
82 0 497865
82 1 497981
32 0 498854
32 1 498969
83 0 498998
65 0 499068
83 1 499143
32 0 499167
65 1 499202
32 1 499271
78 0 499340
78 1 499481
85 0 499819
85 1 499959
32 0 500048
32 1 500136
80 0 500237
80 1 500326
79 0 500398
84 0 500475
79 1 500497
84 1 500573
73 0 500599
73 1 500713
32 0 500797
32 1 500884
80 0 501329
80 1 501435
82 0 501493
82 1 501587
69 0 501663
69 1 501757
68 0 502185
65 0 502254
68 1 502310
65 1 502382
32 0 502481
32 1 502578
68 0 502712
69 0 502783
68 1 502855
69 1 502914
67 0 502956
67 1 503075
65 0 503082
65 1 503175
84 0 503264
84 1 503338
32 0 503523
32 1 503634
68 0 503725
65 0 503786
68 1 503839
65 1 503884
67 0 503923
65 0 504016
67 1 504057
32 0 504147
65 1 504153
32 1 504269
65 0 504441
65 1 504566
73 0 504583
73 1 504678
32 0 505163
32 1 505252
85 0 506846
85 1 506963
78 0 507043
78 1 507149
8 0 508322
8 1 508388
8 0 508459
8 1 508560
79 0 508686
79 1 508803
32 0 508863
32 1 508982
68 0 510184
68 1 510339
73 0 510371
73 1 510464
80 0 510641
80 1 510734
76 0 510826
76 1 510911
79 0 511000
79 1 511100
77 0 511330
65 0 511438
77 1 511448
65 1 511572
32 0 511601
32 1 511702
68 0 511713
69 0 511802
68 1 511868
32 0 511905
69 1 511948
32 1 512005
68 0 512176
79 0 512263
68 1 512297
79 1 512369
82 0 512399
82 1 512456
8 0 512869
67 0 512958
8 1 512965
67 1 513075
84 0 513198
84 1 513347
79 0 513374
79 1 513481
82 0 513563
82 1 513664
32 0 513808
32 1 513903
69 0 513942
69 1 514047
83 0 514132
83 1 514221
84 0 514312
84 1 514394
69 0 514487
69 1 514599
32 0 514619
32 1 514727
70 0 514821
70 1 514885
79 0 515367
79 1 515484
8 0 516114
8 1 516234
8 0 516294
8 1 516399
66 0 516484
85 0 516589
66 1 516595
85 1 516678
78 0 516727
65 0 516824
78 1 516833
65 1 516939
188 0 517000
188 1 517112
32 0 517147
32 1 517262
73 0 517539
73 1 517650
78 0 517703
83 0 517779
78 1 517789
65 0 517854
83 1 517929
65 1 517999
32 0 518048
32 1 518147
16 0 520470
83 0 520959
83 1 521076
16 1 521104
8 0 522129
8 1 522244
79 0 523270
65 0 523402
79 1 523414
77 0 523515
65 1 523523
77 1 523646
69 0 523651
69 1 523746
78 0 523754
78 1 523842
73 0 523846
73 1 523910
73 0 523960
73 1 524060
32 0 524113
32 1 524211
68 0 524911
73 0 524983
68 1 525043
73 1 525082
78 0 525124
32 0 525196
78 1 525222
32 1 525295
83 0 525405
73 0 525491
83 1 525502
73 1 525581
83 0 525615
83 1 525727
84 0 525858
84 1 525968
69 0 526063
69 1 526166
77 0 526239
77 1 526353
32 0 526397
32 1 526513
79 0 526537
79 1 526654
32 0 526672
32 1 526749
86 0 526967
86 1 527079
65 0 527221
65 1 527338
68 0 527395
68 1 527543
32 0 527593
32 1 527701
67 0 527910
65 0 528014
67 1 528037
32 0 528133
65 1 528163
32 1 528228
79 0 528287
32 0 528401
79 1 528421
32 1 528513
16 0 528674
222 0 528870
222 1 528987
16 1 529060
70 0 529162
70 1 529268
65 0 529275
65 1 529398
66 0 529533
66 1 529638
82 0 529733
82 1 529859
73 0 529925
73 1 530035
67 0 530145
67 1 530239
65 0 530264
32 0 530393
65 1 530400
32 1 530488
68 0 530514
69 0 530592
68 1 530649
32 0 530708
69 1 530744
32 1 530798
67 0 530922
67 1 531038
8 0 531259
8 1 531348
68 0 531363
79 0 531445
68 1 531460
79 1 531556
67 0 531568
67 1 531682
84 0 531902
84 1 531999
79 0 532015
79 1 532112
82 0 532185
82 1 532273
73 0 532349
73 1 532441
16 0 532758
222 0 532882
16 1 533000
222 1 533003
32 0 533082
32 1 533175
83 0 533291
83 1 533403
73 0 533408
73 1 533512
32 0 533528
32 1 533628
65 0 536942
65 1 537085
83 0 537142
83 1 537226
84 0 537402
84 1 537522
70 0 537805
69 0 537910
70 1 537948
69 1 538034
76 0 538040
76 1 538143
32 0 538200
32 1 538306
85 0 538470
85 1 538601
78 0 538681
73 0 538715
78 1 538764
73 1 538846
86 0 539180
86 1 539273
69 0 539335
69 1 539445
82 0 539500
82 1 539606
83 0 539775
73 0 539876
83 1 539884
73 1 539992
84 0 540022
84 1 540112
65 0 540204
65 1 540297
84 0 540360
84 1 540444
73 0 540481
73 1 540570
73 0 540599
73 1 540684
76 0 541123
76 1 541207
69 0 541244
69 1 541374
32 0 541408
32 1 541495
73 0 541538
73 1 541649
83 0 541855
83 1 541981
73 0 542135
73 1 542227
32 0 542327
32 1 542414
65 0 542462
65 1 542574
83 0 542659
83 1 542749
73 0 542787
73 1 542883
71 0 543074
71 1 543174
85 0 543185
82 0 543285
85 1 543294
82 1 543396
65 0 543507
65 1 543627
32 0 543692
32 1 543794
78 0 546044
73 0 546157
78 1 546186
73 1 546264
83 0 546303
83 1 546408
84 0 546501
84 1 546600
69 0 546675
69 1 546794
32 0 546876
32 1 546966
83 0 547518
83 1 547623
84 0 547710
84 1 547809
85 0 547813
85 1 547919
68 0 547988
69 0 548080
68 1 548136
69 1 548218
78 0 548395
78 1 548501
84 0 548536
84 1 548619
73 0 548624
73 1 548734
32 0 548907
32 1 548986
68 0 549136
79 0 549218
68 1 549260
79 1 549335
67 0 549369
67 1 549486
84 0 549696
84 1 549791
79 0 549833
79 1 549941
82 0 550171
82 1 550265
65 0 550308
78 0 550422
65 1 550431
78 1 550510
90 0 550637
73 0 550731
90 1 550740
73 1 550835
32 0 553372
32 1 553483
68 0 553915
69 0 554028
68 1 554080
32 0 554177
69 1 554184
32 1 554287
80 0 554346
69 0 554427
80 1 554448
32 0 554519
69 1 554554
32 1 554615
85 0 554642
85 1 554746
82 0 554867
82 1 554961
77 0 555031
77 1 555132
65 0 555142
32 0 555265
65 1 555272
32 1 555358
67 0 555422
67 1 555524
65 0 555535
65 1 555633
82 0 555697
82 1 555799
79 0 555806
79 1 555901
82 0 555913
82 1 556022
65 0 556359
65 1 556490
32 0 556603
32 1 556706
83 0 556937
83 1 557043
69 0 557132
32 0 557241
69 1 557276
32 1 557348
80 0 557353
82 0 557437
80 1 557467
82 1 557549
73 0 557581
73 1 557677
77 0 557745
69 0 557841
77 1 557853
69 1 557939
83 0 558038
83 1 558127
84 0 558227
84 1 558302
69 0 558375
69 1 558486
32 0 558514
32 1 558615
68 0 558704
68 1 558760
8 0 559082
8 1 559176
70 0 559192
70 1 559270
73 0 559290
73 1 559407
78 0 559516
78 1 559596
65 0 559667
65 1 559772
78 0 559777
78 1 559843
84 0 559996
84 1 560084
65 0 560170
65 1 560273
82 0 560318
82 1 560406
69 0 560468
32 0 560582
69 1 560590
32 1 560708
80 0 560769
80 1 560898
69 0 561378
69 1 561504
32 0 561565
32 1 561649
83 0 561725
83 1 561805
84 0 561895
85 0 562014
84 1 562020
85 1 562130
68 0 562169
69 0 562264
68 1 562319
69 1 562415
78 0 562462
78 1 562551
84 0 562578
84 1 562667
190 0 562762
190 1 562866
32 0 562991
32 1 563111
16 0 563307
65 0 563430
16 1 563532
65 1 563560
83 0 563661
83 1 563713
8 0 564193
8 1 564305
8 0 564371
8 1 564454
16 0 564525
76 0 564617
16 1 564732
76 1 564739
65 0 564872
65 1 565027
32 0 565056
32 1 565140
70 0 565360
70 1 565463
76 0 565575
76 1 565686
8 0 566006
8 1 566095
69 0 566099
69 1 566192
76 0 566224
76 1 566319
32 0 566381
32 1 566481
83 0 566543
73 0 566601
83 1 566636
73 1 566705
32 0 566717
32 1 566818
73 0 567168
73 1 567262
68 0 567454
68 1 567591
69 0 567621
69 1 567716
69 0 567750
69 1 567861
65 0 567922
65 1 568051
32 0 568080
32 1 568187
77 0 568407
65 0 568461
77 1 568496
65 1 568595
82 0 568766
82 1 568872
8 0 569080
83 0 569163
8 1 569193
83 1 569252
84 0 569356
84 1 569459
69 0 569543
69 1 569625
82 0 569667
82 1 569760
65 0 569880
65 1 570004
84 0 570748
84 1 570841
85 0 570961
85 1 571059
76 0 571186
76 1 571284
85 0 571371
85 1 571455
73 0 571517
73 1 571636
32 0 571762
32 1 571878
68 0 576821
73 0 576906
68 1 576968
73 1 577039
68 0 577072
68 1 577226
65 0 577242
65 1 577373
67 0 577458
67 1 577560
84 0 577667
73 0 577764
84 1 577773
73 1 577863
67 0 577970
67 1 578071
188 0 580210
32 0 580297
188 1 580304
32 1 580424
69 0 580463
69 1 580575
88 0 580795
88 1 580837
65 0 580943
65 1 581060
67 0 581818
67 1 581935
84 0 582054
84 1 582157
32 0 586056
32 1 586182
76 0 586452
65 0 586543
76 1 586578
32 0 586665
65 1 586701
32 1 586754
70 0 586808
69 0 586876
70 1 586928
69 1 587014
76 0 587029
76 1 587128
32 0 587619
32 1 587762
8 0 589417
8 1 589546
188 0 590781
188 1 590878
32 0 590941
32 1 591029
73 0 591414
73 1 591543
70 0 591563
70 1 591709
8 0 592046
68 0 592132
8 1 592139
69 0 592253
68 1 592268
69 1 592374
69 0 592428
69 1 592549
32 0 592934
32 1 593012
66 0 593237
66 1 593364
85 0 593597
85 1 593703
78 0 593770
78 1 593878
65 0 593954
65 1 594094
32 0 594455
32 1 594553
68 0 594603
65 0 594665
68 1 594737
65 1 594773
82 0 594830
82 1 594959
32 0 595057
32 1 595131
65 0 595466
65 1 595565
80 0 595646
80 1 595736
76 0 595870
76 1 595958
73 0 596077
73 1 596185
67 0 596259
65 0 596316
67 1 596348
65 1 596447
82 0 596497
82 1 596609
69 0 596683
69 1 596794
65 0 596931
65 1 597061
32 0 597611
32 1 597715
8 0 598770
8 0 599277
8 0 599307
8 0 599340
8 0 599371
8 0 599404
8 0 599436
8 0 599469
8 0 599500
8 1 599517
8 0 599673
8 1 599771
71 0 600172
71 1 600253
65 0 600302
65 1 600424
78 0 600447
78 1 600518
68 0 600612
68 1 600723
73 0 601071
73 1 601168
82 0 601337
82 1 601439
69 0 601515
65 0 601573
69 1 601637
65 1 601721
32 0 601818
32 1 601942
83 0 602364
83 1 602475
69 0 602532
32 0 602614
69 1 602659
32 1 602731
65 0 602820
65 1 602934
80 0 602973
80 1 603062
76 0 603174
76 1 603276
73 0 603350
73 1 603460
67 0 603466
65 0 603533
67 1 603549
65 1 603673
32 0 603687
32 1 603756
65 0 603784
65 1 603900
83 0 603925
65 0 603974
83 1 604059
32 0 604099
65 1 604105
32 1 604205
67 0 604291
67 1 604413
85 0 604427
85 1 604530
77 0 604649
77 1 604755
32 0 604820
32 1 604916
65 0 605015
65 1 605186
77 0 605246
77 1 605343
32 0 605387
32 1 605499
90 0 605520
73 0 605630
90 1 605660
73 1 605759
83 0 605814
83 1 605921
190 0 606002
190 1 606106
16 0 760859
80 0 761042
80 1 761151
16 1 761219
73 0 761315
73 1 761421
67 0 761603
67 1 761691
84 0 761919
84 1 762050
85 0 762294
85 1 762417
82 0 762488
82 1 762590
65 0 762665
65 1 762781
32 0 762983
32 1 763085
68 0 763389
73 0 763488
68 1 763527
73 1 763596
78 0 763637
32 0 763740
78 1 763748
32 1 763838
73 0 763852
73 1 763978
77 0 764201
77 1 764323
65 0 764369
65 1 764499
71 0 764610
73 0 764692
71 1 764707
73 1 764796
78 0 764878
69 0 764938
78 1 764958
65 0 765029
69 1 765112
65 1 765182
32 0 765211
32 1 765322
65 0 765366
65 1 765500
76 0 765770
76 1 765859
65 0 765917
65 1 766039
84 0 766169
84 1 766278
85 0 766332
85 1 766434
82 0 766474
82 1 766578
65 0 766667
65 1 766743
82 0 766899
82 1 766951
8 0 767545
8 1 767644
84 0 767648
84 1 767726
65 0 767813
65 1 767936
32 0 767971
32 1 768097
80 0 772536
80 1 772678
65 0 772744
65 1 772856
82 0 772886
82 1 772985
69 0 773077
69 1 773200
32 0 773212
32 1 773310
65 0 773340
65 1 773462
32 0 773503
32 1 773585
70 0 773697
70 1 773792
73 0 773815
73 1 773930
32 0 773979
32 1 774081
68 0 780355
69 0 780507
68 1 780546
69 1 780642
32 0 780684
32 1 780826
85 0 780886
85 1 781015
8 0 784654
8 1 784867
8 0 784986
8 1 785076
8 0 785160
8 1 785259
8 0 785362
8 1 785447
68 0 786986
73 0 787057
68 1 787115
73 1 787157
78 0 787194
32 0 787254
78 1 787295
32 1 787349
16 0 794528
86 0 794758
16 1 794842
86 1 794858
65 0 794947
65 1 795061
84 0 795155
84 1 795248
73 0 795313
67 0 795423
73 1 795433
67 1 795542
65 0 795549
65 1 795688
78 0 795776
78 1 795888
188 0 796114
188 1 796217
32 0 796299
32 1 796424
68 0 800574
65 0 800676
68 1 800719
65 1 800791
82 0 800847
82 1 800964
32 0 801036
32 1 801160
78 0 801359
85 0 801448
78 1 801518
85 1 801590
32 0 801594
32 1 801715
83 0 801788
83 1 801869
84 0 801988
84 1 802095
73 0 802108
73 1 802212
85 0 802284
85 1 802377
32 0 802420
32 1 802530
83 0 802762
65 0 802829
83 1 802950
32 0 802955
65 1 803003
32 1 803067
79 0 803074
79 1 803200
8 0 803673
8 1 803767
79 0 804279
79 1 804382
32 0 804465
76 0 804560
32 1 804571
76 1 804662
79 0 804750
67 0 804822
79 1 804844
67 1 804926
65 0 804974
65 1 805090
76 0 805465
76 1 805575
73 0 805668
73 1 805765
90 0 805932
90 1 806053
69 0 806197
69 1 806309
90 0 806386
90 1 806539
32 0 806565
32 1 806666
83 0 806768
65 0 806851
83 1 806935
65 1 806990
85 0 807059
85 1 807191
32 0 807228
32 1 807327
83 0 807444
65 0 807542
83 1 807588
32 0 807673
65 1 807694
32 1 807772
83 0 807984
80 0 808067
83 1 808076
80 1 808169
85 0 808308
85 1 808421
78 0 808511
78 1 808582
32 0 808635
32 1 808723
84 0 809159
84 1 809251
73 0 809282
73 1 809391
84 0 809554
84 1 809651
76 0 810089
76 1 810181
85 0 810327
85 1 810421
76 0 810666
76 1 810759
32 0 810929
32 1 811048
69 0 812417
73 0 812505
69 1 812563
73 1 812586
32 0 813150
32 1 813256
83 0 813429
73 0 813556
83 1 813563
32 0 813661
73 1 813667
32 1 813772
78 0 813776
73 0 813834
78 1 813868
73 1 813933
67 0 813969
73 0 814034
67 1 814049
73 1 814118
32 0 814177
32 1 814287
69 0 814657
69 1 814764
8 0 814992
67 0 815073
8 1 815081
67 1 815174
73 0 815215
73 1 815314
78 0 815426
78 1 815508
69 0 815588
69 1 815704
32 0 815812
32 1 815916
69 0 815955
69 1 816027
83 0 816137
83 1 816208
84 0 816316
84 1 816400
69 0 816475
69 1 816606
32 0 816635
32 1 816735
80 0 816864
80 1 816967
73 0 817075
73 1 817177
67 0 817233
67 1 817355
84 0 817691
84 1 817788
79 0 817808
79 1 817916
82 0 817928
82 1 818018
85 0 818067
85 1 818164
76 0 818318
76 1 818396
190 0 818531
190 1 818609
32 0 818667
32 1 818787
16 0 821841
80 0 822013
80 1 822122
16 1 822145
65 0 822278
65 1 822419
82 0 822507
82 1 822608
69 0 822679
69 1 822801
32 0 822805
65 0 822916
32 1 822925
65 1 823045
32 0 823053
32 1 823159
70 0 823233
70 1 823354
73 0 823358
32 0 823465
73 1 823472
32 1 823572
79 0 823714
79 1 823810
32 0 824010
83 0 824124
32 1 824136
83 1 824211
67 0 824263
69 0 824362
67 1 824384
69 1 824506
78 0 824713
78 1 824813
65 0 825072
65 1 825176
32 0 825256
32 1 825367
68 0 828062
68 1 828179
73 0 828186
73 1 828324
78 0 828371
78 1 828454
32 0 828563
32 1 828649
65 0 836078
65 1 836222
78 0 836250
78 1 836338
84 0 836459
84 1 836554
73 0 836574
73 1 836692
67 0 836802
67 1 836922
72 0 836935
72 1 837037
73 0 837139
73 1 837248
84 0 837512
84 1 837611
65 0 837709
65 1 837798
84 0 838104
84 1 838201
69 0 838286
69 1 838439
188 0 838533
188 1 838664
32 0 838694
32 1 838815
80 0 840086
80 1 840191
79 0 840238
65 0 840330
79 1 840368
65 1 840407
84 0 840522
84 1 840619
69 0 840723
69 1 840829
32 0 840893
32 1 841008
8 0 841616
8 1 841704
8 0 841793
8 1 841882
8 0 842096
8 1 842183
8 0 842266
8 1 842354
8 0 842434
8 1 842545
8 0 842912
8 1 843032
68 0 844627
73 0 844725
68 1 844764
73 1 844841
78 0 844923
32 0 844958
78 1 844987
32 1 845070
16 0 845110
73 0 845154
73 1 845265
16 1 845303
77 0 845387
77 1 845472
80 0 845708
69 0 845812
80 1 845820
69 1 845924
82 0 846017
73 0 846104
82 1 846112
73 1 846197
85 0 846305
85 1 846396
76 0 846606
76 1 846703
32 0 846726
32 1 846831
16 0 846920
82 0 847088
16 1 847187
82 1 847197
79 0 847245
79 1 847335
77 0 847409
77 1 847509
65 0 847528
65 1 847630
78 0 847636
78 1 847716
32 0 848558
16 0 848685
32 1 848692
57 0 848809
57 1 848911
16 1 848956
80 0 849698
80 1 849799
79 0 849881
79 1 849973
65 0 849978
65 1 850069
84 0 850156
84 1 850242
69 0 850345
69 1 850455
32 0 850477
32 1 850596
16 0 850629
69 0 850976
69 1 851095
16 1 851126
16 0 851484
8 0 851506
8 1 851598
82 0 851602
82 1 851714
16 1 851728
79 0 851746
79 1 851867
77 0 851957
77 1 852063
65 0 852085
65 1 852189
16 0 852355
48 0 852496
48 1 852607
16 1 852640
32 0 852677
32 1 852814
83 0 853083
65 0 853161
83 1 853227
85 0 853293
65 1 853300
85 1 853396
32 0 853447
32 1 853561
16 0 854030
71 0 854113
16 1 854226
71 1 854264
82 0 854391
82 1 854512
69 0 854629
69 1 854745
67 0 855027
73 0 855147
67 1 855163
73 1 855258
65 0 855265
65 1 855371
32 0 855406
32 1 855540
16 0 855560
65 0 855714
16 1 855826
65 1 855851
78 0 855880
78 1 855949
68 0 856044
68 1 856188
8 0 856741
8 1 856867
84 0 856908
73 0 857003
84 1 857014
73 1 857115
67 0 857212
67 1 857296
65 0 857664
65 1 857790
32 0 857844
16 0 857939
32 1 857957
57 0 858236
57 1 858315
16 1 858375
80 0 858482
80 1 858564
79 0 858621
65 0 858665
79 1 858728
65 1 858764
84 0 858844
84 1 858918
69 0 858993
69 1 859110
32 0 859243
32 1 859339
16 0 892225
65 0 892439
16 1 892548
65 1 892566
84 0 892735
84 1 892829
69 0 892917
69 1 893026
78 0 893113
65 0 893190
78 1 893203
65 1 893297
16 0 893659
48 0 893979
48 1 894076
16 1 894137
190 0 899915
190 1 900052
32 0 900428
32 1 900567
16 0 914601
16 1 915014
16 0 915021
16 1 915173
16 0 920837
69 0 920891
69 1 921054
16 1 921140
83 0 921260
83 1 921372
84 0 921560
84 1 921672
69 0 921761
69 1 921901
32 0 921918
32 1 922023
79 0 922049
79 1 922185
32 0 922227
83 0 922296
32 1 922336
83 1 922403
67 0 922470
69 0 922556
67 1 922586
69 1 922682
65 0 923030
65 1 923147
8 0 923655
8 1 923754
78 0 923855
65 0 923973
78 1 923980
65 1 924097
32 0 924105
32 1 924238
68 0 924523
69 0 924673
68 1 924759
32 0 924853
69 1 924864
32 1 924968
16 0 924979
65 0 925102
16 1 925218
65 1 925242
71 0 925369
71 1 925464
79 0 925506
79 1 925618
82 0 925977
82 1 926072
65 0 926112
65 1 926265
32 0 926275
32 1 926374
73 0 926426
73 1 926552
78 0 926622
32 0 926666
78 1 926706
32 1 926764
67 0 926913
67 1 927030
65 0 927046
65 1 927212
82 0 927384
82 1 927481
69 0 927553
69 1 927674
32 0 927804
32 1 927920
77 0 928767
65 0 928849
77 1 928885
65 1 928975
73 0 928984
32 0 929086
73 1 929098
32 1 929174
77 0 929197
77 1 929276
85 0 929620
85 1 929715
76 0 929817
84 0 929916
76 1 929928
84 1 930005
69 0 930479
69 1 930619
32 0 930631
32 1 930750
80 0 930898
80 1 931024
69 0 931439
69 1 931533
82 0 931628
82 1 931729
83 0 931939
83 1 932051
79 0 932088
79 1 932224
65 0 932229
65 1 932362
78 0 932619
78 1 932708
69 0 932715
69 1 932821
32 0 932874
32 1 932989
83 0 933107
83 1 933209
69 0 933293
32 0 933444
69 1 933453
32 1 933548
73 0 934674
73 1 934800
78 0 934873
78 1 934966
84 0 935039
84 1 935136
65 0 935257
65 1 935365
76 0 935452
76 1 935563
78 0 935776
78 1 935870
69 0 935886
69 1 935968
83 0 936079
83 1 936156
67 0 936213
67 1 936363
32 0 936411
32 1 936534
80 0 937072
80 1 937191
69 0 937202
69 1 937308
78 0 937340
84 0 937425
78 1 937460
84 1 937515
82 0 937584
85 0 937684
82 1 937694
32 0 937784
85 1 937797
65 0 937906
32 1 937913
32 0 938026
65 1 938038
32 1 938137
68 0 938243
73 0 938380
68 1 938389
73 1 938491
83 0 938512
83 1 938615
67 0 938714
67 1 938827
85 0 938865
85 1 938981
84 0 939029
84 1 939117
65 0 939214
65 1 939314
32 0 939732
32 1 939848
8 0 944855
8 1 944903
32 0 945602
32 1 945741
8 0 948320
8 1 948421
188 0 948589
188 1 948688
32 0 948722
80 0 948828
32 1 948852
80 1 948935
79 0 949006
79 1 949118
65 0 949136
65 1 949228
84 0 949351
84 1 949464
69 0 949541
69 1 949661
32 0 949688
65 0 949784
32 1 949809
65 1 949891
70 0 949915
65 0 950022
70 1 950038
65 1 950151
67 0 950594
67 1 950716
69 0 950930
69 1 950991
82 0 951283
73 0 951383
82 1 951391
73 1 951503
32 0 951806
32 1 951906
8 0 952554
8 1 952667
188 0 952803
188 1 952929
32 0 952987
32 1 953089
80 0 953093
80 1 953209
79 0 953258
65 0 953345
79 1 953375
65 1 953445
84 0 953545
84 1 953615
69 0 953766
69 1 953888
32 0 954818
32 1 954933
84 0 956027
84 1 956133
82 0 956273
82 1 956375
69 0 956434
69 1 956547
66 0 957100
85 0 957218
66 1 957233
85 1 957318
73 0 957426
73 1 957528
8 0 957770
82 0 957867
8 1 957876
73 0 957967
82 1 957975
73 1 958061
76 0 958184
69 0 958290
76 1 958298
69 1 958397
32 0 958469
32 1 958553
90 0 958656
73 0 958728
90 1 958786
73 1 958831
76 0 959015
76 1 959105
78 0 959403
73 0 959466
78 1 959491
73 1 959597
67 0 959686
69 0 959768
67 1 959819
69 1 959902
188 0 960029
188 1 960167
32 0 960223
32 1 960298
68 0 960444
73 0 960561
68 1 960573
73 1 960686
83 0 960774
83 1 960894
67 0 961206
67 1 961339
85 0 961356
85 1 961470
84 0 961517
84 1 961621
73 0 961698
73 1 961778
73 0 961824
73 1 961930
32 0 962249
32 1 962332
83 0 980817
83 1 980949
79 0 981072
79 1 981224
67 0 981481
73 0 981551
67 1 981570
73 1 981645
65 0 981732
65 1 981843
76 0 981856
76 1 981960
69 0 981970
69 1 982053
32 0 982202
32 1 982301
85 0 982465
85 1 982608
90 0 982650
90 1 982771
85 0 982811
85 1 982915
65 0 983291
65 1 983402
76 0 983442
76 1 983546
69 0 983558
69 1 983645
32 0 984187
32 1 984280
83 0 984629
65 0 984741
83 1 984807
85 0 984857
65 1 984893
85 1 984976
32 0 985010
32 1 985107
65 0 989678
65 1 989834
76 0 989872
76 1 989983
84 0 990700
84 1 990778
69 0 991016
69 1 991155
32 0 991442
32 1 991562
84 0 1050527
73 0 1050641
84 1 1050663
73 1 1050777
80 0 1050891
80 1 1050991
85 0 1051119
85 1 1051180
82 0 1051278
82 1 1051371
73 0 1051568
73 1 1051669
32 0 1051747
32 1 1051859
68 0 1051921
69 0 1051974
68 1 1052050
32 0 1052083
69 1 1052132
32 1 1052198
83 0 1052299
83 1 1052366
8 0 1052593
68 0 1052676
8 1 1052683
68 1 1052792
83 0 1052967
83 1 1053051
8 0 1053251
8 1 1053336
73 0 1053427
73 1 1053534
83 0 1053567
83 1 1053648
67 0 1053750
67 1 1053867
85 0 1053870
85 1 1053964
84 0 1054304
84 1 1054392
73 0 1054428
73 1 1054498
73 0 1054566
73 1 1054651
190 0 1054867
190 1 1054969
32 0 1055037
32 1 1055161
16 0 1055260
80 0 1055572
80 1 1055642
16 1 1055797
69 0 1055876
69 1 1055998
82 0 1056119
82 1 1056214
83 0 1056446
83 1 1056551
79 0 1056567
79 1 1056680
65 0 1056724
78 0 1056782
65 1 1056821
78 1 1056858
69 0 1056905
69 1 1057014
76 0 1057093
76 1 1057182
69 0 1057215
69 1 1057327
32 0 1057396
32 1 1057496
83 0 1057563
85 0 1057650
83 1 1057700
85 1 1057737
78 0 1057791
84 0 1057863
78 1 1057897
84 1 1057952
32 0 1058095
32 1 1058193
68 0 1058259
69 0 1058323
68 1 1058398
32 0 1058469
69 1 1058504
32 1 1058607
68 0 1058707
73 0 1058811
68 1 1058856
73 1 1058932
86 0 1059689
86 1 1059762
69 0 1059833
69 1 1059930
82 0 1060195
82 1 1060291
83 0 1060532
83 1 1060642
69 0 1060727
69 1 1060866
32 0 1060881
32 1 1060969
86 0 1061370
86 1 1061474
65 0 1061561
65 1 1061660
68 0 1061744
68 1 1061888
8 0 1062114
82 0 1062214
8 1 1062234
82 1 1062348
83 0 1062556
83 1 1062620
84 0 1063162
84 1 1063249
69 0 1063358
69 1 1063476
32 0 1063584
32 1 1063635
8 0 1063934
8 1 1064014
16 0 1064050
186 0 1064150
186 1 1064257
16 1 1064277
32 0 1064311
32 1 1064405
67 0 1064481
79 0 1064584
67 1 1064603
79 1 1064702
80 0 1065463
80 1 1065558
79 0 1065654
79 1 1065748
79 0 1065792
79 1 1065899
8 0 1066450
8 1 1066529
8 0 1066601
8 1 1066687
73 0 1066788
73 1 1066866
73 0 1066923
73 1 1067026
32 0 1067084
32 1 1067196
77 0 1067252
73 0 1067360
77 1 1067389
73 1 1067468
67 0 1067488
67 1 1067596
73 0 1067600
73 1 1067697
188 0 1067828
32 0 1067936
188 1 1067957
65 0 1068065
32 1 1068072
65 1 1068185
68 0 1068202
79 0 1068324
68 1 1068336
79 1 1068436
76 0 1068548
76 1 1068654
8 0 1069746
8 1 1069835
76 0 1070301
76 1 1070390
69 0 1070419
69 1 1070518
83 0 1070623
83 1 1070712
67 0 1070858
69 0 1070949
67 1 1070982
69 1 1071075
78 0 1071101
78 1 1071213
84 0 1071217
84 1 1071289
73 0 1071297
73 1 1071408
188 0 1071560
188 1 1071648
32 0 1071669
32 1 1071775
84 0 1072624
73 0 1072715
84 1 1072725
73 1 1072824
78 0 1072901
78 1 1072968
69 0 1072975
69 1 1073055
82 0 1073146
73 0 1073224
82 1 1073231
73 1 1073312
32 0 1073434
32 1 1073545
8 0 1073966
8 1 1074055
188 0 1074201
188 1 1074323
32 0 1074342
32 1 1074468
66 0 1074515
66 1 1074626
65 0 1074633
65 1 1074758
82 0 1075108
82 1 1075147
8 0 1075644
8 1 1075737
84 0 1076161
84 1 1076277
82 0 1076362
82 1 1076467
65 0 1076669
65 1 1076784
78 0 1076860
73 0 1076931
78 1 1076992
73 1 1077074
32 0 1077820
32 1 1077918
8 0 1078183
8 1 1078305
188 0 1078641
188 1 1078754
32 0 1078761
32 1 1078850
66 0 1078961
66 1 1079071
65 0 1079074
65 1 1079184
82 0 1079250
82 1 1079349
67 0 1079493
67 1 1079604
8 0 1079763
8 1 1079837
66 0 1080042
66 1 1080171
65 0 1080193
65 1 1080349
84 0 1080574
84 1 1080676
73 0 1080736
73 1 1080868
32 0 1080898
32 1 1080999
83 0 1081021
65 0 1081097
83 1 1081159
85 0 1081177
65 1 1081224
32 0 1081280
85 1 1081301
32 1 1081380
77 0 1081462
77 1 1081569
69 0 1081572
69 1 1081677
8 0 1082081
8 1 1082183
8 0 1082247
70 0 1082331
8 1 1082374
69 0 1082421
70 1 1082448
69 1 1082553
77 0 1082850
77 1 1082931
69 0 1082972
69 1 1083084
73 0 1083092
73 1 1083221
190 0 1083699
190 1 1083824
