86 0 41795
86 1 41828
82 0 41936
82 1 41943
69 0 42122
69 1 42133
77 0 42239
77 1 42253
69 0 42339
69 1 42350
65 0 42558
65 1 42573
32 0 42758
32 1 42776
65 0 43477
65 1 43499
67 0 43724
67 1 43737
85 0 43787
85 1 43793
77 0 43972
77 1 43983
32 0 44162
32 1 44184
69 0 44253
69 1 44261
83 0 44422
83 1 44429
84 0 44553
84 1 44559
69 0 44638
69 1 44644
32 0 44788
32 1 44800
82 0 88569
82 1 88591
69 0 88746
69 1 88770
67 0 88830
67 1 88840
69 0 88928
69 1 88937
188 0 95620
188 1 95637
32 0 95859
32 1 95891
80 0 96966
80 1 96986
76 0 97117
76 1 97134
79 0 97283
79 1 97293
73 0 97579
73 1 97587
79 0 97799
79 1 97816
65 0 98229
65 1 98238
83 0 98447
83 1 98455
65 0 98685
65 1 98700
190 0 99665
190 1 99688
32 0 100015
32 1 100070
78 0 101752
78 1 101781
85 0 102465
85 1 102481
32 0 102648
32 1 102667
73 0 102985
73 1 103003
77 0 103204
77 1 103220
73 0 103369
73 1 103386
32 0 103530
32 1 103543
80 0 103732
80 1 103747
76 0 103898
76 1 103909
65 0 104031
65 1 104042
67 0 104149
67 1 104163
69 0 104247
69 1 104260
32 0 104363
32 1 104376
8 0 105043
8 1 105062
188 0 105540
188 1 105561
8 0 108025
8 1 108064
32 0 108834
32 1 108872
8 0 109438
8 1 109457
8 0 112145
8 1 112167
8 0 112644
8 1 112650
8 0 112751
8 1 112757
8 0 112851
8 1 112864
8 0 112952
8 1 112970
8 0 113052
8 1 113065
8 0 113154
8 1 113168
8 0 113254
8 1 113276
8 0 113354
8 1 113377
8 0 113452
8 1 113470
8 0 113555
8 1 113577
8 0 113654
8 1 113699
90 0 118518
90 1 118567
73 0 118615
73 1 118620
76 0 118800
76 1 118814
69 0 118899
69 1 118910
76 0 118983
76 1 118991
69 0 119067
69 1 119075
32 0 119284
32 1 119303
84 0 120070
84 1 120089
82 0 120217
82 1 120232
69 0 120365
69 1 120380
67 0 120448
67 1 120455
85 0 120650
85 1 120664
84 0 120817
84 1 120831
69 0 120966
69 1 120982
32 0 121118
32 1 121136
86 0 122202
86 1 122219
82 0 122383
82 1 122402
69 0 122551
69 1 122564
77 0 122751
77 1 122766
69 0 122954
69 1 122970
65 0 123201
65 1 123218
32 0 123367
32 1 123382
65 0 123633
65 1 123653
32 0 123800
32 1 123819
68 0 124003
68 1 124029
79 0 124099
79 1 124110
83 0 124252
83 1 124267
84 0 124349
84 1 124358
32 0 124534
32 1 124554
8 0 125144
8 1 125164
8 0 125283
8 1 125292
8 0 125620
8 1 125634
8 0 125783
8 1 125795
8 0 125932
8 1 125941
70 0 126617
70 1 126639
79 0 126700
79 1 126709
83 0 126870
83 1 126885
71 0 126984
71 1 126996
8 0 131468
8 1 131491
84 0 132405
84 1 132431
32 0 132602
32 1 132620
76 0 132870
76 1 132889
65 0 133002
65 1 133013
32 0 133101
32 1 133118
70 0 133320
70 1 133352
69 0 133486
69 1 133504
76 0 133568
76 1 133577
190 0 134440
190 1 134456
32 0 136037
32 1 136085
86 0 138887
86 1 138923
82 0 139033
82 1 139043
69 0 139202
69 1 139217
77 0 139287
77 1 139296
69 0 139384
69 1 139393
65 0 139588
65 1 139600
32 0 139786
32 1 139805
80 0 140221
80 1 140248
69 0 140336
69 1 140349
82 0 140519
82 1 140537
70 0 140633
70 1 140641
69 0 140718
69 1 140725
67 0 140835
67 1 140846
84 0 140987
84 1 141001
65 0 141119
65 1 141134
32 0 141252
32 1 141269
80 0 141680
80 1 141701
69 0 141818
69 1 141830
78 0 141936
78 1 141949
84 0 142067
84 1 142076
82 0 142236
82 1 142251
85 0 142319
85 1 142327
32 0 142519
32 1 142539
77 0 142840
77 1 142860
73 0 142986
73 1 142998
78 0 143186
78 1 143205
69 0 143271
69 1 143280
32 0 143436
32 1 143454
69 0 143640
69 1 143660
83 0 143853
83 1 143872
84 0 143937
84 1 143947
69 0 144035
69 1 144044
32 0 144135
32 1 144147
67 0 144310
67 1 144342
69 0 144385
69 1 144392
65 0 144588
65 1 144607
32 0 144701
32 1 144716
80 0 144992
80 1 145012
82 0 145139
82 1 145154
73 0 145219
73 1 145227
77 0 145421
77 1 145436
65 0 145586
65 1 145602
86 0 145958
86 1 145973
69 0 146105
69 1 146124
82 0 146472
82 1 146490
69 0 146638
69 1 146647
8 0 147022
8 1 147055
65 0 147203
65 1 147211
84 0 147435
84 1 147442
85 0 147621
85 1 147635
67 0 147974
67 1 147992
65 0 148120
65 1 148134
8 0 148401
8 1 148421
8 0 148511
8 1 148522
8 0 148650
8 1 148660
73 0 149406
73 1 149424
67 0 149642
67 1 149656
65 0 149751
65 1 149757
190 0 150772
190 1 150793
32 0 151140
32 1 151191
77 0 165185
77 1 165242
65 0 165290
65 1 165301
32 0 165353
32 1 165360
84 0 165573
84 1 165591
82 0 165706
82 1 165717
69 0 165822
69 1 165834
90 0 167141
90 1 167161
69 0 167342
69 1 167360
67 0 167625
67 1 167639
32 0 167839
32 1 167859
76 0 168229
76 1 168251
65 0 168322
65 1 168332
32 0 168472
32 1 168490
55 0 169159
55 1 169181
32 0 169392
32 1 169429
68 0 169904
68 1 169931
73 0 169956
73 1 169962
77 0 170125
77 1 170139
73 0 170290
73 1 170305
78 0 170459
78 1 170480
69 0 170555
69 1 170563
65 0 170745
65 1 170760
84 0 170879
84 1 170899
65 0 170939
65 1 170947
188 0 171609
188 1 171630
32 0 171775
32 1 171810
80 0 172175
80 1 172193
82 0 172375
82 1 172394
69 0 172541
69 1 172554
80 0 172708
80 1 172722
65 0 172857
65 1 172872
82 0 173057
82 1 173069
32 0 173223
32 1 173241
67 0 173633
67 1 173667
65 0 173721
65 1 173729
70 0 173823
70 1 173831
69 0 173958
69 1 173977
65 0 174159
65 1 174178
85 0 174329
85 1 174354
65 0 174407
65 1 174415
188 0 175210
188 1 175231
32 0 175308
32 1 175338
70 0 175809
70 1 175844
85 0 175892
85 1 175905
77 0 176094
77 1 176113
69 0 176173
69 1 176181
90 0 176426
90 1 176446
32 0 176592
32 1 176611
79 0 176825
79 1 176844
32 0 177026
32 1 177042
84 0 177225
84 1 177244
73 0 177441
73 1 177453
71 0 177642
71 1 177657
65 0 177757
65 1 177770
82 0 177874
82 1 177885
65 0 177990
65 1 177997
32 0 178459
32 1 178480
83 0 178641
83 1 178660
73 0 178740
73 1 178748
32 0 178959
32 1 178973
77 0 179159
77 1 179179
65 0 179329
65 1 179358
32 0 179390
32 1 179400
71 0 179912
71 1 179950
65 0 180022
65 1 180028
78 0 180124
78 1 180132
68 0 180275
68 1 180290
69 0 180477
69 1 180496
83 0 180660
83 1 180676
67 0 180859
67 1 180873
32 0 181008
32 1 181028
76 0 181230
76 1 181249
65 0 181339
65 1 181346
32 0 181457
32 1 181478
67 0 181581
67 1 181602
69 0 181658
69 1 181665
32 0 181942
32 1 181963
65 0 182092
65 1 182114
77 0 182158
77 1 182165
32 0 182342
32 1 182363
70 0 182628
70 1 182653
8 0 183010
8 1 183049
68 0 183210
68 1 183239
69 0 183379
69 1 183398
32 0 183542
32 1 183566
70 0 184729
70 1 184762
65 0 184826
65 1 184843
67 0 184908
67 1 184915
85 0 185110
85 1 185127
71 0 185277
71 1 185288
32 0 185479
32 1 185502
73 0 185676
73 1 185696
8 0 185987
8 1 186006
8 0 186145
8 1 186161
8 0 186214
8 1 186225
84 0 186859
84 1 186877
32 0 186959
32 1 186974
73 0 187176
73 1 187193
78 0 187323
78 1 187330
32 0 187476
32 1 187493
84 0 187642
84 1 187662
73 0 187727
73 1 187737
77 0 187894
77 1 187908
80 0 188093
80 1 188108
85 0 188260
85 1 188279
76 0 188426
76 1 188441
32 0 188645
32 1 188669
90 0 189703
90 1 189740
73 0 189761
73 1 189768
76 0 189943
76 1 189959
69 0 190043
69 1 190058
73 0 190176
73 1 190189
190 0 191584
190 1 191603
32 0 196295
32 1 196332
68 0 196649
68 1 196691
65 0 196814
65 1 196833
67 0 196859
67 1 196866
65 0 196999
65 1 197017
32 0 197058
32 1 197070
77 0 197366
77 1 197389
65 0 198296
65 1 198315
32 0 198427
32 1 198447
82 0 198797
82 1 198830
65 0 199010
65 1 199025
80 0 199111
80 1 199124
79 0 199277
79 1 199291
82 0 199531
82 1 199550
84 0 199662
84 1 199675
69 0 199810
69 1 199824
90 0 200050
90 1 200069
32 0 200211
32 1 200229
76 0 200437
76 1 200472
65 0 200511
65 1 200520
32 0 200608
32 1 200623
79 0 200799
79 1 200824
32 0 201029
32 1 201052
90 0 201318
90 1 201345
73 0 201428
73 1 201437
32 0 201643
32 1 201665
80 0 202136
80 1 202162
69 0 202277
69 1 202293
82 0 202463
82 1 202478
67 0 202629
67 1 202645
8 0 203513
8 1 203532
70 0 204349
70 1 204367
69 0 204476
69 1 204485
67 0 204578
67 1 204591
84 0 204755
84 1 204782
65 0 204812
65 1 204820
32 0 204927
32 1 204944
80 0 205217
80 1 205245
69 0 205411
69 1 205426
32 0 205529
32 1 205550
76 0 206314
76 1 206339
8 0 206424
8 1 206442
8 0 206570
8 1 206582
8 0 206703
8 1 206717
8 0 206877
8 1 206895
8 0 207003
8 1 207014
32 0 207580
32 1 207603
8 0 208004
8 1 208020
8 0 208108
8 1 208117
8 0 208272
8 1 208278
8 0 208385
8 1 208399
8 0 208719
8 1 208731
8 0 208864
8 1 208876
8 0 209009
8 1 209019
8 0 209390
8 1 209421
8 0 209742
8 1 209759
73 0 210330
73 1 210352
68 0 210495
68 1 210512
69 0 210664
69 1 210678
65 0 210866
65 1 210882
76 0 210961
76 1 210970
65 0 211079
65 1 211092
32 0 211212
32 1 211239
80 0 211448
80 1 211481
69 0 211544
69 1 211552
32 0 211679
32 1 211698
84 0 212053
84 1 212078
82 0 212161
82 1 212171
85 0 212346
85 1 212359
32 0 212565
32 1 212589
77 0 212793
77 1 212817
8 0 213087
8 1 213107
8 0 213228
8 1 213244
8 0 213359
8 1 213367
8 0 213460
8 1 213491
8 0 213929
8 1 213953
8 0 214425
8 1 214452
78 0 215063
78 1 215070
84 0 215265
84 1 215279
82 0 215398
82 1 215409
85 0 215599
85 1 215617
32 0 215780
32 1 215803
77 0 215981
77 1 216002
73 0 216147
73 1 216163
78 0 216314
78 1 216329
69 0 216429
69 1 216441
32 0 216547
32 1 216564
8 0 217009
8 1 217036
188 0 217632
188 1 217652
32 0 217745
32 1 217777
65 0 217980
65 1 218001
84 0 218180
84 1 218192
85 0 218365
85 1 218379
78 0 219231
78 1 219252
67 0 219381
67 1 219397
73 0 219462
73 1 219468
32 0 219715
32 1 219736
80 0 220736
80 1 220765
82 0 220879
82 1 220887
79 0 220947
79 1 220955
66 0 221199
66 1 221219
65 0 221349
65 1 221369
66 0 222132
66 1 222148
73 0 222465
73 1 222480
76 0 222633
76 1 222648
32 0 224734
32 1 224759
79 0 225016
79 1 225044
32 0 225285
32 1 225305
83 0 225483
83 1 225505
65 0 225699
65 1 225719
32 0 225831
32 1 225855
77 0 226032
77 1 226054
65 0 226131
65 1 226140
32 0 226215
32 1 226229
80 0 226501
80 1 226527
76 0 226664
76 1 226681
73 0 226832
73 1 226846
77 0 227000
77 1 227016
66 0 227184
66 1 227195
32 0 227348
32 1 227371
79 0 227572
79 1 227598
32 0 227766
32 1 227790
79 0 228153
79 1 228184
82 0 228265
82 1 228278
65 0 228501
65 1 228522
32 0 228647
32 1 228672
83 0 228747
83 1 228767
65 0 228915
65 1 228930
72 0 229015
72 1 229024
32 0 229199
32 1 229223
68 0 229398
68 1 229426
8 0 229678
8 1 229702
8 0 229826
8 1 229840
8 0 229963
8 1 229972
85 0 230463
85 1 230473
32 0 230682
32 1 230700
68 0 230797
68 1 230812
65 0 231022
65 1 231040
8 0 231395
8 1 231427
79 0 231669
79 1 231688
85 0 231833
85 1 231844
65 0 231981
65 1 231993
32 0 232115
32 1 232141
83 0 232266
83 1 232289
73 0 232348
73 1 232355
78 0 232501
78 1 232514
71 0 232733
71 1 232748
85 0 232900
85 1 232915
82 0 233099
82 1 233112
65 0 233265
65 1 233281
32 0 233380
32 1 233394
83 0 233531
83 1 233547
65 0 233699
65 1 233711
85 0 233784
85 1 233798
32 0 233966
32 1 233985
67 0 234167
67 1 234195
85 0 234264
85 1 234273
32 0 234452
32 1 234471
77 0 234669
77 1 234691
65 0 234781
65 1 234789
77 0 234907
77 1 234927
65 0 234982
65 1 234991
190 0 235710
190 1 235731
32 0 235816
32 1 235861
78 0 236255
78 1 236293
85 0 236433
85 1 236446
32 0 236633
32 1 236653
84 0 236838
84 1 236867
73 0 236950
73 1 236962
78 0 237133
78 1 237151
32 0 237285
32 1 237311
83 0 237884
83 1 237915
65 0 238081
65 1 238089
32 0 238215
32 1 238236
77 0 238405
77 1 238434
65 0 238466
65 1 238473
78 0 238581
78 1 238589
73 0 238766
73 1 238782
66 0 238931
66 1 238941
84 0 239099
84 1 239110
8 0 239982
8 1 239990
8 0 240141
8 1 240154
8 0 240644
8 1 240666
8 0 240744
8 1 240761
8 0 240848
8 1 240872
8 0 240945
8 1 240970
8 0 241048
8 1 241061
8 0 241150
8 1 241172
8 0 241245
8 1 241271
8 0 241346
8 1 241360
8 0 241448
8 1 241461
8 0 241544
8 1 241572
8 0 241646
8 1 241674
8 0 241749
8 1 241764
8 0 241849
8 1 241866
8 0 242227
8 1 242264
68 0 244202
68 1 244244
85 0 244331
85 1 244337
80 0 244519
80 1 244533
65 0 244650
65 1 244666
32 0 244767
32 1 244789
80 0 246191
80 1 246219
76 0 246351
76 1 246363
73 0 246518
73 1 246532
77 0 246684
77 1 246698
66 0 246883
66 1 246897
65 0 247067
65 1 247084
82 0 247200
82 1 247211
69 0 247350
69 1 247358
32 0 247552
32 1 247581
79 0 248303
79 1 248322
32 0 248590
32 1 248625
83 0 248684
83 1 248698
65 0 248885
65 1 248904
32 0 249052
32 1 249075
67 0 249241
67 1 249273
73 0 249286
73 1 249292
84 0 249519
84 1 249532
69 0 249634
69 1 249646
83 0 249837
83 1 249856
67 0 250053
67 1 250068
32 0 250271
32 1 250300
67 0 250536
67 1 250565
69 0 250649
69 1 250658
86 0 250733
86 1 250740
65 0 250934
65 1 250950
32 0 251084
32 1 251106
83 0 251833
83 1 251851
73 0 251950
73 1 251958
32 0 252168
32 1 252192
8 0 253064
8 1 253093
8 0 253233
8 1 253249
8 0 253357
8 1 253366
8 0 253513
8 1 253524
8 0 253626
8 1 253636
8 0 253767
8 1 253780
8 0 254078
8 1 254095
8 0 254217
8 1 254235
8 0 254366
8 1 254377
8 0 254500
8 1 254509
8 0 254648
8 1 254658
8 0 254763
8 1 254770
8 0 254946
8 1 254956
8 0 255132
8 1 255155
8 0 255513
8 1 255540
73 0 256024
73 1 256050
77 0 256204
77 1 256219
73 0 256353
73 1 256367
32 0 256536
32 1 256558
65 0 256686
65 1 256707
76 0 256783
76 1 256790
69 0 256950
69 1 256959
71 0 257070
71 1 257084
32 0 257238
32 1 257254
79 0 257811
79 1 257840
32 0 258036
32 1 258060
67 0 258780
67 1 258817
65 0 258851
65 1 258857
82 0 258967
82 1 258974
84 0 259105
84 1 259121
69 0 259204
69 1 259219
32 0 259385
32 1 259408
83 0 259484
83 1 259500
65 0 259689
65 1 259704
32 0 259837
32 1 259863
67 0 260187
67 1 260209
73 0 260421
73 1 260438
84 0 260772
84 1 260787
69 0 260921
69 1 260939
83 0 261138
83 1 261157
67 0 261371
67 1 261389
32 0 261521
32 1 261541
8 0 261865
8 1 261887
188 0 262406
188 1 262428
32 0 262570
32 1 262606
73 0 262989
73 1 263008
65 0 263103
65 1 263115
82 0 263203
82 1 263217
32 0 263452
32 1 263475
80 0 263690
80 1 263715
69 0 264058
69 1 264073
32 0 264172
32 1 264195
83 0 264473
83 1 264499
69 0 264637
69 1 264652
65 0 264837
65 1 264851
82 0 264969
82 1 264980
65 0 265085
65 1 265094
32 0 265187
32 1 265204
79 0 265423
79 1 265449
32 0 265632
32 1 265672
83 0 265717
83 1 265726
65 0 265886
65 1 265894
32 0 266020
32 1 266045
65 0 266119
65 1 266134
78 0 266239
78 1 266255
65 0 266302
65 1 266311
76 0 266553
76 1 266562
73 0 266721
73 1 266740
90 0 266835
90 1 266844
69 0 267007
69 1 267022
90 0 267287
90 1 267304
32 0 267403
32 1 267418
67 0 267638
67 1 267660
69 0 267770
69 1 267781
32 0 267869
32 1 267890
65 0 268020
65 1 268038
77 0 268120
77 1 268133
32 0 268287
32 1 268310
67 0 268452
67 1 268465
73 0 268554
73 1 268563
84 0 268794
84 1 268807
73 0 268988
73 1 269004
84 0 269156
84 1 269169
32 0 269388
32 1 269414
83 0 269625
83 1 269656
73 0 269769
73 1 269776
32 0 269972
32 1 269992
80 0 270760
80 1 270785
8 0 271396
8 1 271424
80 0 273655
80 1 273675
82 0 273806
82 1 273818
79 0 273840
79 1 273846
66 0 274105
66 1 274119
8 0 274517
8 1 274538
8 0 274676
8 1 274690
8 0 274807
8 1 274825
8 0 275230
8 1 275257
79 0 275841
79 1 275870
32 0 276059
32 1 276086
83 0 276153
83 1 276169
65 0 276340
65 1 276355
32 0 276473
32 1 276496
78 0 276639
78 1 276661
79 0 276822
79 1 276836
84 0 277111
84 1 277130
69 0 277424
69 1 277440
90 0 277707
90 1 277727
32 0 277838
32 1 277859
73 0 278043
73 1 278074
68 0 278187
68 1 278195
69 0 278373
69 1 278386
73 0 278506
73 1 278521
76 0 278690
76 1 278703
69 0 278839
69 1 278854
32 0 278937
32 1 278956
67 0 279359
67 1 279389
69 0 279488
69 1 279500
76 0 279643
76 1 279667
69 0 279688
69 1 279695
32 0 279873
32 1 279895
77 0 280062
77 1 280091
65 0 280153
65 1 280159
73 0 280222
73 1 280229
32 0 280423
32 1 280447
82 0 281343
82 1 281372
69 0 281506
69 1 281518
76 0 281639
76 1 281652
69 0 282080
69 1 282095
8 0 282916
8 1 282930
8 0 283071
8 1 283081
8 0 283220
8 1 283235
8 0 283331
8 1 283345
8 0 283501
8 1 283521
8 0 284005
8 1 284024
8 0 284107
8 1 284128
8 0 284204
8 1 284226
8 0 284304
8 1 284313
8 0 284407
8 1 284425
8 0 284504
8 1 284509
8 0 284605
8 1 284631
8 0 284705
8 1 284731
8 0 284805
8 1 284818
8 0 284907
8 1 284925
8 0 285007
8 1 285025
8 0 285107
8 1 285125
8 0 285209
8 1 285226
8 0 285446
8 1 285467
8 0 286698
8 1 286719
79 0 289357
79 1 289379
80 0 289557
80 1 289572
73 0 290061
73 1 290076
78 0 290261
78 1 290279
73 0 290425
73 1 290439
65 0 290609
65 1 290637
32 0 290707
32 1 290724
77 0 290891
77 1 290913
69 0 290990
69 1 290998
65 0 291193
65 1 291210
32 0 291340
32 1 291363
67 0 291580
67 1 291611
85 0 291657
85 1 291665
32 0 291857
32 1 291878
80 0 292227
80 1 292257
82 0 292379
82 1 292408
73 0 292423
73 1 292429
86 0 292674
86 1 292684
73 0 292841
73 1 292854
82 0 293038
82 1 293043
69 0 293223
69 1 293235
32 0 293423
32 1 293446
76 0 293625
76 1 293657
65 0 293722
65 1 293728
32 0 293839
32 1 293856
67 0 294098
67 1 294128
69 0 294259
69 1 294272
32 0 294392
32 1 294413
65 0 294557
65 1 294577
77 0 294640
77 1 294649
32 0 294808
32 1 294828
67 0 295061
67 1 295089
73 0 295276
73 1 295291
84 0 295476
84 1 295493
73 0 295728
73 1 295747
84 0 295874
84 1 295880
190 0 298244
190 1 298265
32 0 298341
32 1 298373
73 0 299672
73 1 299714
78 0 299857
78 1 299868
32 0 300025
32 1 300043
80 0 300744
80 1 300767
65 0 300891
65 1 300906
73 0 301010
73 1 301023
90 0 301207
90 1 301221
69 0 301412
69 1 301426
8 0 301758
8 1 301783
8 0 301888
8 1 301896
8 0 301986
8 1 301996
85 0 302427
85 1 302442
90 0 302593
90 1 302611
69 0 302776
69 1 302796
76 0 302859
76 1 302867
69 0 302990
69 1 302999
32 0 303108
32 1 303134
68 0 303243
68 1 303264
69 0 303426
69 1 303442
32 0 303524
32 1 303540
76 0 303743
76 1 303776
65 0 303825
65 1 303832
32 0 303940
32 1 303958
67 0 304108
67 1 304137
73 0 304175
73 1 304182
84 0 304399
84 1 304423
73 0 304442
73 1 304449
84 0 304576
84 1 304585
32 0 304876
32 1 304902
79 0 305162
79 1 305190
32 0 305446
32 1 305472
83 0 305661
83 1 305687
65 0 305844
65 1 305860
32 0 305992
32 1 306012
8 0 307235
8 1 307261
32 0 308099
32 1 308119
65 0 308551
65 1 308581
83 0 309109
83 1 309127
67 0 309484
67 1 309501
85 0 309613
85 1 309631
76 0 309795
76 1 309811
84 0 310030
84 1 310048
32 0 310261
32 1 310285
77 0 310512
77 1 310534
85 0 310709
85 1 310723
90 0 310878
90 1 310898
73 0 311027
73 1 311043
67 0 311179
67 1 311199
65 0 311429
65 1 311444
32 0 311510
32 1 311526
83 0 312396
83 1 312433
73 0 312508
73 1 312515
32 0 312761
32 1 312792
67 0 316830
67 1 316851
65 0 316976
65 1 316986
77 0 317127
77 1 317140
32 0 317311
32 1 317331
65 0 318063
65 1 318093
83 0 318247
83 1 318263
65 0 318429
65 1 318449
32 0 318528
32 1 318550
69 0 318728
69 1 318752
83 0 318947
83 1 318963
84 0 319061
84 1 319073
69 0 319146
69 1 319161
32 0 319276
32 1 319295
79 0 319496
79 1 319517
32 0 320244
32 1 320274
90 0 320666
90 1 320700
73 0 320761
73 1 320768
32 0 320978
32 1 321005
73 0 321550
73 1 321587
68 0 321711
68 1 321725
69 0 321894
69 1 321911
65 0 322082
65 1 322097
76 0 322193
76 1 322203
65 0 322294
65 1 322304
32 0 322394
32 1 322414
80 0 322632
80 1 322661
69 0 322760
69 1 322771
78 0 322861
78 1 322870
84 0 322994
84 1 323004
82 0 323162
82 1 323173
72 0 323296
72 1 323310
32 0 323495
32 1 323525
77 0 323696
77 1 323722
8 0 324017
8 1 324045
8 0 324160
8 1 324178
8 0 324288
8 1 324297
8 0 324390
8 1 324426
82 0 325564
82 1 325582
85 0 325677
85 1 325682
32 0 325863
32 1 325886
77 0 326067
77 1 326093
73 0 326229
73 1 326246
78 0 326389
78 1 326418
69 0 326462
69 1 326468
190 0 327302
190 1 327324
78 0 356903
78 1 356935
85 0 357032
85 1 357040
32 0 357216
32 1 357228
69 0 357350
69 1 357363
88 0 357666
88 1 357683
73 0 357800
73 1 357816
83 0 357934
83 1 357947
84 0 358032
84 1 358038
65 0 358405
65 1 358421
32 0 358533
32 1 358549
85 0 358768
85 1 358789
78 0 358951
78 1 358966
32 0 359100
32 1 359119
83 0 359355
83 1 359378
73 0 359466
73 1 359478
83 0 359583
83 1 359592
71 0 359733
71 1 359749
69 0 359818
69 1 359828
77 0 359965
77 1 359971
32 0 360149
32 1 360162
8 0 360416
8 1 360437
8 0 360546
8 1 360554
8 0 360691
8 1 360698
8 0 360771
8 1 360777
84 0 361371
84 1 361387
69 0 361485
69 1 361498
77 0 361617
77 1 361631
32 0 361769
32 1 361785
69 0 361901
69 1 361916
68 0 362084
68 1 362095
85 0 362185
85 1 362200
67 0 362350
67 1 362365
65 0 362604
65 1 362620
84 0 362734
84 1 362745
73 0 364094
73 1 364111
79 0 364253
79 1 364271
78 0 364440
78 1 364464
65 0 364532
65 1 364539
76 0 364618
76 1 364627
32 0 364802
32 1 364819
80 0 365035
80 1 365056
69 0 365167
69 1 365182
82 0 365336
82 1 365351
70 0 365553
70 1 365575
69 0 365634
69 1 365644
67 0 365784
67 1 365801
84 0 365935
84 1 365950
190 0 367021
190 1 367043
32 0 367135
32 1 367177
73 0 367617
73 1 367646
78 0 367785
78 1 367801
32 0 367951
32 1 367966
84 0 368169
84 1 368186
79 0 368488
79 1 368503
65 0 368720
65 1 368734
84 0 368869
84 1 368883
69 0 369422
69 1 369440
32 0 369584
32 1 369605
83 0 369771
83 1 369793
84 0 369920
84 1 369937
65 0 370002
65 1 370011
84 0 370438
84 1 370458
69 0 370552
69 1 370563
76 0 370701
76 1 370713
69 0 370767
69 1 370773
32 0 370919
32 1 370933
76 0 371136
76 1 371159
85 0 371302
85 1 371316
77 0 371501
77 1 371516
73 0 371722
73 1 371742
73 0 371851
73 1 371863
32 0 372070
32 1 372090
83 0 372987
83 1 373010
73 0 373102
73 1 373113
71 0 373303
71 1 373316
73 0 373471
73 1 373491
82 0 373551
82 1 373560
32 0 373720
32 1 373740
8 0 374147
8 1 374187
8 0 374281
8 1 374290
8 0 374436
8 1 374441
8 0 374541
8 1 374548
8 0 374701
8 1 374724
8 0 374824
8 1 374835
69 0 375588
69 1 375606
88 0 375888
88 1 375904
73 0 376092
73 1 376110
83 0 376202
83 1 376215
84 0 376351
84 1 376357
65 0 376449
65 1 376455
32 0 376550
32 1 376560
65 0 377160
65 1 377182
83 0 377338
83 1 377351
80 0 377468
80 1 377478
69 0 377586
69 1 377594
67 0 377837
67 1 377851
84 0 378020
84 1 378037
69 0 378172
69 1 378190
32 0 378303
32 1 378322
67 0 378697
67 1 378730
65 0 378753
65 1 378760
82 0 378903
82 1 378915
69 0 379054
69 1 379074
32 0 379171
32 1 379190
84 0 379371
84 1 379389
82 0 379504
82 1 379518
69 0 379619
69 1 379635
66 0 379735
66 1 379750
85 0 379904
85 1 379921
73 0 380054
73 1 380068
69 0 380168
69 1 380177
32 0 380304
32 1 380322
77 0 380655
77 1 380675
79 0 380822
79 1 380842
68 0 380934
68 1 380943
73 0 381053
73 1 381069
70 0 381205
70 1 381226
73 0 381337
73 1 381351
67 0 381487
67 1 381500
65 0 381709
65 1 381728
84 0 381837
84 1 381851
69 0 382050
69 1 382061
32 0 382303
32 1 382321
73 0 382570
73 1 382592
78 0 382720
78 1 382735
32 0 382855
32 1 382874
83 0 383524
83 1 383545
73 0 383638
73 1 383654
83 0 383786
83 1 383806
84 0 383886
84 1 383895
69 0 384039
69 1 384056
77 0 384275
77 1 384292
190 0 385160
190 1 385182
32 0 385321
32 1 385361
83 0 386908
83 1 386950
73 0 387035
73 1 387042
83 0 387169
83 1 387181
84 0 387321
84 1 387337
69 0 387452
69 1 387461
77 0 387553
77 1 387564
85 0 387737
85 1 387750
76 0 387921
76 1 387932
32 0 388090
32 1 388107
82 0 388344
82 1 388365
79 0 388638
79 1 388652
77 0 388825
77 1 388843
65 0 389590
65 1 389610
78 0 389723
78 1 389730
69 0 389889
69 1 389902
83 0 390106
83 1 390126
67 0 390395
67 1 390416
32 0 390610
32 1 390624
86 0 394156
86 1 394176
8 0 394728
8 1 394749
32 0 395174
32 1 395192
8 0 396459
8 1 396502
8 0 396951
8 1 396962
8 0 397065
8 1 397078
8 0 397165
8 1 397181
8 0 397266
8 1 397289
8 0 397362
8 1 397365
8 0 397463
8 1 397468
8 0 397562
8 1 397567
8 0 397662
8 1 397674
8 0 397763
8 1 397777
8 0 397863
8 1 397876
8 0 397966
8 1 397984
8 0 398066
8 1 398084
8 0 398166
8 1 398179
8 0 398266
8 1 398279
8 0 398366
8 1 398381
8 0 398542
8 1 398560
8 0 398686
8 1 398697
8 0 399004
8 1 399031
32 0 399522
32 1 399542
73 0 399774
73 1 399811
78 0 399942
78 1 399954
32 0 400107
32 1 400125
82 0 400272
82 1 400294
79 0 400357
79 1 400366
77 0 400523
77 1 400536
65 0 400673
65 1 400686
8 0 400978
8 1 400993
8 0 401140
8 1 401155
8 0 401249
8 1 401264
8 0 401374
8 1 401389
16 0 401881
82 0 402334
82 1 402370
16 1 402374
79 0 402454
79 1 402462
77 0 402708
77 1 402737
65 0 402806
65 1 402815
78 0 402973
78 1 402986
73 0 403142
73 1 403158
65 0 403273
65 1 403287
32 0 403391
32 1 403408
84 0 407073
84 1 407082
82 0 407207
82 1 407217
69 0 407356
69 1 407368
66 0 407490
66 1 407503
85 0 407657
85 1 407669
73 0 407776
73 1 407792
69 0 407892
69 1 407906
32 0 408023
32 1 408039
83 0 408157
83 1 408173
65 0 408358
65 1 408372
32 0 408558
32 1 408579
69 0 409907
69 1 409930
88 0 410157
88 1 410172
73 0 410514
73 1 410532
83 0 410692
83 1 410710
84 0 410790
84 1 410801
69 0 410907
69 1 410921
32 0 411024
32 1 411042
79 0 411228
79 1 411252
32 0 411440
32 1 411459
86 0 411612
86 1 411632
69 0 411689
69 1 411697
82 0 411874
82 1 411888
73 0 411958
73 1 411966
70 0 412123
70 1 412136
73 0 412209
73 1 412219
67 0 412359
67 1 412373
65 0 412710
65 1 412730
84 0 412858
84 1 412870
69 0 412974
69 1 412994
32 0 413073
32 1 413085
77 0 413292
77 1 413312
65 0 413471
65 1 413477
8 0 413785
8 1 413808
8 0 413941
8 1 413956
8 0 414074
8 1 414092
8 0 414201
8 1 414209
82 0 414600
82 1 414626
8 0 414699
8 1 414708
8 0 414877
8 1 414889
82 0 415041
82 1 415060
69 0 415225
69 1 415235
32 0 415643
32 1 415665
77 0 415865
77 1 415894
65 0 415907
65 1 415915
73 0 416022
73 1 416028
32 0 416197
32 1 416217
83 0 416289
83 1 416297
69 0 416493
69 1 416510
82 0 416709
82 1 416723
8 0 417239
8 1 417264
66 0 417696
66 1 417713
69 0 417859
69 1 417873
8 0 418369
8 1 418391
8 0 418509
8 1 418522
86 0 420059
86 1 420077
69 0 420191
69 1 420202
82 0 420527
82 1 420547
65 0 420746
65 1 420762
32 0 420892
32 1 420909
67 0 421131
67 1 421155
72 0 421191
72 1 421199
32 0 421379
32 1 421404
80 0 421615
80 1 421637
8 0 421885
8 1 421904
8 0 422024
8 1 422039
8 0 422134
8 1 422149
85 0 422578
85 1 422594
32 0 422759
32 1 422777
80 0 422976
80 1 422989
82 0 423109
82 1 423123
73 0 423209
73 1 423222
86 0 423444
86 1 423457
69 0 423576
69 1 423593
82 0 423761
82 1 423778
69 0 423927
69 1 423944
32 0 424109
32 1 424136
76 0 424344
76 1 424363
65 0 424476
65 1 424491
32 0 424575
32 1 424589
80 0 425096
80 1 425117
82 0 425234
82 1 425251
79 0 425292
79 1 425299
70 0 425509
70 1 425527
69 0 425761
69 1 425781
83 0 425945
83 1 425959
79 0 426099
79 1 426108
82 0 426312
82 1 426330
73 0 426427
73 1 426437
73 0 426562
73 1 426579
32 0 426827
32 1 426850
67 0 427215
67 1 427237
8 0 429068
8 1 429087
8 0 429570
8 1 429591
8 0 429697
8 1 429712
8 0 429792
8 1 429805
8 0 429895
8 1 429916
8 0 429997
8 1 430011
8 0 430094
8 1 430110
8 0 430195
8 1 430216
8 0 430295
8 1 430315
8 0 430395
8 1 430409
8 0 430501
8 1 430520
8 0 430593
8 1 430615
8 0 430695
8 1 430710
8 0 430795
8 1 430823
8 0 430895
8 1 430916
8 0 430995
8 1 431007
8 0 431099
8 1 431118
8 0 431354
8 1 431367
8 0 431585
8 1 431599
73 0 432132
73 1 432151
82 0 432361
82 1 432374
69 0 432534
69 1 432564
32 0 432611
32 1 432623
76 0 432811
76 1 432828
65 0 432925
65 1 432934
32 0 433011
32 1 433023
80 0 433263
80 1 433281
82 0 433442
82 1 433450
79 0 433526
79 1 433534
70 0 434014
70 1 434032
69 0 434145
69 1 434162
83 0 434349
83 1 434369
79 0 434578
79 1 434592
82 0 434763
82 1 434781
73 0 434876
73 1 434885
73 0 434995
73 1 435010
32 0 435229
32 1 435251
67 0 436315
67 1 436342
65 0 436396
65 1 436406
82 0 436545
82 1 436559
69 0 436697
69 1 436713
32 0 436811
32 1 436827
80 0 437045
80 1 437065
82 0 437162
82 1 437175
69 0 437331
69 1 437349
68 0 437880
68 1 437900
65 0 438063
65 1 438078
85 0 438161
85 1 438172
32 0 438344
32 1 438366
73 0 438662
73 1 438679
78 0 438829
78 1 438843
32 0 438995
32 1 439012
83 0 439313
83 1 439334
67 0 439632
67 1 439650
79 0 439794
79 1 439811
76 0 439964
76 1 439979
79 0 440129
79 1 440138
8 0 441087
8 1 441107
73 0 441717
73 1 441733
67 0 442882
67 1 442900
8 0 443356
8 1 443387
188 0 443899
188 1 443921
32 0 444061
32 1 444085
83 0 444497
83 1 444520
65 0 444680
65 1 444699
32 0 444794
32 1 444808
70 0 444930
70 1 444945
73 0 445014
73 1 445022
69 0 445162
69 1 445173
32 0 445278
32 1 445292
67 0 445763
67 1 445783
65 0 445845
65 1 445853
68 0 446063
68 1 446077
82 0 446213
82 1 446225
69 0 446346
69 1 446360
32 0 446579
32 1 446596
68 0 446970
68 1 446993
73 0 447078
73 1 447086
70 0 447298
70 1 447318
65 0 447496
65 1 447511
67 0 447763
67 1 447781
84 0 447983
84 1 448003
73 0 448198
73 1 448212
67 0 448427
67 1 448433
69 0 448527
69 1 448534
32 0 448630
32 1 448646
67 0 448922
67 1 448953
79 0 448978
79 1 448985
77 0 449162
77 1 449175
80 0 449348
80 1 449361
69 0 449478
69 1 449491
84 0 449680
84 1 449695
8 0 451457
8 1 451478
8 0 451592
8 1 451601
8 0 451703
8 1 451716
8 0 451841
8 1 451850
8 0 451971
8 1 451986
8 0 452237
8 1 452256
8 0 452395
8 1 452424
8 0 452527
8 1 452541
8 0 452673
8 1 452678
8 0 453255
8 1 453267
8 0 453401
8 1 453415
8 0 453677
8 1 453691
8 0 453978
8 1 453996
8 0 454127
8 1 454137
68 0 455685
68 1 455704
65 0 455814
65 1 455828
67 0 455900
67 1 455911
84 0 456082
84 1 456095
73 0 456301
73 1 456319
67 0 456834
67 1 456851
69 0 456931
69 1 456942
32 0 457046
32 1 457060
67 0 457295
67 1 457304
79 0 457381
79 1 457391
77 0 457564
77 1 457578
80 0 457767
80 1 457787
69 0 457897
69 1 457913
84 0 458232
84 1 458245
69 0 458347
69 1 458360
78 0 458463
78 1 458475
84 0 458652
84 1 458671
69 0 458797
69 1 458809
32 0 458916
32 1 458935
67 0 459182
67 1 459199
65 0 459265
65 1 459273
82 0 459364
82 1 459377
69 0 459515
69 1 459531
32 0 459614
32 1 459632
83 0 459966
83 1 459993
65 0 460165
65 1 460181
32 0 460265
32 1 460283
80 0 460565
80 1 460586
76 0 460766
76 1 460783
8 0 461243
8 1 461272
79 0 462482
79 1 462499
65 0 462616
65 1 462631
84 0 462816
84 1 462833
65 0 463099
65 1 463113
32 0 463246
32 1 463264
71 0 463468
71 1 463494
72 0 463632
72 1 463647
73 0 463784
73 1 463797
68 0 463965
68 1 463981
65 0 464150
65 1 464166
32 0 464316
32 1 464339
8 0 465408
8 1 465426
8 0 466147
8 1 466164
8 0 466297
8 1 466306
8 0 466450
8 1 466464
8 0 466593
8 1 466604
8 0 466711
8 1 466723
8 0 466841
8 1 466851
8 0 466994
8 1 467013
8 0 467138
8 1 467146
8 0 467289
8 1 467298
8 0 467443
8 1 467456
8 0 467750
8 1 467765
32 0 468483
32 1 468499
70 0 468836
70 1 468856
73 0 468955
73 1 468969
69 0 469100
69 1 469116
32 0 469215
32 1 469239
67 0 469418
67 1 469440
65 0 469534
65 1 469546
80 0 470091
80 1 470109
65 0 470232
65 1 470243
66 0 470432
66 1 470448
73 0 470638
73 1 470654
76 0 470851
76 1 470863
69 0 471001
69 1 471016
32 0 471219
32 1 471251
83 0 471768
83 1 471793
65 0 471968
65 1 471987
32 0 472133
32 1 472152
71 0 473337
71 1 473364
72 0 473499
72 1 473511
73 0 473668
73 1 473689
68 0 473799
68 1 473812
69 0 473969
69 1 473984
90 0 474335
90 1 474356
69 0 474519
69 1 474534
32 0 474653
32 1 474675
78 0 475282
78 1 475293
79 0 475515
79 1 475523
85 0 475701
85 1 475720
65 0 475799
65 1 475813
32 0 475930
32 1 475939
71 0 476255
71 1 476276
69 0 476433
69 1 476448
78 0 476534
78 1 476543
69 0 476652
69 1 476669
82 0 476854
82 1 476875
65 0 477054
65 1 477075
84 0 477235
84 1 477252
73 0 477421
73 1 477436
69 0 477515
69 1 477524
190 0 479786
190 1 479810
32 0 479965
32 1 480002
65 0 480752
65 1 480791
8 0 481312
8 1 481354
78 0 481670
78 1 481711
85 0 481816
85 1 481825
32 0 481989
32 1 482013
65 0 482084
65 1 482098
82 0 482290
82 1 482310
32 0 482383
32 1 482397
77 0 482568
77 1 482585
65 0 482650
65 1 482658
73 0 482801
73 1 482814
66 0 482984
66 1 482998
89 0 483185
89 1 483203
82 0 483319
82 1 483332
69 0 483467
69 1 483481
66 0 483601
66 1 483613
85 0 483768
85 1 483782
73 0 483901
73 1 483913
8 0 484247
8 1 484277
8 0 484384
8 1 484394
8 0 484491
8 1 484503
8 0 484648
8 1 484659
8 0 484763
8 1 484773
8 0 484897
8 1 484906
8 0 485031
8 1 485041
32 0 485438
32 1 485462
84 0 486373
84 1 486395
84 0 486518
84 1 486531
69 0 486653
69 1 486666
66 0 486786
66 1 486801
85 0 486970
85 1 486986
73 0 487118
73 1 487132
32 0 487366
32 1 487379
8 0 487738
8 1 487774
8 0 487921
8 1 487933
8 0 488023
8 1 488029
8 0 488140
8 1 488148
8 0 488275
8 1 488284
8 0 489359
8 1 489380
82 0 490055
82 1 490068
69 0 490354
69 1 490372
66 0 490691
66 1 490714
72 0 490855
72 1 490868
74 0 491002
74 1 491014
32 0 491204
32 1 491223
8 0 493316
8 1 493341
8 0 493460
8 1 493467
8 0 493618
8 1 493623
85 0 494326
85 1 494346
73 0 494454
73 1 494465
32 0 494655
32 1 494679
83 0 494823
83 1 494839
65 0 495021
65 1 495036
32 0 495168
32 1 495188
70 0 495711
70 1 495740
73 0 495787
73 1 495795
77 0 495970
77 1 495985
32 0 496186
32 1 496207
32 0 496954
32 1 496998
8 0 498158
8 1 498201
8 0 498310
8 1 498323
8 0 498811
8 1 498828
8 0 499377
8 1 499394
8 0 499517
8 1 499534
8 0 499684
8 1 499702
32 0 500573
32 1 500595
70 0 500805
70 1 500834
73 0 500886
73 1 500894
77 0 501054
77 1 501071
32 0 501220
32 1 501238
32 0 502038
32 1 502077
76 0 502273
76 1 502306
73 0 502421
73 1 502434
77 0 502588
77 1 502602
73 0 502722
73 1 502738
8 0 502918
8 1 502937
8 0 503028
8 1 503038
8 0 503166
8 1 503184
8 0 503262
8 1 503289
8 0 503428
8 1 503454
76 0 503602
76 1 503616
8 0 504097
8 1 504129
8 0 504699
8 1 504713
32 0 505021
32 1 505038
32 0 505735
32 1 505760
76 0 506022
76 1 506051
73 0 506186
73 1 506199
77 0 506355
77 1 506370
8 0 506648
8 1 506662
8 0 506773
8 1 506788
8 0 506920
8 1 506952
8 0 507025
8 1 507049
8 0 507159
8 1 507170
32 0 507942
32 1 507972
76 0 508354
76 1 508375
73 0 508505
73 1 508518
77 0 508657
77 1 508674
73 0 508839
73 1 508853
84 0 509259
84 1 509289
65 0 509371
65 1 509379
84 0 509487
84 1 509494
73 0 509672
73 1 509685
32 0 509871
32 1 509895
83 0 510003
83 1 510017
8 0 510384
8 1 510410
76 0 511340
76 1 511361
65 0 511436
65 1 511443
78 0 511603
78 1 511612
79 0 511805
79 1 511818
32 0 512038
32 1 512058
8 0 512239
8 1 512259
8 0 512386
8 1 512395
8 0 512479
8 1 512511
79 0 512958
79 1 512972
8 0 513337
8 1 513357
32 0 513590
32 1 513610
79 0 513855
79 1 513874
32 0 514053
32 1 514070
84 0 514791
84 1 514813
69 0 514939
69 1 514954
77 0 515224
77 1 515237
65 0 515339
65 1 515349
84 0 515522
84 1 515534
73 0 515692
73 1 515702
67 0 515957
67 1 515974
65 0 516072
65 1 516084
32 0 516204
32 1 516221
83 0 516642
83 1 516666
69 0 516806
69 1 516820
77 0 516938
77 1 516952
69 0 517054
69 1 517063
83 0 517259
83 1 517282
84 0 517406
84 1 517424
82 0 517557
82 1 517573
73 0 517757
73 1 517771
65 0 517944
65 1 517963
76 0 518111
76 1 518136
65 0 518174
65 1 518184
188 0 519075
188 1 519096
32 0 519208
32 1 519242
65 0 519591
65 1 519623
67 0 519739
67 1 519752
69 0 519856
69 1 519869
65 0 520123
65 1 520139
83 0 520307
83 1 520321
84 0 520406
84 1 520419
65 0 520524
65 1 520541
32 0 520640
32 1 520660
83 0 520788
83 1 520809
65 0 520955
65 1 520968
32 0 521090
32 1 521108
70 0 521306
70 1 521343
79 0 521374
79 1 521383
69 0 521557
69 1 521571
32 0 521654
32 1 521669
8 0 522149
8 1 522188
8 0 522304
8 1 522314
8 0 522442
8 1 522452
73 0 522808
73 1 522822
69 0 522956
69 1 522965
32 0 523090
32 1 523113
80 0 523533
80 1 523559
82 0 523706
82 1 523722
69 0 523892
69 1 523911
68 0 524076
68 1 524093
65 0 524277
65 1 524297
84 0 524445
84 1 524475
65 0 524523
65 1 524530
32 0 524691
32 1 524712
67 0 524950
67 1 524983
85 0 524989
85 1 524997
32 0 525206
32 1 525228
83 0 525342
83 1 525365
73 0 525425
73 1 525436
77 0 525590
77 1 525607
84 0 525723
84 1 525736
32 0 525873
32 1 525896
68 0 526275
68 1 526300
69 0 526457
69 1 526473
32 0 526573
32 1 526592
82 0 526791
82 1 526811
65 0 527022
65 1 527029
83 0 527294
83 1 527311
80 0 527423
80 1 527434
85 0 527625
85 1 527639
78 0 527797
78 1 527820
68 0 527873
68 1 527883
69 0 528041
69 1 528053
82 0 528224
82 1 528237
69 0 528412
69 1 528430
65 0 528625
65 1 528635
32 0 528841
32 1 528862
8 0 529219
8 1 529272
8 0 529329
8 1 529340
188 0 530477
188 1 530493
32 0 530641
32 1 530671
68 0 530991
68 1 531017
65 0 531191
65 1 531206
82 0 531309
82 1 531323
32 0 531526
32 1 531551
83 0 531639
83 1 531653
65 0 531962
65 1 531980
32 0 532091
32 1 532107
83 0 532292
83 1 532314
69 0 532442
69 1 532455
32 0 532608
32 1 532629
65 0 532776
65 1 532798
66 0 532876
66 1 532891
79 0 533075
79 1 533087
82 0 533208
82 1 533221
68 0 533429
68 1 533448
69 0 533591
69 1 533606
90 0 533891
90 1 533925
69 0 534075
69 1 534087
32 0 534190
32 1 534210
83 0 534364
83 1 534394
73 0 534425
73 1 534434
32 0 534608
32 1 534628
83 0 534964
83 1 534993
85 0 535058
85 1 535066
66 0 535244
66 1 535257
73 0 535442
73 1 535456
69 0 535743
69 1 535762
67 0 536442
67 1 536459
84 0 536543
84 1 536552
69 0 536709
69 1 536725
32 0 536841
32 1 536862
68 0 537208
68 1 537232
73 0 537324
73 1 537333
70 0 537477
70 1 537490
69 0 537742
69 1 537762
82 0 538006
82 1 538013
73 0 538210
73 1 538224
84 0 538392
84 1 538408
65 0 538508
65 1 538522
8 0 538937
8 1 538970
69 0 539296
69 1 539313
32 0 539476
32 1 539498
80 0 539764
80 1 539790
69 0 539859
69 1 539867
32 0 540025
32 1 540046
8 0 540419
8 1 540450
8 0 540573
8 1 540590
8 0 540804
8 1 540827
67 0 542177
67 1 542206
65 0 542275
65 1 542280
82 0 542376
82 1 542384
69 0 542543
69 1 542557
32 0 542625
32 1 542640
83 0 542778
83 1 542800
65 0 542962
65 1 542979
32 0 543092
32 1 543113
70 0 543259
70 1 543285
73 0 543345
73 1 543357
69 0 543509
69 1 543528
32 0 543592
32 1 543606
73 0 544311
73 1 544329
78 0 544510
78 1 544524
32 0 544660
32 1 544682
77 0 544826
77 1 544846
79 0 544979
79 1 544995
68 0 545074
68 1 545082
32 0 545276
32 1 545298
78 0 545814
78 1 545839
79 0 545993
79 1 546004
82 0 546112
82 1 546126
77 0 546277
77 1 546292
65 0 546395
65 1 546409
76 0 546510
76 1 546523
32 0 546694
32 1 546717
80 0 547296
80 1 547309
69 0 547425
69 1 547432
82 0 547794
82 1 547812
84 0 548316
84 1 548339
73 0 548497
73 1 548514
78 0 548696
78 1 548713
69 0 548826
69 1 548835
78 0 549046
78 1 549063
84 0 549264
84 1 549281
69 0 549376
69 1 549384
32 0 549492
32 1 549510
83 0 549644
83 1 549676
73 0 549726
73 1 549732
32 0 549893
32 1 549916
85 0 550112
85 1 550139
76 0 550311
76 1 550323
8 0 550661
8 1 550690
84 0 551465
84 1 551484
73 0 551560
73 1 551567
76 0 551729
76 1 551758
69 0 551810
69 1 551818
32 0 551928
32 1 551945
80 0 552130
80 1 552153
69 0 552276
69 1 552289
78 0 552463
78 1 552485
71 0 552779
71 1 552792
70 0 552926
70 1 552938
74 0 553111
74 1 553124
8 0 553519
8 1 553536
8 0 553642
8 1 553652
8 0 553777
8 1 553786
84 0 554566
84 1 554585
82 0 554697
82 1 554713
85 0 554878
85 1 554889
32 0 555094
32 1 555120
69 0 555446
69 1 555477
76 0 555577
76 1 555587
69 0 556198
69 1 556219
86 0 556512
86 1 556526
73 0 556762
73 1 556775
191 0 557496
191 1 557512
83 0 558214
83 1 558240
84 0 558362
84 1 558377
85 0 558547
85 1 558562
68 0 558694
68 1 558708
69 0 558878
69 1 558890
78 0 561399
78 1 561422
84 0 561683
84 1 561702
73 0 561914
73 1 561926
190 0 562851
190 1 562872
32 0 562963
32 1 563006
83 0 563464
83 1 563505
67 0 563695
67 1 563712
79 0 563812
79 1 563821
65 0 564052
65 1 564071
76 0 564144
76 1 564154
65 0 564232
65 1 564246
32 0 564361
32 1 564379
84 0 564630
84 1 564647
82 0 564778
82 1 564786
69 0 564930
69 1 564946
67 0 565263
67 1 565282
8 0 565633
8 1 565674
66 0 565914
66 1 565927
85 0 566066
85 1 566079
73 0 566213
73 1 566224
69 0 566329
69 1 566342
32 0 566478
32 1 566494
73 0 566679
73 1 566708
78 0 566830
78 1 566843
32 0 566978
32 1 567000
80 0 567213
80 1 567232
82 0 567346
82 1 567367
73 0 567412
73 1 567419
77 0 567579
77 1 567594
85 0 567747
85 1 567764
76 0 567916
76 1 567933
32 0 568096
32 1 568118
84 0 568479
84 1 568500
8 0 568815
8 1 568846
82 0 568947
82 1 568962
65 0 569195
65 1 569204
78 0 569364
78 1 569380
68 0 569446
68 1 569455
32 0 569612
32 1 569631
83 0 570098
83 1 570132
65 0 570281
65 1 570296
32 0 570379
32 1 570397
67 0 571065
67 1 571097
85 0 571179
85 1 571188
76 0 571383
76 1 571401
84 0 571581
84 1 571595
73 0 571664
73 1 571676
86 0 571864
86 1 571882
69 0 571962
69 1 571971
32 0 572097
32 1 572119
73 0 572700
73 1 572732
77 0 572882
77 1 572895
65 0 572978
65 1 572990
71 0 573132
71 1 573147
73 0 573464
73 1 573479
78 0 573647
78 1 573663
65 0 573830
65 1 573847
84 0 573978
84 1 573985
75 0 574166
75 1 574179
69 0 574297
69 1 574310
32 0 574429
32 1 574451
8 0 574945
8 1 574985
8 0 575071
8 1 575080
8 0 575192
8 1 575202
73 0 576735
73 1 576755
65 0 576864
65 1 576873
32 0 577013
32 1 577035
69 0 578635
69 1 578669
76 0 578764
76 1 578771
69 0 578879
69 1 578888
86 0 578985
86 1 578994
86 0 579115
86 1 579130
8 0 579626
8 1 579652
73 0 580058
73 1 580071
76 0 580237
76 1 580253
79 0 580401
79 1 580420
82 0 580499
82 1 580511
32 0 581265
32 1 581294
83 0 581397
83 1 581416
73 0 581497
73 1 581506
32 0 581716
32 1 581745
83 0 581866
83 1 581892
65 0 582066
65 1 582080
32 0 582197
32 1 582222
73 0 582953
73 1 582983
73 0 583101
73 1 583117
32 0 583320
32 1 583338
65 0 583985
65 1 584014
74 0 584336
74 1 584353
85 0 584480
85 1 584489
84 0 584667
84 1 584683
69 0 584767
69 1 584782
32 0 584897
32 1 584916
83 0 585048
83 1 585069
65 0 585269
65 1 585288
32 0 585449
32 1 585471
65 0 585699
65 1 585732
66 0 585814
66 1 585823
79 0 586016
79 1 586031
82 0 586100
82 1 586111
68 0 586315
68 1 586333
69 0 586484
69 1 586502
90 0 586782
90 1 586797
69 0 587002
69 1 587014
32 0 587148
32 1 587167
80 0 587506
80 1 587530
82 0 587632
82 1 587644
79 0 587732
79 1 587744
66 0 587902
66 1 587917
76 0 588634
76 1 588653
69 0 588783
69 1 588799
77 0 588881
77 1 588890
69 0 588998
69 1 589011
76 0 589333
76 1 589344
69 0 589467
69 1 589482
32 0 589598
32 1 589618
84 0 589874
84 1 589903
73 0 590103
73 1 590121
8 0 590463
8 1 590502
8 0 590574
8 1 590593
83 0 591885
83 1 591916
73 0 592032
73 1 592040
67 0 592534
67 1 592551
73 0 592651
73 1 592660
76 0 592955
76 1 592967
8 0 593023
8 1 593033
8 0 593179
8 1 593194
8 0 593350
8 1 593364
8 0 593502
8 1 593526
79 0 594453
79 1 594475
67 0 594616
67 1 594633
73 0 594700
73 1 594709
69 0 594986
69 1 595003
84 0 595168
84 1 595182
65 0 595266
65 1 595275
84 0 595402
84 1 595420
73 0 595605
73 1 595621
73 0 595733
73 1 595747
32 0 595949
32 1 595966
83 0 596305
83 1 596336
8 0 596590
8 1 596608
68 0 596800
68 1 596829
73 0 596917
73 1 596927
78 0 597120
78 1 597140
32 0 597268
32 1 597293
68 0 597654
68 1 597691
73 0 597801
73 1 597816
70 0 597998
70 1 598005
69 0 598169
69 1 598181
82 0 598392
82 1 598410
73 0 598516
73 1 598527
8 0 598947
8 1 598971
8 0 599085
8 1 599095
8 0 599218
8 1 599234
8 0 599346
8 1 599355
8 0 599466
8 1 599486
8 0 599765
8 1 599790
77 0 600304
77 1 600335
65 0 600416
65 1 600425
73 0 600484
73 1 600491
32 0 600953
32 1 600986
77 0 601423
77 1 601455
85 0 601618
85 1 601633
76 0 601788
76 1 601804
84 0 602034
84 1 602051
69 0 602168
69 1 602182
32 0 602268
32 1 602288
80 0 602586
80 1 602613
69 0 602699
69 1 602711
82 0 602884
82 1 602901
83 0 603104
83 1 603119
70 0 603369
70 1 603382
8 0 603847
8 1 603870
80 0 604123
80 1 604142
69 0 604217
69 1 604226
67 0 604575
67 1 604593
84 0 604735
84 1 604752
73 0 604902
73 1 604917
86 0 605087
86 1 605104
69 0 605218
69 1 605231
32 0 606855
32 1 606888
78 0 607035
78 1 607059
74 0 607186
74 1 607201
32 0 607351
32 1 607374
68 0 607536
68 1 607565
79 0 607819
79 1 607832
8 0 607972
8 1 607995
8 0 608115
8 1 608134
8 0 608242
8 1 608256
8 0 608375
8 1 608391
8 0 608530
8 1 608548
190 0 610270
190 1 610298
73 0 649761
73 1 649792
78 0 649927
78 1 649943
32 0 650091
32 1 650109
73 0 650276
73 1 650292
77 0 650444
77 1 650459
65 0 650575
65 1 650585
71 0 650708
71 1 650721
73 0 650876
73 1 650889
78 0 651041
78 1 651052
69 0 651156
69 1 651165
32 0 651326
32 1 651340
69 0 651962
69 1 651978
83 0 652208
83 1 652220
8 0 653309
8 1 653332
8 0 653417
8 1 653427
8 0 653597
8 1 653614
32 0 654076
32 1 654087
69 0 654377
69 1 654406
85 0 654457
85 1 654465
32 0 654641
32 1 654648
82 0 654941
82 1 654958
69 0 655109
69 1 655123
71 0 655242
71 1 655255
65 0 655377
65 1 655391
83 0 655625
83 1 655635
69 0 656059
69 1 656072
83 0 656462
83 1 656480
67 0 656648
67 1 656663
32 0 656809
32 1 656825
77 0 657026
77 1 657045
65 0 657159
65 1 657171
8 0 657469
8 1 657483
8 0 657592
8 1 657603
79 0 657863
79 1 657881
32 0 658060
32 1 658074
83 0 658676
83 1 658694
79 0 658792
79 1 658803
67 0 658997
67 1 659013
73 0 659143
73 1 659157
69 0 659329
69 1 659348
84 0 659562
84 1 659580
65 0 659678
65 1 659691
84 0 659877
84 1 659890
69 0 659974
69 1 659981
188 0 660929
188 1 660952
32 0 661096
32 1 661127
85 0 661779
85 1 661801
78 0 661945
78 1 661956
32 0 662110
32 1 662125
65 0 662242
65 1 662256
78 0 662393
78 1 662404
68 0 662579
68 1 662594
65 0 662860
65 1 662876
77 0 663096
77 1 663111
66 0 663313
66 1 663333
85 0 663480
85 1 663498
8 0 664400
8 1 664418
8 0 664521
8 1 664531
8 0 664671
8 1 664680
8 0 664804
8 1 664815
8 0 664922
8 1 664934
8 0 665054
8 1 665065
78 0 665845
78 1 665862
83 0 666026
83 1 666041
65 0 666211
65 1 666227
77 0 666447
77 1 666462
66 0 666683
66 1 666700
76 0 666898
76 1 666917
85 0 667114
85 1 667131
32 0 667324
32 1 667333
68 0 667578
68 1 667594
69 0 667761
69 1 667775
32 0 667894
32 1 667911
65 0 670628
65 1 670651
67 0 670897
67 1 670913
84 0 671077
84 1 671090
73 0 671296
73 1 671312
86 0 671843
86 1 671852
73 0 672029
73 1 672041
84 0 672316
84 1 672340
65 0 672393
65 1 672401
84 0 672511
84 1 672522
73 0 672678
73 1 672694
32 0 672864
32 1 672884
83 0 673047
83 1 673067
73 0 673144
73 1 673155
32 0 673328
32 1 673350
69 0 673735
69 1 673763
77 0 673878
77 1 673891
79 0 674063
79 1 674077
84 0 674212
84 1 674226
73 0 674344
73 1 674361
73 0 674445
73 1 674455
190 0 675333
190 1 675348
32 0 675591
32 1 675633
70 0 676169
70 1 676210
73 0 676310
73 1 676321
69 0 676461
69 1 676473
67 0 676648
67 1 676664
65 0 676913
65 1 676926
82 0 677114
82 1 677127
69 0 677650
69 1 677669
32 0 677897
32 1 677916
71 0 678265
71 1 678283
82 0 678429
82 1 678443
85 0 678527
85 1 678536
80 0 678730
80 1 678740
32 0 678912
32 1 678933
69 0 679045
69 1 679062
83 0 679245
83 1 679259
84 0 679361
84 1 679373
69 0 679460
69 1 679469
32 0 679546
32 1 679562
73 0 679921
73 1 679945
77 0 680080
77 1 680094
80 0 680263
80 1 680277
65 0 680379
65 1 680388
82 0 680615
82 1 680633
84 0 680763
84 1 680777
73 0 680963
73 1 680976
84 0 681165
84 1 681178
32 0 681380
32 1 681395
68 0 681631
68 1 681657
85 0 681780
85 1 681794
80 0 681964
80 1 681979
65 0 682062
65 1 682072
32 0 682163
32 1 682179
65 0 684584
65 1 684610
67 0 684695
67 1 684703
84 0 684864
84 1 684877
73 0 685080
73 1 685095
86 0 685281
86 1 685297
73 0 685497
73 1 685512
84 0 685679
84 1 685686
65 0 685794
65 1 685803
84 0 685948
84 1 685962
69 0 686046
69 1 686059
32 0 686596
32 1 686619
83 0 686728
83 1 686741
73 0 686913
73 1 686929
32 0 687130
32 1 687148
65 0 690699
65 1 690728
73 0 690900
73 1 690919
67 0 691069
67 1 691097
73 0 691130
73 1 691140
32 0 691383
32 1 691404
80 0 691667
80 1 691689
85 0 691898
85 1 691912
71 0 692081
71 1 692096
69 0 692196
69 1 692205
77 0 692331
77 1 692344
32 0 692482
32 1 692502
8 0 692826
8 1 692866
8 0 692959
8 1 692967
8 0 693122
8 1 693132
8 0 693184
8 1 693190
89 0 693886
89 1 693899
8 0 694187
8 1 694203
84 0 694402
84 1 694421
69 0 694583
69 1 694599
77 0 694730
77 1 694738
32 0 694915
32 1 694936
86 0 695201
86 1 695227
69 0 695312
69 1 695321
68 0 695532
68 1 695547
69 0 695700
69 1 695716
65 0 695915
65 1 695930
32 0 696064
32 1 696086
67 0 696332
67 1 696351
65 0 696430
65 1 696438
32 0 696530
32 1 696549
83 0 696834
83 1 696858
85 0 696931
85 1 696942
78 0 697067
78 1 697080
84 0 697164
84 1 697175
32 0 697297
32 1 697313
71 0 698555
71 1 698579
82 0 698698
82 1 698710
85 0 698815
85 1 698833
80 0 699032
80 1 699046
85 0 699199
85 1 699213
82 0 699408
82 1 699433
73 0 699447
73 1 699452
32 0 699681
32 1 699704
67 0 699888
67 1 699916
65 0 699964
65 1 699972
82 0 700080
82 1 700089
69 0 700198
69 1 700212
32 0 700297
32 1 700314
67 0 700574
67 1 700598
79 0 700682
79 1 700694
77 0 700884
77 1 700902
85 0 701116
85 1 701133
78 0 701332
78 1 701346
73 0 701516
73 1 701533
67 0 701770
67 1 701785
65 0 701865
65 1 701878
32 0 701999
32 1 702017
73 0 702484
73 1 702511
78 0 702650
78 1 702663
84 0 702934
84 1 702952
84 0 703049
84 1 703062
69 0 703165
69 1 703178
8 0 703550
8 1 703576
8 0 703663
8 1 703673
82 0 703869
82 1 703888
69 0 704092
69 1 704110
32 0 704350
32 1 704373
69 0 704842
69 1 704867
76 0 704949
76 1 704958
69 0 705014
69 1 705021
32 0 705165
32 1 705185
8 0 705728
8 1 705752
188 0 706252
188 1 706273
32 0 706382
32 1 706412
73 0 706635
73 1 706655
77 0 706801
77 1 706815
80 0 706968
80 1 706988
65 0 707134
65 1 707146
82 0 707880
82 1 707889
84 0 708014
84 1 708022
65 0 708147
65 1 708154
83 0 708683
83 1 708693
73 0 708844
73 1 708852
78 0 709031
78 1 709043
70 0 709852
70 1 709871
32 0 710033
32 1 710056
8 0 710620
8 1 710640
8 0 710777
8 1 710786
68 0 710965
68 1 710972
32 0 711399
32 1 711422
8 0 712329
8 1 712357
8 0 712637
8 1 712643
68 0 714706
68 1 714729
32 0 714801
32 1 714818
80 0 715051
80 1 715075
82 0 715149
82 1 715157
79 0 715249
79 1 715258
66 0 716102
66 1 716116
65 0 716235
65 1 716253
66 0 716332
66 1 716341
73 0 716502
73 1 716518
76 0 716669
76 1 716685
32 0 716852
32 1 716875
73 0 717055
73 1 717079
68 0 717166
68 1 717178
69 0 717349
69 1 717355
73 0 717484
73 1 717491
188 0 718292
188 1 718311
32 0 718434
32 1 718473
80 0 718857
80 1 718886
69 0 718949
69 1 718957
82 0 719135
82 1 719148
83 0 719351
83 1 719369
79 0 719469
79 1 719483
65 0 719584
65 1 719593
78 0 719719
78 1 719733
69 0 719834
69 1 719847
32 0 719949
32 1 719959
67 0 724772
67 1 724798
65 0 724900
65 1 724911
8 0 725181
8 1 725203
8 0 725317
8 1 725331
8 0 725467
8 1 725485
76 0 725752
76 1 725759
8 0 725859
8 1 725867
8 0 725943
8 1 725952
8 0 726082
8 1 726092
8 0 726235
8 1 726243
8 0 726363
8 1 726373
8 0 726515
8 1 726526
8 0 726652
8 1 726664
8 0 726781
8 1 726794
8 0 726935
8 1 726953
73 0 727721
73 1 727746
78 0 727887
78 1 727901
84 0 728103
84 1 728116
82 0 728222
82 1 728234
32 0 728436
32 1 728457
8 0 728947
8 1 728980
189 0 729486
189 1 729503
85 0 730087
85 1 730109
78 0 730238
78 1 730254
32 0 730386
32 1 730404
71 0 730622
71 1 730648
82 0 730768
82 1 730780
85 0 730868
85 1 730877
80 0 731053
80 1 731065
32 0 731236
32 1 731258
83 0 731555
83 1 731579
32 0 731741
32 1 731777
65 0 731803
65 1 731811
32 0 732971
32 1 732997
73 0 733187
73 1 733209
83 0 733319
83 1 733340
67 0 733505
67 1 733516
65 0 733603
65 1 733616
84 0 733737
84 1 733749
32 0 733938
32 1 733960
85 0 734637
85 1 734659
78 0 734803
78 1 734821
32 0 734952
32 1 734968
67 0 735123
67 1 735150
79 0 735219
79 1 735228
78 0 735404
78 1 735418
70 0 735589
70 1 735617
76 0 735669
76 1 735676
73 0 735836
73 1 735850
67 0 735986
67 1 736003
84 0 736154
84 1 736167
32 0 736538
32 1 736560
83 0 736736
83 1 736760
73 0 736819
73 1 736827
32 0 737021
32 1 737045
80 0 737227
80 1 737247
69 0 737988
69 1 738010
82 0 738171
82 1 738188
83 0 738388
83 1 738402
79 0 738521
79 1 738536
65 0 738638
65 1 738651
78 0 738755
78 1 738770
69 0 738921
69 1 738938
32 0 739105
32 1 739127
67 0 739404
67 1 739426
65 0 739469
65 1 739477
82 0 739585
82 1 739592
69 0 739738
69 1 739756
32 0 739835
32 1 739853
68 0 740787
68 1 740811
85 0 740870
85 1 740877
80 0 741104
80 1 741117
65 0 741206
65 1 741219
32 0 741372
32 1 741400
77 0 742222
77 1 742245
79 0 742388
79 1 742398
68 0 742487
68 1 742494
85 0 742622
85 1 742637
76 0 742804
76 1 742821
32 0 742985
32 1 743000
79 0 743154
79 1 743174
78 0 743322
78 1 743335
32 0 743487
32 1 743510
67 0 743689
67 1 743716
65 0 743785
65 1 743792
82 0 743885
82 1 743893
69 0 744021
69 1 744036
32 0 744119
32 1 744136
83 0 744269
83 1 744284
84 0 744404
84 1 744419
65 0 744489
65 1 744499
85 0 744604
85 1 744618
32 0 744773
32 1 744797
69 0 745039
69 1 745061
88 0 745558
88 1 745593
80 0 745621
80 1 745629
82 0 745821
82 1 745832
73 0 745938
73 1 745951
77 0 746141
77 1 746161
65 0 746222
65 1 746234
32 0 746387
32 1 746413
80 0 746744
80 1 746771
76 0 746920
76 1 746929
73 0 747074
73 1 747088
67 0 747255
67 1 747269
84 0 747403
84 1 747410
83 0 747773
83 1 747793
69 0 747924
69 1 747937
65 0 748159
65 1 748175
76 0 748377
76 1 748401
65 0 748792
65 1 748807
32 0 748922
32 1 748943
83 0 749056
83 1 749077
73 0 749138
73 1 749146
32 0 749323
32 1 749348
8 0 750254
8 1 750292
8 0 750396
8 1 750411
8 0 750534
8 1 750547
8 0 750649
8 1 750663
8 0 750784
8 1 750796
8 0 750918
8 1 750925
8 0 751026
8 1 751031
8 0 751160
8 1 751172
8 0 751323
8 1 751334
73 0 752091
73 1 752103
83 0 752957
83 1 752978
69 0 753123
69 1 753138
65 0 753340
65 1 753354
76 0 753474
76 1 753488
65 0 753555
65 1 753563
32 0 753689
32 1 753706
83 0 754110
83 1 754133
65 0 754289
65 1 754308
85 0 754373
85 1 754382
32 0 754539
32 1 754559
79 0 754809
79 1 754832
32 0 755104
32 1 755122
83 0 755328
83 1 755352
84 0 755576
84 1 755598
65 0 755671
65 1 755683
84 0 755840
84 1 755849
69 0 756176
69 1 756193
32 0 756306
32 1 756327
76 0 756626
76 1 756651
8 0 756755
8 1 756774
8 0 756830
8 1 756843
8 0 757017
8 1 757027
8 0 757130
8 1 757140
82 0 757387
82 1 757395
69 0 757557
69 1 757571
32 0 757692
32 1 757712
68 0 757923
68 1 757944
69 0 758090
69 1 758104
32 0 758224
32 1 758242
79 0 758562
79 1 758588
66 0 758759
66 1 758775
79 0 758957
79 1 758981
83 0 759074
83 1 759089
69 0 759276
69 1 759291
65 0 759508
65 1 759522
76 0 759692
76 1 759705
65 0 759806
65 1 759818
190 0 760842
190 1 760863
32 0 774907
32 1 774951
83 0 776179
83 1 776224
67 0 776306
67 1 776312
69 0 776392
69 1 776399
78 0 776559
78 1 776568
65 0 776760
65 1 776774
32 0 776877
32 1 776899
68 0 778232
68 1 778262
73 0 778341
73 1 778350
80 0 778560
80 1 778573
8 0 778945
8 1 778975
8 0 779093
8 1 779113
85 0 779428
85 1 779441
80 0 779595
80 1 779606
65 0 779710
65 1 779723
32 0 779824
32 1 779842
67 0 780060
67 1 780083
85 0 780244
85 1 780257
77 0 780393
77 1 780407
32 0 780560
32 1 780579
69 0 780709
69 1 780727
83 0 780910
83 1 780924
84 0 780976
84 1 780985
69 0 781128
69 1 781146
32 0 781210
32 1 781226
80 0 781461
80 1 781480
73 0 781660
73 1 781676
67 0 781796
67 1 781811
84 0 781979
84 1 781995
65 0 782147
65 1 782164
84 0 782261
84 1 782278
65 0 782814
65 1 782829
32 0 783043
32 1 783062
83 0 783210
83 1 783234
73 0 783360
73 1 783372
78 0 783628
78 1 783642
68 0 783794
68 1 783812
73 0 783895
73 1 783908
80 0 784112
80 1 784124
8 0 784260
8 1 784268
8 0 784393
8 1 784405
8 0 784526
8 1 784535
8 0 784622
8 1 784630
32 0 785029
32 1 785055
68 0 785279
68 1 785308
85 0 785376
85 1 785384
65 0 785630
65 1 785642
32 0 785794
32 1 785818
67 0 786201
67 1 786231
8 0 786539
8 1 786580
8 0 786672
8 1 786684
8 0 786804
8 1 786814
80 0 787476
80 1 787484
65 0 787627
65 1 787638
32 0 787743
32 1 787765
67 0 787935
67 1 787964
85 0 787993
85 1 788000
77 0 788178
77 1 788192
32 0 788346
32 1 788368
83 0 788731
83 1 788759
85 0 788846
85 1 788860
78 0 789028
78 1 789043
84 0 789112
84 1 789122
32 0 789259
32 1 789278
80 0 789512
80 1 789534
82 0 789661
82 1 789673
69 0 789795
69 1 789808
90 0 790067
90 1 790090
69 0 790233
69 1 790247
78 0 790362
78 1 790376
84 0 790571
84 1 790598
65 0 790644
65 1 790651
84 0 790810
84 1 790818
69 0 790962
69 1 790976
32 0 791095
32 1 791113
80 0 791348
80 1 791372
69 0 791479
69 1 791491
82 0 791645
82 1 791660
83 0 791844
83 1 791855
79 0 791978
79 1 791991
78 0 792248
78 1 792263
65 0 792361
65 1 792374
74 0 792816
74 1 792835
69 0 792963
69 1 792986
76 0 793027
76 1 793033
69 0 793194
69 1 793209
32 0 793328
32 1 793354
65 0 794045
65 1 794073
82 0 794228
82 1 794241
65 0 794362
65 1 794376
84 0 794464
84 1 794477
65 0 794559
65 1 794567
32 0 794710
32 1 794732
79 0 794911
79 1 794933
32 0 795114
32 1 795133
83 0 795447
83 1 795477
73 0 795512
73 1 795521
8 0 795961
8 1 795994
79 0 796163
79 1 796178
67 0 796748
67 1 796763
73 0 797047
73 1 797063
69 0 797196
69 1 797211
71 0 797381
71 1 797397
65 0 797513
65 1 797526
71 0 797662
71 1 797676
69 0 797795
69 1 797808
8 0 798118
8 1 798136
8 0 798267
8 1 798283
8 0 798412
8 1 798426
8 0 798818
8 1 798835
84 0 799266
84 1 799283
65 0 799380
65 1 799394
84 0 799512
84 1 799523
69 0 799629
69 1 799644
32 0 799746
32 1 799761
65 0 800048
65 1 800077
82 0 800280
82 1 800294
72 0 800563
72 1 800577
65 0 800678
65 1 800690
73 0 800811
73 1 800820
67 0 801047
67 1 801057
65 0 801179
65 1 801192
188 0 803298
188 1 803319
32 0 803480
32 1 803515
68 0 804765
68 1 804788
65 0 804964
65 1 804977
82 0 805080
82 1 805093
32 0 805280
32 1 805305
32 0 806250
32 1 806285
82 0 806582
82 1 806618
69 0 806763
69 1 806775
71 0 806895
71 1 806906
76 0 807215
76 1 807231
8 0 807330
8 1 807355
8 0 807492
8 1 807499
8 0 807788
8 1 807807
8 0 807929
8 1 807959
8 0 808090
8 1 808122
8 0 808221
8 1 808233
32 0 808719
32 1 808744
82 0 809152
82 1 809174
69 0 809313
69 1 809324
71 0 809382
71 1 809391
65 0 809563
65 1 809574
83 0 809747
83 1 809755
73 0 809914
73 1 809925
77 0 810081
77 1 810093
32 0 810249
32 1 810272
65 0 810847
65 1 810872
67 0 810949
67 1 810963
84 0 811148
84 1 811165
73 0 811333
73 1 811350
86 0 811565
86 1 811582
73 0 811966
73 1 811981
84 0 812334
84 1 812356
65 0 812447
65 1 812461
84 0 812673
84 1 812689
73 0 813037
73 1 813054
8 0 813564
8 1 813583
8 0 813711
8 1 813723
8 0 813842
8 1 813855
8 0 813978
8 1 813992
8 0 814103
8 1 814110
8 0 814227
8 1 814236
8 0 814434
8 1 814448
8 0 814618
8 1 814634
8 0 814765
8 1 814784
8 0 815293
8 1 815327
68 0 817199
68 1 817224
73 0 817296
73 1 817302
78 0 817466
78 1 817482
32 0 817630
32 1 817649
69 0 819284
69 1 819314
77 0 819397
77 1 819406
79 0 819618
79 1 819630
84 0 819768
84 1 819784
73 0 819951
73 1 819967
73 0 820116
73 1 820131
76 0 820683
76 1 820697
69 0 820798
69 1 820814
32 0 820916
32 1 820940
83 0 821065
83 1 821093
32 0 821550
32 1 821571
8 0 821877
8 1 821917
79 0 822145
79 1 822157
32 0 822383
32 1 822403
8 0 822794
8 1 822818
8 0 822894
8 1 822914
73 0 823368
73 1 823388
32 0 823566
32 1 823587
80 0 823785
80 1 823814
82 0 823880
82 1 823887
69 0 824337
69 1 824354
79 0 824567
79 1 824580
67 0 824917
67 1 824939
85 0 825015
85 1 825028
80 0 825220
80 1 825238
65 0 825366
65 1 825382
82 0 825604
82 1 825622
73 0 825716
73 1 825733
76 0 825905
76 1 825930
69 0 825966
69 1 825973
32 0 826170
32 1 826198
76 0 826637
76 1 826665
79 0 826800
79 1 826814
82 0 826933
82 1 826947
32 0 827081
32 1 827100
83 0 827368
83 1 827404
73 0 827450
73 1 827460
32 0 827633
32 1 827651
73 0 827834
73 1 827856
78 0 827983
78 1 827995
32 0 828132
32 1 828150
83 0 829367
83 1 829396
79 0 829500
79 1 829512
67 0 829723
67 1 829750
73 0 829800
73 1 829810
69 0 829970
69 1 829986
84 0 830169
84 1 830189
65 0 830299
65 1 830315
84 0 830434
84 1 830450
69 0 830518
69 1 830528
65 0 830718
65 1 830734
32 0 830900
32 1 830922
78 0 831118
78 1 831143
79 0 831300
79 1 831316
65 0 831466
65 1 831483
83 0 831633
83 1 831646
84 0 831767
84 1 831780
82 0 831902
82 1 831918
65 0 831965
65 1 831972
190 0 833017
190 1 833036
32 0 833149
32 1 833188
68 0 833661
68 1 833712
73 0 833734
73 1 833740
70 0 833901
70 1 833911
69 0 834101
69 1 834118
82 0 834287
82 1 834304
69 0 836102
69 1 836121
78 0 836251
78 1 836260
84 0 836471
84 1 836490
65 0 836585
65 1 836596
32 0 836718
32 1 836742
68 0 836866
68 1 836885
73 0 836968
73 1 836977
78 0 837135
78 1 837150
84 0 837318
84 1 837335
82 0 837468
82 1 837484
69 0 837668
69 1 837683
32 0 837785
32 1 837806
79 0 838017
79 1 838036
32 0 838217
32 1 838238
83 0 838582
83 1 838598
79 0 838700
79 1 838709
67 0 839201
67 1 839217
73 0 839318
73 1 839332
69 0 839518
69 1 839538
84 0 839686
84 1 839699
65 0 839784
65 1 839797
84 0 839903
84 1 839919
69 0 840033
69 1 840042
32 0 840185
32 1 840207
65 0 840537
65 1 840571
82 0 840754
82 1 840771
71 0 840985
71 1 840998
8 0 841374
8 1 841406
72 0 841620
72 1 841632
65 0 841702
65 1 841710
73 0 841834
73 1 841844
67 0 842122
67 1 842141
65 0 842254
65 1 842268
32 0 842351
32 1 842370
83 0 842518
83 1 842546
73 0 842583
73 1 842591
32 0 842769
32 1 842794
85 0 842936
85 1 842959
78 0 843103
78 1 843116
65 0 843252
65 1 843272
32 0 843336
32 1 843354
77 0 843551
77 1 843578
79 0 843718
79 1 843731
68 0 843818
68 1 843826
69 0 844018
69 1 844039
82 0 844169
82 1 844185
78 0 844436
78 1 844451
65 0 844536
65 1 844546
32 0 844669
32 1 844694
82 0 844919
82 1 844945
69 0 845085
69 1 845099
80 0 845238
80 1 845255
82 0 845386
82 1 845402
69 0 845520
69 1 845534
90 0 845804
90 1 845823
73 0 846019
73 1 846036
78 0 846189
78 1 846208
84 0 846372
84 1 846392
65 0 846485
65 1 846497
32 0 846585
32 1 846606
80 0 846853
80 1 846881
79 0 847003
79 1 847016
83 0 847154
83 1 847169
73 0 847268
73 1 847280
66 0 847454
66 1 847470
73 0 847603
73 1 847615
76 0 847805
76 1 847816
73 0 847973
73 1 847988
84 0 848323
84 1 848341
65 0 848455
65 1 848473
84 0 848586
84 1 848599
69 0 848720
69 1 848739
65 0 848920
65 1 848939
32 0 849034
32 1 849057
68 0 849488
68 1 849524
69 0 849638
69 1 849651
32 0 849753
32 1 849775
65 0 849904
65 1 849931
32 0 850068
32 1 850088
85 0 852925
85 1 852953
78 0 853103
78 1 853112
69 0 853202
69 1 853211
32 0 853302
32 1 853319
8 0 853511
8 1 853524
76 0 853704
76 1 853720
8 0 853814
8 1 853823
8 0 853927
8 1 853936
8 0 854086
8 1 854104
8 0 854229
8 1 854251
80 0 854757
80 1 854787
85 0 854938
85 1 854953
78 0 855104
78 1 855118
69 0 855202
69 1 855214
32 0 855303
32 1 855321
79 0 855522
79 1 855550
78 0 855687
78 1 855700
32 0 855854
32 1 855876
65 0 856037
65 1 856062
80 0 856170
80 1 856183
76 0 856336
76 1 856352
73 0 856488
73 1 856503
67 0 856704
67 1 856716
65 0 856802
65 1 856811
82 0 856903
82 1 856912
69 0 857037
69 1 857048
32 0 857152
32 1 857176
65 0 857303
65 1 857321
83 0 857489
83 1 857502
79 0 857687
79 1 857704
8 0 858119
8 1 858146
73 0 858355
73 1 858371
80 0 858557
80 1 858572
8 0 859749
8 1 859766
8 0 859880
8 1 859890
80 0 860205
80 1 860220
73 0 860472
73 1 860488
65 0 860707
65 1 860725
8 0 861578
8 1 861597
82 0 862076
82 1 862101
65 0 862155
65 1 862165
84 0 862254
84 1 862262
73 0 862524
73 1 862542
73 0 862654
73 1 862668
76 0 862824
76 1 862842
69 0 862920
69 1 862929
32 0 863038
32 1 863057
8 0 866007
8 1 866018
8 0 866176
8 1 866190
8 0 866870
8 1 866896
73 0 867142
73 1 867171
78 0 867306
78 1 867322
32 0 867520
32 1 867542
76 0 869293
76 1 869320
8 0 869418
8 1 869439
8 0 869567
8 1 869582
8 0 869723
8 1 869741
8 0 869839
8 1 869845
76 0 870658
76 1 870676
69 0 871276
69 1 871294
8 0 872179
8 1 872195
8 0 872363
8 1 872376
8 0 872481
8 1 872491
73 0 887563
73 1 887581
76 0 887742
76 1 887752
69 0 887842
69 1 887855
32 0 887956
32 1 887978
73 0 888161
73 1 888190
78 0 888362
78 1 888382
32 0 888507
32 1 888530
65 0 890846
65 1 890880
80 0 890957
80 1 890963
76 0 891128
76 1 891145
73 0 891310
73 1 891327
67 0 891943
67 1 891964
65 0 892114
65 1 892137
82 0 892159
82 1 892166
69 0 892327
69 1 892344
32 0 892510
32 1 892531
70 0 893665
70 1 893698
73 0 894297
73 1 894316
73 0 894460
73 1 894477
78 0 895429
78 1 895453
68 0 895629
68 1 895649
67 0 895777
67 1 895790
65 0 895930
65 1 895948
32 0 895960
32 1 896007
69 0 898783
69 1 898821
8 0 900002
8 1 900025
69 0 900910
69 1 900940
82 0 901080
82 1 901090
65 0 901298
65 1 901315
85 0 901409
85 1 901421
32 0 901595
32 1 901618
8 0 903770
8 1 903793
8 0 903851
8 1 903860
8 0 904009
8 1 904036
8 0 904116
8 1 904131
8 0 904307
8 1 904334
8 0 904469
8 1 904481
8 0 904624
8 1 904634
65 0 906050
65 1 906068
32 0 906277
32 1 906305
78 0 906461
78 1 906486
85 0 906612
85 1 906627
32 0 906812
32 1 906843
69 0 907325
69 1 907341
88 0 907762
88 1 907780
73 0 908651
73 1 908681
83 0 908728
83 1 908736
84 0 908862
84 1 908872
65 0 908995
65 1 909008
32 0 909095
32 1 909119
65 0 910032
65 1 910067
67 0 910195
67 1 910207
69 0 910312
69 1 910327
76 0 911348
76 1 911368
65 0 911459
65 1 911467
83 0 911666
83 1 911696
73 0 911727
73 1 911742
32 0 911910
32 1 911935
67 0 912161
67 1 912191
79 0 912259
79 1 912266
77 0 912461
77 1 912482
71 0 912561
71 1 912571
79 0 912713
79 1 912729
82 0 912812
82 1 912827
8 0 913140
8 1 913150
8 0 913254
8 1 913265
8 0 913401
8 1 913413
8 0 913524
8 1 913533
70 0 914198
70 1 914217
79 0 914277
79 1 914285
82 0 914432
82 1 914448
84 0 914844
84 1 914865
8 0 915430
8 1 915450
8 0 915553
8 1 915573
8 0 915690
8 1 915700
8 0 915833
8 1 915846
78 0 916381
78 1 916393
70 0 916753
70 1 916774
79 0 916846
79 1 916857
82 0 916982
82 1 916998
84 0 917285
84 1 917304
32 0 917429
32 1 917455
83 0 918147
83 1 918170
73 0 918261
73 1 918271
32 0 918463
32 1 918493
77 0 919282
77 1 919312
69 0 919396
69 1 919407
84 0 919631
84 1 919644
65 0 919761
65 1 919774
76 0 919981
76 1 920001
73 0 920130
73 1 920139
84 0 920383
84 1 920395
65 0 920513
65 1 920525
84 0 920665
84 1 920679
69 0 920850
69 1 920870
32 0 921013
32 1 921051
8 0 922523
8 1 922555
8 0 922642
8 1 922651
8 0 922806
8 1 922813
8 0 922900
8 1 922909
8 0 923162
8 1 923173
8 0 923349
8 1 923366
8 0 923476
8 1 923488
8 0 923613
8 1 923624
8 0 923746
8 1 923756
8 0 923918
8 1 923944
8 0 924042
8 1 924064
8 0 924174
8 1 924184
8 0 924292
8 1 924313
8 0 924409
8 1 924433
8 0 924554
8 1 924568
32 0 925081
32 1 925113
67 0 925357
67 1 925402
65 0 925415
65 1 925422
32 0 925529
32 1 925548
73 0 925747
73 1 925768
78 0 925931
78 1 925945
84 0 926300
84 1 926322
82 0 926415
82 1 926427
32 0 927064
32 1 927090
79 0 927651
79 1 927687
32 0 927864
32 1 927888
83 0 927995
83 1 928016
79 0 928130
79 1 928144
67 0 928365
67 1 928397
73 0 928429
73 1 928436
69 0 928648
69 1 928665
84 0 928816
84 1 928833
65 0 928931
65 1 928943
84 0 929063
84 1 929076
69 0 929145
69 1 929152
32 0 929312
32 1 929341
80 0 929629
80 1 929658
69 0 929775
69 1 929784
8 0 930277
8 1 930314
8 0 930387
8 1 930409
77 0 930692
77 1 930721
79 0 930858
79 1 930872
68 0 931013
68 1 931032
69 0 931225
69 1 931247
82 0 931391
82 1 931406
78 0 931559
78 1 931576
65 0 931724
65 1 931742
190 0 933175
190 1 933196
32 0 933302
32 1 933347
88 0 933760
88 1 933811
73 0 933850
73 1 933856
76 0 934023
76 1 934038
69 0 934100
69 1 934111
8 0 934375
8 1 934395
8 0 934497
8 1 934509
8 0 934646
8 1 934669
8 0 934944
8 1 934987
8 0 999874
8 1 999897
8 0 1000012
8 1 1000029
8 0 1000174
8 1 1000188
8 0 1000345
8 1 1000356
8 0 1000533
8 1 1000552
8 0 1000660
8 1 1000670
8 0 1000777
8 1 1000789
8 0 1000930
8 1 1000956
8 0 1001448
8 1 1001486
8 0 1007004
8 1 1007024
8 0 1007139
8 1 1007156
8 0 1007542
8 1 1007578
