16 0 95721
86 0 95991
86 1 96063
16 1 96095
82 0 96384
69 0 96480
82 1 96535
69 1 96599
77 0 96702
69 0 96799
77 1 96806
69 1 96919
65 0 97088
65 1 97199
32 0 97256
32 1 97328
65 0 97359
65 1 97495
67 0 97552
67 1 97679
85 0 97728
85 1 97824
77 0 97983
77 1 98055
32 0 98160
32 1 98247
69 0 98255
69 1 98352
32 0 98408
32 1 98503
68 0 98527
69 0 98639
68 1 98686
69 1 98775
83 0 98904
83 1 98999
84 0 99120
84 1 99255
85 0 99295
85 1 99367
76 0 99672
76 1 99767
32 0 99951
32 1 100031
68 0 100039
69 0 100128
68 1 100182
69 1 100271
32 0 100328
32 1 100398
80 0 100648
76 0 100719
80 1 100814
76 1 100871
79 0 100991
79 1 101111
73 0 101256
73 1 101366
79 0 101473
79 1 101575
65 0 101608
65 1 101743
83 0 101751
83 1 101911
65 0 101934
65 1 102054
188 0 102231
188 1 102318
32 0 102439
32 1 102502
76 0 102688
76 1 102784
65 0 102792
65 1 102911
32 0 102992
32 1 103070
70 0 103159
69 0 103239
70 1 103318
69 1 103391
76 0 103552
76 1 103631
32 0 103776
32 1 103839
67 0 104248
67 1 104360
85 0 104360
85 1 104463
77 0 104632
77 1 104702
32 0 104816
32 1 104895
65 0 104918
65 1 105031
32 0 105096
32 1 105183
70 0 105191
70 1 105286
79 0 105359
79 1 105464
83 0 105479
83 1 105583
84 0 105679
84 1 105759
32 0 105887
32 1 105968
83 0 106039
83 1 106134
73 0 106151
73 1 106238
32 0 106335
32 1 106414
73 0 106776
78 0 106880
73 1 106942
78 1 106974
32 0 107071
32 1 107150
85 0 107304
85 1 107390
76 0 107726
76 1 107815
84 0 107992
84 1 108087
73 0 108191
73 1 108328
77 0 108376
77 1 108471
69 0 108576
69 1 108687
76 0 108816
76 1 108911
69 0 108935
69 1 109006
32 0 109120
32 1 109215
90 0 109271
90 1 109374
73 0 109423
73 1 109511
76 0 109640
76 1 109759
69 0 109775
69 1 109887
190 0 110039
190 1 110135
32 0 110280
32 1 110366
16 0 110423
68 0 110775
68 1 110919
16 1 110968
8 0 111208
8 1 111311
16 0 111383
84 0 111679
84 1 111792
16 1 111800
79 0 112064
79 1 112150
84 0 112248
84 1 112375
85 0 112503
85 1 112591
83 0 112639
83 1 112768
73 0 112768
73 1 112855
188 0 114335
188 1 114431
32 0 114536
65 0 114622
32 1 114630
65 1 114766
67 0 114839
67 1 114983
69 0 114999
69 1 115158
83 0 115256
83 1 115391
84 0 115535
84 1 115671
32 0 115736
32 1 115822
76 0 115943
76 1 116047
85 0 116215
85 1 116303
67 0 116327
67 1 116431
82 0 116561
82 1 116679
85 0 116775
85 1 116847
32 0 117015
32 1 117079
78 0 117206
85 0 117336
78 1 117351
85 1 117431
32 0 117551
32 1 117623
77 0 117742
65 0 117806
77 1 117822
65 1 117935
32 0 117999
68 0 118063
32 1 118102
68 1 118230
69 0 118255
82 0 118424
69 1 118440
82 1 118527
65 0 118751
65 1 118919
65 0 119016
65 1 119159
8 0 120760
8 1 120863
78 0 121624
78 1 121767
74 0 121880
74 1 121967
69 0 122007
69 1 122111
65 0 122319
65 1 122439
90 0 122624
65 0 122775
90 1 122807
65 1 122943
32 0 123000
32 1 123094
73 0 123262
78 0 123358
73 1 123415
78 1 123448
32 0 123583
32 1 123662
77 0 123767
77 1 123886
65 0 123910
65 1 124015
82 0 124175
69 0 124279
82 1 124335
69 1 124415
32 0 124471
32 1 124543
77 0 124655
65 0 124742
77 1 124767
83 0 124863
65 1 124902
83 1 125000
85 0 125104
85 1 125207
82 0 125512
65 0 125655
82 1 125679
65 1 125808
32 0 125895
68 0 125974
32 1 125990
69 0 126086
68 1 126158
69 1 126230
79 0 126303
79 1 126415
65 0 126422
65 1 126543
82 0 126832
69 0 126983
82 1 126998
69 1 127119
67 0 127248
69 0 127350
67 1 127416
69 1 127487
32 0 127536
32 1 127615
69 0 127655
69 1 127750
83 0 127871
83 1 127959
84 0 128015
84 1 128103
69 0 128167
69 1 128262
32 0 128319
32 1 128398
85 0 128575
85 1 128679
78 0 128751
78 1 128838
32 0 128967
32 1 129046
77 0 129167
79 0 129302
77 1 129342
79 1 129455
84 0 129543
89 0 129559
89 1 129599
84 1 129638
73 0 129711
73 1 129831
86 0 130239
86 1 130311
8 0 131360
8 1 131447
8 0 131559
8 1 131623
8 0 131710
8 1 131806
73 0 132736
73 1 132824
86 0 133080
86 1 133198
32 0 133311
32 1 133393
73 0 133478
78 0 133584
73 1 133646
78 1 133679
32 0 133791
32 1 133862
80 0 134079
76 0 134151
80 1 134222
76 1 134271
85 0 134432
85 1 134518
83 0 134575
83 1 134670
32 0 134744
32 1 134838
68 0 134846
69 0 134960
68 1 135030
69 1 135094
32 0 135110
32 1 135198
65 0 135255
65 1 135366
32 0 135430
32 1 135495
83 0 135558
83 1 135662
84 0 135759
84 1 135830
65 0 135895
65 1 135982
32 0 136039
32 1 136118
73 0 136279
78 0 136374
73 1 136438
78 1 136495
32 0 136600
32 1 136703
67 0 136807
65 0 136887
67 1 136967
65 1 137031
83 0 137176
65 0 137287
83 1 137335
65 1 137431
32 0 137808
77 0 137811
77 1 137872
32 1 137887
83 0 138088
83 1 138207
73 0 138263
73 1 138343
32 0 138439
32 1 138526
65 0 138551
65 1 138655
77 0 138679
77 1 138751
32 0 138879
32 1 138951
8 0 139359
8 1 139463
8 0 139567
8 1 139646
8 0 139728
8 1 139807
8 0 139887
8 1 139966
8 0 140038
8 1 140118
8 0 140198
8 1 140263
8 0 140334
8 1 140422
83 0 140919
83 1 141039
73 0 141087
73 1 141175
32 0 141279
32 1 141358
65 0 141382
65 1 141486
32 0 141503
32 1 141574
77 0 141711
77 1 141784
65 0 141792
65 1 141870
32 0 141919
32 1 141998
80 0 142399
82 0 142463
80 1 142494
69 0 142550
82 1 142608
69 1 142671
71 0 142943
65 0 143031
71 1 143038
65 1 143136
84 0 143192
84 1 143271
73 0 143511
73 1 143623
32 0 143679
32 1 143774
80 0 143975
69 0 144079
80 1 144094
69 1 144176
78 0 144455
78 1 144551
84 0 144559
82 0 144687
84 1 144735
82 1 144824
85 0 144901
85 1 144956
32 0 145069
32 1 145155
83 0 145213
83 1 145316
69 0 145436
69 1 145515
83 0 145668
83 1 145780
73 0 146085
73 1 146187
85 0 146285
85 1 146395
78 0 146629
78 1 146757
69 0 146772
69 1 146892
190 0 148172
190 1 148252
32 0 148436
32 1 148484
16 0 154173
16 0 154662
16 0 154695
16 0 154725
16 0 154771
16 0 154803
16 0 154834
16 0 154864
16 0 154899
16 0 154931
86 0 154931
86 1 155068
16 1 155107
82 0 155374
69 0 155509
82 1 155572
69 1 155635
77 0 155772
69 0 155843
77 1 155876
69 1 155940
65 0 156141
65 1 156252
32 0 156317
32 1 156403
80 0 159941
69 0 160037
80 1 160084
82 0 160133
69 1 160212
82 1 160284
70 0 160597
69 0 160660
70 1 160732
69 1 160804
67 0 161157
67 1 161260
84 0 161437
84 1 161556
65 0 161837
65 1 161940
32 0 162069
32 1 162148
80 0 163429
80 1 163517
69 0 163524
69 1 163692
78 0 163956
78 1 164068
84 0 164077
82 0 164140
84 1 164188
82 1 164252
85 0 164365
85 1 164436
32 0 164573
32 1 164652
77 0 164764
73 0 164900
77 1 164947
78 0 165092
73 1 165124
78 1 165220
69 0 165220
69 1 165339
32 0 165373
32 1 165475
65 0 165516
65 1 165644
82 0 165804
82 1 165907
32 0 165941
32 1 166059
70 0 167468
70 1 167572
73 0 167628
73 1 167748
32 0 168245
32 1 168347
67 0 168444
69 0 168588
67 1 168635
69 1 168723
65 0 168941
65 1 169059
32 0 169180
32 1 169283
68 0 169380
69 0 169492
68 1 169579
69 1 169644
32 0 169684
32 1 169796
80 0 170780
82 0 170884
80 1 170924
82 1 171004
73 0 171141
73 1 171252
77 0 171356
65 0 171470
77 1 171492
65 1 171596
86 0 171884
86 1 171964
65 0 171989
65 1 172100
82 0 172205
82 1 172284
65 0 172349
65 1 172436
188 0 172933
188 1 173020
32 0 173141
32 1 173235
68 0 173268
69 0 173404
68 1 173451
69 1 173555
86 0 173747
86 1 173924
82 0 173932
82 1 174061
69 0 174172
69 1 174300
77 0 174349
77 1 174435
69 0 174452
69 1 174572
188 0 175948
188 1 176028
32 0 177981
32 1 178076
67 0 178108
65 0 178204
67 1 178269
65 1 178348
78 0 178469
78 1 178548
68 0 178571
68 1 178668
32 0 178700
32 1 178781
73 0 179029
78 0 179140
73 1 179220
78 1 179275
67 0 179508
65 0 179604
67 1 179668
65 1 179748
32 0 179844
32 1 179923
69 0 179996
69 1 180108
32 0 180133
32 1 180237
68 0 180820
69 0 180924
68 1 180955
69 1 181059
83 0 181212
83 1 181339
84 0 181516
84 1 181629
85 0 181660
85 1 181756
76 0 182013
76 1 182117
32 0 182285
68 0 182372
32 1 182388
69 0 182459
68 1 182555
69 1 182620
32 0 182644
32 1 182748
70 0 182755
82 0 182876
70 1 182964
82 1 183011
73 0 183252
73 1 183388
71 0 183604
71 1 183691
32 0 183884
32 1 183971
68 0 184108
65 0 184260
68 1 184299
65 1 184419
82 0 184564
82 1 184676
32 0 186381
32 1 186492
83 0 186644
83 1 186763
73 0 186812
73 1 186940
32 0 187060
32 1 187140
85 0 189077
85 1 189188
77 0 189381
69 0 189476
77 1 189500
69 1 189580
90 0 189877
90 1 189980
69 0 190229
69 1 190332
65 0 190477
65 1 190612
76 0 190724
76 1 190843
65 0 190868
65 1 190949
32 0 191044
32 1 191123
69 0 191156
69 1 191252
83 0 191388
83 1 191467
84 0 191532
84 1 191619
69 0 191708
69 1 191789
32 0 191925
32 1 192028
83 0 192172
83 1 192323
67 0 192356
67 1 192499
65 0 192636
65 1 192780
90 0 192893
90 1 193036
85 0 193116
85 1 193228
84 0 193349
84 1 193484
65 0 193685
65 1 193829
190 0 193900
190 1 193980
32 0 194157
32 1 194227
16 0 194572
16 0 195071
67 0 195092
16 1 195164
67 1 195196
85 0 195437
85 1 195516
77 0 195701
77 1 195804
86 0 197269
86 1 197347
65 0 197372
65 1 197467
188 0 197756
188 1 197820
32 0 197964
32 1 198044
77 0 198155
77 1 198259
69 0 198268
69 1 198403
68 0 198548
68 1 198668
73 0 198708
73 1 198795
85 0 198908
85 1 198988
76 0 199276
76 1 199372
32 0 199596
32 1 199683
16 0 199994
16 1 200060
85 0 200565
83 0 200636
85 1 200676
83 1 200764
67 0 200892
67 1 201027
65 0 201173
65 1 201292
84 0 201397
84 1 201484
32 0 201621
32 1 201715
83 0 201740
83 1 201843
73 0 201893
73 1 201979
32 0 202124
82 0 202180
32 1 202220
69 0 202276
82 1 202331
69 1 202419
67 0 202652
69 0 202772
67 1 202819
69 1 202923
32 0 202963
32 1 203051
73 0 203172
77 0 203292
73 1 203332
77 1 203435
73 0 203508
73 1 203596
32 0 203773
32 1 203876
67 0 203965
67 1 204084
82 0 204213
82 1 204325
69 0 204429
69 1 204540
69 0 205012
69 1 205124
65 0 205292
65 1 205410
90 0 205826
88 0 205835
88 1 205963
65 0 205964
90 1 206003
65 1 206083
8 0 207307
8 1 207410
8 0 207491
8 1 207571
65 0 207874
65 1 208003
32 0 208123
32 1 208202
79 0 208923
79 1 209002
32 0 209131
32 1 209210
83 0 209323
83 1 209442
84 0 209474
84 1 209563
65 0 209595
65 1 209722
82 0 209730
82 1 209819
69 0 209962
69 1 210050
32 0 210300
32 1 210402
68 0 210442
68 1 210579
69 0 210611
69 1 210770
32 0 210811
32 1 210890
66 0 211067
66 1 211170
73 0 211277
78 0 211410
73 1 211490
78 1 211594
69 0 211618
69 1 211786
190 0 212746
190 1 212826
32 0 212955
32 1 213042
16 0 213066
80 0 213242
16 1 213330
80 1 213354
79 0 213459
79 1 213570
65 0 213618
65 1 213747
84 0 214428
69 0 214507
84 1 214522
69 1 214651
32 0 214732
32 1 214827
70 0 214866
70 1 214995
73 0 215108
73 1 215195
32 0 215316
32 1 215395
67 0 215475
67 1 215571
73 0 215668
73 1 215763
85 0 215875
85 1 215963
68 0 216219
68 1 216403
65 0 216443
65 1 216627
84 0 216748
84 1 216819
188 0 217252
188 1 217338
32 0 217436
32 1 217538
80 0 217882
80 1 217970
79 0 218100
79 1 218202
65 0 218572
65 1 218699
84 0 218755
84 1 218843
69 0 219092
69 1 219211
32 0 219275
32 1 219371
83 0 219418
65 0 219554
83 1 219602
65 1 219682
32 0 219723
32 1 219818
78 0 219954
85 0 220083
78 1 220122
85 1 220187
32 0 220307
32 1 220394
70 0 220402
70 1 220546
73 0 220594
69 0 220706
73 1 220722
69 1 220818
32 0 220923
32 1 221011
67 0 221099
67 1 221218
73 0 221307
73 1 221410
85 0 221531
85 1 221626
68 0 221683
65 0 221811
68 1 221875
65 1 221971
84 0 221995
84 1 222083
190 0 222683
190 1 222829
32 0 222829
32 1 222906
16 0 223666
84 0 223770
84 1 223882
16 1 223890
79 0 224763
79 1 224843
84 0 225259
84 1 225395
85 0 225459
85 1 225580
83 0 225756
83 1 225883
73 0 225908
73 1 226027
188 0 226539
188 1 226634
32 0 227268
32 1 227362
67 0 227418
67 1 227554
69 0 227611
69 1 227738
32 0 227803
32 1 227890
69 0 227922
69 1 228018
32 0 228042
32 1 228132
67 0 228195
67 1 228315
73 0 228466
73 1 228571
85 0 228675
85 1 228762
68 0 228852
83 0 228861
65 0 228938
83 1 228946
68 1 228970
65 1 229074
84 0 229235
84 1 229338
32 0 229499
32 1 229595
8 0 230538
8 1 230635
8 0 230739
8 1 230826
8 0 230915
8 1 231034
8 0 231219
8 1 231331
65 0 231387
65 1 231483
84 0 232204
84 1 232283
32 0 232436
32 1 232515
69 0 232531
69 1 232644
32 0 232707
32 1 232786
67 0 232891
65 0 233058
67 1 233066
65 1 233210
32 0 233235
32 1 233338
78 0 233451
85 0 233578
78 1 233610
85 1 233682
32 0 233747
32 1 233842
80 0 234202
219 0 234218
219 1 234244
80 1 234306
82 0 234307
69 0 234370
82 1 234410
69 1 234474
65 0 234666
65 1 234770
32 0 234851
32 1 234922
77 0 235034
65 0 235122
77 1 235130
65 1 235226
73 0 235290
73 1 235378
32 0 235538
32 1 235611
65 0 235914
65 1 236034
77 0 236051
77 1 236115
32 0 236250
32 1 236330
67 0 236339
69 0 236466
67 1 236498
69 1 236602
32 0 236666
32 1 236755
83 0 236803
65 0 236898
83 1 236931
65 1 237018
32 0 237050
32 1 237146
83 0 237354
67 0 237499
83 1 237515
67 1 237626
82 0 237786
82 1 237890
73 0 238027
73 1 238114
85 0 238228
85 1 238291
32 0 238443
32 1 238538
67 0 238586
65 0 238690
67 1 238738
65 1 238818
32 0 238899
32 1 238994
83 0 239010
65 0 239122
83 1 239178
65 1 239258
32 0 239307
32 1 239402
85 0 239547
85 1 239634
77 0 239787
77 1 239874
80 0 240068
189 0 240091
189 1 240106
76 0 240154
80 1 240226
76 1 240298
85 0 240490
85 1 240570
32 0 240698
32 1 240802
67 0 240802
65 0 240883
67 1 240938
65 1 241026
83 0 241172
83 1 241274
85 0 241314
85 1 241402
84 0 241563
84 1 241650
65 0 241666
65 1 241779
32 0 241858
32 1 241955
68 0 242210
69 0 242338
68 1 242402
69 1 242475
32 0 242506
32 1 242618
84 0 243235
84 1 243442
69 0 245267
69 1 245371
88 0 245771
88 1 245891
84 0 245922
84 1 246043
190 0 247380
190 1 247458
32 0 247595
32 1 247674
16 0 247690
78 0 248171
16 1 248250
78 1 248251
65 0 248412
65 1 248522
188 0 248787
188 1 248874
32 0 248970
32 1 249066
65 0 249130
65 1 249242
73 0 249283
73 1 249378
65 0 249418
65 1 249483
32 0 249562
32 1 249675
69 0 251315
69 1 251403
188 0 251587
188 1 251668
32 0 251763
32 1 251858
65 0 251898
65 1 252034
84 0 252115
84 1 252210
65 0 252250
65 1 252346
84 0 252418
84 1 252514
65 0 252554
65 1 252642
32 0 252786
32 1 252882
83 0 252923
83 1 253034
189 0 253195
189 1 253274
65 0 253314
65 1 253418
32 0 253474
32 1 253546
80 0 253731
80 1 253834
85 0 253995
85 1 254098
84 0 254195
84 1 254330
85 0 254363
85 1 254474
84 0 254474
84 1 254571
190 0 255724
190 1 255779
16 0 271224
16 0 271714
16 0 271761
16 0 271793
16 0 271822
16 0 271852
16 0 271883
16 0 271914
16 0 271952
16 0 271983
16 0 272014
16 0 272045
16 0 272076
16 0 272123
16 0 272165
16 0 272182
16 0 272213
16 0 272244
16 0 272274
16 0 272309
16 0 272340
16 0 272387
16 0 272418
16 0 272452
16 0 272483
16 0 272514
16 0 272546
16 0 272577
16 0 272608
16 0 272640
16 0 272670
16 0 272702
16 0 272755
16 0 272780
16 0 272811
16 0 272841
16 0 272875
16 0 272906
16 0 272937
16 0 272970
16 0 273002
16 0 273033
16 0 273080
16 0 273111
16 0 273142
16 0 273173
16 0 273206
16 0 273237
16 0 273268
16 0 273299
16 0 273330
16 0 273363
90 0 273368
16 1 273463
90 1 273511
73 0 273817
73 1 273927
85 0 274072
85 1 274191
65 0 274312
65 1 274431
32 0 274520
32 1 274607
73 0 275119
73 1 275215
68 0 275231
69 0 275311
68 1 275375
69 1 275439
65 0 275624
65 1 275743
76 0 275783
76 1 275911
65 0 275943
65 1 276047
32 0 276160
32 1 276239
80 0 279361
80 1 279479
69 0 279479
69 1 279591
78 0 279664
78 1 279815
84 0 279824
82 0 279976
84 1 280015
85 0 280079
82 1 280103
85 1 280183
32 0 280319
32 1 280400
77 0 280536
73 0 280632
77 1 280680
73 1 280776
78 0 280816
78 1 280919
69 0 280936
69 1 281072
32 0 281072
32 1 281151
78 0 281256
85 0 281375
78 1 281407
85 1 281478
32 0 281536
32 1 281631
80 0 282241
80 1 282352
82 0 282352
69 0 282440
82 1 282496
69 1 282560
65 0 282745
65 1 282863
32 0 282944
32 1 283025
80 0 283143
79 0 283263
80 1 283312
79 1 283375
65 0 283415
65 1 283528
84 0 283623
69 0 283711
84 1 283719
69 1 283816
32 0 283913
32 1 284008
70 0 284392
70 1 284511
73 0 284567
73 1 284632
32 0 284767
32 1 284831
73 0 284920
78 0 285023
73 1 285095
78 1 285159
83 0 285376
83 1 285519
67 0 285584
67 1 285704
82 0 285831
82 1 285960
73 0 286031
73 1 286128
83 0 286143
83 1 286239
65 0 286383
65 1 286519
32 0 286593
32 1 286679
73 0 286752
78 0 286895
73 1 286951
78 1 287007
32 0 287111
65 0 287191
32 1 287198
65 1 287312
78 0 287352
85 0 287487
78 1 287543
85 1 287623
77 0 287759
73 0 287879
77 1 287943
73 1 288015
84 0 288199
84 1 288287
69 0 288303
69 1 288400
32 0 288504
32 1 288583
83 0 289071
83 1 289183
84 0 289295
84 1 289385
65 0 289385
65 1 289503
78 0 289751
78 1 289839
68 0 289951
65 0 290007
68 1 290071
65 1 290167
82 0 290239
82 1 290327
68 0 290960
69 0 291023
68 1 291087
69 1 291183
32 0 291216
32 1 291303
83 0 291367
83 1 291471
73 0 291471
73 1 291567
32 0 291696
32 1 291775
78 0 291871
85 0 291991
78 1 292023
85 1 292087
32 0 292168
32 1 292255
80 0 292600
80 1 292687
82 0 292711
69 0 292783
82 1 292831
69 1 292895
65 0 293073
65 1 293184
32 0 293296
32 1 293383
69 0 293392
69 1 293495
32 0 293535
32 1 293616
80 0 293839
79 0 293895
80 1 294023
79 1 294087
83 0 294240
83 1 294375
73 0 294472
73 1 294591
66 0 294768
66 1 294871
73 0 294911
73 1 295000
76 0 295416
76 1 295495
190 0 295879
190 1 295951
32 0 296128
32 1 296207
16 0 296239
73 0 296439
16 1 296519
73 1 296535
77 0 296831
73 0 296903
77 1 296959
73 1 297023
32 0 297137
32 1 297223
68 0 297272
68 1 297391
79 0 297647
79 1 297760
82 0 297823
69 0 297943
82 1 297967
69 1 298047
83 0 298208
83 1 298312
67 0 298464
67 1 298575
32 0 298663
32 1 298750
73 0 298839
78 0 298983
73 1 299039
78 1 299111
32 0 299207
32 1 299303
65 0 299319
65 1 299431
67 0 299559
69 0 299664
67 1 299703
69 1 299799
76 0 300007
65 0 300160
76 1 300167
83 0 300295
65 1 300303
83 1 300407
73 0 300535
73 1 300615
32 0 300720
32 1 300823
84 0 300935
84 1 301063
73 0 301095
79 0 301111
79 1 301167
73 1 301327
77 0 301327
77 1 301471
80 0 301768
80 1 301847
32 0 302018
32 1 302111
83 0 302151
65 0 302215
83 1 302270
65 1 302342
32 0 302367
32 1 302455
37 0 304192
37 0 304695
37 0 304726
37 0 304758
37 0 304790
37 0 304821
37 1 304823
37 0 304968
37 1 305047
20 0 305544
39 0 305696
20 1 305751
39 1 305831
8 0 306319
8 1 306447
20 0 306584
20 1 306729
39 0 306992
39 0 307485
39 0 307517
39 0 307547
39 0 307595
39 1 307615
38 0 311720
38 1 311895
39 0 311999
39 0 312518
39 0 312533
39 0 312564
39 0 312597
39 0 312627
39 0 312658
39 0 312690
39 0 312722
39 0 312753
39 0 312800
39 0 312832
39 0 312865
39 0 312895
39 0 312927
39 1 312951
39 0 313256
39 1 313359
65 0 313456
65 1 313559
39 0 313727
39 1 313815
40 0 313983
40 1 314143
37 0 314873
37 1 314992
39 0 315423
39 1 315463
68 0 316583
68 1 316695
79 0 316791
79 1 316944
82 0 316992
82 1 317095
77 0 317200
77 1 317279
32 0 317392
32 1 317487
8 0 318280
8 1 318392
8 0 318512
8 1 318591
8 0 318688
8 1 318767
8 0 318872
8 1 318920
8 0 319015
8 1 319087
77 0 319823
65 0 319895
77 1 319904
65 1 319999
32 0 320023
32 1 320103
84 0 320287
84 1 320407
82 0 320575
82 1 320670
69 0 320688
69 1 320783
90 0 321023
90 1 321119
69 0 321264
69 1 321367
83 0 321511
83 1 321639
67 0 321663
67 1 321775
32 0 321856
32 1 321950
68 0 321958
69 0 322055
68 1 322111
69 1 322207
86 0 322335
86 1 322415
82 0 322488
69 0 322607
82 1 322655
69 1 322735
77 0 322896
77 1 322975
69 0 322975
69 1 323088
188 0 323184
188 1 323288
32 0 323400
32 1 323511
68 0 323519
65 0 323583
68 1 323640
65 1 323735
82 0 323855
82 1 323926
32 0 324063
32 1 324143
83 0 324191
83 1 324278
73 0 324335
73 1 324416
32 0 324528
32 1 324623
83 0 324703
65 0 324799
83 1 324855
65 1 324967
32 0 325016
32 1 325102
68 0 325175
68 1 325279
79 0 325568
79 1 325663
82 0 325687
82 1 325791
77 0 325896
77 1 325951
32 0 326063
32 1 326135
80 0 326367
80 1 326495
65 0 326511
65 1 326639
78 0 326711
78 1 326791
65 0 326831
65 1 326919
32 0 326951
32 1 327030
84 0 327223
65 0 327295
84 1 327310
65 1 327382
82 0 327455
82 1 327527
90 0 327695
90 1 327799
73 0 327960
73 1 328031
85 0 328152
85 1 328223
188 0 328911
188 1 329023
32 0 329135
32 1 329207
83 0 331583
65 0 331653
83 1 331741
65 1 331813
32 0 332853
32 1 332941
73 0 335902
73 1 336014
69 0 336030
69 1 336133
83 0 336286
83 1 336422
32 0 336494
32 1 336589
65 0 336637
65 1 336749
70 0 336821
70 1 336908
65 0 336949
65 1 337045
82 0 337070
82 1 337142
65 0 337189
65 1 337278
32 0 337357
32 1 337430
76 0 337653
76 1 337757
65 0 337765
65 1 337877
32 0 337928
32 1 338013
79 0 338149
79 1 338229
32 0 338341
32 1 338429
80 0 338757
76 0 338829
80 1 338925
76 1 338965
73 0 339117
73 1 339229
77 0 339341
77 1 339445
66 0 339613
66 1 339709
65 0 339717
65 1 339829
82 0 339917
82 1 340005
69 0 340022
69 1 340125
32 0 340230
32 1 340309
83 0 340397
65 0 340469
83 1 340541
65 1 340612
85 0 340757
85 1 340822
32 0 340965
32 1 341053
76 0 343310
76 1 343429
65 0 343462
65 1 343558
32 0 343694
32 1 343781
79 0 345054
79 1 345149
32 0 345326
32 1 345413
67 0 345805
65 0 345933
67 1 345965
65 1 346061
70 0 346077
70 1 346205
69 0 346253
69 1 346349
65 0 346518
65 1 346653
32 0 346710
32 1 346813
67 0 347301
67 1 347389
85 0 347421
85 1 347501
32 0 347654
32 1 347741
67 0 347773
67 1 347877
73 0 347941
78 0 348053
73 1 348125
78 1 348197
69 0 348229
69 1 348358
86 0 348645
65 0 348733
86 1 348749
65 1 348854
188 0 349310
188 1 349389
32 0 349542
32 1 349630
68 0 349701
65 0 349789
68 1 349869
65 1 349941
82 0 350069
82 1 350142
32 0 350357
32 1 350422
73 0 350701
78 0 350877
73 1 350885
77 0 350917
77 1 350950
78 1 350957
8 0 351367
8 1 351477
8 0 352229
8 1 352341
77 0 353102
73 0 353214
77 1 353253
73 1 353318
32 0 353438
32 1 353525
68 0 353597
68 1 353741
79 0 353981
79 1 354077
82 0 354117
69 0 354229
82 1 354269
69 1 354349
83 0 354502
83 1 354613
67 0 354727
67 1 354838
32 0 354933
32 1 355013
83 0 355061
83 1 355149
73 0 355221
73 1 355293
32 0 355421
83 0 355493
32 1 355509
65 0 355581
83 1 355648
65 1 355733
32 0 355781
32 1 355861
83 0 355901
83 1 355996
84 0 356069
84 1 356140
65 0 356205
65 1 356309
85 0 356429
85 1 356501
32 0 356653
32 1 356728
73 0 356854
78 0 356997
73 1 357045
78 1 357093
32 0 357237
32 1 357325
67 0 357405
65 0 357525
67 1 357557
65 1 357645
83 0 357861
65 0 357981
83 1 358036
65 1 358124
32 0 358182
32 1 358285
73 0 358414
78 0 358549
73 1 358597
78 1 358677
84 0 358837
82 0 358958
84 1 359004
82 1 359085
189 0 359277
189 1 359365
79 0 359727
79 1 359813
32 0 359990
32 1 360085
83 0 360230
83 1 360349
84 0 360405
65 0 360486
84 1 360494
65 1 360588
82 0 360645
82 1 360725
69 0 360774
69 1 360877
32 0 360981
32 1 361061
86 0 361197
69 0 361294
86 1 361348
69 1 361445
71 0 361669
71 1 361756
69 0 361765
69 1 361861
84 0 362014
65 0 362078
84 1 362101
65 1 362189
84 0 362237
84 1 362317
73 0 362662
73 1 362749
86 0 362966
86 1 363053
65 0 363054
65 1 363149
32 0 363229
32 1 363309
78 0 363598
69 0 363693
78 1 363701
69 1 363797
70 0 364053
70 1 364142
65 0 364142
65 1 364245
67 0 364301
67 1 364389
65 0 364566
65 1 364669
78 0 364909
78 1 365005
70 0 365101
70 1 365158
68 0 365445
68 1 365517
8 0 365861
8 1 365989
8 0 366093
68 0 366109
8 1 366157
68 1 366188
32 0 366726
32 1 366821
65 0 367213
65 1 367349
66 0 367422
66 1 367525
83 0 367990
83 1 368101
79 0 368133
79 1 368213
76 0 368358
76 1 368438
85 0 368686
85 1 368781
84 0 369030
84 1 369190
32 0 369246
32 1 369341
78 0 369469
73 0 369589
78 1 369637
73 1 369733
77 0 369861
73 0 369957
77 1 370029
73 1 370117
67 0 370213
67 1 370309
190 0 370646
190 1 370718
8 0 371645
8 1 371765
188 0 373173
188 1 373253
32 0 373390
32 1 373477
73 0 373862
77 0 373974
73 1 374021
77 1 374117
73 0 374159
73 1 374261
32 0 374423
32 1 374508
68 0 374773
68 1 374909
79 0 375117
79 1 375284
82 0 375558
82 1 375742
69 0 375742
69 1 375909
83 0 376165
67 0 376293
83 1 376332
67 1 376412
32 0 376526
32 1 376629
83 0 376629
65 0 376734
83 1 376805
65 1 376901
32 0 376957
32 1 377053
70 0 377077
70 1 377213
73 0 377294
73 1 377396
85 0 377685
85 1 377774
32 0 377957
32 1 378046
80 0 378573
82 0 378669
80 1 378701
82 1 378773
79 0 378853
79 1 378973
68 0 379261
68 1 379373
85 0 379527
85 1 379621
67 0 379878
67 1 380013
84 0 380070
84 1 380141
73 0 380502
73 1 380583
86 0 380885
86 1 380941
188 0 381358
188 1 381453
32 0 381605
32 1 381709
68 0 381757
65 0 381830
68 1 381893
65 1 381981
82 0 382213
82 1 382350
32 0 382413
32 1 382501
83 0 382629
83 1 382749
73 0 382781
73 1 382869
32 0 383021
32 1 383109
83 0 384583
65 0 384709
83 1 384780
65 1 384879
32 0 384909
32 1 384997
76 0 385365
76 1 385469
69 0 385493
69 1 385630
78 0 385789
78 1 385885
69 0 385925
69 1 386117
86 0 386205
86 1 386333
69 0 386407
69 1 386557
83 0 386758
83 1 386933
67 0 387285
67 1 387421
190 0 387758
190 1 387868
32 0 392475
32 1 392618
16 0 393034
16 0 393543
16 0 393575
16 0 393607
16 0 393638
16 0 393669
16 0 393700
16 0 393745
16 0 393775
16 0 393807
16 0 393838
16 0 393868
16 0 393899
16 0 393948
16 0 393979
16 0 394010
16 0 394041
16 0 394073
16 0 394106
16 0 394135
16 0 394171
67 0 394186
16 1 394290
67 1 394298
85 0 394394
85 1 394498
77 0 394731
77 1 394834
86 0 395378
86 1 395475
65 0 395500
65 1 395609
188 0 395931
188 1 396018
32 0 396219
32 1 396306
67 0 396538
67 1 396666
72 0 396682
72 1 396794
69 0 396794
69 1 396905
83 0 397011
83 1 397122
84 0 397130
84 1 397250
73 0 398115
65 0 398251
73 1 398282
65 1 398395
32 0 398539
32 1 398594
65 0 398771
83 0 398938
65 1 398962
83 1 399073
84 0 399114
65 0 399178
84 1 399217
65 1 399307
8 0 399634
8 1 399729
8 0 399850
8 1 399914
84 0 401586
84 1 401674
65 0 401674
65 1 401771
188 0 402106
188 1 402202
32 0 402314
32 1 402402
76 0 402538
76 1 402642
85 0 402810
85 1 402890
80 0 403098
80 1 403194
84 0 403474
84 1 403554
65 0 403562
65 1 403674
32 0 403788
32 1 403882
68 0 403922
68 1 404042
73 0 404114
78 0 404250
73 1 404290
78 1 404371
84 0 404715
84 1 404786
82 0 404930
82 1 405010
69 0 405050
69 1 405169
32 0 405290
32 1 405378
76 0 405586
76 1 405689
69 0 405714
69 1 405826
78 0 405883
78 1 405978
69 0 405978
69 1 406066
32 0 406122
32 1 406202
83 0 406266
83 1 406361
73 0 406386
73 1 406458
32 0 406643
32 1 406746
80 0 406946
80 1 407066
82 0 407138
82 1 407226
79 0 407234
79 1 407370
68 0 407674
68 1 407778
85 0 407882
85 1 407963
67 0 408034
67 1 408122
84 0 408242
84 1 408321
73 0 408762
73 1 408834
86 0 409163
86 1 409259
73 0 409322
73 1 409426
84 0 409595
65 0 409674
84 1 409690
65 1 409779
84 0 409826
84 1 409898
69 0 409946
69 1 410043
188 0 410275
188 1 410362
32 0 410507
32 1 410593
69 0 410682
69 1 410786
32 0 410850
32 1 410930
67 0 411354
69 0 411498
67 1 411522
69 1 411603
69 0 411738
69 1 411866
65 0 412042
65 1 412154
32 0 412266
32 1 412347
67 0 412355
69 0 412458
67 1 412506
69 1 412577
32 0 412627
32 1 412714
77 0 413114
73 0 413202
77 1 413250
73 1 413314
32 0 413442
32 1 413538
83 0 413554
83 1 413642
69 0 413746
69 1 413834
32 0 413866
32 1 413963
73 0 414066
78 0 414194
73 1 414259
78 1 414322
84 0 414499
84 1 414586
65 0 414650
65 1 414738
77 0 415011
77 1 415098
80 0 415275
76 0 415371
80 1 415442
76 1 415514
65 0 415556
65 1 415658
32 0 415730
32 1 415819
90 0 415930
90 1 416034
73 0 416146
73 1 416234
32 0 416402
32 1 416498
68 0 416538
69 0 416626
68 1 416673
69 1 416738
32 0 416818
32 1 416906
90 0 417082
90 1 417194
73 0 417242
73 1 417322
32 0 417434
32 1 417530
83 0 417570
83 1 417675
73 0 417738
73 1 417818
32 0 417915
32 1 417986
77 0 418114
79 0 418242
77 1 418306
79 1 418386
84 0 418546
84 1 418650
73 0 418746
73 1 418865
86 0 419130
86 1 419243
85 0 419298
85 1 419362
76 0 419626
186 0 419642
186 1 419666
76 1 419698
32 0 419914
32 1 420010
80 0 420146
80 1 420274
69 0 420282
69 1 420378
78 0 420762
78 1 420834
84 0 420986
82 0 421098
84 1 421153
82 1 421233
85 0 421266
85 1 421354
32 0 421474
32 1 421578
67 0 421650
65 0 421802
67 1 421818
65 1 421883
82 0 422050
69 0 422155
82 1 422185
69 1 422273
32 0 422306
32 1 422394
73 0 422506
77 0 422634
73 1 422650
77 1 422778
73 0 422786
73 1 422882
32 0 422994
32 1 423090
69 0 423114
69 1 423217
32 0 423243
32 1 423338
73 0 423674
77 0 423778
73 1 423834
77 1 423898
80 0 424098
79 0 424186
80 1 424274
79 1 424313
83 0 424418
83 1 424522
73 0 424946
73 1 425051
66 0 425066
66 1 425162
73 0 425226
73 1 425307
76 0 425547
76 1 425642
32 0 425842
32 1 425938
83 0 425994
65 0 426090
83 1 426130
65 1 426218
32 0 426306
32 1 426385
71 0 426570
71 1 426658
65 0 426658
65 1 426761
83 0 426834
83 1 426930
69 0 427066
69 1 427154
83 0 427306
83 1 427434
67 0 427450
67 1 427570
32 0 427651
32 1 427746
79 0 427994
79 1 428081
32 0 428218
32 1 428314
90 0 428314
90 1 428418
73 0 428530
73 1 428610
32 0 428699
32 1 428794
8 0 430466
8 1 430586
8 0 430698
8 1 430770
8 0 430866
8 1 430938
8 0 431026
8 1 431089
8 0 431170
8 1 431250
8 0 431330
8 1 431418
32 0 431930
32 1 432026
85 0 432243
85 1 432354
78 0 432435
78 1 432522
32 0 432619
32 1 432699
84 0 432786
84 1 432897
73 0 433002
73 1 433090
80 0 433338
80 1 433426
32 0 433698
32 1 433785
68 0 433826
69 0 433967
51 0 433971
51 1 433987
68 1 434041
69 1 434122
32 0 434170
32 1 434259
90 0 434682
90 1 434801
73 0 434850
73 1 434921
32 0 435058
32 1 435154
67 0 435650
65 0 435754
67 1 435778
65 1 435866
82 0 435986
69 0 436090
82 1 436137
69 1 436202
8 0 436418
8 1 436530
8 0 436642
8 1 436721
8 0 436835
8 1 436914
8 0 437010
8 1 437107
80 0 437226
80 1 437338
69 0 437354
69 1 437466
78 0 437563
78 1 437626
8 0 438187
8 1 438290
32 0 438698
32 1 438778
67 0 438986
65 0 439066
67 1 439121
65 1 439217
82 0 439394
69 0 439506
82 1 439562
69 1 439634
32 0 439642
32 1 439715
76 0 439994
76 1 440074
189 0 440394
189 1 440467
65 0 440514
65 1 440666
83 0 440914
83 1 441010
32 0 441130
32 1 441226
67 0 441283
67 1 441394
79 0 441578
79 1 441706
78 0 441834
78 1 441953
83 0 441978
83 1 442082
73 0 442170
73 1 442298
68 0 442331
69 0 442450
68 1 442489
69 1 442587
82 0 442674
82 1 442753
65 0 442946
65 1 443066
32 0 443139
32 1 443234
80 0 444162
69 0 444242
80 1 444265
69 1 444378
82 0 444378
82 1 444490
70 0 444827
69 0 444922
70 1 444978
69 1 445066
67 0 445186
67 1 445314
84 0 445388
84 1 445474
16 0 461079
76 0 461576
16 1 461680
76 1 461688
65 0 461807
65 1 461944
32 0 461991
32 1 462079
70 0 462232
69 0 462360
70 1 462415
69 1 462495
76 0 462616
76 1 462769
32 0 462777
32 1 462871
67 0 463087
67 1 463208
85 0 463215
85 1 463327
77 0 463736
77 1 463839
32 0 463976
32 1 464056
83 0 464807
83 1 464919
84 0 465328
84 1 465431
73 0 465495
73 1 465591
77 0 465727
77 1 465784
32 0 465903
32 1 465983
67 0 466087
67 1 466191
85 0 466273
85 1 466351
32 0 466464
32 1 466544
84 0 466671
84 1 466800
79 0 466911
79 1 467015
84 0 467127
84 1 467239
73 0 467424
73 1 467495
73 0 467560
73 1 467647
188 0 468064
188 1 468183
32 0 468327
32 1 468414
83 0 468512
83 1 468615
73 0 468680
73 1 468784
83 0 469024
83 1 469159
84 0 469239
84 1 469327
69 0 469359
69 1 469455
77 0 469664
77 1 469751
85 0 469887
85 1 469967
76 0 470151
76 1 470255
32 0 470407
32 1 470495
68 0 470511
69 0 470600
68 1 470656
69 1 470719
32 0 470743
32 1 470847
73 0 470936
78 0 471055
73 1 471119
78 1 471175
86 0 471368
86 1 471463
65 0 471471
65 1 471575
84 0 471623
84 1 471720
65 0 471745
65 1 471831
77 0 472047
65 0 472135
77 1 472143
65 1 472223
78 0 472288
78 1 472383
84 0 472681
84 1 472753
32 0 472904
32 1 472983
68 0 473016
68 1 473119
73 0 473216
78 0 473327
73 1 473374
78 1 473439
32 0 473544
32 1 473639
16 0 473817
82 0 474151
82 1 474239
16 1 474247
79 0 474593
79 1 474696
77 0 474856
65 0 474943
77 1 474951
65 1 475071
78 0 475167
73 0 475311
78 1 475343
73 1 475447
65 0 475487
65 1 475583
32 0 476263
32 1 476344
69 0 476608
69 1 476713
83 0 476855
83 1 476935
84 0 477040
84 1 477127
69 0 477199
69 1 477319
32 0 477433
32 1 477519
85 0 477759
85 1 477911
78 0 477935
85 0 478072
78 1 478103
85 1 478184
76 0 478712
32 0 478889
76 1 478896
32 1 478982
68 0 479191
68 1 479416
69 0 479416
69 1 479543
8 0 479896
8 1 480007
8 0 480120
8 1 480192
73 0 480455
78 0 480592
73 1 480663
78 1 480728
86 0 480912
86 1 481008
69 0 481015
69 1 481112
67 0 481328
67 1 481423
72 0 481543
72 1 481639
73 0 481744
73 1 481855
84 0 482344
84 1 482415
188 0 482784
188 1 482871
32 0 483023
32 1 483119
68 0 483207
69 0 483299
68 1 483350
69 1 483447
80 0 483616
80 1 483727
65 0 483736
83 0 483887
65 1 483903
83 1 484031
73 0 484168
73 1 484271
84 0 484503
84 1 484576
188 0 485392
188 1 485479
32 0 485672
32 1 485743
67 0 485839
65 0 485951
67 1 485990
65 1 486071
82 0 486143
82 1 486223
69 0 486247
69 1 486360
32 0 486512
32 1 486607
78 0 486719
72 0 486743
72 1 486815
85 0 486831
78 1 486838
85 1 486943
32 0 487072
32 1 487159
77 0 487263
77 1 487383
65 0 487384
65 1 487479
73 0 487495
73 1 487591
32 0 487712
32 1 487791
70 0 487944
70 1 488039
65 0 488047
65 1 488159
67 0 488200
67 1 488287
69 0 488368
69 1 488463
32 0 488512
32 1 488599
70 0 488751
65 0 488839
70 1 488847
65 1 488943
84 0 488991
84 1 489071
65 0 489079
65 1 489167
190 0 489512
190 1 489599
16 0 489679
32 0 489801
32 1 489895
16 1 489967
68 0 489975
68 1 490104
69 0 490200
69 1 490335
83 0 490527
83 1 490647
73 0 490727
73 1 490807
188 0 491256
188 1 491352
32 0 491488
32 1 491584
67 0 491607
69 0 491695
67 1 491759
69 1 491831
76 0 491855
76 1 491935
32 0 492072
32 1 492151
80 0 492311
80 1 492408
85 0 492591
85 1 492679
84 0 492856
84 1 492967
73 0 493064
73 1 493160
78 0 493248
78 1 493335
32 0 493433
32 1 493511
76 0 493743
65 0 493847
76 1 493863
65 1 493960
32 0 494064
32 1 494151
78 0 494368
78 1 494480
73 0 494488
73 1 494639
86 0 495008
69 0 495055
86 1 495143
69 1 495239
76 0 495335
76 1 495423
32 0 495568
32 1 495647
84 0 495807
84 1 495879
69 0 495903
69 1 496023
79 0 496248
79 1 496327
82 0 496375
82 1 496487
69 0 496584
69 1 496719
84 0 496848
84 1 496919
73 0 497256
73 1 497329
67 0 497664
67 1 497744
188 0 497831
188 1 497903
32 0 498056
32 1 498144
83 0 498311
83 1 498471
67 0 498503
67 1 498599
79 0 498704
79 1 498792
65 0 498808
65 1 498912
76 0 498968
65 0 499056
76 1 499070
65 1 499151
32 0 499241
32 1 499335
65 0 499367
65 1 499454
82 0 499527
82 1 499591
32 0 499736
32 1 499823
84 0 499935
84 1 500016
82 0 500135
82 1 500215
69 0 500247
69 1 500351
66 0 500624
66 1 500735
85 0 500784
85 1 500927
73 0 501041
73 1 501119
32 0 501288
32 1 501367
83 0 501375
65 0 501447
83 1 501503
65 1 501574
32 0 501608
32 1 501695
83 0 501759
83 1 501855
69 0 502000
69 1 502103
32 0 502191
32 1 502295
65 0 502567
65 1 502687
88 0 503127
88 1 503231
69 0 503384
69 1 503479
90 0 503752
90 1 503847
69 0 503993
69 1 504103
32 0 504152
32 1 504231
79 0 504503
79 1 504559
8 0 504896
8 1 504999
80 0 505201
69 0 505264
80 1 505287
69 1 505383
32 0 505528
32 1 505615
69 0 505855
69 1 505968
76 0 506087
79 0 506095
79 1 506159
76 1 506183
69 0 506223
86 0 506384
69 1 506407
86 1 506495
191 0 506928
191 1 507017
83 0 507208
83 1 507311
84 0 507464
84 1 507520
85 0 507792
85 1 507871
68 0 507976
69 0 508079
68 1 508127
69 1 508223
78 0 508328
78 1 508424
84 0 508608
84 1 508679
32 0 508800
32 1 508887
83 0 509015
83 1 509103
73 0 509215
73 1 509320
32 0 509439
32 1 509527
78 0 511183
69 0 511241
78 1 511287
69 1 511368
86 0 511456
86 1 511528
79 0 511839
79 1 511927
73 0 512025
73 1 512103
76 0 512248
76 1 512327
69 0 512328
69 1 512431
32 0 512536
32 1 512607
76 0 512791
76 1 512879
85 0 513248
85 1 513320
73 0 513415
73 1 513495
190 0 513871
190 1 513959
8 0 514384
8 1 514471
188 0 514823
188 1 514911
32 0 515024
32 1 515103
65 0 516320
65 1 516455
67 0 516496
69 0 516663
67 1 516679
69 1 516784
83 0 516904
83 1 517024
84 0 517480
84 1 517551
32 0 517728
32 1 517815
76 0 518151
76 1 518239
85 0 518432
85 1 518528
67 0 518583
67 1 518695
82 0 518857
82 1 518935
85 0 519176
85 1 519255
32 0 519408
32 1 519503
83 0 519711
83 1 519800
69 0 519903
69 1 520007
32 0 520048
32 1 520159
73 0 520215
78 0 520359
73 1 520407
78 1 520462
84 0 520631
84 1 520719
65 0 520759
65 1 520848
77 0 521032
77 1 521105
80 0 521281
76 0 521394
80 1 521480
76 1 521560
65 0 521665
65 1 521760
32 0 521824
32 1 521904
70 0 522465
70 1 522560
79 0 522689
79 1 522776
65 0 522816
65 1 522928
82 0 523121
82 1 523184
84 0 523321
84 1 523410
69 0 523449
69 1 523560
32 0 523673
32 1 523760
82 0 524232
82 1 524312
65 0 524344
65 1 524449
82 0 524680
82 1 524752
188 0 525313
188 1 525392
32 0 525522
32 1 525608
73 0 525741
78 0 525856
73 1 525912
78 1 525961
32 0 526064
67 0 526176
32 1 526184
65 0 526272
67 1 526328
65 1 526408
90 0 526824
90 1 526961
85 0 527018
85 1 527105
82 0 527313
82 1 527425
73 0 527568
73 1 527648
32 0 527809
32 1 527912
69 0 527960
69 1 528064
88 0 528312
88 1 528432
67 0 528585
69 0 528712
67 1 528744
69 1 528856
80 0 529090
80 1 529176
84 0 529401
84 1 529537
73 0 529634
73 1 529712
79 0 529824
79 1 529928
78 0 530153
78 1 530256
65 0 530280
65 1 530385
76 0 530473
76 1 530600
69 0 530642
69 1 530761
190 0 530946
190 1 531024
32 0 531418
32 1 531488
16 0 531568
68 0 531848
16 1 531945
68 1 531953
65 0 532128
65 1 532256
188 0 532448
188 1 532520
32 0 532641
32 1 532712
80 0 532977
79 0 533096
80 1 533168
79 1 533232
65 0 533337
65 1 533424
84 0 533488
84 1 533560
69 0 533608
69 1 533712
32 0 533784
32 1 533856
65 0 533984
65 1 534048
80 0 534689
80 1 534768
65 0 534897
65 1 535000
82 0 535144
82 1 535216
32 0 535457
32 1 535544
77 0 535689
73 0 535801
77 1 535856
73 1 535928
67 0 535992
67 1 536089
73 0 536136
73 1 536224
32 0 536338
32 1 536424
83 0 536536
83 1 536672
67 0 536729
67 1 536832
72 0 537096
72 1 537184
73 0 537289
73 1 537392
77 0 537553
77 1 537649
66 0 538353
66 1 538441
65 0 538472
65 1 538585
82 0 538753
82 1 538840
73 0 539249
73 1 539320
188 0 539633
188 1 539704
32 0 539832
32 1 539913
77 0 540080
73 0 540184
77 1 540256
73 1 540320
67 0 540392
67 1 540488
73 0 540528
73 1 540616
32 0 540745
32 1 540832
73 0 542785
77 0 542920
73 1 542960
77 1 543057
66 0 543403
66 1 543472
85 0 543617
85 1 543712
78 0 543825
65 0 543904
78 1 543920
65 1 544048
84 0 544194
84 1 544280
65 0 544321
65 1 544408
84 0 544521
84 1 544601
73 0 544889
73 1 544977
82 0 545193
82 1 545321
73 0 545361
73 1 545432
188 0 545873
188 1 545968
32 0 546073
32 1 546168
80 0 546576
80 1 546608
69 0 546848
69 1 546952
32 0 547169
32 1 547248
73 0 547481
73 1 547592
67 0 547632
67 1 547720
73 0 547753
73 1 547840
189 0 548193
189 1 548265
80 0 548784
80 1 548888
69 0 548896
69 1 548992
32 0 549153
32 1 549232
67 0 549264
67 1 549368
79 0 549504
79 1 549592
76 0 549769
76 1 549848
79 0 549968
79 1 550033
188 0 550249
188 1 550313
32 0 550449
32 1 550536
68 0 550640
65 0 550768
68 1 550825
65 1 550912
82 0 551080
82 1 551208
32 0 551272
32 1 551369
78 0 551601
85 0 551720
78 1 551800
85 1 551848
32 0 552000
32 1 552112
65 0 552232
65 1 552376
80 0 552488
80 1 552576
8 0 552888
8 1 553024
8 0 553170
8 1 553248
8 0 553801
8 1 553824
8 0 554065
8 1 554138
8 0 554273
8 1 554344
83 0 555073
83 1 555184
73 0 555249
73 1 555328
83 0 555416
83 1 555528
84 0 555657
84 1 555728
69 0 555776
69 1 555888
77 0 556057
77 1 556144
85 0 556264
85 1 556344
76 0 556521
76 1 556608
32 0 556761
32 1 556856
65 0 556880
65 1 556992
82 0 557104
82 1 557176
69 0 557209
69 1 557304
32 0 557408
32 1 557505
78 0 557624
69 0 557728
78 1 557744
69 1 557856
86 0 557928
86 1 558040
79 0 558257
79 1 558352
73 0 558472
73 1 558560
69 0 558609
69 1 558728
32 0 558809
32 1 558896
68 0 558896
69 0 559024
68 1 559072
69 1 559144
32 0 559176
32 1 559272
79 0 559392
73 0 559416
73 1 559456
79 1 559480
32 0 559712
32 1 559816
8 0 560048
8 1 560080
8 0 560816
8 1 560896
32 0 561562
83 0 561632
32 1 561640
67 0 561760
83 1 561800
67 1 561912
72 0 562040
72 1 562129
73 0 562288
73 1 562377
77 0 562552
77 1 562633
66 0 562809
66 1 562905
65 0 562936
65 1 563072
82 0 563137
82 1 563208
69 0 563288
69 1 563401
32 0 563481
32 1 563568
77 0 563744
77 1 563880
65 0 563880
65 1 563984
74 0 564080
74 1 564176
79 0 564794
79 1 564920
82 0 564984
82 1 565080
65 0 565426
65 1 565592
190 0 565690
190 1 565776
32 0 566041
32 1 566104
16 0 569802
16 0 570294
16 0 570324
16 0 570372
16 0 570403
16 0 570434
16 0 570465
16 0 570497
16 0 570528
16 0 570559
16 0 570591
16 0 570622
16 0 570654
16 0 570704
16 0 570720
16 0 570754
16 0 570785
16 0 570832
16 0 570873
16 0 570888
16 0 570921
16 0 570951
16 0 570983
16 0 571031
16 0 571062
16 0 571093
16 0 571124
16 0 571155
16 0 571186
16 0 571219
16 0 571249
16 0 571280
16 0 571327
16 0 571359
16 0 571389
16 0 571423
16 1 571440
16 0 572401
79 0 572544
79 1 572648
16 1 572680
32 0 572953
32 1 573033
82 0 573224
69 0 573344
82 1 573384
69 1 573488
83 0 573624
83 1 573744
84 0 573817
84 1 573921
82 0 574113
82 1 574240
85 0 574497
85 1 574585
67 0 574712
67 1 574824
84 0 574985
84 1 575065
85 0 575289
85 1 575368
82 0 575593
65 0 575680
82 1 575705
65 1 575824
82 0 575857
82 1 575936
69 0 576009
69 1 576113
8 0 578120
8 0 578621
8 0 578668
8 0 578699
8 0 578729
8 0 578761
8 0 578791
8 0 578822
8 0 578864
8 0 578895
8 0 578926
8 1 578928
8 0 579112
8 1 579184
8 0 579289
8 1 579360
8 0 579465
8 1 579536
8 0 579656
8 1 579744
16 0 580337
78 0 580561
16 1 580641
78 1 580680
8 0 582474
8 1 582544
16 0 583914
78 0 584402
16 1 584464
78 1 584522
85 0 584736
85 1 584841
32 0 584954
32 1 585048
65 0 585080
65 1 585208
86 0 585248
86 1 585360
69 0 585400
69 1 585544
77 0 585736
77 1 585832
32 0 585954
32 1 586056
78 0 586873
69 0 586984
78 1 586992
86 0 587185
69 1 587201
86 1 587321
79 0 587417
79 1 587520
73 0 587649
73 1 587744
69 0 587785
69 1 587896
32 0 587976
32 1 588072
68 0 588080
69 0 588192
68 1 588265
69 1 588328
32 0 588369
32 1 588472
65 0 588689
65 1 588816
84 0 588873
84 1 588968
65 0 588984
65 1 589080
84 0 589097
84 1 589224
32 0 589680
32 1 589794
68 0 590649
69 0 590776
68 1 590832
69 1 590912
32 0 590985
32 1 591073
77 0 591201
77 1 591304
85 0 591427
85 1 591520
76 0 591673
76 1 591768
84 0 592017
84 1 592161
69 0 592273
69 1 592377
32 0 592424
32 1 592512
84 0 592640
84 1 592736
82 0 592840
82 1 592904
65 0 592992
65 1 593112
73 0 593313
73 1 593440
78 0 593497
78 1 593633
73 0 593729
73 1 593864
78 0 594289
78 1 594386
71 0 594433
71 1 594552
85 0 594592
85 1 594705
82 0 594817
82 1 594944
73 0 594977
73 1 595072
32 0 595194
32 1 595288
80 0 595728
80 1 595840
69 0 595840
69 1 595960
78 0 596032
78 1 596144
84 0 596377
82 0 596545
84 1 596617
82 1 596672
85 0 596745
85 1 596817
32 0 596920
32 1 597009
80 0 597361
80 1 597473
82 0 597512
82 1 597632
79 0 597648
79 1 597769
70 0 597920
70 1 598048
69 0 598128
69 1 598257
83 0 598385
83 1 598521
79 0 598961
79 1 599057
82 0 599105
82 1 599249
8 0 599697
8 1 600193
82 0 601202
82 1 601297
73 0 601483
73 1 601568
73 0 601649
73 1 601737
32 0 601896
32 1 601994
73 0 602456
78 0 602552
73 1 602640
78 1 602680
32 0 602793
32 1 602872
86 0 603025
86 1 603120
65 0 603152
65 1 603280
82 0 603360
82 1 603456
83 0 603552
83 1 603640
84 0 603697
84 1 603792
65 0 603816
65 1 603920
188 0 604368
188 1 604472
32 0 604586
32 1 604696
67 0 604776
67 1 604896
73 0 604969
73 1 605048
32 0 605153
32 1 605256
8 0 606272
8 1 606353
188 0 607609
188 1 607697
32 0 607824
32 1 607904
80 0 608161
80 1 608264
85 0 608457
85 1 608553
82 0 608944
82 1 609033
32 0 609209
32 1 609296
83 0 609336
83 1 609438
73 0 609512
73 1 609585
32 0 609712
32 1 609800
83 0 609848
83 1 609920
73 0 610001
77 0 610121
73 1 610184
77 1 610256
80 0 610496
76 0 610568
80 1 610649
76 1 610704
85 0 610897
85 1 610976
188 0 611193
188 1 611296
32 0 611425
32 1 611520
73 0 611673
78 0 611793
73 1 611864
78 1 611920
76 0 612200
76 1 612288
79 0 612400
79 1 612504
67 0 612592
67 1 612712
85 0 612809
85 1 612889
73 0 612986
73 1 613073
82 0 613370
82 1 613465
69 0 613497
69 1 613601
65 0 613762
65 1 613864
32 0 613945
32 1 614025
76 0 614152
76 1 614248
79 0 614344
79 1 614448
82 0 614521
82 1 614640
190 0 614777
190 1 614848
32 0 615041
32 1 615120
16 0 615224
65 0 615680
16 1 615790
65 1 615790
85 0 616754
85 1 616816
32 0 616961
32 1 617041
67 0 617120
67 1 617264
82 0 617393
82 1 617504
69 0 617625
69 1 617736
83 0 617945
83 1 618088
67 0 618129
67 1 618264
85 0 618417
85 1 618496
84 0 618826
84 1 618945
32 0 619083
32 1 619168
83 0 619346
83 1 619456
73 0 619561
73 1 619640
32 0 619780
32 1 619857
83 0 619920
83 1 620016
189 0 620313
189 1 620386
65 0 620441
65 1 620552
85 0 620674
85 1 620745
32 0 620881
32 1 620969
70 0 621154
70 1 621288
79 0 621633
79 1 621712
82 0 621728
82 1 621824
77 0 622001
77 1 622088
65 0 622097
65 1 622208
84 0 622321
84 1 622400
32 0 622537
32 1 622616
73 0 622809
78 0 622904
73 1 623001
78 1 623048
84 0 623345
84 1 623529
82 0 623538
82 1 623632
189 0 624153
189 1 624241
85 0 624562
85 1 624665
78 0 624786
78 1 624865
32 0 624977
32 1 625048
77 0 625153
69 0 625248
77 1 625272
69 1 625360
68 0 625464
68 1 625568
73 0 625633
73 1 625712
85 0 625840
85 1 625912
32 0 626096
32 1 626192
86 0 626280
69 0 626377
86 1 626424
69 1 626512
67 0 626713
67 1 626832
73 0 626952
73 1 627048
188 0 627601
188 1 627672
32 0 627809
32 1 627889
78 0 628065
78 1 628153
69 0 628200
69 1 628328
80 0 628600
79 0 628697
80 1 628776
79 1 628832
84 0 629024
84 1 629136
82 0 629265
82 1 629376
73 0 629432
73 1 629552
86 0 629625
86 1 629730
73 0 629745
73 1 629841
84 0 630025
84 1 630105
32 0 630234
32 1 630304
80 0 630729
80 1 630832
69 0 630840
69 1 630960
78 0 631042
78 1 631144
84 0 631273
82 0 631408
84 1 631456
82 1 631536
85 0 631592
85 1 631672
32 0 631810
32 1 631888
78 0 632001
78 1 632112
69 0 632144
69 1 632264
86 0 632505
86 1 632601
79 0 632777
79 1 632856
73 0 632961
73 1 633032
76 0 633169
76 1 633288
69 0 633304
69 1 633401
32 0 633497
32 1 633600
68 0 633713
69 0 633832
68 1 633872
69 1 633952
32 0 634000
32 1 634080
65 0 634137
83 0 634256
65 1 634296
83 1 634376
84 0 634417
84 1 634512
65 0 634544
65 1 634640
90 0 634848
90 1 634960
79 0 635096
79 1 635136
8 0 635601
8 1 635752
73 0 635955
73 1 636017
32 0 636177
32 1 636257
65 0 636288
65 1 636360
76 0 636409
76 1 636520
69 0 636545
69 1 636664
32 0 636745
32 1 636824
69 0 637193
69 1 637312
76 0 637409
76 1 637512
69 0 637553
69 1 637696
86 0 637784
86 1 637896
73 0 638048
73 1 638120
76 0 638241
76 1 638329
79 0 638425
79 1 638520
82 0 638544
82 1 638648
191 0 638953
191 1 639040
83 0 639289
83 1 639400
84 0 639512
84 1 639593
85 0 639881
85 1 639961
68 0 640089
69 0 640208
68 1 640241
69 1 640361
78 0 640512
78 1 640617
84 0 640857
84 1 640992
73 0 641025
73 1 641104
76 0 641395
76 1 641496
79 0 641634
79 1 641728
82 0 641776
82 1 641889
190 0 642113
190 1 642192
32 0 642401
32 1 642472
16 0 643698
65 0 643906
16 1 644058
65 1 644065
67 0 644259
69 0 644354
67 1 644402
69 1 644490
83 0 644619
83 1 644728
84 0 644803
84 1 644882
32 0 644994
32 1 645081
76 0 645346
76 1 645442
85 0 645602
85 1 645698
67 0 645698
67 1 645817
82 0 645962
82 1 646081
85 0 646267
85 1 646354
32 0 646498
32 1 646570
78 0 646786
85 0 646938
78 1 646961
85 1 647035
32 0 647154
32 1 647250
83 0 647394
83 1 647506
69 0 647610
69 1 647706
32 0 647770
32 1 647850
86 0 647990
86 1 648066
65 0 648066
65 1 648154
32 0 648210
32 1 648306
83 0 648363
83 1 648418
67 0 648498
67 1 648561
72 0 648906
72 1 648994
73 0 649139
73 1 649258
77 0 649387
77 1 649490
66 0 649635
66 1 649730
65 0 649754
65 1 649857
32 0 649914
32 1 650002
67 0 650154
67 1 650250
85 0 650338
85 1 650418
32 0 650570
32 1 650665
85 0 650799
78 0 650906
85 1 650970
78 1 651049
65 0 651122
65 1 651243
189 0 651642
189 1 651730
67 0 652202
67 1 652298
85 0 652394
85 1 652482
32 0 652634
32 1 652730
68 0 652778
68 1 652890
79 0 653058
79 1 653162
85 0 653331
85 1 653426
65 0 653482
65 1 653586
188 0 654594
188 1 654705
32 0 654826
32 1 654922
67 0 654930
69 0 654994
67 1 655026
69 1 655122
65 0 655266
65 1 655369
32 0 655426
32 1 655514
77 0 655634
65 0 655714
77 1 655729
65 1 655818
73 0 655859
73 1 655946
32 0 656058
32 1 656138
85 0 656266
85 1 656371
83 0 656371
83 1 656490
79 0 656562
79 1 656697
65 0 656754
65 1 656865
82 0 657050
82 1 657138
65 0 657171
65 1 657274
32 0 657394
32 1 657466
83 0 657538
83 1 657634
79 0 657882
79 1 657962
76 0 658074
76 1 658170
85 0 658322
85 1 658426
84 0 658602
84 1 658721
73 0 658866
73 1 659002
69 0 659026
69 1 659146
32 0 659418
32 1 659520
80 0 659890
80 1 660011
69 0 660011
69 1 660130
78 0 660202
78 1 660306
84 0 660362
82 0 660506
84 1 660561
82 1 660634
85 0 660714
85 1 660786
32 0 660914
32 1 661010
82 0 661058
69 0 661146
82 1 661194
69 1 661274
90 0 661522
90 1 661642
79 0 661792
79 1 661866
76 0 661970
76 1 662065
86 0 662266
65 0 662354
86 1 662362
65 1 662473
82 0 662554
82 1 662634
69 0 662666
69 1 662762
65 0 662914
65 1 662994
32 0 663066
32 1 663154
80 0 663474
82 0 663562
80 1 663570
82 1 663666
79 0 663698
79 1 663770
66 0 663954
66 1 664025
76 0 664314
69 0 664418
76 1 664426
69 1 664529
77 0 664778
69 0 664866
77 1 664882
69 1 664986
73 0 665059
73 1 665137
32 0 665266
32 1 665354
70 0 665458
70 1 665554
73 0 665803
73 1 665890
73 0 665962
73 1 666067
78 0 666155
78 1 666242
32 0 666354
32 1 666450
82 0 669963
82 1 670082
85 0 670140
85 1 670210
80 0 670522
80 1 670618
69 0 670619
69 1 670722
82 0 670891
69 0 670978
82 1 671026
69 1 671098
65 0 671299
65 1 671402
32 0 671491
32 1 671586
69 0 671618
69 1 671715
73 0 671842
73 1 671922
32 0 672050
32 1 672138
68 0 672322
68 1 672417
73 0 672491
78 0 672610
73 1 672650
78 1 672713
32 0 672826
32 1 672914
82 0 673042
82 1 673145
65 0 673346
65 1 673474
68 0 673618
65 0 673714
68 1 673770
65 1 673850
67 0 673994
67 1 674073
73 0 674146
73 1 674250
78 0 674330
78 1 674426
65 0 674426
65 1 674538
188 0 674706
188 1 674794
32 0 674906
32 1 674994
65 0 675034
65 1 675138
68 0 675434
68 1 675570
73 0 675762
73 1 675857
67 0 676306
67 1 676378
65 0 676394
65 1 676490
32 0 676562
32 1 676633
80 0 677242
69 0 677354
80 1 677362
69 1 677490
82 0 677874
82 1 677978
83 0 678306
83 1 678418
79 0 678602
79 1 678706
78 0 678882
78 1 678978
65 0 679010
65 1 679107
76 0 679282
76 1 679370
85 0 679595
85 1 679674
76 0 680100
76 1 680194
32 0 680387
32 1 680482
67 0 680626
65 0 680730
67 1 680818
65 1 680906
82 0 681066
82 1 681147
69 0 681194
69 1 681290
32 0 681370
32 1 681449
65 0 681530
65 1 681634
82 0 681690
82 1 681762
32 0 681890
32 1 681970
84 0 682074
84 1 682170
82 0 682266
82 1 682353
69 0 682395
69 1 682489
66 0 682690
66 1 682778
85 0 682866
85 1 682962
73 0 683050
73 1 683137
32 0 683290
32 1 683386
83 0 683394
65 0 683490
83 1 683530
65 1 683602
32 0 683626
32 1 683713
83 0 683779
83 1 683857
69 0 683970
69 1 684058
32 0 684082
32 1 684177
79 0 684498
67 0 684578
79 1 684593
67 1 684674
85 0 684770
85 1 684842
80 0 685146
80 1 685242
69 0 685250
69 1 685347
32 0 685519
32 1 685603
68 0 685810
69 0 685914
68 1 685977
69 1 686058
32 0 686074
32 1 686170
86 0 686298
86 1 686411
73 0 686930
73 1 687002
73 0 687090
73 1 687186
84 0 687338
84 1 687489
79 0 687578
79 1 687658
82 0 687938
82 1 688057
73 0 688468
73 1 688546
73 0 688636
73 1 688730
8 0 689388
8 0 689894
8 0 689929
8 0 689960
8 1 689970
8 0 690203
8 1 690290
8 0 690418
8 1 690490
8 0 690610
8 1 690659
8 0 690778
8 1 690842
83 0 692883
83 1 692986
67 0 693108
67 1 693202
79 0 693380
79 1 693450
76 0 693571
65 0 693635
76 1 693666
65 1 693754
82 0 693995
82 1 694132
73 0 694170
73 1 694250
8 0 695474
8 1 695954
8 0 696083
8 1 696161
8 0 696266
8 1 696345
8 0 696538
8 1 696610
8 0 696730
8 1 696793
8 0 696883
8 1 696962
8 0 697042
8 1 697105
69 0 697674
69 1 697809
76 0 698050
76 1 698154
69 0 698170
69 1 698346
86 0 698396
86 1 698522
73 0 698635
73 1 698707
191 0 699099
191 1 699187
83 0 699818
83 1 699907
84 0 699970
84 1 700058
85 0 700371
85 1 700450
68 0 700684
68 1 700802
69 0 700979
69 1 701106
78 0 701818
78 1 701898
84 0 701971
84 1 702082
85 0 702106
73 0 702107
85 1 702154
73 1 702161
8 0 702916
8 1 703010
8 0 703106
8 1 703195
73 0 703444
73 1 703530
190 0 703951
190 1 704021
