20 0 171703
20 1 171794
86 0 171833
20 0 171915
86 1 171924
20 1 171985
82 0 172212
69 0 172292
82 1 172323
69 1 172363
77 0 172584
77 1 172680
69 0 172719
69 1 172790
65 0 172931
65 1 173012
32 0 173052
32 1 173123
65 0 173145
65 1 173228
83 0 173329
83 1 173389
84 0 173439
84 1 173511
65 0 173530
65 1 173612
90 0 173736
90 1 173816
73 0 173856
73 1 173937
32 0 174027
32 1 174108
65 0 174128
65 1 174193
32 0 174255
32 1 174316
70 0 174376
70 1 174457
79 0 174517
79 1 174589
83 0 174662
83 1 174753
84 0 174914
84 1 174985
32 0 175075
32 1 175160
68 0 175179
69 0 175252
68 1 175293
69 1 175364
83 0 175444
83 1 175526
84 0 175636
84 1 175711
85 0 175714
85 1 175781
76 0 175912
76 1 176003
32 0 176073
68 0 176154
32 1 176157
69 0 176207
68 1 176250
69 1 176311
32 0 176314
32 1 176361
77 0 176492
79 0 176592
77 1 176623
79 1 176708
71 0 176788
71 1 176839
8 0 177150
8 1 177238
72 0 177308
72 1 177379
79 0 177449
79 1 177530
82 0 177834
82 1 177905
65 0 178211
65 1 178294
84 0 178354
84 1 178415
65 0 178455
65 1 178525
32 0 178626
32 1 178700
67 0 178750
67 1 178822
79 0 178872
79 1 178942
77 0 179023
77 1 179094
80 0 179164
80 1 179251
65 0 179270
65 1 179372
82 0 179653
82 1 179718
65 0 179758
65 1 179849
84 0 179879
84 1 179940
73 0 180308
73 1 180379
86 0 180439
86 1 180510
32 0 180559
32 1 180631
67 0 180680
67 1 180745
85 0 180775
85 1 180836
32 0 180946
32 1 181017
90 0 181107
90 1 181213
73 0 181216
73 1 181275
76 0 181436
76 1 181506
69 0 181547
69 1 181608
76 0 181667
69 0 181732
76 1 181735
69 1 181783
32 0 181883
32 1 181973
84 0 182175
84 1 182239
82 0 182260
69 0 182331
82 1 182352
69 1 182413
86 0 182532
86 1 182583
8 0 182919
8 1 182980
67 0 183050
67 1 183131
85 0 183201
85 1 183255
84 0 183397
84 1 183458
69 0 183478
69 1 183549
188 0 183865
188 1 183926
32 0 184026
32 1 184087
83 0 184106
83 1 184178
73 0 184222
78 0 184285
73 1 184325
67 0 184355
78 1 184386
69 0 184426
67 1 184468
69 1 184548
82 0 184628
82 1 184679
32 0 184709
32 1 184804
8 0 185216
8 1 185282
188 0 185424
188 1 185495
32 0 185605
67 0 185686
32 1 185689
67 1 185780
82 0 185891
69 0 185972
82 1 185992
69 1 186072
68 0 186173
68 1 186258
32 0 186278
32 1 186360
67 0 186429
67 1 186591
65 0 186795
65 1 186907
32 0 187047
32 1 187128
20 0 187306
20 1 187426
66 0 187506
66 1 187568
85 0 187689
85 1 187764
83 0 187855
83 1 187916
85 0 187965
85 1 188027
32 0 188116
65 0 188217
32 1 188220
65 1 188291
82 0 188434
69 0 188494
82 1 188525
69 1 188606
8 0 188851
8 1 188922
8 0 188982
8 1 189053
8 0 189123
8 1 189194
8 0 189258
8 1 189331
8 0 189401
8 1 189462
8 0 189521
8 1 189593
8 0 189653
8 1 189723
20 0 189827
20 1 189948
85 0 190274
85 1 190336
83 0 190486
83 1 190578
85 0 190581
85 1 190648
32 0 190782
32 1 190863
65 0 190954
65 1 191105
82 0 191215
69 0 191280
82 1 191311
69 1 191363
32 0 191453
32 1 191504
68 0 191594
68 1 191665
82 0 191789
69 0 191860
82 1 191911
69 1 191971
80 0 192011
80 1 192082
84 0 192532
65 0 192602
84 1 192605
65 1 192673
84 0 192733
84 1 192797
69 0 192827
69 1 192878
32 0 192958
32 1 193039
83 0 193078
83 1 193159
73 0 193230
73 1 193295
32 0 193397
32 1 193478
86 0 193598
86 1 193659
73 0 193679
78 0 193779
73 1 193835
78 1 193875
69 0 193894
69 1 193965
32 0 194025
32 1 194096
70 0 194290
82 0 194311
70 1 194364
82 1 194414
73 0 195808
73 1 195859
71 0 196060
71 1 196131
85 0 196190
85 1 196252
76 0 196448
76 1 196529
190 0 196720
190 1 196781
32 0 196895
32 1 196966
20 0 196997
20 1 197107
90 0 197238
90 1 197312
20 0 197394
20 1 197525
73 0 197545
73 1 197606
76 0 197766
69 0 197852
76 1 197854
69 1 197932
76 0 197982
76 1 198064
69 0 198562
69 1 198623
32 0 198723
32 1 198794
84 0 199028
84 1 199079
82 0 199099
69 0 199140
82 1 199171
69 1 199231
67 0 199408
67 1 199489
85 0 199549
85 1 199620
84 0 199780
84 1 199846
69 0 199865
69 1 199927
32 0 199986
32 1 200067
65 0 200127
65 1 200229
85 0 200249
85 1 200320
32 0 200416
32 1 200497
79 0 200638
79 1 200698
8 0 200994
8 1 201055
70 0 201095
70 1 201176
79 0 201256
79 1 201341
83 0 201393
83 1 201484
84 0 201564
84 1 201645
32 0 201765
68 0 201849
32 1 201852
69 0 201909
68 1 201952
69 1 201991
83 0 202142
83 1 202244
84 0 202753
84 1 202824
85 0 202898
85 1 202969
76 0 203109
76 1 203160
32 0 203321
32 1 203386
68 0 203406
69 0 203477
68 1 203518
69 1 203549
32 0 203618
32 1 203689
83 0 203719
83 1 203810
69 0 204036
69 1 204097
83 0 204278
83 1 204339
8 0 204647
8 1 204718
78 0 204872
78 1 205023
73 0 205025
73 1 205104
78 0 205204
78 1 205274
69 0 205324
69 1 205399
32 0 205441
32 1 205522
83 0 205582
83 1 205663
73 0 205667
73 1 205734
32 0 205834
32 1 205899
80 0 206578
76 0 206619
80 1 206710
76 1 206750
73 0 206885
73 1 206936
78 0 207176
78 1 207248
69 0 207298
69 1 207359
32 0 207413
32 1 207485
67 0 207535
67 1 207616
85 0 207646
85 1 207717
32 0 207817
32 1 207891
83 0 207991
83 1 208042
79 0 208102
79 1 208174
65 0 208409
65 1 208503
82 0 208693
69 0 208764
82 1 208795
69 1 208899
32 0 208989
32 1 209050
83 0 209161
83 1 209242
73 0 209271
73 1 209342
32 0 209498
32 1 209599
80 0 210097
80 1 210158
65 0 210178
65 1 210269
82 0 211612
82 1 211713
67 0 211813
67 1 211905
65 0 211999
65 1 212080
32 0 212140
32 1 212221
84 0 213145
84 1 213217
79 0 213297
79 1 213368
84 0 213418
84 1 213476
73 0 213515
73 1 213577
32 0 213676
32 1 213747
79 0 213847
79 1 213931
65 0 213971
65 1 214082
77 0 214122
77 1 214204
69 0 214233
69 1 214304
78 0 214354
78 1 214439
73 0 214511
73 1 214593
73 0 214612
73 1 214703
32 0 214914
32 1 214989
65 0 215019
65 1 215110
85 0 215129
85 1 215200
32 0 215301
32 1 215372
65 0 215498
65 1 215579
86 0 215760
86 1 215841
85 0 215931
85 1 215986
84 0 216097
84 1 216158
32 0 217732
32 1 217823
85 0 217913
85 1 218069
78 0 218072
78 1 218109
32 0 218494
32 1 218567
86 0 218687
86 1 218748
73 0 218828
73 1 218899
66 0 219185
66 1 219266
69 0 219306
69 1 219368
32 0 219418
32 1 219493
66 0 219605
66 1 219706
85 0 219709
85 1 219817
78 0 219917
78 1 220002
32 0 220113
32 1 220173
83 0 220213
83 1 220304
73 0 220307
73 1 220364
32 0 220479
32 1 220542
65 0 221030
65 1 221101
85 0 221121
85 1 221172
32 0 221322
32 1 221383
70 0 221548
70 1 221610
79 0 221680
79 1 221750
83 0 221830
83 1 221912
84 0 222066
84 1 222158
32 0 222197
32 1 222258
77 0 222368
77 1 222439
65 0 222493
65 1 222566
73 0 222586
73 1 222657
32 0 222757
32 1 222819
80 0 222959
76 0 223063
80 1 223114
76 1 223154
73 0 223254
73 1 223326
78 0 223426
78 1 223521
73 0 223524
73 1 223623
32 0 223693
68 0 223753
32 1 223756
69 0 223824
68 1 223874
69 1 223945
32 0 223948
32 1 224009
86 0 224080
86 1 224150
73 0 224180
73 1 224261
65 0 224371
65 1 224452
84 0 224482
84 1 224558
65 0 224598
65 1 224679
190 0 225615
190 1 225666
32 0 225797
32 1 225877
20 0 225908
20 1 225999
8 0 226233
8 1 226293
8 0 226374
8 1 226435
186 0 227013
186 1 227078
32 0 227198
32 1 227269
20 0 227451
20 1 227556
68 0 227678
69 0 227789
68 1 227819
69 1 227890
32 0 227893
32 1 227960
86 0 228316
86 1 228407
73 0 228467
73 1 228543
78 0 228614
78 1 228686
65 0 228705
65 1 228796
32 0 228826
32 1 228887
80 0 228997
79 0 229111
65 0 229171
80 1 229174
79 1 229202
65 1 229263
84 0 229641
84 1 229723
69 0 229763
69 1 229834
70 0 230014
70 1 230059
8 0 230381
8 1 230452
32 0 230619
32 1 230679
70 0 230910
70 1 230991
73 0 231021
73 1 231116
32 0 231216
32 1 231298
83 0 231398
83 1 231489
79 0 231509
79 1 231574
65 0 231666
65 1 231767
82 0 232008
69 0 232102
82 1 232134
69 1 232183
76 0 232186
76 1 232263
69 0 232293
69 1 232364
32 0 232454
32 1 232525
83 0 232611
83 1 232702
73 0 232733
73 1 232793
8 0 233129
8 1 233190
65 0 233290
65 1 233391
85 0 233697
85 1 233778
32 0 233878
32 1 233949
73 0 234049
78 0 234134
67 0 234215
73 1 234218
78 1 234235
69 0 234265
67 1 234316
69 1 234386
80 0 234446
80 1 234538
85 0 235017
85 1 235091
84 0 235181
84 1 235262
85 0 235302
85 1 235373
76 0 235523
76 1 235597
32 0 235689
32 1 235740
68 0 235759
69 0 235820
68 1 235851
69 1 235901
32 0 235941
32 1 236012
65 0 236096
65 1 236207
78 0 236210
78 1 236277
188 0 236449
188 1 236519
32 0 236622
32 1 236695
78 0 236815
78 1 236886
85 0 237374
85 1 237455
32 0 237555
32 1 237620
83 0 237672
83 1 237765
85 0 237767
78 0 237905
85 1 237925
78 1 237985
84 0 238035
84 1 238076
32 0 238129
32 1 238210
83 0 238300
83 1 238392
73 0 238394
73 1 238462
71 0 238616
71 1 238690
85 0 238749
82 0 238841
85 1 238843
82 1 238922
65 0 239072
65 1 239167
32 0 239217
32 1 239318
8 0 239726
8 1 239828
190 0 241788
190 1 241869
32 0 241989
32 1 242070
20 0 242121
20 1 242204
86 0 242254
20 0 242325
86 1 242335
20 1 242396
82 0 242516
69 0 242597
82 1 242641
69 1 242684
77 0 242724
77 1 242825
69 0 242864
69 1 242946
65 0 243066
65 1 243161
32 0 243191
32 1 243242
77 0 243352
77 1 243433
69 0 243453
69 1 243533
65 0 243668
65 1 243771
32 0 243791
32 1 243862
80 0 244470
80 1 244531
82 0 244581
69 0 244666
82 1 244698
69 1 244749
70 0 244889
69 0 244959
70 1 245000
69 1 245071
82 0 245175
82 1 245236
65 0 245407
65 1 245518
84 0 245714
84 1 245755
65 0 246283
65 1 246374
32 0 246444
32 1 246515
69 0 246595
69 1 246680
83 0 246793
83 1 246864
84 0 246903
84 1 246974
69 0 246994
69 1 247055
32 0 247125
32 1 247209
73 0 247319
78 0 247389
73 1 247420
67 0 247460
78 1 247490
69 0 247510
67 1 247541
69 1 247601
80 0 247631
80 1 247728
85 0 247808
85 1 247879
84 0 247909
84 1 247990
85 0 248030
85 1 248101
76 0 248236
76 1 248317
32 0 248437
68 0 248507
32 1 248510
69 0 248557
68 1 248598
69 1 248659
32 0 248691
32 1 248754
80 0 248864
80 1 248965
82 0 248968
82 1 249025
73 0 249055
73 1 249136
77 0 249280
77 1 249382
65 0 249492
65 1 249573
8 0 250052
8 1 250143
65 0 250498
65 1 250600
86 0 251711
86 1 251794
65 0 251834
65 1 251925
82 0 251945
65 0 252025
82 1 252028
65 1 252106
188 0 252728
188 1 252801
32 0 252911
32 1 252982
67 0 253022
67 1 253103
65 0 253858
65 1 254010
78 0 254110
78 1 254181
68 0 254224
68 1 254295
32 0 254366
32 1 254427
84 0 254556
84 1 254597
79 0 254647
79 1 254721
84 0 254813
84 1 254874
85 0 254934
85 1 254995
76 0 255155
76 1 255240
32 0 255320
32 1 255391
80 0 255491
65 0 255582
80 1 255585
65 1 255683
82 0 255820
82 1 255890
67 0 256529
67 1 256590
65 0 256620
65 1 256691
32 0 256745
32 1 256836
82 0 257930
82 1 258001
69 0 258111
69 1 258182
86 0 258357
86 1 258428
73 0 258467
73 1 258548
78 0 258619
78 1 258710
69 0 258784
69 1 258837
32 0 258887
32 1 258957
76 0 259087
76 1 259179
65 0 259198
65 1 259294
32 0 259323
32 1 259395
86 0 259474
86 1 259545
73 0 259575
73 1 259656
65 0 259746
65 1 259843
84 0 259862
84 1 259943
65 0 259963
65 1 260044
32 0 260084
32 1 260175
83 0 260310
83 1 260370
73 0 260390
73 1 260461
32 0 260591
32 1 260672
84 0 261250
84 1 261317
79 0 261407
79 1 261498
8 0 263072
8 1 263184
8 0 263309
8 1 263380
77 0 263550
77 1 263651
65 0 263681
65 1 263752
74 0 263785
74 1 263858
79 0 263918
79 1 263999
82 0 264335
82 1 264406
73 0 264446
73 1 264527
84 0 264687
84 1 264758
65 0 264778
65 1 264885
84 0 264888
84 1 264956
69 0 264985
69 1 265066
65 0 265196
65 1 265278
32 0 265280
32 1 265341
79 0 265451
79 1 265532
65 0 265562
65 1 265673
77 0 265676
77 1 265764
69 0 265850
69 1 265921
78 0 265941
73 0 266042
78 1 266062
73 1 266134
76 0 266274
76 1 266339
79 0 266419
79 1 266491
82 0 266520
82 1 266601
32 0 266651
32 1 266712
83 0 267325
83 1 267417
85 0 267436
85 1 267517
78 0 267608
84 0 267688
78 1 267691
84 1 267760
32 0 267824
32 1 267895
83 0 268015
83 1 268066
85 0 268069
85 1 268208
78 0 268211
78 1 268268
77 0 268523
77 1 268624
86 0 268795
86 1 268872
65 0 268902
65 1 268993
32 0 269043
32 1 269124
8 0 271112
8 1 271183
8 0 271283
8 1 271324
8 0 271771
8 1 271836
8 0 271887
8 1 272069
8 0 272148
8 1 272220
8 0 272289
8 1 272344
8 0 272425
8 1 272486
67 0 272903
67 1 272974
85 0 273014
85 1 273085
77 0 273185
77 1 273286
86 0 273421
86 1 273492
65 0 273511
65 1 273582
32 0 273632
32 1 273713
77 0 273843
79 0 273950
77 1 274001
79 1 274041
84 0 274427
84 1 274488
73 0 274528
73 1 274610
86 0 274760
65 0 274841
86 1 274844
65 1 274918
84 0 274967
84 1 275038
73 0 275219
73 1 275310
32 0 275404
32 1 275495
83 0 275545
83 1 275636
73 0 275639
73 1 275697
32 0 275777
32 1 275881
86 0 275932
86 1 276023
79 0 276026
79 1 276104
82 0 276174
32 0 276254
82 1 276257
32 1 276335
65 0 276550
83 0 276553
83 1 276601
65 1 276662
187 0 277100
187 1 277121
8 0 277966
8 1 278037
8 0 278117
8 1 278178
8 0 278288
8 1 278309
83 0 278625
65 0 278695
83 1 278736
65 1 278786
32 0 278826
32 1 278890
73 0 279184
78 0 279274
67 0 279305
73 1 279345
69 0 279399
78 1 279403
67 1 279440
69 1 279501
80 0 279560
80 1 279621
8 0 280708
8 1 280799
65 0 281594
65 1 281675
80 0 281785
80 1 281877
65 0 281919
65 1 281992
32 0 282022
32 1 282103
76 0 282213
76 1 282314
85 0 282439
85 1 282500
67 0 282539
67 1 282631
82 0 282751
82 1 282822
85 0 282842
85 1 282917
82 0 283029
82 1 283090
73 0 283170
73 1 283241
32 0 283435
32 1 283486
78 0 283616
78 1 283697
79 0 283767
73 0 283888
79 1 283933
73 1 283976
32 0 284116
32 1 284197
83 0 284236
83 1 284328
73 0 284367
73 1 284398
32 0 284855
32 1 284940
65 0 285012
65 1 285093
85 0 285096
85 1 285163
32 0 285263
32 1 285345
77 0 285469
77 1 285570
65 0 285600
65 1 285701
73 0 285704
73 1 285782
32 0 285936
32 1 285989
77 0 286099
77 1 286150
85 0 286262
85 1 286322
76 0 286587
76 1 286678
84 0 286899
84 1 286954
32 0 287025
32 1 287076
67 0 287267
67 1 287338
85 0 287388
85 1 287453
82 0 287664
82 1 287715
65 0 287764
65 1 287845
74 0 288386
74 1 288461
190 0 288632
190 1 288723
32 0 288843
32 1 288914
20 0 289010
20 1 289081
86 0 289820
86 1 289891
20 0 289911
20 1 290020
82 0 290232
69 0 290323
82 1 290343
69 1 290403
77 0 290538
77 1 290629
69 0 290729
69 1 290811
65 0 290961
65 1 291057
32 0 291116
32 1 291187
67 0 292648
67 1 292749
65 0 292859
65 1 292970
82 0 293066
69 0 293127
82 1 293158
69 1 293218
32 0 293278
32 1 293338
73 0 293469
73 1 293524
77 0 293755
77 1 293856
73 0 293916
73 1 293992
32 0 294084
32 1 294165
68 0 294602
68 1 294663
73 0 294733
73 1 294794
83 0 294884
83 1 294965
80 0 295019
76 0 295142
80 1 295213
65 0 295252
76 1 295256
65 1 295344
67 0 295464
69 0 295538
67 1 295568
69 1 295639
32 0 295679
32 1 295740
69 0 295770
69 1 295830
83 0 295950
83 1 296067
84 0 296208
69 0 296288
84 1 296308
69 1 296359
32 0 296897
32 1 296967
73 0 297253
73 1 297303
65 0 297454
65 1 297529
82 0 297700
82 1 297771
78 0 297811
78 1 297892
65 0 297972
65 1 298069
32 0 298511
32 1 298596
67 0 298645
67 1 298717
85 0 298786
85 1 298857
32 0 298968
32 1 299053
77 0 299164
77 1 299265
85 0 299365
85 1 299416
76 0 299581
84 0 299682
76 1 299685
84 1 299753
65 0 299954
65 1 300058
32 0 300140
32 1 300222
90 0 300341
65 0 300453
90 1 300483
65 1 300558
80 0 300627
80 1 300709
65 0 300758
65 1 300860
68 0 301127
68 1 301259
65 0 301338
65 1 301430
190 0 301996
190 1 302091
20 0 314609
20 1 314703
79 0 314763
79 1 314844
20 0 314875
20 1 314975
32 0 314978
32 1 315066
90 0 315149
90 1 315232
73 0 315252
73 1 315333
32 0 315443
32 1 315504
73 0 315604
73 1 315689
68 0 315739
69 0 315890
68 1 315911
69 1 315961
65 0 316156
65 1 316259
76 0 316715
76 1 316806
65 0 316866
65 1 316957
32 0 317138
32 1 317225
65 0 317255
65 1 317366
82 0 317843
82 1 317934
32 0 317983
32 1 318075
73 0 318168
78 0 318261
67 0 318321
73 1 318324
78 1 318352
69 0 318402
67 1 318432
69 1 318453
69 0 318668
69 1 318728
8 0 318990
8 1 319071
80 0 319227
80 1 319308
69 0 319328
69 1 319409
32 0 319460
32 1 319540
76 0 319611
65 0 319715
76 1 319718
65 1 319826
32 0 319829
32 1 319907
53 0 320108
53 1 320169
32 0 320245
32 1 320305
68 0 320627
68 1 320692
73 0 320722
73 1 320793
77 0 320923
73 0 320984
77 1 321015
78 0 321145
73 1 321148
69 0 321208
78 1 321212
69 1 321291
65 0 321422
84 0 321472
65 1 321503
84 1 321543
65 0 321603
65 1 321674
188 0 321839
188 1 321880
32 0 322161
32 1 322247
83 0 322287
83 1 322378
73 0 323016
73 1 323087
32 0 323201
32 1 323284
78 0 323823
85 0 323944
78 1 323985
85 1 324035
32 0 324115
32 1 324176
71 0 324228
82 0 324270
71 1 324311
82 1 324361
8 0 324643
8 1 324728
76 0 324858
76 1 324959
85 0 325070
85 1 325131
77 0 325245
69 0 325337
77 1 325340
69 1 325408
83 0 325529
83 1 325600
67 0 325710
67 1 325794
188 0 325844
188 1 325915
32 0 326005
32 1 326086
65 0 326106
65 1 326187
77 0 326221
77 1 326293
32 0 326374
32 1 326455
73 0 326555
73 1 326616
77 0 326696
77 1 326801
80 0 326891
80 1 326972
82 0 326976
69 0 327052
82 1 327093
69 1 327154
83 0 327289
83 1 327370
65 0 327521
65 1 327582
8 0 327876
8 1 327957
73 0 328108
73 1 328179
65 0 328233
65 1 328336
32 0 328386
32 1 328467
67 0 328516
65 0 328617
67 1 328658
65 1 328729
32 0 328761
32 1 328853
79 0 329351
79 1 329422
65 0 329482
65 1 329593
77 0 329623
77 1 329714
69 0 329798
69 1 329879
78 0 329949
78 1 330010
73 0 330140
73 1 330201
73 0 330264
73 1 330337
32 0 330427
67 0 330488
32 1 330508
65 0 330578
67 1 330649
65 1 330740
82 0 330834
69 0 330955
82 1 330958
69 1 330996
32 0 331036
32 1 331106
83 0 331176
83 1 331282
69 0 331384
69 1 331485
32 0 331488
32 1 331566
84 0 331850
84 1 331901
82 0 331991
69 0 332042
82 1 332072
69 1 332133
90 0 332309
90 1 332410
69 0 332531
69 1 332592
83 0 332722
83 1 332788
67 0 332887
67 1 332959
32 0 333039
32 1 333109
68 0 333478
68 1 333539
73 0 333578
73 1 333650
77 0 333760
77 1 333875
73 0 333878
73 1 333976
78 0 334006
78 1 334086
69 0 334106
69 1 334177
65 0 334313
65 1 334386
84 0 334425
84 1 334496
65 0 334576
65 1 334668
32 0 334962
32 1 335013
65 0 335401
65 1 335502
85 0 335522
85 1 335623
32 0 335764
32 1 335829
67 0 336029
67 1 336131
85 0 336161
85 1 336231
77 0 336357
77 1 336449
86 0 336609
86 1 336690
65 0 336750
65 1 336825
32 0 336865
32 1 336956
77 0 337076
65 0 337187
77 1 337190
65 1 337278
73 0 337281
73 1 337355
32 0 337445
32 1 337515
77 0 337616
77 1 337707
85 0 337800
85 1 337871
76 0 338012
76 1 338063
84 0 338309
84 1 338392
32 0 338452
32 1 338523
84 0 338929
84 1 338990
73 0 339029
73 1 339081
77 0 339181
77 1 339252
80 0 339355
80 1 339418
188 0 341034
188 1 341105
32 0 341215
32 1 341266
65 0 341350
65 1 341432
85 0 341482
85 1 341533
32 0 341623
32 1 341704
68 0 341909
68 1 341980
79 0 341999
85 0 342130
79 1 342151
85 1 342212
65 0 342251
65 1 342336
32 0 342375
32 1 342458
90 0 342518
90 1 342589
73 0 342592
73 1 342751
76 0 343116
76 1 343218
69 0 343342
69 1 343415
32 0 344223
32 1 344264
73 0 345431
73 1 345502
78 0 345551
78 1 345633
84 0 345693
82 0 345753
84 1 345804
82 1 345879
189 0 346180
189 1 346281
85 0 346791
85 1 346851
78 0 346965
78 1 347056
65 0 347136
65 1 347227
190 0 347347
190 1 347444
32 0 347575
32 1 347646
20 0 350881
20 1 351016
68 0 351277
68 1 351368
20 0 351464
20 1 351575
73 0 351578
73 1 351645
77 0 351745
69 0 351846
77 1 351849
69 1 351931
8 0 352611
8 1 352682
73 0 352873
73 1 352937
78 0 353047
69 0 353138
78 1 353142
69 1 353220
65 0 353360
65 1 353435
84 0 353438
84 1 353508
65 0 353537
65 1 353608
32 0 353648
32 1 353739
79 0 353923
79 1 353964
8 0 354430
8 1 354503
73 0 354674
73 1 354755
78 0 354815
78 1 354886
32 0 354970
32 1 355031
80 0 355141
80 1 355232
82 0 355272
82 1 355343
73 0 355373
73 1 355438
77 0 355550
65 0 355641
77 1 355644
65 1 355742
32 0 355772
32 1 355843
70 0 355976
70 1 356067
65 0 356096
65 1 356148
90 0 356339
65 0 356444
90 1 356496
65 1 356567
32 0 356570
32 1 356627
80 0 356769
80 1 356860
82 0 356889
82 1 356965
79 0 357135
79 1 357226
66 0 357407
66 1 357461
65 0 357493
65 1 357574
66 0 357594
66 1 357655
73 0 357735
73 1 357816
76 0 357961
76 1 358042
32 0 358132
32 1 358204
73 0 358304
73 1 358365
77 0 358449
77 1 358601
73 0 358604
73 1 358662
32 0 358762
32 1 358843
70 0 359248
65 0 359349
70 1 359352
65 1 359430
67 0 359535
67 1 359627
32 0 359676
32 1 359737
82 0 359817
82 1 359898
85 0 359938
85 1 360013
84 0 360204
84 1 360295
73 0 360365
73 1 360426
78 0 360522
78 1 360593
65 0 360663
65 1 360734
32 0 360774
32 1 360855
83 0 360925
83 1 361010
73 0 361029
73 1 361101
32 0 361192
32 1 361262
77 0 361913
77 1 362007
65 0 362067
65 1 362158
73 0 362161
73 1 362239
32 0 362319
65 0 362420
32 1 362423
65 1 362527
80 0 362556
79 0 362657
80 1 362708
79 1 362738
73 0 362838
73 1 362920
32 0 363035
32 1 363105
77 0 363206
69 0 363256
77 1 363277
69 1 363327
68 0 363575
68 1 363656
73 0 363726
73 1 363787
84 0 363917
69 0 364052
84 1 364055
69 1 364123
90 0 364294
90 1 364435
32 0 367067
32 1 367128
80 0 367859
80 1 367960
69 0 368013
69 1 368084
78 0 368134
78 1 368205
84 0 368255
82 0 368345
84 1 368366
82 1 368446
85 0 368450
85 1 368507
32 0 368622
32 1 368703
79 0 368833
79 1 368884
32 0 369029
32 1 369100
79 0 369210
82 0 369281
79 1 369284
82 1 369341
65 0 369502
65 1 369609
188 0 370277
188 1 370348
32 0 370448
32 1 370509
79 0 370605
79 1 370666
32 0 370766
32 1 370847
79 0 371142
79 1 371223
82 0 371273
82 1 371344
65 0 371515
65 1 371602
32 0 371641
32 1 371722
74 0 371812
74 1 371873
85 0 371963
85 1 372025
77 0 372139
65 0 372240
77 1 372243
65 1 372341
84 0 372421
84 1 372482
65 0 372502
65 1 372565
8 0 373029
8 1 373115
65 0 373613
65 1 373715
84 0 373925
69 0 374089
84 1 374093
69 1 374161
32 0 374200
32 1 374271
83 0 374311
83 1 374423
73 0 374427
73 1 374484
32 0 374578
32 1 374661
8 0 374872
8 1 374943
8 0 375023
8 1 375088
8 0 375158
8 1 375219
8 0 375289
8 1 375361
188 0 375879
188 1 375950
32 0 376030
32 1 376105
83 0 376297
83 1 376408
73 0 376448
73 1 376509
32 0 376636
32 1 376706
80 0 376826
80 1 376948
82 0 376951
82 1 377019
79 0 377038
79 1 377112
66 0 377323
66 1 377374
65 0 377444
65 1 377526
66 0 377529
66 1 377591
73 0 377643
73 1 377734
76 0 377854
76 1 377925
32 0 378025
65 0 378100
32 1 378103
65 1 378191
82 0 378321
82 1 378382
32 0 378452
32 1 378503
70 0 378543
70 1 378608
73 0 378659
73 1 378731
32 0 378841
32 1 378912
70 0 379002
82 0 379082
70 1 379127
82 1 379198
85 0 379530
85 1 379595
77 0 379727
79 0 379848
77 1 379869
79 1 379959
83 0 379999
83 1 380103
32 0 380143
32 1 380214
68 0 380384
68 1 380486
85 0 380515
85 1 380621
80 0 380784
80 1 380875
65 0 380955
65 1 381046
32 0 381049
32 1 381111
77 0 381242
69 0 381323
77 1 381325
69 1 381403
68 0 381534
68 1 381609
73 0 381661
73 1 381732
84 0 382148
65 0 382219
84 1 382222
65 1 382300
84 0 382340
84 1 382421
69 0 382440
69 1 382491
8 0 383446
8 1 383538
73 0 383926
73 1 384007
69 0 384047
69 1 384118
32 0 384813
32 1 384894
83 0 384954
65 0 385044
83 1 385065
65 1 385150
32 0 385179
32 1 385250
67 0 385320
67 1 385391
73 0 385411
73 1 385482
84 0 385709
69 0 385769
84 1 385773
69 1 385841
83 0 385971
83 1 386032
67 0 386132
67 1 386196
32 0 386199
32 1 386287
85 0 386397
78 0 386518
85 1 386559
78 1 386609
32 0 386705
32 1 386766
80 0 386896
73 0 387027
80 1 387129
73 1 387132
67 0 387193
67 1 387284
32 0 387364
32 1 387435
83 0 387596
83 1 387670
73 0 387672
73 1 387761
32 0 387902
32 1 387972
83 0 388022
65 0 388103
83 1 388134
65 1 388228
32 0 388248
32 1 388349
66 0 389611
66 1 389686
69 0 389706
69 1 389767
65 0 389908
65 1 389979
85 0 390019
85 1 390080
32 0 390174
32 1 390245
79 0 390355
79 1 390426
32 0 390516
32 1 390587
67 0 390773
67 1 390854
65 0 390884
65 1 390975
70 0 391015
70 1 391085
69 0 391115
69 1 391190
65 0 391331
65 1 391402
32 0 391421
32 1 391492
66 0 391613
85 0 391707
66 1 391739
85 1 391830
78 0 391900
78 1 391991
65 0 392021
65 1 392122
190 0 392407
190 1 392477
32 0 392588
32 1 392679
20 0 393233
20 1 393345
68 0 393546
68 1 393617
20 0 393743
20 1 393823
85 0 393826
85 1 393883
79 0 394024
79 1 394115
65 0 394145
65 1 394230
32 0 394330
32 1 394391
8 0 394612
8 1 394673
8 0 394749
8 1 394820
8 0 394880
8 1 394961
80 0 395316
80 1 395397
65 0 395427
65 1 395518
32 0 395558
32 1 395618
80 0 395743
80 1 395795
82 0 395844
82 1 395905
79 0 395956
79 1 396027
66 0 396444
66 1 396496
65 0 396720
65 1 396773
66 0 396822
66 1 396884
73 0 396954
73 1 397054
76 0 397165
76 1 397250
32 0 397330
32 1 397401
65 0 397421
65 1 397502
83 0 397571
83 1 397663
32 0 397666
32 1 397738
76 0 397850
76 1 397942
85 0 399111
85 1 399182
67 0 399221
67 1 399297
82 0 399407
82 1 399478
65 0 399638
65 1 399730
32 0 399763
32 1 399826
76 0 399966
76 1 400027
65 0 400087
65 1 400179
32 0 400198
32 1 400263
68 0 400393
68 1 400465
73 0 400505
73 1 400585
70 0 400655
69 0 400716
70 1 400761
69 1 400823
82 0 400923
82 1 400994
73 0 401024
73 1 401095
84 0 401249
69 0 401370
84 1 401372
69 1 401471
32 0 401474
32 1 401541
80 0 402120
80 1 402182
82 0 402231
82 1 402307
79 0 402377
79 1 402438
73 0 402568
69 0 402648
73 1 402652
69 1 402721
67 0 402846
67 1 402927
84 0 403078
69 0 403158
84 1 403189
69 1 403250
32 0 403284
32 1 403365
80 0 403475
69 0 403546
80 1 403549
69 1 403616
82 0 403676
82 1 403758
83 0 403884
83 1 404005
79 0 404008
79 1 404096
78 0 404156
65 0 404247
78 1 404250
65 1 404361
76 0 404391
76 1 404492
69 0 404522
69 1 404613
32 0 404633
32 1 404703
80 0 404830
80 1 404890
69 0 404930
69 1 405011
78 0 405101
78 1 405183
84 0 405243
82 0 405297
84 1 405338
82 1 405418
85 0 405421
85 1 405489
32 0 405579
32 1 405660
65 0 405680
65 1 405785
32 0 405815
32 1 405897
76 0 406108
76 1 406200
69 0 406334
69 1 406415
32 0 406445
32 1 406526
67 0 406792
67 1 406874
82 0 407025
69 0 407085
82 1 407116
69 1 407167
83 0 407277
83 1 407372
84 0 407492
69 0 407643
84 1 407646
69 1 407735
32 0 407738
32 1 407819
83 0 407891
65 0 407982
83 1 408023
85 0 408062
65 1 408093
85 1 408143
32 0 408275
32 1 408350
68 0 408440
68 1 408582
65 0 408662
65 1 408773
32 0 408806
32 1 408878
86 0 409261
86 1 409326
73 0 409436
73 1 409517
65 0 409597
65 1 409698
84 0 409768
65 0 409833
84 1 409836
65 1 409916
32 0 410962
32 1 411023
73 0 411771
73 1 411846
78 0 411938
78 1 411979
32 0 412099
32 1 412130
74 0 412955
74 1 413026
85 0 413116
85 1 413187
82 0 413247
82 1 413318
32 0 413382
32 1 413463
68 0 413503
69 0 413593
68 1 413635
69 1 413705
32 0 413724
32 1 413795
49 0 414858
49 1 414940
48 0 414980
48 1 415051
32 0 415212
32 1 415273
79 0 415387
79 1 415458
82 0 415488
69 0 415559
82 1 415599
69 1 415660
188 0 415699
188 1 415791
32 0 415907
32 1 415958
79 0 416068
79 1 416139
65 0 416249
65 1 416340
8 0 416614
8 1 416676
8 0 416746
8 1 416806
73 0 416923
73 1 417004
65 0 417024
65 1 417085
82 0 417215
32 0 417286
82 1 417289
32 1 417360
80 0 417440
69 0 417542
80 1 417544
69 1 417612
32 0 417652
32 1 417723
83 0 417753
83 1 417844
69 0 418396
69 1 418477
65 0 418608
65 1 418709
82 0 418759
82 1 418830
65 0 418849
65 1 418946
32 0 418976
32 1 419067
65 0 419127
65 1 419188
83 0 419268
83 1 419349
32 0 419392
32 1 419463
73 0 419864
69 0 419931
73 1 419934
69 1 419992
83 0 420122
83 1 420193
73 0 420196
73 1 420264
32 0 420354
32 1 420419
67 0 420468
67 1 420560
85 0 420589
85 1 420661
32 0 420771
32 1 420832
80 0 421666
80 1 421767
82 0 421807
82 1 421892
73 0 421974
73 1 422035
69 0 422115
69 1 422197
84 0 422493
69 0 422583
84 1 422604
69 1 422694
78 0 422724
78 1 422795
73 0 422909
73 1 422972
73 0 423052
73 1 423123
32 0 423233
32 1 423305
73 0 423395
73 1 423592
8 0 423893
8 1 423990
76 0 425231
76 1 425312
65 0 425361
65 1 425456
32 0 425485
32 1 425566
85 0 425666
85 1 425757
78 0 425760
78 1 425860
32 0 425963
32 1 426025
80 0 426136
80 1 426206
65 0 426266
65 1 426338
72 0 426397
72 1 426452
65 0 426482
65 1 426563
82 0 426693
82 1 426755
32 0 426814
32 1 426886
68 0 426915
69 0 426968
68 1 427021
69 1 427082
32 0 427085
32 1 427152
86 0 427202
86 1 427283
73 0 427313
78 0 427414
73 1 427448
78 1 427500
188 0 427672
188 1 427763
32 0 427863
83 0 427947
32 1 427951
65 0 428010
83 1 428061
65 1 428141
85 0 428144
85 1 428212
32 0 428312
32 1 428393
80 0 428587
79 0 428708
80 1 428779
65 0 428818
79 1 428822
65 1 428930
84 0 429016
69 0 429097
84 1 429100
69 1 429177
32 0 429227
32 1 429329
65 0 429368
65 1 429464
83 0 429564
83 1 429665
32 0 429694
32 1 429776
8 0 432098
8 1 432149
8 0 432219
8 1 432310
8 0 432370
8 1 432421
77 0 432982
77 1 433055
189 0 433256
189 1 433327
65 0 433377
65 1 433482
83 0 433532
83 1 433623
32 0 433653
32 1 433713
85 0 433864
85 1 433935
73 0 434019
73 1 434123
84 0 434243
84 1 434293
65 0 434323
65 1 434404
32 0 434444
32 1 434529
76 0 434841
76 1 434922
65 0 435027
65 1 435069
32 0 435199
32 1 435250
32 0 435471
32 1 435607
8 0 436022
8 1 436106
85 0 436316
85 1 436408
78 0 436502
78 1 436563
32 0 436663
32 1 436734
70 0 437112
70 1 437183
73 0 437212
73 1 437304
76 0 437434
76 1 437538
77 0 437599
77 1 437680
32 0 437790
32 1 437861
66 0 439655
66 1 439706
85 0 439796
85 1 439867
78 0 439957
78 1 440042
190 0 440853
190 1 440944
20 0 446607
20 1 446697
68 0 446797
68 1 446888
20 0 446989
20 1 447105
69 0 447197
69 1 447268
83 0 447378
83 1 447470
73 0 447472
73 1 447550
32 0 447644
69 0 447725
32 1 447728
69 1 447806
88 0 448027
88 1 448111
73 0 448163
73 1 448244
83 0 448283
83 1 448375
84 0 448782
84 1 448853
65 0 448923
65 1 449004
32 0 449034
32 1 449109
77 0 449241
77 1 449343
85 0 449392
85 1 449464
76 0 449608
84 0 449678
76 1 449699
84 1 449749
73 0 449819
73 1 449901
32 0 449991
32 1 450062
79 0 450168
79 1 450259
65 0 450289
65 1 450360
77 0 450655
77 1 450726
69 0 450807
69 1 450867
78 0 450907
78 1 450988
73 0 451068
73 1 451132
32 0 451224
32 1 451304
67 0 451344
65 0 451485
67 1 451537
65 1 451623
82 0 451723
69 0 451834
69 1 451915
32 0 451918
82 1 451921
32 1 452015
83 0 452095
83 1 452173
85 0 452193
85 1 452345
8 0 452670
8 1 452741
80 0 453157
80 1 453210
76 0 453441
76 1 453532
85 0 453737
85 1 453778
8 0 454019
8 1 454090
8 0 454163
8 1 454226
85 0 454407
85 1 454468
78 0 454558
78 1 454633
32 0 454713
67 0 454763
32 1 454766
65 0 454844
67 1 454895
65 1 454975
32 0 454978
32 1 455036
83 0 455140
83 1 455223
73 0 455253
73 1 455334
83 0 455374
83 1 455445
84 0 455615
69 0 455710
84 1 455741
69 1 455811
77 0 455901
77 1 455992
85 0 456103
85 1 456168
76 0 456300
76 1 456401
32 0 456482
32 1 456542
68 0 456622
69 0 456737
68 1 456788
69 1 456849
32 0 456852
32 1 456918
76 0 457019
65 0 457100
76 1 457103
65 1 457195
32 0 457215
32 1 457285
78 0 457395
78 1 457477
79 0 457557
73 0 457672
79 1 457753
73 1 457783
69 0 458044
69 1 458065
8 0 458373
8 1 458444
32 0 458584
69 0 458667
32 1 458671
69 1 458719
83 0 458829
83 1 458910
84 0 459040
69 0 459131
84 1 459166
69 1 459237
32 0 459277
32 1 459338
67 0 459398
67 1 459499
85 0 459502
85 1 459570
77 0 459694
77 1 459785
67 0 459945
67 1 459986
65 0 460057
65 1 460138
32 0 460253
32 1 460273
187 0 460656
187 1 460680
8 0 460781
8 1 460862
8 0 460932
8 1 461013
8 0 461063
8 1 461144
187 0 461571
187 1 461632
8 0 462118
8 1 462193
8 0 462265
8 1 462336
86 0 462732
86 1 462803
65 0 462833
65 1 462924
32 0 462964
32 1 463035
83 0 463075
83 1 463166
84 0 463412
82 0 463442
84 1 463463
82 1 463524
73 0 463603
73 1 463664
67 0 463778
65 0 463880
67 1 463920
65 1 464022
84 0 464025
84 1 464092
188 0 464360
188 1 464441
32 0 464551
32 1 464612
83 0 465607
83 1 465678
73 0 465680
78 0 465802
73 1 465805
78 1 465873
67 0 465913
69 0 465943
67 1 465974
69 1 466044
82 0 466134
82 1 466195
188 0 466604
188 1 466685
32 0 466799
67 0 466839
32 1 466842
67 1 466930
82 0 467061
69 0 467131
82 1 467152
69 1 467202
68 0 467278
68 1 467370
32 0 467459
32 1 467500
67 0 467835
65 0 467946
67 1 467986
65 1 468057
32 0 468077
32 1 468148
73 0 469113
73 1 469204
78 0 469257
78 1 469330
69 0 469501
69 1 469602
8 0 470100
8 1 470171
86 0 470265
69 0 470328
86 1 470348
69 1 470419
84 0 470519
84 1 470590
73 0 470620
73 1 470691
32 0 470824
32 1 470905
68 0 471207
69 0 471261
68 1 471304
69 1 471354
83 0 471495
83 1 471576
84 0 471696
84 1 471761
85 0 471801
85 1 471872
76 0 472012
76 1 472094
32 0 472194
32 1 472258
68 0 472277
69 0 472340
68 1 472400
32 0 472430
69 1 472461
32 1 472501
77 0 472642
77 1 472693
85 0 472787
85 1 472858
76 0 472978
84 0 473059
76 1 473062
69 0 473119
84 1 473150
69 1 473200
32 0 473203
32 1 473275
73 0 473377
78 0 473478
73 1 473539
78 1 473559
32 0 473649
32 1 473709
83 0 473803
83 1 473914
67 0 474015
67 1 474086
79 0 474115
79 1 474196
65 0 474270
65 1 474364
76 0 474454
76 1 474545
65 0 474584
65 1 474666
32 0 474715
32 1 474789
83 0 474839
83 1 474920
73 0 474940
73 1 475011
32 0 475111
32 1 475182
80 0 475318
79 0 475439
80 1 475510
79 1 475540
73 0 475740
73 1 475806
8 0 476087
8 1 476168
84 0 476385
84 1 476436
73 0 476496
73 1 476577
32 0 476677
32 1 476758
8 0 481329
8 1 481391
8 0 481481
8 1 481552
8 0 481622
8 1 481683
8 0 481763
8 1 481827
8 0 481898
8 1 481939
84 0 482377
84 1 482489
69 0 482508
69 1 482549
32 0 482579
32 1 482650
80 0 482760
79 0 482875
80 1 482946
84 0 482976
79 1 482978
84 1 483037
73 0 483636
73 1 483707
32 0 483842
32 1 483902
68 0 483972
69 0 484013
68 1 484064
69 1 484084
83 0 484234
83 1 484285
8 0 484562
8 1 484633
90 0 484693
90 1 484774
86 0 485262
86 1 485333
79 0 485366
79 1 485450
76 0 485569
76 1 485651
84 0 485801
84 1 485876
65 0 485905
65 1 485996
32 0 486026
32 1 486117
68 0 486136
69 0 486207
68 1 486248
69 1 486288
83 0 486405
83 1 486516
84 0 486616
84 1 486677
85 0 486707
85 1 486778
76 0 486901
76 1 486983
32 0 487073
68 0 487144
32 1 487147
69 0 487235
68 1 487275
32 0 487294
69 1 487315
32 1 487379
77 0 487511
77 1 487592
85 0 487662
85 1 487734
76 0 487868
84 0 487960
76 1 487963
84 1 488031
32 0 488081
32 1 488141
68 0 488508
65 0 488589
68 1 488609
65 1 488700
67 0 488874
65 0 488945
67 1 488985
65 1 489066
32 0 489069
32 1 489136
83 0 489196
83 1 489277
73 0 489297
73 1 489382
32 0 489515
32 1 489575
84 0 489647
84 1 489687
85 0 489757
85 1 489828
32 0 489943
32 1 490013
73 0 490143
73 1 490225
84 0 490265
84 1 490336
73 0 490366
73 1 490442
32 0 490542
32 1 490613
68 0 490888
68 1 490959
79 0 491009
79 1 491070
82 0 491271
69 0 491362
82 1 491396
69 1 491439
83 0 491559
83 1 491650
84 0 491781
84 1 491862
73 0 491904
73 1 491985
190 0 492444
190 1 492505
32 0 492636
32 1 492686
20 0 493205
20 1 493337
87 0 493503
87 1 493594
8 0 493885
8 1 493960
69 0 494030
69 1 494101
20 0 494202
20 1 494333
88 0 494510
88 1 494611
73 0 494721
73 1 494782
83 0 494832
83 1 494916
84 0 495036
84 1 495098
65 0 495127
65 1 495208
32 0 495228
32 1 495319
85 0 495757
85 1 495818
78 0 495913
78 1 496004
69 0 496023
69 1 496104
76 0 496155
69 0 496206
76 1 496257
69 1 496277
32 0 496357
32 1 496440
67 0 496493
65 0 496543
67 1 496634
65 1 496684
68 0 496875
68 1 496980
69 0 497242
69 1 497283
8 0 497651
8 1 497722
82 0 497772
69 0 497862
82 1 497913
69 1 497968
32 0 498108
32 1 498189
68 0 498380
68 1 498478
73 0 498517
73 1 498589
68 0 498790
65 0 498911
68 1 498935
65 1 499056
67 0 499126
67 1 499277
84 0 499686
84 1 499747
73 0 499807
73 1 499878
67 0 499962
69 0 500043
67 1 500103
69 1 500164
32 0 500167
32 1 500234
65 0 500395
65 1 500492
82 0 500663
82 1 500855
187 0 501119
187 1 501170
187 0 501250
187 1 501331
187 0 501475
187 1 501548
187 0 501619
187 1 501670
8 0 502167
8 1 502208
8 0 502288
8 1 502360
8 0 502439
8 1 502503
8 0 502565
8 1 502636
8 0 502697
8 1 502767
8 0 502837
8 1 502878
67 0 503481
65 0 503543
67 1 503574
65 1 503675
82 0 503775
69 0 503886
82 1 503916
69 1 503970
32 0 503973
32 1 504040
78 0 504150
85 0 504271
78 1 504322
85 1 504362
32 0 504477
32 1 504550
65 0 504570
65 1 504671
69 0 504821
69 1 504882
32 0 504962
32 1 505027
8 0 505298
8 1 505370
8 0 505545
8 1 505617
82 0 505727
82 1 505788
32 0 505827
32 1 505918
84 0 506204
84 1 506264
82 0 506294
69 0 506365
82 1 506395
69 1 506456
66 0 506530
66 1 506593
85 0 506683
85 1 506754
73 0 506845
73 1 506916
32 0 506998
32 1 507079
83 0 507099
65 0 507190
83 1 507193
65 1 507261
32 0 507263
32 1 507341
77 0 507481
65 0 507577
77 1 507581
65 1 507658
73 0 507678
73 1 507739
32 0 507839
32 1 507911
70 0 507951
65 0 508055
70 1 508059
65 1 508116
67 0 508247
65 0 508327
67 1 508399
65 1 508459
32 0 508463
32 1 508524
80 0 508677
80 1 508757
65 0 508797
65 1 508908
82 0 509236
82 1 509306
84 0 509447
69 0 509531
84 1 509574
69 1 509634
32 0 509684
32 1 509755
68 0 509795
68 1 509896
73 0 509899
78 0 510006
73 1 510050
78 1 510080
32 0 510180
32 1 510251
83 0 510301
83 1 510403
73 0 510406
83 0 510473
73 1 510476
83 1 510548
84 0 510711
69 0 510832
84 1 510852
69 1 510913
77 0 510932
77 1 511003
188 0 511128
188 1 511209
32 0 511289
32 1 511350
80 0 511450
80 1 511511
69 0 511575
69 1 511626
78 0 511685
78 1 511736
84 0 511826
84 1 511958
82 0 511960
82 1 512018
85 0 512026
85 1 512103
32 0 512233
32 1 512294
67 0 512904
65 0 513025
67 1 513079
65 1 513171
32 0 513174
32 1 513241
68 0 513280
69 0 513371
68 1 513422
69 1 513473
74 0 513546
74 1 513609
65 0 513719
32 0 513770
65 1 513801
32 1 513851
65 0 514389
65 1 514480
85 0 514499
85 1 514564
32 0 514667
32 1 514727
73 0 514837
68 0 514918
73 1 514921
69 0 514978
68 1 515009
69 1 515094
73 0 515154
73 1 515224
32 0 515325
32 1 515386
80 0 516241
80 1 516322
82 0 516401
69 0 516462
82 1 516503
69 1 516577
65 0 516700
65 1 516791
32 0 516831
32 1 516901
73 0 516991
78 0 517086
73 1 517147
78 1 517198
86 0 517593
69 0 517655
86 1 517696
69 1 517747
67 0 517867
67 1 517948
72 0 517988
72 1 518059
73 0 518143
73 1 518214
84 0 518365
69 0 518435
84 1 518455
69 1 518536
32 0 518580
32 1 518653
67 0 518743
65 0 518823
67 1 518905
65 1 518965
82 0 519078
69 0 519179
82 1 519210
69 1 519260
32 0 519263
32 1 519331
65 0 519400
65 1 519512
82 0 519586
82 1 519669
32 0 519729
32 1 519810
84 0 519960
84 1 520022
82 0 520106
69 0 520176
82 1 520207
69 1 520287
66 0 520765
66 1 520826
85 0 520917
85 1 520967
73 0 521112
73 1 521193
32 0 521403
32 1 521485
82 0 527407
69 0 527467
82 1 527518
69 1 527589
86 0 528109
86 1 528203
73 0 528206
73 1 528283
71 0 528434
71 1 528505
79 0 528605
79 1 528681
82 0 528812
82 1 528893
65 0 529034
65 1 529135
84 0 529158
84 1 529219
69 0 529289
69 1 529370
188 0 530596
188 1 530671
32 0 530792
32 1 530844
85 0 530994
85 1 531065
32 0 531155
32 1 531229
71 0 531299
65 0 531380
71 1 531383
65 1 531491
83 0 531591
83 1 531666
69 0 531758
69 1 531819
83 0 531930
83 1 531991
67 0 532091
67 1 532176
32 0 532206
32 1 532287
67 0 532326
67 1 532418
85 0 532420
85 1 532478
86 0 532649
86 1 532735
65 0 532754
65 1 532846
78 0 532896
78 1 532977
84 0 533056
84 1 533117
85 0 533157
85 1 533232
76 0 533363
76 1 533433
32 0 533524
32 1 533564
80 0 533699
79 0 533801
80 1 533862
79 1 533903
84 0 534033
82 0 534114
84 1 534155
82 1 534208
73 0 534248
73 1 534319
86 0 534449
86 1 534520
73 0 534560
73 1 534621
84 0 534725
84 1 534788
188 0 534907
188 1 534979
32 0 535385
32 1 535445
8 0 536034
8 1 536115
68 0 536209
65 0 536291
68 1 536321
65 1 536391
82 0 536451
82 1 536512
32 0 536552
32 1 536623
67 0 536727
65 0 536779
67 1 536860
65 1 536921
82 0 537011
69 0 537112
82 1 537152
69 1 537216
32 0 537219
32 1 537296
65 0 537638
65 1 537743
8 0 538037
8 1 538119
78 0 538303
85 0 538424
78 1 538475
85 1 538515
32 0 538615
32 1 538666
86 0 538719
86 1 538802
79 0 538832
79 1 538903
82 0 538952
82 1 539024
32 0 539053
32 1 539134
83 0 539194
65 0 539268
83 1 539329
32 0 539359
65 1 539399
32 1 539439
70 0 539510
65 0 539640
70 1 539644
65 1 539788
67 0 539791
67 1 539919
65 0 540285
65 1 540397
32 0 540476
32 1 540557
65 0 540617
65 1 540698
83 0 540783
83 1 540865
84 0 541045
84 1 541127
65 0 541372
65 1 541473
190 0 542509
190 1 542570
32 0 542680
32 1 542745
20 0 542785
20 1 542887
73 0 542916
20 0 542998
78 0 543017
73 1 543048
20 1 543108
78 1 543138
32 0 543239
32 1 543323
65 0 543493
65 1 543585
76 0 543655
76 1 543737
84 0 543944
69 0 544085
84 1 544088
69 1 544166
32 0 544216
32 1 544301
84 0 544756
84 1 544820
65 0 544840
65 1 544931
82 0 545082
82 1 545163
73 0 545193
73 1 545268
32 0 545378
32 1 545459
80 0 545917
80 1 546009
82 0 546068
82 1 546170
79 0 546220
79 1 546295
66 0 546619
66 1 546669
65 0 546699
65 1 546785
66 0 546804
66 1 546897
73 0 547007
73 1 547139
76 0 547274
76 1 547355
32 0 547434
32 1 547515
84 0 547852
84 1 547923
79 0 547983
79 1 548054
84 0 548094
84 1 548145
85 0 548205
85 1 548290
76 0 548461
76 1 548532
32 0 548631
69 0 548692
32 1 548695
69 1 548763
83 0 548870
83 1 548940
84 0 549101
69 0 549202
84 1 549242
69 1 549326
32 0 549366
32 1 549427
77 0 549547
77 1 549638
65 0 549658
65 1 549759
73 0 549762
73 1 549824
32 0 549915
32 1 549986
76 0 550197
76 1 550269
69 0 550323
69 1 550404
74 0 550675
74 1 550746
69 0 550766
69 1 550840
82 0 550941
82 1 551012
188 0 551072
188 1 551143
32 0 551233
32 1 551308
84 0 551348
69 0 551438
84 1 551459
69 1 551530
32 0 551532
32 1 551600
73 0 551711
78 0 551806
73 1 551837
78 1 551869
86 0 552231
65 0 552314
86 1 552318
65 1 552396
84 0 552415
65 0 552496
84 1 552499
65 1 552587
32 0 553056
32 1 553157
83 0 553177
65 0 553247
83 1 553288
65 1 553373
32 0 553376
32 1 553443
83 0 553493
83 1 553584
84 0 553744
84 1 553830
73 0 553971
73 1 554053
73 0 554092
73 1 554183
32 0 554499
32 1 554560
67 0 554700
69 0 554781
67 1 554846
69 1 554866
86 0 554938
86 1 555019
65 0 555404
65 1 555506
188 0 555778
188 1 555853
32 0 555965
32 1 556016
78 0 556126
85 0 556187
78 1 556238
85 1 556298
32 0 556402
32 1 556464
68 0 556961
69 0 556991
68 1 557062
69 1 557113
32 0 557183
32 1 557264
84 0 557314
84 1 557389
79 0 557428
79 1 557520
65 0 557579
65 1 557712
84 0 557762
84 1 557823
69 0 557887
69 1 557959
188 0 558486
188 1 558557
32 0 558667
32 1 558728
67 0 558788
67 1 558906
69 0 559006
69 1 559218
8 0 559983
8 1 560044
8 0 560214
8 1 560285
8 0 560581
8 1 560672
8 0 560742
8 1 560823
188 0 561798
188 1 561884
32 0 561986
32 1 562057
68 0 562107
68 1 562198
73 0 562227
73 1 562309
78 0 562393
78 1 562454
32 0 562554
65 0 562644
32 1 562648
65 1 562735
67 0 562876
69 0 562931
67 1 562982
69 1 563043
65 0 563163
65 1 563294
83 0 563334
83 1 563419
84 0 563520
84 1 563581
65 0 563722
65 1 563772
32 0 564160
32 1 564231
67 0 564321
65 0 564445
67 1 564486
65 1 564556
85 0 564586
85 1 564647
90 0 564727
65 0 564827
90 1 564878
32 0 564923
65 1 564955
32 1 564995
77 0 565970
65 0 566052
77 1 566056
65 1 566153
73 0 566183
73 1 566264
32 0 566419
32 1 566490
77 0 566590
77 1 566671
85 0 566751
85 1 566812
76 0 566926
76 1 567009
84 0 567029
84 1 567080
73 0 567497
73 1 567558
32 0 567698
32 1 567759
69 0 567943
69 1 568027
88 0 568187
88 1 568269
67 0 568564
69 0 568665
67 1 568716
69 1 568756
76 0 568917
76 1 569013
69 0 569052
69 1 569124
65 0 569254
65 1 569335
90 0 569459
65 0 569520
90 1 569561
65 1 569631
32 0 569651
32 1 569691
65 0 569761
65 1 569842
67 0 569947
67 1 570041
79 0 570044
79 1 570121
76 0 570211
76 1 570282
79 0 570373
79 1 570413
190 0 573786
190 1 573857
32 0 573981
32 1 574033
20 0 574114
20 1 574225
67 0 574455
20 0 574531
67 1 574540
20 1 574632
65 0 574681
65 1 574782
32 0 574802
32 1 574883
83 0 575119
65 0 575199
83 1 575241
65 1 575321
32 0 575351
32 1 575411
70 0 575697
70 1 575758
73 0 575808
73 1 575889
77 0 575983
77 1 576056
32 0 576147
32 1 576208
77 0 576308
65 0 576389
77 1 576409
65 1 576493
73 0 576497
73 1 576554
32 0 576644
32 1 576715
80 0 576815
69 0 576885
80 1 576889
69 1 576936
82 0 577020
82 1 577102
70 0 577414
70 1 577499
79 0 577569
79 1 577640
82 0 577680
82 1 577741
77 0 577821
77 1 577902
65 0 577932
65 1 578038
78 0 578118
78 1 578189
84 0 578380
84 1 578441
73 0 578494
73 1 578555
32 0 578666
32 1 578737
80 0 578847
80 1 578928
82 0 578968
82 1 579032
79 0 579054
79 1 579125
66 0 579366
66 1 579427
65 0 579487
65 1 579581
66 0 579584
66 1 579641
73 0 580091
73 1 580162
76 0 580302
76 1 580394
32 0 580484
32 1 580559
65 0 580609
65 1 580669
82 0 580800
82 1 580891
32 0 580951
32 1 581035
84 0 581146
84 1 581208
69 0 581348
69 1 581449
8 0 581835
8 1 581896
82 0 582020
69 0 582123
82 1 582154
69 1 582215
66 0 582314
66 1 582386
85 0 582455
85 1 582520
73 0 582621
73 1 582692
32 0 582782
32 1 582853
83 0 583161
65 0 583251
83 1 583292
65 1 583404
32 0 583454
32 1 583505
65 0 584509
65 1 584594
67 0 584724
67 1 584796
67 0 584865
67 1 584987
69 0 584990
69 1 585082
80 0 585154
80 1 585225
84 0 586129
84 1 586190
65 0 586241
65 1 586342
77 0 586412
77 1 586473
32 0 586597
32 1 586657
67 0 586748
65 0 586839
67 1 586889
65 1 586970
32 0 587053
32 1 587116
83 0 588330
83 1 588401
73 0 588441
73 1 588512
83 0 588542
83 1 588617
84 0 588787
69 0 588908
84 1 588911
69 1 588969
77 0 589029
77 1 589116
85 0 589246
85 1 589308
76 0 589478
76 1 589573
32 0 589855
32 1 589936
83 0 590066
83 1 590100
69 0 590599
69 1 590670
32 0 590730
32 1 590801
83 0 590871
83 1 590952
67 0 591052
72 0 591117
67 1 591150
72 1 591230
73 0 591320
73 1 591391
77 0 591786
77 1 591867
66 0 592038
65 0 592102
66 1 592106
65 1 592186
32 0 592266
32 1 592337
68 0 592487
65 0 592578
68 1 592613
65 1 592743
67 0 592763
65 0 592844
67 1 592895
65 1 592976
32 0 592978
32 1 593046
84 0 593463
84 1 593545
79 0 593584
79 1 593659
84 0 593709
84 1 593760
73 0 593799
73 1 593870
32 0 593971
32 1 594043
80 0 594179
80 1 594250
65 0 594300
65 1 594421
82 0 594646
82 1 594727
84 0 594858
84 1 594909
73 0 594978
73 1 595050
67 0 595144
67 1 595237
73 0 595240
73 1 595288
80 0 595399
80 1 595480
65 0 595509
65 1 595614
77 0 595967
77 1 596068
190 0 597094
190 1 597149
20 0 612528
20 1 612630
83 0 612733
20 0 612825
83 1 612885
20 1 612926
73 0 612966
73 1 613107
78 0 613137
67 0 613217
78 1 613221
69 0 613252
67 1 613304
69 1 613345
82 0 613475
82 1 613546
188 0 613549
188 1 613586
32 0 613707
32 1 613762
78 0 613862
85 0 613952
78 1 613973
85 1 614054
32 0 614144
83 0 614174
32 1 614205
83 1 614258
84 0 614391
84 1 614492
73 0 614521
85 0 614632
73 1 614694
85 1 614723
32 0 614838
32 1 614909
68 0 615160
68 1 615285
65 0 615408
65 1 615529
67 0 615599
65 0 615690
67 1 615710
65 1 615784
65 0 615904
65 1 616005
8 0 616281
8 1 616354
32 0 616535
32 1 616606
65 0 616696
65 1 616801
67 0 616881
69 0 616962
67 1 617002
69 1 617053
65 0 617184
65 1 617287
83 0 617380
83 1 617481
84 0 617581
84 1 617652
65 0 617722
65 1 617817
32 0 617820
32 1 617908
73 0 618039
73 1 618191
65 0 618275
65 1 618358
8 0 618824
8 1 618895
77 0 619045
65 0 619156
77 1 619159
65 1 619238
71 0 619423
71 1 619504
73 0 619534
78 0 619604
73 1 619665
69 0 619715
78 1 619718
69 1 619810
32 0 619840
32 1 619901
69 0 619952
69 1 620023
83 0 620123
83 1 620204
84 0 620318
69 0 620430
84 1 620471
32 0 620511
69 1 620532
32 1 620591
79 0 621388
79 1 621459
32 0 621559
32 1 621630
80 0 621771
73 0 621915
80 1 621946
67 0 622026
73 1 622029
67 1 622107
84 0 622585
84 1 622666
85 0 622716
85 1 622787
82 0 622891
82 1 622962
65 0 623143
65 1 623255
32 0 623274
32 1 623359
67 0 623500
69 0 623610
67 1 623661
69 1 623722
76 0 623793
76 1 623898
69 0 623928
69 1 624009
66 0 624447
66 1 624508
82 0 624568
82 1 624649
65 0 624823
65 1 624914
32 0 624944
32 1 625035
83 0 625116
65 0 625205
83 1 625226
65 1 625317
85 0 625373
85 1 625454
32 0 625564
32 1 625645
79 0 627683
79 1 627744
32 0 627867
32 1 627928
79 0 628386
79 1 628450
80 0 628590
80 1 628651
82 0 628711
69 0 628812
82 1 628833
69 1 628877
8 0 629108
8 1 629169
8 0 629249
8 1 629320
69 0 629393
69 1 629486
82 0 629576
82 1 629647
65 0 629808
65 1 629903
32 0 629923
32 1 629993
68 0 630266
69 0 630381
68 1 630424
69 1 630464
32 0 630494
32 1 630565
65 0 630665
65 1 630776
82 0 630879
82 1 630940
84 0 631061
84 1 631122
65 0 631333
65 1 631441
188 0 631501
188 1 631552
32 0 631652
68 0 631722
32 1 631725
65 0 631803
68 1 631854
65 1 631929
82 0 631998
82 1 632039
32 0 632869
32 1 632934
65 0 636371
65 1 636468
84 0 636659
84 1 636760
82 0 636830
82 1 636905
73 0 636966
73 1 637036
66 0 637259
66 1 637329
85 0 637399
85 1 637475
73 0 637565
73 1 637647
32 0 637737
32 1 637787
73 0 637899
73 1 637974
77 0 638044
65 0 638165
77 1 638168
65 1 638256
71 0 638356
71 1 638407
73 0 638522
78 0 638633
73 1 638654
78 1 638734
69 0 638774
69 1 638845
65 0 638949
65 1 639061
32 0 639090
32 1 639181
67 0 639221
67 1 639302
85 0 639321
85 1 639393
32 0 639489
32 1 639570
73 0 639660
78 0 639761
73 1 639822
78 1 639862
84 0 640067
82 0 640168
84 1 640219
82 1 640279
65 0 640420
65 1 640527
82 0 640728
82 1 640809
69 0 640849
69 1 640934
65 0 641064
65 1 641155
32 0 641158
32 1 641236
76 0 641386
76 1 641470
85 0 641613
85 1 641684
73 0 641774
73 1 641845
32 0 641969
32 1 642031
20 0 642061
20 1 642141
73 0 642251
73 1 642323
20 0 642590
20 1 642712
73 0 642832
73 1 642914
83 0 643078
83 1 643129
85 0 643219
85 1 643290
83 0 643350
83 1 643431
32 0 643485
32 1 643548
73 0 643669
78 0 643830
73 1 643860
78 1 643890
32 0 644501
32 1 644573
84 0 644835
69 0 644926
84 1 644962
69 1 645022
77 0 645061
77 1 645142
80 0 645262
76 0 645353
80 1 645404
76 1 645445
85 0 645582
85 1 645643
76 0 645783
76 1 645854
32 0 645955
32 1 646019
68 0 646119
68 1 646201
85 0 646250
85 1 646342
78 0 646345
78 1 646443
32 0 646528
32 1 646598
20 0 647239
20 1 647340
73 0 647410
73 1 647494
20 0 647514
20 1 647617
69 0 647717
69 1 647798
82 0 647888
82 1 647949
85 0 647993
85 1 648054
83 0 648144
65 0 648214
83 1 648275
65 1 648346
76 0 648349
76 1 648457
73 0 648511
73 1 648573
77 0 648704
77 1 648765
188 0 648886
188 1 648956
32 0 649051
32 1 649101
85 0 649211
78 0 649312
85 1 649363
78 1 649433
68 0 649453
69 0 649538
68 1 649590
69 1 649661
32 0 649691
32 1 649772
69 0 650794
69 1 650855
82 0 650945
82 1 651020
65 0 651160
65 1 651252
85 0 651271
85 1 651353
32 0 651503
32 1 651569
68 0 651690
69 0 651760
68 1 651811
69 1 651851
83 0 651973
83 1 652047
82 0 652177
84 0 652218
84 1 652279
82 1 652283
8 0 652707
8 1 652768
8 0 652828
8 1 652910
84 0 653186
84 1 653246
85 0 653377
85 1 653448
76 0 653603
76 1 653655
32 0 654284
32 1 654355
68 0 654435
69 0 654486
68 1 654531
69 1 654603
32 0 654606
32 1 654674
77 0 654784
77 1 654875
85 0 654955
85 1 655016
76 0 655171
84 0 655273
76 1 655276
84 1 655374
73 0 655413
73 1 655474
32 0 655578
32 1 655651
79 0 655762
79 1 655903
65 0 656310
65 1 656411
77 0 656929
77 1 657020
69 0 657085
69 1 657165
78 0 657185
78 1 657276
73 0 657356
73 1 657427
32 0 657528
32 1 657604
67 0 657775
67 1 657926
65 0 658006
65 1 658131
82 0 658252
69 0 658362
82 1 658403
69 1 658454
32 0 658473
32 1 658558
78 0 661921
78 1 661992
69 0 662012
69 1 662087
71 0 662308
71 1 662359
79 0 662429
79 1 662480
67 0 662746
67 1 662827
73 0 662857
73 1 662928
65 0 663029
65 1 663114
85 0 663285
85 1 663396
32 0 663815
32 1 663906
68 0 665527
68 1 665578
73 0 665651
73 1 665724
70 0 665753
69 0 665834
70 1 665864
69 1 665935
82 0 666035
82 1 666111
73 0 666150
73 1 666211
84 0 666281
84 1 666413
69 0 666442
69 1 666473
32 0 666523
32 1 666593
83 0 666770
83 1 666841
67 0 666951
67 1 667022
72 0 667052
72 1 667103
73 0 667186
73 1 667267
77 0 667378
77 1 667459
66 0 667599
66 1 667675
85 0 667755
85 1 667826
82 0 667917
82 1 667978
73 0 668018
73 1 668089
32 0 668194
32 1 668265
83 0 668305
65 0 668396
83 1 668426
65 1 668538
85 0 668540
85 1 668618
32 0 668743
32 1 668824
67 0 669658
67 1 669760
69 0 669840
69 1 669901
73 0 669971
73 1 670042
32 0 670132
67 0 670196
32 1 670198
65 0 670266
67 1 670347
65 1 670427
82 0 670578
69 0 670673
82 1 670716
69 1 670786
32 0 670836
32 1 670907
67 0 671624
67 1 671688
79 0 671760
79 1 671841
76 0 671952
76 1 672033
69 0 672238
69 1 672309
67 0 672530
67 1 672611
84 0 673060
84 1 673121
65 0 673140
65 1 673234
85 0 673295
85 1 673376
32 0 673477
32 1 673568
16 0 677376
222 0 677712
222 1 677816
16 1 677836
67 0 678645
69 0 678729
67 1 678783
69 1 678853
32 0 678933
32 1 678993
69 0 679289
69 1 679360
83 0 679471
83 1 679562
84 0 679682
69 0 679819
84 1 679880
69 1 679961
32 0 679964
32 1 680052
65 0 680141
65 1 680246
76 0 680249
76 1 680337
32 0 680437
32 1 680508
67 0 680528
67 1 680650
8 0 680897
8 1 680967
20 0 681058
20 1 681169
67 0 681233
67 1 681274
20 0 681303
20 1 681384
69 0 681485
69 1 681546
90 0 681696
65 0 681773
90 1 681824
65 1 681904
82 0 682055
82 1 682126
85 0 682176
85 1 682240
76 0 682410
76 1 682481
85 0 682622
85 1 682747
79 0 684470
79 1 684511
8 0 684766
8 1 684839
73 0 684990
73 1 685071
16 0 685255
222 0 685396
16 1 685457
222 1 685487
32 0 685628
32 1 685699
8 0 686504
8 1 686575
190 0 687144
190 1 687215
32 0 687318
32 1 687369
20 0 687501
73 0 687590
20 1 687632
20 0 687723
73 1 687731
20 1 687829
78 0 688051
78 1 688121
32 0 688231
32 1 688295
73 0 688853
73 1 688935
77 0 689025
65 0 689126
77 1 689129
65 1 689227
71 0 689331
71 1 689412
73 0 689522
73 1 689613
78 0 689673
78 1 689755
69 0 689788
69 1 689859
32 0 689879
32 1 689950
77 0 690050
65 0 690130
77 1 690161
65 1 690242
73 0 690244
73 1 690326
32 0 690406
32 1 690478
80 0 690618
80 1 690710
85 0 690886
85 1 690937
84 0 691118
69 0 691198
84 1 691219
69 1 691303
77 0 691332
77 1 691403
32 0 691504
32 1 691574
79 0 691674
79 1 691735
66 0 691829
66 1 691862
83 0 691983
83 1 692064
69 0 692164
69 1 692225
82 0 692309
82 1 692370
86 0 692450
86 1 692541
65 0 692571
65 1 692662
32 0 692682
32 1 692712
16 0 695363
222 0 695473
16 1 695514
222 1 695575
73 0 695755
73 1 695806
78 0 695973
78 1 696044
84 0 696144
69 0 696255
84 1 696258
69 1 696305
76 0 696339
76 1 696421
69 0 696480
69 1 696582
80 0 696702
80 1 696783
84 0 697059
84 1 697140
73 0 697190
73 1 697252
16 0 697586
222 0 697687
16 1 697728
222 1 697808
188 0 698287
188 1 698352
32 0 698462
32 1 698533
83 0 698623
65 0 698714
83 1 698734
65 1 698785
85 0 698804
85 1 698880
32 0 698982
32 1 699053
67 0 700282
65 0 700365
67 1 700426
65 1 700517
82 0 700618
82 1 700658
84 0 700768
84 1 700799
85 0 700873
85 1 700926
82 0 700996
82 1 701067
73 0 701127
73 1 701198
65 0 701328
65 1 701434
8 0 701806
8 1 701870
8 0 701982
8 1 702033
65 0 702897
65 1 703000
82 0 703181
82 1 703241
73 0 703322
73 1 703352
32 0 703616
32 1 703697
69 0 703767
69 1 703838
82 0 704257
82 1 704328
65 0 704463
65 1 704564
85 0 704567
85 1 704624
32 0 704724
32 1 704786
78 0 704908
85 0 705011
78 1 705052
85 1 705092
77 0 705213
73 0 705313
77 1 705365
73 1 705408
84 0 705488
84 1 705560
73 0 705590
73 1 705661
32 0 705791
32 1 705831
73 0 705905
78 0 705988
73 1 706059
78 1 706089
32 0 706179
32 1 706251
65 0 706301
65 1 706417
67 0 706557
69 0 706627
67 1 706668
69 1 706708
65 0 706849
65 1 706956
32 0 707107
32 1 707168
80 0 707319
80 1 707389
69 0 707413
69 1 707484
82 0 707564
82 1 707645
73 0 707648
73 1 707716
79 0 707846
79 1 707920
65 0 707962
65 1 708063
83 0 708214
83 1 708346
8 0 708601
8 1 708672
68 0 708772
65 0 708873
68 1 708927
65 1 709000
188 0 709039
188 1 709131
32 0 709231
32 1 709292
67 0 709402
65 0 709526
67 1 709607
65 1 709657
82 0 709797
69 0 709909
82 1 709953
69 1 710006
32 0 710025
32 1 710096
80 0 710835
80 1 710916
82 0 710959
82 1 711032
79 0 711112
79 1 711173
66 0 711539
66 1 711610
65 0 711690
65 1 711771
66 0 711775
66 1 711863
73 0 711912
73 1 712019
76 0 712140
76 1 712221
32 0 712341
32 1 712392
84 0 712444
84 1 712506
73 0 712546
73 1 712616
78 0 712716
78 1 712808
69 0 712837
69 1 712929
85 0 713014
85 1 713085
32 0 713207
32 1 713277
80 0 713471
80 1 713563
82 0 713582
69 0 713663
82 1 713705
69 1 713765
68 0 713885
68 1 713959
73 0 713979
73 1 714052
67 0 714132
67 1 714193
73 0 714243
73 1 714324
32 0 716068
32 1 716139
68 0 716321
69 0 716411
68 1 716442
69 1 716506
83 0 716637
83 1 716718
80 0 716720
80 1 716798
82 0 716888
69 0 716949
82 1 716983
69 1 717055
32 0 717085
32 1 717146
67 0 717356
65 0 717447
67 1 717492
65 1 717582
78 0 717612
78 1 717683
68 0 717703
68 1 717774
32 0 717844
83 0 717924
32 1 717928
83 1 718009
73 0 718041
73 1 718112
32 0 718223
67 0 718263
32 1 718266
69 0 718303
67 1 718364
69 1 718434
32 0 718454
32 1 718528
83 0 718618
83 1 718710
69 0 718820
69 1 718891
32 0 718910
32 1 718985
73 0 719088
78 0 719168
73 1 719231
78 1 719270
84 0 719616
84 1 719687
65 0 719787
65 1 719889
77 0 719928
77 1 720013
80 0 720164
76 0 720255
80 1 720326
76 1 720376
65 0 720396
65 1 720457
188 0 721342
188 1 721404
32 0 721507
32 1 721568
80 0 721678
80 1 721749
69 0 721778
69 1 721860
8 0 722147
8 1 722208
8 0 722299
8 1 722360
8 0 722451
8 1 722515
8 0 722585
8 1 722636
190 0 729627
190 1 729698
32 0 729828
32 1 729889
20 0 731497
20 1 731622
69 0 731812
69 1 731893
20 0 732014
20 1 732108
88 0 732230
88 1 732311
73 0 732341
73 1 732412
83 0 732432
83 1 732523
84 0 732628
84 1 732698
65 0 732728
65 1 732799
32 0 732839
32 1 732939
83 0 733237
83 1 733318
73 0 733358
73 1 733449
32 0 733579
32 1 733644
85 0 733925
85 1 734006
78 0 734076
78 1 734152
32 0 734262
32 1 734313
71 0 734363
82 0 734444
71 1 734474
82 1 734555
85 0 734558
85 1 734629
80 0 734770
80 1 734851
68 0 735031
68 1 735126
8 0 735398
8 1 735470
32 0 735654
32 1 735725
68 0 735815
69 0 735886
68 1 735926
69 1 735987
32 0 736027
32 1 736098
67 0 736142
67 1 736235
79 0 736254
79 1 736336
80 0 736761
80 1 736832
73 0 737034
73 1 737095
73 0 737160
73 1 737241
32 0 737371
67 0 737452
32 1 737455
65 0 737533
67 1 737573
65 1 737648
82 0 737768
69 0 737838
82 1 737869
69 1 737940
32 0 737942
32 1 738030
83 0 738100
83 1 738206
85 0 738226
85 1 738328
78 0 738408
78 1 738479
84 0 738509
84 1 738580
32 0 738654
32 1 738735
73 0 738866
78 0 738976
73 1 739048
78 1 739088
67 0 739118
65 0 739223
67 1 739274
65 1 739344
8 0 739565
8 1 739616
8 0 739700
8 1 739791
86 0 739971
65 0 740052
86 1 740055
65 1 740148
84 0 740210
84 1 740281
65 0 740301
65 1 740372
84 0 740401
84 1 740463
79 0 740658
79 1 740698
8 0 741206
8 1 741268
73 0 741398
73 1 741469
32 0 741590
68 0 741663
32 1 741667
69 0 741724
68 1 741775
69 1 741825
32 0 741828
32 1 741865
85 0 741997
78 0 742138
85 1 742162
78 1 742195
32 0 742325
32 1 742396
66 0 742516
66 1 742577
65 0 742721
65 1 742802
84 0 742962
84 1 743044
82 0 743103
82 1 743179
65 0 743330
65 1 743431
78 0 743434
78 1 743492
32 0 743612
83 0 743677
32 1 743680
65 0 743727
83 1 743768
65 1 743838
32 0 743898
32 1 743979
83 0 743999
83 1 744050
69 0 744417
69 1 744498
32 0 744985
32 1 745066
74 0 746710
79 0 746810
74 1 746841
79 1 746942
65 0 746972
65 1 747073
67 0 747196
69 0 747289
67 1 747340
69 1 747380
32 0 747440
32 1 747511
67 0 747736
69 0 747817
67 1 747888
69 1 747918
86 0 748507
86 1 748619
65 0 748723
65 1 748794
16 0 749313
191 0 749424
16 1 749505
191 1 749556
32 0 750350
32 1 750441
187 0 751655
187 1 751759
187 0 751899
187 1 751961
8 0 752500
8 1 752561
8 0 752641
8 1 752726
8 0 752806
8 1 752877
8 0 753597
8 1 753718
16 0 754292
191 0 754382
191 1 754453
16 1 754457
32 0 754614
32 1 754695
20 0 754725
83 0 754869
20 1 754872
20 0 754970
83 1 755000
73 0 755041
20 1 755081
73 1 755102
32 0 755213
32 1 755267
68 0 755288
69 0 755359
68 1 755400
69 1 755440
83 0 755570
83 1 755641
73 0 755856
73 1 755947
71 0 756058
71 1 756109
85 0 756168
85 1 756229
82 0 756295
82 1 756366
32 0 756405
32 1 756477
8 0 756884
8 1 756954
188 0 757145
188 1 757216
32 0 757322
32 1 757383
67 0 757413
65 0 757514
67 1 757545
65 1 757635
32 0 757638
32 1 757706
73 0 758560
73 1 758581
78 0 758846
78 1 758907
32 0 759007
32 1 759058
79 0 759169
82 0 759239
79 1 759242
82 1 759315
73 0 759395
73 1 759466
67 0 759496
69 0 759536
67 1 759587
69 1 759638
32 0 759658
32 1 759749
76 0 759883
76 1 759975
79 0 760055
79 1 760126
67 0 760145
67 1 760226
188 0 760290
188 1 760364
32 0 760473
32 1 760525
71 0 760910
82 0 760990
71 1 761031
82 1 761091
85 0 761121
85 1 761193
80 0 761338
80 1 761409
85 0 761529
85 1 761570
76 0 761720
76 1 761806
32 0 761926
32 1 761997
67 0 762787
65 0 762912
67 1 763003
65 1 763073
82 0 763224
69 0 763309
82 1 763361
69 1 763422
32 0 763462
32 1 763533
73 0 764030
73 1 764101
77 0 764201
77 1 764282
80 0 764408
80 1 764479
65 0 764569
65 1 764651
82 0 764825
82 1 764907
8 0 766233
8 1 766328
8 0 766792
8 1 766977
8 0 767067
8 1 767169
8 0 767238
8 1 767364
8 0 767537
8 1 767628
68 0 768215
65 0 768316
68 1 768340
65 1 768412
8 0 768784
8 1 768849
8 0 768919
8 1 769011
70 0 769252
65 0 769312
70 1 769347
65 1 769430
67 0 769489
69 0 769610
67 1 769651
69 1 769691
32 0 769731
32 1 769802
68 0 770798
68 1 770873
73 0 770923
73 1 771005
78 0 771064
78 1 771135
32 0 771256
32 1 771306
84 0 771462
84 1 771482
65 0 771532
65 1 771614
78 0 771673
78 1 771775
84 0 771929
84 1 771990
65 0 772040
65 1 772141
82 0 772144
82 1 772212
32 0 772312
32 1 772409
65 0 772469
65 1 772560
82 0 772680
82 1 772762
77 0 772832
77 1 772906
65 0 772967
65 1 773068
83 0 773178
65 0 773228
83 1 773279
65 1 773374
82 0 773456
82 1 773537
32 0 773577
32 1 773648
83 0 773718
83 1 773809
73 0 773812
73 1 773873
32 0 773973
32 1 774055
68 0 775429
65 0 775509
68 1 775540
65 1 775621
32 0 775691
32 1 775802
68 0 776127
69 0 776247
68 1 776251
69 1 776318
32 0 776413
32 1 776485
83 0 776717
83 1 776838
84 0 777033
84 1 777084
73 0 777144
73 1 777215
82 0 777315
69 0 777375
82 1 777409
69 1 777472
32 0 777501
32 1 777583
73 0 777682
78 0 777773
73 1 777844
78 1 777875
32 0 777999
32 1 778090
84 0 778200
65 0 778291
84 1 778294
65 1 778372
82 0 778416
82 1 778479
65 0 778499
65 1 778579
32 0 778629
32 1 778721
68 0 778741
69 0 778822
68 1 778872
69 1 778936
83 0 779036
83 1 779137
80 0 779157
80 1 779248
82 0 779328
69 0 779423
82 1 779444
69 1 779516
32 0 779519
32 1 779557
67 0 779758
69 0 779859
67 1 779924
69 1 779974
32 0 779977
32 1 780045
83 0 780135
83 1 780236
69 0 780316
69 1 780421
32 0 780423
32 1 780493
73 0 780614
78 0 780674
73 1 780735
78 1 780795
84 0 780845
84 1 780940
65 0 781131
65 1 781252
77 0 781272
77 1 781353
80 0 781489
76 0 781600
80 1 781672
76 1 781711
65 0 781741
65 1 781842
32 0 781926
32 1 781987
80 0 782319
80 1 782421
69 0 782464
69 1 782536
83 0 782657
83 1 782707
84 0 782838
69 0 782908
84 1 782943
69 1 783024
32 0 783063
32 1 783134
84 0 783491
84 1 783552
79 0 783582
79 1 783663
84 0 783693
84 1 783765
32 0 783805
32 1 783886
83 0 784181
83 1 784262
73 0 784282
73 1 784353
32 0 784467
32 1 784520
78 0 784620
73 0 784701
78 1 784762
67 0 784802
73 1 784822
65 0 784882
67 1 784956
65 1 785037
73 0 785228
73 1 785299
69 0 785318
69 1 785410
82 0 785505
82 1 785586
73 0 785635
73 1 785707
190 0 786489
190 1 786562
