70 0 166680
70 1 166790
82 0 167092
82 1 167179
85 0 167281
85 1 167343
77 0 167523
77 1 167584
79 0 167733
79 1 167796
65 0 168070
65 1 168129
83 0 168278
83 1 168343
219 0 169009
219 1 169076
8 0 170495
8 1 170549
8 0 170694
8 1 170755
8 0 170873
8 1 170937
8 0 171050
8 1 171082
8 0 171204
8 1 171248
8 0 171365
8 1 171399
8 0 171493
8 1 171548
8 0 172428
8 1 172489
20 0 177822
20 1 177892
70 0 178089
70 1 178159
20 0 178174
20 1 178237
82 0 178331
82 1 178388
85 0 178794
85 1 178849
77 0 179052
77 1 179124
79 0 179280
79 1 179342
65 0 179995
65 1 180070
83 0 180234
83 1 180320
219 0 181298
219 1 181375
188 0 182519
188 1 182584
32 0 182725
32 1 182789
78 0 182945
78 1 183009
85 0 183181
85 1 183251
32 0 183462
32 1 183542
219 0 183860
219 1 183939
8 0 184592
8 1 184669
78 0 186702
78 1 186788
73 0 187006
73 1 187062
78 0 187437
78 1 187504
71 0 187987
71 1 188057
69 0 188237
69 1 188310
32 0 188435
32 1 188502
186 0 189288
186 1 189348
73 0 189653
73 1 189709
32 0 189904
32 1 189963
78 0 190113
78 1 190169
85 0 190318
85 1 190382
32 0 190562
32 1 190628
80 0 190855
80 1 190916
76 0 191228
76 1 191296
79 0 191437
79 1 191495
85 0 191768
85 1 191837
219 0 192697
219 1 192763
16 0 194566
49 0 194882
49 1 194950
16 1 194958
32 0 208770
32 1 208856
20 0 208956
20 1 209049
78 0 209260
78 1 209338
85 0 210106
85 1 210168
20 0 210622
20 1 210788
8 0 211555
8 1 211639
8 0 212068
8 1 212136
20 0 213056
20 1 213179
78 0 213547
78 1 213631
20 0 213702
20 1 213811
85 0 213913
85 1 213976
32 0 214164
32 1 214238
73 0 214602
73 1 214677
77 0 214865
77 1 214928
73 0 215084
73 1 215142
77 0 215289
77 1 215358
32 0 215577
32 1 215643
80 0 215867
80 1 215936
76 0 216069
76 1 216130
65 0 216294
65 1 216378
67 0 216535
67 1 216611
69 0 216751
69 1 216824
32 0 220498
32 1 220560
86 0 220771
86 1 220834
82 0 221147
82 1 221218
69 0 221398
69 1 221469
77 0 222067
77 1 222152
69 0 222308
69 1 222376
65 0 222586
65 1 222671
32 0 225915
32 1 225997
68 0 227503
68 1 227591
69 0 227748
69 1 227808
32 0 227926
32 1 228002
65 0 228127
65 1 228195
67 0 228429
67 1 228519
85 0 228613
85 1 228676
77 0 228903
77 1 228960
32 0 229085
32 1 229155
68 0 229280
68 1 229365
69 0 229482
69 1 229541
79 0 229666
79 1 229723
65 0 229911
65 1 229987
82 0 230182
82 1 230248
69 0 230349
69 1 230418
67 0 230528
67 1 230595
69 0 230712
69 1 230784
32 0 230870
32 1 230944
86 0 231238
86 1 231309
82 0 231473
82 1 231543
69 0 231676
69 1 231749
65 0 232117
65 1 232183
85 0 232543
85 1 232600
8 0 233285
8 1 233341
8 0 233482
8 1 233543
8 0 233700
8 1 233746
8 0 233909
8 1 233960
8 0 234132
8 1 234164
73 0 235835
73 1 235901
77 0 236042
77 1 236109
73 0 236234
73 1 236303
32 0 236473
32 1 236546
68 0 236796
68 1 236869
79 0 236978
79 1 237042
82 0 237245
82 1 237309
69 0 237442
69 1 237501
83 0 237696
83 1 237754
67 0 237911
67 1 237976
32 0 238070
32 1 238133
83 0 238321
83 1 238399
219 0 238921
219 1 238989
32 0 239200
32 1 239269
78 0 239448
78 1 239506
73 0 239663
73 1 239722
78 0 239902
78 1 239968
71 0 240398
71 1 240471
219 0 240989
219 1 241072
16 0 242105
49 0 242386
16 1 242442
49 1 242458
32 0 243975
32 1 244065
20 0 247535
20 1 247605
90 0 249055
90 1 249129
20 0 249192
20 1 249254
73 0 249379
73 1 249431
76 0 249822
76 1 249887
69 0 250129
69 1 250186
76 0 250311
76 1 250382
69 0 250515
69 1 250588
32 0 252779
32 1 252845
84 0 253804
84 1 253866
82 0 253991
82 1 254055
69 0 254165
69 1 254234
67 0 254375
67 1 254442
85 0 254676
85 1 254735
84 0 254922
84 1 254981
69 0 255098
69 1 255169
32 0 255240
32 1 255317
65 0 255604
65 1 255674
85 0 255831
85 1 255903
32 0 256098
32 1 256167
70 0 256687
70 1 256764
79 0 256858
79 1 256929
83 0 257281
83 1 257349
84 0 257503
84 1 257567
32 0 258494
32 1 258543
80 0 259620
80 1 259687
76 0 259882
76 1 259956
79 0 260081
79 1 260148
73 0 260289
73 1 260354
79 0 260889
79 1 260954
65 0 261188
65 1 261270
83 0 261395
83 1 261460
69 0 261594
69 1 261660
32 0 265500
32 1 265561
67 0 265697
67 1 265770
85 0 265838
85 1 265900
32 0 266103
32 1 266188
86 0 266344
86 1 266407
82 0 266610
82 1 266674
69 0 266831
69 1 266887
77 0 267270
77 1 267356
69 0 267426
69 1 267502
32 0 267542
32 1 267602
85 0 267893
85 1 267961
82 0 268243
82 1 268308
220 0 269490
220 1 269554
84 0 270230
84 1 270294
219 0 270716
219 1 270795
16 0 271564
49 0 271791
16 1 271815
49 1 271863
32 0 284173
32 1 284256
20 0 285168
20 1 285287
86 0 285748
86 1 285830
20 0 285869
20 1 285955
82 0 286072
82 1 286141
69 0 286258
69 1 286326
77 0 286829
77 1 286886
69 0 287043
69 1 287124
65 0 287311
65 1 287379
32 0 287458
32 1 287518
80 0 287807
80 1 287880
69 0 288440
69 1 288515
82 0 288679
82 1 288748
70 0 289183
70 1 289246
69 0 289347
69 1 289421
67 0 289554
67 1 289620
84 0 290164
84 1 290236
219 0 290734
219 1 290793
32 0 290985
32 1 291060
80 0 291466
80 1 291542
69 0 291737
69 1 291798
78 0 291931
78 1 292001
84 0 292274
84 1 292347
82 0 292488
82 1 292561
85 0 292616
85 1 292673
32 0 292837
32 1 292913
77 0 293022
77 1 293095
73 0 293251
73 1 293321
78 0 293485
78 1 293545
69 0 293686
69 1 293760
32 0 293854
32 1 293926
69 0 294136
69 1 294213
83 0 294385
83 1 294461
84 0 294532
84 1 294609
69 0 294695
69 1 294769
32 0 301649
32 1 301752
86 0 302436
86 1 302522
65 0 302631
65 1 302699
82 0 302816
82 1 302888
65 0 303013
65 1 303088
32 0 303331
32 1 303401
67 0 304030
67 1 304107
8 0 305205
8 1 305265
220 0 305741
220 1 305816
8 0 307138
8 1 307211
67 0 307596
67 1 307682
220 0 309152
220 1 309226
78 0 309601
78 1 309664
68 0 309882
68 1 309965
32 0 310075
32 1 310140
69 0 310298
69 1 310365
32 0 310560
32 1 310625
83 0 310857
83 1 310917
79 0 311089
79 1 311152
65 0 311324
65 1 311408
82 0 311556
82 1 311625
69 0 311704
69 1 311781
16 0 315852
16 0 316347
16 0 316378
16 0 316417
16 0 316449
16 0 316480
16 0 316509
16 0 316545
16 0 316577
16 0 316616
16 0 316647
16 0 316678
16 0 316709
16 0 316741
16 0 316780
16 0 316811
16 0 316842
16 0 316874
16 0 316913
16 0 316944
16 0 316975
16 0 317006
16 0 317038
16 0 317071
16 0 317110
16 0 317141
16 0 317172
49 0 317172
16 1 317228
49 1 317252
32 0 333875
32 1 333951
65 0 334146
65 1 334211
78 0 334360
78 1 334423
79 0 334744
79 1 334804
84 0 335115
84 1 335178
73 0 335491
73 1 335551
77 0 335731
77 1 335791
80 0 336378
80 1 336436
85 0 336780
85 1 336852
76 0 337233
76 1 337298
20 0 368491
20 1 368628
90 0 369456
90 1 369542
20 0 369620
20 1 369682
73 0 369831
73 1 369899
85 0 370079
85 1 370145
65 0 370418
65 1 370483
32 0 370545
32 1 370610
73 0 370907
73 1 370971
68 0 371206
68 1 371265
69 0 371382
69 1 371443
65 0 371677
65 1 371745
76 0 372151
76 1 372218
219 0 372721
219 1 372785
32 0 373003
32 1 373063
80 0 373325
80 1 373382
69 0 373679
69 1 373729
66 0 373909
66 1 373934
8 0 374598
8 1 374667
78 0 374989
78 1 375043
84 0 375317
84 1 375369
82 0 375705
82 1 375771
85 0 375857
85 1 375925
32 0 376097
32 1 376169
77 0 376302
77 1 376366
73 0 376506
73 1 376571
78 0 376758
78 1 376817
69 0 376971
69 1 377048
32 0 377103
32 1 377163
69 0 377264
69 1 377349
83 0 377498
83 1 377563
84 0 377649
84 1 377720
69 0 377791
69 1 377873
32 0 377966
32 1 378045
67 0 378334
67 1 378406
65 0 378664
65 1 378742
78 0 379238
78 1 379304
68 0 379539
68 1 379619
32 0 379705
32 1 379771
77 0 379919
77 1 379984
219 0 382818
219 1 382883
32 0 383094
32 1 383155
84 0 383450
84 1 383511
82 0 383636
82 1 383696
69 0 383829
69 1 383907
90 0 385658
90 1 385717
69 0 385845
69 1 385919
83 0 386091
83 1 386158
67 0 386283
67 1 386342
32 0 389003
32 1 389093
76 0 389569
76 1 389638
220 0 390757
220 1 390832
78 0 391191
78 1 391249
71 0 391616
71 1 391693
219 0 392546
219 1 392619
32 0 392869
32 1 392941
8 0 402176
8 1 402243
8 0 402368
8 1 402420
8 0 402532
8 1 402597
8 0 402691
8 1 402741
8 0 402842
8 1 402904
8 0 403020
8 1 403063
68 0 403945
68 1 404004
73 0 404090
73 1 404165
77 0 404311
77 1 404386
73 0 404496
73 1 404564
78 0 404728
78 1 404789
69 0 405007
69 1 405087
65 0 405470
65 1 405536
222 0 406119
222 1 406192
65 0 406333
65 1 406405
32 0 406499
32 1 406559
76 0 406904
76 1 406970
220 0 407925
220 1 407997
78 0 408348
78 1 408417
71 0 408876
71 1 408952
219 0 409485
219 1 409557
32 0 409792
32 1 409869
67 0 410893
67 1 410964
79 0 411144
79 1 411194
73 0 411405
73 1 411456
73 0 411549
73 1 411616
32 0 411874
32 1 411932
77 0 412050
77 1 412132
69 0 412304
69 1 412370
73 0 412471
73 1 412545
16 0 413267
49 0 413610
16 1 413685
49 1 413685
32 0 414170
32 1 414242
20 0 418374
20 1 418516
77 0 418688
20 0 418715
77 1 418749
20 1 418819
219 0 419516
219 1 419590
32 0 419793
32 1 419863
84 0 420102
84 1 420162
82 0 420302
82 1 420357
69 0 420482
69 1 420549
90 0 424175
90 1 424247
69 0 424356
69 1 424425
83 0 424589
83 1 424663
67 0 424811
67 1 424876
32 0 425985
32 1 426079
76 0 426700
76 1 426772
65 0 426897
65 1 426969
32 0 427016
32 1 427097
79 0 428344
79 1 428410
82 0 428730
82 1 428796
65 0 428937
65 1 429017
32 0 429072
32 1 429157
55 0 429677
55 1 429750
16 0 431375
190 0 431576
16 1 431650
190 1 431666
48 0 432009
48 1 432076
48 0 432138
48 1 432225
32 0 432836
32 1 432931
68 0 433723
68 1 433803
73 0 433905
73 1 433970
77 0 434119
77 1 434180
73 0 434321
73 1 434398
78 0 434554
78 1 434630
69 0 434794
69 1 434871
65 0 435105
65 1 435177
222 0 435888
222 1 435956
65 0 436143
65 1 436241
32 0 438113
32 1 438188
68 0 438321
68 1 438398
69 0 438515
69 1 438583
79 0 438739
79 1 438811
65 0 439022
65 1 439099
82 0 439255
82 1 439314
69 0 439431
69 1 439495
67 0 439588
67 1 439655
69 0 439756
69 1 439826
32 0 439919
32 1 439980
84 0 440173
84 1 440244
82 0 440353
82 1 440422
69 0 440532
69 1 440604
66 0 441317
66 1 441382
85 0 441593
85 1 441655
73 0 441788
73 1 441866
69 0 442038
69 1 442120
32 0 442167
32 1 442236
83 0 442392
83 1 442455
219 0 442744
219 1 442810
32 0 443005
32 1 443074
188 0 443207
188 1 443263
8 0 443803
8 1 443899
77 0 444322
77 1 444388
69 0 444591
69 1 444658
82 0 444861
82 1 444946
71 0 445383
71 1 445457
32 0 445621
32 1 445689
76 0 445869
76 1 445943
65 0 446115
65 1 446183
32 0 446269
32 1 446338
83 0 446401
83 1 446468
69 0 446601
69 1 446670
82 0 446811
82 1 446875
86 0 447243
86 1 447316
73 0 447464
73 1 447529
67 0 447966
67 1 448051
73 0 448122
73 1 448180
16 0 448864
49 0 449294
16 1 449369
49 1 449369
32 0 449697
32 1 449775
68 0 456057
68 1 456128
69 0 456246
69 1 456324
32 0 456394
32 1 456455
8 0 457813
8 1 457875
8 0 457981
8 1 458063
8 0 458881
8 1 458967
20 0 459368
20 1 459469
68 0 459555
68 1 459643
20 0 459659
20 1 459745
69 0 459792
69 1 459854
32 0 460143
32 1 460208
68 0 461520
68 1 461580
73 0 461673
73 1 461734
77 0 461875
77 1 461934
73 0 462059
73 1 462128
78 0 462285
78 1 462356
69 0 462528
69 1 462604
65 0 462870
65 1 462934
222 0 463461
222 1 463521
219 0 463802
219 1 463860
32 0 464180
32 1 464241
67 0 471857
67 1 471928
220 0 472785
220 1 472862
78 0 473221
78 1 473283
68 0 473501
68 1 473569
32 0 473629
32 1 473707
77 0 473839
77 1 473899
219 0 474457
219 1 474521
32 0 474732
32 1 474793
84 0 475036
84 1 475094
82 0 475243
82 1 475315
69 0 475581
69 1 475649
90 0 477516
90 1 477580
69 0 477736
69 1 477809
83 0 478036
83 1 478102
67 0 478266
67 1 478326
32 0 479273
32 1 479350
77 0 479950
77 1 479998
69 0 480163
69 1 480227
82 0 480360
82 1 480419
71 0 480646
71 1 480714
32 0 480925
32 1 480995
76 0 481601
76 1 481674
65 0 481807
65 1 481867
32 0 481960
32 1 482033
66 0 482351
66 1 482429
65 0 482593
65 1 482646
73 0 482841
73 1 482915
69 0 483204
69 1 483283
32 0 484052
32 1 484119
186 0 484907
186 1 484971
73 0 485365
73 1 485427
32 0 485623
32 1 485686
77 0 486424
77 1 486494
219 0 487007
219 1 487083
32 0 487325
32 1 487375
83 0 487533
83 1 487608
80 0 487811
80 1 487879
65 0 488067
65 1 488134
76 0 488646
76 1 488707
32 0 488878
32 1 488940
80 0 489209
80 1 489280
69 0 489545
69 1 489614
32 0 489731
32 1 489800
70 0 490066
70 1 490126
65 0 490492
65 1 490560
222 0 492455
222 1 492520
219 0 492979
219 1 493055
32 0 493258
32 1 493328
186 0 493872
186 1 493942
73 0 494278
73 1 494339
32 0 494511
32 1 494570
80 0 494765
80 1 494819
69 0 495069
69 1 495142
32 0 495228
32 1 495287
68 0 495393
68 1 495469
73 0 495579
73 1 495648
78 0 495867
78 1 495926
222 0 496956
222 1 497030
73 0 497563
73 1 497635
32 0 497846
32 1 497913
65 0 498311
65 1 498381
80 0 498670
80 1 498733
79 0 498866
79 1 498914
73 0 499042
73 1 499107
32 0 499318
32 1 499392
77 0 500383
77 1 500453
219 0 500843
219 1 500915
32 0 501124
32 1 501187
221 0 502865
221 1 502925
77 0 503244
77 1 503299
78 0 503495
78 1 503544
8 0 504111
8 1 504171
66 0 504523
66 1 504587
82 0 505009
82 1 505083
65 0 505252
65 1 505320
67 0 505437
67 1 505508
32 0 505657
32 1 505736
83 0 506324
83 1 506403
219 0 506598
219 1 506659
32 0 506877
32 1 506936
80 0 508060
80 1 508141
76 0 508313
76 1 508380
69 0 508646
69 1 508714
67 0 508925
67 1 508995
32 0 509159
32 1 509215
76 0 509488
76 1 509547
65 0 509711
65 1 509765
32 0 509851
32 1 509920
83 0 510038
83 1 510107
69 0 510224
69 1 510288
82 0 510397
82 1 510475
86 0 510756
86 1 510842
73 0 511045
73 1 511115
67 0 511713
67 1 511789
73 0 511890
73 1 511955
188 0 521973
188 1 522040
32 0 522217
32 1 522292
66 0 522753
66 1 522813
69 0 523040
69 1 523122
65 0 523348
65 1 523428
85 0 523647
85 1 523706
32 0 523901
32 1 523978
65 0 524103
65 1 524181
80 0 524617
80 1 524688
219 0 525325
219 1 525402
32 0 527756
32 1 527818
73 0 528076
73 1 528133
65 0 528250
65 1 528311
82 0 528497
82 1 528567
16 0 532655
16 1 532924
49 0 532925
49 1 532972
8 0 542358
8 1 542434
16 0 542988
49 0 543316
16 1 543411
49 1 543411
32 0 544850
32 1 544917
16 0 548243
16 1 548399
86 0 548446
86 1 548530
16 0 548600
16 1 548717
82 0 548756
82 1 548835
69 0 548953
69 1 549026
65 0 549252
65 1 549334
85 0 549567
85 1 549641
32 0 549845
32 1 549903
83 0 550100
83 1 550168
219 0 550724
219 1 550794
32 0 551044
32 1 551115
77 0 551248
77 1 551312
69 0 551474
69 1 551548
82 0 551705
82 1 551765
71 0 551953
71 1 552021
32 0 552240
32 1 552297
76 0 552585
76 1 552653
65 0 552770
65 1 552863
32 0 552910
32 1 552978
83 0 553056
83 1 553135
69 0 553268
69 1 553333
82 0 553450
82 1 553520
86 0 553963
86 1 554049
73 0 554182
73 1 554260
67 0 554635
67 1 554709
73 0 554763
73 1 554841
16 0 555727
49 0 556068
49 1 556149
16 1 556165
32 0 558418
32 1 558485
78 0 558743
78 1 558808
85 0 558972
85 1 559040
32 0 559219
32 1 559288
86 0 559430
86 1 559493
82 0 559665
82 1 559733
69 0 559920
69 1 559937
65 0 560259
65 1 560359
85 0 560445
85 1 560522
32 0 560717
32 1 560793
83 0 560895
83 1 560975
219 0 561272
219 1 561340
32 0 561536
32 1 561605
77 0 561730
77 1 561816
219 0 562244
219 1 562330
32 0 562517
32 1 562583
221 0 563084
221 1 563169
78 0 563490
78 1 563554
84 0 564037
84 1 564109
220 0 564961
220 1 565034
76 0 565812
76 1 565887
78 0 566224
78 1 566294
69 0 566552
69 1 566621
83 0 566824
83 1 566917
67 0 567346
67 1 567420
32 0 567577
32 1 567645
67 0 567895
67 1 567966
73 0 568068
73 1 568112
8 0 568739
8 1 568807
85 0 569104
85 1 569165
32 0 569336
32 1 569413
78 0 569522
78 1 569579
73 0 569727
73 1 569793
77 0 569965
77 1 570026
69 0 570237
69 1 570314
78 0 570468
78 1 570541
73 0 570712
73 1 570781
16 0 571369
16 0 571863
16 0 571894
16 0 571933
16 0 571964
16 0 571996
16 0 572027
16 0 572066
16 0 572097
16 0 572128
16 0 572160
16 0 572191
16 0 572230
16 0 572261
16 0 572293
16 0 572324
16 0 572359
16 0 572390
16 0 572429
49 0 572437
49 1 572541
16 1 572574
32 0 573799
32 1 573857
20 0 584423
20 1 584514
65 0 584624
65 1 584684
20 0 584747
20 1 584801
67 0 585098
67 1 585167
84 0 585510
84 1 585580
73 0 586025
73 1 586084
86 0 586428
86 1 586500
73 0 586750
73 1 586812
84 0 587164
84 1 587242
219 0 587746
219 1 587812
222 0 588613
222 1 588695
73 0 589109
73 1 589151
73 0 589258
73 1 589316
76 0 589722
76 1 589786
69 0 590075
69 1 590140
32 0 590226
32 1 590279
80 0 590712
80 1 590764
69 0 590936
69 1 591014
32 0 591084
32 1 591133
67 0 591362
67 1 591442
65 0 591598
65 1 591658
82 0 591767
82 1 591834
69 0 591951
69 1 592025
32 0 592119
32 1 592175
76 0 592457
76 1 592527
69 0 592668
69 1 592740
32 0 592802
32 1 592879
70 0 593161
70 1 593233
65 0 593389
65 1 593452
67 0 593583
67 1 593660
32 0 593816
32 1 593905
83 0 595037
83 1 595113
85 0 595214
85 1 595279
78 0 595427
78 1 595507
84 0 595724
84 1 595793
32 0 595988
32 1 596057
76 0 596299
76 1 596359
65 0 596492
65 1 596559
32 0 596629
32 1 596686
83 0 596806
83 1 596878
69 0 597019
69 1 597079
82 0 597211
82 1 597271
86 0 597591
86 1 597672
73 0 597834
73 1 597905
67 0 598383
67 1 598447
73 0 598541
73 1 598604
16 0 614615
49 0 614896
16 1 614950
49 1 614965
32 0 615595
32 1 615680
76 0 619561
76 1 619625
65 0 619796
65 1 619857
32 0 620029
32 1 620105
8 0 621717
8 1 621766
8 0 621902
8 1 621955
8 0 622292
8 1 622353
20 0 626114
20 1 626223
76 0 626591
76 1 626657
20 0 626665
20 1 626735
65 0 626922
65 1 626977
32 0 626993
32 1 627073
80 0 627526
80 1 627598
82 0 628797
82 1 628880
220 0 629393
220 1 629464
78 0 629925
78 1 629998
90 0 631547
90 1 631625
32 0 631859
32 1 631945
77 0 632904
77 1 632979
219 0 633655
219 1 633734
78 0 633976
78 1 634053
220 0 635426
220 1 635485
78 0 635887
78 1 635950
67 0 636317
67 1 636384
16 0 637123
49 0 637421
16 1 637470
49 1 637486
32 0 637898
32 1 637979
20 0 641083
20 1 641186
83 0 641264
83 1 641346
20 0 641401
20 1 641471
69 0 641549
69 1 641619
65 0 641812
65 1 641877
82 0 642073
82 1 642152
65 0 642238
65 1 642312
32 0 643191
32 1 643288
83 0 644505
83 1 644553
84 0 644696
84 1 644758
65 0 644938
65 1 644998
85 0 645193
85 1 645258
32 0 645454
32 1 645525
67 0 645685
67 1 645751
85 0 646332
85 1 646389
32 0 646592
32 1 646664
67 0 646875
67 1 646944
79 0 647155
79 1 647216
80 0 647482
80 1 647536
73 0 647815
73 1 647877
73 0 647971
73 1 648046
8 0 651806
8 1 651857
8 0 652001
8 1 652056
8 0 652202
8 1 652237
8 0 652582
8 1 652651
8 0 652954
8 1 653014
70 0 654452
70 1 654517
65 0 654642
65 1 654727
77 0 654985
77 1 655059
73 0 655231
73 1 655283
76 0 655548
76 1 655603
73 0 655806
73 1 655872
65 0 656028
65 1 656107
32 0 656169
32 1 656225
77 0 656399
77 1 656459
69 0 656709
69 1 656794
65 0 657021
65 1 657099
32 0 665940
32 1 666032
65 0 667272
65 1 667360
80 0 667485
80 1 667557
79 0 667698
79 1 667757
73 0 667867
73 1 667938
32 0 671357
32 1 671462
78 0 672151
78 1 672233
69 0 672358
69 1 672430
32 0 672735
32 1 672817
80 0 674424
80 1 674497
85 0 675053
85 1 675116
78 0 675319
78 1 675382
69 0 675679
69 1 675757
77 0 676000
77 1 676070
32 0 676179
32 1 676247
76 0 676750
76 1 676825
65 0 676942
65 1 677009
32 0 677064
32 1 677134
83 0 677220
83 1 677281
79 0 677458
79 1 677521
77 0 677724
77 1 677774
78 0 677907
78 1 677974
16 0 678588
49 0 678940
16 1 679017
49 1 679017
20 0 707812
20 1 707901
83 0 707971
83 1 708042
20 0 708105
20 1 708167
73 0 708410
73 1 708483
83 0 708778
83 1 708835
84 0 709015
84 1 709075
69 0 709200
69 1 709271
77 0 709630
77 1 709704
85 0 709930
85 1 709982
76 0 710419
76 1 710472
32 0 710667
32 1 710750
69 0 710958
69 1 711032
68 0 711211
68 1 711270
85 0 711458
85 1 711523
67 0 711796
67 1 711854
65 0 711995
65 1 712056
222 0 712486
222 1 712556
73 0 712947
73 1 713017
79 0 713158
79 1 713221
78 0 713565
78 1 713644
65 0 713878
65 1 713941
76 0 714082
76 1 714149
32 0 714321
32 1 714389
68 0 714522
68 1 714588
73 0 714690
73 1 714756
78 0 714928
78 1 714987
32 0 715118
32 1 715187
20 0 715763
20 1 715833
82 0 715935
82 1 715995
20 0 716057
20 1 716112
79 0 716331
79 1 716403
188 0 716622
188 1 716680
8 0 717253
8 1 717315
77 0 717667
77 1 717736
220 0 718605
220 1 718676
77 0 718965
77 1 719021
8 0 719673
8 1 719741
78 0 720168
78 1 720237
73 0 720409
73 1 720467
65 0 720639
65 1 720693
32 0 720748
32 1 720824
69 0 721021
69 1 721095
83 0 721267
83 1 721335
84 0 721414
84 1 721483
69 0 721577
69 1 721643
32 0 721729
32 1 721800
80 0 722074
80 1 722125
82 0 722344
82 1 722423
65 0 722885
65 1 722957
70 0 723097
70 1 723155
32 0 724625
32 1 724704
186 0 724993
186 1 725056
73 0 725314
73 1 725383
32 0 725555
32 1 725636
80 0 726532
80 1 726594
85 0 726883
85 1 726941
76 0 727324
76 1 727374
66 0 727762
66 1 727821
69 0 728079
69 1 728133
82 0 728227
82 1 728295
69 0 728374
69 1 728445
16 0 729352
49 0 729712
49 1 729784
16 1 729799
32 0 731036
32 1 731153
20 0 747920
20 1 748028
78 0 748137
78 1 748217
20 0 748264
20 1 748327
73 0 748452
73 1 748524
77 0 748850
77 1 748901
73 0 749088
73 1 749154
67 0 749623
67 1 749687
65 0 749859
65 1 749921
32 0 750007
32 1 750068
78 0 750430
78 1 750502
85 0 750659
85 1 750722
32 0 750931
32 1 751007
83 0 751062
83 1 751142
69 0 751275
69 1 751325
32 0 751396
32 1 751466
70 0 751677
70 1 751733
65 0 751803
65 1 751876
67 0 751947
67 1 752017
69 0 752158
69 1 752220
32 0 752244
32 1 752322
67 0 753529
67 1 753602
85 0 753696
85 1 753753
77 0 753964
77 1 754012
32 0 754153
32 1 754226
65 0 754328
65 1 754388
82 0 754521
82 1 754580
32 0 754751
32 1 754835
84 0 755031
84 1 755097
82 0 755218
82 1 755271
69 0 755404
69 1 755468
66 0 756041
66 1 756103
85 0 756501
85 1 756559
73 0 756778
73 1 756833
73 0 756912
73 1 756980
16 0 757353
49 0 757804
16 1 757883
49 1 757883
32 0 759245
32 1 759296
20 0 760607
20 1 760685
77 0 760794
77 1 760863
20 0 760894
20 1 760949
85 0 761074
85 1 761132
76 0 761529
76 1 761578
84 0 761915
84 1 761972
69 0 762121
69 1 762196
32 0 775103
32 1 775204
78 0 775415
78 1 775492
85 0 775656
85 1 775721
32 0 776172
32 1 776293
8 0 787265
8 1 787321
8 0 787834
8 1 787900
8 0 788220
8 1 788266
8 0 788872
8 1 788917
16 0 790991
49 0 791412
16 1 791484
49 1 791484
32 0 797690
32 1 797777
20 0 798230
20 1 798320
83 0 798382
83 1 798446
20 0 798516
20 1 798571
73 0 798790
73 1 798867
83 0 799123
83 1 799176
84 0 799388
84 1 799446
69 0 799579
69 1 799643
77 0 799980
77 1 800045
85 0 800249
85 1 800307
76 0 800682
76 1 800754
32 0 800950
32 1 801019
221 0 801507
221 1 801566
78 0 802011
78 1 802073
32 0 802221
32 1 802301
65 0 802478
65 1 802531
76 0 802851
76 1 802920
84 0 803249
84 1 803313
69 0 803430
69 1 803501
32 0 803587
32 1 803654
20 0 804312
20 1 804406
222 0 806417
222 1 806488
20 0 806511
20 1 806605
219 0 807030
219 1 807110
82 0 807597
82 1 807659
73 0 807760
73 1 807819
8 0 810150
8 1 810229
8 0 810370
8 1 810423
8 0 810558
8 1 810600
8 0 810712
8 1 810774
222 0 811939
222 1 812007
219 0 812573
219 1 812642
82 0 812978
82 1 813047
73 0 813165
73 1 813240
32 0 813443
32 1 813518
69 0 813667
69 1 813734
83 0 813943
83 1 814005
84 0 814107
84 1 814166
69 0 814259
69 1 814328
32 0 814437
32 1 814506
77 0 815472
77 1 815531
85 0 815765
85 1 815824
76 0 816291
76 1 816363
84 0 816746
84 1 816806
32 0 817033
32 1 817115
77 0 817373
77 1 817440
65 0 817737
65 1 817800
73 0 817925
73 1 817984
32 0 818840
32 1 818915
68 0 819263
68 1 819333
69 0 819458
69 1 819517
90 0 820758
90 1 820815
86 0 821850
86 1 821917
79 0 822003
79 1 822064
76 0 822265
76 1 822325
84 0 822692
84 1 822752
65 0 822893
65 1 822952
84 0 823139
84 1 823205
32 0 823486
32 1 823557
68 0 824259
68 1 824333
69 0 824442
69 1 824506
67 0 824834
67 1 824907
65 0 825032
65 1 825091
84 0 825263
84 1 825333
32 0 825536
32 1 825621
76 0 825878
76 1 825947
65 0 826033
65 1 826099
32 0 826162
32 1 826224
78 0 826424
78 1 826493
79 0 826836
79 1 826893
73 0 827042
73 1 827099
32 0 827953
32 1 828024
221 0 829101
221 1 829172
78 0 829469
78 1 829531
32 0 829679
32 1 829752
20 0 830259
20 1 830337
82 0 830478
82 1 830554
20 0 830609
20 1 830677
79 0 830998
79 1 831067
77 0 831325
77 1 831395
220 0 832398
220 1 832458
78 0 832854
78 1 832919
73 0 833154
73 1 833210
65 0 833476
65 1 833561
16 0 834733
49 0 835218
16 1 835285
49 1 835285
32 0 842062
32 1 842125
20 0 858362
20 1 858424
83 0 858637
83 1 858690
20 0 858917
20 1 858971
219 0 859348
219 1 859417
32 0 859636
32 1 859713
70 0 859964
70 1 860031
73 0 860203
73 1 860266
77 0 860446
77 1 860496
32 0 860628
32 1 860698
77 0 860799
77 1 860863
65 0 861035
65 1 861090
73 0 861231
73 1 861299
32 0 861487
32 1 861559
80 0 861852
80 1 861924
69 0 862165
69 1 862239
82 0 862387
82 1 862452
70 0 862944
70 1 863012
79 0 863192
79 1 863258
82 0 863493
82 1 863572
77 0 863806
77 1 863871
65 0 864158
65 1 864210
78 0 864367
78 1 864439
222 0 865099
222 1 865171
73 0 865554
73 1 865625
32 0 865946
32 1 866010
65 0 866663
65 1 866740
82 0 866935
82 1 866996
32 0 867183
32 1 867244
84 0 867444
84 1 867503
82 0 867636
82 1 867698
69 0 867831
69 1 867890
66 0 868367
66 1 868431
85 0 868712
85 1 868778
73 0 869090
73 1 869130
73 0 869229
73 1 869298
32 0 869556
32 1 869633
32 0 876970
32 1 877044
70 0 882244
70 1 882303
219 0 882946
219 1 883007
67 0 883307
67 1 883369
85 0 883634
85 1 883705
84 0 884009
84 1 884071
69 0 884219
69 1 884284
32 0 884346
32 1 884409
77 0 884650
77 1 884719
85 0 884922
85 1 884974
76 0 885317
76 1 885377
84 0 885768
84 1 885845
69 0 885931
69 1 886005
16 0 886555
49 0 886875
16 1 886917
49 1 886945
32 0 895134
32 1 895217
20 0 895444
20 1 895538
69 0 895693
69 1 895757
20 0 895796
20 1 895851
76 0 897254
76 1 897332
69 0 897542
69 1 897612
86 0 897954
86 1 898033
73 0 898189
73 1 898250
73 0 898359
73 1 898414
32 0 898625
32 1 898694
186 0 899655
186 1 899715
73 0 899979
73 1 900043
32 0 900254
32 1 900314
83 0 900704
83 1 900769
84 0 900972
84 1 901025
85 0 901683
85 1 901742
68 0 902083
68 1 902158
69 0 902291
69 1 902342
78 0 902475
78 1 902544
222 0 905890
222 1 905947
73 0 906494
73 1 906556
73 0 906673
73 1 906729
32 0 906932
32 1 907011
65 0 907113
65 1 907177
82 0 907318
82 1 907377
32 0 907565
32 1 907667
84 0 907862
84 1 907923
82 0 908048
82 1 908110
69 0 908241
69 1 908310
66 0 908806
66 1 908862
85 0 909429
85 1 909489
73 0 910220
73 1 910283
73 0 910390
73 1 910457
32 0 910667
32 1 910742
83 0 910843
83 1 910917
219 0 912001
219 1 912079
32 0 912336
32 1 912425
70 0 912774
70 1 912846
73 0 912948
73 1 913017
69 0 913166
69 1 913239
32 0 913301
32 1 913379
66 0 913580
66 1 913644
73 0 913902
73 1 913964
78 0 914324
78 1 914383
69 0 914569
69 1 914631
32 0 914686
32 1 914751
73 0 914951
73 1 915017
78 0 915181
78 1 915259
83 0 915780
83 1 915852
84 0 916071
84 1 916129
82 0 917061
82 1 917131
85 0 917241
85 1 917305
73 0 917555
73 1 917640
222 0 918354
222 1 918432
73 0 918729
73 1 918791
32 0 919046
32 1 919104
68 0 919256
68 1 919332
69 0 919449
69 1 919511
32 0 919613
32 1 919675
67 0 919892
67 1 919956
219 0 921067
219 1 921131
84 0 921545
84 1 921597
82 0 921765
82 1 921831
69 0 921956
69 1 922033
32 0 922142
32 1 922200
67 0 922350
67 1 922432
65 0 922604
65 1 922664
68 0 922937
68 1 923004
82 0 923276
82 1 923353
69 0 923501
69 1 923564
76 0 924232
76 1 924290
69 0 924407
69 1 924479
32 0 924599
32 1 924655
68 0 924757
68 1 924823
73 0 924956
73 1 925017
68 0 925304
68 1 925372
65 0 925700
65 1 925772
67 0 925999
67 1 926070
84 0 926460
84 1 926524
73 0 926672
73 1 926745
67 0 927135
67 1 927211
69 0 927405
69 1 927470
16 0 928318
49 0 928669
16 1 928711
49 1 928737
32 0 943883
32 1 943940
20 0 945478
20 1 945601
80 0 946096
80 1 946170
20 0 946170
20 1 946256
82 0 946631
82 1 946697
79 0 946806
79 1 946877
70 0 947190
70 1 947265
69 0 947406
69 1 947462
83 0 947830
83 1 947897
79 0 948155
79 1 948214
82 0 948691
82 1 948742
73 0 948906
73 1 948960
73 0 949086
73 1 949150
32 0 949345
32 1 949417
65 0 949542
65 1 949619
82 0 949822
82 1 949899
32 0 950086
32 1 950163
84 0 950364
84 1 950430
82 0 950563
82 1 950608
69 0 950732
69 1 950790
66 0 951331
66 1 951403
85 0 951770
85 1 951812
73 0 952095
73 1 952155
73 0 952241
73 1 952318
32 0 952535
32 1 952608
83 0 952725
83 1 952805
219 0 953552
219 1 953624
32 0 953850
32 1 953918
70 0 954165
70 1 954214
73 0 954324
73 1 954382
69 0 954630
69 1 954696
32 0 954813
32 1 954899
77 0 956672
77 1 956736
65 0 956955
65 1 957016
73 0 957141
73 1 957197
32 0 957396
32 1 957456
66 0 957630
66 1 957678
73 0 957868
73 1 957928
78 0 958342
78 1 958411
69 0 958551
69 1 958624
32 0 958655
32 1 958728
80 0 959187
80 1 959256
82 0 959506
82 1 959591
69 0 959724
69 1 959782
71 0 960079
71 1 960150
219 0 960888
219 1 960944
84 0 961444
84 1 961510
73 0 961620
73 1 961691
222 0 962359
222 1 962431
73 0 962712
73 1 962776
32 0 971449
32 1 971535
186 0 972223
186 1 972297
73 0 972532
73 1 972596
32 0 972831
32 1 972908
68 0 1032943
68 1 1033013
79 0 1033279
79 1 1033329
67 0 1033699
67 1 1033776
85 0 1033901
85 1 1033953
77 0 1034146
77 1 1034213
69 0 1034588
69 1 1034645
78 0 1034809
78 1 1034887
84 0 1035161
84 1 1035219
65 0 1035399
65 1 1035459
222 0 1036243
222 1 1036323
73 0 1036833
73 1 1036901
32 0 1037779
32 1 1037856
67 0 1038110
67 1 1038173
65 0 1038289
65 1 1038352
32 0 1038407
32 1 1038463
83 0 1038558
83 1 1038611
219 0 1039196
219 1 1039259
32 0 1039478
32 1 1039544
80 0 1040067
80 1 1040141
82 0 1040514
82 1 1040588
69 0 1040706
69 1 1040765
68 0 1040914
68 1 1040987
69 0 1041104
69 1 1041181
65 0 1041541
65 1 1041600
32 0 1043122
32 1 1043215
69 0 1043481
69 1 1043546
76 0 1044411
76 1 1044480
69 0 1044955
69 1 1045027
86 0 1045285
86 1 1045370
73 0 1045627
73 1 1045685
76 0 1045935
76 1 1046000
79 0 1046117
79 1 1046178
82 0 1046436
82 1 1046506
32 0 1046600
32 1 1046672
186 0 1047436
186 1 1047499
73 0 1047764
73 1 1047826
32 0 1048044
32 1 1048114
83 0 1048176
83 1 1048240
84 0 1048443
84 1 1048506
85 0 1048793
85 1 1048858
68 0 1049092
68 1 1049143
69 0 1049277
69 1 1049346
78 0 1049495
78 1 1049552
222 0 1050197
222 1 1050258
73 0 1050586
73 1 1050653
73 0 1050754
73 1 1050821
76 0 1051170
76 1 1051248
79 0 1051380
79 1 1051440
82 0 1051792
82 1 1051869
32 0 1052126
32 1 1052200
67 0 1075371
67 1 1075439
65 0 1075572
65 1 1075615
76 0 1075934
76 1 1076006
85 0 1076288
85 1 1076351
77 0 1076585
77 1 1076652
69 0 1076972
69 1 1077039
65 0 1077296
65 1 1077367
32 0 1077500
32 1 1077572
83 0 1077658
83 1 1077740
219 0 1078333
219 1 1078399
32 0 1078657
32 1 1078735
82 0 1084372
82 1 1084447
219 0 1085045
219 1 1085114
77 0 1085403
77 1 1085465
220 0 1086196
220 1 1086265
78 0 1086742
78 1 1086831
219 0 1087417
219 1 1087495
32 0 1088861
32 1 1088956
67 0 1089592
67 1 1089657
85 0 1089774
85 1 1089839
32 0 1090035
32 1 1090111
67 0 1090220
67 1 1090299
69 0 1090549
69 1 1090623
86 0 1090896
86 1 1090974
65 0 1091146
65 1 1091205
32 0 1091533
32 1 1091612
221 0 1093830
221 1 1093908
78 0 1094228
78 1 1094300
32 0 1094472
32 1 1094535
8 0 1109321
8 0 1109824
8 0 1109855
8 0 1109887
8 0 1109920
8 0 1109955
8 0 1109987
8 0 1110020
8 0 1110053
8 0 1110086
8 0 1110120
8 0 1110152
8 0 1110185
8 0 1110218
8 0 1110251
8 0 1110285
8 0 1110317
8 0 1110350
8 0 1110383
8 0 1110417
8 0 1110450
8 0 1110482
8 0 1110515
8 0 1110548
8 0 1110582
8 1 1110592
8 0 1110771
8 1 1110831
8 0 1110964
8 1 1111016
8 0 1111147
8 1 1111187
79 0 1112361
79 1 1112425
82 0 1112912
82 1 1112987
69 0 1113120
69 1 1113169
67 0 1113458
67 1 1113531
84 0 1113755
84 1 1113808
32 0 1116064
32 1 1116145
83 0 1116643
83 1 1116705
219 0 1117204
219 1 1117265
32 0 1118681
32 1 1118782
8 0 1185619
8 1 1185672
8 0 1185832
8 1 1185904
8 0 1186012
8 1 1186068
80 0 1193660
80 1 1193730
69 0 1194066
69 1 1194123
78 0 1194318
78 1 1194384
84 0 1194697
84 1 1194765
85 0 1194960
85 1 1195024
32 0 1195291
32 1 1195362
8 0 1198090
8 1 1198140
8 0 1198256
8 1 1198310
82 0 1198811
82 1 1198877
73 0 1199057
73 1 1199089
8 0 1200629
8 1 1200691
85 0 1201302
85 1 1201376
32 0 1202796
32 1 1202876
65 0 1203298
65 1 1203362
32 0 1203532
32 1 1203618
70 0 1204882
70 1 1204952
65 0 1205053
65 1 1205132
32 0 1205210
32 1 1205290
67 0 1205438
67 1 1205503
69 0 1205651
69 1 1205717
32 0 1205803
32 1 1205869
80 0 1206353
80 1 1206410
69 0 1206628
69 1 1206713
82 0 1206854
82 1 1206938
70 0 1207297
70 1 1207373
79 0 1207544
79 1 1207618
82 0 1207819
82 1 1207898
77 0 1208078
77 1 1208143
65 0 1208424
65 1 1208498
78 0 1208662
78 1 1208730
222 0 1209562
222 1 1209637
219 0 1210555
219 1 1210615
8 0 1219017
8 1 1219069
32 0 1222645
32 1 1222729
65 0 1222838
65 1 1222910
67 0 1223082
67 1 1223163
69 0 1223295
69 1 1223369
73 0 1223595
73 1 1223669
32 0 1223912
32 1 1223973
69 0 1224096
69 1 1224170
76 0 1224746
76 1 1224817
69 0 1224989
69 1 1225062
86 0 1225445
86 1 1225515
73 0 1225695
73 1 1225777
16 0 1228218
49 0 1228581
16 1 1228657
49 1 1228657
32 0 1235096
32 1 1235205
20 0 1235474
20 1 1235568
80 0 1235899
80 1 1235984
20 0 1236000
20 1 1236070
219 0 1236265
219 1 1236342
82 0 1236824
82 1 1236896
73 0 1237060
73 1 1237128
78 0 1237376
78 1 1237448
222 0 1237854
222 1 1237928
73 0 1238350
73 1 1238415
73 0 1238500
73 1 1238576
32 0 1238818
32 1 1238894
65 0 1254571
65 1 1254656
82 0 1254890
82 1 1254962
32 0 1255166
32 1 1255240
84 0 1255482
84 1 1255547
82 0 1255688
82 1 1255737
69 0 1255864
69 1 1255936
66 0 1256420
66 1 1256480
85 0 1256886
85 1 1256939
73 0 1257111
73 1 1257181
73 0 1257275
73 1 1257341
32 0 1257544
32 1 1257616
83 0 1257694
83 1 1257760
219 0 1258263
219 1 1258328
32 0 1258523
32 1 1258603
70 0 1258802
70 1 1258872
79 0 1258954
79 1 1259013
8 0 1259710
8 1 1259781
73 0 1260097
73 1 1260168
69 0 1260377
69 1 1260440
32 0 1260487
32 1 1260550
77 0 1260724
77 1 1260810
220 0 1261848
220 1 1261921
78 0 1262551
78 1 1262628
68 0 1262894
68 1 1262969
82 0 1263188
82 1 1263243
73 0 1263433
73 1 1263501
73 0 1263595
73 1 1263668
32 0 1263895
32 1 1263981
68 0 1265159
68 1 1265226
69 0 1265343
69 1 1265416
32 0 1267325
32 1 1267388
67 0 1267548
67 1 1267613
79 0 1267777
79 1 1267840
80 0 1268223
80 1 1268280
73 0 1268499
73 1 1268550
73 0 1268654
73 1 1268708
32 0 1268916
32 1 1268981
76 0 1269264
76 1 1269335
79 0 1269562
79 1 1269626
82 0 1270048
82 1 1270122
32 0 1271732
32 1 1271803
68 0 1288755
68 1 1288829
65 0 1288985
65 1 1289040
67 0 1289202
67 1 1289267
65 0 1289400
65 1 1289461
32 0 1289584
32 1 1289648
65 0 1291248
65 1 1291307
82 0 1291463
82 1 1291528
32 0 1291729
32 1 1291803
65 0 1292001
65 1 1292067
86 0 1292434
86 1 1292508
69 0 1292758
69 1 1292812
65 0 1292975
65 1 1293041
32 0 1293119
32 1 1293203
80 0 1294503
80 1 1294558
82 0 1294987
82 1 1295048
79 0 1295181
79 1 1295240
70 0 1295513
70 1 1295588
69 0 1295737
69 1 1295800
83 0 1296292
83 1 1296347
79 0 1296527
79 1 1296603
82 0 1296900
82 1 1296968
73 0 1297078
73 1 1297149
32 0 1298609
32 1 1298696
67 0 1304473
67 1 1304548
65 0 1304736
65 1 1304816
82 0 1304949
82 1 1305001
69 0 1305177
69 1 1305248
32 0 1305341
32 1 1305414
68 0 1305640
68 1 1305698
85 0 1305854
85 1 1305903
67 0 1306225
67 1 1306295
32 0 1306442
32 1 1306528
67 0 1306723
67 1 1306787
79 0 1306966
79 1 1307026
80 0 1307221
80 1 1307270
73 0 1307584
73 1 1307648
8 0 1308378
8 1 1308448
8 0 1308594
8 1 1308651
8 0 1308818
8 1 1308840
8 0 1309029
8 1 1309080
69 0 1310439
69 1 1310499
76 0 1310731
76 1 1310802
69 0 1310880
69 1 1310954
86 0 1311329
86 1 1311386
85 0 1311777
85 1 1311829
76 0 1312293
76 1 1312362
32 0 1312526
32 1 1312591
76 0 1312738
76 1 1312807
65 0 1312924
65 1 1312994
32 0 1313041
32 1 1313097
80 0 1313489
80 1 1313562
69 0 1313796
69 1 1313861
82 0 1314025
82 1 1314095
70 0 1314267
70 1 1314334
79 0 1314763
79 1 1314841
82 0 1315124
82 1 1315202
77 0 1315413
77 1 1315479
65 0 1315721
65 1 1315802
78 0 1315943
78 1 1316015
222 0 1316816
222 1 1316895
219 0 1317206
219 1 1317274
16 0 1318130
49 0 1318404
16 1 1318418
49 1 1318474
20 0 1459261
20 1 1459351
70 0 1459461
70 1 1459555
20 0 1459571
20 1 1459641
73 0 1459782
73 1 1459860
69 0 1460086
69 1 1460158
67 0 1460361
67 1 1460440
65 0 1460604
65 1 1460693
82 0 1460802
82 1 1460880
69 0 1460966
69 1 1461053
32 0 1461131
32 1 1461196
80 0 1461624
80 1 1461684
69 0 1461879
69 1 1461953
82 0 1462117
82 1 1462187
83 0 1462609
83 1 1462686
79 0 1462834
79 1 1462897
78 0 1463124
78 1 1463201
65 0 1463380
65 1 1463459
74 0 1463661
74 1 1463724
32 0 1463888
32 1 1463956
70 0 1464237
70 1 1464296
65 0 1464382
65 1 1464444
67 0 1464553
67 1 1464632
69 0 1464734
69 1 1464805
32 0 1464915
32 1 1464990
67 0 1465294
67 1 1465374
69 0 1465483
69 1 1465568
32 0 1465638
32 1 1465703
86 0 1465826
86 1 1465900
82 0 1466056
82 1 1466116
69 0 1466272
69 1 1466339
65 0 1466558
65 1 1466643
16 0 1467168
49 0 1467551
16 1 1467617
49 1 1467632
32 0 1467990
32 1 1468073
20 0 1471111
20 1 1471173
83 0 1471316
83 1 1471387
20 0 1471434
20 1 1471489
67 0 1471747
67 1 1471812
69 0 1471992
69 1 1472067
78 0 1472584
78 1 1472651
65 0 1472768
65 1 1472837
32 0 1472884
32 1 1472945
83 0 1473064
83 1 1473126
69 0 1473282
69 1 1473342
32 0 1473428
32 1 1473489
80 0 1473739
80 1 1473797
69 0 1474001
69 1 1474078
84 0 1474318
84 1 1474384
82 0 1474525
82 1 1474583
69 0 1474700
69 1 1474763
67 0 1475044
67 1 1475110
69 0 1475274
69 1 1475352
32 0 1475641
32 1 1475718
221 0 1484466
221 1 1484537
78 0 1484941
78 1 1485043
84 0 1535052
84 1 1535126
82 0 1535259
82 1 1535332
190 0 1536255
190 1 1536321
79 0 1536579
79 1 1536665
32 0 1536868
32 1 1536963
66 0 1537461
66 1 1537521
73 0 1537740
73 1 1537793
83 0 1538036
83 1 1538104
69 0 1538252
69 1 1538321
82 0 1538893
82 1 1538953
73 0 1539039
73 1 1539110
67 0 1539381
67 1 1539458
219 0 1539873
219 1 1539950
16 0 1541698
16 1 1541979
49 0 1542008
49 1 1542075
32 0 1542525
32 1 1542601
8 0 1548389
8 1 1548466
8 0 1548792
8 1 1548904
16 0 1549795
49 0 1550188
49 1 1550282
16 1 1550290
32 0 1552680
32 1 1552772
20 0 1555499
20 1 1555655
79 0 1556102
79 1 1556177
20 0 1556201
20 1 1556279
65 0 1556474
65 1 1556544
77 0 1556817
77 1 1556897
69 0 1557425
69 1 1557490
78 0 1557599
78 1 1557671
73 0 1557859
73 1 1557922
73 0 1558014
73 1 1558089
32 0 1558300
32 1 1558385
84 0 1558906
84 1 1558970
82 0 1559119
82 1 1559184
65 0 1559364
65 1 1559437
8 0 1560179
8 1 1560257
219 0 1560505
219 1 1560570
73 0 1561039
73 1 1561101
65 0 1561406
65 1 1561469
85 0 1561602
85 1 1561664
32 0 1565398
32 1 1565469
65 0 1565641
65 1 1565703
84 0 1565890
84 1 1565957
85 0 1566293
85 1 1566357
78 0 1566589
78 1 1566678
67 0 1567478
67 1 1567566
73 0 1567949
73 1 1568007
32 0 1568265
32 1 1568327
221 0 1570336
221 1 1570410
78 0 1570798
78 1 1570855
32 0 1570988
32 1 1571050
83 0 1571233
83 1 1571311
219 0 1571846
219 1 1571917
82 0 1572664
82 1 1572730
219 0 1573183
219 1 1573257
67 0 1573601
67 1 1573676
73 0 1573809
73 1 1573884
69 0 1574119
69 1 1574199
16 0 1574871
49 0 1575144
16 1 1575220
49 1 1575220
32 0 1575642
32 1 1575714
20 0 1581171
20 1 1581234
69 0 1581367
69 1 1581452
20 0 1581483
20 1 1581538
82 0 1581608
82 1 1581670
65 0 1581772
65 1 1581843
85 0 1582140
85 1 1582217
32 0 1582413
32 1 1582482
80 0 1582763
80 1 1582828
82 0 1583224
82 1 1583302
69 0 1583451
69 1 1583516
79 0 1584159
79 1 1584223
67 0 1584504
67 1 1584585
85 0 1584679
85 1 1584751
80 0 1585792
80 1 1585868
65 0 1586079
65 1 1586159
222 0 1586612
222 1 1586690
73 0 1587034
73 1 1587095
32 0 1587306
32 1 1587380
68 0 1587496
68 1 1587554
69 0 1587679
69 1 1587740
32 0 1587880
32 1 1587954
86 0 1598714
86 1 1598783
73 0 1598892
73 1 1598953
65 0 1599281
65 1 1599356
222 0 1600090
222 1 1600148
65 0 1600265
65 1 1600327
32 0 1600405
32 1 1600476
80 0 1601207
80 1 1601284
69 0 1601502
69 1 1601577
32 0 1601624
32 1 1601687
67 0 1601914
67 1 1601975
65 0 1602100
65 1 1602169
82 0 1602271
82 1 1602327
69 0 1602475
69 1 1602537
32 0 1602646
32 1 1602708
79 0 1602958
79 1 1603007
32 0 1603218
32 1 1603287
68 0 1603365
68 1 1603428
85 0 1603530
85 1 1603598
67 0 1603817
67 1 1603904
69 0 1604076
69 1 1604143
65 0 1604415
65 1 1604489
85 0 1604879
85 1 1604951
8 0 1606131
8 1 1606161
8 0 1606360
8 1 1606376
8 0 1606534
8 1 1606580
8 0 1606726
8 1 1606769
8 0 1606897
8 1 1606936
8 0 1607335
8 1 1607406
65 0 1607909
65 1 1607974
86 0 1608279
86 1 1608349
69 0 1608564
69 1 1608633
65 0 1608875
65 1 1608928
85 0 1609079
85 1 1609128
16 0 1609474
49 0 1609916
16 1 1609994
49 1 1609994
32 0 1611052
32 1 1611148
20 0 1623926
20 1 1624043
221 0 1624445
221 1 1624527
20 0 1624558
20 1 1624621
186 0 1625614
186 1 1625695
73 0 1625992
73 1 1626054
32 0 1626218
32 1 1626294
80 0 1626528
80 1 1626585
69 0 1626960
69 1 1627033
84 0 1627351
84 1 1627419
82 0 1627576
82 1 1627621
69 0 1627764
69 1 1627825
67 0 1628184
67 1 1628259
69 0 1628897
69 1 1628974
65 0 1629091
65 1 1629168
85 0 1629534
85 1 1629599
32 0 1629810
32 1 1629879
79 0 1630114
79 1 1630180
32 0 1630391
32 1 1630465
90 0 1632532
90 1 1632585
73 0 1632789
73 1 1632852
32 0 1633032
32 1 1633092
79 0 1633346
79 1 1633404
66 0 1633808
66 1 1633888
73 0 1634107
73 1 1634172
186 0 1634861
186 1 1634934
78 0 1635395
78 1 1635473
85 0 1635668
85 1 1635724
73 0 1635933
73 1 1635998
84 0 1636302
84 1 1636366
65 0 1636522
65 1 1636593
32 0 1636664
32 1 1636732
80 0 1637146
80 1 1637212
82 0 1637611
82 1 1637688
73 0 1637805
73 1 1637886
78 0 1638089
78 1 1638158
32 0 1638267
32 1 1638347
77 0 1638472
77 1 1638532
85 0 1638704
85 1 1638774
78 0 1638946
78 1 1639012
67 0 1639278
67 1 1639369
65 0 1639509
65 1 1639603
16 0 1655025
49 0 1655314
16 1 1655394
49 1 1655394
