67 0 51568
67 1 51656
85 0 51688
85 1 51776
32 0 51816
32 1 51912
83 0 52024
83 1 52096
73 0 52104
73 1 52192
70 0 52400
70 1 52472
8 0 52984
71 0 53080
8 1 53087
71 1 53168
85 0 53277
85 1 53328
82 0 53592
82 1 53672
65 0 53680
65 1 53744
78 0 53985
78 1 54072
84 0 54248
84 1 54328
65 0 54336
65 1 54392
32 0 54432
32 1 54529
8 0 61440
8 0 61941
8 0 62025
8 0 62109
8 0 62193
8 0 62278
8 0 62362
8 0 62446
8 0 62530
8 0 62614
8 0 62699
8 0 62783
8 0 62866
8 0 62950
8 0 63035
8 1 63079
86 0 63392
82 0 63456
86 1 63471
82 1 63535
69 0 63648
69 1 63719
77 0 63824
69 0 63872
77 1 63919
69 1 63960
65 0 64128
65 1 64175
32 0 64240
32 1 64400
68 0 64400
69 0 64456
68 1 64479
69 1 64551
32 0 64576
32 1 64679
65 0 64808
65 1 64863
70 0 64896
70 1 64975
65 0 65000
65 1 65055
82 0 65104
65 0 65184
82 1 65190
65 1 65263
32 0 65288
32 1 65383
69 0 65912
69 1 65975
83 0 66111
83 1 66183
84 0 66247
69 0 66319
84 1 66327
32 0 66392
69 1 66399
32 1 66479
85 0 66760
85 1 66847
78 0 66960
78 1 67055
32 0 67104
32 1 67183
80 0 67408
79 0 67487
80 1 67503
79 1 67591
83 0 67752
83 1 67815
79 0 67895
79 1 67983
77 0 68175
77 1 68263
79 0 68359
79 1 68447
82 0 68632
82 1 68703
65 0 69295
65 1 69367
84 0 69751
84 1 69839
65 0 69847
65 1 69911
32 0 71032
32 1 71127
65 0 71184
65 1 71239
83 0 71375
83 1 71431
84 0 71439
84 1 71511
65 0 71560
65 1 71607
90 0 72039
90 1 72111
8 0 73031
8 1 73095
90 0 74519
90 1 74607
73 0 74615
73 1 74679
188 0 75056
188 1 75143
32 0 75239
32 1 75327
67 0 76247
69 0 76319
67 1 76327
69 1 76391
82 0 76527
82 1 76583
85 0 76712
85 1 76783
76 0 76999
76 1 77071
32 0 77167
32 1 77255
69 0 77959
69 1 78023
83 0 78175
83 1 78247
84 0 78319
69 0 78399
84 1 78406
69 1 78454
32 0 78479
32 1 78559
73 0 78783
73 1 78863
78 0 78999
78 1 79071
78 0 79178
78 1 79246
79 0 79431
79 1 79519
82 0 79767
82 1 79855
65 0 80031
65 1 80119
84 0 80495
84 1 80575
188 0 81639
188 1 81719
32 0 81791
32 1 81879
83 0 81983
83 1 82055
73 0 82063
73 1 82127
32 0 82167
32 1 82255
69 0 82711
69 1 82799
83 0 82951
83 1 83007
84 0 83143
69 0 83215
84 1 83222
69 1 83279
32 0 83287
32 1 83367
68 0 83759
69 0 83855
68 1 83862
69 1 83943
83 0 84063
83 1 84126
84 0 84295
84 1 84367
85 0 84447
85 1 84527
76 0 84679
76 1 84759
32 0 84815
32 1 84879
68 0 84919
69 0 85007
68 1 85014
69 1 85095
32 0 85119
32 1 85223
70 0 85343
82 0 85407
70 1 85415
82 1 85479
73 0 85879
73 1 85950
71 0 86007
71 1 86103
190 0 87727
190 1 87798
32 0 93431
32 1 93526
86 0 93703
86 1 93782
82 0 93791
82 1 93862
69 0 93967
69 1 94030
77 0 94207
69 0 94246
77 1 94286
69 1 94318
65 0 94503
65 1 94575
32 0 94639
32 1 94734
68 0 94871
69 0 94943
68 1 94983
69 1 95046
32 0 95111
32 1 95199
65 0 96695
65 1 96742
70 0 96806
70 1 96862
65 0 96878
65 1 96950
82 0 97047
65 0 97103
82 1 97118
65 1 97174
32 0 97231
32 1 97350
78 0 97535
85 0 97622
78 1 97638
32 0 97711
85 1 97726
32 1 97815
69 0 97831
69 1 97910
83 0 98030
83 1 98094
84 0 98142
69 0 98223
84 1 98230
69 1 98294
32 0 98295
32 1 98390
80 0 99111
82 0 99198
80 1 99206
82 1 99294
73 0 99398
73 1 99470
69 0 99598
69 1 99679
76 0 99958
76 1 100022
78 0 100399
78 1 100486
73 0 100575
73 1 100654
67 0 100831
65 0 100919
67 1 100942
65 1 101046
32 0 101166
32 1 101270
80 0 102310
69 0 102391
80 1 102398
69 1 102454
84 0 102726
84 1 102814
82 0 102966
82 1 103030
85 0 103086
85 1 103166
32 0 103223
32 1 103318
80 0 104278
76 0 104342
80 1 104382
76 1 104462
73 0 104622
73 1 104702
77 0 104838
77 1 104934
66 0 105302
65 0 105350
66 1 105382
65 1 105430
82 0 105606
82 1 105670
73 0 105750
73 1 105838
32 0 105910
32 1 106006
83 0 107511
65 0 107558
83 1 107590
85 0 107654
65 1 107686
85 1 107742
32 0 107774
32 1 107854
80 0 108070
80 1 108150
69 0 108158
69 1 108238
78 0 108590
78 1 108670
84 0 108718
84 1 108790
82 0 108886
82 1 108966
85 0 108990
85 1 109070
32 0 109134
32 1 109222
65 0 110070
65 1 110141
76 0 110278
76 1 110357
84 0 110718
69 0 110790
84 1 110806
69 1 110853
32 0 110886
32 1 110974
65 0 111110
65 1 111166
67 0 111326
67 1 111398
84 0 111558
84 1 111646
73 0 111886
73 1 111966
86 0 112022
86 1 112086
73 0 112110
73 1 112198
84 0 112462
84 1 112542
65 0 112550
65 1 112590
84 0 112638
84 1 112718
73 0 112974
73 1 113070
32 0 113158
32 1 113254
67 0 114574
67 1 114654
65 0 114662
65 1 114718
82 0 114798
82 1 114870
69 0 114878
69 1 114918
32 0 114966
32 1 115046
83 0 115382
83 1 115438
69 0 115550
69 1 115606
32 0 115646
32 1 115750
80 0 116766
79 0 116838
80 1 116861
79 1 116950
84 0 117143
84 1 117230
32 0 117278
32 1 117366
68 0 117638
69 0 117734
68 1 117757
69 1 117837
83 0 118102
83 1 118189
70 0 118422
70 1 118509
65 0 118774
65 1 118821
83 0 119374
83 1 119437
85 0 119502
85 1 119589
82 0 119949
65 0 120037
82 1 120045
65 1 120085
32 0 120157
32 1 120245
73 0 121093
73 1 121181
78 0 121301
78 1 121389
32 0 121405
32 1 121501
65 0 121565
65 1 121629
69 0 121821
69 1 121885
82 0 122021
82 1 122101
32 0 122117
32 1 122205
76 0 122357
76 1 122445
73 0 122557
73 1 122637
66 0 122789
69 0 122853
66 1 122869
69 1 122933
82 0 123029
82 1 123117
190 0 125069
190 1 125124
32 0 126749
32 1 126828
80 0 128757
69 0 128845
80 1 128860
32 0 128924
69 1 128932
32 1 129036
79 0 129157
79 1 129236
32 0 129268
32 1 129372
65 0 129452
65 1 129516
83 0 129628
83 1 129708
84 0 129916
84 1 130004
70 0 130165
70 1 130236
69 0 130244
69 1 130316
76 0 130644
76 1 130732
32 0 130796
32 1 130884
68 0 130965
69 0 131036
68 1 131084
32 0 131156
69 1 131165
32 1 131252
86 0 131380
82 0 131428
86 1 131460
82 1 131492
69 0 131612
69 1 131684
77 0 131796
69 0 131860
77 1 131876
69 1 131940
188 0 132564
188 1 132668
32 0 132748
32 1 132828
80 0 134036
80 1 134124
82 0 134148
69 0 134212
82 1 134236
69 1 134324
70 0 134484
69 0 134564
70 1 134580
69 1 134668
82 0 134780
82 1 134852
32 0 134980
32 1 135060
83 0 135188
65 0 135276
83 1 135300
32 0 135364
65 1 135388
32 1 135444
82 0 135756
82 1 135836
65 0 136052
65 1 136116
77 0 136164
65 0 136244
77 1 136251
65 1 136299
78 0 136372
78 1 136460
32 0 136532
32 1 136620
73 0 137660
73 1 137731
78 0 137860
32 0 137948
78 1 137956
32 1 138035
67 0 138174
67 1 138243
65 0 138300
65 1 138363
83 0 138508
65 0 138636
83 1 138659
65 1 138755
32 0 138924
32 1 139003
73 0 139388
73 1 139467
78 0 139588
78 1 139667
84 0 139708
84 1 139779
82 0 139876
82 1 139963
189 0 140235
189 1 140299
79 0 140636
79 1 140723
32 0 140796
32 1 140883
65 0 140940
65 1 141019
84 0 141235
84 1 141307
77 0 141548
79 0 141676
77 1 141683
79 1 141779
83 0 141988
83 1 142069
70 0 142244
69 0 142324
70 1 142330
69 1 142395
82 0 142460
82 1 142531
65 0 142643
65 1 142731
32 0 143860
32 1 143931
77 0 144340
65 0 144420
77 1 144475
65 1 144483
73 0 144516
32 0 144579
73 1 144588
32 1 144699
67 0 144883
67 1 144963
65 0 144987
65 1 145067
76 0 145547
76 1 145627
68 0 145812
68 1 145875
85 0 145916
85 1 145987
82 0 146123
82 1 146195
79 0 146339
79 1 146411
65 0 146491
65 1 146571
83 0 146932
65 0 147027
83 1 147067
65 1 147163
32 0 147379
32 1 147483
83 0 147827
83 1 147923
73 0 147939
73 1 148019
32 0 148067
32 1 148163
77 0 148283
65 0 148387
77 1 148435
65 1 148451
73 0 148459
32 0 148547
73 1 148555
32 1 148643
80 0 148867
76 0 148939
80 1 148963
65 0 149059
76 1 149066
65 1 149139
67 0 149539
67 1 149611
85 0 149627
85 1 149707
84 0 149875
65 0 149955
84 1 149970
65 1 150043
188 0 151315
188 1 151419
32 0 151499
32 1 151595
82 0 154523
69 0 154587
82 1 154610
69 1 154683
83 0 154843
83 1 154915
80 0 155099
69 0 155163
80 1 155178
69 1 155227
67 0 155363
67 1 155443
84 0 155603
84 1 155691
73 0 156243
73 1 156330
86 0 156635
86 1 156723
32 0 157843
32 1 157931
67 0 158115
67 1 158202
85 0 158283
85 1 158362
32 0 158403
32 1 158499
67 0 158683
67 1 158762
65 0 158771
65 1 158834
82 0 158907
82 1 158978
69 0 158987
69 1 159050
32 0 159083
32 1 159162
69 0 160379
69 1 160458
85 0 160475
85 1 160554
188 0 161643
188 1 161730
32 0 161763
32 1 161866
80 0 162274
69 0 162355
80 1 162362
69 1 162418
82 0 162523
82 1 162602
83 0 162763
83 1 162826
79 0 162851
79 1 162922
78 0 163075
65 0 163146
78 1 163154
65 1 163226
76 0 163363
76 1 163450
32 0 163531
32 1 163618
8 0 164259
8 1 164370
188 0 164555
188 1 164650
32 0 164715
32 1 164802
86 0 165123
86 1 165210
73 0 165242
73 1 165314
66 0 165490
66 1 165570
82 0 165755
82 1 165850
69 0 165899
69 1 166026
90 0 166234
90 1 166322
32 0 166379
32 1 166450
77 0 166595
65 0 166690
77 1 166722
65 1 166754
73 0 166779
73 1 166866
32 0 166906
32 1 166994
77 0 171353
77 1 171409
85 0 171506
85 1 171585
76 0 172473
76 1 172585
84 0 172874
84 1 172961
32 0 173009
32 1 173105
73 0 173202
73 1 173273
78 0 173386
32 0 173465
78 1 173474
32 1 173553
65 0 173625
65 1 173697
67 0 173746
67 1 173825
69 0 173834
69 1 173905
83 0 174026
83 1 174089
84 0 174121
84 1 174201
32 0 174250
32 1 174337
65 0 174498
65 1 174569
78 0 174617
78 1 174705
79 0 174810
79 1 174897
84 0 175025
84 1 175113
73 0 175145
73 1 175217
77 0 175345
77 1 175441
80 0 175506
80 1 175593
190 0 176986
190 1 177073
32 0 177169
32 1 177257
73 0 178066
73 1 178137
78 0 178257
32 0 178329
78 1 178338
32 1 178425
65 0 178513
65 1 178577
67 0 178649
67 1 178721
69 0 178722
69 1 178793
65 0 178954
65 1 179009
83 0 179145
83 1 179209
84 0 179241
65 0 179321
84 1 179329
65 1 179393
32 0 179465
32 1 179553
80 0 180129
69 0 180193
80 1 180217
69 1 180257
82 0 180362
82 1 180449
73 0 180489
79 0 180601
73 1 180609
79 1 180673
65 0 180745
65 1 180825
68 0 180969
68 1 181041
65 0 181057
65 1 181129
32 0 182417
32 1 182513
68 0 182857
69 0 182937
68 1 182953
32 0 182993
69 1 183017
32 1 183097
73 0 183193
73 1 183273
65 0 183281
65 1 183345
82 0 183505
82 1 183569
78 0 183697
78 1 183769
65 0 183793
65 1 183857
32 0 184873
32 1 184961
65 0 184985
65 1 185057
67 0 185217
67 1 185281
82 0 185457
82 1 185537
8 0 186345
8 1 186440
84 0 187289
84 1 187393
73 0 187649
73 1 187737
86 0 187801
86 1 187865
73 0 187881
73 1 187969
84 0 188201
65 0 188265
84 1 188289
65 1 188329
84 0 188817
84 1 188889
73 0 189105
73 1 189177
73 0 189260
73 1 189337
76 0 189489
69 0 189561
76 1 189569
69 1 189649
32 0 189745
32 1 189832
8 0 191305
8 1 191369
8 0 191484
8 1 191537
8 0 192073
8 1 192144
8 0 193340
8 1 193433
76 0 194161
69 0 194225
76 1 194248
69 1 194304
32 0 194337
32 1 194424
73 0 194513
73 1 194585
78 0 194697
78 1 194777
32 0 194809
32 1 194904
65 0 196665
65 1 196728
82 0 196929
69 0 197001
82 1 197008
69 1 197072
8 0 197673
8 1 197704
8 0 197812
8 1 197888
69 0 198161
69 1 198240
82 0 198345
82 1 198408
32 0 198497
32 1 198601
76 0 198864
76 1 198952
73 0 199065
73 1 199137
66 0 199665
69 0 199736
66 1 199744
69 1 199816
82 0 199913
82 1 200008
32 0 200088
32 1 200168
83 0 202737
83 1 202816
85 0 202833
85 1 202904
78 0 203057
84 0 203120
78 1 203144
84 1 203184
32 0 203225
32 1 203328
67 0 203489
69 0 203561
67 1 203584
69 1 203664
76 0 203752
76 1 203832
69 0 203841
69 1 203952
32 0 204025
32 1 204120
77 0 204697
65 0 204784
77 1 204824
65 1 204872
73 0 204889
73 1 204992
32 0 205064
32 1 205160
8 0 205808
8 1 205864
8 0 205972
8 1 206032
8 0 206128
8 1 206200
8 0 206372
8 1 206440
8 0 206576
8 1 206664
32 0 207473
32 1 207560
76 0 207704
76 1 207776
69 0 207785
69 1 207856
71 0 208017
71 1 208088
65 0 208096
65 1 208160
84 0 208224
69 0 208288
84 1 208304
69 1 208352
32 0 208392
32 1 208456
83 0 208728
83 1 208792
69 0 208897
69 1 208968
32 0 209040
32 1 209120
83 0 209432
83 1 209496
80 0 209744
79 0 209840
80 1 209848
79 1 209936
8 0 210456
8 1 210528
8 0 210627
8 1 210696
8 0 210792
8 1 210880
8 0 210979
8 1 211056
8 0 211144
8 1 211232
8 0 211323
8 1 211392
68 0 211680
69 0 211760
68 1 211784
32 0 211824
69 1 211856
32 1 211912
83 0 212032
83 1 212096
80 0 212128
80 1 212200
79 0 212304
79 1 212384
82 0 212464
82 1 212536
84 0 212664
84 1 212736
85 0 212784
85 1 212856
82 0 213168
82 1 213248
73 0 213280
73 1 213360
76 0 213512
69 0 213584
76 1 213600
69 1 213648
32 0 213688
32 1 213775
68 0 213880
69 0 213960
68 1 213984
32 0 214040
69 1 214066
32 1 214152
73 0 214472
65 0 214544
73 1 214552
65 1 214608
82 0 214800
82 1 214856
78 0 215032
78 1 215104
65 0 215128
65 1 215200
190 0 217056
190 1 217167
32 0 217264
32 1 217344
16 0 217609
79 0 217728
16 1 217825
79 1 217840
82 0 218008
82 1 218080
65 0 218248
65 1 218296
83 0 218416
85 0 218480
83 1 218488
85 1 218568
76 0 218728
76 1 218816
32 0 218880
32 1 218976
78 0 219144
78 1 219256
79 0 219264
79 1 219376
83 0 219448
83 1 219511
84 0 219632
84 1 219696
82 0 219744
82 1 219800
85 0 219984
85 1 220072
8 0 221608
8 1 221720
8 0 221771
8 1 221848
8 0 221968
8 1 222023
8 0 222139
8 1 222200
8 0 222312
8 1 222344
8 0 222483
8 1 222519
73 0 223120
73 1 223199
78 0 223328
78 1 223400
32 0 223408
32 1 223503
67 0 223656
67 1 223719
65 0 223744
65 1 223816
82 0 223896
69 0 223968
82 1 223975
69 1 224032
32 0 224112
32 1 224192
76 0 224424
76 1 224503
79 0 224615
79 1 224679
67 0 224744
67 1 224799
85 0 224872
85 1 224935
73 0 225072
69 0 225128
73 1 225135
69 1 225199
83 0 225336
83 1 225392
67 0 225512
67 1 225583
188 0 226688
188 1 226775
32 0 226880
32 1 226975
78 0 227248
85 0 227368
78 1 227375
85 1 227455
32 0 227504
32 1 227591
79 0 227744
79 1 227824
70 0 228064
69 0 228160
70 1 228167
69 1 228247
82 0 228392
82 1 228463
65 0 228472
65 1 228543
32 0 228584
32 1 228679
65 0 228952
65 1 229007
83 0 229184
83 1 229280
8 0 230384
8 1 230423
8 0 230538
8 1 230583
8 0 230696
8 1 230767
32 0 231600
32 1 231695
77 0 231808
77 1 231895
85 0 231999
85 1 232079
76 0 232288
76 1 232351
84 0 232424
84 1 232511
69 0 232631
69 1 232695
32 0 232760
32 1 232823
65 0 232920
65 1 232983
83 0 233112
83 1 233175
84 0 233279
84 1 233359
70 0 233512
70 1 233591
69 0 233600
69 1 233663
76 0 233927
76 1 234015
32 0 234072
32 1 234159
68 0 234200
69 0 234279
68 1 234303
69 1 234367
32 0 234384
32 1 234463
65 0 234536
65 1 234591
67 0 234656
67 1 234727
84 0 234872
84 1 234935
73 0 235088
73 1 235167
86 0 235264
86 1 235327
73 0 235359
73 1 235447
84 0 235632
84 1 235695
65 0 235704
65 1 235759
84 0 235791
84 1 235871
73 0 236824
73 1 236887
32 0 238471
32 1 238559
68 0 238624
69 0 238680
68 1 238711
69 1 238775
32 0 238792
32 1 238879
8 0 243709
8 0 244210
8 0 244294
8 0 244378
8 0 244462
8 0 244547
8 0 244631
8 0 244715
8 0 244799
8 0 244883
8 0 244967
8 0 245051
8 0 245134
8 0 245218
8 0 245302
8 0 245386
8 0 245471
8 0 245555
8 0 245639
8 0 245723
8 0 245807
8 0 245891
8 0 245976
8 1 246021
84 0 247309
82 0 247381
84 1 247388
82 1 247445
65 0 247605
65 1 247660
67 0 247805
67 1 247869
84 0 248029
84 1 248101
73 0 248245
73 1 248300
73 0 248400
73 1 248469
32 0 248517
32 1 248605
73 0 248717
73 1 248789
78 0 248901
78 1 248988
32 0 249005
32 1 249092
65 0 249157
65 1 249213
80 0 249493
80 1 249565
82 0 249565
82 1 249612
79 0 249677
79 1 249756
80 0 249925
80 1 250004
73 0 250181
73 1 250252
69 0 250277
69 1 250348
82 0 250469
82 1 250532
69 0 250639
69 1 250717
188 0 252621
188 1 252700
32 0 252741
32 1 252836
65 0 252917
65 1 252972
83 0 253069
83 1 253148
65 0 253253
65 1 253316
32 0 253364
32 1 253436
67 0 253573
65 0 253645
67 1 253652
65 1 253724
188 0 254093
188 1 254180
32 0 254229
32 1 254317
80 0 255245
80 1 255332
82 0 255341
69 0 255405
82 1 255428
69 1 255492
70 0 255813
69 0 255901
70 1 255916
69 1 256020
82 0 256188
82 1 256268
32 0 256373
32 1 256468
83 0 256564
65 0 256629
83 1 256676
65 1 256772
32 0 256812
32 1 256892
8 0 258629
8 1 258692
8 0 258791
8 1 258868
8 0 258956
8 1 259028
65 0 259636
65 1 259700
67 0 259860
67 1 259924
84 0 260100
84 1 260188
73 0 260277
73 1 260356
86 0 260461
73 0 260532
86 1 260540
73 1 260620
84 0 260829
84 1 260884
65 0 260916
65 1 260964
84 0 260988
84 1 261060
73 0 261573
73 1 261652
76 0 261828
69 0 261916
76 1 261923
69 1 261996
32 0 262060
32 1 262164
68 0 264004
69 0 264068
68 1 264100
32 0 264156
69 1 264171
32 1 264252
83 0 264388
83 1 264452
79 0 264540
79 1 264620
67 0 264740
67 1 264812
73 0 264876
73 1 264948
65 0 265028
65 1 265084
76 0 265156
76 1 265228
90 0 265548
90 1 265724
8 0 266596
8 1 266676
8 0 266887
8 1 266972
76 0 268132
76 1 268212
73 0 268324
73 1 268388
90 0 268532
65 0 268620
90 1 268652
65 1 268740
82 0 268788
82 1 268860
69 0 268885
69 1 268948
32 0 268972
32 1 269060
73 0 269228
73 1 269300
78 0 269428
78 1 269492
84 0 269516
84 1 269588
82 0 269668
82 1 269748
189 0 270068
189 1 270140
73 0 270380
73 1 270436
8 0 270876
8 1 270979
85 0 271212
85 1 271276
78 0 271412
78 1 271476
32 0 271492
32 1 271572
77 0 271724
77 1 271812
69 0 271820
69 1 271876
68 0 272020
68 1 272084
73 0 272092
85 0 272188
73 1 272203
85 1 272300
32 0 273900
32 1 273988
73 0 274244
73 1 274308
78 0 274436
78 1 274508
67 0 274628
67 1 274692
72 0 274732
72 1 274812
73 0 274988
73 1 275060
83 0 275092
83 1 275163
190 0 276788
190 1 276867
32 0 276980
32 1 277075
16 0 277620
86 0 277756
16 1 277821
86 1 277827
82 0 278108
69 0 278228
82 1 278251
69 1 278339
77 0 278533
69 0 278588
77 1 278603
69 1 278660
65 0 278876
65 1 278955
32 0 279220
32 1 279299
80 0 279620
69 0 279684
80 1 279709
69 1 279747
32 0 279780
32 1 279867
80 0 279996
65 0 280068
80 1 280074
65 1 280131
82 0 280284
82 1 280347
67 0 280508
67 1 280572
85 0 280604
85 1 280675
82 0 280868
82 1 280931
83 0 281140
83 1 281195
85 0 281244
85 1 281324
76 0 281492
76 1 281563
32 0 281652
32 1 281747
90 0 282780
90 1 282843
73 0 282868
73 1 282939
76 0 283076
76 1 283147
69 0 283155
69 1 283203
76 0 283243
76 1 283323
79 0 283444
79 1 283515
82 0 283580
82 1 283651
32 0 283708
32 1 283795
84 0 284060
82 0 284116
84 1 284123
82 1 284187
69 0 284284
69 1 284355
67 0 284492
67 1 284547
85 0 284556
85 1 284635
84 0 284948
84 1 285019
69 0 285028
69 1 285091
32 0 285620
32 1 285691
78 0 286044
85 0 286155
78 1 286163
32 0 286236
85 1 286251
32 1 286347
65 0 286387
65 1 286435
32 0 286524
32 1 286595
70 0 286668
70 1 286723
79 0 286780
79 1 286843
83 0 286867
83 1 286923
84 0 287019
84 1 287083
32 0 287172
32 1 287243
65 0 288347
65 1 288395
84 0 288419
65 0 288516
84 1 288522
65 1 288571
32 0 288627
32 1 288707
68 0 288876
69 0 288947
68 1 288971
69 1 289044
32 0 289044
32 1 289131
70 0 289627
70 1 289715
82 0 289771
82 1 289883
85 0 289947
85 1 290019
77 0 290172
77 1 290267
79 0 290300
79 1 290363
65 0 290371
65 1 290435
83 0 290636
65 0 290780
83 1 290787
65 1 290883
190 0 291819
190 1 291907
32 0 291979
32 1 292075
65 0 292171
65 1 292235
77 0 292323
77 1 292419
32 0 292459
32 1 292547
65 0 292660
65 1 292715
86 0 292939
86 1 293019
85 0 293084
85 1 293163
84 0 293187
84 1 293251
32 0 293283
32 1 293363
80 0 293579
65 0 293659
80 1 293668
65 1 293723
82 0 293931
82 1 293995
84 0 294107
69 0 294171
84 1 294195
69 1 294243
32 0 294299
32 1 294379
68 0 295140
69 0 295219
68 1 295243
32 0 295299
69 1 295308
32 1 295395
79 0 295483
79 1 295571
32 0 295611
32 1 295691
86 0 295867
86 1 295931
82 0 295939
82 1 295995
69 0 296107
69 1 296171
77 0 296219
69 0 296299
77 1 296315
69 1 296363
32 0 296427
32 1 296515
65 0 297195
65 1 297267
83 0 297635
83 1 297683
69 0 297835
69 1 297899
77 0 298083
77 1 298163
65 0 298339
65 1 298403
78 0 298547
78 1 298619
65 0 298635
65 1 298699
84 0 298971
84 1 299027
79 0 299115
79 1 299187
65 0 299307
65 1 299355
82 0 299467
82 1 299531
69 0 299563
69 1 299635
32 0 300371
32 1 300451
67 0 300651
69 0 300739
67 1 300747
69 1 300834
32 0 300859
32 1 300963
8 0 301931
8 1 302027
69 0 302155
69 1 302243
65 0 302547
65 1 302611
32 0 302683
32 1 302787
67 0 302819
67 1 302907
69 0 302908
69 1 303003
32 0 303035
32 1 303131
67 0 303459
67 1 303539
82 0 303563
82 1 303627
69 0 303731
69 1 303795
65 0 304011
65 1 304091
90 0 308154
65 0 308201
90 1 308241
65 1 308329
32 0 308770
32 1 308873
80 0 309465
69 0 309554
80 1 309571
69 1 309593
32 0 309618
32 1 309729
68 0 310065
69 0 310154
68 1 310185
69 1 310249
189 0 311073
189 1 311161
79 0 311657
79 1 311737
32 0 311818
32 1 311921
80 0 312041
65 0 312129
80 1 312137
65 1 312201
82 0 312634
82 1 312713
84 0 313177
69 0 313266
84 1 313273
69 1 313361
32 0 313425
32 1 313505
83 0 314801
83 1 314873
69 0 315001
69 1 315081
78 0 315306
78 1 315369
90 0 315537
65 0 315633
90 1 315665
65 1 315737
84 0 315945
84 1 316017
73 0 316177
73 1 316233
73 0 316332
73 1 316401
32 0 316489
32 1 316577
68 0 317041
69 0 317169
68 1 317186
69 1 317281
32 0 317313
32 1 317417
65 0 317529
65 1 317601
78 0 317665
78 1 317745
88 0 317953
88 1 318025
73 0 318145
73 1 318209
69 0 318289
69 1 318377
84 0 318657
84 1 318729
65 0 318737
65 1 318793
84 0 318825
84 1 318913
69 0 318937
69 1 319001
32 0 319049
32 1 319137
83 0 319513
65 0 319577
83 1 319617
85 0 319657
65 1 319713
85 1 319745
32 0 319785
32 1 319865
68 0 320017
69 0 320089
68 1 320137
69 1 320225
80 0 320394
80 1 320472
82 0 320497
69 0 320585
82 1 320600
69 1 320681
83 0 320929
83 1 320993
73 0 321041
73 1 321113
69 0 321121
69 1 321185
190 0 321553
190 1 321609
73 0 326801
73 1 326881
78 0 326993
78 1 327081
32 0 327089
32 1 327177
70 0 327393
70 1 327465
73 0 327481
73 1 327552
69 0 327873
69 1 327936
67 0 328089
67 1 328152
65 0 328161
65 1 328224
82 0 328297
82 1 328361
69 0 328385
69 1 328432
32 0 328465
32 1 328561
90 0 328673
90 1 328736
73 0 328761
73 1 328833
32 0 328857
32 1 328928
77 0 329049
65 0 329129
77 1 329144
65 1 329192
32 0 329249
32 1 329328
84 0 329497
82 0 329560
84 1 329568
82 1 329616
69 0 329713
69 1 329784
90 0 330513
90 1 330569
69 0 330713
69 1 330761
83 0 331017
83 1 331080
67 0 331177
67 1 331256
32 0 331337
32 1 331432
80 0 333833
69 0 333905
80 1 333936
69 1 333976
32 0 334009
32 1 334096
67 0 334403
65 0 334497
67 1 334520
65 1 334633
84 0 334849
84 1 334920
32 0 334985
32 1 335088
68 0 335177
69 0 335265
68 1 335304
69 1 335376
32 0 335385
32 1 335472
68 0 336200
69 0 336281
68 1 336304
69 1 336400
86 0 336625
86 1 336696
82 0 336705
82 1 336792
69 0 336921
69 1 336984
77 0 337041
69 0 337112
77 1 337137
69 1 337184
32 0 337216
32 1 337296
80 0 337537
79 0 337609
80 1 337640
79 1 337704
83 0 338017
83 1 338096
73 0 338169
73 1 338256
66 0 338353
66 1 338424
73 0 338433
73 1 338520
76 0 338696
76 1 338768
190 0 339129
190 1 339216
32 0 339353
32 1 339456
16 0 340257
66 0 340368
16 1 340425
66 1 340448
73 0 340544
73 1 340624
78 0 340760
78 1 340848
69 0 340856
69 1 340920
73 0 341033
73 1 341120
78 0 341224
78 1 341312
84 0 341480
84 1 341552
69 0 341569
69 1 341656
76 0 341864
69 0 341936
76 1 341944
69 1 342000
83 0 342168
83 1 342240
188 0 343169
188 1 343264
32 0 343328
32 1 343424
65 0 343504
65 1 343568
67 0 343656
67 1 343720
69 0 343752
69 1 343840
65 0 344032
65 1 344096
83 0 344240
84 0 344248
83 1 344304
84 1 344336
65 0 344409
65 1 344488
32 0 344552
32 1 344640
83 0 346264
83 1 346336
69 0 346440
69 1 346520
32 0 346568
32 1 346656
73 0 346760
73 1 346832
78 0 346952
78 1 347032
84 0 347160
84 1 347248
65 0 347472
65 1 347520
77 0 347560
77 1 347640
80 0 347768
76 0 347848
80 1 347864
76 1 347960
65 0 348008
65 1 348072
32 0 348400
32 1 348480
73 0 349144
73 1 349200
78 0 349328
78 1 349416
32 0 349944
32 1 350016
70 0 350144
70 1 350216
85 0 350256
85 1 350344
78 0 350488
78 1 350560
67 0 350648
67 1 350720
84 0 350944
84 1 351016
73 0 351744
69 0 351808
73 1 351832
69 1 351895
32 0 352136
32 1 352224
68 0 352872
69 0 352960
68 1 352992
32 0 353048
69 1 353064
32 1 353152
65 0 353256
65 1 353320
67 0 353384
67 1 353456
84 0 353720
84 1 353792
73 0 353928
73 1 354008
86 0 354056
86 1 354120
73 0 354144
73 1 354223
84 0 354408
65 0 354480
84 1 354487
65 1 354544
84 0 354600
84 1 354680
73 0 354992
73 1 355071
76 0 355232
69 0 355296
76 1 355320
69 1 355368
32 0 355432
32 1 355520
80 0 355648
69 0 355728
80 1 355735
69 1 355792
32 0 355816
32 1 355896
67 0 356080
67 1 356144
65 0 356160
65 1 356224
82 0 356288
82 1 356360
69 0 356384
69 1 356440
32 0 356448
32 1 356544
76 0 356712
69 0 356784
76 1 356809
69 1 356856
32 0 356872
32 1 356960
68 0 357088
69 0 357168
68 1 357191
69 1 357264
83 0 357392
83 1 357464
70 0 357768
70 1 357856
65 0 358048
65 1 358119
83 0 358344
83 1 358424
79 0 358520
79 1 358599
82 0 358744
82 1 358815
32 0 359488
32 1 359560
73 0 359896
73 1 359976
78 0 360096
78 1 360191
32 0 360200
32 1 360295
90 0 360392
90 1 360447
73 0 360464
73 1 360552
85 0 360680
85 1 360767
65 0 360776
65 1 360831
32 0 360856
32 1 360943
80 0 361176
82 0 361240
80 1 361247
69 0 361320
82 1 361343
69 1 361432
67 0 361712
67 1 361791
69 0 361800
69 1 361887
68 0 362088
69 0 362160
68 1 362191
69 1 362279
78 0 362360
78 1 362439
84 0 362672
84 1 362751
65 0 362816
65 1 362880
32 0 362984
32 1 363080
83 0 364096
83 1 364159
73 0 364199
73 1 364263
32 0 364288
32 1 364367
79 0 364656
79 1 364735
82 0 365088
82 1 365151
65 0 365160
65 1 365231
32 0 365304
32 1 365399
76 0 365544
65 0 365615
76 1 365639
65 1 365671
32 0 365704
32 1 365792
67 0 365952
67 1 366015
65 0 366031
65 1 366079
82 0 366160
69 0 366232
82 1 366239
69 1 366311
32 0 366328
32 1 366415
65 0 368296
65 1 368375
8 0 368975
8 1 369079
79 0 369247
79 1 369327
80 0 369640
80 1 369727
82 0 369760
69 0 369808
82 1 369831
69 1 369903
83 0 370039
83 1 370103
67 0 370208
67 1 370287
32 0 370335
32 1 370439
65 0 370503
65 1 370567
67 0 370664
67 1 370727
69 0 370735
69 1 370799
83 0 370919
83 1 370983
84 0 371016
84 1 371095
69 0 371103
69 1 371167
32 0 371168
32 1 371263
65 0 371367
65 1 371431
67 0 371583
67 1 371647
84 0 371824
84 1 371911
73 0 372008
73 1 372087
86 0 372192
86 1 372263
73 0 372287
73 1 372359
84 0 372551
84 1 372623
65 0 372631
65 1 372671
84 0 372704
84 1 372791
73 0 373008
73 1 373087
32 0 373151
32 1 373230
83 0 373311
83 1 373375
80 0 373503
80 1 373583
82 0 373711
69 0 373719
82 1 373751
69 1 373847
32 0 374007
32 1 374103
65 0 375847
65 1 375911
32 0 375943
32 1 376039
77 0 376159
65 0 376247
77 1 376279
65 1 376311
32 0 376312
32 1 376399
80 0 376567
80 1 376663
85 0 376791
85 1 376871
78 0 377023
78 1 377111
69 0 377391
69 1 377463
32 0 377575
32 1 377639
83 0 377799
65 0 377879
83 1 377887
32 0 377951
65 1 377959
32 1 378039
68 0 378143
68 1 378191
79 0 378215
79 1 378287
82 0 378319
82 1 378391
77 0 378423
77 1 378511
190 0 379863
190 1 379943
32 0 380047
32 1 380151
73 0 380335
73 1 380415
78 0 380535
78 1 380615
32 0 380631
32 1 380726
84 0 380839
84 1 380911
73 0 380935
73 1 380999
77 0 381143
77 1 381223
80 0 381311
80 1 381415
85 0 381503
85 1 381574
76 0 381759
76 1 381847
32 0 381911
32 1 381999
90 0 382103
90 1 382175
73 0 382231
73 1 382311
76 0 382455
76 1 382535
69 0 382559
69 1 382623
73 0 382735
73 1 382823
32 0 382903
32 1 382983
80 0 384159
80 1 384230
82 0 384247
69 0 384327
82 1 384343
69 1 384439
70 0 384623
69 0 384687
70 1 384710
69 1 384831
82 0 384879
82 1 384966
32 0 385023
32 1 385119
85 0 385191
85 1 385271
78 0 385391
32 0 385447
78 1 385455
32 1 385543
84 0 385591
84 1 385679
73 0 385687
73 1 385759
77 0 385895
77 1 385983
80 0 386047
80 1 386167
32 0 386223
32 1 386319
68 0 386399
69 0 386495
68 1 386521
69 1 386623
32 0 386647
32 1 386759
82 0 387655
82 1 387735
69 0 388111
69 1 388199
76 0 388615
65 0 388679
76 1 388694
65 1 388751
88 0 389111
65 0 389159
88 1 389190
65 1 389231
82 0 389335
82 1 389407
69 0 389415
69 1 389463
32 0 390295
32 1 390398
73 0 390543
73 1 390615
77 0 390759
69 0 390823
77 1 390846
69 1 390886
68 0 391023
68 1 391086
73 0 391103
73 1 391191
65 0 391279
65 1 391343
84 0 391887
84 1 391966
32 0 392015
32 1 392111
68 0 392542
68 1 392607
85 0 392623
85 1 392695
80 0 392928
65 0 392983
80 1 392990
65 1 393038
32 0 393111
32 1 393214
67 0 394879
69 0 394959
67 1 394974
32 0 395039
69 1 395054
32 1 395126
77 0 395231
65 0 395303
77 1 395342
65 1 395374
32 0 395391
32 1 395494
84 0 395639
82 0 395719
84 1 395726
82 1 395766
69 0 395855
69 1 395934
90 0 396111
90 1 396158
69 0 396295
69 1 396350
83 0 396463
83 1 396534
67 0 396623
67 1 396710
188 0 397839
188 1 397926
32 0 397975
32 1 398078
84 0 398118
84 1 398198
73 0 398231
73 1 398310
77 0 398470
77 1 398558
80 0 398591
80 1 398710
32 0 398743
32 1 398854
73 0 398919
73 1 398998
78 0 399127
78 1 399206
32 0 399231
32 1 399326
67 0 399511
67 1 399582
65 0 399591
65 1 399646
82 0 399727
69 0 399791
82 1 399798
69 1 399854
32 0 399919
32 1 399998
80 0 402607
79 0 402670
80 1 402678
79 1 402782
84 0 402878
84 1 402958
32 0 403030
32 1 403126
83 0 403238
65 0 403326
83 1 403350
32 0 403406
65 1 403415
32 1 403518
83 0 403662
65 0 403758
83 1 403774
65 1 403862
86 0 404078
86 1 404134
85 0 404183
85 1 404270
82 0 404463
69 0 404543
82 1 404549
69 1 404614
90 0 404790
90 1 404862
32 0 404902
32 1 405006
79 0 405102
79 1 405190
32 0 405254
32 1 405350
70 0 405662
70 1 405710
8 0 406230
8 1 406334
67 0 406398
65 0 406494
67 1 406518
65 1 406630
70 0 406734
70 1 406798
69 0 406814
69 1 406910
65 0 407102
65 1 407214
32 0 408470
32 1 408574
66 0 409358
66 1 409430
85 0 409431
85 1 409518
78 0 409654
65 0 409734
78 1 409742
32 0 409782
65 1 409806
32 1 409878
83 0 410206
73 0 410270
83 1 410277
73 1 410334
32 0 410382
32 1 410462
83 0 410560
65 0 410647
83 1 410663
65 1 410734
32 0 410766
32 1 410862
67 0 410958
67 1 411030
73 0 411054
73 1 411134
84 0 411342
84 1 411414
69 0 411422
69 1 411478
83 0 411622
83 1 411686
67 0 411790
67 1 411870
32 0 411926
32 1 412030
85 0 413558
85 1 413630
78 0 413750
78 1 413822
84 0 413886
84 1 413958
73 0 414014
73 1 414078
76 0 414246
76 1 414334
69 0 414390
69 1 414470
77 0 414814
69 0 414878
77 1 414894
69 1 414974
32 0 415062
32 1 415174
78 0 415494
78 1 415590
79 0 415622
79 1 415734
85 0 415870
85 1 415942
65 0 416254
65 1 416310
84 0 416390
84 1 416462
73 0 417022
73 1 417109
32 0 418678
32 1 418766
68 0 418862
68 1 418942
73 0 418950
73 1 419006
78 0 419142
78 1 419230
32 0 419246
32 1 419342
90 0 419542
90 1 419606
73 0 419670
73 1 419742
65 0 419846
65 1 419894
82 0 420030
82 1 420094
69 0 420134
69 1 420197
76 0 420510
76 1 420590
69 0 420606
69 1 420654
32 0 420822
32 1 420926
79 0 421822
79 1 421886
78 0 422046
78 1 422126
76 0 422310
76 1 422374
73 0 422462
73 1 422525
78 0 422742
78 1 422814
69 0 422822
69 1 422877
32 0 422894
32 1 422981
69 0 423206
69 1 423269
32 0 423277
32 1 423381
67 0 423622
67 1 423686
65 0 423710
65 1 423766
82 0 423838
82 1 423901
69 0 423910
69 1 423973
32 0 423982
32 1 424037
76 0 424238
76 1 424325
69 0 424334
69 1 424389
32 0 424406
32 1 424510
85 0 424605
85 1 424686
82 0 424790
82 1 424885
77 0 425037
77 1 425101
65 0 425134
65 1 425198
82 0 425390
69 0 425462
82 1 425469
69 1 425517
83 0 425630
83 1 425701
67 0 425798
67 1 425877
32 0 428038
32 1 428125
16 0 429562
80 0 429742
80 1 429829
16 1 429846
82 0 430006
69 0 430093
82 1 430109
69 1 430189
70 0 430350
69 0 430429
70 1 430437
69 1 430501
82 0 430598
82 1 430693
32 0 431805
68 0 431893
32 1 431903
69 0 431973
68 1 431989
69 1 432069
32 0 432078
32 1 432181
79 0 432253
79 1 432341
66 0 432502
66 1 432581
73 0 432757
73 1 432845
67 0 432957
69 0 433037
67 1 433045
69 1 433149
73 0 433285
73 1 433357
188 0 433782
188 1 433877
32 0 433942
32 1 434045
73 0 434894
73 1 434965
77 0 435094
77 1 435165
69 0 435181
69 1 435245
68 0 435381
68 1 435437
73 0 435453
73 1 435517
65 0 435606
65 1 435661
84 0 435749
84 1 435821
32 0 435869
32 1 435957
68 0 436093
85 0 436157
68 1 436173
85 1 436237
80 0 436445
65 0 436526
80 1 436532
65 1 436581
32 0 436621
32 1 436709
67 0 436789
69 0 436877
67 1 436885
69 1 436981
32 0 436982
32 1 437053
77 0 437213
77 1 437309
65 0 437317
65 1 437373
32 0 437397
32 1 437485
84 0 437645
82 0 437717
84 1 437725
82 1 437773
69 0 437861
69 1 437941
83 0 438166
83 1 438245
8 0 438717
8 1 438813
90 0 438853
90 1 438909
69 0 439053
69 1 439109
83 0 439237
83 1 439293
67 0 439397
67 1 439469
8 0 445386
8 0 445887
8 1 445921
8 0 446525
8 1 446666
8 0 446786
8 1 446874
8 0 447005
8 1 447026
8 0 447146
8 1 447217
8 0 447325
8 1 447401
8 0 447498
8 1 447569
8 0 447669
8 1 447738
8 0 447834
8 1 447914
8 0 448013
8 1 448082
8 0 448162
8 1 448242
8 0 448341
8 1 448417
80 0 448970
82 0 449050
80 1 449073
82 1 449129
73 0 449210
73 1 449273
77 0 449434
65 0 449506
77 1 449513
65 1 449570
32 0 449602
32 1 449690
67 0 449850
65 0 449922
67 1 449929
65 1 449985
70 0 450242
69 0 450306
70 1 450321
69 1 450377
65 0 450554
65 1 450609
188 0 450914
188 1 451002
32 0 451074
32 1 451161
83 0 457059
65 0 457099
83 1 457123
65 1 457211
32 0 457212
32 1 457291
80 0 457563
69 0 457659
80 1 457667
69 1 457739
84 0 457931
82 0 457971
84 1 458003
82 1 458035
69 0 458131
69 1 458203
67 0 458627
67 1 458690
32 0 458803
32 1 458891
84 0 459419
73 0 459491
84 1 459507
73 1 459563
77 0 459723
77 1 459803
80 0 459835
80 1 459963
32 0 460011
32 1 460115
73 0 465479
73 1 465576
78 0 465727
78 1 465791
32 0 465863
32 1 465967
67 0 466247
67 1 466319
65 0 466335
65 1 466406
82 0 466487
69 0 466567
82 1 466575
69 1 466638
32 0 466671
32 1 466751
83 0 466999
65 0 467087
83 1 467119
65 1 467215
32 0 467216
32 1 467311
8 0 470023
8 0 470524
8 0 470608
8 0 470693
8 0 470777
8 0 470861
8 1 470927
8 0 471154
8 1 471502
8 0 471655
8 1 471710
8 0 471818
8 1 471886
8 0 471958
8 1 472063
8 0 472106
8 1 472190
8 0 472623
8 1 472694
32 0 473519
32 1 473614
67 0 473679
67 1 473751
85 0 473767
85 1 473863
32 0 473919
32 1 473998
85 0 474111
85 1 474199
78 0 474319
78 1 474414
85 0 474463
85 1 474550
76 0 474751
76 1 474854
32 0 474910
32 1 474998
68 0 475055
68 1 475127
73 0 475143
73 1 475206
78 0 475350
78 1 475438
84 0 475703
84 1 475775
82 0 475783
82 1 475862
69 0 475959
69 1 476038
32 0 476359
32 1 476462
80 0 478303
80 1 478407
82 0 478446
82 1 478567
73 0 478767
73 1 478838
69 0 478862
69 1 478958
84 0 479151
84 1 479230
69 0 479239
69 1 479334
78 0 479551
78 1 479630
73 0 479774
73 1 479838
73 0 479945
73 1 480014
32 0 480134
32 1 480222
77 0 480342
77 1 480446
69 0 480455
69 1 480542
73 0 480543
73 1 480646
32 0 480759
32 1 480862
66 0 484430
66 1 484486
85 0 484566
85 1 484662
78 0 484886
78 1 484990
73 0 485054
73 1 485166
32 0 485246
32 1 485366
73 0 485910
73 1 486006
78 0 486102
78 1 486198
32 0 486238
32 1 486334
65 0 486390
65 1 486454
67 0 486614
67 1 486686
84 0 486854
84 1 486934
73 0 486966
73 1 487054
86 0 487174
86 1 487246
73 0 487270
73 1 487358
84 0 487606
84 1 487678
65 0 487694
65 1 487758
84 0 487774
84 1 487853
73 0 488726
73 1 488822
32 0 488902
32 1 488998
68 0 489054
69 0 489118
68 1 489150
69 1 489214
32 0 489230
32 1 489342
83 0 489398
83 1 489462
79 0 489494
79 1 489566
67 0 489982
67 1 490046
73 0 490174
73 1 490262
65 0 490454
65 1 490494
76 0 490606
76 1 490686
73 0 490806
73 1 490894
90 0 490982
65 0 491102
90 1 491110
65 1 491198
82 0 491262
82 1 491342
69 0 491398
69 1 491462
188 0 493238
188 1 493325
32 0 493390
32 1 493486
83 0 493630
83 1 493710
80 0 493726
80 1 493798
79 0 493926
79 1 494005
82 0 494110
82 1 494182
84 0 494318
84 1 494398
32 0 495926
32 1 496037
83 0 496134
65 0 496222
83 1 496253
65 1 496342
85 0 496702
85 1 496782
32 0 496846
32 1 496934
65 0 497038
65 1 497109
32 0 497158
32 1 497254
73 0 497382
69 0 497422
73 1 497462
69 1 497486
83 0 497638
83 1 497710
73 0 498526
73 1 498622
73 0 498713
73 1 498790
32 0 498870
32 1 498973
80 0 499166
80 1 499277
85 0 499422
85 1 499501
82 0 499590
82 1 499670
32 0 499822
32 1 499909
83 0 500014
83 1 500069
73 0 500094
73 1 500181
32 0 500254
32 1 500350
83 0 500478
83 1 500550
73 0 500557
73 1 500630
77 0 500782
77 1 500853
80 0 500982
76 0 501086
80 1 501109
76 1 501182
85 0 501366
85 1 501453
32 0 501566
32 1 501637
80 0 503638
69 0 503710
80 1 503733
69 1 503789
84 0 504062
84 1 504142
8 0 505213
8 1 505325
78 0 505797
78 1 505885
84 0 505974
84 1 506037
82 0 506134
82 1 506213
85 0 506229
85 1 506301
32 0 506342
32 1 506437
73 0 506566
73 1 506629
78 0 506774
78 1 506845
67 0 507030
65 0 507126
67 1 507157
32 0 507238
65 1 507249
32 1 507325
79 0 507438
79 1 507525
32 0 507590
32 1 507685
67 0 507814
65 0 507893
67 1 507917
65 1 508021
70 0 508054
70 1 508133
69 0 508166
69 1 508237
65 0 508814
65 1 508893
188 0 509269
188 1 509373
32 0 509453
32 1 509549
85 0 509669
85 1 509741
78 0 509869
78 1 509941
68 0 510053
69 0 510117
68 1 510142
69 1 510221
86 0 510317
86 1 510397
65 0 510421
65 1 510493
32 0 510501
32 1 510589
73 0 510806
73 1 510877
78 0 511541
78 1 511605
32 0 511709
32 1 511797
79 0 511973
79 1 512029
82 0 512101
82 1 512181
65 0 512350
65 1 512413
83 0 512541
83 1 512605
190 0 512877
190 1 512949
16 0 516927
68 0 516974
16 1 517055
68 1 517078
85 0 517174
85 1 517246
80 0 517638
65 0 517702
80 1 517725
65 1 517782
32 0 517798
32 1 517894
84 0 518214
84 1 518317
79 0 519262
65 0 519326
79 1 519358
65 1 519422
84 0 519622
69 0 519669
84 1 519694
69 1 519742
32 0 519782
32 1 519877
65 0 519918
65 1 519990
67 0 520078
69 0 520150
67 1 520159
69 1 520213
83 0 520342
83 1 520406
84 0 520470
69 0 520534
84 1 520550
69 1 520606
65 0 520782
65 1 520877
188 0 521910
188 1 521989
32 0 522054
32 1 522141
80 0 522350
80 1 522405
82 0 522470
69 0 522534
82 1 522565
69 1 522662
70 0 522846
69 0 522926
70 1 522950
69 1 523029
82 0 523118
82 1 523213
32 0 523286
32 1 523373
85 0 523494
85 1 523549
78 0 523694
78 1 523782
32 0 523783
32 1 523861
84 0 523934
84 1 524021
73 0 524038
73 1 524110
77 0 524254
77 1 524342
80 0 524398
80 1 524501
32 0 524606
32 1 524709
73 0 526342
73 1 526421
78 0 526534
78 1 526621
32 0 526638
32 1 526741
67 0 526806
65 0 526894
67 1 526903
65 1 527029
82 0 527118
82 1 527173
69 0 527190
69 1 527261
32 0 527270
32 1 527366
83 0 527646
65 0 527710
83 1 527734
65 1 527821
32 0 527838
32 1 527925
70 0 528190
70 1 528269
73 0 528278
73 1 528365
85 0 528470
85 1 528557
32 0 528622
32 1 528717
80 0 529038
82 0 529110
80 1 529125
82 1 529173
79 0 529238
79 1 529318
68 0 529494
68 1 529565
85 0 529598
85 1 529669
67 0 529718
67 1 529789
84 0 529973
84 1 530085
73 0 530118
73 1 530189
86 0 530342
86 1 530421
190 0 533694
190 1 533718
32 0 533901
32 1 534013
79 0 534869
79 1 534957
82 0 534973
82 1 535061
73 0 535077
73 1 535165
32 0 536525
32 1 536637
76 0 537077
65 0 537151
76 1 537181
65 1 537213
32 0 537261
32 1 537357
76 0 537493
76 1 537565
79 0 537653
79 1 537733
67 0 537829
67 1 537901
85 0 537917
85 1 537989
76 0 538165
76 1 538237
32 0 538301
32 1 538389
68 0 538453
69 0 538517
68 1 538549
32 0 538630
69 1 538642
32 1 538717
77 0 538813
77 1 538909
85 0 539013
85 1 539085
78 0 539245
78 1 539317
67 0 539413
65 0 539493
67 1 539509
65 1 539613
188 0 540093
188 1 540189
32 0 540245
32 1 540341
79 0 541613
79 1 541693
82 0 541701
82 1 541781
73 0 541813
73 1 541885
188 0 542509
188 1 542605
32 0 542661
32 1 542765
73 0 543061
73 1 543133
78 0 543253
78 1 543349
32 0 543389
32 1 543485
67 0 543525
65 0 543597
67 1 543612
65 1 543701
90 0 543853
90 1 543933
85 0 545693
85 1 545773
76 0 545941
76 1 546021
32 0 546085
32 1 546181
85 0 546301
85 1 546380
78 0 546517
78 1 546596
69 0 546621
69 1 546685
73 0 546773
73 1 546845
32 0 546941
32 1 547021
90 0 547269
90 1 547349
73 0 547357
73 1 547437
76 0 547589
69 0 547653
76 1 547677
69 1 547717
32 0 547773
32 1 547869
76 0 548029
76 1 548117
73 0 548221
73 1 548285
66 0 548541
66 1 548605
69 0 548629
69 1 548693
82 0 548813
82 1 548892
69 0 548989
69 1 549093
188 0 549965
188 1 550061
32 0 550133
32 1 550229
83 0 550341
83 1 550397
8 0 550878
8 1 550980
67 0 551013
67 1 551084
73 0 551165
73 1 551237
84 0 551349
84 1 551452
73 0 551501
73 1 551573
78 0 552149
68 0 552213
78 1 552228
68 1 552277
32 0 552333
32 1 552421
79 0 552541
79 1 552613
67 0 552805
65 0 552893
67 1 552932
65 1 552973
8 0 554205
8 1 554293
8 0 554392
8 1 554484
8 0 555037
8 1 555092
79 0 555845
79 1 555933
32 0 555981
32 1 556092
67 0 556117
65 0 556197
67 1 556213
65 1 556317
82 0 556453
82 1 556540
84 0 556653
69 0 556733
84 1 556740
69 1 556813
32 0 558101
32 1 558212
83 0 558301
65 0 558381
83 1 558412
65 1 558516
85 0 558541
85 1 558628
32 0 558741
32 1 558820
86 0 559925
86 1 559996
73 0 560093
73 1 560180
83 0 560333
83 1 560396
73 0 560461
79 0 560597
73 1 560612
79 1 560700
78 0 560925
78 1 561012
65 0 561196
65 1 561292
78 0 561533
68 0 561612
78 1 561628
68 1 561676
32 0 561717
32 1 561828
85 0 561989
85 1 562076
78 0 562196
78 1 562284
32 0 562301
32 1 562396
68 0 562476
68 1 562556
79 0 562573
79 1 562644
67 0 562805
67 1 562868
85 0 562908
85 1 562980
77 0 563165
69 0 563244
77 1 563252
69 1 563340
78 0 563381
78 1 563452
84 0 563676
84 1 563748
65 0 563781
65 1 563844
82 0 564028
82 1 564100
190 0 564340
190 1 564420
16 0 574228
83 0 574316
16 1 574388
83 1 574396
73 0 574484
73 1 574556
83 0 574604
83 1 574692
84 0 574780
69 0 574844
84 1 574851
69 1 574916
77 0 575132
77 1 575211
85 0 575316
85 1 575404
76 0 575580
76 1 575667
32 0 575748
32 1 575843
82 0 575884
82 1 575980
79 0 575996
79 1 576084
77 0 576284
77 1 576364
65 0 576372
65 1 576428
78 0 576532
78 1 576604
69 0 576884
69 1 576956
83 0 577124
83 1 577188
67 0 577389
67 1 577468
32 0 577540
32 1 577628
68 0 577700
69 0 577780
68 1 577803
32 0 577860
69 1 577875
32 1 577948
73 0 578028
73 1 578108
78 0 578228
78 1 578308
86 0 578476
86 1 578548
65 0 578564
65 1 578620
84 0 578764
65 0 578844
84 1 578851
65 1 578916
77 0 579230
77 1 579316
65 0 579324
65 1 579396
78 0 579484
78 1 579564
84 0 580036
84 1 580123
32 0 580908
32 1 580996
83 0 581444
83 1 581508
69 0 581620
69 1 581683
32 0 581724
32 1 581820
67 0 582364
67 1 582436
79 0 582500
79 1 582588
78 0 582740
78 1 582811
70 0 582996
70 1 583084
82 0 583172
82 1 583268
85 0 583300
85 1 583380
77 0 583540
77 1 583579
8 0 584124
8 1 584243
78 0 584372
78 1 584443
84 0 584636
84 1 584707
65 0 584716
65 1 584795
32 0 584900
32 1 584979
67 0 585268
67 1 585348
85 0 585356
85 1 585435
32 0 585476
32 1 585555
67 0 587108
67 1 587187
69 0 587204
69 1 587275
76 0 587371
69 0 587444
76 1 587467
69 1 587539
32 0 587580
32 1 587675
77 0 588508
65 0 588612
77 1 588637
65 1 588683
73 0 588724
73 1 588827
32 0 588852
32 1 588955
77 0 589068
65 0 589124
77 1 589163
65 1 589195
82 0 589348
82 1 589419
73 0 589435
73 1 589515
32 0 589564
32 1 589635
83 0 589684
83 1 589755
67 0 589875
67 1 589947
72 0 589972
72 1 590051
73 0 590204
73 1 590275
77 0 590468
77 1 590523
66 0 590956
66 1 591027
65 0 591060
65 1 591115
82 0 591300
82 1 591371
73 0 591756
73 1 591835
32 0 591900
32 1 591974
73 0 594003
73 1 594067
78 0 594228
78 1 594307
32 0 594332
32 1 594427
83 0 594499
83 1 594579
84 0 594699
84 1 594779
82 0 594795
82 1 594867
85 0 595060
85 1 595139
67 0 595196
67 1 595283
84 0 595467
84 1 595563
85 0 595604
85 1 595683
82 0 595876
82 1 595955
65 0 595963
65 1 596011
32 0 596035
32 1 596107
83 0 596235
65 0 596323
83 1 596339
65 1 596427
32 0 596428
32 1 596523
68 0 596787
68 1 596851
73 0 596860
73 1 596939
78 0 597067
78 1 597155
32 0 597164
32 1 597243
85 0 597395
85 1 597491
78 0 597588
78 1 597651
8 0 598139
8 1 598227
76 0 598355
76 1 598435
84 0 598668
73 0 598731
84 1 598747
73 1 598803
77 0 598931
77 1 598995
85 0 599123
85 1 599203
76 0 599379
76 1 599475
32 0 599564
32 1 599627
68 0 599731
69 0 599803
68 1 599835
69 1 599923
8 0 600755
8 1 600811
8 0 600942
8 1 600987
83 0 602363
83 1 602427
69 0 602531
69 1 602603
67 0 602779
67 1 602851
79 0 602883
79 1 602963
76 0 603083
76 1 603179
32 0 603211
32 1 603323
73 0 603435
73 1 603499
78 0 603619
78 1 603699
67 0 603755
67 1 603826
79 0 603891
79 1 603963
65 0 604027
65 1 604091
67 0 604627
69 0 604707
67 1 604723
69 1 604827
190 0 605115
190 1 605195
32 0 607683
32 1 607779
16 0 608043
68 0 608131
16 1 608211
68 1 608219
73 0 608291
73 1 608371
78 0 608499
78 1 608587
32 0 608611
32 1 608698
77 0 608891
77 1 608995
79 0 609443
79 1 609531
77 0 610131
69 0 610211
77 1 610218
69 1 610291
78 0 610371
78 1 610459
84 0 610515
84 1 610603
85 0 610643
85 1 610723
76 0 610995
76 1 611083
32 0 612107
32 1 612210
80 0 612723
82 0 612819
80 1 612826
82 1 612883
73 0 612939
73 1 613019
77 0 613163
69 0 613235
77 1 613243
69 1 613322
76 0 613507
76 1 613586
79 0 613683
79 1 613763
82 0 613963
82 1 614034
32 0 614115
32 1 614202
67 0 614411
67 1 614475
79 0 614483
79 1 614563
78 0 614723
78 1 614794
70 0 615027
70 1 615106
73 0 615155
73 1 615234
82 0 615315
82 1 615394
77 0 615651
65 0 615723
77 1 615730
65 1 615802
82 0 615995
82 1 616075
73 0 616115
73 1 616195
32 0 616251
32 1 616323
68 0 617467
69 0 617555
68 1 617570
32 0 617643
69 1 617651
32 1 617746
67 0 617891
67 1 617946
79 0 617979
79 1 618058
82 0 618187
82 1 618266
79 0 618283
79 1 618354
78 0 618595
78 1 618674
65 0 618683
65 1 618738
86 0 618995
86 1 619066
73 0 619099
73 1 619178
82 0 619331
82 1 619450
85 0 619475
85 1 619546
83 0 619922
83 1 620010
32 0 620099
32 1 620202
80 0 620915
80 1 621002
69 0 621011
69 1 621082
32 0 621107
32 1 621202
84 0 621595
69 0 621675
84 1 621682
69 1 621834
82 0 621891
82 1 621978
73 0 622066
73 1 622154
84 0 622467
84 1 622570
79 0 622698
79 1 622786
82 0 622979
82 1 623058
73 0 623098
73 1 623170
85 0 623291
85 1 623370
76 0 623546
76 1 623642
32 0 623691
32 1 623786
82 0 623834
82 1 623914
79 0 623946
79 1 624026
77 0 624178
65 0 624259
77 1 624266
65 1 624338
78 0 624403
78 1 624482
73 0 624587
73 1 624666
69 0 624746
69 1 624818
73 0 625346
73 1 625418
188 0 626042
188 1 626146
32 0 626242
32 1 626338
83 0 627202
83 1 627290
67 0 627458
67 1 627522
79 0 627659
79 1 627730
65 0 627826
65 1 627882
76 0 627954
76 1 628026
65 0 628034
65 1 628098
188 0 628562
188 1 628658
32 0 628706
32 1 628802
83 0 628906
83 1 628978
189 0 629507
189 1 629578
65 0 629618
65 1 629690
32 0 629722
32 1 629818
84 0 630098
82 0 630170
84 1 630178
82 1 630242
65 0 630410
65 1 630466
78 0 630834
78 1 630898
83 0 631402
83 1 631466
70 0 631634
70 1 631698
79 0 631802
79 1 631882
82 0 631962
82 1 632042
77 0 632202
77 1 632266
65 0 632306
65 1 632370
84 0 632850
84 1 632930
32 0 633010
32 1 633090
73 0 633210
73 1 633282
78 0 633394
78 1 633506
32 0 633514
32 1 633618
16 0 637362
186 0 638226
186 1 638345
16 1 638458
8 0 639665
8 1 639745
8 0 639845
8 1 639921
16 0 640434
186 0 640522
16 1 640618
186 1 640633
32 0 640818
32 1 640897
83 0 640962
83 1 641025
67 0 641162
67 1 641225
79 0 641314
79 1 641409
65 0 641489
65 1 641545
76 0 641586
65 0 641658
76 1 641673
65 1 641721
32 0 641762
32 1 641857
79 0 641978
79 1 642057
78 0 642194
78 1 642273
76 0 642426
76 1 642529
73 0 642562
73 1 642649
78 0 642850
69 0 642905
78 1 642921
69 1 643009
190 0 644818
190 1 644913
32 0 645018
32 1 645097
16 0 645217
65 0 645338
16 1 645377
65 1 645409
67 0 645610
67 1 645697
69 0 645714
69 1 645817
83 0 645961
83 1 646025
84 0 646090
84 1 646169
32 0 646225
32 1 646313
76 0 646513
76 1 646593
85 0 646729
85 1 646801
67 0 646833
67 1 646931
82 0 646978
82 1 647081
85 0 647090
85 1 647169
32 0 648385
32 1 648489
78 0 648601
85 0 648729
78 1 648753
85 1 648825
32 0 648842
32 1 648937
80 0 649121
80 1 649201
82 0 649241
69 0 649298
82 1 649321
69 1 649393
90 0 649602
90 1 649673
73 0 649689
73 1 649769
78 0 649889
78 1 649969
84 0 650113
65 0 650185
84 1 650193
65 1 650289
32 0 650793
32 1 650881
78 0 651257
69 0 651321
78 1 651338
69 1 651401
65 0 651609
65 1 651697
80 0 651793
65 0 651857
80 1 651872
65 1 651929
82 0 652185
65 0 652241
82 1 652249
65 1 652329
84 0 652417
84 1 652497
32 0 652561
32 1 652657
85 0 652833
85 1 652913
78 0 653025
32 0 653097
78 1 653106
32 1 653193
73 0 653425
73 1 653513
78 0 653905
78 1 653993
85 0 654089
85 1 654169
83 0 654521
83 1 654617
188 0 655841
188 1 655937
32 0 656017
32 1 656121
73 0 656225
73 1 656305
78 0 656457
78 1 656529
83 0 656753
65 0 656817
83 1 656849
65 1 656961
32 0 658873
32 1 658985
84 0 659529
84 1 659625
73 0 659641
73 1 659721
78 0 659985
69 0 660057
78 1 660081
69 1 660145
32 0 660161
32 1 660257
68 0 660409
69 0 660473
68 1 660505
69 1 660609
32 0 660633
32 1 660737
80 0 661209
69 0 661289
80 1 661305
69 1 661369
82 0 661489
82 1 661577
83 0 661761
83 1 661833
79 0 661857
79 1 661953
65 0 661985
65 1 662072
78 0 662241
78 1 662337
65 0 662345
65 1 662449
32 0 662577
32 1 662688
73 0 663089
73 1 663168
78 0 663321
78 1 663409
32 0 663465
32 1 663569
67 0 665249
65 0 665321
67 1 665345
65 1 665441
85 0 665697
85 1 665784
90 0 666009
65 0 666081
90 1 666136
65 1 666233
190 0 666945
190 1 667040
32 0 667153
32 1 667248
16 0 667433
80 0 667601
80 1 667705
16 1 667745
69 0 667897
69 1 667976
82 0 668113
82 1 668200
83 0 668361
83 1 668432
79 0 668497
79 1 668592
65 0 668633
65 1 668728
78 0 668937
78 1 669016
69 0 669041
69 1 669104
76 0 669169
69 0 669249
76 1 669256
69 1 669328
32 0 669457
32 1 669544
65 0 670353
65 1 670424
85 0 670505
85 1 670584
84 0 670961
84 1 671048
79 0 671216
79 1 671296
68 0 671537
68 1 671600
73 0 671665
73 1 671736
68 0 672169
68 1 672256
65 0 672489
65 1 672616
8 0 673593
8 1 673688
8 0 674299
8 1 674384
83 0 675305
83 1 675368
67 0 675544
67 1 675616
73 0 676009
73 1 676080
80 0 676353
76 0 676433
80 1 676456
76 1 676544
73 0 676697
73 1 676768
78 0 676936
78 1 677008
65 0 677017
65 1 677104
84 0 677265
84 1 677344
69 0 677352
69 1 677440
8 0 680096
8 0 680598
8 0 680682
8 0 680766
8 0 680850
8 0 680933
8 0 681017
8 0 681102
8 0 681186
8 0 681270
8 0 681354
8 0 681438
8 0 681522
8 0 681606
8 0 681690
8 1 681699
8 0 681876
8 1 681968
68 0 682680
68 1 682744
73 0 682808
73 1 682888
83 0 682896
83 1 682952
67 0 683136
67 1 683200
73 0 683320
73 1 683400
80 0 683641
76 0 683704
80 1 683744
76 1 683816
73 0 683928
73 1 684008
78 0 684136
65 0 684200
78 1 684216
65 1 684272
84 0 684408
69 0 684464
84 1 684480
69 1 684536
32 0 684744
32 1 684848
73 0 685120
83 0 685184
73 1 685200
83 1 685248
32 0 685304
32 1 685392
71 0 685792
71 1 685856
65 0 685880
65 1 685944
83 0 686400
83 1 686464
69 0 686584
69 1 686648
83 0 686752
83 1 686824
67 0 686920
67 1 687000
32 0 689576
32 1 689671
77 0 689832
65 0 689904
77 1 689968
65 1 689984
73 0 690000
32 0 690104
73 1 690112
32 1 690200
77 0 690296
77 1 690376
85 0 690472
85 1 690544
76 0 690744
76 1 690816
84 0 690856
84 1 690935
69 0 691056
69 1 691128
32 0 691216
32 1 691312
66 0 691728
66 1 691792
69 0 691824
69 1 691880
78 0 692096
69 0 692152
78 1 692159
69 1 692224
70 0 692400
70 1 692472
73 0 692528
73 1 692608
67 0 692680
67 1 692743
73 0 692816
73 1 692872
73 0 692963
73 1 693040
32 0 693096
32 1 693176
73 0 693448
73 1 693520
78 0 693632
78 1 693720
32 0 693728
32 1 693840
65 0 693928
65 1 694000
67 0 694072
67 1 694152
69 0 694153
69 1 694216
83 0 694336
83 1 694416
84 0 694424
84 1 694511
32 0 694568
32 1 694648
83 0 695912
83 1 695968
73 0 695976
73 1 696055
83 0 696096
83 1 696160
84 0 696248
69 0 696320
84 1 696327
69 1 696375
77 0 696640
77 1 696719
32 0 696784
32 1 696871
68 0 696960
69 0 697032
68 1 697055
69 1 697143
67 0 697312
67 1 697407
65 0 697856
65 1 697983
84 0 698496
84 1 698559
32 0 698664
32 1 698751
67 0 700192
67 1 700327
69 0 700336
69 1 700399
76 0 700472
69 0 700528
76 1 700567
69 1 700639
32 0 700656
32 1 700759
78 0 700952
78 1 701087
85 0 701096
32 0 701160
85 1 701185
32 1 701271
65 0 701424
65 1 701471
84 0 701503
84 1 701591
65 0 701600
65 1 701655
32 0 701680
32 1 701767
68 0 701943
69 0 702039
68 1 702055
32 0 702104
69 1 702127
32 1 702199
68 0 702512
68 1 702583
73 0 702648
73 1 702719
83 0 702752
83 1 702807
67 0 702968
67 1 703023
73 0 703215
73 1 703295
80 0 703552
76 0 703632
80 1 703655
76 1 703743
73 0 703840
73 1 703919
78 0 704048
78 1 704127
65 0 704136
65 1 704199
84 0 704303
69 0 704376
84 1 704383
69 1 704455
188 0 706711
188 1 706815
32 0 706887
32 1 706975
68 0 707119
68 1 707183
73 0 707192
73 1 707255
78 0 707391
78 1 707463
32 0 707472
32 1 707551
80 0 707695
80 1 707791
85 0 707911
85 1 707991
78 0 708135
78 1 708207
67 0 708247
67 1 708351
84 0 708456
84 1 708551
32 0 708599
32 1 708703
68 0 708831
69 0 708911
68 1 708935
32 0 709008
69 1 709016
32 1 709111
86 0 709320
86 1 709383
69 0 709391
69 1 709455
68 0 709575
69 0 709655
68 1 709671
69 1 709751
82 0 709815
82 1 709895
69 0 709927
69 1 710015
8 0 711439
8 1 711527
8 0 711650
8 1 711711
8 0 711807
8 1 711903
8 0 711995
8 1 712079
8 0 712159
8 1 712231
8 0 712330
8 1 712415
8 0 712503
8 1 712599
8 0 712690
8 1 712767
8 0 712855
8 1 712919
8 0 713018
8 1 713111
85 0 713959
85 1 714031
76 0 714215
76 1 714287
32 0 714351
32 1 714423
77 0 714551
77 1 714647
69 0 714655
69 1 714711
85 0 714743
85 1 714831
32 0 714887
32 1 714977
68 0 715032
69 0 715103
68 1 715127
69 1 715207
32 0 715208
32 1 715295
86 0 715439
69 0 715503
86 1 715511
69 1 715567
68 0 715703
69 0 715783
68 1 715791
69 1 715895
82 0 716047
69 0 716167
82 1 716183
69 1 716271
190 0 716463
190 1 716543
16 0 719191
67 0 719271
67 1 719350
16 1 719383
79 0 719423
79 1 719519
78 0 719991
78 1 720079
83 0 720151
83 1 720231
73 0 720311
73 1 720383
68 0 720455
69 0 720559
68 1 720583
69 1 720678
82 0 720783
82 1 720878
32 0 722647
32 1 722726
67 0 722775
65 0 722863
67 1 722878
32 0 722959
65 1 722975
32 1 723039
80 0 723239
80 1 723319
65 0 723327
65 1 723399
82 0 723583
82 1 723631
73 0 723687
73 1 723758
78 0 723887
78 1 723958
84 0 724071
84 1 724143
73 0 724231
73 1 724287
73 0 724378
73 1 724455
32 0 724543
32 1 724638
80 0 725671
79 0 725743
80 1 725775
79 1 725863
84 0 726287
84 1 726359
32 0 726447
32 1 726566
70 0 726815
65 0 726879
70 1 726902
65 1 726934
67 0 727015
69 0 727087
67 1 727094
69 1 727150
32 0 727215
32 1 727311
65 0 727855
65 1 727919
78 0 727959
78 1 728071
85 0 728111
85 1 728198
77 0 728503
77 1 728598
73 0 728711
73 1 728790
84 0 729679
69 0 729743
84 1 729767
69 1 729815
32 0 729839
32 1 729926
82 0 730231
82 1 730334
8 0 731191
8 1 731294
80 0 731815
80 1 731902
82 0 731943
69 0 732015
82 1 732038
69 1 732142
83 0 732447
83 1 732518
73 0 732575
73 1 732654
85 0 732759
85 1 732838
78 0 732975
73 0 733079
78 1 733086
73 1 733198
32 0 736583
32 1 736622
83 0 736775
65 0 736846
83 1 736886
85 0 736919
65 1 736974
85 1 736998
32 0 737030
32 1 737110
73 0 737319
73 1 737398
78 0 737527
78 1 737598
68 0 737678
68 1 737758
82 0 737879
82 1 737966
85 0 738031
85 1 738126
77 0 738287
77 1 738390
65 0 738399
65 1 738478
82 0 738638
82 1 738710
73 0 738726
73 1 738814
32 0 738854
32 1 738926
80 0 740718
69 0 740798
80 1 740806
69 1 740878
78 0 741022
78 1 741062
84 0 741166
84 1 741254
82 0 741366
82 1 741430
85 0 741462
85 1 741550
32 0 741598
32 1 741662
67 0 741846
65 0 741934
67 1 741958
65 1 742046
32 0 742054
32 1 742150
67 0 742286
67 1 742374
79 0 742398
79 1 742478
80 0 742654
80 1 742750
73 0 742910
73 1 742990
73 0 743090
73 1 743150
73 0 743246
73 1 743318
32 0 743406
32 1 743510
76 0 743694
76 1 743774
79 0 743886
79 1 743974
82 0 744054
82 1 744158
32 0 744390
32 1 744470
83 0 744630
65 0 744718
83 1 744758
65 1 744870
32 0 744982
32 1 745062
68 0 746510
69 0 746598
68 1 746622
69 1 746694
86 0 746918
86 1 746998
73 0 747014
73 1 747086
78 0 747238
65 0 747318
78 1 747325
65 1 747398
32 0 747399
32 1 747478
77 0 747582
65 0 747662
73 0 747734
65 1 747742
77 1 747749
73 1 747854
32 0 747855
32 1 747942
67 0 748046
67 1 748126
79 0 748166
79 1 748230
78 0 748390
78 1 748462
83 0 748542
83 1 748606
84 0 748782
84 1 748854
73 0 749110
73 1 749166
69 0 749198
69 1 749278
78 0 749350
78 1 749414
84 0 749486
84 1 749574
73 0 749598
73 1 749661
32 0 750150
32 1 750230
68 0 750606
69 0 750678
68 1 750709
32 0 750742
69 1 750774
32 1 750838
65 0 750934
65 1 750990
67 0 751078
67 1 751150
69 0 751158
69 1 751222
83 0 751342
84 0 751398
83 1 751415
84 1 751486
32 0 751534
32 1 751606
76 0 751838
76 1 751910
85 0 752054
85 1 752118
67 0 752134
67 1 752254
82 0 752286
82 1 752398
85 0 752406
85 1 752486
188 0 753766
188 1 753869
32 0 753926
32 1 754030
83 0 754134
73 0 754190
83 1 754222
73 1 754262
32 0 754302
32 1 754366
77 0 754478
65 0 754558
77 1 754597
65 1 754630
73 0 754654
73 1 754733
32 0 754758
32 1 754846
69 0 754990
69 1 755062
8 0 759771
8 1 759867
8 0 760047
8 1 760147
8 0 760252
8 1 760339
8 0 760431
8 1 760499
8 0 760579
8 1 760667
65 0 761131
65 1 761211
78 0 761227
78 1 761356
85 0 761356
85 1 761451
77 0 761619
69 0 761691
77 1 761699
69 1 761763
188 0 762444
188 1 762539
32 0 762595
32 1 762691
77 0 762835
65 0 762891
77 1 762939
65 1 762963
73 0 763019
73 1 763107
32 0 763139
32 1 763235
68 0 763363
68 1 763427
73 0 763443
73 1 763523
83 0 763563
83 1 763627
67 0 763763
67 1 763827
73 0 763908
73 1 763987
80 0 764187
76 0 764275
80 1 764291
76 1 764371
73 0 764491
73 1 764563
78 0 764691
65 0 764763
78 1 764770
65 1 764835
84 0 765003
84 1 765083
73 0 765123
73 1 765195
190 0 768763
190 1 768779
32 0 769403
32 1 769499
16 0 770371
80 0 770603
80 1 770723
16 1 770771
82 0 770844
82 1 770923
79 0 770963
79 1 771035
70 0 771299
69 0 771387
70 1 771402
69 1 771491
83 0 771627
83 1 771691
79 0 771771
79 1 771851
82 0 771947
82 1 772019
73 0 772107
73 1 772162
73 0 772254
73 1 772339
32 0 772451
32 1 772563
80 0 773251
79 0 773331
80 1 773363
79 1 773451
84 0 773659
84 1 773747
32 0 773819
32 1 773923
73 0 774005
73 1 774075
78 0 774203
78 1 774266
67 0 774331
67 1 774419
69 0 774427
69 1 774547
82 0 774603
82 1 774683
67 0 774827
67 1 774907
65 0 774923
65 1 774995
32 0 775043
32 1 775131
83 0 776091
65 0 776163
83 1 776179
32 0 776211
65 1 776282
32 1 776314
73 0 776387
73 1 776459
78 0 776571
78 1 776643
84 0 776811
84 1 776874
69 0 776883
69 1 776946
82 0 777059
82 1 777130
65 0 777587
65 1 777667
67 0 777947
67 1 778027
84 0 778187
84 1 778274
73 0 778315
79 0 778435
73 1 778451
79 1 778539
78 0 778651
78 1 778731
69 0 778755
69 1 778819
90 0 778987
90 1 779058
69 0 779211
69 1 779290
32 0 780163
32 1 780267
83 0 780483
73 0 780571
83 1 780578
73 1 780651
32 0 780667
32 1 780754
77 0 780843
65 0 780947
77 1 780994
65 1 781002
73 0 781011
73 1 781106
32 0 781115
32 1 781219
77 0 781275
77 1 781370
85 0 781459
85 1 781547
76 0 781739
76 1 781802
84 0 781803
84 1 781875
32 0 781979
32 1 782074
67 0 782723
67 1 782786
85 0 782819
85 1 782890
32 0 782915
32 1 783026
77 0 783115
77 1 783187
69 0 783259
69 1 783338
68 0 783691
68 1 783755
73 0 783851
73 1 783930
85 0 784051
85 1 784139
76 0 784299
76 1 784386
32 0 784419
32 1 784530
79 0 784611
79 1 784674
78 0 784803
78 1 784874
76 0 785067
76 1 785178
73 0 785210
73 1 785274
78 0 785523
69 0 785570
78 1 785594
69 1 785642
32 0 786483
32 1 786563
80 0 786755
80 1 786794
69 0 786827
69 1 786906
78 0 787115
78 1 787178
84 0 787251
84 1 787314
82 0 787410
82 1 787482
85 0 787506
85 1 787594
32 0 787635
32 1 787714
67 0 788395
67 1 788458
85 0 788483
85 1 788562
78 0 788699
78 1 788770
79 0 788891
79 1 788962
65 0 788986
65 1 789050
83 0 789186
83 1 789242
84 0 789314
84 1 789394
69 0 789411
69 1 789474
82 0 789786
69 0 789866
82 1 789882
69 1 789986
65 0 790426
65 1 790498
32 0 790618
32 1 790714
65 0 791106
65 1 791170
67 0 791346
67 1 791402
69 0 791403
69 1 791458
83 0 791587
83 1 791650
84 0 791714
84 1 791794
85 0 792178
85 1 792258
73 0 792418
65 0 792491
73 1 792498
65 1 792554
188 0 793242
188 1 793330
32 0 793418
32 1 793490
65 0 793546
65 1 793618
67 0 793738
67 1 793802
69 0 793810
69 1 793882
83 0 794026
83 1 794082
84 0 794098
84 1 794178
32 0 794234
32 1 794322
76 0 794506
76 1 794594
85 0 794722
85 1 794786
67 0 794810
67 1 794914
82 0 794930
82 1 795034
85 0 795058
85 1 795146
32 0 795642
32 1 795738
80 0 795954
79 0 796026
80 1 796034
79 1 796114
65 0 796154
65 1 796202
84 0 796362
84 1 796434
69 0 796442
69 1 796506
32 0 796514
32 1 796594
83 0 796978
65 0 797082
83 1 797098
32 0 797146
65 1 797156
32 1 797250
73 0 797346
73 1 797410
73 0 797501
32 0 797562
73 1 797572
32 1 797642
65 0 797730
65 1 797794
74 0 797938
74 1 798010
85 0 798098
85 1 798186
84 0 798338
84 1 798410
69 0 798426
69 1 798498
32 0 798554
32 1 798666
73 0 799474
73 1 799546
78 0 799666
78 1 799746
32 0 799770
32 1 799866
8 0 800458
8 1 800530
8 0 800637
8 1 800698
8 0 800786
8 1 800858
8 0 801077
8 1 801178
32 0 801642
32 1 801746
76 0 801890
65 0 801978
76 1 801985
65 1 802018
32 0 802042
32 1 802130
77 0 802274
77 1 802378
79 0 802394
79 1 802522
68 0 802618
68 1 802698
85 0 802722
85 1 802778
76 0 802962
76 1 803042
32 0 803114
32 1 803202
68 0 803946
69 0 804002
68 1 804034
69 1 804106
32 0 804107
32 1 804178
80 0 804410
80 1 804497
82 0 804522
69 0 804594
82 1 804609
69 1 804690
68 0 804914
68 1 804986
65 0 805002
65 1 805058
82 0 805354
82 1 805442
69 0 805450
69 1 805514
32 0 805642
32 1 805722
80 0 807306
82 0 807362
80 1 807410
82 1 807425
73 0 807498
73 1 807577
78 0 807730
78 1 807818
32 0 807874
32 1 807962
68 0 808754
69 0 808818
68 1 808842
69 1 808930
83 0 809042
83 1 809105
67 0 809266
67 1 809337
79 0 809450
79 1 809530
80 0 809746
80 1 809826
69 0 809842
69 1 809914
82 0 810058
82 1 810130
73 0 810234
73 1 810306
82 0 810378
82 1 810474
69 0 810618
69 1 810690
83 0 810874
83 1 810946
8 0 811586
65 0 811674
8 1 811689
65 1 811770
32 0 811858
32 1 811962
68 0 812146
69 0 812234
68 1 812257
32 0 812330
69 1 812338
32 1 812450
78 0 812674
78 1 812761
79 0 812842
79 1 812954
73 0 813018
73 1 813090
32 0 813202
32 1 813305
73 0 813409
73 1 813457
78 0 813586
78 1 813665
83 0 813802
83 1 813857
84 0 813994
84 1 814057
82 0 814106
82 1 814186
85 0 814314
85 1 814393
77 0 814562
77 1 814625
69 0 814658
69 1 814705
78 0 814770
78 1 814849
84 0 815130
84 1 815209
69 0 815226
69 1 815289
32 0 815834
32 1 815937
68 0 816738
68 1 816809
73 0 816850
73 1 816945
71 0 817066
73 0 817122
71 1 817137
73 1 817217
84 0 817546
65 0 817594
84 1 817617
65 1 817681
76 0 818306
76 1 818377
48 0 818722
48 1 818793
69 0 819274
69 1 819329
68 0 819474
68 1 819537
85 0 819602
85 1 819681
67 0 820090
65 0 820162
67 1 820168
65 1 820225
84 0 820498
84 1 820561
73 0 820609
73 1 820713
79 0 820721
79 1 820793
78 0 820914
78 1 820985
65 0 821025
65 1 821081
76 0 821177
76 1 821241
69 0 821250
69 1 821321
190 0 821801
190 1 821873
16 0 830417
67 0 830489
16 1 830561
67 1 830562
85 0 830689
85 1 830777
32 0 830841
32 1 830945
83 0 832033
73 0 832113
83 1 832119
73 1 832201
71 0 832465
71 1 832529
85 0 832585
85 1 832657
82 0 832769
82 1 832849
65 0 833202
65 1 833265
78 0 833329
78 1 833409
84 0 833593
65 0 833665
84 1 833671
65 1 833745
32 0 833769
32 1 833841
73 0 834425
73 1 834497
77 0 834633
65 0 834705
77 1 834712
65 1 834761
71 0 835153
71 1 835225
73 0 835249
73 1 835321
78 0 835457
69 0 835537
78 1 835543
69 1 835617
65 0 835793
65 1 835865
32 0 835953
32 1 836041
68 0 836689
69 0 836777
68 1 836801
32 0 836857
69 1 836890
32 1 836969
70 0 837129
70 1 837201
65 0 837217
65 1 837281
84 0 837321
65 0 837393
84 1 837402
65 1 837465
32 0 837481
32 1 837561
68 0 837681
69 0 837761
68 1 837768
69 1 837849
83 0 837961
83 1 838017
67 0 838209
67 1 838288
82 0 838425
82 1 838513
73 0 838577
73 1 838648
69 0 838721
69 1 838809
32 0 838905
32 1 838992
73 0 839993
73 1 840064
78 0 840193
78 1 840273
32 0 840289
32 1 840369
68 0 840465
69 0 840537
68 1 840561
69 1 840657
84 0 840865
84 1 840937
65 0 840969
65 1 841024
76 0 841217
76 1 841297
73 0 841425
73 1 841497
85 0 841633
85 1 841721
32 0 841833
32 1 841904
85 0 842897
85 1 842969
78 0 843113
78 1 843193
85 0 843257
85 1 843345
76 0 843689
76 1 843768
32 0 843849
32 1 843929
68 0 844041
68 1 844112
73 0 844121
73 1 844193
78 0 844321
78 1 844401
84 0 844585
82 0 844657
84 1 844663
82 1 844720
69 0 844817
69 1 844904
32 0 844977
32 1 845073
65 0 846905
65 1 846976
67 0 847121
67 1 847184
69 0 847209
69 1 847264
76 0 847513
76 1 847600
69 0 847609
69 1 847672
32 0 847680
32 1 847768
69 0 847889
69 1 847968
86 0 848176
86 1 848256
69 0 848265
69 1 848336
78 0 848481
78 1 848568
73 0 848649
73 1 848736
77 0 848897
69 0 848977
77 1 848983
69 1 849056
78 0 849137
78 1 849216
84 0 849392
69 0 849473
84 1 849479
69 1 849560
32 0 849576
32 1 849664
70 0 850953
65 0 851025
70 1 851032
65 1 851096
83 0 851241
83 1 851312
84 0 851593
84 1 851672
79 0 851873
65 0 851936
79 1 851952
65 1 852008
83 0 852273
83 1 852336
69 0 852440
69 1 852512
32 0 852616
32 1 852712
8 0 853424
8 1 853520
8 0 853683
8 1 853705
8 0 853840
8 1 853872
8 0 854419
8 1 854552
8 0 854960
8 1 855040
85 0 855520
85 1 855600
65 0 855769
65 1 855832
83 0 855992
83 1 856040
69 0 856155
69 1 856224
32 0 856369
32 1 856472
67 0 856969
69 0 857048
67 1 857056
69 1 857136
32 0 857168
32 1 857264
65 0 857344
65 1 857416
76 0 857472
76 1 857536
69 0 857568
69 1 857640
65 0 857784
65 1 857848
85 0 857904
85 1 857976
32 0 858032
32 1 858112
76 0 858376
76 1 858456
79 0 858552
79 1 858624
67 0 858648
67 1 858720
32 0 858768
32 1 858856
76 0 859048
65 0 859120
76 1 859144
65 1 859192
32 0 859224
32 1 859304
8 0 861216
8 1 861320
8 0 861411
8 1 861488
8 0 861544
8 1 861624
8 0 861747
8 1 861792
32 0 862384
32 1 862480
76 0 863288
65 0 863368
76 1 863376
65 1 863432
32 0 863480
32 1 863592
67 0 863648
67 1 863704
85 0 863760
85 1 863832
82 0 863960
82 1 864040
84 0 864392
84 1 864464
69 0 864488
69 1 864568
65 0 864832
65 1 864912
32 0 865008
32 1 865087
82 0 865400
69 0 865456
82 1 865471
69 1 865544
71 0 865864
71 1 865952
65 0 865960
65 1 866032
76 0 866368
65 0 866416
76 1 866456
65 1 866496
32 0 866520
32 1 866624
73 0 866800
73 1 866880
78 0 867008
78 1 867074
32 0 867960
32 1 868040
73 0 868192
73 1 868280
77 0 868616
77 1 868679
80 0 868872
80 1 868959
69 0 868976
69 1 869048
82 0 869176
82 1 869232
73 0 869440
85 0 869544
73 1 869551
85 1 869648
76 0 869864
76 1 869936
32 0 870000
32 1 870096
82 0 870552
82 1 870616
79 0 870664
79 1 870728
77 0 870904
77 1 870975
65 0 870984
65 1 871048
78 0 871144
78 1 871223
32 0 871296
32 1 871392
83 0 871536
65 0 871640
83 1 871655
85 0 871728
65 1 871752
85 1 871808
32 0 871848
32 1 871952
73 0 873016
73 1 873119
78 0 873232
78 1 873319
32 0 873328
32 1 873432
71 0 873656
71 1 873728
82 0 873744
82 1 873815
69 0 873912
69 1 873975
67 0 874240
67 1 874304
73 0 874360
73 1 874440
65 0 874472
65 1 874527
32 0 874592
32 1 874671
65 0 874808
65 1 874872
78 0 874992
78 1 875063
84 0 875280
84 1 875343
73 0 876104
73 1 876168
67 0 876344
65 0 876448
67 1 876464
65 1 876567
190 0 877280
190 1 877368
32 0 878152
32 1 878231
16 0 878760
68 0 878848
16 1 878928
68 1 878935
73 0 879024
73 1 879095
78 0 879224
78 1 879319
32 0 879352
32 1 879447
78 0 879840
78 1 879911
69 0 879935
69 1 879991
70 0 880151
69 0 880239
70 1 880247
69 1 880359
82 0 880448
82 1 880519
73 0 880608
73 1 880679
67 0 880735
67 1 880807
73 0 880832
73 1 880903
82 0 881120
69 0 881231
82 1 881263
69 1 881351
188 0 882672
188 1 882767
32 0 882816
32 1 882919
78 0 883152
85 0 883288
78 1 883295
32 0 883375
85 1 883391
32 1 883479
80 0 883656
79 0 883736
80 1 883743
79 1 883839
84 0 883888
84 1 883975
32 0 884047
32 1 884151
83 0 885775
83 1 885871
80 0 885912
80 1 886047
85 0 886191
85 1 886279
78 0 886415
69 0 886487
78 1 886495
69 1 886559
32 0 886567
32 1 886671
67 0 886743
67 1 886807
85 0 886831
85 1 886919
32 0 886951
32 1 887039
69 0 887160
69 1 887231
88 0 887440
88 1 887527
65 0 887696
65 1 887743
67 0 887847
67 1 887919
84 0 888127
84 1 888183
73 0 888255
73 1 888327
84 0 888599
84 1 888663
65 0 888679
65 1 888743
84 0 888767
84 1 888839
69 0 888895
69 1 888967
32 0 889215
32 1 889279
65 0 890775
65 1 890823
67 0 890903
67 1 890967
69 0 890975
69 1 891031
83 0 891151
83 1 891231
84 0 891807
84 1 891911
32 0 891991
32 1 892071
76 0 892215
76 1 892303
85 0 892423
85 1 892495
67 0 892551
82 0 892663
67 1 892671
85 0 892783
82 1 892790
85 1 892871
32 0 895495
32 1 895591
78 0 896887
69 0 896951
78 1 896958
69 1 897015
32 0 897071
32 1 897159
65 0 897383
65 1 897447
86 0 897567
86 1 897639
65 0 897735
65 1 897823
78 0 898487
68 0 898535
78 1 898574
68 1 898622
32 0 898655
32 1 898751
78 0 898951
78 1 899031
73 0 899183
67 0 899255
73 1 899262
67 1 899327
73 0 899351
73 1 899439
32 0 900687
32 1 900775
85 0 901423
85 1 901511
78 0 901615
78 1 901718
32 0 901767
32 1 901862
68 0 901991
69 0 902055
68 1 902078
69 1 902150
84 0 902343
65 0 902423
84 1 902430
65 1 902495
76 0 902703
76 1 902791
73 0 902935
73 1 903014
85 0 903143
85 1 903223
32 0 903327
32 1 903414
80 0 903887
69 0 903959
80 1 903966
69 1 904031
32 0 904047
32 1 904135
67 0 904271
65 0 904351
67 1 904358
65 1 904470
82 0 904695
69 0 904759
82 1 904766
69 1 904822
32 0 904839
32 1 904935
83 0 905071
65 0 905159
83 1 905174
32 0 905231
65 1 905270
32 1 905326
73 0 905415
73 1 905495
76 0 905670
76 1 905751
32 0 905831
32 1 905919
80 0 906111
79 0 906207
80 1 906230
79 1 906302
84 0 906535
84 1 906599
32 0 906670
32 1 906758
76 0 906863
76 1 906950
85 0 907063
85 1 907150
65 0 907175
65 1 907238
32 0 907263
32 1 907366
73 0 907543
73 1 907606
78 0 907734
78 1 907822
32 0 907855
32 1 907942
67 0 907991
67 1 908062
79 0 908111
79 1 908174
78 0 908375
78 1 908446
83 0 908543
83 1 908614
73 0 908647
73 1 908710
68 0 908831
69 0 908927
68 1 908942
69 1 909014
82 0 909215
82 1 909278
65 0 909295
65 1 909350
82 0 909375
82 1 909454
65 0 909479
65 1 909534
8 0 910062
69 0 910159
8 1 910182
69 1 910246
32 0 910319
32 1 910430
73 0 910591
73 1 910654
78 0 910783
78 1 910878
32 0 910903
32 1 910998
65 0 914842
65 1 914850
76 0 914914
76 1 914986
69 0 915018
69 1 915074
71 0 915778
71 1 915850
69 0 915858
69 1 915954
82 0 916018
82 1 916097
69 0 916106
69 1 916194
65 0 916338
65 1 916402
32 0 916466
32 1 916570
85 0 916698
85 1 916770
78 0 916906
78 1 916986
69 0 916994
69 1 917090
73 0 917178
65 0 917250
73 1 917257
65 1 917322
32 0 917354
32 1 917426
68 0 917586
68 1 917642
73 0 917666
73 1 917730
78 0 918106
78 1 918178
84 0 918402
82 0 918458
84 1 918466
82 1 918538
69 0 918626
69 1 918698
32 0 918746
32 1 918834
86 0 918994
65 0 919066
86 1 919082
65 1 919114
82 0 919394
82 1 919473
73 0 920146
73 1 920226
65 0 920234
65 1 920289
78 0 920394
78 1 920474
84 0 920666
84 1 920737
69 0 920754
69 1 920810
76 0 921059
69 0 921114
76 1 921146
69 1 921185
32 0 921218
32 1 921298
77 0 921410
65 0 921498
77 1 921513
65 1 921562
73 0 921586
73 1 921673
32 0 921690
32 1 921785
83 0 921898
83 1 921953
85 0 921962
85 1 922041
83 0 922066
32 0 922122
83 1 922130
32 1 922201
77 0 922370
69 0 922434
77 1 922441
69 1 922490
78 0 922586
78 1 922649
84 0 922818
84 1 922897
73 0 922962
73 1 923049
79 0 923058
79 1 923162
78 0 923258
78 1 923345
65 0 923370
65 1 923426
84 0 924130
69 0 924186
84 1 924193
69 1 924266
190 0 925114
190 1 925137
32 0 927714
32 1 927785
16 0 928658
67 0 928737
67 1 928817
16 1 928826
85 0 929002
85 1 929073
32 0 929146
32 1 929241
83 0 929354
83 1 929417
73 0 929426
73 1 929505
71 0 930050
71 1 930097
85 0 930178
85 1 930257
82 0 930586
82 1 930657
65 0 930666
65 1 930729
78 0 930897
78 1 930985
84 0 931130
84 1 931209
65 0 931218
65 1 931289
32 0 931297
32 1 931377
73 0 931506
73 1 931577
78 0 931681
78 1 931769
32 0 931777
32 1 931865
73 0 932026
73 1 932097
77 0 932242
77 1 932329
65 0 932345
65 1 932409
71 0 932921
71 1 932993
73 0 933041
73 1 933113
78 0 933265
78 1 933345
69 0 933354
69 1 933433
65 0 934338
65 1 934409
32 0 934737
32 1 934817
68 0 934921
69 0 935002
68 1 935017
69 1 935090
32 0 935090
32 1 935193
70 0 935394
70 1 935473
65 0 935521
65 1 935585
84 0 935601
84 1 935673
65 0 935705
65 1 935769
188 0 936385
188 1 936473
32 0 936537
32 1 936617
65 0 936906
65 1 936961
8 0 937953
8 1 938057
79 0 938465
65 0 938545
79 1 938554
65 1 938617
77 0 938674
77 1 938745
69 0 938753
69 1 938817
78 0 938881
78 1 938969
73 0 939130
73 1 939193
73 0 939293
73 1 939377
32 0 939785
32 1 939873
80 0 940041
80 1 940121
82 0 940169
69 0 940241
82 1 940265
69 1 940345
90 0 940529
90 1 940617
69 0 940737
69 1 940809
78 0 940841
78 1 940921
84 0 941010
84 1 941089
73 0 941113
73 1 941193
32 0 941257
32 1 941337
76 0 941905
65 0 941961
76 1 941993
65 1 942041
32 0 942081
32 1 942169
65 0 942553
65 1 942625
67 0 943193
67 1 943257
69 0 943297
69 1 943377
65 0 943561
65 1 943625
83 0 943745
83 1 943809
84 0 943833
84 1 943913
65 0 943929
32 0 943993
65 1 944003
32 1 944081
80 0 944355
80 1 944401
69 0 944657
69 1 944745
84 0 944937
82 0 945001
84 1 945017
82 1 945081
69 0 945193
69 1 945257
67 0 945841
69 0 945945
67 1 945953
69 1 946065
82 0 946225
82 1 946297
69 0 946305
69 1 946393
32 0 947233
32 1 947329
69 0 947361
69 1 947449
82 0 947689
82 1 947761
65 0 947969
65 1 948049
85 0 948193
85 1 948281
32 0 948441
32 1 948529
73 0 948657
73 1 948729
78 0 948849
78 1 948921
84 0 948969
84 1 949041
82 0 949113
82 1 949209
189 0 949665
189 1 949737
85 0 950009
85 1 950080
78 0 950209
78 1 950305
32 0 950353
32 1 950441
67 0 952417
67 1 952473
79 0 952497
79 1 952569
78 0 952737
78 1 952816
84 0 953025
69 0 953097
84 1 953106
69 1 953169
88 0 953337
88 1 953417
84 0 953465
84 1 953553
32 0 954689
32 1 954768
68 0 954833
69 0 954905
68 1 954930
69 1 954993
83 0 955113
83 1 955184
84 0 955377
84 1 955456
85 0 955481
85 1 955569
76 0 955729
76 1 955809
32 0 955873
32 1 955968
68 0 955993
69 0 956065
68 1 956081
32 0 956161
69 1 956171
32 1 956249
82 0 956473
82 1 956561
69 0 956585
69 1 956648
76 0 956953
65 0 957025
76 1 957033
65 1 957096
88 0 957353
65 0 957448
88 1 957457
65 1 957553
84 0 957665
84 1 957736
190 0 959241
190 1 959336
32 0 959537
32 1 959624
73 0 959785
73 1 959873
78 0 960001
78 1 960088
32 0 960121
32 1 960217
73 0 960337
73 1 960400
77 0 960537
65 0 960617
77 1 960625
65 1 960688
71 0 960913
71 1 960992
73 0 961001
73 1 961048
78 0 961265
69 0 961329
78 1 961337
69 1 961416
65 0 961656
65 1 961776
8 0 962952
8 1 963064
32 0 963265
32 1 963352
83 0 963409
83 1 963464
69 0 963577
32 0 963609
69 1 963640
32 1 963736
80 0 963825
79 0 963889
80 1 963897
65 0 963977
79 1 963985
65 1 964064
84 0 964184
69 0 964257
84 1 964265
69 1 964328
32 0 964400
32 1 964504
79 0 965257
79 1 965336
66 0 965953
66 1 966032
83 0 966168
83 1 966232
69 0 966344
69 1 966416
82 0 966888
82 1 966960
86 0 967256
65 0 967305
86 1 967344
65 1 967368
32 0 967441
32 1 967512
67 0 967705
65 0 967776
67 1 967800
32 0 967864
65 1 967904
32 1 967944
86 0 968080
82 0 968136
86 1 968145
82 1 968208
69 0 968320
69 1 968376
77 0 968488
69 0 968520
77 1 968560
69 1 968584
65 0 968777
65 1 968856
32 0 968976
32 1 969056
68 0 969240
69 0 969320
68 1 969336
69 1 969408
32 0 969432
32 1 969528
65 0 969680
65 1 969752
70 0 969784
70 1 969872
65 0 969880
65 1 969944
82 0 969993
65 0 970064
82 1 970080
65 1 970144
32 0 970177
32 1 970272
69 0 972393
69 1 972472
83 0 972592
83 1 972664
84 0 972712
84 1 972792
69 0 972800
69 1 972864
32 0 972872
32 1 972944
85 0 973120
85 1 973200
78 0 973328
65 0 973400
78 1 973418
65 1 973464
32 0 973496
32 1 973584
68 0 973664
69 0 973736
68 1 973760
69 1 973840
83 0 973944
83 1 974008
84 0 974176
84 1 974264
85 0 974280
85 1 974344
76 0 974512
76 1 974600
32 0 974656
32 1 974728
68 0 974776
69 0 974840
68 1 974865
69 1 974952
32 0 974976
32 1 975056
66 0 975128
66 1 975208
73 0 975232
73 1 975304
78 0 975448
78 1 975520
69 0 975536
69 1 975624
8 0 976240
8 1 976312
8 0 976411
8 1 976496
8 0 976592
8 1 976680
8 0 976771
8 1 976864
70 0 977432
70 1 977520
82 0 977616
82 1 977712
85 0 977744
85 1 977816
77 0 977960
77 1 978072
79 0 978088
79 1 978184
65 0 978192
65 1 978272
83 0 978552
83 1 978719
65 0 978728
65 1 978856
188 0 980688
188 1 980776
32 0 980840
32 1 980928
70 0 981152
70 1 981240
73 0 981392
73 1 981456
73 0 981547
73 1 981616
78 0 981776
68 0 981848
78 1 981856
68 1 981936
32 0 981952
32 1 982048
85 0 982424
85 1 982520
78 0 982760
78 1 982848
32 0 983768
32 1 983840
67 0 983872
69 0 983944
67 1 983953
69 1 984071
82 0 984448
82 1 984528
32 0 984616
32 1 984703
83 0 984816
83 1 984880
69 0 984984
69 1 985063
78 0 985136
78 1 985215
73 0 985328
73 1 985392
78 0 985584
78 1 985656
32 0 986360
32 1 986424
73 0 986584
73 1 986663
78 0 986784
78 1 986872
32 0 986928
32 1 987024
8 0 990008
8 1 990087
8 0 991083
8 1 991199
8 0 991376
8 1 991423
8 0 991746
8 1 991855
32 0 992632
32 1 992735
80 0 993096
80 1 993183
82 0 993224
69 0 993288
82 1 993312
69 1 993399
90 0 993680
90 1 993767
69 0 993911
69 1 993991
78 0 994056
78 1 994143
84 0 994327
84 1 994407
65 0 994416
65 1 994487
84 0 994495
84 1 994575
32 0 994639
32 1 994735
73 0 994895
73 1 994975
78 0 995104
78 1 995199
32 0 995239
32 1 995327
70 0 995504
70 1 995575
85 0 995600
85 1 995679
78 0 995816
78 1 995895
68 0 996015
68 1 996119
65 0 996199
65 1 996335
76 0 996599
76 1 996687
85 0 996831
85 1 996911
76 0 997071
76 1 997167
32 0 997271
32 1 997351
73 0 997519
73 1 997607
77 0 997743
77 1 997839
65 0 997928
65 1 998007
71 0 998191
71 1 998263
73 0 998551
73 1 998631
78 0 998751
78 1 998831
73 0 998975
73 1 999039
73 0 999131
73 1 999215
190 0 999991
190 1 1000071
32 0 1002153
32 1 1002255
79 0 1002503
65 0 1002583
79 1 1002591
65 1 1002655
78 0 1002760
78 1 1002823
69 0 1002871
69 1 1002943
8 0 1003367
8 1 1003398
8 0 1003506
8 1 1003575
77 0 1004538
69 0 1004615
77 1 1004639
69 1 1004679
78 0 1004767
78 1 1004855
73 0 1004992
73 1 1005063
73 0 1005154
73 1 1005247
32 0 1005847
32 1 1005935
68 0 1006087
73 0 1006135
68 1 1006151
73 1 1006207
78 0 1006343
78 1 1006414
32 0 1006431
32 1 1006535
80 0 1006695
69 0 1006767
80 1 1006783
69 1 1006831
82 0 1006943
82 1 1007023
73 0 1007063
79 0 1007159
73 1 1007166
79 1 1007263
65 0 1007303
65 1 1007375
68 0 1007575
68 1 1007655
65 0 1007663
65 1 1007727
32 0 1007744
32 1 1007831
82 0 1007991
69 0 1008039
82 1 1008063
69 1 1008135
83 0 1008263
83 1 1008326
80 0 1008639
69 0 1008703
80 1 1008718
69 1 1008775
67 0 1008927
67 1 1008999
84 0 1009135
84 1 1009223
85 0 1009247
85 1 1009327
8 0 1009911
8 1 1010015
73 0 1010151
73 1 1010231
86 0 1010447
65 0 1010519
86 1 1010534
65 1 1010591
8 0 1017123
8 0 1017624
8 0 1017708
8 0 1017792
8 0 1017876
8 0 1017961
8 0 1018044
8 0 1018128
8 0 1018212
8 0 1018297
8 0 1018381
8 1 1018388
32 0 1019011
32 1 1019114
76 0 1019427
65 0 1019507
76 1 1019514
65 1 1019563
32 0 1019595
32 1 1019659
67 0 1019811
67 1 1019875
65 0 1019899
65 1 1019963
82 0 1020027
69 0 1020107
82 1 1020114
69 1 1020170
32 0 1020203
32 1 1020291
73 0 1020443
73 1 1020523
77 0 1020667
77 1 1020746
65 0 1020755
65 1 1020842
71 0 1021003
71 1 1021075
73 0 1021259
73 1 1021338
78 0 1021491
78 1 1021570
69 0 1021587
69 1 1021674
65 0 1021987
65 1 1022050
32 0 1022179
32 1 1022274
70 0 1022771
65 0 1022819
70 1 1022842
65 1 1022883
67 0 1022963
69 0 1023027
67 1 1023042
69 1 1023090
32 0 1023123
32 1 1023202
82 0 1023474
69 0 1023547
82 1 1023554
69 1 1023618
70 0 1023810
69 0 1023899
70 1 1023915
69 1 1024035
82 0 1024146
82 1 1024234
73 0 1024259
73 1 1024330
82 0 1024371
82 1 1024450
69 0 1024571
69 1 1024650
188 0 1024915
188 1 1025010
32 0 1025099
32 1 1025194
80 0 1026323
82 0 1026386
80 1 1026434
82 1 1026466
79 0 1026578
79 1 1026650
66 0 1026939
65 0 1027011
66 1 1027018
65 1 1027066
73 0 1027411
73 1 1027490
76 0 1027650
76 1 1027746
32 0 1027898
32 1 1028002
65 0 1028450
65 1 1028546
67 0 1028635
67 1 1028698
69 0 1028714
69 1 1028786
8 0 1029252
8 1 1029298
8 0 1029390
8 1 1029474
86 0 1029794
69 0 1029851
86 1 1029858
69 1 1029922
65 0 1030098
65 1 1030162
85 0 1030242
85 1 1030314
32 0 1030371
32 1 1030466
79 0 1030610
79 1 1030690
32 0 1030763
32 1 1030866
86 0 1030994
86 1 1031074
73 0 1031115
73 1 1031202
65 0 1031378
65 1 1031434
84 0 1031466
65 0 1031546
84 1 1031553
65 1 1031610
32 0 1031690
32 1 1031762
68 0 1032243
69 0 1032322
68 1 1032338
69 1 1032426
83 0 1032530
83 1 1032602
82 0 1032778
82 1 1032842
85 0 1032915
85 1 1032994
8 0 1033746
8 1 1033818
8 0 1033933
8 1 1034026
8 0 1034146
8 1 1034226
83 0 1035138
83 1 1035218
84 0 1035546
84 1 1035626
85 0 1035722
85 1 1035794
76 0 1035986
76 1 1036082
32 0 1036194
32 1 1036290
68 0 1037138
69 0 1037210
68 1 1037226
32 0 1037298
69 1 1037308
32 1 1037378
82 0 1037562
82 1 1037634
69 0 1037650
69 1 1037722
76 0 1037986
76 1 1038050
65 0 1038058
65 1 1038130
88 0 1038570
88 1 1038642
65 0 1038650
65 1 1038722
84 0 1038874
84 1 1038953
65 0 1038962
65 1 1039026
32 0 1040050
32 1 1040146
83 0 1040210
83 1 1040266
73 0 1040282
73 1 1040370
32 0 1040418
32 1 1040506
85 0 1040674
85 1 1040754
83 0 1040842
83 1 1040938
79 0 1041066
79 1 1041130
65 0 1041186
65 1 1041281
82 0 1041434
82 1 1041497
65 0 1041514
65 1 1041618
32 0 1041946
32 1 1042034
68 0 1042802
68 1 1042858
73 0 1042890
73 1 1042962
78 0 1043090
78 1 1043186
32 0 1043234
32 1 1043322
65 0 1043442
65 1 1043497
78 0 1043610
78 1 1043682
85 0 1043786
85 1 1043866
77 0 1044034
77 1 1044138
73 0 1044178
73 1 1044266
84 0 1044450
84 1 1044506
69 0 1044530
69 1 1044586
32 0 1044594
32 1 1044690
80 0 1044834
80 1 1044930
85 0 1045050
85 1 1045130
78 0 1045258
78 1 1045346
67 0 1045563
67 1 1045618
84 0 1045746
84 1 1045826
69 0 1045834
69 1 1045914
32 0 1045978
32 1 1046066
68 0 1046122
69 0 1046226
68 1 1046234
32 0 1046306
69 1 1046315
32 1 1046418
86 0 1046562
69 0 1046634
86 1 1046650
69 1 1046705
68 0 1047026
69 0 1047098
68 1 1047121
69 1 1047210
82 0 1047266
82 1 1047353
69 0 1047362
69 1 1047450
188 0 1048410
188 1 1048513
32 0 1048578
32 1 1048682
73 0 1048786
73 1 1048865
78 0 1048986
78 1 1049073
32 0 1049090
32 1 1049170
70 0 1049274
70 1 1049354
85 0 1049378
85 1 1049458
78 0 1049594
78 1 1049666
67 0 1049754
67 1 1049841
84 0 1050034
84 1 1050106
73 0 1050482
69 0 1050554
73 1 1050561
69 1 1050641
32 0 1050706
32 1 1050785
68 0 1051402
69 0 1051466
68 1 1051490
32 0 1051577
69 1 1051587
32 1 1051666
69 0 1051762
69 1 1051850
80 0 1052066
79 0 1052146
80 1 1052164
79 1 1052249
67 0 1052562
65 0 1052650
67 1 1052697
65 1 1052777
32 0 1053482
32 1 1053562
83 0 1053602
83 1 1053681
73 0 1053714
73 1 1053801
32 0 1053882
32 1 1053985
65 0 1054090
65 1 1054162
78 0 1054170
78 1 1054265
73 0 1054401
73 1 1054465
73 0 1054557
73 1 1054649
32 0 1054754
32 1 1054849
73 0 1055194
73 1 1055273
78 0 1055410
78 1 1055505
32 0 1055514
32 1 1055593
67 0 1055738
67 1 1055817
65 0 1055842
65 1 1055889
82 0 1055962
82 1 1056041
69 0 1056049
69 1 1056113
32 0 1056153
32 1 1056233
69 0 1057146
69 1 1057185
83 0 1057329
83 1 1057409
84 0 1057522
84 1 1057609
69 0 1057618
69 1 1057681
32 0 1057698
32 1 1057777
83 0 1057938
83 1 1057985
85 0 1058082
85 1 1058169
82 0 1058314
82 1 1058401
80 0 1058689
80 1 1058801
82 0 1058898
82 1 1058977
73 0 1059002
73 1 1059081
78 0 1059282
78 1 1059385
83 0 1059393
83 1 1059497
32 0 1059505
32 1 1059609
67 0 1060314
67 1 1060377
79 0 1060409
79 1 1060489
78 0 1060657
78 1 1060737
84 0 1060945
84 1 1061025
69 0 1061033
69 1 1061089
88 0 1061321
88 1 1061409
84 0 1061737
84 1 1061809
85 0 1061841
85 1 1061929
76 0 1062161
76 1 1062257
32 0 1062361
32 1 1062465
190 0 1063865
190 1 1063961
