16 0 42719
86 0 42866
16 1 42995
69 0 43031
86 1 43043
82 0 43051
69 1 43075
82 1 43214
8 0 43519
8 1 43577
8 0 43662
8 1 43722
82 0 43856
69 0 43958
82 1 44013
69 1 44063
77 0 44399
69 0 44454
77 1 44480
69 1 44534
65 0 44680
65 1 44812
32 0 44977
32 1 45084
68 0 45159
69 0 45180
68 1 45253
69 1 45304
32 0 45325
32 1 45402
65 0 45533
65 1 45649
67 0 45790
67 1 45905
85 0 45970
85 1 46023
77 0 46155
77 1 46264
32 0 46271
32 1 46340
69 0 46411
69 1 46492
83 0 46620
83 1 46705
84 0 46753
69 0 46852
32 0 46883
84 1 46895
69 1 46906
32 1 46946
80 0 47395
80 1 47435
76 0 47646
76 1 47687
79 0 47787
79 1 47837
73 0 48322
73 1 48348
79 0 48465
79 1 48521
65 0 48572
65 1 48681
83 0 48932
83 1 49091
219 0 49555
219 1 49612
190 0 50941
190 1 50977
32 0 51038
32 1 51130
16 0 52156
84 0 52477
16 1 52542
84 1 52573
79 0 53916
79 1 53974
84 0 54035
84 1 54098
85 0 54915
85 1 54975
76 0 55114
76 1 55181
32 0 55428
32 1 55505
80 0 55591
80 1 55656
65 0 55701
65 1 55782
82 0 55910
69 0 55984
82 1 56060
69 1 56086
32 0 56116
32 1 56198
68 0 56262
69 0 56351
68 1 56424
69 1 56457
83 0 56562
83 1 56685
84 0 56783
84 1 56833
85 0 57078
85 1 57109
76 0 57277
76 1 57326
32 0 57460
32 1 57526
68 0 57600
69 0 57647
68 1 57719
69 1 57764
32 0 57800
32 1 57862
84 0 58073
82 0 58174
84 1 58258
82 1 58300
73 0 58349
73 1 58423
83 0 58494
83 1 58563
84 0 58688
84 1 58779
32 0 58792
32 1 58883
186 0 59379
186 1 59469
73 0 59596
73 1 59655
32 0 59740
32 1 59837
85 0 59970
85 1 60022
77 0 60146
77 1 60231
69 0 60289
69 1 60350
68 0 60485
68 1 60540
32 0 60581
32 1 60655
65 0 60722
65 1 60825
186 0 61408
186 1 61450
65 0 61516
32 0 61602
65 1 61617
32 1 61677
221 0 62480
221 1 62522
78 0 62743
78 1 62786
67 0 63342
67 1 63436
220 0 63487
220 1 63536
84 0 63775
84 1 63853
32 0 63948
32 1 64011
80 0 64646
80 1 64701
65 0 64768
65 1 64871
82 0 64978
82 1 65085
67 0 65223
67 1 65342
219 0 65374
219 1 65435
32 0 65550
32 1 65638
78 0 66867
78 1 67004
32 0 67066
32 1 67219
89 0 67346
89 1 67404
8 0 67654
8 1 67709
8 0 67789
8 1 67855
85 0 68218
85 1 68256
32 0 68363
32 1 68417
78 0 69085
78 1 69153
69 0 69173
32 0 69222
69 1 69268
32 1 69308
77 0 69619
77 1 69665
65 0 69751
73 0 69805
65 1 69853
73 1 69863
32 0 69879
32 1 69958
80 0 70079
80 1 70143
76 0 70270
76 1 70346
65 0 70406
65 1 70479
88 0 70613
88 1 70637
69 0 70686
69 1 70777
8 0 70973
8 1 71015
8 0 71142
8 1 71207
67 0 71266
69 0 71292
67 1 71361
69 1 71407
32 0 71420
32 1 71502
78 0 72034
78 1 72191
73 0 72217
73 1 72335
77 0 72412
77 1 72531
67 0 72790
67 1 72875
8 0 73648
8 1 73703
73 0 74455
73 1 74505
67 0 74648
67 1 74764
190 0 74985
190 1 75011
32 0 75080
32 1 75178
16 0 76031
16 0 76474
16 0 76498
16 0 76522
16 0 76546
16 0 76570
16 0 76594
16 1 76618
16 0 76904
16 0 77347
65 0 77362
16 1 77423
65 1 77514
32 0 77689
32 1 77780
80 0 78293
80 1 78333
76 0 78445
76 1 78490
79 0 78714
79 1 78804
85 0 78984
85 1 79047
65 0 79103
32 0 79228
65 1 79244
32 1 79270
8 0 79653
8 1 79711
84 0 80190
84 1 80276
32 0 80395
32 1 80485
68 0 80533
69 0 80577
68 1 80672
32 0 80698
69 1 80710
32 1 80774
68 0 80884
68 1 80989
73 0 81024
73 1 81107
77 0 81218
73 0 81327
77 1 81338
73 1 81429
78 0 81526
78 1 81606
69 0 81663
69 1 81745
65 0 81890
65 1 82026
222 0 82146
222 1 82181
65 0 82222
65 1 82325
32 0 82338
32 1 82393
221 0 83454
221 1 83487
78 0 83763
78 1 83823
83 0 84327
221 0 84393
83 1 84424
221 1 84462
32 0 84564
32 1 84663
8 0 85238
8 1 85318
8 0 85419
8 1 85468
219 0 85781
219 1 85832
32 0 86410
32 1 86511
80 0 86780
80 1 86833
76 0 86949
76 1 87005
79 0 87117
79 1 87179
65 0 87276
65 1 87376
73 0 87404
73 1 87465
65 0 87500
32 0 87567
65 1 87579
32 1 87631
83 0 88154
83 1 88231
109 0 88979
109 1 89022
65 0 89093
65 1 89196
32 0 89288
32 1 89349
77 0 89501
77 1 89553
65 0 89586
73 0 89625
65 1 89701
32 0 89756
73 1 89768
32 1 89815
79 0 90077
79 1 90129
80 0 90636
80 1 90714
82 0 90722
82 1 90786
73 0 90871
73 1 90917
84 0 91136
84 1 91207
32 0 91264
32 1 91341
80 0 91933
80 1 91979
8 0 93765
8 1 93817
83 0 93895
83 1 93974
80 0 94026
80 1 94090
82 0 94194
69 0 94245
82 1 94325
69 1 94351
32 0 94431
32 1 94511
83 0 94610
83 1 94680
69 0 94694
69 1 94815
65 0 95291
65 1 95400
82 0 95666
82 1 95785
219 0 95811
219 1 95875
190 0 96544
190 1 96584
32 0 96624
32 1 96706
16 0 97050
90 0 97189
16 1 97284
90 1 97340
73 0 97438
73 1 97495
76 0 97616
76 1 97693
69 0 97722
69 1 97815
76 0 97846
69 0 97886
76 1 97913
69 1 97989
32 0 98069
32 1 98191
84 0 98632
82 0 98754
84 1 98837
82 1 98879
69 0 99327
69 1 99421
67 0 99580
67 1 99681
85 0 99736
85 1 99807
84 0 100244
84 1 100317
69 0 100395
69 1 100490
32 0 100527
32 1 100610
65 0 100764
65 1 100887
32 0 100962
32 1 101040
70 0 101250
70 1 101321
79 0 101431
79 1 101506
83 0 101535
83 1 101619
84 0 101774
84 1 101836
32 0 101894
32 1 101970
186 0 102510
186 1 102538
73 0 102741
73 1 102826
32 0 102856
32 1 102934
70 0 103681
82 0 103788
70 1 103838
82 1 103878
73 0 104053
73 1 104152
71 0 104501
71 1 104587
32 0 104649
32 1 104708
8 0 104996
8 1 105063
188 0 105251
188 1 105326
32 0 105345
32 1 105408
65 0 105563
65 1 105676
32 0 105726
32 1 105788
66 0 105964
66 1 106014
219 0 106495
219 1 106553
84 0 106898
84 1 106964
85 0 107061
85 1 107120
82 0 107151
82 1 107240
32 0 107342
32 1 107420
8 0 107900
8 1 108040
8 0 108872
8 1 108969
84 0 109273
84 1 109360
32 0 109396
32 1 109485
86 0 109848
86 1 109963
220 0 110410
220 1 110439
78 0 110697
78 1 110734
84 0 110985
84 1 111113
85 0 111188
85 1 111229
76 0 111377
76 1 111450
32 0 111520
32 1 111590
8 0 112731
8 1 112830
190 0 113315
190 1 113373
32 0 113557
32 1 113600
16 0 116142
65 0 116415
16 1 116500
65 1 116543
67 0 116598
67 1 116715
8 0 117220
8 1 117272
8 0 117583
8 1 117694
221 0 118400
221 1 118446
78 0 118798
78 1 118873
32 0 118936
32 1 119026
85 0 119765
85 1 119795
76 0 119965
76 1 120005
84 0 120360
84 1 120470
73 0 121550
73 1 121590
77 0 121725
77 1 121778
85 0 121881
85 1 121955
76 0 122084
76 1 122139
85 0 124434
85 1 124527
76 0 124814
76 1 124894
32 0 125002
32 1 125068
83 0 125199
83 1 125316
70 0 125471
70 1 125588
220 0 126157
220 1 126293
82 0 126463
82 1 126556
84 0 126684
84 1 126727
84 0 126768
84 1 126841
186 0 127095
186 1 127189
73 0 127449
73 1 127550
84 0 127615
84 1 127739
32 0 127766
32 1 127881
68 0 127981
69 0 128073
68 1 128132
32 0 128164
69 1 128177
32 1 128245
83 0 128480
83 1 128593
219 0 128857
219 1 128897
79 0 129243
79 1 129294
8 0 129682
8 1 129738
80 0 129880
80 1 129936
84 0 130736
84 1 130839
219 0 130866
219 1 130914
77 0 131099
77 1 131154
220 0 131648
220 1 131690
78 0 132859
219 0 132950
78 1 132961
219 1 133022
32 0 133159
32 1 133266
65 0 133615
65 1 133736
32 0 133899
32 1 134032
70 0 134399
70 1 134486
79 0 134599
79 1 134724
83 0 134745
83 1 134843
84 0 134956
84 1 135048
32 0 135067
32 1 135168
67 0 135329
65 0 135468
67 1 135523
65 1 135633
186 0 135664
186 1 135787
68 0 136283
68 1 136383
32 0 136427
32 1 136523
8 0 136868
8 1 136956
8 0 137032
8 1 137100
8 0 137161
8 1 137243
76 0 138169
76 1 138219
68 0 138482
68 1 138583
32 0 138670
32 1 138767
68 0 138881
69 0 138943
68 1 139014
69 1 139058
32 0 139066
32 1 139136
80 0 139517
80 1 139581
65 0 139618
65 1 139686
82 0 139832
82 1 139920
67 0 140059
67 1 140152
219 0 140215
219 1 140261
32 0 140370
32 1 140458
65 0 141642
65 1 141771
32 0 141944
32 1 142050
86 0 142087
69 0 142173
86 1 142240
69 1 142285
78 0 142347
73 0 142404
78 1 142474
73 1 142537
32 0 142691
32 1 142821
8 0 143081
8 1 143166
82 0 143193
82 1 143301
32 0 143410
32 1 143456
8 0 143813
8 1 143907
8 0 143986
8 1 144075
84 0 144481
84 1 144554
32 0 144611
32 1 144715
80 0 144881
80 1 144941
82 0 145006
82 1 145083
73 0 145119
73 1 145176
77 0 145289
77 1 145355
221 0 145834
221 1 145876
8 0 147103
8 1 147206
219 0 148018
219 1 148068
86 0 148328
65 0 148409
86 1 148476
65 1 148554
82 0 148681
82 1 148747
65 0 148856
65 1 148947
190 0 149512
190 1 149584
32 0 149650
32 1 149754
16 0 150269
71 0 150529
16 1 150569
71 1 150647
72 0 150852
73 0 150981
72 1 151029
73 1 151094
79 0 151413
79 1 151482
67 0 151785
69 0 151907
67 1 151924
69 1 152035
73 0 152316
73 1 152379
73 0 152435
73 1 152509
65 0 153024
85 0 153129
65 1 153165
85 1 153256
32 0 153264
32 1 153335
8 0 153865
8 1 153962
8 0 154065
8 1 154152
8 0 154296
8 1 154465
32 0 154588
32 1 154693
65 0 154887
65 1 155004
85 0 155091
32 0 155163
85 1 155203
32 1 155290
221 0 155955
221 1 156001
78 0 156897
78 1 156990
70 0 157588
70 1 157652
76 0 157736
76 1 157799
79 0 157905
79 1 157986
82 0 158055
82 1 158197
73 0 158237
73 1 158298
84 0 158436
84 1 158571
32 0 158643
32 1 158749
85 0 158910
85 1 158999
78 0 159083
32 0 159172
78 1 159274
32 1 159336
8 0 159937
8 1 159977
8 0 160076
8 1 160147
8 0 160581
8 1 160659
221 0 161227
221 1 161262
78 0 161970
78 1 162051
32 0 162084
32 1 162203
85 0 162324
85 1 162386
78 0 162899
78 1 162949
69 0 163039
76 0 163150
69 1 163162
76 1 163248
69 0 163274
69 1 163356
32 0 163373
32 1 163469
76 0 163741
76 1 163840
79 0 163943
79 1 164047
67 0 164079
67 1 164206
85 0 164241
85 1 164334
82 0 164383
73 0 164485
82 1 164530
73 1 164578
32 0 164648
32 1 164719
8 0 165269
8 1 165405
190 0 174492
190 1 174509
32 0 174588
32 1 174663
16 0 175020
69 0 175223
16 1 175270
69 1 175328
32 0 175441
32 1 175541
70 0 175598
82 0 175681
70 1 175754
82 1 175784
85 0 175846
85 1 175900
77 0 176077
79 0 176129
77 1 176191
79 1 176247
32 0 176995
83 0 177011
32 1 177076
83 1 177112
8 0 177847
8 1 177938
8 0 177998
8 1 178090
83 0 178142
83 1 178269
32 0 178307
32 1 178410
67 0 178596
67 1 178717
72 0 178921
73 0 179087
72 1 179131
73 1 179195
65 0 179357
65 1 179486
82 0 179556
82 1 179652
32 0 179710
32 1 179821
68 0 180259
65 0 180352
68 1 180385
65 1 180513
67 0 180555
65 0 180649
67 1 180723
65 1 180741
8 0 181261
8 1 181370
219 0 181569
219 1 181633
32 0 181666
32 1 181754
87 0 181884
87 1 181968
32 0 182156
32 1 182264
8 0 182554
8 1 182619
8 0 182705
8 1 182834
69 0 183467
32 0 183579
69 1 183592
32 1 183652
73 0 184111
73 1 184180
65 0 184277
65 1 184360
82 0 184474
82 1 184552
78 0 184994
78 1 185049
219 0 185433
219 1 185560
32 0 185646
32 1 185740
83 0 186227
83 1 186318
219 0 186797
219 1 186841
32 0 186934
32 1 187023
70 0 187151
70 1 187245
73 0 187294
73 1 187385
69 0 187423
69 1 187555
32 0 187584
32 1 187659
65 0 188168
65 1 188281
186 0 188393
186 1 188451
65 0 188575
65 1 188715
32 0 189106
32 1 189217
68 0 189281
65 0 189390
68 1 189438
65 1 189491
82 0 189603
82 1 189678
32 0 189747
32 1 189812
80 0 190155
80 1 190205
65 0 190240
65 1 190375
82 0 190439
82 1 190554
67 0 190733
67 1 190814
221 0 191069
221 1 191226
8 0 191911
8 1 191997
219 0 192113
219 1 192194
32 0 192231
32 1 192336
77 0 192470
77 1 192538
109 0 192948
109 1 193057
65 0 193336
65 1 193487
186 0 193804
186 1 193906
32 0 194007
32 1 194132
66 0 194561
85 0 194684
66 1 194728
85 1 194808
67 0 194941
67 1 195100
85 0 195113
85 1 195223
82 0 195251
82 1 195352
65 0 195488
65 1 195623
32 0 195671
32 1 195737
77 0 196234
77 1 196343
65 0 196493
65 1 196633
73 0 196658
73 1 196811
32 0 196819
32 1 196932
77 0 197369
77 1 197461
85 0 197484
85 1 197606
76 0 197792
76 1 197862
84 0 197902
84 1 198020
32 0 198435
32 1 198525
68 0 198591
69 0 198632
68 1 198716
69 1 198746
32 0 199177
32 1 199277
90 0 199986
90 1 200122
219 0 200194
219 1 200272
80 0 200831
80 1 200892
65 0 200995
65 1 201078
68 0 201799
219 0 201884
68 1 201896
219 1 201970
190 0 202869
190 1 202921
32 0 203018
32 1 203203
16 0 204447
67 0 204690
16 1 204745
67 1 204839
69 0 205274
69 1 205394
86 0 205537
65 0 205643
86 1 205683
65 1 205799
32 0 206040
32 1 206152
8 0 206440
8 1 206522
8 0 206611
8 1 206665
8 0 206748
8 1 206828
8 0 206847
8 1 206954
8 0 207084
8 1 207202
8 0 207284
8 1 207530
8 0 207732
8 1 207854
188 0 208255
188 1 208328
32 0 208335
32 1 208439
67 0 208573
69 0 208660
67 1 208711
69 1 208759
86 0 208885
86 1 209048
65 0 209062
65 1 209314
32 0 209696
32 1 209764
83 0 210034
83 1 210151
219 0 210277
219 1 210396
32 0 210447
32 1 210534
82 0 210994
69 0 211085
82 1 211146
69 1 211182
90 0 211595
90 1 211699
79 0 211851
79 1 211939
78 0 212051
78 1 212145
69 0 212173
69 1 212310
88 0 212878
88 1 212999
8 0 213284
8 1 213414
90 0 213421
90 1 213523
69 0 213634
69 1 213745
32 0 213815
32 1 213948
67 0 214286
67 1 214389
85 0 214455
32 0 214511
85 1 214569
32 1 214625
78 0 215168
78 1 215242
79 0 215815
79 1 215896
82 0 215986
82 1 216066
77 0 216137
77 1 216216
65 0 216261
76 0 216408
65 1 216421
76 1 216499
85 0 216667
85 1 216695
76 0 216848
76 1 216993
32 0 217500
32 1 217631
77 0 217935
79 0 218090
77 1 218123
73 0 218259
79 1 218305
73 1 218396
32 0 218442
32 1 218569
77 0 218694
77 1 218797
8 0 219193
8 1 219245
8 0 219346
8 1 219392
8 0 219479
8 1 219539
8 0 219606
8 1 219672
65 0 219823
65 1 219969
73 0 220397
73 1 220494
32 0 220531
77 0 220654
32 1 220666
77 1 220811
85 0 220909
85 1 220983
76 0 221119
76 1 221211
84 0 221246
84 1 221335
32 0 221409
32 1 221508
222 0 222237
222 1 222282
73 0 222539
73 1 222612
78 0 222708
78 1 222780
220 0 223355
220 1 223389
78 0 223785
78 1 223840
68 0 223932
68 1 224021
32 0 224059
32 1 224142
67 0 224216
67 1 224335
79 0 224394
79 1 224438
78 0 224557
78 1 224648
84 0 224706
84 1 224818
32 0 224838
32 1 224942
68 0 225043
69 0 225085
68 1 225200
32 0 225207
69 1 225226
32 1 225298
90 0 226435
90 1 226536
8 0 226952
8 1 227097
86 0 228073
82 0 228218
86 1 228230
69 0 228341
82 1 228415
69 1 228447
69 0 228603
69 1 228685
8 0 229133
8 1 229226
77 0 229358
69 0 229451
77 1 229483
69 1 229569
81 0 229645
81 1 229727
65 0 229739
32 0 229752
65 1 229774
32 1 229846
8 0 230136
8 1 230251
8 0 230323
8 1 230381
8 0 230458
8 1 230534
65 0 230891
65 1 231054
32 0 231083
32 1 231193
68 0 231224
69 0 231291
68 1 231381
69 1 231409
32 0 231594
32 1 231673
65 0 231853
65 1 231966
67 0 232042
67 1 232151
85 0 232158
85 1 232243
77 0 232358
77 1 232509
190 0 233114
32 0 233195
190 1 233207
32 1 233271
16 0 234965
16 0 235409
16 0 235433
16 0 235457
16 0 235481
16 0 235505
16 0 235530
16 1 235544
16 0 235780
86 0 236046
16 1 236099
86 1 236206
82 0 236393
69 0 236501
82 1 236564
69 1 236640
77 0 237071
77 1 237147
69 0 237197
69 1 237307
65 0 237514
65 1 237613
32 0 237642
32 1 237784
67 0 238388
69 0 238527
67 1 238552
69 1 238649
32 0 238939
32 1 239070
73 0 239377
73 1 239439
77 0 239528
73 0 239630
77 1 239705
32 0 239729
73 1 239762
32 1 239797
80 0 239982
80 1 240033
76 0 240153
76 1 240244
65 0 240295
65 1 240362
67 0 240445
69 0 240548
67 1 240610
69 1 240667
32 0 240759
32 1 240842
67 0 241214
69 0 241280
67 1 241349
69 1 241401
76 0 241537
76 1 241597
32 0 241679
32 1 241773
77 0 241844
77 1 241975
65 0 242019
65 1 242172
8 0 242503
8 1 242628
65 0 243252
65 1 243391
73 0 243405
73 1 243487
32 0 244085
32 1 244155
77 0 244284
77 1 244349
85 0 244476
85 1 244521
76 0 244746
76 1 244836
84 0 245381
84 1 245471
32 0 245491
32 1 245598
69 0 246680
69 1 246855
32 0 246927
32 1 247110
85 0 247542
85 1 247632
78 0 247722
78 1 247847
65 0 247885
32 0 247956
65 1 248000
32 1 248095
67 0 248587
65 0 248688
67 1 248783
65 1 248797
82 0 248939
69 0 248999
82 1 249096
69 1 249119
32 0 249217
32 1 249325
83 0 249513
83 1 249651
219 0 250249
219 1 250303
32 0 250386
32 1 250475
77 0 250525
77 1 250612
219 0 251301
219 1 251348
32 0 251821
32 1 251918
76 0 252020
76 1 252092
73 0 252667
73 1 252748
78 0 253111
73 0 253181
78 1 253242
73 1 253393
8 0 253607
8 1 253660
73 0 254456
73 1 254528
222 0 255345
222 1 255522
84 0 255977
84 1 256099
8 0 256334
8 1 256372
8 0 256453
8 1 256526
186 0 257444
186 1 257465
84 0 257827
84 1 257887
69 0 257951
69 1 258055
65 0 258244
65 1 258365
83 0 258475
83 1 258587
67 0 258757
67 1 258803
219 0 260044
219 1 260089
190 0 260322
190 1 260383
8 0 264467
8 1 264538
39 0 279051
39 1 279136
8 0 279269
8 1 279328
186 0 279639
186 1 279701
8 0 282452
8 1 282510
8 0 282603
8 1 282672
16 0 290695
16 0 291137
16 0 291161
16 0 291185
16 0 291209
16 0 291233
16 0 291257
16 0 291281
16 0 291305
16 0 291329
16 0 291354
16 0 291378
16 1 291383
80 0 291427
80 1 291536
69 0 291700
69 1 291822
78 0 291948
78 1 292006
8 0 292956
8 1 293002
8 0 293106
8 1 293157
8 0 293217
8 0 293660
8 0 293685
8 0 293709
8 0 293733
8 0 293757
8 1 293768
16 0 294132
80 0 294317
16 1 294358
80 1 294443
69 0 294542
69 1 294658
78 0 294807
78 1 294912
84 0 294994
82 0 295059
84 1 295138
82 1 295171
85 0 295931
85 1 296036
32 0 296121
32 1 296252
77 0 296386
73 0 296449
77 1 296508
73 1 296559
78 0 296631
78 1 296719
69 0 296925
69 1 297070
188 0 297579
188 1 297647
32 0 297699
32 1 297818
79 0 298157
79 1 298237
32 0 298313
32 1 298433
90 0 298494
73 0 298612
90 1 298624
32 0 298695
73 1 298723
32 1 298799
73 0 298866
73 1 298970
68 0 299181
69 0 299234
68 1 299321
69 1 299338
65 0 299513
65 1 299623
76 0 299651
76 1 299772
219 0 300456
219 1 300519
32 0 300622
32 1 300728
69 0 301405
69 1 301499
83 0 301666
83 1 301765
84 0 301887
69 0 301947
32 0 302000
84 1 302042
69 1 302062
32 1 302100
65 0 302497
65 1 302622
67 0 302764
69 0 302849
67 1 302883
69 1 302903
69 0 303004
69 1 303075
65 0 303243
65 1 303365
32 0 303372
32 1 303451
221 0 304108
221 1 304150
78 0 304398
32 0 304517
78 1 304532
32 1 304654
67 0 304696
65 0 304796
67 1 304857
65 1 304866
82 0 304996
69 0 305056
82 1 305165
69 1 305197
32 0 305224
32 1 305323
82 0 305620
69 0 305681
82 1 305733
69 1 305787
85 0 305929
85 1 306006
186 0 306436
186 1 306486
69 0 306838
69 1 306951
83 0 307127
83 1 307217
67 0 307319
67 1 307412
32 0 307496
32 1 307595
83 0 308105
83 1 308205
219 0 308235
219 1 308313
32 0 308428
32 1 308529
70 0 308889
70 1 308969
73 0 309017
73 1 309108
85 0 309225
32 0 309326
85 1 309355
32 1 309473
80 0 309774
80 1 309852
82 0 309948
82 1 310046
79 0 310107
79 1 310196
68 0 310435
68 1 310514
85 0 310659
85 1 310742
67 0 310863
67 1 310906
84 0 311068
84 1 311169
73 0 311402
73 1 311457
86 0 311922
86 1 312018
219 0 312112
219 1 312155
188 0 312389
188 1 312442
32 0 312486
32 1 312567
83 0 312846
83 1 312966
219 0 313454
219 1 313508
32 0 313644
32 1 313737
78 0 314177
85 0 314302
78 1 314395
32 0 314406
85 1 314442
32 1 314511
76 0 314636
76 1 314710
69 0 314780
69 1 314878
78 0 314906
78 1 315001
69 0 315040
69 1 315119
86 0 315679
69 0 315784
86 1 315829
69 1 315889
83 0 316047
83 1 316132
67 0 316186
67 1 316295
32 0 316347
32 1 316456
68 0 317106
69 0 317164
68 1 317245
69 1 317299
76 0 317434
76 1 317466
79 0 317582
79 1 317645
67 0 317942
67 1 318026
190 0 318157
190 1 318214
32 0 318314
32 1 318382
16 0 319492
83 0 319895
16 1 319940
83 1 319967
8 0 320523
8 1 320605
16 0 320924
16 0 321367
77 0 321373
16 1 321461
77 1 321470
219 0 321708
219 1 321798
32 0 322966
32 1 323051
84 0 323369
82 0 323395
82 1 323549
84 1 323605
82 0 324053
82 1 324178
8 0 324688
69 0 324831
8 1 324849
69 1 324943
90 0 325459
90 1 325542
69 0 325685
69 1 325767
83 0 325918
83 1 326021
67 0 326143
67 1 326250
32 0 326299
32 1 326408
68 0 326499
69 0 326532
68 1 326611
69 1 326667
32 0 326686
32 1 326788
68 0 327057
68 1 327153
73 0 327195
73 1 327272
77 0 327360
77 1 327471
73 0 327479
78 0 327604
73 1 327627
78 1 327728
69 0 327752
69 1 327841
65 0 327999
65 1 328128
186 0 328273
186 1 328375
65 0 328429
65 1 328591
8 0 328876
8 1 328989
8 0 329648
8 1 329703
222 0 329871
222 1 330006
65 0 330029
65 1 330158
32 0 330992
32 1 331145
8 0 349782
8 1 349873
188 0 350096
188 1 350158
32 0 350187
32 1 350292
85 0 350516
85 1 350583
78 0 350680
78 1 350761
68 0 350859
69 0 350923
68 1 350992
69 1 351036
86 0 351216
65 0 351333
86 1 351375
65 1 351498
32 0 351611
32 1 351805
76 0 352275
76 1 352307
8 0 353805
8 0 354248
8 0 354273
8 0 354296
8 0 354320
8 0 354346
8 1 354368
8 0 354666
8 1 354776
8 0 355260
8 1 355444
85 0 356181
85 1 356248
78 0 356362
78 1 356436
68 0 356983
69 0 357049
68 1 357130
69 1 357180
86 0 357480
65 0 357573
86 1 357646
32 0 357736
65 1 357749
32 1 357825
76 0 357952
76 1 358042
65 0 358057
32 0 358146
65 1 358204
32 1 358278
79 0 359008
79 1 359118
82 0 359182
82 1 359280
65 0 359359
32 0 359483
65 1 359495
32 1 359560
54 0 361235
54 1 361347
32 0 361404
32 1 361507
83 0 361810
65 0 362015
83 1 362030
85 0 362140
65 1 362153
32 0 362225
85 1 362249
32 1 362327
83 0 363081
65 0 363208
83 1 363232
65 1 363334
80 0 363680
80 1 363809
84 0 363841
69 0 363953
84 1 363979
69 1 364059
188 0 364598
188 1 364701
32 0 364756
32 1 364871
8 0 365576
8 1 365672
8 0 365770
8 0 366214
8 0 366238
8 0 366262
8 0 366286
8 1 366294
8 0 366659
8 1 366788
103 0 367327
103 1 367436
188 0 367840
188 1 367884
32 0 367938
32 1 368033
70 0 368288
70 1 368437
65 0 368445
67 0 368618
65 1 368650
65 0 368687
65 1 368729
67 1 368753
32 0 368949
32 1 369113
8 0 369672
8 1 369959
8 0 370448
8 1 370567
32 0 370712
32 1 370820
83 0 371325
83 1 371446
80 0 371477
80 1 371529
79 0 371616
79 1 371721
82 0 371749
82 1 371851
84 0 371943
84 1 372035
188 0 372158
188 1 372210
32 0 372250
32 1 372360
67 0 372551
67 1 372653
73 0 372705
73 1 372838
84 0 372857
84 1 373048
69 0 373056
69 1 373169
83 0 373519
83 1 373598
67 0 373658
67 1 373771
32 0 374736
32 1 374861
186 0 374901
186 1 375010
73 0 375154
73 1 375224
32 0 376117
32 1 376252
65 0 377685
65 1 377834
8 0 380588
8 1 380693
67 0 382533
67 1 382651
79 0 382894
79 1 382986
77 0 383112
77 1 383261
85 0 383308
85 1 383409
78 0 383486
73 0 383660
78 1 383745
73 1 383800
67 0 383856
67 1 383985
32 0 384434
32 1 384579
67 0 384620
67 1 384747
85 0 384767
32 0 384818
85 1 384876
32 1 384951
16 0 385101
16 1 385242
68 0 385267
68 1 385384
77 0 385638
77 1 385670
8 0 386049
8 1 386178
8 0 386702
8 1 386817
16 0 386995
68 0 387118
16 1 387186
68 1 387236
85 0 387821
85 1 387895
77 0 388022
77 1 388090
78 0 388185
78 1 388267
69 0 388293
69 1 388382
90 0 388620
90 1 388689
69 0 388851
69 1 388990
85 0 390720
85 1 390819
190 0 391346
190 1 391434
32 0 392698
32 1 392846
16 0 393401
16 0 393845
16 0 393869
16 1 393877
16 0 394108
16 0 394551
16 0 394575
16 0 394599
16 0 394624
68 0 394627
16 1 394675
68 1 394737
85 0 395030
85 1 395113
80 0 395408
80 1 395439
219 0 395610
219 1 395645
32 0 395732
32 1 395803
65 0 396672
65 1 396762
67 0 396902
69 0 397007
67 1 397048
69 1 397103
65 0 397256
65 1 397389
83 0 397483
83 1 397576
84 0 397779
84 1 397865
65 0 398388
65 1 398531
188 0 399100
188 1 399138
32 0 399165
32 1 399243
65 0 402757
65 1 402940
186 0 402947
186 1 403089
32 0 403614
32 1 403670
70 0 404043
65 0 404142
70 1 404180
65 1 404302
67 0 404361
69 0 404451
67 1 404510
69 1 404564
32 0 404600
32 1 404745
79 0 405163
79 1 405268
32 0 405318
32 1 405456
80 0 405504
80 1 405592
76 0 405716
76 1 405808
73 0 405929
73 1 406005
77 0 406129
77 1 406211
66 0 406783
66 1 406929
65 0 406940
65 1 407110
82 0 407201
69 0 407296
82 1 407384
32 0 407428
69 1 407440
32 1 407549
221 0 408252
221 1 408302
78 0 408736
78 1 408880
32 0 408890
32 1 409028
78 0 409653
78 1 409745
65 0 409817
65 1 409917
84 0 410113
84 1 410216
85 0 410292
85 1 410392
82 0 410724
82 1 410842
219 0 410948
219 1 410996
188 0 411203
188 1 411251
32 0 411293
32 1 411398
221 0 412089
221 1 412123
78 0 412345
32 0 412420
78 1 412442
32 1 412535
80 0 412806
80 1 412900
65 0 412932
65 1 413057
82 0 413158
82 1 413245
67 0 413369
67 1 413475
188 0 413699
188 1 413753
32 0 413821
32 1 413904
80 0 414465
80 1 414522
69 0 414564
69 1 414658
32 0 414680
32 1 414772
83 0 414874
83 1 414973
84 0 415052
84 1 415104
82 0 415205
65 0 415249
82 1 415261
65 1 415355
68 0 415668
68 1 415774
219 0 416158
219 1 416253
32 0 416287
32 1 416350
83 0 416757
65 0 416884
83 1 416913
65 1 416994
85 0 417005
32 0 417110
85 1 417122
32 1 417198
68 0 417312
65 0 417383
68 1 417395
65 1 417493
67 0 417610
65 0 417661
67 1 417707
65 1 417739
219 0 417922
219 1 418009
32 0 418100
32 1 418204
69 0 418312
69 1 418417
32 0 418425
32 1 418489
80 0 418737
79 0 418888
80 1 418918
79 1 419005
83 0 419013
83 1 419111
73 0 419213
73 1 419297
66 0 419505
73 0 419652
66 1 419700
73 1 419770
76 0 419892
32 0 420000
76 1 420024
32 1 420106
221 0 420891
221 1 420929
78 0 421945
78 1 422037
32 0 422287
32 1 422406
80 0 422836
219 0 422940
80 1 422977
219 1 423064
68 0 423204
68 1 423355
73 0 423434
73 1 423543
82 0 423591
69 0 423680
82 1 423729
69 1 423771
8 0 424452
8 1 424547
8 0 424628
8 1 424706
8 0 424771
8 1 424847
219 0 425955
219 1 426014
82 0 426150
69 0 426242
82 1 426294
69 1 426358
8 0 427334
8 1 427409
8 0 427512
8 1 427578
8 0 427672
8 1 427702
85 0 428744
85 1 428839
82 0 428933
82 1 429070
69 0 429459
190 0 429620
69 1 429633
190 1 429749
32 0 430420
32 1 430515
16 0 435852
78 0 435938
16 1 436016
78 1 436080
8 0 436850
8 1 436990
16 0 437310
67 0 437443
16 1 437456
67 1 437572
85 0 437683
85 1 437741
77 0 437880
77 1 437959
32 0 437966
32 1 438093
78 0 438186
85 0 438262
78 1 438369
32 0 438427
85 1 438445
32 1 438531
80 0 439508
80 1 439573
82 0 439662
69 0 439723
82 1 439803
69 1 439841
65 0 440000
65 1 440100
32 0 440212
32 1 440301
221 0 441017
221 1 441095
77 0 441474
73 0 441609
77 1 441680
32 0 441774
73 1 441800
32 1 441904
80 0 442387
80 1 442440
76 0 442573
76 1 442781
65 0 442986
65 1 443139
67 0 443227
69 0 443302
67 1 443359
69 1 443439
32 0 443453
32 1 443565
83 0 443713
83 1 443828
219 0 444102
219 1 444168
32 0 444405
32 1 444495
77 0 444648
77 1 444726
219 0 445688
219 1 445796
32 0 445866
32 1 445997
80 0 446608
80 1 446650
76 0 446779
76 1 446829
73 0 446963
73 1 447024
77 0 447157
77 1 447223
66 0 447784
66 1 447865
32 0 447900
32 1 448005
83 0 448229
83 1 448338
73 0 448485
73 1 448581
78 0 448668
78 1 448783
71 0 448883
71 1 448981
85 0 449083
85 1 449161
82 0 449218
82 1 449326
219 0 449625
219 1 449682
188 0 450392
188 1 450433
32 0 450571
32 1 450663
78 0 450861
85 0 450979
78 1 451083
32 0 451132
85 1 451144
32 1 451282
82 0 452442
82 1 452530
8 0 452818
8 1 452952
65 0 452960
82 0 453107
65 1 453173
82 1 453232
32 0 453267
32 1 453370
70 0 453727
70 1 453834
73 0 453849
32 0 453948
73 1 453974
32 1 454044
82 0 454407
82 1 454552
219 0 454605
219 1 454717
73 0 454903
73 1 455017
8 0 455287
8 1 455383
85 0 455529
85 1 455668
32 0 455697
32 1 455795
68 0 455844
69 0 455897
68 1 455951
69 1 456021
186 0 456238
186 1 456279
79 0 456449
79 1 456509
67 0 456551
67 1 456634
32 0 456653
32 1 456753
83 0 457059
83 1 457211
219 0 457326
219 1 457452
32 0 457554
32 1 457723
68 0 457991
68 1 458125
73 0 458211
73 1 458301
85 0 458419
85 1 458521
32 0 458534
32 1 458645
8 0 459105
8 1 459143
8 0 459248
8 1 459303
8 0 459392
8 1 459434
8 0 459800
8 1 459888
70 0 460143
70 1 460238
73 0 460298
73 1 460369
85 0 460506
85 1 460576
32 0 460624
32 1 460746
67 0 460907
67 1 461024
85 0 461089
32 0 461166
85 1 461210
32 1 461347
79 0 461382
32 0 461495
79 1 461524
32 1 461635
80 0 461688
80 1 461823
69 0 462430
69 1 462544
82 0 462691
82 1 462769
83 0 462908
83 1 463001
79 0 463050
79 1 463126
65 0 463216
65 1 463331
78 0 463365
78 1 463448
219 0 463880
219 1 463929
32 0 464006
32 1 464080
68 0 465231
68 1 465313
82 0 465427
82 1 465502
65 0 465619
65 1 465766
71 0 465993
71 1 466081
219 0 466198
219 1 466244
32 0 466355
32 1 466458
77 0 466585
73 0 466687
77 1 466759
69 0 466789
73 1 466801
69 1 466899
32 0 466936
32 1 467041
8 0 467295
8 1 467420
188 0 467586
188 1 467657
32 0 467703
32 1 467769
8 0 467997
8 1 468103
8 0 468217
8 1 468320
32 0 468504
32 1 468607
8 0 469619
8 1 469658
188 0 469864
188 1 469920
32 0 469949
32 1 470044
83 0 470858
65 0 470977
83 1 471009
85 0 471087
65 1 471099
32 0 471147
85 1 471161
32 1 471235
8 0 471739
8 1 471841
8 0 472305
8 1 472380
8 0 472475
8 1 472543
8 0 472622
8 1 472680
8 0 472757
8 1 472801
8 0 472895
8 1 472951
32 0 473541
32 1 473651
83 0 474710
65 0 474848
83 1 474880
65 1 474928
85 0 475373
85 1 475508
32 0 475580
32 1 475694
67 0 475908
67 1 476006
85 0 476271
85 1 476359
32 0 476387
32 1 476521
67 0 476939
73 0 476992
67 1 477015
73 1 477085
78 0 477172
78 1 477290
69 0 478287
69 1 478410
86 0 478550
65 0 478667
86 1 478742
65 1 478863
32 0 478870
32 1 478949
68 0 479450
73 0 479593
68 1 479605
73 1 479697
78 0 479745
32 0 479838
78 1 479880
32 1 479972
70 0 480141
65 0 480186
70 1 480242
65 1 480350
77 0 480383
73 0 480470
77 1 480513
73 1 480561
76 0 480689
76 1 480755
73 0 480854
73 1 480927
69 0 480935
69 1 481025
190 0 481656
190 1 481696
32 0 481736
32 1 481830
8 0 484854
8 1 484928
8 0 485015
8 1 485098
32 0 485496
32 1 485587
68 0 485619
65 0 485700
68 1 485766
65 1 485825
82 0 485932
82 1 486009
32 0 486060
32 1 486161
68 0 486300
65 0 486408
68 1 486435
65 1 486552
67 0 486616
67 1 486759
219 0 486822
219 1 486879
32 0 487039
32 1 487173
78 0 487316
85 0 487467
78 1 487509
85 1 487611
32 0 487643
32 1 487707
65 0 488346
65 1 488534
186 0 488935
186 1 489027
32 0 489146
32 1 489257
70 0 489631
70 1 489735
73 0 489781
32 0 489901
73 1 489933
32 1 489996
67 0 490082
85 0 490205
67 1 490217
32 0 490284
85 1 490312
32 1 490364
67 0 490438
67 1 490545
78 0 490706
78 1 490735
8 0 491141
8 1 491258
73 0 492001
73 1 492077
78 0 492226
78 1 492324
69 0 492366
69 1 492447
86 0 492638
65 0 492715
86 1 492757
65 1 492855
190 0 492987
190 1 493046
32 0 493113
32 1 493212
78 0 493436
85 0 493555
32 0 493612
78 1 493632
85 1 493674
32 1 493707
65 0 493945
65 1 494088
186 0 494197
186 1 494272
32 0 494394
32 1 494496
86 0 494583
82 0 494696
86 1 494789
69 0 494809
82 1 494910
69 1 494931
65 0 495094
65 1 495243
32 0 495367
32 1 495492
83 0 496084
219 0 496152
83 1 496213
219 1 496232
32 0 496630
32 1 496764
77 0 496939
77 1 497019
219 0 497543
219 1 497571
32 0 497765
32 1 497819
221 0 498380
221 1 498425
78 0 498749
78 1 498795
84 0 499134
84 1 499237
220 0 499687
220 1 499728
76 0 500177
76 1 500225
78 0 500570
78 1 500665
69 0 500706
69 1 500809
83 0 500983
83 1 501062
67 0 501150
67 1 501272
32 0 501344
32 1 501482
67 0 501499
67 1 501602
85 0 501609
32 0 501711
85 1 501743
32 1 501811
79 0 502392
79 1 502440
65 0 502530
65 1 502652
77 0 503571
77 1 503663
69 0 503715
69 1 503831
78 0 503869
73 0 503981
78 1 504023
73 1 504143
32 0 504155
32 1 504200
67 0 504433
69 0 504497
67 1 504629
69 1 504638
32 0 504699
32 1 504817
221 0 505575
221 1 505622
77 0 506220
73 0 506311
77 1 506375
32 0 506446
73 1 506482
32 1 506549
80 0 506848
80 1 506954
85 0 507111
85 1 507180
78 0 507296
32 0 507378
78 1 507461
32 1 507553
77 0 507651
77 1 507761
73 0 507911
73 1 507989
73 0 508331
73 1 508411
32 0 508529
32 1 508638
68 0 508681
69 0 508722
68 1 508793
32 0 508838
69 1 508869
32 1 508900
221 0 509758
221 1 509780
78 0 510380
78 1 510445
84 0 510640
82 0 510743
84 1 510836
82 1 510866
69 0 510978
69 1 511093
66 0 511155
66 1 511227
219 0 511799
219 1 511870
82 0 511988
82 1 512105
73 0 512209
73 1 512300
190 0 513193
190 1 513232
32 0 513292
32 1 513389
16 0 514042
66 0 514151
16 1 514240
16 0 514259
66 1 514271
16 1 514349
8 0 514530
8 1 514594
16 0 514746
78 0 514790
78 1 514899
16 1 514909
85 0 515341
32 0 515478
85 1 515491
32 1 515614
69 0 515631
69 1 515760
32 0 515778
32 1 515853
70 0 517630
82 0 517738
70 1 517806
82 1 517852
85 0 517925
85 1 518008
77 0 518225
188 0 518265
188 1 518318
77 1 518448
79 0 518941
79 1 519078
8 0 519337
8 1 519404
8 0 519501
8 1 519598
79 0 520111
79 1 520163
83 0 520233
32 0 520330
83 1 520342
32 1 520432
83 0 520801
83 1 520988
219 0 521121
219 1 521244
32 0 521300
32 1 521396
70 0 521483
70 1 521590
73 0 521634
73 1 521670
73 0 521760
73 1 521809
32 0 521866
32 1 521990
73 0 522003
73 1 522089
78 0 522181
78 1 522308
84 0 522374
84 1 522505
69 0 522530
82 0 522665
69 1 522760
82 1 522798
79 0 522834
79 1 522973
71 0 523283
65 0 523363
71 1 523407
65 1 523504
84 0 523634
84 1 523734
190 0 524023
190 1 524069
16 0 533620
83 0 533757
16 1 533806
83 1 533916
73 0 534013
73 1 534068
83 0 534140
83 1 534261
84 0 534775
84 1 534832
69 0 534867
69 1 534988
77 0 535161
77 1 535219
85 0 535354
85 1 535407
76 0 535553
76 1 535609
32 0 535667
32 1 535748
69 0 535784
69 1 535881
68 0 536018
68 1 536115
85 0 536472
85 1 536541
67 0 536726
67 1 536823
65 0 537000
65 1 537141
84 0 537340
84 1 537425
79 0 537592
79 1 537728
78 0 537779
78 1 537899
65 0 537925
79 0 538052
65 1 538064
79 1 538175
32 0 538183
32 1 538326
8 0 538638
8 1 538735
76 0 539307
76 1 539368
8 0 540150
8 1 540245
8 0 540338
8 1 540406
8 0 540490
8 1 540540
8 0 540630
8 1 540671
8 0 540759
8 1 540815
73 0 541468
73 1 541519
79 0 541675
79 1 541735
78 0 541921
78 1 541984
65 0 542064
76 0 542151
65 1 542188
76 1 542264
32 0 542272
32 1 542354
68 0 542401
68 1 542531
73 0 542538
73 1 542635
78 0 542759
32 0 542815
78 1 542896
32 1 542939
84 0 543066
84 1 543145
8 0 543443
8 1 543508
82 0 543648
82 1 543759
79 0 543826
79 1 543933
77 0 544814
77 1 544901
65 0 544955
65 1 545072
78 0 545092
73 0 545165
78 1 545218
65 0 545280
73 1 545293
32 0 545355
65 1 545409
32 1 545481
82 0 546432
69 0 546506
82 1 546599
69 1 546631
85 0 546844
85 1 546931
83 0 546983
83 1 547074
69 0 547164
69 1 547237
83 0 547347
83 1 547460
84 0 547588
69 0 547599
32 0 547659
84 1 547688
69 1 547706
32 1 547749
83 0 548234
219 0 548329
83 1 548353
219 1 548433
32 0 548568
32 1 548635
70 0 549973
70 1 550119
65 0 550207
65 1 550399
67 0 550432
67 1 550577
219 0 551362
219 1 551442
32 0 551974
32 1 552080
186 0 552746
186 1 552835
73 0 552973
32 0 553056
73 1 553069
32 1 553154
76 0 553243
76 1 553360
85 0 553486
85 1 553588
67 0 553683
82 0 553829
67 1 553850
82 1 553952
85 0 554024
85 1 554083
82 0 554103
73 0 554224
82 1 554237
73 1 554323
32 0 554330
32 1 554415
66 0 554752
85 0 554857
66 1 554913
85 1 554972
78 0 555045
78 1 555162
69 0 555169
32 0 555218
69 1 555245
32 1 555344
68 0 555630
68 1 555815
65 0 555824
65 1 555971
82 0 556217
82 1 556320
32 0 556349
32 1 556445
186 0 557192
186 1 557244
73 0 557403
32 0 557498
73 1 557527
32 1 557584
76 0 558011
76 1 558084
85 0 558380
85 1 558462
67 0 558724
82 0 558868
67 1 558898
82 1 558988
82 0 559175
82 1 559269
8 0 559656
8 1 559764
85 0 560220
85 1 560282
82 0 560344
82 1 560450
73 0 560457
73 1 560548
32 0 560605
32 1 560674
70 0 562267
70 1 562372
219 0 562438
219 1 562567
82 0 562640
82 1 562764
219 0 562899
219 1 562971
32 0 563209
32 1 563336
83 0 563403
83 1 563510
69 0 563578
69 1 563679
78 0 563999
78 1 564071
83 0 564380
83 1 564481
190 0 565058
190 1 565112
32 0 565236
32 1 565337
16 0 565974
16 0 566418
16 0 566442
16 0 566467
16 0 566490
16 0 566515
68 0 566538
16 1 566570
69 0 566618
68 1 566661
69 1 566715
32 0 566775
32 1 566845
77 0 567488
77 1 567548
85 0 567654
85 1 567707
76 0 567850
76 1 567919
84 0 567976
69 0 568093
84 1 568140
32 0 568191
69 1 568220
32 1 568288
79 0 568884
79 1 568948
82 0 569025
73 0 569117
82 1 569130
32 0 569214
73 1 569238
32 1 569303
65 0 569389
32 0 569499
65 1 569527
32 1 569607
82 0 569688
69 0 569761
82 1 569842
69 1 569874
85 0 569946
85 1 570029
83 0 570212
83 1 570345
73 0 570367
73 1 570471
84 0 570555
84 1 570658
32 0 570679
32 1 570782
83 0 571069
83 1 571189
219 0 571425
219 1 571483
32 0 571596
32 1 571698
68 0 571728
69 0 571799
68 1 571882
69 1 571942
32 0 571973
32 1 572078
8 0 572507
8 1 572609
65 0 572633
32 0 572777
65 1 572800
32 1 572886
68 0 573624
68 1 573747
8 0 574172
8 1 574280
8 0 575064
8 1 575152
8 0 575242
8 1 575302
8 0 575375
8 1 575466
8 0 575546
8 1 575625
79 0 576259
79 1 576344
70 0 577113
69 0 577271
70 1 577305
69 1 577411
82 0 577495
69 0 577568
82 1 577695
69 1 577753
32 0 577991
32 1 578089
80 0 578990
80 1 579117
69 0 579134
82 0 579255
69 1 579308
82 1 579396
83 0 580025
83 1 580186
79 0 580257
79 1 580410
65 0 580691
65 1 580848
78 0 580916
69 0 581003
78 1 581023
32 0 581057
69 1 581146
32 1 581187
67 0 581714
67 1 581823
85 0 581846
32 0 581943
85 1 582001
32 1 582075
85 0 582105
85 1 582224
78 0 582412
78 1 582531
32 0 582539
32 1 582667
78 0 582864
73 0 582971
78 1 583023
73 1 583108
67 0 583470
69 0 583514
67 1 583631
69 1 583640
8 0 583846
8 1 583978
8 0 584413
8 1 584538
86 0 584579
69 0 584703
86 1 584729
69 1 584776
76 0 584845
76 1 584977
32 0 585064
32 1 585171
221 0 585830
221 1 585876
78 0 586138
78 1 586222
65 0 586567
65 1 586728
76 0 586754
76 1 586891
84 0 586953
84 1 587060
32 0 587085
32 1 587218
68 0 587322
69 0 587332
68 1 587426
32 0 587466
69 1 587503
32 1 587595
69 0 587678
69 1 587795
68 0 587952
68 1 588031
85 0 588142
85 1 588217
67 0 588305
67 1 588485
65 0 588558
65 1 588710
222 0 588869
222 1 588985
73 0 589286
73 1 589474
69 0 590206
69 1 590327
190 0 591066
190 1 591158
32 0 591186
32 1 591306
16 0 591739
83 0 591874
16 1 591936
83 1 591978
84 0 592416
82 0 592506
84 1 592603
82 1 592645
69 0 592796
69 1 592895
83 0 593987
83 1 594106
85 0 594135
85 1 594194
76 0 594358
76 1 594450
32 0 594524
32 1 594610
80 0 594916
69 0 594997
80 1 595035
32 0 595095
69 1 595116
32 1 595225
67 0 595588
65 0 595639
67 1 595715
65 1 595782
82 0 595867
69 0 595962
82 1 596033
32 0 596052
32 1 596154
69 1 596173
221 0 596953
221 1 597003
76 0 597395
76 1 597461
32 0 597583
32 1 597718
80 0 599269
80 1 599350
85 0 599506
85 1 599571
78 0 599676
69 0 599785
78 1 599798
32 0 599870
69 1 599900
32 1 599978
65 0 600223
65 1 600364
83 0 600552
83 1 600662
85 0 600753
85 1 600823
80 0 601254
80 1 601316
82 0 601405
82 1 601531
65 0 601592
32 0 601731
65 1 601773
32 1 601865
67 0 602035
67 1 602139
79 0 602345
79 1 602406
80 0 602869
80 1 602926
73 0 603197
73 1 603244
76 0 603470
76 1 603525
85 0 603663
85 1 603719
76 0 603889
76 1 603951
85 0 604088
85 1 604143
73 0 604237
73 1 604348
32 0 604355
32 1 604486
69 0 604941
69 1 605025
83 0 605171
83 1 605260
84 0 605427
69 0 605461
32 0 605505
84 1 605519
69 1 605565
32 1 605616
85 0 610540
85 1 610620
82 0 610922
82 1 611017
73 0 611064
73 1 611147
65 0 611587
65 1 611724
186 0 611731
186 1 611806
32 0 615167
32 1 615321
186 0 616593
186 1 616668
73 0 616815
73 1 616891
32 0 616911
32 1 617034
83 0 618192
83 1 618292
84 0 618468
82 0 618512
84 1 618593
82 1 618668
85 0 618814
85 1 618910
67 0 619112
67 1 619209
84 0 619399
84 1 619454
85 0 619751
85 1 619809
82 0 619887
82 1 619970
65 0 620042
65 1 620174
32 0 620181
32 1 620270
78 0 620424
85 0 620539
32 0 620599
78 1 620621
85 1 620678
32 1 620698
8 0 621215
8 1 621267
8 0 621370
8 1 621440
8 0 621508
8 1 621611
65 0 623090
65 1 623263
78 0 623358
85 0 623376
78 1 623468
85 1 623515
76 0 623782
76 1 623852
85 0 624008
73 0 624139
85 1 624230
32 0 624266
73 1 624285
32 1 624374
83 0 624872
83 1 624989
67 0 625039
67 1 625185
79 0 625202
79 1 625285
76 0 625363
65 0 625447
76 1 625459
65 1 625572
82 0 625645
82 1 625734
32 0 625750
32 1 625850
69 0 625934
69 1 626037
83 0 626153
83 1 626249
84 0 626606
69 0 626713
84 1 626725
32 0 626834
69 1 626856
32 1 626948
70 0 627664
70 1 627819
219 0 627895
219 1 628038
82 0 628120
82 1 628279
219 0 628364
219 1 628519
32 0 628568
32 1 628691
83 0 629543
69 0 629690
69 1 629827
83 1 629836
78 0 630275
78 1 630386
83 0 630415
32 0 630498
83 1 630542
32 1 630651
221 0 631387
221 1 631469
78 0 631718
32 0 631825
78 1 631867
32 1 631961
78 0 632511
78 1 632633
8 0 632933
8 1 633054
85 0 633453
85 1 633484
78 0 633644
78 1 633728
69 0 633879
69 1 633997
76 0 634463
69 0 634557
76 1 634585
32 0 634670
69 1 634683
32 1 634795
83 0 635269
83 1 635416
73 0 635454
73 1 635571
84 0 635761
84 1 635850
85 0 635885
85 1 635964
65 0 636085
65 1 636228
222 0 636447
222 1 636494
73 0 636797
73 1 636825
73 0 636888
73 1 636945
190 0 637534
190 1 637582
32 0 637636
32 1 637708
16 0 637847
67 0 637968
16 1 638045
82 0 638095
67 1 638159
69 0 638206
82 1 638258
69 1 638308
68 0 638390
68 1 638518
32 0 638584
32 1 638674
8 0 639397
8 1 639530
67 0 639655
67 1 639777
219 0 640129
219 1 640177
32 0 640332
32 1 640397
8 0 640916
8 1 640963
8 0 641072
8 1 641124
8 0 641193
8 1 641270
32 0 641358
32 1 641468
67 0 641943
69 0 642073
69 1 642139
67 1 642171
8 0 642407
8 1 642506
219 0 642772
219 1 642834
32 0 642981
32 1 643027
68 0 643114
69 0 643188
68 1 643242
32 0 643257
69 1 643271
32 1 643337
76 0 643742
76 1 643815
65 0 643855
32 0 643942
65 1 643986
32 1 644026
85 0 644180
85 1 644271
78 0 644364
32 0 644448
78 1 644502
32 1 644541
77 0 645242
79 0 645344
77 1 645407
79 1 645488
77 0 645588
77 1 645691
69 0 645829
69 1 645916
84 0 646151
84 1 646199
8 0 647837
8 1 647948
77 0 648200
77 1 648313
8 0 648608
8 1 648707
78 0 648856
78 1 648968
84 0 648988
84 1 649084
32 0 649268
32 1 649391
68 0 649884
65 0 649957
68 1 650047
65 1 650129
84 0 650171
84 1 650229
188 0 650644
188 1 650708
32 0 650747
32 1 650868
69 0 651104
69 1 651220
76 0 651310
69 0 651373
76 1 651385
69 1 651474
86 0 651618
86 1 651741
85 0 651871
85 1 651927
186 0 652126
186 1 652179
8 0 653095
8 1 653214
76 0 653671
76 1 653748
32 0 653898
32 1 653970
84 0 654095
82 0 654172
84 1 654258
82 1 654300
69 0 654416
69 1 654524
66 0 654580
85 0 654663
66 1 654752
73 0 654808
69 0 654914
85 1 654927
73 1 654957
69 1 655013
32 0 655478
32 1 655585
83 0 655868
83 1 655987
219 0 656038
219 1 656125
32 0 656507
32 1 656658
65 0 657177
65 1 657317
73 0 657415
73 1 657505
66 0 657908
66 1 658019
219 0 658045
219 1 658116
32 0 658220
32 1 658323
79 0 658799
79 1 658903
67 0 659061
65 0 659200
67 1 659271
65 1 659362
90 0 659586
90 1 659721
73 0 659770
73 1 659915
65 0 660238
65 1 660352
32 0 660384
32 1 660497
83 0 660972
219 0 661065
83 1 661077
219 1 661157
32 0 661730
32 1 661861
83 0 662101
83 1 662155
69 0 662293
69 1 662383
32 0 662408
32 1 662567
67 0 662606
67 1 662725
79 0 662747
79 1 662838
78 0 662985
78 1 663095
67 0 663173
69 0 663294
67 1 663354
69 1 663420
78 0 663531
78 1 663648
84 0 663753
82 0 663894
84 1 663906
82 1 664031
69 0 664163
69 1 664249
90 0 664463
90 1 664560
69 0 664696
69 1 664805
32 0 664813
32 1 664945
80 0 665314
80 1 665411
69 0 665425
32 0 665536
69 1 665548
32 1 665620
65 0 665799
65 1 665926
78 0 665986
85 0 666060
78 1 666139
85 1 666173
77 0 666289
73 0 666367
77 1 666440
73 1 666517
84 0 666625
84 1 666718
69 0 666833
69 1 666943
32 0 666972
32 1 667084
83 0 667671
83 1 667799
85 0 667845
85 1 667909
66 0 668075
66 1 668274
73 0 668351
73 1 668504
69 0 668572
69 1 668671
67 0 668813
67 1 668877
84 0 669390
84 1 669485
69 0 669579
69 1 669698
32 0 669711
32 1 669823
80 0 670692
80 1 670780
69 0 670795
69 1 670902
32 0 670937
32 1 671046
8 0 672402
8 1 672535
8 0 672622
8 1 672749
8 0 673282
8 1 673430
67 0 673454
65 0 673543
67 1 673603
65 1 673659
82 0 673764
69 0 673827
82 1 673917
69 1 673967
32 0 674008
32 1 674135
73 0 674972
73 1 675044
73 0 675128
73 1 675239
32 0 675250
32 1 675367
8 0 675666
8 1 675772
8 0 675850
8 1 675916
8 0 675942
8 1 676029
8 0 676203
8 1 676263
32 0 676813
32 1 676938
221 0 677183
221 1 677272
73 0 677697
32 0 677836
73 1 677849
32 1 677961
79 0 678222
79 1 678325
70 0 678466
69 0 678610
70 1 678697
82 0 678729
69 1 678852
82 1 678910
219 0 679033
219 1 679161
32 0 679210
32 1 679338
73 0 679455
73 1 679535
78 0 679624
78 1 679741
84 0 679844
84 1 679985
69 0 680051
82 0 680166
69 1 680223
69 0 680301
82 1 680414
69 1 680466
83 0 680584
83 1 680701
190 0 681837
190 1 681980
32 0 682250
32 1 682372
16 0 683092
16 1 683321
80 0 683340
69 0 683413
80 1 683445
69 1 683552
32 0 683658
32 1 683730
8 0 684119
8 1 684169
8 0 684281
8 1 684329
8 0 684421
8 1 684461
16 0 684932
80 0 685109
16 1 685122
80 1 685228
69 0 685303
69 1 685392
32 0 685464
32 1 685577
76 0 685918
76 1 685955
220 0 686560
220 1 686618
78 0 686922
78 1 686993
71 0 688338
71 1 688440
219 0 688459
219 1 688542
32 0 688817
32 1 688903
65 0 688966
65 1 689100
67 0 689123
67 1 689215
69 0 689270
69 1 689355
83 0 689480
83 1 689573
84 0 689623
84 1 689712
69 0 689720
69 1 689833
65 0 689900
65 1 690037
188 0 690690
188 1 690748
32 0 690784
32 1 690928
83 0 691424
83 1 691528
67 0 691611
67 1 691752
79 0 691891
79 1 691990
65 0 692126
76 0 692189
65 1 692217
76 1 692299
32 0 692541
32 1 692653
8 0 692880
8 1 692981
65 0 693016
65 1 693169
32 0 693181
32 1 693276
80 0 693828
80 1 693925
82 0 694015
82 1 694120
79 0 694219
79 1 694326
70 0 694731
69 0 694876
70 1 694944
69 1 695057
83 0 695347
83 1 695457
73 0 695511
79 0 695623
73 1 695674
79 1 695714
78 0 695827
78 1 695918
65 0 695969
65 1 696095
186 0 696231
186 1 696280
8 0 696670
8 1 696729
76 0 696902
76 1 696946
219 0 697230
219 1 697285
32 0 697331
32 1 697412
84 0 698266
82 0 698399
84 1 698460
82 1 698522
69 0 698632
69 1 698749
66 0 698812
73 0 698970
85 0 698993
66 1 699024
85 1 699070
73 1 699083
8 0 699471
8 1 699531
8 0 699975
8 1 700049
85 0 700333
85 1 700385
73 0 700484
69 0 700541
73 1 700553
69 1 700649
32 0 700656
32 1 700744
221 0 701637
221 1 701668
78 0 701937
78 1 701990
67 0 702141
67 1 702282
85 0 702353
85 1 702422
82 0 702638
82 1 702700
65 0 702745
65 1 702882
186 0 703365
186 1 703431
8 0 705535
8 1 705578
74 0 706506
74 1 706572
65 0 706742
84 0 706843
65 1 706869
84 1 706927
219 0 707370
219 1 707412
32 0 707444
32 1 707537
80 0 708710
80 1 708760
69 0 708823
69 1 708921
78 0 709034
78 1 709146
84 0 709238
82 0 709295
84 1 709368
82 1 709416
85 0 709424
32 0 709539
85 1 709555
32 1 709654
65 0 709870
65 1 710007
32 0 710021
32 1 710118
78 0 711748
85 0 711839
78 1 711922
32 0 711929
85 1 711976
32 1 712014
65 0 712549
65 1 712670
8 0 712943
8 1 713045
77 0 713325
77 1 713469
65 0 713520
73 0 713530
65 1 713625
32 0 713648
73 1 713686
32 1 713724
69 0 713953
69 1 714055
88 0 714639
88 1 714747
73 0 714768
73 1 714887
83 0 714916
83 1 715030
84 0 715107
65 0 715185
32 0 715248
84 1 715260
65 1 715325
32 1 715353
85 0 715653
85 1 715707
78 0 715798
32 0 715915
78 1 715927
32 1 715955
78 0 716167
78 1 716252
85 0 716703
85 1 716852
77 0 717139
77 1 717191
219 0 718055
219 1 718145
82 0 718181
82 1 718296
32 0 718919
32 1 719024
85 0 719233
85 1 719322
82 0 719674
82 1 719766
73 0 719854
73 1 719930
65 0 720220
65 1 720377
222 0 720901
222 1 721050
32 0 721376
32 1 721502
68 0 721540
69 0 721603
68 1 721643
69 1 721720
32 0 721732
32 1 721810
8 0 721970
8 1 722073
8 0 722146
8 1 722580
8 0 722694
8 1 722790
8 0 722856
8 1 722940
8 0 723012
8 1 723108
186 0 723789
186 1 723858
32 0 724046
32 1 724151
68 0 724303
69 0 724377
68 1 724417
69 1 724515
32 0 724548
32 1 724651
80 0 725062
80 1 725094
65 0 726398
65 1 726570
82 0 726684
82 1 726752
65 0 726765
65 1 726922
90 0 727350
90 1 727527
73 0 727558
73 1 727618
222 0 728160
222 1 728209
73 0 728514
73 1 728624
32 0 728713
32 1 728874
65 0 729641
73 0 729780
65 1 729853
32 0 729876
73 1 729915
32 1 730006
83 0 730219
83 1 730343
79 0 730376
79 1 730491
67 0 730551
67 1 730682
73 0 730743
73 1 730853
69 0 730869
69 1 730989
84 0 731209
84 1 731310
219 0 731593
219 1 731661
222 0 732123
222 1 732143
73 0 732399
73 1 732453
73 0 732524
73 1 732606
190 0 733376
190 1 733444
32 0 733495
32 1 733570
16 0 744090
221 0 744218
16 1 744238
221 1 744409
77 0 745005
77 1 745022
78 0 745142
78 1 745189
8 0 745598
8 1 745691
8 0 745815
8 1 745835
78 0 746326
32 0 746407
78 1 746431
32 1 746507
65 0 746608
65 1 746754
67 0 746870
69 0 746985
67 1 747055
69 1 747107
65 0 747231
65 1 747380
83 0 748228
84 0 748339
83 1 748367
84 1 748443
219 0 749053
219 1 749149
32 0 749168
32 1 749265
80 0 749831
80 1 749921
73 0 750014
73 1 750113
67 0 750206
67 1 750317
84 0 750461
84 1 750620
85 0 750672
85 1 750794
82 0 750968
82 1 751153
219 0 751160
219 1 751285
32 0 758499
32 1 758640
80 0 758828
80 1 758963
79 0 758977
79 1 759068
84 0 759237
84 1 759372
32 0 759418
32 1 759546
79 0 760672
79 1 760753
66 0 761029
66 1 761110
83 0 761238
83 1 761338
69 0 761445
69 1 761548
82 0 761652
82 1 761729
86 0 761960
65 0 762034
86 1 762123
65 1 762199
32 0 762415
32 1 762557
77 0 762777
77 1 762869
85 0 763007
85 1 763096
76 0 763262
76 1 763415
84 0 763454
69 0 763616
84 1 763628
32 0 763752
69 1 763782
32 1 763878
80 0 764262
80 1 764425
69 0 764442
69 1 764576
82 0 764619
82 1 764859
83 0 765784
83 1 765927
79 0 766093
79 1 766282
78 0 766566
78 1 766669
65 0 766743
65 1 766900
8 0 767456
8 1 767529
8 0 767613
8 1 767814
65 0 768800
65 1 768941
78 0 769086
69 0 769159
78 1 769184
69 1 769329
32 0 771413
32 1 771516
67 0 771759
65 0 771837
67 1 771944
65 1 771994
82 0 772966
69 0 773042
82 1 773117
69 1 773149
32 0 773313
32 1 773353
83 0 773717
85 0 773807
83 1 773831
85 1 773895
78 0 774422
84 0 774515
78 1 774561
32 0 774607
84 1 774644
32 1 774748
221 0 780623
221 1 780783
78 0 781467
78 1 781550
84 0 781767
82 0 781857
84 1 781928
82 1 781981
109 0 783210
109 1 783326
79 0 783763
79 1 783862
32 0 783934
32 1 784047
67 0 784369
67 1 784496
76 0 784623
219 0 784799
76 1 784873
219 1 784980
68 0 785211
68 1 785313
73 0 785448
73 1 785533
82 0 785585
69 0 785674
82 1 785754
69 1 785811
32 0 786311
32 1 786442
83 0 786976
83 1 787147
65 0 787557
85 0 787704
65 1 787717
32 0 787835
85 1 787860
32 1 787987
76 0 788229
76 1 788268
8 0 789561
8 1 789654
109 0 790538
109 1 790595
78 0 791047
78 1 791119
84 0 791384
82 0 791505
84 1 791578
82 1 791636
109 0 792028
109 1 792080
79 0 792588
79 1 792675
32 0 792764
32 1 792927
80 0 792955
80 1 793078
73 0 793183
73 1 793308
65 0 793478
65 1 793651
84 0 793728
84 1 793826
8 0 794551
8 1 794637
222 0 795011
222 1 795106
219 0 795305
219 1 795372
32 0 795667
32 1 795756
68 0 796054
68 1 796162
73 0 796243
73 1 796362
78 0 796452
78 1 796645
8 0 797183
8 1 797256
8 0 797344
8 1 797419
69 0 797529
32 0 797621
69 1 797642
32 1 797766
68 0 798027
69 0 798144
68 1 798217
69 1 798307
77 0 803162
77 1 803244
85 0 803379
85 1 803440
76 0 803571
76 1 803678
84 0 803780
84 1 803883
190 0 804675
190 1 804729
32 0 804788
32 1 804902
16 0 805413
69 0 805540
16 1 805586
69 1 805687
73 0 805742
32 0 805849
73 1 805862
32 1 805967
67 0 806098
67 1 806228
79 0 806235
79 1 806312
77 0 806471
77 1 806569
85 0 806706
85 1 806817
78 0 807068
73 0 807186
78 1 807233
73 1 807289
67 0 807433
67 1 807574
219 0 807790
219 1 807901
32 0 807954
32 1 808057
8 0 809289
8 1 809386
188 0 810262
188 1 810407
32 0 816437
32 1 816591
79 0 817134
32 0 817247
79 1 817268
32 1 817352
67 0 817411
67 1 817521
79 0 817754
79 1 817859
77 0 817954
77 1 818057
85 0 818214
85 1 818242
78 0 818408
73 0 818519
78 1 818567
73 1 818631
67 0 818665
65 0 818748
67 1 818828
65 1 818892
82 0 818993
69 0 819055
32 0 819182
82 1 819195
69 1 819235
32 1 819301
67 0 820462
65 0 820575
67 1 820676
65 1 820763
82 0 820782
69 0 820863
82 1 820998
32 0 821008
69 1 821050
32 1 821121
69 0 821193
69 1 821329
83 0 821489
83 1 821612
84 0 821852
69 0 821945
84 1 821989
69 1 822092
32 0 822099
32 1 822224
69 0 822281
69 1 822407
70 0 822463
70 1 822594
73 0 822681
73 1 822785
67 0 822842
67 1 822957
73 0 822988
73 1 823075
69 0 823131
69 1 823270
78 0 823332
78 1 823424
84 0 823742
84 1 823870
219 0 823899
219 1 824031
32 0 824095
32 1 824202
8 0 826176
8 1 826241
188 0 826968
188 1 827053
32 0 827060
32 1 827152
84 0 827362
82 0 827453
84 1 827530
82 1 827584
219 0 827942
219 1 828021
73 0 828453
69 0 828549
73 1 828575
69 1 828644
83 0 828798
83 1 828889
67 0 828969
67 1 829084
32 0 829103
32 1 829224
67 0 829311
67 1 829404
85 0 829411
85 1 829490
77 0 829643
32 0 829768
77 1 829780
32 1 829929
80 0 830216
79 0 830291
80 1 830359
79 1 830440
84 0 830680
84 1 830789
32 0 830827
32 1 830962
186 0 831624
186 1 831713
73 0 831850
73 1 831988
32 0 831995
32 1 832123
65 0 834513
65 1 834664
85 0 834747
32 0 834892
85 1 834914
32 1 835020
78 0 835412
78 1 835517
69 0 835578
69 1 835668
86 0 835940
86 1 836042
79 0 836110
79 1 836188
73 0 836253
73 1 836354
69 0 836390
69 1 836476
32 0 836503
32 1 836578
77 0 836734
77 1 836847
65 0 836877
65 1 836957
82 0 837075
69 0 837130
82 1 837216
69 1 837245
32 0 837252
32 1 837348
68 0 837488
69 0 837651
68 1 837764
69 1 837802
32 0 837816
32 1 837929
65 0 837984
74 0 838096
65 1 838118
74 1 838185
85 0 838296
85 1 838367
84 0 838636
84 1 838771
79 0 838806
82 0 838916
79 1 838928
82 1 839090
190 0 839926
190 1 839999
32 0 840046
32 1 840143
16 0 840895
67 0 841153
16 1 841189
67 1 841267
76 0 841428
76 1 841506
219 0 843269
219 1 843371
68 0 843990
68 1 844125
73 0 844250
73 1 844322
82 0 844561
82 1 844641
73 0 844671
73 1 844733
76 0 844882
76 1 844981
69 0 845018
69 1 845108
32 0 845169
32 1 845265
80 0 845587
80 1 845689
65 0 845708
65 1 845837
82 0 845923
82 1 846048
32 0 846059
32 1 846149
73 0 846416
73 1 846488
77 0 846625
77 1 846742
80 0 846907
80 1 846992
85 0 847206
85 1 847232
78 0 847368
78 1 847427
219 0 848203
219 1 848346
84 0 848500
84 1 848611
79 0 848837
79 1 848920
65 0 848947
65 1 849104
82 0 849193
69 0 849274
82 1 849384
69 1 849422
32 0 849456
32 1 849615
68 0 850744
65 0 850925
68 1 850980
65 1 851108
82 0 851341
82 1 851460
32 0 851494
32 1 851584
68 0 853005
69 0 853090
68 1 853174
69 1 853224
90 0 853711
90 1 853838
73 0 853946
73 1 854000
78 0 854128
78 1 854230
84 0 854394
84 1 854477
69 0 854592
82 0 854697
69 1 854715
69 0 854832
82 1 854921
69 1 854974
83 0 855092
83 1 855231
85 0 855343
85 1 855384
76 0 855624
76 1 855699
32 0 855741
32 1 855865
67 0 856508
67 1 856625
69 0 856881
69 1 857070
76 0 857130
76 1 857212
79 0 857315
79 1 857410
82 0 857417
82 1 857544
32 0 857576
32 1 857675
66 0 858070
66 1 858152
65 0 858236
65 1 858389
71 0 858504
71 1 858620
8 0 859766
8 1 859832
8 0 859920
8 1 859984
79 0 860595
79 1 860673
71 0 860949
71 1 861061
65 0 861085
65 1 861245
222 0 867916
222 1 867951
73 0 868191
73 1 868284
32 0 871078
32 1 871195
70 0 872439
65 0 872574
70 1 872620
65 1 872760
67 0 872891
69 0 872960
67 1 873039
69 1 873104
32 0 873180
32 1 873340
83 0 874681
219 0 874769
83 1 874802
219 1 874878
32 0 875039
32 1 875144
70 0 875906
70 1 876112
73 0 876119
73 1 876247
69 0 876269
32 0 876323
69 1 876422
32 1 876449
80 0 876973
79 0 877057
79 1 877216
80 1 877232
83 0 878001
83 1 878122
73 0 878336
73 1 878429
66 0 878589
73 0 878802
66 1 878889
73 1 878963
186 0 879384
186 1 879426
219 0 879568
219 1 879614
32 0 879738
32 1 879865
69 0 880057
69 1 880216
88 0 880850
88 1 880931
73 0 881039
73 1 881164
84 0 881342
84 1 881399
69 0 881427
69 1 881550
78 0 881797
78 1 881848
222 0 882335
222 1 882416
65 0 882538
65 1 882663
32 0 882911
32 1 883058
67 0 886506
69 0 886602
67 1 886665
69 1 886768
76 0 886792
76 1 886855
79 0 886966
79 1 887058
82 0 887121
82 1 887246
32 0 887253
32 1 887365
83 0 887799
83 1 887932
219 0 887965
219 1 888107
82 0 888115
82 1 888227
65 0 888372
65 1 888545
90 0 889660
90 1 889823
73 0 889830
73 1 890031
8 0 891029
8 1 891114
8 0 891213
8 1 891292
67 0 893082
73 0 893209
67 1 893229
73 1 893315
32 0 893370
32 1 893485
186 0 894044
186 1 894122
73 0 894269
32 0 894373
73 1 894404
32 1 894476
78 0 894544
78 1 894723
69 0 894731
69 1 894849
65 0 895062
65 1 895232
74 0 895399
74 1 895499
85 0 895600
85 1 895671
84 0 896041
84 1 896185
79 0 896206
79 1 896331
84 0 896601
84 1 896756
8 0 897611
8 1 897706
82 0 898288
82 1 898418
65 0 898511
65 1 898647
222 0 898968
222 1 899025
73 0 899272
73 1 899344
190 0 899726
190 1 899779
32 0 899856
32 1 899954
83 0 916274
83 1 916372
69 0 916455
69 1 916584
8 0 916763
8 1 916830
8 0 916910
8 1 916969
16 0 917162
83 0 917279
16 1 917336
83 1 917428
69 0 917436
69 1 917582
32 0 917624
32 1 917719
80 0 918117
65 0 918185
80 1 918197
65 1 918328
82 0 918515
69 0 918684
82 1 918781
32 0 918857
69 1 918871
32 1 918978
67 0 919608
219 0 919676
67 1 919706
219 1 919804
32 0 919976
32 1 920151
79 0 923887
79 1 923954
32 0 924410
32 1 924507
65 0 924638
65 1 924748
67 0 924896
67 1 925007
84 0 925260
84 1 925383
73 0 925443
73 1 925531
86 0 925706
86 1 925823
73 0 925830
73 1 925903
84 0 926156
84 1 926222
65 0 926253
84 0 926379
65 1 926391
69 0 926482
84 1 926494
69 1 926626
32 0 926669
32 1 926767
90 0 927850
90 1 927974
73 0 928050
73 1 928092
76 0 928277
76 1 928330
78 0 928673
73 0 928756
78 1 928828
73 1 928856
67 0 928965
67 1 929073
219 0 929277
219 1 929348
32 0 929399
32 1 929517
65 0 929675
65 1 929852
32 0 929905
32 1 930009
76 0 930465
76 1 930517
79 0 930641
79 1 930702
82 0 930782
82 1 930874
32 0 930944
32 1 931025
69 0 931054
69 1 931143
82 0 931264
82 1 931336
65 0 931479
65 1 931627
32 0 931635
32 1 931728
83 0 932375
83 1 932500
219 0 932522
219 1 932671
32 0 932682
32 1 932806
80 0 934707
80 1 934785
69 0 934842
69 1 934952
84 0 935202
82 0 935347
84 1 935452
82 1 935489
69 0 935630
69 1 935683
65 0 935970
65 1 936065
67 0 936414
67 1 936546
219 0 936897
219 1 937001
32 0 937041
32 1 937158
84 0 937200
84 1 937305
73 0 937354
73 1 937461
77 0 937648
77 1 937770
80 0 937884
80 1 937995
85 0 938147
85 1 938218
76 0 938362
76 1 938421
32 0 938501
32 1 938617
221 0 939466
221 1 939516
78 0 939753
32 0 939822
78 1 939862
32 1 939956
65 0 940094
65 1 940206
67 0 940332
69 0 940438
67 1 940495
69 1 940551
83 0 940716
83 1 940813
84 0 940860
69 0 940937
32 0 940971
84 1 940993
69 1 941047
32 1 941063
76 0 941492
76 1 941537
79 0 941655
79 1 941712
67 0 941792
67 1 941904
85 0 941997
85 1 942075
82 0 942224
73 0 942370
82 1 942382
73 1 942535
32 0 942567
32 1 942655
8 0 951096
8 1 951282
188 0 951828
32 0 951907
188 1 951919
32 1 952003
67 0 952190
69 0 952251
67 1 952327
69 1 952396
86 0 952789
65 0 952910
32 0 952920
86 1 952933
65 1 952999
32 1 953029
67 0 955055
69 0 955160
67 1 955303
69 1 955325
32 0 955333
32 1 955469
68 0 957489
68 1 957618
69 0 958054
69 1 958191
78 0 958252
79 0 958415
78 1 958493
79 1 958570
84 0 959496
84 1 959617
219 0 959703
219 1 959812
32 0 959839
32 1 959967
73 0 962102
73 1 962239
77 0 962414
77 1 962569
80 0 962607
79 0 962767
80 1 962817
79 1 962982
82 0 963081
82 1 963129
84 0 963478
84 1 963580
78 0 963738
78 1 963831
65 0 963963
65 1 964094
8 0 964714
8 1 964833
8 0 965352
8 1 965470
65 0 965664
65 1 965813
78 0 966454
78 1 966512
222 0 967465
222 1 967522
65 0 967575
65 1 967699
32 0 967749
32 1 967825
67 0 968248
67 1 968367
8 0 968630
8 1 968750
65 0 968758
65 1 968908
67 0 968927
69 0 969029
67 1 969130
69 1 969203
83 0 969511
83 1 969618
84 0 969823
84 1 969962
79 0 969992
82 0 970047
79 1 970105
82 1 970197
32 0 970216
32 1 970312
76 0 970469
76 1 970544
79 0 970646
79 1 970724
67 0 970800
67 1 970916
85 0 970955
85 1 971037
82 0 971229
73 0 971396
82 1 971420
73 1 971528
190 0 972253
190 1 972299
32 0 986731
32 1 986848
83 0 987065
83 1 987144
69 0 987254
69 1 987365
221 0 994156
221 1 994264
8 0 997555
8 1 997611
8 0 997712
8 1 997765
8 0 997866
8 1 997915
8 0 998016
8 1 998066
8 0 998169
8 1 998208
8 0 998285
8 1 998336
78 0 999126
78 1 999180
84 0 999343
82 0 999426
84 1 999528
82 1 999585
109 0 1000248
109 1 1000365
79 0 1000909
79 1 1000956
