16 0 46003
16 0 46515
16 0 46547
16 0 46580
16 0 46614
16 0 46645
16 0 46679
16 0 46712
16 0 46747
16 0 46777
16 0 46809
16 0 46844
16 0 46877
16 0 46911
69 0 46912
69 1 46998
16 1 47045
83 0 47194
84 0 47324
83 1 47347
84 1 47433
69 0 47479
69 1 47625
32 0 47681
32 1 47826
70 0 51543
70 1 51679
82 0 51775
82 1 51925
73 0 51961
73 1 52071
67 0 52137
67 1 52324
8 0 52652
8 1 52803
70 0 53324
70 1 53433
8 0 53869
8 1 54030
71 0 54457
71 1 54550
188 0 55309
188 1 55415
32 0 55529
32 1 55649
68 0 55726
68 1 55823
65 0 55845
82 0 55949
65 1 55979
82 1 56058
32 0 56132
32 1 56246
78 0 56745
78 1 56864
85 0 56962
85 1 57066
32 0 57121
32 1 57240
78 0 57381
78 1 57497
73 0 57579
73 1 57682
78 0 57779
78 1 57889
71 0 57983
71 1 58104
69 0 58183
69 1 58349
188 0 61161
188 1 61297
8 0 61689
8 1 61795
188 0 62164
188 1 62289
32 0 62376
32 1 62496
67 0 62570
69 0 62664
67 1 62674
69 1 62805
82 0 62885
85 0 62977
82 1 63029
85 1 63072
76 0 63174
76 1 63316
32 0 63411
69 0 63483
32 1 63544
69 1 63603
83 0 63719
84 0 63843
83 1 63849
84 1 63948
69 0 63976
69 1 64113
32 0 64131
32 1 64256
65 0 69892
65 1 70045
67 0 70246
79 0 70359
67 1 70409
79 1 70448
80 0 70535
69 0 70615
80 1 70651
69 1 70749
82 0 70817
73 0 70950
82 1 70953
84 0 71055
73 1 71058
84 1 71180
188 0 71206
188 1 71330
32 0 71693
32 1 71806
80 0 71875
80 1 72006
82 0 72022
82 1 72159
79 0 72174
79 1 72293
66 0 72439
66 1 72555
65 0 72565
66 0 72619
65 1 72712
66 1 72734
73 0 72822
73 1 72937
76 0 73021
76 1 73144
32 0 73217
32 1 73341
67 0 73395
67 1 73514
65 0 73533
32 0 73655
65 1 73665
32 1 73767
86 0 74014
86 1 74129
65 0 74708
65 1 74887
32 0 74920
32 1 75076
85 0 75122
85 1 75236
82 0 75253
82 1 75384
77 0 75399
77 1 75531
65 0 75550
32 0 75664
65 1 75669
83 0 75768
32 1 75802
83 1 75871
65 0 75960
32 0 76043
65 1 76073
32 1 76133
78 0 76206
78 1 76322
73 0 76389
73 1 76485
78 0 76564
78 1 76675
71 0 76756
71 1 76855
65 0 76868
32 0 76979
65 1 76998
32 1 77099
73 0 78072
73 1 78171
78 0 78287
78 1 78395
32 0 78446
67 0 78545
32 1 78586
85 0 78683
67 1 78686
85 1 78793
82 0 78824
82 1 78936
83 0 79066
85 0 79126
83 1 79208
85 1 79226
76 0 79337
76 1 79448
32 0 79541
32 1 79656
78 0 79711
78 1 79828
79 0 79939
79 1 80043
80 0 80121
80 1 80244
84 0 80301
73 0 80430
84 1 80436
73 1 80531
73 0 80567
73 1 80688
190 0 80881
190 1 80996
32 0 81197
32 1 81309
16 0 82389
90 0 82609
16 1 82729
73 0 82754
90 1 82806
73 1 82866
76 0 82963
69 0 83042
76 1 83087
76 0 83139
69 1 83162
69 0 83247
76 1 83264
69 1 83356
32 0 83404
32 1 83545
84 0 83591
84 1 83700
82 0 83745
69 0 83798
82 1 83848
69 1 83925
67 0 84035
85 0 84128
67 1 84181
85 1 84219
84 0 84291
69 0 84361
84 1 84396
32 0 84472
69 1 84493
32 1 84594
86 0 84627
82 0 84673
86 1 84740
82 1 84789
69 0 84883
69 1 85005
77 0 85018
69 0 85121
77 1 85144
69 1 85247
65 0 85382
32 0 85491
65 1 85497
65 0 85637
32 1 85643
65 1 85748
32 0 85821
32 1 85953
70 0 86085
70 1 86211
79 0 86297
79 1 86402
83 0 86425
83 1 86549
84 0 86553
84 1 86652
32 0 86685
32 1 86855
77 0 86948
77 1 87057
79 0 87141
79 1 87261
72 0 87402
72 1 87490
79 0 87872
79 1 87991
82 0 88240
82 1 88362
65 0 88384
84 0 88492
65 1 88499
84 1 88607
65 0 88868
65 1 89035
188 0 90027
188 1 90172
32 0 90304
32 1 90442
85 0 90501
85 1 90610
78 0 90705
78 1 90820
69 0 90853
69 1 91004
79 0 91058
82 0 91167
79 1 91186
73 0 91294
82 1 91310
32 0 91400
73 1 91419
32 1 91541
65 0 91619
32 0 91716
65 1 91728
32 1 91848
80 0 91879
80 1 92016
76 0 92109
76 1 92266
79 0 92743
79 1 92848
85 0 92998
85 1 93107
65 0 93279
65 1 93435
84 0 93535
84 1 93643
188 0 101576
188 1 101694
32 0 101827
32 1 101965
8 0 102433
8 1 102539
8 0 102588
8 1 102714
190 0 103034
190 1 103149
32 0 103301
16 0 103376
32 1 103441
16 0 103890
16 0 103925
16 0 103958
16 0 103993
16 0 104025
16 0 104058
16 0 104091
16 0 104124
16 0 104157
16 0 104189
16 0 104222
16 0 104255
16 0 104290
16 0 104321
16 0 104355
16 0 104388
16 0 104422
16 0 104452
16 0 104487
16 1 104492
8 0 105017
8 1 105179
8 0 105263
8 1 105416
188 0 105739
188 1 105854
32 0 105983
32 1 106124
68 0 107337
68 1 107445
65 0 107464
82 0 107566
65 1 107594
82 1 107669
32 0 107718
32 1 107862
65 0 107896
85 0 107940
65 1 108011
85 1 108046
32 0 108048
32 1 108196
70 0 108241
79 0 108354
70 1 108367
79 1 108477
83 0 108522
84 0 108604
83 1 108647
84 1 108702
32 0 108723
32 1 108877
83 0 109065
73 0 109163
83 1 109206
73 1 109281
32 0 109306
90 0 109393
32 1 109441
73 0 109500
90 1 109528
73 1 109620
76 0 109731
69 0 109861
76 1 109867
69 1 110003
32 0 110049
32 1 110143
67 0 112532
67 1 112673
85 0 112729
85 1 112839
32 0 112916
32 1 113031
86 0 113155
82 0 113253
86 1 113258
82 1 113378
69 0 113463
77 0 113572
69 1 113577
69 0 113676
77 1 113693
69 1 113780
32 0 113814
32 1 113942
68 0 114141
68 1 114278
69 0 114354
32 0 114449
69 1 114483
32 1 114570
80 0 114589
82 0 114636
80 1 114719
82 1 114767
73 0 114787
73 1 114897
77 0 114997
65 0 115123
77 1 115139
65 1 115230
86 0 115264
65 0 115400
86 1 115404
65 1 115513
82 0 115584
82 1 115697
65 0 115712
65 1 115828
190 0 116759
190 1 116871
32 0 116978
32 1 117077
16 0 123883
86 0 124081
86 1 124185
16 1 124225
8 0 124702
8 1 124799
16 0 125215
86 0 125471
86 1 125569
16 1 125653
82 0 125875
82 1 125990
69 0 126058
69 1 126175
77 0 126177
69 0 126259
77 1 126298
69 1 126358
65 0 126501
65 1 126601
32 0 126605
32 1 126737
80 0 126770
69 0 126872
80 1 126894
69 1 126982
82 0 127078
82 1 127195
70 0 127224
69 0 127284
70 1 127322
69 1 127383
67 0 127490
84 0 127561
67 1 127593
84 1 127659
65 0 127761
32 0 127878
65 1 127885
32 1 128017
80 0 128050
69 0 128150
80 1 128163
69 1 128266
78 0 128332
84 0 128461
78 1 128473
84 1 128571
82 0 128645
85 0 128749
82 1 128791
85 1 128853
32 0 128872
32 1 128980
77 0 129068
77 1 129172
73 0 129237
73 1 129343
78 0 129442
69 0 129502
78 1 129545
69 1 129615
32 0 129671
32 1 129812
69 0 129821
69 1 129948
83 0 130264
84 0 130384
83 1 130389
84 1 130505
69 0 130533
32 0 130657
69 1 130661
32 1 130769
80 0 130833
82 0 130893
80 1 130953
82 1 131028
73 0 131044
73 1 131138
77 0 131270
77 1 131395
65 0 131413
65 1 131492
86 0 131524
65 0 131666
86 1 131670
65 1 131773
82 0 131797
82 1 131917
65 0 131939
65 1 132049
188 0 132668
188 1 132781
32 0 132899
32 1 133037
67 0 133056
85 0 133175
67 1 133217
85 1 133277
32 0 133324
32 1 133433
83 0 133607
83 1 133754
79 0 133893
65 0 133977
79 1 134001
65 1 134082
82 0 134289
82 1 134415
69 0 134895
69 1 135069
32 0 136847
32 1 136987
83 0 136992
73 0 137069
83 1 137138
73 1 137195
32 0 137221
32 1 137346
67 0 137458
69 0 137537
67 1 137564
69 1 137659
82 0 137750
82 1 137880
32 0 139581
32 1 139772
83 0 142125
83 1 142270
69 0 142397
69 1 142555
78 0 142794
78 1 142920
73 0 143025
73 1 143136
78 0 143231
78 1 143335
188 0 143489
188 1 143611
32 0 143718
32 1 143850
67 0 145196
85 0 145343
67 1 145430
85 1 145475
32 0 145499
32 1 145626
78 0 145719
78 1 145825
79 0 145977
79 1 146102
82 0 146496
73 0 146623
82 1 146678
73 1 146748
32 0 146772
32 1 146895
80 0 146950
80 1 147081
85 0 147291
85 1 147391
70 0 147752
70 1 147881
79 0 147980
79 1 148101
83 0 148123
83 1 148273
73 0 148300
73 1 148405
190 0 149243
190 1 149368
32 0 149512
32 1 149635
16 0 156798
84 0 156905
84 1 157021
16 1 157048
69 0 157186
77 0 157304
69 1 157344
77 1 157414
80 0 157529
69 0 157605
80 1 157653
69 1 157735
82 0 157818
82 1 157924
65 0 157993
84 0 158049
65 1 158094
84 1 158153
85 0 158264
85 1 158385
82 0 158493
65 0 158597
82 1 158599
32 0 158719
65 1 158722
83 0 158838
32 1 158857
83 1 158952
65 0 159046
65 1 159167
32 0 159181
32 1 159319
70 0 159413
70 1 159550
73 0 159577
69 0 159675
73 1 159685
69 1 159832
32 0 159848
32 1 159973
68 0 160468
68 1 160599
69 0 160675
32 0 160815
69 1 160818
32 1 160930
67 0 161245
73 0 161321
67 1 161348
73 1 161423
82 0 162281
82 1 162396
67 0 162631
67 1 162752
65 0 162781
65 1 162909
32 0 163202
32 1 163340
50 0 163503
50 1 163689
53 0 163916
53 1 164087
32 0 164406
68 0 164519
32 1 164535
68 1 164651
69 0 164729
32 0 164802
69 1 164858
32 1 164924
71 0 165019
71 1 165176
82 0 165290
82 1 165405
65 0 165422
68 0 165490
65 1 165557
68 1 165584
69 0 165769
69 1 165912
188 0 166398
188 1 166502
32 0 166579
83 0 166657
32 1 166702
83 1 166783
65 0 166863
65 1 166980
32 0 167006
65 0 167092
32 1 167148
65 1 167214
68 0 167344
68 1 167490
73 0 167587
73 1 167714
69 0 167746
32 0 167877
69 1 167881
32 1 168006
85 0 168044
85 1 168148
78 0 168244
78 1 168360
32 0 168399
32 1 168533
86 0 168741
86 1 168843
65 0 169207
78 0 169366
65 1 169369
78 1 169491
84 0 169968
84 1 170065
32 0 172946
32 1 173087
67 0 173167
67 1 173296
65 0 173449
65 1 173575
76 0 173917
76 1 174062
68 0 174133
68 1 174302
85 0 174562
85 1 174677
84 0 174786
84 1 174884
190 0 175586
190 1 175718
32 0 175846
32 1 175977
16 0 182858
77 0 182989
77 1 183098
16 1 183119
73 0 183202
73 1 183308
189 0 183420
65 0 183555
189 1 183562
65 1 183716
82 0 183932
82 1 184112
32 0 184830
32 1 184937
70 0 185241
73 0 185349
70 1 185364
73 1 185467
32 0 185493
32 1 185598
80 0 185621
80 1 185753
76 0 185816
65 0 185929
76 1 185935
65 1 186040
67 0 186178
85 0 186231
67 1 186309
85 1 186337
84 0 186414
84 1 186523
32 0 186527
32 1 186660
77 0 186760
77 1 186876
65 0 186922
73 0 186974
65 1 187058
73 1 187080
32 0 187121
32 1 187217
77 0 187287
77 1 187403
85 0 187483
85 1 187577
76 0 187688
76 1 187789
84 0 187933
84 1 188043
32 0 188091
32 1 188194
68 0 188246
65 0 188343
68 1 188363
67 0 188441
65 1 188453
65 0 188548
67 1 188562
65 1 188692
32 0 188697
32 1 188834
78 0 188954
78 1 189068
73 0 189167
73 1 189266
78 0 189365
78 1 189481
71 0 189844
71 1 189950
69 0 189965
69 1 190107
65 0 190282
188 0 190408
65 1 190409
188 1 190532
32 0 190703
32 1 190831
84 0 191489
84 1 191631
73 0 191635
73 1 191738
78 0 191850
78 1 191966
65 0 192019
78 0 192055
65 1 192120
78 1 192182
68 0 192353
68 1 192505
32 0 192547
67 0 192659
32 1 192685
79 0 192785
67 1 192812
79 1 192911
78 0 193049
78 1 193179
84 0 193611
84 1 193714
32 0 193768
32 1 193887
67 0 194015
65 0 194117
67 1 194119
65 1 194232
32 0 194260
69 0 194379
32 1 194380
69 1 194488
83 0 194575
84 0 194653
83 1 194686
84 1 194767
69 0 194818
32 0 194941
69 1 194943
32 1 195067
76 0 195118
76 1 195261
85 0 195345
85 1 195444
78 0 195532
78 1 195658
65 0 195706
65 1 195829
32 0 195918
32 1 196036
73 0 196169
73 1 196289
65 0 196316
78 0 196402
65 1 196430
78 1 196518
85 0 196608
65 0 196686
85 1 196726
65 1 196809
82 0 196967
82 1 197089
73 0 197094
73 1 197204
69 0 197209
69 1 197353
190 0 197496
190 1 197590
32 0 197855
32 1 197980
78 0 208722
69 0 208819
78 1 208836
69 1 208951
70 0 209080
70 1 209196
73 0 209263
73 1 209370
82 0 209380
82 1 209490
69 0 209560
69 1 209673
83 0 209775
83 1 209885
67 0 209952
67 1 210056
32 0 210085
68 0 210202
32 1 210235
68 1 210303
69 0 210357
32 0 210455
69 1 210490
32 1 210555
67 0 210599
67 1 210709
65 0 210719
65 1 210829
76 0 210903
76 1 211005
68 0 211009
68 1 211113
65 0 211238
188 0 211320
65 1 211363
188 1 211425
32 0 211555
32 1 211668
65 0 211686
65 1 211820
80 0 211852
80 1 211970
82 0 212008
82 1 212121
79 0 212144
79 1 212255
65 0 212891
65 1 213053
80 0 213123
80 1 213232
69 0 213249
69 1 213375
32 0 213423
68 0 213543
32 1 213559
68 1 213668
8 0 214024
8 1 214135
32 0 221145
32 1 221232
67 0 221348
67 1 221472
69 0 222109
69 1 222258
65 0 222446
65 1 222627
32 0 222779
32 1 222915
68 0 222920
68 1 223041
69 0 223105
69 1 223229
40 0 227116
40 1 227340
40 0 227577
40 1 227759
40 0 228135
40 1 228316
16 0 239843
78 0 239936
78 1 240029
16 1 240095
79 0 240319
79 1 240423
65 0 240695
80 0 240849
65 1 240860
80 1 240947
84 0 241123
69 0 241202
84 1 241231
69 1 241318
65 0 241438
32 0 241550
65 1 241561
32 1 241696
65 0 241702
65 1 241817
32 0 241882
32 1 242008
70 0 242181
70 1 242307
79 0 242352
79 1 242465
83 0 242483
83 1 242619
84 0 242624
84 1 242728
32 0 242768
32 1 242904
68 0 243322
68 1 243476
69 0 243696
69 1 243857
83 0 244084
83 1 244216
84 0 244295
84 1 244400
85 0 244744
85 1 244846
8 0 246625
8 1 246756
8 0 246842
8 1 246945
84 0 248133
84 1 248268
85 0 248319
85 1 248419
76 0 248516
76 1 248635
32 0 248707
68 0 248820
32 1 248850
68 1 248958
69 0 249038
32 0 249118
69 1 249179
32 1 249244
82 0 249344
69 0 249441
82 1 249451
69 1 249556
67 0 249607
69 0 249688
67 1 249715
69 1 249831
188 0 250702
188 1 250816
32 0 250916
32 1 251060
68 0 251646
68 1 251765
65 0 251779
82 0 251893
65 1 251922
82 1 252008
32 0 252041
32 1 252179
78 0 252378
78 1 252500
85 0 252605
85 1 252709
32 0 252763
32 1 252872
65 0 252916
65 1 253119
32 0 253154
32 1 253268
8 0 276307
8 1 276504
32 0 277263
32 1 277416
73 0 277497
73 1 277618
78 0 277731
78 1 277852
71 0 277960
71 1 278054
72 0 278138
69 0 278236
72 1 278270
69 1 278374
84 0 278428
84 1 278561
65 0 278622
65 1 278754
84 0 278762
84 1 278868
32 0 279040
32 1 279177
8 0 279618
8 1 279771
190 0 280932
190 1 281037
32 0 281202
32 1 281315
8 0 339217
8 1 339337
8 0 339461
8 1 339672
188 0 340887
188 1 341016
32 0 341118
32 1 341236
8 0 350765
8 1 350907
8 0 350960
8 1 351077
190 0 351784
190 1 351910
32 0 352062
32 1 352186
16 0 354307
80 0 354524
79 0 354633
16 1 354677
80 1 354688
79 1 354769
65 0 354863
84 0 354990
65 1 355008
84 1 355104
69 0 355191
69 1 355312
8 0 355760
8 1 355884
8 0 355958
8 1 356076
8 0 356146
8 1 356249
8 0 356305
8 1 356431
8 0 356501
8 1 356631
16 0 368675
90 0 369001
16 1 369136
90 1 369196
73 0 369281
73 1 369371
85 0 369435
65 0 369524
85 1 369547
65 1 369665
32 0 369733
32 1 369852
73 0 370145
68 0 370234
73 1 370263
68 1 370359
69 0 370435
69 1 370547
65 0 370680
76 0 370811
65 1 370814
65 0 370915
76 1 370951
65 1 371046
32 0 372482
32 1 372627
69 0 372635
69 1 372760
83 0 372888
83 1 373020
84 0 373029
84 1 373146
69 0 373210
69 1 373336
32 0 373378
32 1 373504
67 0 375618
67 1 375732
69 0 375752
69 1 375893
65 0 376040
32 0 376172
65 1 376182
32 1 376310
68 0 376333
68 1 376453
69 0 376525
69 1 376666
32 0 376690
32 1 376793
83 0 376825
83 1 376950
65 0 377093
65 1 377206
77 0 377234
77 1 377366
66 0 377502
66 1 377634
65 0 377640
65 1 377763
84 0 377769
65 0 377883
84 1 377888
65 1 378022
188 0 378837
188 1 378964
32 0 379146
32 1 379268
8 0 379950
8 1 380069
8 0 380112
8 1 380249
190 0 380657
190 1 380784
32 0 380915
32 1 381052
16 0 382423
68 0 382579
68 1 382678
16 1 382845
8 0 383388
8 1 383534
16 0 383544
77 0 383767
16 1 383872
77 1 383876
65 0 383977
32 0 384075
65 1 384114
32 1 384206
84 0 384235
84 1 384347
82 0 384390
69 0 384445
82 1 384506
69 1 384566
90 0 384701
90 1 384832
69 0 384952
69 1 385067
83 0 385164
83 1 385285
67 0 385568
67 1 385743
32 0 386416
68 0 386546
32 1 386557
68 1 386671
69 0 386738
69 1 386865
86 0 386973
82 0 387043
86 1 387076
82 1 387151
69 0 387230
69 1 387364
77 0 387380
69 0 387493
77 1 387503
188 0 387614
69 1 387632
188 1 387729
32 0 387915
32 1 388059
68 0 388899
68 1 389047
8 0 389431
8 1 389562
70 0 389764
70 1 389895
65 0 389911
65 1 390015
82 0 390018
65 0 390116
82 1 390123
65 1 390231
32 0 390264
32 1 390406
65 0 390452
65 1 390556
76 0 390583
65 0 390686
76 1 390702
65 1 390791
82 0 390996
82 1 391124
77 0 391172
77 1 391288
65 0 391416
65 1 391564
188 0 396439
188 1 396562
32 0 396685
32 1 396815
80 0 397556
80 1 397758
82 0 397930
82 1 398101
69 0 398767
69 1 398951
70 0 399555
70 1 399681
69 0 399686
69 1 399829
82 0 399840
82 1 399963
32 0 400089
32 1 400231
83 0 400289
83 1 400409
65 0 400506
65 1 400645
32 0 400676
65 0 400772
32 1 400795
77 0 400908
65 1 400919
77 1 401028
32 0 401111
32 1 401251
84 0 401545
84 1 401638
8 0 402604
8 1 402733
82 0 403021
82 1 403136
65 0 403155
65 1 403298
71 0 403351
65 0 403447
71 1 403458
65 1 403562
90 0 403632
90 1 403757
32 0 403767
32 1 403904
83 0 403915
83 1 404033
65 0 404125
32 0 404218
65 1 404252
32 1 404338
77 0 404411
77 1 404536
65 0 404536
73 0 404636
65 1 404662
32 0 404749
73 1 404752
32 1 404880
90 0 404935
90 1 405073
65 0 405194
65 1 405335
66 0 405813
66 1 405899
79 0 406151
79 1 406254
86 0 406433
69 0 406484
86 1 406541
69 1 406611
83 0 406692
83 1 406807
67 0 406925
67 1 407075
32 0 407081
32 1 407233
73 0 407271
73 1 407384
78 0 407492
78 1 407595
32 0 407653
32 1 407793
80 0 407929
80 1 408061
65 0 408112
65 1 408254
84 0 408286
84 1 408391
190 0 408873
190 1 408977
32 0 409097
32 1 409214
16 0 409240
85 0 409268
85 1 409376
16 1 409473
78 0 409480
78 1 409593
69 0 409678
69 1 409837
79 0 409843
82 0 409965
79 1 409968
73 0 410086
82 1 410114
73 1 410196
32 0 410309
32 1 410425
77 0 410581
77 1 410719
65 0 410743
65 1 410876
85 0 411050
85 1 411137
8 0 411391
8 1 411496
73 0 411626
32 0 411728
73 1 411745
32 1 411916
85 0 412908
85 1 413014
82 0 413052
82 1 413186
77 0 413187
77 1 413319
65 0 413402
65 1 413519
82 0 413572
69 0 413669
82 1 413694
69 1 413776
83 0 413850
83 1 413970
67 0 414055
32 0 414152
67 1 414191
32 1 414284
85 0 414302
85 1 414400
78 0 414513
78 1 414634
32 0 414717
32 1 414816
83 0 414830
83 1 414974
8 0 415627
8 1 415755
69 0 415784
69 1 415933
80 0 416016
80 1 416129
73 0 416244
73 1 416349
83 0 416437
83 1 416573
79 0 416589
68 0 416698
79 1 416699
68 1 416836
32 0 416868
32 1 417012
65 0 417089
76 0 417219
65 1 417238
76 1 417349
32 0 417435
32 1 417562
85 0 417582
85 1 417693
78 0 417804
78 1 417906
85 0 417975
85 1 418089
73 0 418163
32 0 418276
73 1 418288
83 0 418367
32 1 418407
83 1 418490
69 0 418587
69 1 418687
82 0 418747
82 1 418862
73 0 418886
73 1 418997
65 0 419064
76 0 419171
65 1 419180
76 1 419318
188 0 419501
188 1 419623
32 0 422150
32 1 422282
76 0 422385
76 1 422505
65 0 422506
32 0 422601
65 1 422645
32 1 422709
80 0 422741
82 0 422857
80 1 422862
73 0 422927
82 1 423010
73 1 423032
77 0 423135
77 1 423240
69 0 423296
76 0 423365
69 1 423416
76 1 423442
69 0 423935
69 1 424078
32 0 424140
32 1 424295
79 0 424375
79 1 424497
82 0 424511
82 1 424625
69 0 424719
69 1 424833
32 0 424845
32 1 424986
65 0 425016
65 1 425127
76 0 425140
76 1 425250
69 0 425265
69 1 425414
32 0 425724
68 0 425820
32 1 425849
73 0 425913
68 1 425983
73 1 426014
77 0 426115
77 1 426217
73 0 426290
73 1 426400
78 0 426495
69 0 426581
78 1 426615
69 1 426729
84 0 426753
84 1 426871
73 0 427031
73 1 427158
73 0 427189
73 1 427321
190 0 427520
190 1 427618
32 0 427822
32 1 427953
16 0 1096211
65 0 1096447
16 1 1096528
65 1 1096621
80 0 1096625
80 1 1096739
79 0 1096803
79 1 1096922
73 0 1096998
73 1 1097125
32 0 1097215
32 1 1097356
73 0 1098121
73 1 1098247
65 0 1098267
65 1 1098421
8 0 1099196
8 1 1099314
8 0 1099375
8 1 1099500
70 0 1100116
70 1 1100220
65 0 1100230
67 0 1100328
65 1 1100389
67 1 1100418
32 0 1100499
32 1 1100626
85 0 1100636
85 1 1100716
78 0 1100816
78 1 1100936
32 0 1100984
68 0 1101091
32 1 1101108
85 0 1101235
68 1 1101240
85 1 1101327
83 0 1101367
83 1 1101480
188 0 1101510
188 1 1101643
32 0 1101820
32 1 1101947
73 0 1102048
73 1 1102174
65 0 1102180
85 0 1102256
65 1 1102320
32 0 1102336
85 1 1102349
32 1 1102467
77 0 1102549
77 1 1102653
73 0 1102726
67 0 1102865
73 1 1102866
85 0 1102928
67 1 1102996
85 1 1103033
76 0 1103159
76 1 1103270
32 0 1103360
68 0 1103446
32 1 1103492
68 1 1103569
69 0 1103651
74 0 1103764
69 1 1103782
74 1 1103897
85 0 1103961
85 1 1104067
78 0 1104166
78 1 1104262
188 0 1107421
188 1 1107554
32 0 1107695
32 1 1107819
76 0 1110770
76 1 1110960
85 0 1111104
85 1 1111221
67 0 1111225
67 1 1111345
82 0 1111374
82 1 1111473
69 0 1111476
69 1 1111605
90 0 1111789
90 1 1111961
32 0 1112117
32 1 1112251
67 0 1112319
69 0 1112402
67 1 1112436
69 1 1112520
86 0 1112542
86 1 1112674
65 0 1112689
65 1 1112811
32 0 1113063
32 1 1113242
68 0 1113353
65 0 1113466
68 1 1113477
65 1 1113579
67 0 1113583
65 0 1113685
67 1 1113700
65 1 1113829
32 0 1113853
32 1 1113981
65 0 1114930
77 0 1115132
65 1 1115136
77 1 1115247
32 0 1115377
68 0 1115497
32 1 1115502
68 1 1115629
69 0 1115725
32 0 1115767
69 1 1115855
32 1 1115894
76 0 1115968
76 1 1116111
85 0 1116229
67 0 1116315
85 1 1116348
67 1 1116455
82 0 1116606
85 0 1116704
82 1 1116724
85 1 1116820
190 0 1117095
190 1 1117201
32 0 1117493
32 1 1117617
16 0 1121782
77 0 1121974
77 1 1122094
16 1 1122148
8 0 1122853
8 1 1122978
16 0 1123410
85 0 1123781
85 1 1123889
16 1 1123968
76 0 1124034
76 1 1124169
84 0 1124513
69 0 1124615
84 1 1124619
69 1 1124747
82 0 1124834
73 0 1124944
82 1 1124962
73 1 1125033
79 0 1125110
82 0 1125179
79 1 1125245
82 1 1125323
32 0 1125491
32 1 1125611
8 0 1125924
8 1 1126061
188 0 1126893
188 1 1127010
32 0 1127119
32 1 1127233
77 0 1127329
77 1 1127459
69 0 1127491
69 1 1127624
82 0 1127718
71 0 1127821
82 1 1127850
71 1 1127920
32 0 1127958
32 1 1128104
76 0 1128209
65 0 1128334
76 1 1128346
65 1 1128465
32 0 1128508
32 1 1128630
67 0 1129070
85 0 1129161
67 1 1129223
85 1 1129261
77 0 1129378
77 1 1129488
80 0 1129609
80 1 1129727
65 0 1129745
65 1 1129848
82 0 1129910
82 1 1130021
65 0 1130024
84 0 1130085
65 1 1130138
84 1 1130198
85 0 1130345
85 1 1130477
82 0 1130486
73 0 1130608
82 1 1130639
73 1 1130720
188 0 1130952
188 1 1131073
32 0 1131274
32 1 1131401
8 0 1132850
8 1 1132949
8 0 1133011
8 1 1133131
32 0 1133317
83 0 1133427
32 1 1133470
83 1 1133562
65 0 1133728
85 0 1133849
65 1 1133892
32 0 1133991
85 1 1133994
32 1 1134140
65 0 1135522
65 1 1135739
77 0 1135781
77 1 1135919
8 0 1137604
8 1 1137707
8 0 1137757
83 0 1137889
8 1 1137893
83 1 1138049
84 0 1138132
84 1 1138248
65 0 1138324
65 1 1138440
66 0 1138497
66 1 1138613
73 0 1138751
73 1 1138865
76 0 1138979
69 0 1139103
76 1 1139158
69 1 1139235
83 0 1139341
83 1 1139472
67 0 1139620
32 0 1139764
67 1 1139778
32 1 1139908
73 0 1139949
73 1 1140052
78 0 1140153
78 1 1140273
84 0 1140393
84 1 1140502
65 0 1140506
65 1 1140622
76 0 1140683
76 1 1140863
78 0 1141052
78 1 1141179
73 0 1141310
73 1 1141437
82 0 1141454
82 1 1141598
73 0 1141640
73 1 1141770
32 0 1141802
67 0 1141931
32 1 1141951
85 0 1142021
67 1 1142111
85 1 1142145
32 0 1142154
32 1 1142288
80 0 1142478
80 1 1142640
82 0 1143050
82 1 1143223
73 0 1143251
73 1 1143382
69 0 1143459
69 1 1143609
84 0 1143709
69 0 1143826
84 1 1143833
69 1 1143958
78 0 1144060
78 1 1144189
73 0 1144321
73 1 1144421
190 0 1146843
190 1 1146988
32 0 1147192
32 1 1147312
16 0 1148629
16 0 1149148
16 0 1149179
16 0 1149213
16 0 1149247
16 0 1149280
16 0 1149313
16 0 1149347
16 0 1149381
16 0 1149412
16 0 1149444
16 0 1149478
16 0 1149512
16 0 1149546
16 0 1149579
16 0 1149614
16 0 1149644
16 0 1149678
16 0 1149712
16 0 1149744
16 0 1149776
16 0 1149811
16 0 1149846
16 0 1149877
16 0 1149909
16 0 1149946
16 0 1149978
16 0 1150010
16 0 1150046
16 0 1150079
16 0 1150112
16 0 1150144
16 0 1150177
16 0 1150210
16 0 1150243
16 0 1150276
16 0 1150311
16 0 1150343
16 0 1150376
16 0 1150409
16 0 1150442
16 0 1150475
16 0 1150509
16 0 1150542
16 0 1150578
16 0 1150609
16 0 1150642
16 0 1150676
16 0 1150708
16 0 1150741
16 0 1150774
16 0 1150807
16 0 1150843
16 0 1150874
16 0 1150907
16 0 1150939
16 0 1150974
16 0 1151006
16 0 1151041
65 0 1151042
65 1 1151206
16 1 1151294
83 0 1151402
83 1 1151566
8 0 1152752
8 1 1152906
8 0 1153452
8 1 1153661
16 0 1160170
78 0 1160490
16 1 1160607
78 1 1160608
69 0 1160774
32 0 1160868
69 1 1160930
32 1 1161002
80 0 1161060
80 1 1161193
76 0 1161301
76 1 1161483
73 0 1161579
73 1 1161674
77 0 1161801
77 1 1161931
66 0 1162109
66 1 1162215
65 0 1162773
65 1 1162955
77 0 1163025
77 1 1163152
188 0 1167781
188 1 1167961
32 0 1168161
32 1 1168309
83 0 1168491
83 1 1168634
84 0 1168637
84 1 1168768
65 0 1168845
77 0 1169020
65 1 1169038
77 1 1169152
32 0 1169215
32 1 1169347
76 0 1169430
76 1 1169594
65 0 1170043
65 1 1170251
32 0 1170326
32 1 1170480
85 0 1170580
85 1 1170690
78 0 1170837
78 1 1170961
32 0 1171051
32 1 1171204
83 0 1171238
85 0 1171350
83 1 1171378
85 1 1171465
8 0 1171860
8 1 1171989
8 0 1172043
8 1 1172164
8 0 1172219
8 1 1172331
8 0 1172396
8 1 1172533
8 0 1172882
8 1 1172998
79 0 1173109
79 1 1173240
32 0 1173246
32 1 1173394
84 0 1173454
69 0 1173524
84 1 1173574
69 1 1173653
82 0 1173671
82 1 1173780
65 0 1173856
65 1 1173982
83 0 1174083
83 1 1174188
65 0 1174354
65 1 1174478
190 0 1174818
190 1 1174940
32 0 1175121
32 1 1175233
16 0 1175934
83 0 1176427
16 1 1176562
83 1 1176608
69 0 1177012
69 1 1177160
65 0 1177385
65 1 1177524
82 0 1177665
65 0 1177774
82 1 1177797
65 1 1177971
8 0 1179832
8 1 1179985
8 0 1180051
8 1 1180174
8 0 1180238
8 1 1180535
8 0 1180665
8 1 1180852
8 0 1181114
8 1 1181288
37 0 1188257
37 1 1188466
16 0 1189510
76 0 1189903
76 1 1190012
16 1 1190046
65 0 1190136
32 0 1190295
65 1 1190303
32 1 1190412
80 0 1190476
80 1 1190625
65 0 1191106
82 0 1191259
65 1 1191281
82 1 1191381
8 0 1192729
8 1 1192894
8 0 1194052
8 1 1194230
8 0 1194324
8 1 1194461
8 0 1194536
8 1 1194679
8 0 1194756
8 1 1194906
8 0 1194975
8 1 1195108
16 0 1197494
16 1 1198008
16 0 1200470
80 0 1200615
80 1 1200732
16 1 1200798
82 0 1200955
82 1 1201049
65 0 1201066
65 1 1201221
78 0 1201337
78 1 1201450
90 0 1201468
85 0 1201557
90 1 1201604
85 1 1201655
76 0 1201762
76 1 1201875
32 0 1201974
83 0 1202094
32 1 1202103
83 1 1202244
69 0 1202425
32 0 1202566
69 1 1202569
32 1 1202691
80 0 1202753
79 0 1202853
80 1 1202935
79 1 1203023
65 0 1203027
65 1 1203137
84 0 1203139
84 1 1203239
69 0 1203281
32 0 1203349
69 1 1203430
32 1 1203490
84 0 1203499
84 1 1203623
82 0 1203664
65 0 1203785
82 1 1203790
65 1 1203906
78 0 1203986
83 0 1204099
78 1 1204103
83 1 1204225
70 0 1204367
70 1 1204475
79 0 1204499
82 0 1204585
79 1 1204614
82 1 1204705
77 0 1204768
77 1 1204918
65 0 1204982
32 0 1205060
65 1 1205121
32 1 1205182
73 0 1205192
73 1 1205320
78 0 1205434
78 1 1205538
84 0 1206023
84 1 1206147
82 0 1206217
189 0 1206263
82 1 1206347
189 1 1206429
79 0 1206552
79 1 1206684
32 0 1206723
67 0 1206842
32 1 1206885
73 0 1206930
67 1 1206984
73 1 1207056
78 0 1207178
78 1 1207287
65 0 1207342
65 1 1207490
32 0 1210659
83 0 1210801
32 1 1210812
83 1 1210922
65 0 1211082
85 0 1211192
65 1 1211236
85 1 1211302
32 0 1211336
32 1 1211477
79 0 1212991
79 1 1213108
32 0 1213205
32 1 1213371
73 0 1214024
73 1 1214140
69 0 1214151
69 1 1214310
83 0 1214425
73 0 1214545
83 1 1214593
73 1 1214656
82 0 1214823
69 0 1214938
82 1 1214943
69 1 1215092
32 0 1216000
32 1 1216124
76 0 1216247
65 0 1216376
76 1 1216384
32 0 1216503
65 1 1216509
32 1 1216651
85 0 1216741
85 1 1216849
78 0 1216958
78 1 1217070
32 0 1217149
32 1 1217276
70 0 1217433
73 0 1217554
70 1 1217582
73 1 1217673
76 0 1217799
76 1 1217919
77 0 1218040
77 1 1218145
32 0 1218223
32 1 1218337
76 0 1218377
65 0 1218481
76 1 1218521
65 1 1218603
32 0 1218641
32 1 1218779
67 0 1218815
73 0 1218869
67 1 1218964
73 1 1218978
78 0 1219089
69 0 1219160
78 1 1219198
69 1 1219302
77 0 1219313
77 1 1219443
65 0 1219520
84 0 1219597
65 1 1219630
84 1 1219701
79 0 1219826
79 1 1219977
71 0 1220142
71 1 1220239
82 0 1220260
82 1 1220393
65 0 1220586
70 0 1220633
65 1 1220731
70 1 1220738
190 0 1225193
190 1 1225318
32 0 1229022
32 1 1229181
16 0 1234226
65 0 1234605
16 1 1234791
65 1 1234817
83 0 1235224
83 1 1235405
8 0 1236390
8 1 1236535
8 0 1236586
16 0 1236671
8 1 1236712
67 0 1236967
16 1 1237078
67 1 1237080
69 0 1237228
76 0 1237347
69 1 1237387
76 1 1237463
32 0 1237574
32 1 1237698
8 0 1237929
8 1 1238061
8 0 1238078
8 1 1238246
76 0 1238758
76 1 1238864
32 0 1238975
32 1 1239092
77 0 1239237
77 1 1239367
65 0 1239461
73 0 1239566
65 1 1239621
73 1 1239676
32 0 1239702
32 1 1239820
68 0 1239910
68 1 1240087
69 0 1240184
69 1 1240306
83 0 1240415
83 1 1240540
32 0 1240551
32 1 1240692
65 0 1240702
65 1 1240824
83 0 1240920
32 0 1241057
83 1 1241062
32 1 1241175
80 0 1241243
82 0 1241308
80 1 1241375
82 1 1241441
69 0 1241514
69 1 1241645
70 0 1242086
69 0 1242198
70 1 1242218
82 0 1242327
69 1 1242339
82 1 1242433
65 0 1242700
65 1 1242832
32 0 1242856
32 1 1242981
67 0 1243030
65 0 1243136
67 1 1243142
32 0 1243241
65 1 1243246
32 1 1243353
73 0 1243405
73 1 1243513
78 0 1243613
78 1 1243729
32 0 1243804
32 1 1243922
87 0 1244039
87 1 1244171
69 0 1244274
69 1 1244379
69 0 1244440
69 1 1244568
75 0 1244623
69 0 1244732
75 1 1244775
69 1 1244863
78 0 1244920
68 0 1244991
78 1 1245035
68 1 1245152
32 0 1245186
32 1 1245316
83 0 1245333
83 1 1245465
65 0 1245611
32 0 1245700
65 1 1245760
32 1 1245825
80 0 1245918
80 1 1246069
79 0 1246141
79 1 1246277
84 0 1246443
84 1 1246551
32 0 1246577
32 1 1246743
70 0 1247244
65 0 1247345
70 1 1247356
67 0 1247444
65 1 1247474
67 1 1247545
69 0 1247618
32 0 1247705
69 1 1247759
32 1 1247837
77 0 1248331
77 1 1248429
73 0 1248526
67 0 1248609
73 1 1248643
73 0 1248719
67 1 1248752
32 0 1248816
73 1 1248828
67 0 1248902
32 1 1248958
67 1 1249024
65 0 1249168
65 1 1249273
76 0 1249312
65 0 1249383
76 1 1249449
65 1 1249505
8 0 1250357
8 1 1250457
8 0 1250530
8 1 1250633
8 0 1250699
8 1 1250805
8 0 1250858
8 1 1250968
8 0 1251018
8 1 1251133
8 0 1251207
8 1 1251327
8 0 1251371
8 1 1251510
8 0 1251551
8 1 1251714
8 0 1251739
8 1 1251861
83 0 1251887
83 1 1252061
67 0 1252211
67 1 1252347
85 0 1252371
85 1 1252486
82 0 1252525
84 0 1252649
82 1 1252652
84 1 1252752
69 0 1252764
69 1 1252885
32 0 1252933
32 1 1253070
67 0 1253072
67 1 1253203
65 0 1253335
65 1 1253448
76 0 1253470
65 0 1253562
76 1 1253598
65 1 1253673
84 0 1253854
84 1 1253969
79 0 1254020
82 0 1254062
79 1 1254124
82 1 1254195
73 0 1254222
73 1 1254320
73 0 1254367
32 0 1254485
73 1 1254527
73 0 1254656
32 1 1254664
73 1 1254763
78 0 1254870
78 1 1254979
32 0 1255041
65 0 1255156
32 1 1255178
65 1 1255284
70 0 1255308
65 0 1255403
70 1 1255432
65 1 1255499
82 0 1255518
65 0 1255593
82 1 1255623
32 0 1255686
65 1 1255713
32 1 1255837
79 0 1255905
82 0 1256008
79 1 1256041
82 1 1256131
65 0 1256304
65 1 1256429
83 0 1256516
83 1 1256660
85 0 1256926
85 1 1257020
76 0 1257154
76 1 1257300
85 0 1257445
85 1 1257558
73 0 1257632
73 1 1257750
188 0 1261446
188 1 1261570
32 0 1261778
32 1 1261900
65 0 1262076
65 1 1262208
83 0 1262323
84 0 1262429
83 1 1262475
84 1 1262548
70 0 1262832
70 1 1262965
69 0 1262988
69 1 1263149
76 0 1263383
76 1 1263527
32 0 1265919
32 1 1266064
90 0 1266179
73 0 1266304
90 1 1266354
73 1 1266401
76 0 1266588
69 0 1266724
76 1 1266730
76 0 1266855
69 1 1266860
76 1 1266953
69 0 1266964
69 1 1267083
32 0 1267170
32 1 1267308
73 0 1267368
73 1 1267478
68 0 1267501
68 1 1267677
69 0 1267803
69 1 1267937
65 0 1268129
65 1 1268254
76 0 1268272
76 1 1268425
69 0 1268444
69 1 1268588
32 0 1268654
32 1 1268790
83 0 1268796
189 0 1268899
83 1 1268933
189 1 1269073
65 0 1269129
65 1 1269252
82 0 1269509
82 1 1269675
8 0 1272027
8 0 1272546
8 0 1272580
8 0 1272616
8 0 1272645
8 0 1272677
8 0 1272710
8 0 1272746
8 0 1272779
8 0 1272812
8 0 1272847
8 0 1272876
8 0 1272910
8 0 1272943
8 0 1272977
8 0 1273010
8 1 1273016
85 0 1273767
85 1 1273879
65 0 1273886
32 0 1273962
65 1 1274034
32 1 1274093
73 0 1274119
73 1 1274240
68 0 1274250
68 1 1274375
69 0 1274456
69 1 1274578
65 0 1274708
65 1 1274822
76 0 1274837
65 0 1274948
76 1 1274991
65 1 1275063
32 0 1275123
83 0 1275214
32 1 1275264
83 1 1275329
189 0 1275350
65 0 1275503
189 1 1275508
65 1 1275618
82 0 1275835
82 1 1275975
32 0 1276035
32 1 1276182
84 0 1276322
84 1 1276440
82 0 1276509
65 0 1276610
82 1 1276617
65 1 1276743
78 0 1276819
83 0 1276916
78 1 1276935
83 1 1277054
70 0 1277194
70 1 1277293
79 0 1277332
82 0 1277422
79 1 1277454
82 1 1277530
77 0 1277579
77 1 1277704
65 0 1277766
32 0 1277853
65 1 1277896
73 0 1277980
32 1 1277994
73 1 1278100
78 0 1278223
78 1 1278344
32 0 1278666
32 1 1278803
87 0 1278920
87 1 1279063
69 0 1279176
69 1 1279286
69 0 1279346
69 1 1279461
75 0 1279489
69 0 1279588
75 1 1279598
69 1 1279722
78 0 1279729
68 0 1279844
78 1 1279861
68 1 1279997
85 0 1280014
85 1 1280104
76 0 1280646
76 1 1280796
32 0 1280931
32 1 1281061
73 0 1281091
68 0 1281184
73 1 1281211
68 1 1281309
69 0 1281404
69 1 1281534
65 0 1281746
76 0 1281885
65 1 1281919
76 1 1282011
190 0 1282163
190 1 1282280
32 0 1282518
32 1 1282632
16 0 1397056
83 0 1397332
16 1 1397413
73 0 1397501
83 1 1397505
73 1 1397595
83 0 1397622
84 0 1397726
83 1 1397749
84 1 1397838
69 0 1397927
77 0 1398052
69 1 1398062
77 1 1398155
85 0 1398256
85 1 1398344
76 0 1398451
76 1 1398575
32 0 1398661
69 0 1398739
32 1 1398775
69 1 1398875
68 0 1398981
68 1 1399132
85 0 1399175
67 0 1399252
85 1 1399287
67 1 1399367
65 0 1399511
84 0 1399588
65 1 1399638
84 1 1399686
73 0 1399829
73 1 1399944
79 0 1400020
79 1 1400134
78 0 1400224
78 1 1400343
65 0 1400361
76 0 1400458
65 1 1400500
76 1 1400585
32 0 1401682
32 1 1401820
73 0 1401862
73 1 1401990
78 0 1402115
78 1 1402222
8 0 1404038
8 1 1404186
8 0 1404314
8 1 1404509
68 0 1404830
73 0 1404956
68 1 1405000
73 1 1405049
78 0 1405163
78 1 1405285
32 0 1405379
32 1 1405504
16 0 1405665
82 0 1405754
82 1 1405868
16 1 1405935
79 0 1406252
79 1 1406391
77 0 1406605
77 1 1406750
65 0 1406765
78 0 1406869
65 1 1406880
78 1 1406983
73 0 1407125
65 0 1407245
73 1 1407246
65 1 1407365
32 0 1407975
69 0 1408089
32 1 1408156
69 1 1408226
83 0 1408339
84 0 1408459
83 1 1408478
84 1 1408571
69 0 1408644
69 1 1408792
32 0 1408899
32 1 1409024
73 0 1409099
73 1 1409204
78 0 1409310
78 1 1409415
84 0 1409565
84 1 1409681
82 0 1409798
82 1 1409943
189 0 1409977
189 1 1410147
79 0 1410265
79 1 1410409
32 0 1410484
32 1 1410612
71 0 1417459
71 1 1417575
82 0 1417897
82 1 1418012
65 0 1418189
65 1 1418338
86 0 1418398
65 0 1418524
86 1 1418526
65 1 1418641
32 0 1418710
32 1 1418835
76 0 1419171
76 1 1419305
73 0 1419412
73 1 1419513
80 0 1419599
83 0 1419676
80 1 1419724
83 1 1419779
65 0 1419881
32 0 1419998
65 1 1419999
68 0 1420139
32 1 1420140
68 1 1420265
69 0 1420338
32 0 1420436
69 1 1420484
32 1 1420555
77 0 1420637
77 1 1420754
79 0 1420862
79 1 1421001
84 0 1421078
73 0 1421181
84 1 1421218
73 1 1421285
86 0 1421523
65 0 1421653
86 1 1421670
65 1 1421770
84 0 1421812
84 1 1421926
73 0 1422065
69 0 1422180
73 1 1422228
69 1 1422334
188 0 1424538
188 1 1424682
32 0 1424832
32 1 1424940
80 0 1425090
80 1 1425216
84 0 1425500
84 1 1425649
8 0 1426097
69 0 1426194
8 1 1426227
69 1 1426344
78 0 1426462
78 1 1426575
84 0 1426579
84 1 1426705
82 0 1426780
85 0 1426857
82 1 1426903
85 1 1426962
32 0 1426987
32 1 1427119
77 0 1427784
77 1 1427907
85 0 1428003
85 1 1428102
76 0 1428203
84 0 1428316
76 1 1428344
73 0 1428463
84 1 1428468
73 1 1428581
32 0 1428634
32 1 1428748
80 0 1429073
80 1 1429193
82 0 1429361
79 0 1429471
82 1 1429498
79 1 1429596
70 0 1429791
69 0 1429868
70 1 1429896
69 1 1429989
83 0 1430138
73 0 1430238
83 1 1430264
73 1 1430326
79 0 1430408
82 0 1430534
79 1 1430538
82 1 1430677
73 0 1430694
73 1 1430805
32 0 1431045
32 1 1431188
83 0 1431204
73 0 1431287
83 1 1431336
73 1 1431409
8 0 1431651
8 1 1431809
8 0 1431847
8 1 1431965
8 0 1432020
8 1 1432138
8 0 1432197
8 1 1432326
8 0 1432369
8 1 1432512
8 0 1432574
8 1 1432735
8 0 1432872
8 1 1433069
79 0 1433402
79 1 1433505
82 0 1433777
82 1 1433969
73 0 1433980
73 1 1434112
188 0 1434417
188 1 1434527
32 0 1434807
32 1 1434959
67 0 1435022
65 0 1435141
67 1 1435160
82 0 1435255
65 1 1435258
82 1 1435371
69 0 1435404
32 0 1435495
69 1 1435549
32 1 1435605
78 0 1435677
78 1 1435781
85 0 1435873
32 0 1435949
85 1 1435983
82 0 1436065
32 1 1436097
82 1 1436174
69 0 1436249
85 0 1436341
69 1 1436366
85 1 1436448
83 0 1436500
83 1 1436633
69 0 1436730
69 1 1436846
83 0 1436956
67 0 1437002
83 1 1437087
67 1 1437119
32 0 1437202
83 0 1437316
32 1 1437351
83 1 1437432
65 0 1437532
32 0 1437636
65 1 1437663
32 1 1437758
67 0 1445169
67 1 1445298
82 0 1445301
82 1 1445427
69 0 1445503
69 1 1445622
69 0 1446112
69 1 1446257
90 0 1446431
90 1 1446580
69 0 1446749
32 0 1446887
69 1 1446892
32 1 1447009
76 0 1447099
69 0 1447148
76 1 1447242
69 1 1447283
71 0 1447403
71 1 1447505
65 0 1447531
65 1 1447641
84 0 1447659
84 1 1447757
85 0 1447857
82 0 1447940
85 1 1447980
82 1 1448089
73 0 1448153
73 1 1448263
32 0 1448350
32 1 1448477
67 0 1449236
85 0 1449339
67 1 1449390
85 1 1449450
32 0 1449489
32 1 1449622
69 0 1450245
69 1 1450366
76 0 1450393
69 0 1450481
76 1 1450523
69 1 1450606
86 0 1450759
73 0 1450889
86 1 1450900
73 1 1450989
73 0 1451030
73 1 1451152
190 0 1451478
190 1 1451582
32 0 1451830
32 1 1451959
16 0 1516428
68 0 1516579
68 1 1516689
16 1 1516792
8 0 1517968
8 1 1518122
16 0 1561398
16 0 1561914
16 0 1561948
16 0 1561981
16 0 1562015
16 0 1562047
16 0 1562079
16 0 1562113
16 0 1562147
16 0 1562180
16 0 1562215
16 0 1562250
16 0 1562279
16 0 1562313
16 0 1562345
16 0 1562378
16 0 1562416
16 0 1562448
16 0 1562480
16 0 1562511
16 0 1562545
16 0 1562579
16 0 1562611
16 0 1562645
16 0 1562679
16 0 1562712
16 0 1562745
16 0 1562778
16 0 1562812
16 0 1562845
16 0 1562878
16 0 1562911
16 0 1562947
16 0 1562978
16 0 1563011
16 0 1563045
16 0 1563078
16 0 1563110
16 0 1563145
16 0 1563178
16 0 1563211
16 0 1563244
16 0 1563278
16 0 1563311
16 0 1563344
69 0 1563349
69 1 1563453
16 1 1563548
8 0 1564764
8 1 1564974
8 0 1568189
8 1 1568340
8 0 1568405
8 1 1568554
32 0 1568792
83 0 1568913
32 1 1568931
73 0 1568989
83 1 1569078
32 0 1569097
73 1 1569109
32 1 1569215
78 0 1569272
78 1 1569387
85 0 1569435
85 1 1569621
32 0 1569656
32 1 1569829
82 0 1570050
82 1 1570187
69 0 1570287
69 1 1570413
85 0 1570465
85 1 1570576
83 0 1570653
83 1 1570768
69 0 1570862
69 1 1570965
83 0 1571078
67 0 1571144
83 1 1571193
67 1 1571244
32 0 1571329
83 0 1571409
32 1 1571459
83 1 1571515
65 0 1571631
32 0 1571734
65 1 1571751
32 1 1571862
73 0 1572667
73 1 1572766
73 0 1572815
73 1 1572935
32 0 1573172
32 1 1573313
73 0 1573784
73 1 1573898
78 0 1574018
78 1 1574157
86 0 1574283
69 0 1574386
86 1 1574424
69 1 1574528
84 0 1574562
69 0 1574666
84 1 1574690
69 1 1574793
8 0 1576153
8 1 1576311
8 0 1576367
8 1 1576510
8 0 1576589
8 1 1576700
8 0 1576772
8 1 1576903
8 0 1576960
8 1 1577126
8 0 1577365
8 1 1577554
8 0 1578635
8 1 1578778
8 0 1578854
8 1 1578999
8 0 1579080
8 1 1579224
69 0 1579839
69 1 1579989
76 0 1580028
76 1 1580149
73 0 1580248
73 1 1580352
77 0 1580449
77 1 1580541
73 0 1580628
73 1 1580723
78 0 1580814
69 0 1580895
78 1 1580928
69 1 1581038
32 0 1581079
32 1 1581221
83 0 1582475
83 1 1582644
73 0 1582679
73 1 1582788
84 0 1582894
84 1 1583016
85 0 1583025
85 1 1583145
65 0 1583204
84 0 1583285
65 1 1583330
84 1 1583387
73 0 1583498
73 1 1583558
73 0 1583634
73 1 1583766
73 0 1583835
73 1 1583954
8 0 1584504
8 1 1584600
76 0 1584720
69 0 1584847
76 1 1584850
69 1 1584983
32 0 1585006
68 0 1585098
32 1 1585148
68 1 1585236
69 0 1585331
69 1 1585454
32 0 1585498
32 1 1585623
65 0 1585730
65 1 1585824
78 0 1585853
78 1 1585969
65 0 1585990
65 1 1586089
76 0 1586542
76 1 1586668
70 0 1586877
70 1 1586995
65 0 1587021
65 1 1587135
66 0 1587172
66 1 1587288
69 0 1587321
69 1 1587458
84 0 1587533
84 1 1587637
73 0 1587768
73 1 1587887
83 0 1587943
77 0 1588042
83 1 1588058
77 1 1588150
32 0 1588244
32 1 1588386
70 0 1588492
85 0 1588592
70 1 1588635
85 1 1588684
78 0 1588791
78 1 1588907
67 0 1588930
84 0 1589054
67 1 1589066
84 1 1589160
73 0 1589399
73 1 1589486
79 0 1589580
79 1 1589664
78 0 1589783
78 1 1589905
65 0 1590016
76 0 1590126
65 1 1590170
76 1 1590229
190 0 1590495
190 1 1590598
32 0 1590793
32 1 1590915
73 0 1603439
73 1 1603553
77 0 1603663
77 1 1603771
73 0 1603867
73 1 1603957
78 0 1604055
69 0 1604173
78 1 1604179
78 0 1604292
69 1 1604332
78 1 1604426
84 0 1604542
84 1 1604653
69 0 1604663
69 1 1604805
32 0 1604836
32 1 1604961
40 0 1605916
40 1 1606000
16 0 1611595
84 0 1611741
84 1 1611851
16 1 1611883
73 0 1612000
73 1 1612103
78 0 1612219
69 0 1612342
78 1 1612347
69 1 1612478
82 0 1612572
73 0 1612675
82 1 1612708
73 1 1612764
73 0 1612819
32 0 1612952
73 1 1612961
32 1 1613111
83 0 1613117
85 0 1613173
83 1 1613229
85 1 1613268
78 0 1613391
78 1 1613496
84 0 1613610
84 1 1613715
32 0 1613731
32 1 1613867
80 0 1616242
80 1 1616377
82 0 1616410
82 1 1616548
69 0 1616623
69 1 1616735
65 0 1616943
32 0 1617059
65 1 1617064
32 1 1617188
65 0 1620680
65 1 1620824
8 0 1623729
8 0 1624247
8 0 1624282
8 0 1624313
8 0 1624346
8 0 1624380
8 1 1624405
8 0 1643528
8 0 1644046
8 0 1644080
8 0 1644114
8 0 1644148
8 0 1644181
8 0 1644214
8 0 1644248
8 0 1644280
8 0 1644313
8 0 1644347
8 1 1644375
8 0 1644527
8 1 1644665
8 0 1644756
8 1 1644894
16 0 1645635
16 0 1646154
16 0 1646188
16 0 1646221
16 0 1646256
16 0 1646289
16 0 1646323
16 0 1646355
16 0 1646390
16 0 1646422
16 0 1646457
16 0 1646489
16 0 1646521
16 0 1646553
16 0 1646589
16 0 1646622
16 0 1646655
16 0 1646688
16 0 1646722
16 0 1646755
16 0 1646788
16 0 1646821
16 0 1646855
16 0 1646888
16 0 1646921
16 0 1646954
16 0 1646987
16 0 1647021
16 0 1647055
16 0 1647088
16 0 1647120
16 0 1647151
16 0 1647185
16 0 1647218
16 0 1647253
16 0 1647287
67 0 1647304
67 1 1647411
16 1 1647469
82 0 1648381
82 1 1648527
69 0 1648635
69 1 1648756
68 0 1648873
68 1 1649003
32 0 1649013
32 1 1649140
67 0 1649237
65 0 1649348
67 1 1649353
32 0 1649480
65 1 1649485
32 1 1649600
69 0 1653331
69 1 1653452
68 0 1653544
68 1 1653653
85 0 1653671
67 0 1653759
85 1 1653804
67 1 1653848
65 0 1653971
84 0 1654037
65 1 1654080
84 1 1654113
73 0 1654219
65 0 1654300
73 1 1654343
65 1 1654416
32 0 1654425
32 1 1654576
84 0 1654654
84 1 1654772
82 0 1654819
69 0 1654948
82 1 1654955
69 1 1655086
66 0 1655177
66 1 1655282
85 0 1655400
85 1 1655511
73 0 1655598
69 0 1655657
73 1 1655723
69 1 1655802
32 0 1655817
83 0 1655925
32 1 1655966
83 1 1656028
65 0 1656158
32 0 1656211
65 1 1656260
32 1 1656350
73 0 1656366
73 1 1656483
78 0 1656579
67 0 1656689
78 1 1656694
67 1 1656804
69 0 1657337
69 1 1657480
65 0 1657642
65 1 1657753
80 0 1657781
65 0 1657877
80 1 1657881
65 1 1657981
32 0 1658029
32 1 1658184
68 0 1658366
68 1 1658493
69 0 1658592
32 0 1658696
69 1 1658732
32 1 1658802
76 0 1659141
76 1 1659292
65 0 1659298
65 1 1659422
32 0 1660274
32 1 1660423
71 0 1661434
71 1 1661581
82 0 1661690
65 0 1661791
82 1 1661807
65 1 1661894
68 0 1662018
73 0 1662082
68 1 1662147
73 1 1662177
78 0 1662276
78 1 1662381
73 0 1662476
73 1 1662596
84 0 1662679
84 1 1662788
65 0 1662805
65 1 1662920
188 0 1663017
188 1 1663132
32 0 1663243
32 1 1663380
80 0 1663605
80 1 1663726
82 0 1663735
73 0 1663857
82 1 1663873
73 1 1663945
78 0 1664050
78 1 1664160
32 0 1664238
32 1 1664375
83 0 1664450
83 1 1664554
84 0 1664600
84 1 1664710
73 0 1664953
73 1 1665020
77 0 1666353
77 1 1666468
85 0 1666561
85 1 1666649
76 0 1666767
76 1 1666874
65 0 1666878
65 1 1667008
82 0 1667080
82 1 1667186
69 0 1667191
69 1 1667306
65 0 1667458
65 1 1667575
32 0 1667586
32 1 1667730
71 0 1668443
71 1 1668542
65 0 1668583
78 0 1668711
65 1 1668721
78 1 1668855
68 0 1668894
68 1 1669027
73 0 1669043
73 1 1669149
82 0 1669188
73 0 1669322
82 1 1669336
73 1 1669412
73 0 1669460
73 1 1669575
32 0 1669752
32 1 1669883
76 0 1669985
76 1 1670121
79 0 1670202
79 1 1670324
71 0 1670489
71 1 1670597
73 0 1670965
73 1 1671076
67 0 1671095
67 1 1671195
69 0 1671357
69 1 1671497
188 0 1672745
188 1 1672848
32 0 1672944
32 1 1673054
80 0 1673082
82 0 1673177
80 1 1673216
73 0 1673285
82 1 1673308
73 1 1673373
78 0 1673467
78 1 1673575
32 0 1673621
32 1 1673750
73 0 1673756
73 1 1673861
77 0 1673963
77 1 1674063
80 0 1674184
80 1 1674287
76 0 1674362
76 1 1674477
73 0 1674623
73 1 1674760
67 0 1674957
67 1 1675077
65 0 1675238
65 1 1675363
82 0 1675379
82 1 1675481
69 0 1675511
69 1 1675618
65 0 1675752
65 1 1675897
32 0 1675962
32 1 1676111
73 0 1676282
73 1 1676376
78 0 1676495
78 1 1676607
32 0 1677031
32 1 1677173
65 0 1677177
65 1 1677327
67 0 1677524
84 0 1677665
67 1 1677674
84 1 1677764
73 0 1677874
73 1 1678012
86 0 1678095
73 0 1678228
86 1 1678233
73 1 1678327
84 0 1678438
84 1 1678553
84 0 1678697
84 1 1678815
8 0 1679191
65 0 1679263
8 1 1679318
65 1 1679434
84 0 1679478
84 1 1679588
73 0 1679748
73 1 1679840
32 0 1680251
32 1 1680386
83 0 1680426
83 1 1680547
79 0 1680553
79 1 1680671
67 0 1680709
67 1 1680837
73 0 1680846
73 1 1680951
65 0 1680999
65 1 1681125
76 0 1681129
76 1 1681257
69 0 1681316
69 1 1681459
188 0 1681719
188 1 1681840
32 0 1682099
32 1 1682235
74 0 1686964
74 1 1687096
79 0 1687234
79 1 1687366
67 0 1687427
67 1 1687601
85 0 1687634
85 1 1687752
82 0 1687843
82 1 1688005
73 0 1688016
73 1 1688143
190 0 1691496
190 1 1691646
32 0 1691836
32 1 1691989
16 0 1692146
80 0 1692288
80 1 1692420
16 1 1692462
65 0 1692625
65 1 1692792
82 0 1693091
82 1 1693253
73 0 1693275
73 1 1693370
78 0 1693498
84 0 1693619
78 1 1693620
84 1 1693767
73 0 1693781
73 1 1693882
73 0 1693948
73 1 1694055
32 0 1694122
32 1 1694267
65 0 1694467
65 1 1694614
82 0 1694619
82 1 1694712
32 0 1694728
32 1 1694898
84 0 1694939
84 1 1695061
82 0 1695124
69 0 1695241
82 1 1695251
69 1 1695404
66 0 1695521
66 1 1695632
85 0 1695778
85 1 1695882
73 0 1695986
73 1 1696089
32 0 1696134
83 0 1696248
32 1 1696282
83 1 1696398
65 0 1696519
32 0 1696635
65 1 1696657
32 1 1696771
73 0 1696831
73 1 1696937
78 0 1697049
78 1 1697161
68 0 1697200
68 1 1697328
69 0 1697405
77 0 1697484
69 1 1697547
77 1 1697601
78 0 1697683
69 0 1697796
78 1 1697829
69 1 1697938
32 0 1697989
32 1 1698119
67 0 1698739
79 0 1698881
67 1 1698910
79 1 1698968
80 0 1699081
80 1 1699173
73 0 1699311
73 1 1699423
73 0 1699472
73 1 1699575
73 0 1699902
73 1 1700018
32 0 1700165
32 1 1700305
83 0 1700331
83 1 1700499
80 0 1700500
80 1 1700618
82 0 1700685
82 1 1700833
69 0 1700913
69 1 1701033
32 0 1701300
32 1 1701459
86 0 1702170
86 1 1702294
65 0 1702329
65 1 1702460
76 0 1702886
76 1 1703041
79 0 1703172
82 0 1703312
79 1 1703316
73 0 1703427
82 1 1703456
73 1 1703533
76 0 1703915
69 0 1704042
76 1 1704056
69 1 1704249
8 0 1705340
8 1 1705520
8 0 1705602
8 1 1705750
8 0 1706206
8 1 1706346
8 0 1706424
8 1 1706556
8 0 1706625
8 1 1706757
8 0 1707107
8 1 1707294
8 0 1707512
8 1 1707706
8 0 1707922
8 1 1708114
65 0 1710141
65 1 1710273
67 0 1710450
84 0 1710566
67 1 1710588
84 1 1710664
73 0 1710782
86 0 1710825
73 1 1710887
73 0 1710952
86 1 1710962
73 1 1711053
84 0 1711139
84 1 1711249
65 0 1711259
84 0 1711331
65 1 1711396
84 1 1711429
73 0 1711548
73 1 1711669
32 0 1711696
68 0 1711762
32 1 1711841
73 0 1711877
68 1 1711933
73 1 1711971
78 0 1712081
78 1 1712204
32 0 1712272
32 1 1712405
86 0 1712599
86 1 1712699
73 0 1712838
73 1 1712967
65 0 1712981
84 0 1713073
65 1 1713090
84 1 1713173
65 0 1713196
32 0 1713271
65 1 1713314
32 1 1713435
82 0 1713538
69 0 1713637
82 1 1713661
69 1 1713779
65 0 1713960
65 1 1714074
76 0 1714085
65 0 1714204
76 1 1714244
65 1 1714327
188 0 1719624
188 1 1719757
32 0 1719909
32 1 1720054
73 0 1721068
73 1 1721177
78 0 1721299
78 1 1721453
70 0 1721530
70 1 1721648
79 0 1721662
82 0 1721746
79 1 1721774
82 1 1721872
77 0 1721880
77 1 1722025
65 0 1722096
84 0 1722162
65 1 1722212
84 1 1722260
73 0 1722392
90 0 1722479
73 1 1722517
90 1 1722605
65 0 1722762
65 1 1722872
82 0 1722901
82 1 1723020
69 0 1723045
69 1 1723173
65 0 1723314
65 1 1723441
32 0 1723521
32 1 1723663
70 0 1724307
73 0 1724448
70 1 1724454
73 1 1724634
73 0 1725218
73 1 1725406
78 0 1725663
78 1 1725782
68 0 1725923
68 1 1726145
8 0 1727052
8 1 1727197
8 0 1727243
8 1 1727380
8 0 1727441
8 1 1727575
8 0 1727619
8 1 1727762
8 0 1727833
83 0 1727963
8 1 1727993
83 1 1728173
73 0 1728279
73 1 1728404
32 0 1728487
32 1 1728649
84 0 1728786
84 1 1728910
69 0 1728926
69 1 1729081
72 0 1729089
72 1 1729207
78 0 1729393
78 1 1729521
79 0 1729628
79 1 1729734
76 0 1729826
76 1 1729948
79 0 1730026
79 1 1730131
71 0 1730252
71 1 1730350
73 0 1730446
65 0 1730555
73 1 1730565
65 1 1730687
32 0 1730691
32 1 1730844
70 0 1730977
73 0 1731093
70 1 1731131
73 1 1731192
73 0 1731237
73 1 1731342
78 0 1731459
68 0 1731563
78 1 1731573
32 0 1731683
68 1 1731711
32 1 1731819
85 0 1732575
85 1 1732680
78 0 1732779
78 1 1732883
32 0 1732976
32 1 1733102
83 0 1733369
85 0 1733508
83 1 1733511
85 1 1733606
80 0 1733751
80 1 1733850
79 0 1733932
82 0 1734017
79 1 1734045
82 1 1734144
84 0 1734272
32 0 1734396
84 1 1734412
32 1 1734531
80 0 1734631
69 0 1734713
80 1 1734752
69 1 1734850
78 0 1734916
78 1 1735062
84 0 1735067
84 1 1735190
82 0 1735271
85 0 1735356
82 1 1735389
85 1 1735494
32 0 1735533
32 1 1735685
65 0 1735701
65 1 1735827
67 0 1736004
84 0 1736105
67 1 1736145
84 1 1736206
73 0 1736311
86 0 1736355
73 1 1736426
73 0 1736473
86 1 1736495
73 1 1736588
84 0 1736679
84 1 1736791
65 0 1736797
84 0 1736886
65 1 1736907
84 1 1736990
69 0 1737081
69 1 1737189
65 0 1737371
65 1 1737502
32 0 1738555
32 1 1738707
68 0 1739374
68 1 1739523
73 0 1739528
68 0 1739643
73 1 1739646
68 1 1739759
65 0 1739870
65 1 1739982
67 0 1740107
84 0 1740178
67 1 1740224
84 1 1740272
73 0 1740377
67 0 1740438
73 1 1740498
67 1 1740553
65 0 1740699
65 1 1740823
32 0 1740929
32 1 1741117
8 0 1744724
8 1 1744887
188 0 1745082
188 1 1745189
32 0 1745282
32 1 1745396
78 0 1745472
78 1 1745583
85 0 1746124
85 1 1746221
32 0 1746367
32 1 1746485
79 0 1755335
79 1 1755484
8 0 1756287
8 1 1756479
66 0 1757088
66 1 1757232
65 0 1757303
65 1 1757462
90 0 1757661
90 1 1757821
65 0 1757971
65 1 1758120
32 0 1758151
32 1 1758289
65 0 1758868
65 1 1759037
67 0 1759060
67 1 1759177
69 0 1759215
69 1 1759343
83 0 1759482
83 1 1759652
84 0 1759746
84 1 1759855
69 0 1759930
69 1 1760085
89 0 1760208
89 1 1760318
8 0 1761050
8 1 1761203
8 0 1761581
8 1 1761694
8 0 1761775
8 1 1761872
8 0 1761923
8 1 1762039
8 0 1762101
8 1 1762216
8 0 1762261
8 1 1762408
8 0 1762433
69 0 1762574
8 1 1762577
69 1 1762743
68 0 1762945
68 1 1763089
85 0 1763092
85 1 1763208
67 0 1763214
67 1 1763335
65 0 1763476
84 0 1763551
65 1 1763595
84 1 1763651
73 0 1763770
69 0 1763881
73 1 1763890
73 0 1763979
69 1 1764015
73 1 1764084
32 0 1764200
32 1 1764352
85 0 1764424
85 1 1764523
76 0 1764640
76 1 1764794
8 0 1766151
8 1 1766310
8 0 1766419
8 1 1766574
8 0 1767094
8 1 1767265
190 0 1767710
190 1 1767821
32 0 1767991
32 1 1768108
16 0 1769859
67 0 1770002
16 1 1770113
67 1 1770134
65 0 1770303
68 0 1770413
65 1 1770430
68 1 1770522
82 0 1770627
69 0 1770719
82 1 1770729
69 1 1770845
76 0 1770923
69 0 1771005
76 1 1771045
69 1 1771118
32 0 1771241
32 1 1771389
68 0 1771455
68 1 1771595
73 0 1771599
73 1 1771704
68 0 1771844
68 1 1771970
65 0 1772129
65 1 1772250
67 0 1772383
84 0 1772435
67 1 1772504
84 1 1772531
73 0 1772644
67 0 1772752
73 1 1772769
67 1 1772878
69 0 1772989
32 0 1773107
69 1 1773121
32 1 1773255
83 0 1773271
83 1 1773399
65 0 1773574
65 1 1773679
32 0 1773732
32 1 1773863
70 0 1774016
70 1 1774155
73 0 1774189
69 0 1774276
73 1 1774292
32 0 1774400
69 1 1774429
32 1 1774532
77 0 1774636
77 1 1774796
65 0 1774856
65 1 1774979
73 0 1775065
73 1 1775189
32 0 1775261
32 1 1775388
66 0 1779964
66 1 1780073
73 0 1780200
73 1 1780309
78 0 1780404
69 0 1780473
78 1 1780507
69 1 1780607
32 0 1780610
32 1 1780746
65 0 1780794
76 0 1780903
65 1 1780921
76 1 1781031
69 0 1781040
69 1 1781157
83 0 1781266
83 1 1781380
69 0 1781525
69 1 1781657
188 0 1781694
188 1 1781798
32 0 1781905
83 0 1782035
32 1 1782052
83 1 1782136
65 0 1782239
65 1 1782338
32 0 1782368
32 1 1782523
65 0 1783294
65 1 1783456
73 0 1783461
73 1 1783589
66 0 1783876
65 0 1784000
66 1 1784004
32 0 1784131
65 1 1784155
32 1 1784272
68 0 1785897
68 1 1786071
69 0 1786177
69 1 1786330
68 0 1787499
68 1 1787727
73 0 1787856
73 1 1788018
67 0 1788074
67 1 1788242
8 0 1789019
8 1 1789168
67 0 1789819
67 1 1789934
65 0 1790096
65 1 1790211
82 0 1790261
82 1 1790377
69 0 1790417
32 0 1790538
69 1 1790559
32 1 1790668
80 0 1790793
69 0 1790896
80 1 1790919
69 1 1791006
78 0 1791132
78 1 1791312
84 0 1791321
84 1 1791483
82 0 1791573
85 0 1791691
82 1 1791721
85 1 1791815
32 0 1791854
32 1 1791980
8 0 1796030
8 1 1796171
8 0 1796224
8 1 1796341
8 0 1796405
8 1 1796506
8 0 1796725
8 1 1796880
8 0 1796946
8 1 1797082
8 0 1797118
8 1 1797267
8 0 1797320
83 0 1797456
8 1 1797467
83 1 1797660
73 0 1797707
73 1 1797823
32 0 1797874
32 1 1798004
69 0 1798025
77 0 1798175
69 1 1798179
77 1 1798288
80 0 1798434
80 1 1798555
65 0 1798563
65 1 1798675
84 0 1798714
84 1 1798810
73 0 1798907
69 0 1798973
73 1 1799038
69 1 1799131
8 0 1799626
8 0 1800146
8 0 1800177
8 0 1800212
8 0 1800244
8 0 1800278
8 0 1800311
8 0 1800342
8 0 1800377
8 0 1800410
8 1 1800418
8 0 1800604
8 1 1800738
32 0 1801030
32 1 1801167
80 0 1801224
69 0 1801337
80 1 1801372
69 1 1801466
78 0 1801524
84 0 1801672
78 1 1801687
84 1 1801819
82 0 1801900
85 0 1802012
82 1 1802044
85 1 1802126
32 0 1802188
32 1 1802301
65 0 1846533
65 1 1846741
189 0 1847391
189 1 1847591
73 0 1847962
73 1 1848071
32 0 1848147
69 0 1848241
32 1 1848284
69 1 1848374
68 0 1848460
85 0 1848570
68 1 1848586
85 1 1848670
67 0 1848687
67 1 1848813
65 0 1848985
65 1 1849110
32 0 1849329
32 1 1849459
80 0 1849535
69 0 1849619
80 1 1849665
69 1 1849751
32 0 1850351
32 1 1850482
69 0 1851133
69 1 1851266
76 0 1851282
69 0 1851377
76 1 1851419
69 1 1851483
86 0 1851646
73 0 1851765
86 1 1851790
73 1 1851858
188 0 1852007
188 1 1852119
32 0 1852196
73 0 1852316
32 1 1852326
73 1 1852433
78 0 1852545
78 1 1852655
68 0 1852669
73 0 1852797
68 1 1852813
73 1 1852913
70 0 1852944
70 1 1853074
69 0 1853184
69 1 1853305
82 0 1853380
82 1 1853495
69 0 1853587
78 0 1853685
69 1 1853707
78 1 1853826
84 0 1853944
84 1 1854065
32 0 1854075
68 0 1854127
32 1 1854204
68 1 1854271
69 0 1854378
69 1 1854513
32 0 1854544
32 1 1854652
77 0 1857606
69 0 1857701
77 1 1857737
69 1 1857824
68 0 1857925
73 0 1857984
68 1 1858057
73 1 1858085
85 0 1858140
85 1 1858228
76 0 1858342
76 1 1858472
32 0 1858551
68 0 1858651
32 1 1858711
73 0 1858744
68 1 1858798
73 1 1858846
78 0 1858950
78 1 1859050
32 0 1859085
32 1 1859199
67 0 1859254
65 0 1859369
67 1 1859385
65 1 1859484
82 0 1859507
82 1 1859612
69 0 1859646
32 0 1859711
69 1 1859767
32 1 1859857
80 0 1859907
82 0 1859974
80 1 1860045
82 1 1860098
79 0 1860129
79 1 1860275
86 0 1860481
73 0 1860590
86 1 1860628
73 1 1860694
78 0 1860799
78 1 1860911
190 0 1861089
190 1 1861197
32 0 1861381
32 1 1861489
16 0 1914863
65 0 1915125
16 1 1915242
77 0 1915264
65 1 1915305
77 1 1915351
32 0 1915421
32 1 1915539
67 0 1915593
65 0 1915670
67 1 1915702
65 1 1915821
85 0 1915840
85 1 1915953
84 0 1916031
65 0 1916101
84 1 1916128
84 0 1916188
65 1 1916248
84 1 1916299
32 0 1916350
32 1 1916480
73 0 1916523
73 1 1916641
77 0 1916747
65 0 1916879
77 1 1916882
65 1 1917039
71 0 1917092
71 1 1917184
73 0 1917277
73 1 1917388
78 0 1917494
69 0 1917599
78 1 1917637
69 1 1917737
65 0 1917900
188 0 1918006
65 1 1918050
188 1 1918122
32 0 1918441
32 1 1918588
68 0 1918650
68 1 1918782
69 0 1918872
69 1 1918987
79 0 1919024
65 0 1919139
79 1 1919142
65 1 1919242
82 0 1919275
69 0 1919391
82 1 1919396
67 0 1919489
69 1 1919495
69 0 1919572
67 1 1919591
32 0 1919682
69 1 1919703
32 1 1919779
79 0 1919839
79 1 1919961
32 0 1919976
32 1 1920119
67 0 1920524
79 0 1920611
67 1 1920662
79 1 1920700
78 0 1920812
78 1 1920944
83 0 1920961
83 1 1921082
73 0 1921090
68 0 1921195
73 1 1921202
68 1 1921294
69 0 1921357
69 1 1921472
82 0 1921545
82 1 1921655
32 0 1921676
32 1 1921809
73 0 1922294
73 1 1922383
77 0 1922483
77 1 1922592
80 0 1922722
80 1 1922842
82 0 1923162
82 1 1923284
69 0 1923352
69 1 1923465
83 0 1923589
73 0 1923673
83 1 1923721
73 1 1923759
79 0 1923837
79 1 1923950
78 0 1924064
65 0 1924163
78 1 1924171
78 0 1924243
65 1 1924270
78 1 1924365
84 0 1924551
84 1 1924642
65 0 1924654
65 1 1924787
190 0 1924997
190 1 1925106
32 0 1925283
32 1 1925399
16 0 1928681
16 0 1929199
16 0 1929232
16 0 1929268
16 0 1929298
16 0 1929331
16 0 1929363
16 0 1929397
16 0 1929430
16 0 1929464
16 0 1929496
16 0 1929531
16 0 1929563
16 0 1929598
16 0 1929631
16 0 1929664
16 0 1929695
16 0 1929730
16 0 1929762
16 0 1929797
16 0 1929832
16 0 1929864
16 0 1929898
16 0 1929930
16 0 1929964
16 0 1929997
16 0 1930030
16 0 1930065
16 0 1930095
16 0 1930131
16 0 1930162
16 0 1930197
16 0 1930227
16 0 1930262
83 0 1930269
16 1 1930412
83 1 1930437
67 0 1930838
67 1 1931015
8 0 1931367
8 1 1931499
8 0 1931546
8 1 1931673
16 0 1931923
68 0 1932144
68 1 1932250
16 1 1932280
69 0 1932422
84 0 1932534
69 1 1932552
84 1 1932634
65 0 1932735
65 1 1932845
76 0 1932862
76 1 1933016
8 0 1934422
8 1 1934554
8 0 1934620
8 1 1934725
8 0 1934789
8 1 1934904
8 0 1934948
8 1 1935091
8 0 1935572
8 1 1935675
16 0 1935716
78 0 1935850
78 1 1935945
16 1 1936009
85 0 1936033
32 0 1936118
85 1 1936153
32 1 1936235
77 0 1936311
77 1 1936416
73 0 1936489
73 1 1936604
189 0 1936705
189 1 1936805
65 0 1936835
65 1 1936954
32 0 1937036
83 0 1937150
32 1 1937163
83 1 1937266
65 0 1937365
65 1 1937478
82 0 1937623
73 0 1937738
82 1 1937743
84 0 1937841
73 1 1937848
32 0 1937914
84 1 1937974
73 0 1938049
32 1 1938052
73 1 1938159
78 0 1938245
78 1 1938355
32 0 1938400
32 1 1938513
79 0 1938530
67 0 1938655
79 1 1938658
72 0 1938781
67 1 1938795
72 1 1938883
73 0 1938962
73 1 1939089
32 0 1939121
32 1 1939253
78 0 1939394
78 1 1939499
73 0 1939605
67 0 1939722
73 1 1939723
73 0 1939802
67 1 1939863
73 1 1939905
85 0 1939963
85 1 1940051
78 0 1940163
78 1 1940266
32 0 1940345
68 0 1940424
32 1 1940479
68 1 1940536
69 0 1940600
84 0 1940682
69 1 1940717
84 1 1940781
65 0 1940888
76 0 1940976
65 1 1940994
76 1 1941115
73 0 1941226
73 1 1941324
85 0 1941409
85 1 1941502
32 0 1941606
32 1 1941734
65 0 1941806
65 1 1941960
78 0 1941978
78 1 1942080
85 0 1942179
85 1 1942270
77 0 1942381
77 1 1942493
69 0 1942602
69 1 1942760
188 0 1943209
188 1 1943314
32 0 1943408
67 0 1943522
32 1 1943551
73 0 1943626
67 1 1943678
73 1 1943750
32 0 1943810
32 1 1943917
73 0 1944418
73 1 1944536
77 0 1944733
77 1 1944881
65 0 1944899
65 1 1945037
71 0 1945341
71 1 1945435
73 0 1945550
73 1 1945655
78 0 1945753
69 0 1945825
78 1 1945873
69 1 1945961
65 0 1946145
65 1 1946292
32 0 1946331
32 1 1946465
68 0 1946687
68 1 1946803
69 0 1946880
32 0 1947002
69 1 1947005
32 1 1947125
65 0 1947391
65 1 1947561
78 0 1947677
78 1 1947793
83 0 1947841
83 1 1947927
65 0 1948046
65 1 1948172
66 0 1948260
66 1 1948375
76 0 1948585
76 1 1948712
85 0 1948915
85 1 1949008
8 0 1949682
8 1 1949848
8 0 1949898
8 1 1950061
8 0 1950119
8 1 1950267
77 0 1950564
77 1 1950697
66 0 1950823
66 1 1950944
76 0 1951186
76 1 1951312
85 0 1951455
85 1 1951565
190 0 1952000
190 1 1952111
32 0 1952300
32 1 1952417
8 0 1959945
8 1 1960072
16 0 1983951
16 0 1984471
16 0 1984503
16 0 1984538
16 0 1984570
16 0 1984604
16 0 1984637
16 0 1984670
16 0 1984705
16 0 1984736
16 0 1984771
16 0 1984803
16 0 1984836
16 0 1984869
16 0 1984902
16 0 1984936
16 0 1984971
16 0 1985005
16 0 1985037
16 0 1985069
16 0 1985103
16 0 1985136
16 0 1985170
16 0 1985201
16 0 1985236
16 0 1985270
16 0 1985303
16 0 1985336
16 0 1985371
16 0 1985401
16 0 1985435
16 0 1985469
16 0 1985502
16 0 1985536
16 0 1985569
16 0 1985604
16 0 1985634
16 0 1985667
16 0 1985700
16 0 1985736
16 0 1985769
16 0 1985803
16 0 1985837
16 0 1985868
69 0 1985873
69 1 1985982
16 1 1986061
86 0 1986616
86 1 1986738
69 0 1986742
69 1 1986885
78 0 1986963
78 1 1987078
84 0 1987092
84 1 1987225
85 0 1987272
85 1 1987391
65 0 1987989
65 1 1988154
76 0 1988283
76 1 1988487
188 0 1988678
188 1 1988793
32 0 1988927
32 1 1989063
65 0 1989084
65 1 1989199
83 0 1989301
32 0 1989434
83 1 1989446
32 1 1989569
65 0 1989678
77 0 1989781
65 1 1989813
77 1 1989887
73 0 1989984
73 1 1990086
8 0 1990580
8 1 1990734
8 0 1990865
8 1 1991047
8 0 1991496
8 1 1991660
77 0 1992354
77 1 1992491
69 0 1992589
69 1 1992744
78 0 1992863
78 1 1992978
84 0 1993038
73 0 1993175
84 1 1993192
73 1 1993262
79 0 1993330
79 1 1993430
78 0 1993532
78 1 1993674
65 0 1993692
65 1 1993810
84 0 1993924
84 1 1993981
8 0 1994532
8 1 1994642
32 0 1994838
32 1 1994964
67 0 1995360
79 0 1995491
67 1 1995530
79 1 1995585
76 0 1995681
76 1 1995792
79 0 1995882
79 1 1996010
82 0 1996174
82 1 1996350
8 0 1996680
8 1 1996817
8 0 1996871
8 1 1996993
8 0 1997057
8 1 1997183
8 0 1997240
8 1 1997382
85 0 1997579
85 1 1997686
76 0 1997803
76 1 1997945
79 0 1998038
82 0 1998132
79 1 1998152
73 0 1998227
82 1 1998266
73 1 1998321
76 0 1998412
69 0 1998479
76 1 1998540
69 1 1998607
32 0 1998670
32 1 1998824
86 0 1999314
73 0 1999444
86 1 1999455
73 1 1999534
73 0 1999593
73 1 1999731
32 0 1999740
68 0 1999882
32 1 1999907
73 0 1999930
73 1 2000031
68 1 2000032
78 0 2000140
78 1 2000257
32 0 2000321
32 1 2000432
80 0 2000476
80 1 2000595
73 0 2000676
67 0 2000776
73 1 2000798
67 1 2000903
84 0 2000959
84 1 2001057
85 0 2001774
82 0 2001852
85 1 2001875
82 1 2001990
65 0 2002495
65 1 2002633
32 0 2004387
32 1 2004498
76 0 2004633
76 1 2004764
85 0 2004889
85 1 2004985
73 0 2005057
32 0 2005164
73 1 2005169
16 0 2005288
32 1 2005302
82 0 2005421
82 1 2005525
16 1 2005563
65 0 2005672
65 1 2005791
70 0 2005828
70 1 2005933
65 0 2005943
65 1 2006054
69 0 2006254
76 0 2006379
69 1 2006383
76 1 2006494
190 0 2006681
190 1 2006781
32 0 2007098
32 1 2007208
16 0 2031900
80 0 2032018
80 1 2032140
16 1 2032186
69 0 2032366
69 1 2032503
82 0 2032576
82 1 2032699
83 0 2032811
83 1 2032955
79 0 2033015
79 1 2033141
65 0 2033694
65 1 2033869
78 0 2034643
78 1 2034851
8 0 2035295
8 1 2035409
8 0 2035462
8 1 2035609
78 0 2035795
65 0 2035911
78 1 2035914
65 1 2036049
74 0 2036199
74 1 2036330
69 0 2036465
76 0 2036579
69 1 2036630
69 0 2036745
76 1 2036749
69 1 2036881
32 0 2036954
83 0 2037081
32 1 2037084
85 0 2037162
83 1 2037232
85 1 2037244
78 0 2037349
78 1 2037481
84 0 2037595
84 1 2037700
32 0 2037705
32 1 2037844
76 0 2037930
65 0 2038018
76 1 2038039
32 0 2038153
65 1 2038154
32 1 2038280
79 0 2038558
79 1 2038673
32 0 2038721
32 1 2038837
83 0 2038853
83 1 2038988
67 0 2039092
67 1 2039238
79 0 2039282
79 1 2039450
65 0 2039791
65 1 2039933
76 0 2039937
65 0 2040058
76 1 2040080
65 1 2040201
188 0 2041788
188 1 2041882
32 0 2041980
32 1 2042112
85 0 2042142
85 1 2042262
78 0 2042350
78 1 2042465
73 0 2042566
73 1 2042657
73 0 2042699
32 0 2042806
73 1 2042813
83 0 2042943
32 1 2042956
83 1 2043060
67 0 2043189
67 1 2043303
82 0 2043428
73 0 2043543
82 1 2043581
73 1 2043626
85 0 2043696
85 1 2043796
188 0 2043959
188 1 2044076
32 0 2044169
65 0 2044296
32 1 2044300
76 0 2044382
65 1 2044432
76 1 2044488
84 0 2044658
84 1 2044767
73 0 2044886
73 1 2044995
73 0 2045035
32 0 2045150
73 1 2045161
67 0 2045292
32 1 2045294
73 0 2045383
67 1 2045424
73 1 2045506
84 0 2045617
69 0 2045692
84 1 2045733
69 1 2045814
83 0 2045946
83 1 2046053
67 0 2046186
67 1 2046297
188 0 2046868
188 1 2046974
32 0 2047084
32 1 2047199
65 0 2047201
76 0 2047334
65 1 2047344
76 1 2047489
84 0 2047584
73 0 2047666
84 1 2047727
73 1 2047760
73 0 2047804
73 1 2047942
32 0 2047951
68 0 2048061
32 1 2048077
68 1 2048174
69 0 2048230
69 1 2048351
90 0 2048516
90 1 2048637
66 0 2048670
66 1 2048806
65 0 2048841
84 0 2048935
65 1 2048951
84 1 2049040
190 0 2049299
190 1 2049406
32 0 2049561
32 1 2049667
16 0 2259281
83 0 2259655
16 1 2259739
67 0 2259806
83 1 2259821
67 1 2259886
69 0 2259935
69 1 2260051
78 0 2260084
78 1 2260207
65 0 2260208
65 1 2260314
32 0 2260349
32 1 2260486
83 0 2260509
83 1 2260642
69 0 2260777
69 1 2260905
32 0 2260909
32 1 2261041
80 0 2261125
69 0 2261167
80 1 2261236
69 1 2261301
84 0 2261392
84 1 2261495
82 0 2261556
69 0 2261650
82 1 2261675
67 0 2261783
69 1 2261787
69 0 2261899
67 1 2261907
69 1 2262025
32 0 2262081
32 1 2262203
46 0 2580454
46 1 2580616
16 0 2590310
80 0 2590679
80 1 2590802
16 1 2590884
73 0 2590923
73 1 2591037
67 0 2591105
67 1 2591277
84 0 2591441
85 0 2591563
84 1 2591579
85 1 2591662
82 0 2591665
82 1 2591809
65 0 2591963
65 1 2592100
32 0 2592171
69 0 2592312
32 1 2592332
69 1 2592428
83 0 2592550
84 0 2592633
83 1 2592667
84 1 2592739
69 0 2592795
69 1 2592905
32 0 2592943
68 0 2593014
32 1 2593074
73 0 2593123
68 1 2593146
73 1 2593236
78 0 2593338
78 1 2593459
32 0 2593543
32 1 2593658
86 0 2593716
82 0 2593764
86 1 2593830
82 1 2593891
69 0 2593975
77 0 2594074
69 1 2594077
69 0 2594182
77 1 2594192
69 1 2594320
65 0 2594561
65 1 2594717
32 0 2594939
32 1 2595075
16 0 2595099
82 0 2595201
82 1 2595323
16 1 2595339
69 0 2595472
69 1 2595583
78 0 2595607
65 0 2595732
78 1 2595738
65 1 2595843
83 0 2595927
84 0 2596016
83 1 2596032
84 1 2596119
69 0 2596150
69 1 2596277
82 0 2596345
73 0 2596430
82 1 2596496
73 1 2596513
73 0 2596568
73 1 2596677
188 0 2596817
188 1 2596928
32 0 2597061
32 1 2597207
84 0 2598566
84 1 2598765
8 0 2599332
8 1 2599519
8 0 2601477
8 1 2601630
8 0 2601841
8 1 2601990
190 0 2602362
190 1 2602477
32 0 2602618
32 1 2602745
16 0 2602801
67 0 2602942
67 1 2603054
16 1 2603163
69 0 2603342
73 0 2603441
69 1 2603485
32 0 2603566
73 1 2603572
32 1 2603710
73 0 2603736
73 1 2603863
8 0 2604167
68 0 2604299
8 1 2604303
73 0 2604446
68 1 2604453
73 1 2604555
78 0 2604646
78 1 2604762
32 0 2604828
32 1 2604964
73 0 2605003
73 1 2605119
77 0 2605265
77 1 2605393
8 0 2605973
8 0 2606491
8 0 2606525
8 0 2606557
8 0 2606592
8 0 2606624
8 0 2606656
8 0 2606691
8 0 2606723
8 0 2606758
8 1 2606787
16 0 2607152
80 0 2607306
80 1 2607434
16 1 2607489
69 0 2607654
69 1 2607784
82 0 2607850
82 1 2607976
83 0 2608084
79 0 2608157
83 1 2608195
79 1 2608249
78 0 2608356
65 0 2608461
78 1 2608494
65 1 2608582
74 0 2608657
74 1 2608775
69 0 2608801
69 1 2608911
76 0 2608923
69 0 2609014
76 1 2609049
69 1 2609138
32 0 2609193
68 0 2609292
32 1 2609342
73 0 2609416
68 1 2609435
73 1 2609522
78 0 2609620
78 1 2609730
32 0 2609769
32 1 2609901
73 0 2609922
73 1 2610023
77 0 2610125
65 0 2610238
77 1 2610258
65 1 2610376
71 0 2610389
71 1 2610497
73 0 2610598
73 1 2610708
78 0 2610805
78 1 2610928
69 0 2610998
69 1 2611106
32 0 2611233
32 1 2611342
83 0 2619116
83 1 2619299
85 0 2619465
85 1 2619582
78 0 2619699
78 1 2619829
84 0 2619988
84 1 2620101
32 0 2620227
32 1 2620342
70 0 2659862
70 1 2660034
73 0 2660101
73 1 2660206
76 0 2660308
76 1 2660449
79 0 2660537
79 1 2660690
83 0 2660840
79 0 2660990
83 1 2661018
79 1 2661116
70 0 2661671
70 1 2661775
73 0 2662067
73 1 2662186
188 0 2662433
188 1 2662557
32 0 2662678
32 1 2662799
77 0 2663016
77 1 2663175
65 0 2663236
65 1 2663402
84 0 2663474
84 1 2663584
69 0 2663595
69 1 2663717
77 0 2663804
65 0 2663951
77 1 2663952
65 1 2664061
84 0 2664137
84 1 2664246
73 0 2664356
67 0 2664439
73 1 2664470
73 0 2664550
67 1 2664560
73 1 2664667
65 0 2664731
65 1 2664853
78 0 2664870
78 1 2665014
69 0 2665249
69 1 2665411
73 0 2665478
73 1 2665593
8 0 2665824
8 1 2665952
8 0 2666027
8 1 2666155
8 0 2666208
8 1 2666346
8 0 2666469
69 0 2666602
8 1 2666633
69 1 2666792
78 0 2667106
78 1 2667222
73 0 2667317
73 1 2667423
188 0 2667534
188 1 2667649
32 0 2667742
32 1 2667880
79 0 2667952
79 1 2668097
65 0 2668117
65 1 2668255
77 0 2668292
69 0 2668418
77 1 2668442
78 0 2668550
69 1 2668572
78 1 2668666
73 0 2669283
73 1 2669411
32 0 2669427
68 0 2669542
32 1 2669577
68 1 2669663
69 0 2669740
32 0 2669849
69 1 2669862
32 1 2669987
83 0 2669998
83 1 2670108
84 0 2670129
84 1 2670249
65 0 2670256
84 0 2670364
65 1 2670370
84 1 2670473
188 0 2670926
188 1 2671025
32 0 2671181
32 1 2671305
80 0 2708260
80 1 2708378
79 0 2708470
79 1 2708596
69 0 2708605
69 1 2708765
84 0 2708880
84 1 2708977
73 0 2709109
73 1 2709231
188 0 2709736
188 1 2709876
32 0 2710105
32 1 2710242
83 0 2710374
83 1 2710562
67 0 2710683
67 1 2710809
82 0 2710954
73 0 2711067
82 1 2711102
73 1 2711149
73 0 2711192
84 0 2711286
73 1 2711322
84 1 2711419
79 0 2711461
82 0 2711529
79 1 2711603
82 1 2711669
73 0 2711680
73 1 2711813
188 0 2712502
188 1 2712619
32 0 2712735
32 1 2712857
80 0 2713252
80 1 2713365
79 0 2713513
79 1 2713629
76 0 2713706
76 1 2713836
73 0 2713936
84 0 2714051
73 1 2714056
84 1 2714173
73 0 2714176
73 1 2714304
67 0 2714339
73 0 2714453
67 1 2714501
73 1 2714572
69 0 2714629
78 0 2714750
69 1 2714787
78 1 2714865
73 0 2714977
73 1 2715100
190 0 2715344
190 1 2715454
32 0 2715652
32 1 2715778
16 0 2716920
16 0 2717437
16 0 2717473
16 0 2717506
16 0 2717537
16 0 2717573
16 0 2717605
16 0 2717638
16 0 2717671
16 0 2717703
16 0 2717736
16 0 2717769
16 0 2717803
16 0 2717837
16 0 2717872
16 0 2717903
16 0 2717937
16 0 2717969
16 0 2718003
16 0 2718036
16 0 2718069
80 0 2718091
80 1 2718243
16 1 2718304
82 0 2718499
82 1 2718615
69 0 2718685
69 1 2718803
79 0 2718850
67 0 2718954
79 1 2718960
85 0 2719070
67 1 2719092
85 1 2719177
80 0 2719291
80 1 2719413
65 0 2719440
65 1 2719561
82 0 2719730
73 0 2719839
82 1 2719871
73 1 2719939
76 0 2720040
69 0 2720114
76 1 2720161
69 1 2720247
32 0 2720317
32 1 2720444
76 0 2720518
76 1 2720680
79 0 2720775
82 0 2720862
79 1 2720895
82 1 2721000
32 0 2721556
32 1 2721671
76 0 2721744
65 0 2721820
76 1 2721856
65 1 2721918
32 0 2721965
65 0 2722101
32 1 2722107
65 1 2722226
67 0 2722289
67 1 2722395
69 0 2722412
69 1 2722507
65 0 2722672
65 1 2722793
32 0 2722863
32 1 2722990
86 0 2723082
82 0 2723159
86 1 2723191
82 1 2723290
69 0 2723383
69 1 2723490
77 0 2723506
69 0 2723588
77 1 2723628
69 1 2723702
32 0 2723764
32 1 2723897
68 0 2723911
73 0 2723988
68 1 2724048
73 1 2724114
70 0 2724224
69 0 2724284
70 1 2724346
69 1 2724406
82 0 2724431
82 1 2724545
65 0 2724564
32 0 2724647
65 1 2724678
32 1 2724789
68 0 2724846
68 1 2724961
69 0 2725046
32 0 2725150
69 1 2725167
32 1 2725260
80 0 2725786
82 0 2725928
80 1 2725930
82 1 2726067
69 0 2726916
69 1 2727071
79 0 2727213
79 1 2727343
67 0 2727541
67 1 2727689
8 0 2727989
8 1 2728103
8 0 2728173
8 1 2728328
79 0 2729177
79 1 2729343
67 0 2729466
85 0 2729609
67 1 2729621
85 1 2729698
80 0 2729842
65 0 2729941
80 1 2729950
65 1 2730056
82 0 2730198
73 0 2730279
82 1 2730346
73 1 2730367
76 0 2730469
69 0 2730523
76 1 2730578
69 1 2730651
32 0 2730716
32 1 2730858
67 0 2730865
67 1 2731001
79 0 2731484
79 1 2731624
84 0 2731624
84 1 2731757
73 0 2731787
73 1 2731904
68 0 2731985
68 1 2732106
73 0 2732124
69 0 2732228
73 1 2732232
69 1 2732355
78 0 2732366
69 0 2732467
78 1 2732491
69 1 2732602
32 0 2732656
32 1 2732789
65 0 2732873
76 0 2733005
65 1 2733011
76 1 2733136
69 0 2733148
69 1 2733284
32 0 2733299
32 1 2733419
79 0 2733446
65 0 2733566
79 1 2733595
65 1 2733709
77 0 2733730
69 0 2733855
77 1 2733860
78 0 2733953
69 1 2733997
78 1 2734054
73 0 2734139
73 1 2734243
76 0 2734344
76 1 2734447
79 0 2734533
82 0 2734620
79 1 2734655
32 0 2734751
82 1 2734763
32 1 2734900
83 0 2734948
73 0 2735012
83 1 2735083
73 1 2735140
77 0 2735251
77 1 2735370
80 0 2735519
80 1 2735600
76 0 2736220
76 1 2736357
73 0 2736490
73 1 2736615
190 0 2736859
190 1 2736974
32 0 2737164
32 1 2737286
16 0 2744135
73 0 2744234
73 1 2744333
16 1 2744384
78 0 2744439
78 1 2744561
84 0 2744687
69 0 2744762
84 1 2744792
69 1 2744881
76 0 2744924
69 0 2744985
76 1 2745062
69 1 2745100
67 0 2745239
84 0 2745321
67 1 2745362
84 1 2745415
85 0 2745532
85 1 2745647
65 0 2745662
76 0 2745789
65 1 2745796
76 1 2745930
73 0 2746030
73 1 2746134
73 0 2746167
32 0 2746321
73 1 2746324
32 1 2746464
68 0 2746643
68 1 2746788
69 0 2746854
69 1 2746991
83 0 2747247
83 1 2747423
67 0 2747689
67 1 2747864
8 0 2749556
8 1 2749710
8 0 2749763
8 1 2749914
67 0 2750703
79 0 2750885
67 1 2750886
79 1 2750989
80 0 2751100
69 0 2751179
80 1 2751244
69 1 2751326
82 0 2751433
82 1 2751559
69 0 2751643
69 1 2751767
65 0 2752012
85 0 2752160
65 1 2752165
85 1 2752299
8 0 2752705
8 0 2753223
8 0 2753254
8 0 2753287
8 0 2753322
8 0 2753355
8 0 2753390
8 1 2753414
8 0 2753610
8 1 2753779
83 0 2753918
83 1 2754122
67 0 2754319
67 1 2754468
79 0 2754477
79 1 2754592
80 0 2754687
69 0 2754732
80 1 2754801
69 1 2754882
82 0 2755080
69 0 2755119
82 1 2755179
69 1 2755247
65 0 2755411
85 0 2755530
65 1 2755533
85 1 2755647
32 0 2755668
32 1 2755785
8 0 2764906
8 0 2765424
8 0 2765454
8 0 2765488
8 0 2765521
8 0 2765554
8 0 2765587
8 0 2765620
8 0 2765656
8 0 2765690
8 0 2765721
8 0 2765753
8 1 2765763
83 0 2766390
83 1 2766556
69 0 2766700
32 0 2766822
69 1 2766835
32 1 2766954
73 0 2766994
73 1 2767125
77 0 2767227
77 1 2767346
80 0 2767440
80 1 2767563
76 0 2767627
76 1 2767725
73 0 2767812
67 0 2767883
73 1 2767915
67 1 2768009
65 0 2768168
85 0 2768244
65 1 2768290
32 0 2768347
85 1 2768376
73 0 2768472
32 1 2768477
73 1 2768594
78 0 2768702
78 1 2768801
32 0 2768850
68 0 2768954
32 1 2768982
68 1 2769071
69 0 2769138
69 1 2769283
90 0 2769430
90 1 2769574
66 0 2769640
66 1 2769762
65 0 2769900
65 1 2770036
84 0 2770099
84 1 2770213
69 0 2770253
69 1 2770383
82 0 2770468
73 0 2770584
82 1 2770616
73 1 2770714
32 0 2773362
32 1 2773493
83 0 2774780
73 0 2774931
83 1 2774976
73 1 2775059
32 0 2775095
32 1 2775231
76 0 2806686
76 1 2806855
8 0 2808007
8 1 2808160
8 0 2809380
8 1 2809528
8 0 2809577
8 1 2809687
8 0 2809742
8 1 2809852
8 0 2809905
8 1 2810048
188 0 2810415
188 1 2810522
32 0 2810614
32 1 2810719
67 0 2810774
69 0 2810835
67 1 2810896
69 1 2810962
82 0 2811208
82 1 2811303
67 0 2811413
69 0 2811507
67 1 2811525
69 1 2811626
84 0 2811685
84 1 2811800
65 0 2811821
82 0 2811935
65 1 2811941
82 1 2812043
69 0 2812093
69 1 2812212
188 0 2812308
188 1 2812425
32 0 2812562
32 1 2812702
69 0 2815285
69 1 2815435
68 0 2815505
85 0 2815625
68 1 2815629
67 0 2815717
85 1 2815761
67 1 2815837
65 0 2815980
84 0 2816035
65 1 2816090
84 1 2816144
73 0 2816242
69 0 2816329
73 1 2816378
69 1 2816459
190 0 2817278
190 1 2817394
32 0 2817521
16 0 2817646
32 1 2817652
79 0 2817725
79 1 2817877
16 1 2817893
65 0 2818003
77 0 2818127
65 1 2818151
77 1 2818266
69 0 2818284
78 0 2818376
69 1 2818429
78 1 2818485
73 0 2818572
73 1 2818677
73 0 2818707
32 0 2818819
73 1 2818852
32 1 2818966
83 0 2819020
83 1 2819189
73 0 2819240
73 1 2819350
77 0 2819448
77 1 2819560
80 0 2819658
80 1 2819767
76 0 2819814
76 1 2819969
73 0 2820060
73 1 2820177
32 0 2820254
32 1 2820375
8 0 2823200
8 1 2823347
8 0 2823389
8 1 2823505
8 0 2823557
8 1 2823661
8 0 2823707
8 0 2824225
8 0 2824258
8 0 2824290
8 0 2824326
8 0 2824356
8 0 2824390
8 0 2824423
8 0 2824457
8 1 2824467
8 0 2824651
8 1 2824813
8 0 2824853
8 1 2825159
16 0 2825165
8 0 2825455
8 1 2825583
16 1 2825602
16 0 2825766
90 0 2825882
16 1 2826047
90 1 2826095
73 0 2826204
73 1 2826302
85 0 2826369
85 1 2826467
65 0 2826473
32 0 2826627
65 1 2826629
32 1 2826774
79 0 2827192
79 1 2827307
66 0 2827486
66 1 2827592
73 0 2827708
83 0 2827803
73 1 2827829
78 0 2827950
83 1 2827959
78 1 2828070
85 0 2828171
85 1 2828262
73 0 2828311
73 1 2828436
84 0 2828518
65 0 2828609
84 1 2828615
32 0 2828725
65 1 2828747
32 1 2828871
80 0 2828933
69 0 2829011
80 1 2829054
69 1 2829183
78 0 2829205
84 0 2829342
78 1 2829352
84 1 2829469
82 0 2829534
85 0 2829623
82 1 2829678
85 1 2829738
32 0 2829755
32 1 2829882
79 0 2829909
65 0 2830007
79 1 2830042
65 1 2830129
77 0 2830159
69 0 2830278
77 1 2830289
78 0 2830370
69 1 2830416
78 1 2830464
73 0 2830556
73 1 2830654
73 0 2830699
32 0 2830802
73 1 2830835
83 0 2830922
32 1 2830952
73 0 2830999
83 1 2831067
73 1 2831115
77 0 2831227
77 1 2831336
80 0 2831441
80 1 2831567
76 0 2831598
76 1 2831733
73 0 2832457
73 1 2832573
32 0 2833514
32 1 2833649
83 0 2837572
83 1 2837739
69 0 2837910
69 1 2838080
32 0 2838130
32 1 2838260
73 0 2840381
73 1 2840564
78 0 2840742
78 1 2840866
8 0 2845155
8 0 2845677
8 0 2845709
8 0 2845747
8 0 2845776
8 0 2845809
8 0 2845842
8 0 2845876
8 0 2845910
8 0 2845942
8 0 2845976
8 0 2846009
8 0 2846042
8 0 2846075
8 0 2846109
8 1 2846133
8 0 2846373
8 0 2846891
8 0 2846924
8 0 2846957
8 0 2846991
8 0 2847024
8 0 2847059
8 1 2847064
8 0 2847411
8 0 2847932
8 0 2847965
8 0 2847997
8 0 2848032
8 0 2848065
8 0 2848097
8 0 2848132
8 0 2848163
8 0 2848197
8 1 2848225
8 0 2848429
8 1 2848566
8 0 2848642
8 0 2849159
8 0 2849193
8 0 2849226
8 0 2849259
8 0 2849292
8 0 2849324
8 0 2849358
8 0 2849391
8 1 2849411
