16 0 28665
80 0 29154
80 1 29221
16 1 29309
76 0 29363
76 1 29419
79 0 29534
79 1 29593
85 0 29714
85 1 29770
65 0 30128
65 1 30173
190 0 30941
190 1 31006
32 0 31223
16 0 31282
32 1 31284
69 0 31518
16 1 31549
69 1 31605
83 0 31734
83 1 31801
84 0 31897
84 1 31968
69 0 31994
69 1 32074
32 0 32077
32 1 32150
70 0 32197
70 1 32277
79 0 32315
79 1 32367
65 0 32378
82 0 32475
65 1 32477
82 1 32550
84 0 32653
84 1 32715
69 0 32784
69 1 32864
32 0 32883
32 1 32959
78 0 33071
78 1 33130
8 0 34319
8 1 34402
78 0 35235
78 1 35307
65 0 35424
65 1 35482
186 0 35845
186 1 35900
8 0 36290
8 1 36374
229 0 36502
222 1 36584
229 0 36966
8 1 36967
8 0 36967
8 1 37034
83 0 38314
83 1 38397
80 0 38796
80 1 38847
65 0 39006
65 1 39062
32 0 39139
32 1 39212
67 0 39307
67 1 39371
219 0 39429
219 1 39492
8 0 39923
8 1 39994
65 0 40074
65 1 40161
32 0 40220
32 1 40305
80 0 40465
80 1 40549
76 0 41052
76 1 41112
79 0 41243
79 1 41299
85 0 41432
85 1 41502
65 0 41602
65 1 41661
190 0 41712
190 1 41774
32 0 45175
32 1 45245
16 0 45317
65 0 45690
16 1 45787
65 1 45787
83 0 45986
83 1 46058
32 0 46082
32 1 46153
86 0 46255
86 1 46315
82 0 46430
82 1 46517
69 0 46523
69 1 46626
65 0 46645
65 1 46738
32 0 46741
32 1 46810
83 0 46900
83 1 46979
65 0 47014
65 1 47079
32 0 47079
32 1 47170
70 0 47239
70 1 47301
73 0 47350
73 1 47398
69 0 47679
69 1 47730
32 0 47754
32 1 47834
83 0 47890
83 1 47961
79 0 48006
79 1 48058
65 0 48116
65 1 48184
82 0 48239
82 1 48305
69 0 48332
69 1 48393
32 0 48395
32 1 48480
83 0 48538
83 1 48631
73 0 48642
73 1 48699
32 0 48799
32 1 48879
70 0 48898
70 1 48971
82 0 49031
85 0 49095
82 1 49105
85 1 49154
77 0 49532
77 1 49598
79 0 49704
79 1 49746
83 0 49875
83 1 49938
190 0 50062
190 1 50113
32 0 51277
32 1 51349
65 0 51476
65 1 51558
84 0 51713
84 1 51760
85 0 51798
85 1 51849
8 0 52131
8 1 52194
8 0 52289
8 1 52361
8 0 52429
16 0 52510
8 1 52515
65 0 52549
16 1 52601
65 1 52647
84 0 52787
84 1 52851
85 0 52920
85 1 52968
78 0 53234
78 1 53321
67 0 53826
67 1 53894
73 0 53929
73 1 53985
32 0 54080
32 1 54162
67 0 54203
67 1 54263
65 0 54354
65 1 54429
78 0 54441
78 1 54493
68 0 54554
68 1 54622
32 0 54650
32 1 54733
80 0 54835
80 1 54892
76 0 54995
76 1 55067
79 0 55194
79 1 55261
85 0 55426
85 1 55480
65 0 55658
65 1 55737
32 0 55755
32 1 55823
77 0 55934
77 1 56004
65 0 56052
65 1 56120
32 0 56148
32 1 56220
83 0 56273
73 0 56339
83 1 56341
73 1 56395
77 0 56490
77 1 56565
84 0 56697
84 1 56756
32 0 56813
32 1 56889
77 0 57111
77 1 57170
69 0 57274
69 1 57333
76 0 57639
76 1 57713
65 0 58086
65 1 58157
78 0 58375
78 1 58438
67 0 58540
67 1 58591
79 0 58652
79 1 58691
76 0 58822
76 1 58893
73 0 59051
73 1 59105
67 0 59641
67 1 59688
32 0 59934
32 1 60005
8 0 60744
8 1 60827
188 0 61041
188 1 61087
8 0 61533
8 1 61591
190 0 61764
190 1 61831
32 0 62012
32 1 62075
68 0 65916
68 1 65992
8 0 66625
8 1 66708
16 0 66827
68 0 67027
16 1 67085
68 1 67146
69 0 67218
69 1 67293
32 0 67300
32 1 67364
77 0 67413
77 1 67501
65 0 67513
65 1 67582
73 0 67612
73 1 67668
32 0 67746
32 1 67826
77 0 67912
77 1 67970
85 0 68049
85 1 68127
76 0 68234
84 0 68295
76 1 68318
84 1 68353
32 0 68436
32 1 68507
68 0 68534
68 1 68602
69 0 68628
69 1 68705
32 0 68731
32 1 68807
49 0 69047
49 1 69134
32 0 69167
32 1 69239
76 0 69345
76 1 69429
85 0 69540
85 1 69594
78 0 69702
78 1 69777
65 0 70450
65 1 70509
188 0 70530
188 1 70594
32 0 70718
32 1 70793
84 0 70837
84 1 70900
79 0 70941
79 1 70997
84 0 71119
84 1 71179
32 0 71208
32 1 71293
80 0 71438
80 1 71481
76 0 71580
76 1 71656
79 0 71756
79 1 71823
85 0 71946
85 1 71997
65 0 72125
65 1 72185
190 0 72348
190 1 72420
32 0 72574
32 1 72640
65 0 72779
65 1 72875
83 0 72993
83 1 73068
32 0 73296
32 1 73346
8 0 73558
8 1 73619
8 0 73706
8 1 73781
8 0 73857
16 0 73873
8 1 73918
65 0 73925
16 1 73998
65 1 74031
83 0 74110
83 1 74186
32 0 74246
32 1 74322
86 0 74374
86 1 74440
82 0 74545
82 1 74626
69 0 74642
69 1 74704
65 0 74764
65 1 74860
32 0 74873
32 1 74963
83 0 75029
83 1 75099
65 0 75130
32 0 75200
65 1 75202
32 1 75271
78 0 75848
78 1 75915
73 0 76017
73 1 76072
78 0 76169
78 1 76225
71 0 76781
71 1 76835
65 0 77333
65 1 77386
32 0 77418
32 1 77479
77 0 77533
77 1 77621
65 0 77658
65 1 77714
73 0 77749
73 1 77801
32 0 77894
32 1 77979
66 0 78002
66 1 78064
73 0 78081
73 1 78142
78 0 78220
78 1 78287
69 0 78354
69 1 78416
190 0 78511
190 1 78562
32 0 80235
32 1 80289
16 0 80607
86 0 80980
16 1 81075
86 1 81114
82 0 81276
82 1 81351
69 0 81440
69 1 81548
77 0 82042
77 1 82101
69 0 82161
69 1 82213
65 0 82287
32 0 82351
65 1 82371
32 1 82421
80 0 82546
80 1 82606
69 0 82633
69 1 82725
82 0 82766
82 1 82833
82 0 82879
82 1 82925
8 0 83319
8 1 83393
70 0 83762
70 1 83846
69 0 83931
69 1 84003
67 0 84103
67 1 84170
84 0 84319
84 1 84378
65 0 84623
65 1 84706
32 0 84713
32 1 84798
80 0 84900
80 1 84972
69 0 85002
69 1 85078
78 0 85100
78 1 85176
84 0 85209
84 1 85274
82 0 85313
85 0 85326
82 1 85371
85 1 85390
32 0 85473
32 1 85553
77 0 85640
77 1 85715
73 0 85787
73 1 85850
78 0 85935
78 1 86003
69 0 86383
69 1 86432
32 0 86457
32 1 86529
69 0 86821
69 1 86880
83 0 87003
83 1 87090
84 0 87524
84 1 87570
69 0 87689
69 1 87753
32 0 87795
32 1 87875
65 0 87949
65 1 88018
84 0 88584
84 1 88636
85 0 88679
85 1 88740
78 0 88819
78 1 88895
67 0 88927
67 1 88983
73 0 88991
73 1 89049
32 0 89137
32 1 89220
67 0 89238
67 1 89282
65 0 89341
78 0 89409
65 1 89418
78 1 89459
68 0 89583
68 1 89651
32 0 89693
32 1 89765
83 0 89976
83 1 90043
85 0 90075
85 1 90126
78 0 90201
78 1 90277
84 0 90305
84 1 90361
32 0 90407
32 1 90488
67 0 90602
67 1 90662
69 0 90762
69 1 90825
76 0 90825
76 1 90890
32 0 90994
32 1 91057
80 0 91169
80 1 91227
85 0 91344
85 1 91411
84 0 91480
73 0 91533
84 1 91535
73 1 91592
78 0 91676
78 1 91756
32 0 91826
32 1 91903
80 0 92006
80 1 92065
69 0 92085
69 1 92173
83 0 92234
83 1 92334
84 0 92437
84 1 92496
69 0 92531
69 1 92603
32 0 92625
32 1 92707
50 0 92786
50 1 92870
48 0 92873
48 1 92930
32 0 93111
32 1 93187
68 0 93237
68 1 93292
69 0 93357
69 1 93429
32 0 93501
32 1 93580
71 0 93752
71 1 93831
82 0 93977
82 1 94061
65 0 94153
65 1 94252
68 0 94368
68 1 94440
69 0 94521
69 1 94583
32 0 94624
32 1 94699
67 0 94821
67 1 94884
69 0 94967
69 1 95035
76 0 95206
76 1 95295
83 0 95744
83 1 95812
73 0 95876
73 1 95932
85 0 96425
85 1 96472
83 0 97192
83 1 97251
190 0 97635
190 1 97710
32 0 97954
32 1 98034
73 0 98203
73 1 98262
77 0 98337
77 1 98420
73 0 98432
73 1 98500
32 0 98571
32 1 98647
8 0 98921
8 1 98980
8 0 99074
8 1 99145
8 0 99227
8 1 99297
16 0 99355
8 0 99382
8 1 99419
73 0 99610
16 1 99663
73 1 99663
77 0 99773
77 1 99847
73 0 99912
73 1 99977
32 0 100049
32 1 100128
80 0 100222
80 1 100291
76 0 100376
65 0 100423
76 1 100441
65 1 100490
67 0 100548
67 1 100627
69 0 100674
69 1 100749
32 0 100750
32 1 100834
70 0 100927
70 1 100966
79 0 101362
79 1 101438
65 0 101519
65 1 101586
82 0 101603
82 1 101691
84 0 101795
84 1 101846
69 0 101924
32 0 101963
69 1 101977
32 1 102034
77 0 102136
77 1 102195
85 0 102281
85 1 102339
76 0 102465
76 1 102540
84 0 102544
84 1 102605
32 0 102779
32 1 102851
86 0 102991
86 1 103064
65 0 103191
65 1 103282
82 0 103637
82 1 103704
65 0 104452
65 1 104519
190 0 104768
190 1 104816
32 0 107251
32 1 107321
16 0 114626
86 0 114800
16 1 114864
86 1 114944
65 0 115037
65 1 115131
82 0 115235
82 1 115292
65 0 115360
65 1 115427
32 0 115462
32 1 115533
67 0 115593
67 1 115680
72 0 115692
72 1 115732
73 0 115836
73 1 115913
65 0 115930
65 1 115978
82 0 116006
82 1 116070
32 0 116116
32 1 116196
68 0 116223
68 1 116297
65 0 116359
65 1 116410
67 0 116472
67 1 116544
65 0 116609
65 1 116688
32 0 116700
32 1 116788
80 0 117012
80 1 117082
76 0 117195
76 1 117278
79 0 117454
79 1 117509
85 0 117652
85 1 117706
65 0 117866
65 1 117926
32 0 117977
32 1 118048
78 0 118164
78 1 118219
85 0 118284
85 1 118348
8 0 119890
8 1 119941
8 0 120046
8 1 120125
188 0 120520
188 1 120586
32 0 120707
32 1 120766
69 0 121006
69 1 121092
83 0 121211
83 1 121274
84 0 121386
84 1 121437
69 0 121473
32 0 121528
69 1 121537
32 1 121603
79 0 121719
79 1 121791
32 0 121890
32 1 121965
8 0 122185
8 1 122248
8 0 122333
8 1 122401
8 0 122478
8 1 122559
8 0 122624
8 1 122696
8 0 122775
8 1 122845
8 0 122920
8 1 122992
8 0 123071
8 1 123143
8 0 123227
8 1 123302
8 0 123379
8 1 123460
8 0 123531
8 1 123609
69 0 123807
69 1 123868
8 0 124273
8 1 124338
32 0 124483
32 1 124559
69 0 124593
69 1 124665
83 0 124763
83 1 124829
84 0 124924
84 1 124978
69 0 125003
32 0 125039
69 1 125081
32 1 125119
79 0 125231
79 1 125303
32 0 125401
32 1 125471
80 0 125578
80 1 125637
76 0 125724
76 1 125795
79 0 125933
79 1 125988
65 0 126528
65 1 126606
73 0 126857
73 1 126921
69 0 127513
69 1 127569
32 0 127610
32 1 127690
67 0 127996
67 1 128059
65 0 128173
65 1 128252
76 0 128275
76 1 128335
68 0 128481
68 1 128548
65 0 128693
65 1 128763
188 0 128854
188 1 128927
32 0 129054
32 1 129103
67 0 129139
67 1 129208
65 0 129253
65 1 129316
82 0 129381
82 1 129445
69 0 129447
69 1 129517
32 0 129543
32 1 129610
84 0 129767
84 1 129814
69 0 129917
69 1 129984
32 0 130016
32 1 130092
70 0 130221
70 1 130276
65 0 130354
65 1 130413
67 0 130482
67 1 130563
69 0 130669
69 1 130721
32 0 130954
32 1 131020
83 0 131156
83 1 131228
65 0 131348
65 1 131438
32 0 131702
32 1 131776
83 0 132084
83 1 132143
73 0 132229
73 1 132293
77 0 133436
77 1 133490
84 0 133636
84 1 133695
73 0 133730
73 1 133770
32 0 133877
32 1 133958
67 0 133997
67 1 134080
65 0 134488
65 1 134556
32 0 134599
32 1 134654
84 0 134753
84 1 134804
82 0 134919
82 1 134974
65 0 135051
65 1 135154
73 0 135257
73 1 135313
69 0 135703
69 1 135771
83 0 136104
83 1 136166
84 0 136282
84 1 136328
73 0 136336
73 1 136387
32 0 136493
68 0 136565
32 1 136579
68 1 136636
65 0 136714
65 1 136757
67 0 136800
67 1 136883
65 0 136937
65 1 137000
32 0 137012
32 1 137079
83 0 137144
83 1 137213
84 0 137285
84 1 137346
65 0 137421
65 1 137500
73 0 137512
73 1 137569
32 0 137657
32 1 137740
73 0 137826
73 1 137881
78 0 137928
78 1 138027
32 0 138108
32 1 138197
69 0 138441
69 1 138512
65 0 138618
65 1 138690
190 0 138836
190 1 138890
32 0 139821
32 1 139887
16 0 140458
65 0 140783
16 1 140870
65 1 140870
66 0 141021
66 1 141071
73 0 141291
73 1 141341
65 0 141637
65 1 141704
32 0 141795
32 1 141866
65 0 142035
65 1 142111
83 0 142212
83 1 142283
84 0 142384
84 1 142443
69 0 142460
69 1 142544
80 0 142602
80 1 142659
84 0 142703
84 1 142766
32 0 142818
32 1 142894
83 0 142945
83 1 143032
65 0 143068
32 0 143133
65 1 143135
32 1 143210
86 0 143260
73 0 143329
86 1 143330
73 1 143384
78 0 143460
78 1 143535
65 0 143538
65 1 143611
32 0 143636
32 1 143707
86 0 143912
86 1 143992
65 0 144104
65 1 144174
82 0 144203
82 1 144276
65 0 144334
65 1 144410
188 0 144555
188 1 144614
32 0 144766
32 1 144822
83 0 146863
83 1 146928
73 0 146985
73 1 147037
8 0 147920
8 1 147990
8 0 148085
8 1 148152
8 0 148252
8 1 148336
8 0 148706
8 1 148795
188 0 149480
188 1 149557
32 0 149746
32 1 149814
83 0 150635
83 1 150713
65 0 150804
65 1 150838
32 0 150909
32 1 150990
83 0 151123
83 1 151208
84 0 151313
84 1 151364
65 0 151439
65 1 151531
85 0 151882
85 1 151944
32 0 152032
32 1 152123
76 0 152195
65 0 152275
76 1 152277
65 1 152339
32 0 152358
32 1 152434
83 0 152493
83 1 152553
79 0 152576
79 1 152624
65 0 152690
65 1 152744
82 0 152828
82 1 152905
69 0 152923
69 1 152987
32 0 153711
32 1 153788
83 0 153942
83 1 154021
73 0 154068
73 1 154118
32 0 154225
32 1 154313
83 0 154343
65 0 154419
83 1 154445
65 1 154506
32 0 154536
32 1 154617
77 0 156522
77 1 156594
65 0 156658
65 1 156744
32 0 156759
32 1 156828
66 0 157098
66 1 157170
82 0 157272
82 1 157344
79 0 157411
79 1 157469
78 0 157677
78 1 157735
90 0 158647
90 1 158719
69 0 158869
69 1 158936
90 0 159247
90 1 159307
190 0 159541
190 1 159585
32 0 160851
32 1 160909
16 0 166173
16 1 166515
16 0 187889
79 0 188013
79 1 188076
16 1 188120
32 0 188198
32 1 188273
90 0 188683
90 1 188742
73 0 188769
73 1 188826
32 0 188938
32 1 189009
68 0 189109
68 1 189189
73 0 189215
73 1 189259
69 0 189434
69 1 189517
8 0 189688
8 1 189746
8 0 189837
8 1 189904
8 0 189973
8 1 190043
73 0 190185
73 1 190240
68 0 190295
68 1 190350
69 0 190387
69 1 190484
65 0 190584
65 1 190701
76 0 190913
76 1 190981
65 0 191020
65 1 191095
32 0 191130
32 1 191203
80 0 191333
80 1 191391
69 0 191467
69 1 191551
78 0 191855
78 1 191931
84 0 191985
84 1 192057
82 0 192072
85 0 192105
82 1 192152
85 1 192187
32 0 192266
32 1 192337
77 0 192451
77 1 192501
73 0 192596
73 1 192642
78 0 192703
78 1 192771
69 0 192860
69 1 192935
32 0 193004
32 1 193083
69 0 193216
69 1 193287
83 0 193381
83 1 193448
84 0 193562
69 0 193614
84 1 193616
69 1 193689
32 0 193708
32 1 193797
65 0 193836
65 1 193904
84 0 193996
85 0 194036
84 1 194046
85 1 194112
78 0 194176
78 1 194259
67 0 194307
73 0 194343
67 1 194365
73 1 194411
32 0 194488
32 1 194571
67 0 194590
67 1 194651
65 0 194720
65 1 194799
78 0 194811
78 1 194867
68 0 194968
68 1 195023
32 0 195095
32 1 195161
77 0 195245
77 1 195310
65 0 195341
65 1 195410
32 0 195412
32 1 195490
84 0 195613
84 1 195681
82 0 195802
82 1 195862
69 0 195909
69 1 195973
90 0 196153
90 1 196245
69 0 196350
69 1 196425
83 0 197088
83 1 197143
67 0 197271
67 1 197325
32 0 197368
32 1 197430
67 0 197538
67 1 197597
69 0 197682
69 1 197754
76 0 197774
76 1 197839
32 0 197971
32 1 198029
77 0 200102
77 1 200160
65 0 200198
65 1 200270
73 0 200277
73 1 200326
32 0 200421
32 1 200495
68 0 200523
68 1 200592
69 0 200649
69 1 200705
86 0 200830
86 1 200881
82 0 200990
82 1 201061
69 0 201116
69 1 201194
77 0 201237
77 1 201296
69 0 201328
69 1 201400
32 0 201432
32 1 201509
76 0 201592
65 0 201649
76 1 201664
65 1 201741
32 0 201759
32 1 201829
79 0 201930
79 1 201994
8 0 202362
8 1 202456
79 0 202666
79 1 202740
82 0 202855
82 1 202902
65 0 202967
65 1 203043
32 0 203044
32 1 203123
56 0 203566
56 1 203629
188 0 203781
188 1 203852
32 0 203961
32 1 204033
8 0 204376
8 1 204445
8 0 204520
8 1 204583
190 0 204724
190 1 204801
32 0 204903
16 0 204942
32 1 204985
65 0 205070
16 1 205110
85 0 205150
65 1 205160
85 1 205214
78 0 205286
78 1 205357
84 0 205411
84 1 205458
8 0 205637
8 1 205704
8 0 205788
8 1 205852
8 0 205932
8 1 205999
8 0 206074
8 1 206137
16 0 206144
83 0 206205
16 1 206281
83 1 206317
85 0 206362
85 1 206434
78 0 206524
78 1 206599
84 0 206630
84 1 206689
32 0 206747
32 1 206842
79 0 206931
79 1 206973
32 0 207088
32 1 207163
80 0 207261
80 1 207324
69 0 207449
69 1 207531
82 0 207602
82 1 207658
83 0 207772
83 1 207847
79 0 207864
79 1 207929
65 0 207999
78 0 208055
65 1 208086
78 1 208118
219 0 208768
219 1 208831
8 0 209159
8 1 209222
65 0 209300
65 1 209376
32 0 209430
32 1 209511
68 0 209581
68 1 209649
69 0 209695
69 1 209767
83 0 209896
83 1 209943
84 0 210036
84 1 210083
85 0 210086
85 1 210163
76 0 210283
76 1 210352
32 0 210451
68 0 210506
32 1 210516
68 1 210594
69 0 210626
69 1 210698
32 0 210747
32 1 210810
77 0 210986
77 1 211059
65 0 211116
65 1 211188
84 0 211592
84 1 211656
73 0 211721
73 1 211783
78 0 212050
78 1 212121
65 0 212247
65 1 212326
76 0 212382
76 1 212442
65 0 212501
65 1 212565
188 0 213512
188 1 213586
32 0 213737
32 1 213797
78 0 213929
78 1 213980
85 0 214050
85 1 214130
32 0 214193
32 1 214275
80 0 214376
80 1 214439
79 0 214540
79 1 214604
84 0 214670
84 1 214717
32 0 214743
32 1 214828
83 0 214983
83 1 215065
80 0 215338
80 1 215405
85 0 215519
85 1 215580
78 0 215668
78 1 215737
69 0 215782
69 1 215825
32 0 215862
32 1 215939
67 0 215989
67 1 216055
65 0 216113
32 0 216158
65 1 216180
32 1 216228
83 0 216301
85 0 216339
83 1 216367
85 1 216399
78 0 216463
78 1 216550
84 0 216583
84 1 216630
32 0 216658
32 1 216729
80 0 216853
80 1 216913
83 0 217120
83 1 217255
8 0 217717
8 1 217792
65 0 217860
65 1 217943
83 0 218032
83 1 218108
65 0 218771
65 1 218834
82 0 218979
82 1 219037
69 0 219103
69 1 219166
32 0 219185
32 1 219257
68 0 219317
68 1 219382
69 0 219414
69 1 219473
32 0 219474
32 1 219532
78 0 219653
78 1 219716
79 0 219833
79 1 219892
65 0 220006
65 1 220084
80 0 220182
80 1 220237
84 0 220322
84 1 220377
69 0 220465
69 1 220532
190 0 220636
190 1 220692
13 0 221365
13 1 221480
67 0 225376
67 1 225428
69 0 225531
69 1 225605
76 0 225616
76 1 225681
32 0 225779
77 0 225858
32 1 225859
65 0 225909
77 1 225948
65 1 226004
8 0 226185
8 1 226253
8 0 226334
8 1 226401
8 0 226482
8 1 226553
8 0 226629
8 1 226700
8 0 226781
8 1 226850
8 0 226941
16 0 226952
8 1 226994
67 0 227047
16 1 227103
67 1 227155
69 0 227245
69 1 227319
76 0 227438
76 1 227525
32 0 227626
32 1 227692
77 0 227721
65 0 227793
77 1 227817
65 1 227860
73 0 227907
73 1 227990
32 0 228051
32 1 228139
73 0 228205
73 1 228277
77 0 228541
77 1 228619
80 0 228733
80 1 228802
79 0 228905
79 1 228964
82 0 229019
82 1 229082
84 0 229196
84 1 229251
65 0 229340
65 1 229407
78 0 229423
78 1 229492
84 0 229539
84 1 229590
32 0 229624
32 1 229690
76 0 229781
76 1 229843
85 0 229952
85 1 230008
67 0 230038
67 1 230102
82 0 230220
82 1 230283
85 0 230346
85 1 230410
32 0 230543
32 1 230627
80 0 230713
80 1 230780
69 0 230827
69 1 230887
32 0 230903
32 1 230972
67 0 231020
67 1 231091
65 0 231153
65 1 231212
82 0 231249
82 1 231325
69 0 231335
69 1 231405
32 0 231422
32 1 231499
73 0 232783
73 1 232854
76 0 232968
76 1 233040
32 0 233143
32 1 233207
70 0 233247
70 1 233302
65 0 233369
65 1 233420
67 0 233697
67 1 233757
32 0 233803
32 1 233894
68 0 234086
68 1 234142
73 0 234150
73 1 234202
77 0 234514
77 1 234592
73 0 234691
73 1 234738
78 0 234837
78 1 234901
69 0 234916
69 1 234985
65 0 235064
65 1 235124
84 0 235163
84 1 235235
65 0 235305
65 1 235396
32 0 235520
32 1 235614
69 0 235776
69 1 235835
83 0 235948
83 1 236007
84 0 236096
84 1 236152
69 0 236163
69 1 236232
32 0 236240
32 1 236300
83 0 236423
83 1 236500
65 0 236548
32 0 236595
65 1 236627
32 1 236658
77 0 236737
77 1 236812
65 0 236824
65 1 236881
32 0 236923
32 1 236994
83 0 237092
83 1 237151
80 0 237210
80 1 237270
65 0 237378
65 1 237450
76 0 237540
76 1 237599
32 0 237703
32 1 237777
80 0 237924
80 1 237994
69 0 238031
69 1 238081
32 0 238124
32 1 238176
70 0 238250
70 1 238308
65 0 238382
65 1 238437
84 0 238504
84 1 238568
65 0 238650
65 1 238737
32 0 238749
32 1 238829
83 0 238881
73 0 238945
83 1 238951
73 1 239004
32 0 239091
32 1 239177
80 0 239254
80 1 239321
69 0 239336
69 1 239400
32 0 239430
32 1 239518
68 0 239568
68 1 239634
73 0 239668
73 1 239720
78 0 239810
78 1 239877
84 0 240457
84 1 240508
73 0 240570
73 1 240613
188 0 240887
188 1 240942
8 0 241278
8 1 241345
186 0 241485
186 1 241536
8 0 242023
8 1 242108
190 0 242368
190 1 242447
32 0 242762
16 0 242838
32 1 242840
68 0 242939
16 1 242985
68 1 243037
85 0 243038
85 1 243104
80 0 243262
80 1 243317
65 0 243412
65 1 243479
32 0 243515
32 1 243579
69 0 243709
69 1 243768
86 0 243887
86 1 243947
73 0 244251
73 1 244305
68 0 244476
68 1 244532
69 0 244605
69 1 244671
78 0 244714
78 1 244774
84 0 244831
84 1 244881
32 0 244943
32 1 245011
83 0 245058
83 1 245137
65 0 245215
32 0 245284
65 1 245289
32 1 245359
73 0 245489
73 1 245545
65 0 245609
65 1 245675
85 0 245705
85 1 245773
32 0 245880
32 1 245960
8 0 246780
8 1 246846
8 0 246929
8 1 247009
8 0 247077
8 1 247160
189 0 247290
189 1 247372
65 0 247461
65 1 247532
85 0 247601
85 1 247676
32 0 247780
32 1 247864
77 0 247981
77 1 248036
73 0 248127
73 1 248183
67 0 248273
67 1 248341
85 0 248351
85 1 248415
76 0 248572
76 1 248638
8 0 249276
8 1 249343
8 0 249429
8 1 249500
8 0 249582
8 1 249653
8 0 249737
8 1 249804
8 0 249888
8 1 249957
8 0 250044
8 1 250115
8 0 250196
8 1 250262
8 0 250345
8 1 250432
65 0 250479
65 1 250573
85 0 250653
85 1 250684
8 0 250904
8 1 250953
8 0 251048
8 1 251111
8 0 251182
65 0 251218
8 1 251253
65 1 251310
85 0 251417
85 1 251477
32 0 251596
32 1 251667
77 0 251780
77 1 251832
73 0 251923
73 1 251979
67 0 252056
67 1 252119
85 0 252139
85 1 252197
76 0 252324
76 1 252393
32 0 252482
68 0 252526
32 1 252559
68 1 252593
69 0 252654
69 1 252711
74 0 252713
74 1 252767
85 0 253266
85 1 253329
78 0 253603
78 1 253646
190 0 257405
190 1 257463
32 0 257594
32 1 257649
67 0 257841
67 1 257904
79 0 257924
79 1 257977
78 0 258105
78 1 258160
8 0 258529
8 1 258580
8 0 258671
8 1 258743
8 0 258817
16 0 258842
8 1 258888
67 0 258944
16 1 258980
67 1 259023
79 0 259073
79 1 259136
78 0 259286
78 1 259349
83 0 259622
83 1 259679
73 0 259711
73 1 259755
68 0 259900
68 1 259974
69 0 260073
69 1 260136
82 0 260224
82 1 260280
32 0 260413
32 1 260508
67 0 260595
67 1 260633
65 0 260721
65 1 260797
32 0 260804
32 1 260869
77 0 260979
77 1 261043
73 0 261125
73 1 261186
78 0 261290
78 1 261350
85 0 261476
85 1 261502
8 0 261797
8 1 261844
8 0 261935
8 1 261989
67 0 261997
67 1 262062
85 0 262148
85 1 262207
76 0 262319
76 1 262390
32 0 262484
68 0 262511
32 1 262547
68 1 262578
69 0 262621
69 1 262681
74 0 262705
74 1 262766
85 0 262850
85 1 262913
78 0 262975
78 1 263055
32 0 263157
32 1 263228
69 0 263280
69 1 263339
83 0 263444
83 1 263521
84 0 263635
84 1 263686
69 0 263724
69 1 263792
32 0 263795
32 1 263873
67 0 263930
67 1 264013
69 0 264053
69 1 264121
65 0 264152
32 0 264224
65 1 264239
32 1 264296
77 0 264312
77 1 264396
65 0 264411
65 1 264479
73 0 264516
73 1 264577
32 0 264659
32 1 264738
73 0 264836
73 1 264896
77 0 264990
77 1 265062
80 0 265207
80 1 265267
79 0 265385
79 1 265436
82 0 265506
82 1 265565
84 0 265679
84 1 265725
65 0 265818
65 1 265890
78 0 265921
78 1 265976
84 0 266009
84 1 266066
65 0 266116
32 0 266196
65 1 266202
32 1 266251
77 0 266345
77 1 266418
65 0 266461
65 1 266547
83 0 266681
83 1 266772
65 0 266816
65 1 266912
32 0 266988
32 1 267064
68 0 267871
68 1 267930
73 0 267961
73 1 268008
78 0 268087
78 1 268166
32 0 268305
32 1 268392
90 0 268582
90 1 268647
73 0 268696
73 1 268742
190 0 269037
190 1 269079
32 0 269820
16 0 269861
32 1 269881
68 0 269939
16 1 269968
68 1 270029
85 0 270070
85 1 270126
80 0 270279
80 1 270343
65 0 270462
65 1 270508
32 0 270545
32 1 270606
67 0 270658
67 1 270718
65 0 270777
65 1 270837
82 0 270894
69 0 270962
82 1 270964
69 1 271020
32 0 271041
32 1 271101
83 0 271157
85 0 271221
83 1 271230
85 1 271275
78 0 271353
78 1 271425
84 0 271458
84 1 271510
32 0 271563
32 1 271642
80 0 271819
80 1 271875
82 0 271904
82 1 271969
69 0 272044
69 1 272104
71 0 272241
71 1 272322
65 0 272554
65 1 272629
84 0 272766
84 1 272830
73 0 272910
73 1 272956
84 0 273064
84 1 273115
32 0 273174
32 1 273238
83 0 273351
83 1 273439
65 0 273481
32 0 273532
65 1 273571
32 1 273595
77 0 273694
77 1 273757
69 0 273759
69 1 273818
82 0 273828
82 1 273902
71 0 274011
71 1 274079
32 0 274154
32 1 274230
76 0 274305
76 1 274383
65 0 274423
32 0 274494
65 1 274508
32 1 274570
76 0 274717
76 1 274785
85 0 274921
85 1 274965
67 0 275088
67 1 275130
82 0 275285
82 1 275337
85 0 275360
85 1 275409
190 0 275896
190 1 275958
32 0 277487
32 1 277545
16 0 277658
73 0 277812
73 1 277858
16 1 277886
77 0 277930
77 1 278012
73 0 278056
73 1 278112
32 0 278170
32 1 278254
80 0 278348
80 1 278407
76 0 278497
65 0 278565
76 1 278566
65 1 278643
67 0 278699
67 1 278768
69 0 278810
69 1 278878
32 0 278879
32 1 278942
68 0 278986
68 1 279065
79 0 279131
79 1 279183
81 0 279316
81 1 279431
8 0 279537
8 1 279601
8 0 279697
8 1 279761
8 0 279851
8 1 279897
70 0 279927
70 1 280039
79 0 280174
80 0 280176
79 1 280222
80 1 280222
65 0 280328
65 1 280419
82 0 280440
82 1 280529
8 0 280739
8 1 280807
8 0 280896
8 1 280967
8 0 281046
65 0 281119
8 1 281120
65 1 281230
82 0 281258
82 1 281337
84 0 281435
84 1 281486
69 0 281593
69 1 281660
32 0 281660
32 1 281723
77 0 281818
77 1 281878
85 0 281968
85 1 282029
76 0 282260
76 1 282323
84 0 282409
84 1 282464
32 0 282514
32 1 282584
90 0 282714
90 1 282796
73 0 282798
73 1 282860
85 0 282970
85 1 283017
65 0 283058
65 1 283126
32 0 283142
32 1 283227
73 0 283302
73 1 283357
78 0 283414
78 1 283497
32 0 283573
67 0 283632
32 1 283647
67 1 283703
65 0 283762
65 1 283825
82 0 283860
82 1 283936
69 0 283965
69 1 284032
32 0 284064
32 1 284143
65 0 284788
65 1 284860
77 0 284931
77 1 284990
32 0 285103
32 1 285160
69 0 285330
69 1 285397
86 0 285532
86 1 285586
69 0 285700
69 1 285759
78 0 285770
78 1 285827
73 0 285898
73 1 285977
77 0 286027
77 1 286119
69 0 286135
69 1 286208
78 0 286219
78 1 286284
84 0 286359
84 1 286410
190 0 286517
190 1 286560
32 0 286730
32 1 286790
16 0 286888
83 0 287040
16 1 287071
85 0 287115
83 1 287117
85 1 287179
78 0 287268
78 1 287351
84 0 287399
84 1 287459
32 0 287470
32 1 287546
80 0 287682
80 1 287724
76 0 287823
76 1 287891
73 0 288000
73 1 288049
78 0 288142
78 1 288210
32 0 288322
68 0 288340
32 1 288377
68 1 288416
69 0 289002
69 1 289064
32 0 289098
32 1 289171
69 0 289342
69 1 289402
78 0 289508
78 1 289561
69 0 289628
69 1 289703
82 0 289732
82 1 289796
71 0 289930
71 1 289992
73 0 290052
73 1 290110
69 0 290591
69 1 290651
190 0 291423
190 1 291472
32 0 291799
32 1 291854
16 0 293997
65 0 294690
16 1 294744
65 1 294792
66 0 294981
66 1 295039
73 0 295171
73 1 295225
65 0 295309
65 1 295380
32 0 295415
32 1 295474
65 0 295610
65 1 295690
83 0 295845
83 1 295946
84 0 296058
84 1 296128
69 0 296171
69 1 296262
80 0 296428
80 1 296487
84 0 296622
84 1 296678
32 0 296753
32 1 296812
83 0 296891
83 1 296975
65 0 297004
65 1 297068
32 0 297068
32 1 297130
77 0 297158
77 1 297248
32 0 297378
32 1 297441
73 0 297556
73 1 297610
78 0 297700
78 1 297764
84 0 297825
84 1 297875
65 0 297964
65 1 298056
76 0 298791
76 1 298862
78 0 299035
78 1 299081
69 0 299213
69 1 299256
83 0 299392
83 1 299457
67 0 299600
67 1 299682
32 0 299748
32 1 299826
67 0 299935
67 1 299998
85 0 300025
85 1 300082
32 0 300167
32 1 300254
77 0 300682
77 1 300747
69 0 300842
69 1 300897
77 0 301046
77 1 301108
66 0 301172
66 1 301231
82 0 301364
73 0 301422
82 1 301439
73 1 301464
73 0 301558
73 1 301610
32 0 301732
32 1 301804
69 0 301826
69 1 301878
67 0 301973
72 0 302025
67 1 302044
72 1 302076
73 0 302207
73 1 302262
80 0 302562
80 1 302644
69 0 302751
69 1 302814
73 0 302872
73 1 302937
32 0 303052
32 1 303122
83 0 303139
83 1 303221
73 0 303236
73 1 303296
32 0 303391
83 0 303455
32 1 303460
83 1 303558
32 0 303607
32 1 303683
73 0 303827
73 1 303877
77 0 303968
77 1 304040
8 0 304243
8 1 304303
8 0 304400
8 1 304455
8 0 304543
8 1 304607
8 0 304701
65 0 304727
8 1 304727
65 1 304836
32 0 304998
32 1 305032
8 0 305251
8 1 305312
8 0 305391
83 0 305448
8 1 305465
65 0 305540
83 1 305558
65 1 305626
32 0 305662
32 1 305734
73 0 305852
73 1 305903
78 0 305996
78 1 306059
67 0 306094
67 1 306162
69 0 306227
69 1 306295
80 0 306310
80 1 306375
69 0 306437
69 1 306493
77 0 306541
77 1 306613
32 0 306718
32 1 306789
83 0 306817
83 1 306900
32 0 306954
32 1 307030
70 0 307080
70 1 307137
65 0 307209
65 1 307265
67 0 307333
67 1 307407
69 0 307456
69 1 307513
77 0 307561
77 1 307607
8 0 307784
8 1 307835
8 0 307936
8 1 308004
8 0 308091
8 1 308153
8 0 308243
8 1 308315
8 0 308397
8 1 308471
8 0 308561
8 1 308633
8 0 308718
8 1 308749
65 0 308781
65 1 308841
8 0 309101
8 1 309151
83 0 309236
83 1 309311
65 0 309315
65 1 309387
32 0 309428
32 1 309483
70 0 309947
70 1 310019
65 0 310110
65 1 310181
67 0 310424
67 1 310496
69 0 310633
69 1 310676
8 0 316117
8 1 316161
8 0 316259
8 1 316315
8 0 316397
8 1 316476
8 0 316583
8 1 316656
65 0 316765
65 1 316876
77 0 316958
77 1 317030
69 0 317083
69 1 317146
78 0 317241
78 1 317320
65 0 317520
65 1 317599
74 0 317724
74 1 317788
65 0 317880
65 1 317952
77 0 318069
77 1 318123
32 0 318244
32 1 318302
69 0 318417
69 1 318464
86 0 318572
86 1 318631
69 0 318738
69 1 318807
78 0 318895
78 1 318951
73 0 319029
73 1 319101
77 0 319163
77 1 319241
69 0 319276
69 1 319348
78 0 319349
78 1 319412
84 0 319496
84 1 319551
69 0 319644
69 1 319732
76 0 319882
76 1 319940
69 0 320034
69 1 320093
190 0 320189
190 1 320241
32 0 320444
32 1 320533
67 0 320636
67 1 320705
65 0 320788
65 1 320863
78 0 320907
78 1 320953
8 0 321177
8 1 321228
8 0 321325
8 1 321389
8 0 321467
16 0 321509
8 1 321545
67 0 321591
16 1 321642
67 1 321691
65 0 321792
65 1 321887
78 0 321944
78 1 322002
84 0 322350
84 1 322409
32 0 322483
32 1 322563
68 0 322664
68 1 322717
69 0 322795
69 1 322855
83 0 322978
83 1 323066
80 0 323124
80 1 323188
82 0 323206
82 1 323279
69 0 323298
69 1 323367
32 0 323370
32 1 323438
80 0 323610
80 1 323672
82 0 323757
82 1 323816
65 0 324483
65 1 324550
78 0 324668
78 1 324727
90 0 324848
90 1 324912
32 0 324985
32 1 325057
80 0 325194
80 1 325253
82 0 325289
82 1 325349
79 0 325380
79 1 325428
66 0 325573
66 1 325632
65 0 325766
65 1 325812
66 0 325990
66 1 326066
73 0 326107
73 1 326171
76 0 326292
76 1 326363
32 0 326461
32 1 326523
73 0 326621
73 1 326684
76 0 326801
76 1 326879
32 0 326974
32 1 327056
86 0 327132
86 1 327224
79 0 327247
79 1 327300
82 0 327424
82 1 327487
32 0 327582
32 1 327650
8 0 327950
8 1 328009
8 0 328102
8 1 328169
73 0 328334
73 1 328384
32 0 328516
32 1 328588
83 0 328669
83 1 328735
65 0 329067
65 1 329146
82 0 329291
82 1 329342
73 0 329395
73 1 329437
188 0 329656
188 1 329715
32 0 329937
32 1 330006
68 0 330064
68 1 330184
65 0 330219
65 1 330343
8 0 330695
8 1 330757
8 0 330846
8 1 330918
67 0 330921
67 1 330985
65 0 331111
65 1 331190
32 0 331267
32 1 331338
83 0 331505
83 1 331594
69 0 331681
69 1 331746
65 0 331806
65 1 331889
82 0 331916
82 1 331988
65 0 332023
65 1 332102
32 0 332110
32 1 332178
83 0 332254
83 1 332379
65 0 332643
65 1 332717
32 0 332771
32 1 332831
68 0 332907
68 1 332975
69 0 333046
69 1 333110
80 0 333259
80 1 333333
65 0 333653
65 1 333751
77 0 333965
77 1 334033
8 0 334539
8 1 334611
78 0 334819
78 1 334899
65 0 335086
65 1 335137
77 0 335230
77 1 335276
32 0 335406
32 1 335465
65 0 335555
65 1 335634
77 0 335715
77 1 335773
73 0 335881
73 1 335933
78 0 336028
78 1 336096
84 0 336155
84 1 336226
73 0 336248
73 1 336303
82 0 336450
82 1 336519
73 0 336607
73 1 336657
76 0 336892
76 1 336964
69 0 337033
69 1 337081
32 0 337172
32 1 337263
68 0 337945
68 1 338003
69 0 338098
69 1 338158
32 0 338169
32 1 338237
80 0 338375
80 1 338446
69 0 338485
69 1 338543
32 0 338592
32 1 338664
84 0 338721
84 1 338771
73 0 338800
73 1 338848
77 0 338949
77 1 339012
80 0 339135
80 1 339202
32 0 339317
32 1 339388
68 0 339443
68 1 339520
69 0 339571
69 1 339631
32 0 339662
32 1 339742
8 0 340704
8 0 341205
8 0 341287
8 0 341372
8 0 341456
8 0 341538
8 0 341624
8 0 341708
8 0 341790
8 0 341877
8 0 341960
8 1 342032
8 0 342145
8 1 342171
8 0 342268
8 1 342356
8 0 342517
8 1 342546
83 0 342794
73 0 342871
83 1 342874
73 1 342948
32 0 343047
32 1 343128
73 0 343221
73 1 343281
78 0 343368
78 1 343427
84 0 343502
84 1 343565
65 0 343706
65 1 343785
77 0 343844
77 1 343908
80 0 344015
80 1 344089
76 0 344163
76 1 344235
65 0 344237
65 1 344298
82 0 344398
82 1 344461
73 0 344485
73 1 344552
76 0 344663
76 1 344734
69 0 344750
69 1 344824
32 0 344844
32 1 344925
68 0 344953
68 1 345018
69 0 345055
32 0 345075
69 1 345128
32 1 345150
80 0 345247
80 1 345318
69 0 345369
69 1 345430
32 0 345432
32 1 345501
84 0 345799
84 1 345867
73 0 345892
73 1 345943
77 0 346059
77 1 346132
80 0 346242
80 1 346302
85 0 346420
85 1 346483
76 0 346601
76 1 346676
32 0 346781
32 1 346847
90 0 346912
73 0 347004
90 1 347009
73 1 347058
76 0 347277
76 1 347348
69 0 347433
69 1 347487
73 0 347957
73 1 348009
190 0 348191
190 1 348246
16 0 365191
83 0 365412
16 1 365451
83 1 365503
73 0 365670
73 1 365726
83 0 365830
83 1 365891
84 0 366009
84 1 366068
69 0 366111
77 0 366163
69 1 366177
77 1 366230
85 0 366339
85 1 366405
76 0 366522
76 1 366590
32 0 366687
32 1 366759
69 0 366844
69 1 366907
68 0 367011
68 1 367082
85 0 367100
85 1 367160
67 0 367266
67 1 367330
65 0 367411
65 1 367480
84 0 367812
84 1 367867
73 0 367923
73 1 367983
79 0 368088
79 1 368127
78 0 368228
78 1 368302
65 0 368327
65 1 368405
76 0 368446
76 1 368486
32 0 368575
32 1 368656
68 0 368670
68 1 368742
73 0 368749
73 1 368806
78 0 368867
78 1 368950
32 0 369028
32 1 369111
82 0 369162
82 1 369219
79 0 369235
79 1 369284
77 0 369380
77 1 369447
65 0 369515
65 1 369610
78 0 370791
78 1 370871
73 0 371065
73 1 371121
65 0 371228
65 1 371295
32 0 371311
32 1 371387
69 0 371487
69 1 371535
83 0 371665
83 1 371725
84 0 371817
84 1 371876
69 0 371895
32 0 371961
69 1 371966
32 1 372032
68 0 372214
68 1 372279
69 0 372850
69 1 372904
83 0 373041
83 1 373096
84 0 373187
84 1 373243
85 0 373263
85 1 373324
76 0 373452
76 1 373528
32 0 373628
68 0 373705
32 1 373705
68 1 373789
69 0 373806
69 1 373879
32 0 373882
32 1 373954
73 0 374070
73 1 374122
78 0 374218
78 1 374278
86 0 374693
86 1 374753
69 0 374876
69 1 374931
67 0 375312
67 1 375380
72 0 375407
72 1 375462
73 0 375568
73 1 375632
84 0 375687
84 1 375743
32 0 375781
32 1 375849
68 0 375910
68 1 375981
85 0 375982
85 1 376042
80 0 376161
80 1 376228
65 0 376239
65 1 376324
32 0 376361
32 1 376429
80 0 376750
80 1 376816
65 0 376973
65 1 377056
82 0 377151
82 1 377221
69 0 377513
69 1 377612
82 0 377742
82 1 377834
69 0 377849
69 1 377934
65 0 378000
65 1 378086
32 0 378105
32 1 378169
77 0 378230
69 0 378306
77 1 378307
69 1 378368
65 0 378397
65 1 378475
190 0 378519
190 1 378583
32 0 378722
32 1 378773
16 0 379034
84 0 379303
16 1 379325
84 1 379385
82 0 379493
82 1 379565
65 0 379644
65 1 379746
73 0 379793
73 1 379853
77 0 379931
77 1 380008
32 0 380119
32 1 380204
73 0 380316
73 1 380371
78 0 380456
78 1 380533
32 0 380628
32 1 380713
69 0 381103
69 1 381166
82 0 381365
82 1 381436
65 0 381539
65 1 381617
32 0 381665
32 1 381732
84 0 382004
84 1 382066
69 0 382207
69 1 382278
72 0 382381
72 1 382445
78 0 382630
78 1 382688
79 0 382833
79 1 382888
76 0 383012
76 1 383083
79 0 383206
79 1 383264
71 0 383366
71 1 383429
73 0 383468
73 1 383512
69 0 384367
69 1 384402
73 0 384509
73 1 384553
188 0 384723
188 1 384791
32 0 384912
32 1 384966
73 0 385084
73 1 385143
65 0 385178
65 1 385250
82 0 385284
82 1 385340
32 0 385348
32 1 385425
71 0 385536
71 1 385588
69 0 385725
69 1 385800
78 0 385838
78 1 385898
69 0 385971
69 1 386034
82 0 386090
82 1 386157
65 0 386226
65 1 386326
84 0 387159
84 1 387234
73 0 387278
73 1 387333
76 0 387472
76 1 387534
69 0 387573
69 1 387624
32 0 387668
32 1 387723
67 0 387778
67 1 387850
65 0 387898
65 1 387961
82 0 388003
82 1 388078
69 0 388086
69 1 388143
32 0 388150
32 1 388223
83 0 388299
83 1 388422
8 0 388802
8 1 388884
86 0 388917
86 1 388985
73 0 389024
73 1 389075
78 0 389178
78 1 389251
32 0 389360
32 1 389444
83 0 389473
83 1 389544
85 0 389577
85 1 389629
78 0 389710
78 1 389780
84 0 390302
84 1 390349
32 0 390388
32 1 390477
84 0 390719
84 1 390782
79 0 390817
79 1 390885
84 0 390953
84 1 391007
32 0 391025
32 1 391102
77 0 391120
77 1 391216
65 0 391219
65 1 391333
73 0 391333
73 1 391388
32 0 391475
32 1 391562
65 0 392007
65 1 392099
84 0 392216
84 1 392276
82 0 392383
82 1 392446
65 0 392528
65 1 392636
83 0 392759
83 1 392834
69 0 392934
69 1 392993
32 0 393048
32 1 393116
68 0 393169
68 1 393240
69 0 393277
69 1 393342
32 0 393369
32 1 393436
84 0 393678
84 1 393734
69 0 393834
69 1 393904
72 0 394031
72 1 394103
78 0 394224
78 1 394290
79 0 394641
79 1 394692
76 0 394856
76 1 394935
79 0 395048
79 1 395112
71 0 395195
71 1 395266
73 0 395304
73 1 395351
69 0 395579
69 1 395630
188 0 395732
188 1 395799
32 0 395947
32 1 396013
68 0 396095
68 1 396162
69 0 396226
69 1 396271
67 0 396359
73 0 396415
67 1 396429
73 1 396461
32 0 396573
32 1 396648
67 0 396828
67 1 396892
79 0 396899
79 1 396955
78 0 397071
78 1 397130
83 0 397193
83 1 397268
73 0 397326
73 1 397345
68 0 397568
68 1 397632
69 0 397694
69 1 397749
82 0 397788
82 1 397857
32 0 397928
32 1 397987
67 0 398145
67 1 398224
65 0 398318
65 1 398414
32 0 398438
32 1 398514
69 0 400269
69 1 400363
83 0 400471
83 1 400548
84 0 400645
84 1 400704
69 0 400762
69 1 400828
32 0 400855
32 1 400936
70 0 400962
70 1 401049
79 0 401086
79 1 401143
65 0 401212
65 1 401309
82 0 401338
82 1 401407
84 0 401513
84 1 401564
69 0 401620
69 1 401696
32 0 401699
32 1 401772
73 0 401901
73 1 401952
77 0 402047
77 1 402123
80 0 402241
80 1 402303
79 0 402402
79 1 402465
82 0 402466
82 1 402533
84 0 402637
84 1 402689
65 0 402770
65 1 402861
78 0 402907
78 1 402974
84 0 402993
84 1 403045
65 0 403131
65 1 403222
32 0 403237
32 1 403311
68 0 403800
68 1 403866
73 0 403953
73 1 404001
71 0 404235
71 1 404298
73 0 404321
73 1 404369
84 0 404548
84 1 404620
65 0 404733
65 1 404822
76 0 404954
76 1 405029
73 0 405137
73 1 405188
90 0 405309
90 1 405376
65 0 405448
65 1 405503
82 0 405559
82 1 405628
69 0 405682
69 1 405721
188 0 405722
188 1 405766
67 0 406499
67 1 406558
65 0 406648
65 1 406715
82 0 406775
82 1 406829
69 0 406852
69 1 406921
32 0 406977
32 1 407072
68 0 407204
68 1 407272
73 0 407283
73 1 407359
78 0 407461
78 1 407544
32 0 407638
32 1 407721
80 0 407866
80 1 407937
65 0 408002
65 1 408048
67 0 408103
67 1 408167
65 0 408205
65 1 408289
84 0 408443
84 1 408505
69 0 408612
69 1 408687
32 0 408732
32 1 408808
73 0 408907
73 1 408962
78 0 409026
78 1 409113
32 0 409191
32 1 409262
16 0 409325
82 0 409474
16 1 409496
82 1 409547
79 0 409589
79 1 409642
77 0 409748
77 1 409824
65 0 409874
65 1 409951
78 0 410200
78 1 410259
73 0 410362
73 1 410413
65 0 410484
65 1 410552
32 0 410585
32 1 410648
76 0 410941
76 1 411008
73 0 411154
73 1 411200
80 0 411751
80 1 411818
83 0 412984
83 1 413059
69 0 413225
69 1 413295
83 0 413494
83 1 413574
84 0 413681
84 1 413732
69 0 413780
69 1 413847
32 0 413871
32 1 413943
68 0 414132
68 1 414224
69 0 414282
69 1 414346
83 0 414466
83 1 414525
84 0 414619
84 1 414671
85 0 414678
85 1 414743
76 0 414868
76 1 414946
32 0 415051
68 0 415074
32 1 415121
68 1 415177
69 0 415198
69 1 415263
32 0 415264
32 1 415327
77 0 415438
77 1 415494
85 0 415598
85 1 415653
76 0 415782
76 1 415842
84 0 415929
84 1 415975
190 0 416251
190 1 416301
32 0 416902
32 1 416957
16 0 420674
73 0 420832
73 1 420897
16 1 420941
78 0 420991
78 1 421050
32 0 421158
32 1 421234
65 0 421300
65 1 421385
76 0 421431
76 1 421496
84 0 421578
84 1 421632
69 0 421740
69 1 421811
32 0 421842
32 1 421884
84 0 422112
84 1 422178
65 0 423031
65 1 423105
82 0 423243
82 1 423298
73 0 423358
73 1 423416
32 0 423621
32 1 423687
67 0 424180
67 1 424257
69 0 424362
69 1 424428
76 0 424469
76 1 424537
32 0 424645
32 1 424715
80 0 424834
80 1 424899
85 0 425024
85 1 425087
84 0 425246
84 1 425301
73 0 425330
73 1 425387
78 0 425485
78 1 425560
32 0 425659
32 1 425724
67 0 426531
67 1 426590
69 0 426690
69 1 426758
76 0 426792
76 1 426863
69 0 426900
69 1 426959
32 0 426997
32 1 427092
68 0 427168
73 0 427230
68 1 427236
73 1 427285
78 0 427358
78 1 427440
32 0 427529
32 1 427583
86 0 427647
86 1 427709
69 0 427791
69 1 427862
83 0 427992
83 1 428039
84 0 428109
84 1 428166
188 0 428230
188 1 428290
32 0 428409
32 1 428478
67 0 428876
67 1 428935
82 0 429073
82 1 429137
69 0 429192
69 1 429264
68 0 429374
68 1 429444
32 0 429499
32 1 429566
67 0 429627
67 1 429682
65 0 429740
32 0 429797
65 1 429827
32 1 429867
79 0 429994
79 1 430049
32 0 430156
32 1 430226
68 0 430327
68 1 430390
85 0 430423
85 1 430472
67 0 430639
67 1 430694
32 0 431040
32 1 431138
77 0 431272
77 1 431335
85 0 431434
85 1 431490
76 0 431613
76 1 431686
84 0 431690
84 1 431760
32 0 431792
77 0 431859
32 1 431872
77 1 431955
65 0 431966
65 1 432051
73 0 432063
73 1 432119
32 0 432203
32 1 432287
66 0 432328
66 1 432391
73 0 432419
73 1 432466
78 0 432551
78 1 432622
69 0 432666
69 1 432724
32 0 432753
32 1 432834
76 0 432936
76 1 433001
65 0 433089
32 0 433148
65 1 433157
32 1 433219
65 0 433397
65 1 433469
67 0 433556
67 1 433631
69 0 433713
69 1 433777
83 0 434349
83 1 434408
84 0 434505
84 1 434560
32 0 434596
32 1 434672
67 0 434803
67 1 434849
65 0 434970
65 1 435029
80 0 435096
80 1 435163
73 0 435287
73 1 435337
84 0 435483
84 1 435535
79 0 435620
79 1 435659
76 0 436139
76 1 436189
190 0 438119
190 1 438169
32 0 438774
32 1 438853
16 0 444126
67 0 444260
16 1 444320
67 1 444404
76 0 444547
76 1 444608
65 0 444755
65 1 444835
82 0 445016
82 1 445068
32 0 446428
32 1 446510
65 0 446835
65 1 446942
8 0 447888
8 1 447939
8 0 448035
8 1 448091
8 0 448181
8 1 448243
8 0 448328
8 1 448391
8 0 448487
8 1 448543
8 0 448749
8 1 448832
8 0 448956
8 1 449051
16 0 449731
84 0 449935
16 1 449957
84 1 450026
79 0 450062
79 1 450140
84 0 450258
84 1 450329
65 0 450920
65 1 451014
84 0 451125
84 1 451177
65 0 451253
32 0 451324
65 1 451330
32 1 451395
76 0 451489
76 1 451562
85 0 451671
85 1 451730
8 0 452173
8 1 452228
8 0 452331
8 1 452381
8 0 452478
8 1 452545
8 0 452628
8 1 452695
8 0 452783
8 1 452852
8 0 452940
8 1 453011
8 0 453095
8 1 453163
65 0 453276
65 1 453365
84 0 453499
84 1 453544
65 0 453634
65 1 453701
32 0 453704
32 1 453797
8 0 454113
8 1 454176
8 0 454267
8 1 454333
8 0 454425
8 1 454493
8 0 454582
8 1 454644
8 0 454732
8 1 454803
8 0 454878
8 1 454942
32 0 454945
32 1 455066
32 0 455427
32 1 455484
16 0 455542
84 0 455736
16 1 455775
84 1 455827
79 0 455903
79 1 455962
65 0 456068
65 1 456160
76 0 456218
76 1 456284
84 0 456317
84 1 456429
8 0 456788
8 1 456861
8 0 456948
8 1 457019
84 0 457167
84 1 457234
65 0 457382
65 1 457477
32 0 457550
32 1 457630
76 0 457711
76 1 457791
85 0 457907
85 1 457962
77 0 458061
77 1 458145
69 0 458156
69 1 458225
65 0 458312
65 1 458391
188 0 458392
188 1 458469
32 0 458558
32 1 458626
69 0 458748
69 1 458818
86 0 458941
86 1 459000
69 0 459372
69 1 459443
76 0 459606
76 1 459681
86 0 459734
86 1 459794
73 0 459883
73 1 459934
8 0 460338
8 1 460382
8 0 460485
8 1 460544
8 0 460650
8 1 460688
8 0 460983
8 0 461483
8 0 461566
8 0 461651
8 0 461736
8 0 461819
8 0 461902
8 0 461988
8 0 462070
8 0 462156
8 0 462240
8 0 462322
8 1 462397
8 0 462514
8 1 462577
8 0 462677
8 1 462728
8 0 462823
8 1 462900
8 0 463023
8 1 463077
16 0 463115
83 0 463294
16 1 463360
83 1 463404
65 0 463616
65 1 463708
32 0 463939
32 1 464030
73 0 466137
73 1 466196
78 0 466327
78 1 466391
86 0 466922
86 1 466990
69 0 467146
69 1 467217
84 0 467372
84 1 467436
69 0 467543
69 1 467616
32 0 468001
32 1 468063
77 0 468146
77 1 468221
65 0 468247
65 1 468337
73 0 468354
73 1 468406
32 0 468504
32 1 468579
77 0 468676
77 1 468726
85 0 468817
85 1 468875
76 0 469013
76 1 469084
84 0 469880
84 1 469936
32 0 470070
32 1 470144
67 0 470279
67 1 470356
65 0 470493
65 1 470566
32 0 470568
32 1 470644
84 0 472599
84 1 472665
69 0 472790
69 1 472861
76 0 472902
76 1 472974
69 0 473027
69 1 473094
70 0 473342
70 1 473399
79 0 473415
79 1 473481
78 0 473608
78 1 473671
85 0 473756
85 1 473814
76 0 473929
76 1 474009
32 0 474090
32 1 474164
83 0 474182
83 1 474247
73 0 474263
73 1 474323
32 0 474422
32 1 474493
76 0 474610
76 1 474681
69 0 474761
69 1 474828
80 0 475124
80 1 475193
8 0 475713
8 1 475774
8 0 475863
8 1 475926
65 0 476012
65 1 476107
8 0 476322
8 1 476382
69 0 476446
69 1 476505
80 0 476794
80 1 476874
84 0 477237
84 1 477296
79 0 477867
79 1 477906
8 0 478151
8 1 478215
8 0 478312
8 1 478366
8 0 478455
8 1 478515
8 0 478609
8 1 478667
8 0 478755
67 0 478815
8 1 478820
67 1 478886
65 0 478992
65 1 479059
67 0 479208
67 1 479262
85 0 479288
85 1 479360
76 0 479477
76 1 479552
84 0 479625
84 1 479679
65 0 479771
65 1 479837
84 0 479953
84 1 480017
79 0 480080
79 1 480139
82 0 480424
82 1 480475
85 0 480503
85 1 480567
76 0 480691
76 1 480759
32 0 480846
32 1 480921
78 0 481011
78 1 481083
85 0 481142
85 1 481218
32 0 481257
83 0 481320
32 1 481330
83 1 481399
85 0 481416
85 1 481472
78 0 481531
78 1 481610
84 0 481613
84 1 481681
32 0 481718
32 1 481799
70 0 481889
70 1 481956
65 0 482064
65 1 482143
67 0 482242
67 1 482321
85 0 482395
85 1 482449
84 0 482499
84 1 482559
69 0 482687
69 1 482758
32 0 482759
32 1 482826
68 0 482902
68 1 482973
79 0 483004
79 1 483047
65 0 483098
65 1 483189
82 0 483223
82 1 483298
32 0 483329
32 1 483440
80 0 483632
80 1 483696
69 0 483858
69 1 483933
78 0 483999
78 1 484069
84 0 484114
84 1 484185
82 0 484225
85 0 484277
82 1 484300
85 1 484340
32 0 484444
32 1 484522
74 0 487312
74 1 487370
79 0 487495
79 1 487561
67 0 487607
67 1 487663
85 0 487689
85 1 487749
82 0 487833
82 1 487893
73 0 487908
73 1 487963
190 0 488174
190 1 488216
8 0 488590
8 1 488666
191 0 488795
191 1 488863
70 0 488999
70 1 489075
65 0 489146
65 1 489208
67 0 489285
67 1 489357
69 0 489408
69 1 489458
66 0 489572
66 1 489623
79 0 489705
79 1 489765
79 0 490247
79 1 490294
75 0 491154
75 1 491225
190 0 491417
190 1 491489
8 0 491969
8 1 492029
190 0 492173
190 1 492228
8 0 492735
8 1 492823
191 0 493007
191 1 493102
77 0 493508
77 1 493568
69 0 494007
69 1 494070
83 0 494458
83 1 494544
83 0 494659
83 1 494703
69 0 494844
69 1 494903
78 0 494979
78 1 495030
71 0 495089
71 1 495142
69 0 495223
69 1 495288
82 0 495380
82 1 495447
32 0 495554
32 1 495629
83 0 495746
73 0 495806
83 1 495815
73 1 495848
32 0 495940
32 1 496018
80 0 496116
80 1 496183
69 0 496250
69 1 496305
78 0 496322
78 1 496402
84 0 496462
84 1 496527
82 0 496557
85 0 496592
82 1 496637
85 1 496659
32 0 496738
32 1 496825
73 0 496961
73 1 497027
78 0 497131
78 1 497202
86 0 497366
86 1 497448
65 0 499192
65 1 499306
84 0 499640
84 1 499702
65 0 499799
65 1 499888
84 0 499925
84 1 499988
16 0 501862
69 0 502092
16 1 502142
69 1 502197
76 0 502356
76 1 502406
69 0 502489
69 1 502559
66 0 502702
66 1 502767
73 0 502830
73 1 502877
73 0 502988
73 1 503041
8 0 503288
8 1 503338
8 0 503431
8 1 503496
8 0 503578
86 0 503627
8 1 503657
86 1 503710
73 0 503828
73 1 503887
73 0 503988
73 1 504043
32 0 504165
32 1 504232
39 0 504707
39 1 504850
8 0 505072
8 1 505132
83 0 505201
83 1 505269
190 0 509165
190 1 509222
32 0 509374
32 1 509437
16 0 510083
80 0 510512
80 1 510582
16 1 510605
65 0 510768
65 1 510839
82 0 510948
82 1 511012
73 0 511043
73 1 511107
78 0 511249
78 1 511311
229 0 511669
222 1 511741
229 0 512152
8 1 512153
8 0 512153
8 1 512220
84 0 512291
84 1 512371
73 0 512441
73 1 512500
32 0 512599
32 1 512673
83 0 512710
83 1 512789
65 0 512853
65 1 512929
32 0 512930
32 1 513009
73 0 513116
73 1 513175
78 0 513267
78 1 513321
84 0 513375
84 1 513446
69 0 513613
69 1 513697
76 0 513847
76 1 513923
69 0 513993
69 1 514060
65 0 514154
65 1 514233
71 0 514322
71 1 514377
65 0 514461
65 1 514539
32 0 514557
32 1 514630
67 0 514743
67 1 514801
65 0 515044
65 1 515130
32 0 515173
32 1 515255
84 0 515411
84 1 515478
69 0 515605
69 1 515676
72 0 516041
72 1 516094
78 0 516538
78 1 516597
79 0 516736
79 1 516790
76 0 516905
76 1 516977
79 0 517088
79 1 517152
71 0 517273
71 1 517332
73 0 517356
73 1 517408
65 0 517613
65 1 517688
32 0 518262
32 1 518320
69 0 518406
69 1 518465
83 0 518598
83 1 518664
84 0 518770
84 1 518821
69 0 518862
69 1 518943
32 0 518971
32 1 519051
76 0 520140
76 1 520208
65 0 520274
65 1 520357
32 0 520359
32 1 520433
80 0 520564
80 1 520630
8 0 521114
8 1 521203
8 0 521227
8 1 521335
8 0 521411
8 1 521490
8 0 521561
8 0 522063
8 0 522145
8 0 522230
8 0 522312
8 0 522397
8 0 522481
8 0 522567
8 0 522650
8 0 522735
8 0 522819
8 0 522902
8 0 522986
8 0 523070
8 0 523154
8 0 523238
8 1 523256
8 0 523424
8 1 523539
84 0 525057
84 1 525103
69 0 525228
69 1 525294
76 0 525371
76 1 525440
69 0 525458
69 1 525509
70 0 526045
70 1 526090
79 0 526154
79 1 526212
78 0 526350
78 1 526415
85 0 526503
85 1 526566
76 0 526698
76 1 526770
32 0 526866
32 1 526946
83 0 526981
83 1 527058
73 0 527090
73 1 527145
32 0 527312
32 1 527362
67 0 528752
67 1 528827
65 0 528938
65 1 529017
76 0 529183
76 1 529255
67 0 529308
67 1 529371
85 0 529402
85 1 529467
76 0 529587
76 1 529665
65 0 529668
65 1 529725
84 0 529835
84 1 529901
79 0 529928
79 1 529989
82 0 530055
82 1 530126
85 0 530151
85 1 530227
76 0 530341
76 1 530407
32 0 530494
83 0 530534
32 1 530565
83 1 530600
85 0 530657
85 1 530711
78 0 530784
84 0 530860
78 1 530867
84 1 530915
32 0 530985
32 1 531063
73 0 531538
73 1 531597
78 0 531703
78 1 531774
32 0 531888
32 1 531968
84 0 532042
84 1 532110
82 0 532223
82 1 532282
69 0 532348
69 1 532419
78 0 532485
78 1 532544
68 0 532650
68 1 532714
32 0 532768
32 1 532847
65 0 533011
65 1 533078
67 0 533220
67 1 533280
85 0 533291
85 1 533359
77 0 533474
77 1 533529
32 0 533619
32 1 533694
83 0 533711
83 1 533771
73 0 533798
73 1 533859
32 0 533956
32 1 534031
83 0 534118
83 1 534188
65 0 534299
65 1 534374
32 0 534401
32 1 534489
83 0 534677
83 1 534745
69 0 534847
69 1 534905
32 0 534921
32 1 534997
65 0 535134
65 1 535228
68 0 535329
68 1 535394
65 0 535468
65 1 535555
80 0 535698
80 1 535758
84 0 535826
84 1 535884
69 0 535972
69 1 536026
90 0 536184
90 1 536247
69 0 536377
69 1 536438
188 0 536537
188 1 536609
32 0 536746
32 1 536825
73 0 536969
73 1 537009
65 0 537541
65 1 537623
82 0 538765
82 1 538819
32 0 538908
32 1 538988
80 0 539149
80 1 539216
82 0 539292
82 1 539342
79 0 539359
79 1 539415
71 0 539577
71 1 539620
69 0 539773
69 1 539856
8 0 540338
8 1 540396
8 0 540738
8 1 540809
70 0 540941
70 1 541025
69 0 541151
69 1 541217
83 0 541455
83 1 541518
79 0 541563
79 1 541621
82 0 541686
82 1 541737
73 0 541785
73 1 541836
32 0 542113
32 1 542175
83 0 542230
65 0 542314
83 1 542324
65 1 542402
32 0 542430
32 1 542493
73 0 542866
73 1 542923
78 0 543063
78 1 543134
67 0 543283
67 1 543334
69 0 543460
69 1 543544
65 0 543694
65 1 543770
80 0 543843
80 1 543915
65 0 543937
65 1 544000
32 0 544059
32 1 544138
83 0 544149
65 0 544217
83 1 544233
65 1 544305
32 0 544326
32 1 544397
70 0 544445
70 1 544501
65 0 544574
65 1 544649
67 0 544792
67 1 544860
65 0 545530
65 1 545610
32 0 545705
32 1 545797
67 0 545933
67 1 545981
85 0 546026
85 1 546087
8 0 546393
8 1 546471
65 0 546563
65 1 546626
84 0 546700
32 0 546748
84 1 546758
32 1 546812
77 0 546841
65 0 546923
77 1 546932
65 1 546985
73 0 547029
73 1 547085
32 0 547172
32 1 547250
77 0 547348
77 1 547407
85 0 547491
85 1 547567
76 0 547674
76 1 547763
84 0 547820
84 1 547884
32 0 547909
32 1 547976
77 0 548088
77 1 548159
65 0 548210
65 1 548294
84 0 548407
84 1 548465
69 0 548540
69 1 548608
82 0 548723
82 1 548786
73 0 548878
73 1 548938
65 0 549040
65 1 549111
76 0 549129
76 1 549200
32 0 549305
32 1 549367
79 0 549482
79 1 549541
78 0 549771
78 1 549826
189 0 550206
189 1 550263
76 0 550437
186 0 550438
186 1 550482
76 1 550488
73 0 550631
73 1 550682
8 0 550909
8 1 550968
8 0 551050
8 1 551121
73 0 551270
73 1 551342
78 0 551455
78 1 551523
69 0 551604
69 1 551651
188 0 551675
188 1 551739
32 0 551840
32 1 551907
73 0 552009
73 1 552060
78 0 552153
78 1 552210
84 0 552254
84 1 552310
69 0 552434
69 1 552516
82 0 552925
82 1 552988
65 0 553099
65 1 553187
67 0 554134
67 1 554197
84 0 554324
84 1 554383
73 0 554439
73 1 554490
86 0 554696
86 1 554741
32 0 554822
32 1 554886
80 0 554998
80 1 555061
69 0 555133
69 1 555201
78 0 555216
78 1 555285
84 0 555377
84 1 555445
82 0 555499
85 0 555543
82 1 555578
85 1 555605
32 0 555725
32 1 555807
69 0 558761
69 1 558841
76 0 558918
76 1 558988
69 0 559001
69 1 559062
86 0 559200
86 1 559268
73 0 559293
73 1 559345
190 0 559586
190 1 559644
16 0 595616
79 0 595756
79 1 595812
16 1 595830
66 0 596491
66 1 596550
83 0 597076
83 1 597166
69 0 597275
69 1 597339
82 0 597392
82 1 597462
86 0 597600
86 1 597655
32 0 598061
32 1 598146
67 0 598230
67 1 598307
76 0 598407
76 1 598470
65 0 598530
65 1 598595
68 0 598708
68 1 598775
73 0 598801
73 1 598844
82 0 598977
82 1 599059
69 0 599083
69 1 599169
65 0 599191
65 1 599260
190 0 599672
190 1 599742
32 0 599924
32 1 599986
16 0 600062
67 0 600235
16 1 600263
67 1 600338
82 0 600478
82 1 600554
69 0 600630
69 1 600702
68 0 600844
68 1 600919
32 0 600991
32 1 601067
67 0 601134
67 1 601193
65 0 601258
32 0 601330
65 1 601336
32 1 601417
69 0 601836
69 1 601903
83 0 602032
83 1 602096
84 0 602181
84 1 602241
69 0 602264
32 0 602330
69 1 602338
32 1 602396
79 0 602506
79 1 602573
32 0 602661
32 1 602742
67 0 602945
67 1 603014
76 0 603104
76 1 603182
65 0 603212
65 1 603276
68 0 603361
68 1 603438
73 0 603455
73 1 603504
82 0 603599
82 1 603666
69 0 603700
69 1 603789
32 0 603871
32 1 603944
80 0 604103
80 1 604172
82 0 604224
82 1 604328
69 0 604346
69 1 604438
65 0 604483
65 1 604563
8 0 605725
8 1 605788
8 0 605874
8 1 605941
8 0 606027
8 1 606099
8 0 606231
8 0 606732
8 0 606817
8 0 606901
8 0 606984
8 0 607068
8 0 607153
8 0 607236
8 0 607321
8 0 607405
8 0 607489
8 0 607573
8 0 607657
8 0 607740
8 0 607825
8 0 607910
8 0 607992
8 0 608077
8 0 608161
8 0 608245
8 1 608323
8 0 608460
8 1 608521
8 0 608622
8 1 608693
8 0 608849
8 1 608932
8 0 609024
8 1 609116
16 0 609259
73 0 609355
73 1 609423
16 1 609449
78 0 609527
78 1 609607
8 0 609904
8 1 609963
8 0 610049
8 1 610125
83 0 610198
83 1 610277
73 0 610312
73 1 610376
32 0 610498
32 1 610583
8 0 610820
8 1 610880
8 0 610974
8 1 611040
8 0 611123
8 1 611190
8 0 611275
8 1 611338
8 0 611432
8 1 611503
8 0 611579
8 1 611647
65 0 612285
65 1 612332
32 0 612343
32 1 612435
83 0 612482
83 1 612551
73 0 612566
73 1 612623
32 0 612712
32 1 612790
83 0 612855
83 1 612950
84 0 613416
84 1 613486
65 0 613638
65 1 613723
84 0 614177
84 1 614239
85 0 614322
85 1 614369
73 0 614822
73 1 614885
69 0 615091
69 1 615159
84 0 615295
84 1 615345
69 0 615426
69 1 615496
76 0 615548
76 1 615608
69 0 615635
69 1 615712
32 0 615737
32 1 615809
68 0 615897
68 1 615969
69 0 616009
32 0 616073
69 1 616094
32 1 616141
80 0 616267
80 1 616335
69 0 616372
69 1 616445
32 0 616460
32 1 616525
80 0 616658
80 1 616725
69 0 616989
69 1 617064
82 0 617185
82 1 617261
69 0 617295
69 1 617355
84 0 617435
84 1 617494
73 0 617527
73 1 617575
190 0 617835
190 1 617890
32 0 618115
32 1 618170
16 0 618964
67 0 619112
16 1 619164
67 1 619228
82 0 619367
82 1 619446
69 0 619507
69 1 619581
68 0 619701
68 1 619767
32 0 619840
32 1 619916
67 0 620024
67 1 620101
65 0 620165
65 1 620263
32 0 620302
32 1 620382
69 0 620470
69 1 620545
83 0 620668
83 1 620727
84 0 620808
84 1 620868
69 0 620880
69 1 620956
32 0 620959
32 1 621032
79 0 621141
79 1 621201
32 0 621301
32 1 621377
80 0 621503
80 1 621561
73 0 621680
73 1 621728
65 0 621804
65 1 621880
84 0 621946
84 1 622013
65 0 622097
65 1 622176
32 0 622179
32 1 622252
80 0 622525
80 1 622587
85 0 622737
85 1 622778
66 0 622941
66 1 623000
76 0 623033
76 1 623109
79 0 623234
73 0 623236
73 1 623272
79 1 623279
8 0 624443
8 1 624528
8 0 624611
8 1 624707
8 0 624894
8 1 625006
76 0 625602
76 1 625689
73 0 625816
73 1 625868
67 0 625924
67 1 625991
65 0 626150
65 1 626225
32 0 626288
32 1 626365
68 0 626391
68 1 626452
73 0 626491
73 1 626541
78 0 626624
78 1 626702
32 0 626794
32 1 626880
65 0 628350
65 1 628426
84 0 628548
84 1 628609
73 0 628743
73 1 628805
67 0 629166
67 1 629241
72 0 629317
72 1 629381
73 0 629508
73 1 629570
84 0 629806
84 1 629888
65 0 629963
65 1 630053
84 0 630107
84 1 630171
69 0 630210
69 1 630274
188 0 632049
188 1 632116
32 0 632229
32 1 632301
85 0 632396
85 1 632450
78 0 632524
68 0 632565
78 1 632602
69 0 632648
68 1 632649
69 1 632718
32 0 632719
32 1 632783
79 0 632892
79 1 632955
65 0 632999
77 0 633053
65 1 633072
77 1 633129
69 0 633216
69 1 633276
78 0 633551
78 1 633609
73 0 634183
73 1 634254
32 0 634361
70 0 634424
32 1 634431
70 1 634487
65 0 634553
65 1 634619
67 0 634870
67 1 634934
32 0 635200
32 1 635291
68 0 635342
68 1 635410
73 0 635468
73 1 635520
70 0 635608
70 1 635675
8 0 636077
8 1 636151
86 0 636170
86 1 636235
69 0 636333
69 1 636407
82 0 636442
82 1 636514
83 0 636653
83 1 636748
69 0 636840
69 1 636915
32 0 636962
32 1 637021
78 0 637136
78 1 637195
69 0 637249
69 1 637300
71 0 637452
71 1 637510
79 0 637544
79 1 637596
84 0 638176
84 1 638239
85 0 638293
85 1 638334
82 0 638505
82 1 638556
73 0 638588
73 1 638631
188 0 639908
188 1 639959
32 0 640116
32 1 640237
16 0 640554
86 0 640791
86 1 640898
16 1 640995
8 0 641035
8 1 641098
8 0 641184
8 1 641243
8 0 641316
8 1 641399
190 0 641544
190 1 641627
32 0 641739
32 1 641798
16 0 641809
86 0 641976
16 1 642022
86 1 642083
65 0 642213
65 1 642297
68 0 642444
68 1 642516
32 0 642565
32 1 642651
85 0 642767
85 1 642830
78 0 643364
78 1 643429
32 0 643538
32 1 643628
79 0 643893
73 0 643903
73 1 643924
79 1 643939
8 0 644401
8 1 644477
77 0 644648
77 1 644715
32 0 644823
32 1 644884
76 0 644991
76 1 645059
65 0 645117
65 1 645190
32 0 645191
32 1 645253
80 0 645389
80 1 645457
65 0 645623
65 1 645675
77 0 645868
77 1 645934
65 0 646004
65 1 646076
78 0 646198
78 1 646261
84 0 646413
84 1 646464
32 0 646508
32 1 646583
67 0 646713
67 1 646804
65 0 646869
65 1 646952
82 0 646987
82 1 647063
69 0 647099
69 1 647166
32 0 647285
32 1 647364
80 0 647631
80 1 647698
82 0 647800
82 1 647863
79 0 647870
79 1 647935
66 0 648077
66 1 648148
65 0 648319
65 1 648422
66 0 648530
73 0 648590
66 1 648592
73 1 648648
76 0 648763
76 1 648829
32 0 648938
32 1 649005
69 0 649973
69 1 650065
83 0 650186
83 1 650270
84 0 650390
84 1 650431
69 0 650490
69 1 650558
32 0 650587
32 1 650670
85 0 650768
85 1 650819
78 0 650902
78 1 650987
32 0 651078
32 1 651148
67 0 651232
67 1 651315
69 0 651420
69 1 651496
82 0 652261
82 1 652316
83 0 652487
83 1 652569
69 0 652671
69 1 652723
84 0 653021
84 1 653091
79 0 653170
79 1 653227
82 0 654008
82 1 654054
188 0 654290
188 1 654359
32 0 654479
67 0 654547
32 1 654553
67 1 654614
65 0 654676
65 1 654736
82 0 654797
82 1 654861
69 0 654867
32 0 654908
69 1 654930
32 1 654991
78 0 655085
78 1 655145
85 0 655222
85 1 655285
32 0 655357
32 1 655448
80 0 655581
80 1 655644
79 0 655760
79 1 655812
65 0 656748
65 1 656827
84 0 656924
84 1 656980
69 0 657057
69 1 657128
32 0 657139
32 1 657202
77 0 657300
77 1 657363
69 0 657438
69 1 657539
82 0 657602
82 1 657691
71 0 657823
71 1 657886
69 0 657993
69 1 658061
190 0 659442
190 1 659483
13 0 659814
13 1 659897
16 0 660164
16 1 660236
16 0 660486
73 0 660705
16 1 660749
73 1 660764
78 0 660846
78 1 660924
32 0 661000
32 1 661084
80 0 661265
80 1 661348
65 0 661779
65 1 661879
82 0 661991
82 1 662059
84 0 662165
84 1 662231
69 0 662308
69 1 662391
65 0 662403
65 1 662494
32 0 662494
32 1 662572
68 0 662635
68 1 662698
69 0 662730
69 1 662797
32 0 662907
32 1 663007
74 0 663196
74 1 663258
79 0 663381
79 1 663448
83 0 663525
83 1 663580
32 0 663601
32 1 663682
83 0 664128
83 1 664190
69 0 664318
69 1 664373
32 0 664384
32 1 664460
86 0 664804
86 1 664882
69 0 665030
69 1 665089
68 0 665210
68 1 665302
69 0 665340
69 1 665415
32 0 665586
32 1 665669
85 0 666411
85 1 666479
78 0 666579
78 1 666659
32 0 666798
32 1 666873
80 0 668250
80 1 668314
82 0 668433
82 1 668500
8 0 668934
8 1 669005
8 0 669084
8 1 669156
65 0 671298
65 1 671413
80 0 671507
79 0 671509
80 1 671558
79 1 671564
79 0 671700
79 1 671744
83 0 672379
83 1 672443
8 0 672617
8 1 672668
8 0 672760
8 1 672830
83 0 672882
83 1 672977
84 0 673090
84 1 673158
79 0 673207
79 1 673269
76 0 673408
76 1 673479
32 0 673614
32 1 673697
80 0 673831
80 1 673898
82 0 673928
82 1 673988
79 0 674010
79 1 674063
66 0 674180
66 1 674239
65 0 674376
65 1 674439
66 0 674561
73 0 674608
66 1 674618
73 1 674667
76 0 674774
76 1 674842
188 0 675007
188 1 675073
32 0 675180
67 0 675214
32 1 675239
67 1 675295
65 0 675331
65 1 675399
82 0 675424
82 1 675499
69 0 675513
69 1 675579
32 0 675618
32 1 675710
73 0 675817
73 1 675859
78 0 675946
78 1 676007
67 0 676010
67 1 676115
69 0 676198
65 0 676306
69 1 676327
65 1 676397
82 0 676415
82 1 676483
67 0 676614
67 1 676678
65 0 676746
65 1 676830
32 0 676837
32 1 676918
83 0 676940
65 0 677022
83 1 677038
32 0 677112
65 1 677114
32 1 677188
73 0 678323
73 1 678378
78 0 678773
78 1 678851
86 0 679119
86 1 679198
69 0 679468
69 1 679539
84 0 679724
84 1 679770
69 0 679889
69 1 679972
32 0 680053
32 1 680137
80 0 680321
80 1 680393
69 0 681140
69 1 681211
32 0 681270
32 1 681353
67 0 681528
67 1 681598
69 0 681673
69 1 681749
73 0 681802
73 1 681841
32 0 681943
32 1 682036
68 0 682097
73 0 682133
68 1 682163
73 1 682187
78 0 682257
78 1 682337
32 0 682408
32 1 682475
74 0 682598
74 1 682648
85 0 682744
85 1 682808
82 0 682840
82 1 682902
85 0 682968
85 1 683031
76 0 683155
76 1 683222
32 0 683315
32 1 683378
76 0 683473
76 1 683539
85 0 683646
85 1 683709
73 0 683802
73 1 683867
32 0 683969
32 1 684036
68 0 684068
68 1 684170
69 0 684725
69 1 684789
83 0 684935
83 1 685030
80 0 685105
80 1 685164
82 0 685216
82 1 685283
69 0 685334
32 0 685399
69 1 685400
32 1 685482
84 0 687287
84 1 687354
65 0 687523
65 1 687602
73 0 688157
73 1 688208
78 0 688467
78 1 688526
69 0 688633
69 1 688692
76 0 688736
76 1 688804
69 0 688858
69 1 688910
32 0 688963
32 1 689042
83 0 689913
83 1 689980
80 0 690291
80 1 690354
73 0 690827
73 1 690876
82 0 691072
82 1 691144
73 0 691200
73 1 691242
84 0 691388
84 1 691455
85 0 691485
85 1 691541
76 0 691693
76 1 691808
8 0 692191
8 1 692274
65 0 692435
65 1 692529
76 0 692612
76 1 692676
69 0 692792
69 1 692837
32 0 692880
32 1 692948
83 0 693215
73 0 693291
83 1 693293
73 1 693341
32 0 693446
82 0 693518
32 1 693527
82 1 693587
69 0 693645
69 1 693713
76 0 694301
76 1 694372
73 0 694488
73 1 694543
71 0 694646
71 1 694713
73 0 694747
73 1 694795
79 0 695099
79 1 695165
65 0 695361
65 1 695449
83 0 695551
83 1 695634
69 0 695808
69 1 695854
190 0 695952
190 1 696003
32 0 696153
32 1 696217
16 0 696228
78 0 696342
78 1 696400
16 1 696441
85 0 696462
85 1 696534
32 0 696596
32 1 696681
8 0 697321
8 1 697408
8 0 697493
8 1 697572
8 0 701467
8 1 701590
16 0 702062
16 1 702778
16 0 703297
67 0 703470
16 1 703536
67 1 703596
8 0 703979
8 1 704046
16 0 704469
73 0 704598
73 1 704661
16 1 704745
78 0 704762
78 1 704830
32 0 704933
32 1 705008
80 0 705334
80 1 705400
8 0 705687
8 1 705739
8 0 705832
8 1 705902
8 0 705988
8 1 706080
16 0 706154
8 0 706357
8 1 706430
69 0 706482
16 1 706566
69 1 706593
88 0 706727
88 1 706820
65 0 707152
65 1 707249
67 0 707472
67 1 707523
84 0 707662
84 1 707718
32 0 707784
32 1 707860
73 0 707970
73 1 708017
78 0 708097
78 1 708175
32 0 708259
32 1 708338
67 0 708723
67 1 708773
69 0 708884
69 1 708954
78 0 708972
78 1 709051
84 0 709097
84 1 709167
82 0 709209
85 0 709255
82 1 709287
85 1 709322
32 0 709415
32 1 709521
8 0 709934
8 1 709986
8 0 710070
8 1 710133
8 0 710220
8 1 710287
8 0 710377
8 1 710445
8 0 710537
8 1 710600
8 0 710690
8 1 710754
8 0 710847
8 1 710910
8 0 711016
8 1 711054
32 0 711397
32 1 711480
80 0 711589
80 1 711652
65 0 711710
65 1 711777
82 0 711808
82 1 711881
84 0 711980
84 1 712035
69 0 712076
65 0 712156
69 1 712178
32 0 712222
65 1 712239
32 1 712299
79 0 712408
79 1 712466
80 0 712580
80 1 712651
85 0 712771
85 1 712835
83 0 712939
83 1 713008
65 0 713019
65 1 713103
32 0 713164
32 1 713247
83 0 714186
83 1 714274
85 0 714312
85 1 714360
78 0 714442
78 1 714527
84 0 714568
84 1 714632
32 0 714647
32 1 714717
79 0 714828
79 1 714891
65 0 714950
77 0 715022
65 1 715024
77 1 715090
69 0 715196
78 0 715237
69 1 715251
78 1 715300
73 0 715388
73 1 715441
32 0 715531
32 1 715615
67 0 715646
67 1 715713
65 0 715776
65 1 715848
82 0 715887
82 1 715954
69 0 715969
32 0 715990
69 1 716010
32 1 716071
74 0 716257
74 1 716320
79 0 716651
79 1 716713
65 0 716955
65 1 717028
67 0 717803
67 1 717854
65 0 719194
65 1 719293
32 0 719344
32 1 719419
74 0 719932
74 1 719995
79 0 720148
79 1 720210
67 0 720317
67 1 720377
85 0 720401
85 1 720451
82 0 720561
73 0 720600
82 1 720610
73 1 720660
32 0 720766
32 1 720833
83 0 720910
83 1 720985
80 0 721014
80 1 721079
69 0 721160
69 1 721209
67 0 721462
67 1 721552
73 0 721569
73 1 721626
70 0 721897
70 1 721962
73 0 721990
73 1 722039
67 0 722301
67 1 722364
69 0 722464
69 1 722545
32 0 722688
32 1 722773
65 0 722870
65 1 722957
76 0 722974
76 1 723039
8 0 723343
8 1 723405
67 0 723524
67 1 723588
69 0 723662
69 1 723741
76 0 723793
76 1 723865
69 0 723919
69 1 723981
73 0 724059
73 1 724114
32 0 724226
32 1 724294
86 0 724366
86 1 724421
82 0 724532
82 1 724603
69 0 724652
69 1 724734
77 0 725728
77 1 725801
73 0 725887
73 1 725946
188 0 726065
188 1 726128
32 0 726238
32 1 726299
80 0 726422
80 1 726482
82 0 726491
82 1 726548
79 0 726594
79 1 726646
66 0 726763
66 1 726819
65 0 726953
65 1 727015
66 0 727137
66 1 727192
73 0 727215
73 1 727244
76 0 727365
76 1 727424
32 0 727565
32 1 727637
80 0 730162
80 1 730234
69 0 730310
69 1 730373
32 0 730409
32 1 730472
66 0 730612
66 1 730663
65 0 730754
65 1 730824
78 0 730825
78 1 730880
73 0 730983
73 1 731034
190 0 731190
190 1 731246
8 0 743936
8 1 744046
190 0 745065
190 1 745125
32 0 745265
32 1 745336
16 0 745359
83 0 745533
16 1 745563
83 1 745665
65 0 745789
65 1 745872
85 0 745888
85 1 745948
32 0 746046
32 1 746135
68 0 746447
68 1 746523
65 0 746579
65 1 746636
67 0 746704
67 1 746754
65 0 746795
65 1 746875
32 0 747004
32 1 747094
77 0 747239
77 1 747310
65 0 747366
65 1 747437
32 0 747473
32 1 747553
73 0 747683
73 1 747738
78 0 747820
78 1 747882
83 0 747958
83 1 748021
69 0 748154
69 1 748190
76 0 748236
76 1 748295
32 0 748402
32 1 748478
68 0 748876
68 1 748948
69 0 749033
69 1 749097
83 0 749261
83 1 749330
66 0 749797
66 1 749861
65 0 750005
65 1 750086
84 0 750250
84 1 750312
32 0 750393
32 1 750476
79 0 750625
79 1 750689
32 0 750801
32 1 750872
84 0 751069
84 1 751130
69 0 751261
69 1 751342
80 0 751478
80 1 751533
8 0 751961
8 1 752040
77 0 752178
77 1 752233
65 0 752327
65 1 752414
32 0 753067
32 1 753127
67 0 753213
67 1 753286
65 0 754504
65 1 754587
82 0 754718
82 1 754776
65 0 754849
65 1 754960
67 0 755208
67 1 755361
84 0 755519
84 1 755578
69 0 755687
69 1 755751
82 0 755900
82 1 755971
73 0 756034
73 1 756093
83 0 756168
83 1 756240
84 0 756323
84 1 756385
73 0 756400
73 1 756449
67 0 756544
67 1 756603
65 0 756694
65 1 756753
32 0 756756
32 1 756825
86 0 756890
86 1 756950
82 0 757056
82 1 757117
69 0 757180
69 1 757251
77 0 757340
77 1 757402
73 0 757504
73 1 757559
73 0 757648
73 1 757712
190 0 757857
190 1 757916
32 0 758124
32 1 758206
13 0 764125
13 1 764243
16 0 764281
73 0 764756
73 1 764830
16 1 764886
78 0 764925
78 1 765004
32 0 765109
32 1 765181
84 0 765216
84 1 765300
79 0 765382
79 1 765473
65 0 765519
65 1 765622
84 0 765711
84 1 765763
65 0 765822
65 1 765908
32 0 765916
32 1 765998
73 0 766126
73 1 766172
77 0 766279
77 1 766362
65 0 766578
65 1 766641
71 0 766778
71 1 766828
73 0 766861
73 1 766908
78 0 766989
78 1 767060
69 0 768067
69 1 768138
65 0 768239
65 1 768325
32 0 768341
32 1 768410
80 0 768577
80 1 768647
65 0 768714
65 1 768781
82 0 768853
82 1 768922
69 0 769208
69 1 769259
32 0 769328
32 1 769395
67 0 769425
67 1 769483
65 0 769545
65 1 769604
32 0 769607
32 1 769674
84 0 769722
84 1 769790
79 0 769818
79 1 769878
65 0 769939
65 1 770007
84 0 770050
84 1 770105
65 0 770165
32 0 770212
65 1 770256
32 1 770282
76 0 770372
76 1 770450
85 0 770548
85 1 770599
77 0 770706
77 1 770795
69 0 770797
69 1 770878
65 0 770944
65 1 771016
32 0 771036
32 1 771116
83 0 771158
83 1 771232
73 0 771281
73 1 771336
8 0 771610
8 1 771674
84 0 771710
84 1 771762
73 0 771826
73 1 771885
69 0 771951
69 1 772012
32 0 772026
32 1 772107
67 0 772139
67 1 772226
69 0 772284
69 1 772332
32 0 772339
70 0 772412
32 1 772417
70 1 772507
65 0 772565
65 1 772644
67 0 772684
67 1 772752
69 0 772816
69 1 772867
190 0 773157
190 1 773208
32 0 773605
32 1 773655
8 0 807678
8 1 807806
