16 0 95694
65 0 95826
16 1 95879
65 1 96017
67 0 97023
67 1 97135
85 0 97141
85 1 97225
77 0 97330
77 1 97410
32 0 97486
32 1 97576
69 0 97623
32 0 97718
69 1 97723
32 1 97809
78 0 97884
78 1 97969
79 0 98089
79 1 98180
65 0 98235
80 0 98299
65 1 98347
80 1 98384
84 0 98552
84 1 98610
69 0 98635
69 1 98725
32 0 98763
32 1 98853
83 0 98859
83 1 98955
73 0 98980
73 1 99060
32 0 99146
65 0 99236
32 1 99242
65 1 99332
70 0 99384
65 0 99496
70 1 99501
65 1 99607
82 0 99652
82 1 99753
65 0 99844
65 1 99945
32 0 100004
32 1 100074
69 0 100146
69 1 100242
32 0 100270
32 1 100350
68 0 100400
68 1 100480
69 0 100558
69 1 100643
83 0 100716
84 0 100801
83 1 100843
84 1 100891
85 0 101009
85 1 101094
76 0 101213
76 1 101292
32 0 101379
32 1 101464
68 0 101489
68 1 101609
69 0 101660
32 0 101740
69 1 101772
32 1 101847
82 0 101918
82 1 102003
65 0 102097
65 1 102203
67 0 102281
79 0 102356
67 1 102361
79 1 102467
65 0 102513
65 1 102598
82 0 102691
82 1 102792
69 0 102910
69 1 102995
188 0 103418
188 1 103487
32 0 103540
32 1 103625
80 0 103728
82 0 103818
80 1 103829
79 0 103909
82 1 103919
79 1 103988
66 0 104098
66 1 104178
65 0 104201
66 0 104270
65 1 104275
66 1 104350
73 0 104441
73 1 104526
76 0 104618
76 1 104701
32 0 104772
32 1 104853
73 0 104953
73 1 105038
78 0 105109
78 1 105210
32 0 105255
32 1 105335
74 0 105427
74 1 105522
85 0 105590
85 1 105681
82 0 105706
82 1 105801
32 0 105861
32 1 105941
68 0 105968
68 1 106059
69 0 106118
32 0 106219
69 1 106224
32 1 106341
48 0 106574
48 1 106659
32 0 106780
32 1 106881
71 0 106987
82 0 107062
71 1 107077
82 1 107168
65 0 107333
65 1 107445
68 0 107515
68 1 107632
69 0 107715
69 1 107821
190 0 108029
190 1 108119
32 0 108235
32 1 108320
16 0 109342
90 0 109544
16 1 109677
90 1 109687
73 0 109757
73 1 109837
76 0 109924
69 0 110020
76 1 110030
76 0 110131
69 1 110136
69 0 110222
76 1 110232
69 1 110301
32 0 110363
32 1 110453
84 0 110600
84 1 110685
82 0 110747
69 0 110826
82 1 110831
69 1 110906
67 0 111009
85 0 111068
67 1 111115
85 1 111153
84 0 111233
84 1 111318
69 0 111346
69 1 111431
32 0 111447
32 1 111537
65 0 111570
77 0 111655
65 1 111687
77 1 111740
32 0 111804
32 1 111874
70 0 111884
70 1 111985
79 0 112019
79 1 112104
83 0 112151
84 0 112247
83 1 112268
84 1 112332
32 0 112425
32 1 112510
80 0 112634
80 1 112713
188 0 112795
188 1 112859
69 0 112870
69 1 112971
8 0 113299
8 1 113347
8 0 113821
8 1 113864
76 0 114372
76 1 114457
69 0 114535
69 1 114625
67 0 114738
67 1 114828
65 0 114918
84 0 115019
65 1 115046
84 1 115099
65 0 115504
65 1 115637
32 0 115667
32 1 115789
76 0 116061
76 1 116151
65 0 116238
32 0 116334
65 1 116350
32 1 116419
77 0 116502
77 1 116597
85 0 116677
85 1 116763
78 0 116836
84 0 116873
78 1 116937
84 1 116974
69 0 117060
32 0 117150
69 1 117172
32 1 117246
83 0 117305
73 0 117364
83 1 117369
73 1 117443
32 0 117547
32 1 117626
65 0 117689
65 1 117790
77 0 117847
77 1 117937
8 0 118206
8 1 118291
32 0 118446
32 1 118547
70 0 118757
79 0 118858
70 1 118863
79 1 118953
83 0 118995
84 0 119101
83 1 119111
84 1 119186
32 0 119278
32 1 119390
68 0 119400
68 1 119469
69 0 119540
69 1 119625
83 0 119706
84 0 119765
83 1 119823
84 1 119879
85 0 119987
85 1 120073
76 0 120177
76 1 120262
32 0 120343
68 0 120418
32 1 120439
68 1 120497
69 0 120558
69 1 120659
32 0 120665
70 0 120760
32 1 120765
70 1 120861
82 0 120922
73 0 121023
82 1 121028
73 1 121119
71 0 121155
71 1 121267
188 0 121363
188 1 121443
32 0 121506
32 1 121596
73 0 121701
73 1 121786
78 0 121867
78 1 121957
32 0 122023
32 1 122103
74 0 122204
74 1 122290
85 0 122349
85 1 122450
82 0 122473
82 1 122558
32 0 122587
32 1 122693
68 0 122766
68 1 122851
69 0 122928
32 0 123004
69 1 123035
32 1 123098
48 0 123243
48 1 123338
32 0 123431
32 1 123580
189 0 123618
189 1 123713
32 0 123754
32 1 123876
189 0 124186
189 1 124281
53 0 124722
53 1 124844
32 0 124860
32 1 124982
71 0 125096
71 1 125192
82 0 125215
82 1 125306
65 0 125432
65 1 125549
68 0 125623
68 1 125693
69 0 125874
69 1 125988
32 0 126051
32 1 126168
83 0 126971
83 1 127087
73 0 127132
73 1 127223
32 0 127438
32 1 127555
65 0 127744
65 1 127845
32 0 127916
32 1 128022
70 0 128613
79 0 128703
70 1 128730
79 1 128799
83 0 128830
84 0 128926
83 1 128952
84 1 129024
32 0 129091
32 1 129192
83 0 129657
73 0 129758
83 1 129795
73 1 129848
32 0 129925
32 1 130015
80 0 130900
80 1 130990
85 0 131162
85 1 131258
84 0 131286
73 0 131381
84 1 131397
73 1 131472
78 0 131555
78 1 131640
65 0 131739
32 0 131861
65 1 131867
32 1 131936
78 0 132069
78 1 132159
73 0 132245
73 1 132325
78 0 132401
78 1 132502
83 0 132530
83 1 132630
79 0 132658
79 1 132754
65 0 132796
65 1 132939
82 0 132945
82 1 133040
69 0 133106
69 1 133255
190 0 133949
190 1 134039
32 0 134168
32 1 134269
16 0 134661
86 0 134868
16 1 134964
86 1 134969
82 0 135096
82 1 135192
69 0 135283
69 1 135378
77 0 135404
69 0 135484
77 1 135516
69 1 135579
65 0 135665
65 1 135793
32 0 135818
32 1 135919
73 0 136046
73 1 136142
68 0 136147
68 1 136248
73 0 136289
73 1 136368
8 0 136624
8 1 136699
69 0 136735
69 1 136826
65 0 136910
76 0 137027
65 1 137032
65 0 137106
76 1 137122
65 1 137213
32 0 137254
32 1 137340
80 0 137488
80 1 137569
69 0 137578
69 1 137695
78 0 137711
84 0 137796
78 1 137807
84 1 137907
82 0 137968
85 0 138058
82 1 138085
85 1 138151
32 0 138235
32 1 138320
77 0 138402
77 1 138498
73 0 138594
73 1 138674
78 0 138751
78 1 138857
69 0 138912
69 1 139013
32 0 139058
32 1 139164
69 0 139231
69 1 139321
83 0 139413
84 0 139519
83 1 139535
84 1 139615
69 0 139626
69 1 139742
32 0 139753
32 1 139870
86 0 140184
65 0 140243
86 1 140275
65 1 140322
82 0 140417
82 1 140523
65 0 140610
188 0 140743
65 1 140764
188 1 140828
32 0 140930
32 1 141025
65 0 141134
65 1 141248
84 0 141275
84 1 141365
85 0 141458
85 1 141543
78 0 141632
78 1 141712
67 0 141728
67 1 141797
73 0 141813
73 1 141903
32 0 141998
32 1 142078
67 0 142083
67 1 142173
65 0 142257
78 0 142337
65 1 142358
78 1 142438
68 0 142462
68 1 142547
32 0 142594
32 1 142711
69 0 142752
69 1 142826
83 0 142921
84 0 143006
83 1 143017
84 1 143091
69 0 143107
69 1 143192
32 0 143221
32 1 143322
67 0 143371
67 1 143451
65 0 143542
65 1 143638
76 0 143667
76 1 143767
68 0 143801
68 1 143918
190 0 144245
190 1 144357
32 0 144521
16 0 144585
32 1 144617
67 0 144956
67 1 145057
16 1 145100
82 0 145233
82 1 145344
69 0 145421
69 1 145496
68 0 145561
68 1 145672
32 0 145688
32 1 145789
67 0 145909
67 1 145994
65 0 146089
32 0 146180
65 1 146195
32 1 146281
69 0 146342
69 1 146433
32 0 146438
32 1 146528
77 0 146615
77 1 146710
85 0 146795
85 1 146881
76 0 146983
84 0 147053
76 1 147063
84 1 147159
32 0 147182
32 1 147246
77 0 147329
77 1 147409
65 0 147448
73 0 147522
65 1 147554
73 1 147586
32 0 147672
32 1 147762
85 0 147878
85 1 147963
83 0 148010
83 1 148095
79 0 148139
79 1 148229
82 0 148264
82 1 148360
32 0 148401
32 1 148497
83 0 148583
83 1 148668
65 0 148752
32 0 148809
65 1 148878
32 1 148905
83 0 149164
83 1 149244
85 0 149287
85 1 149383
80 0 149515
80 1 149605
79 0 149660
79 1 149756
82 0 149761
82 1 149820
84 0 149928
73 0 150055
84 1 150077
73 1 150145
32 0 150249
32 1 150369
67 0 150603
67 1 150704
65 0 150766
76 0 150846
65 1 150883
76 1 150947
68 0 150957
68 1 151074
85 0 151079
85 1 151175
82 0 151180
82 1 151271
65 0 151355
65 1 151488
32 0 151493
32 1 151594
69 0 151629
69 1 151693
88 0 151827
88 1 151928
67 0 152031
67 1 152090
69 0 152182
69 1 152262
83 0 152374
83 1 152484
73 0 152513
73 1 152614
86 0 152682
86 1 152783
65 0 152895
65 1 153044
188 0 153727
188 1 153796
32 0 153890
68 0 153959
32 1 153980
68 1 154054
69 0 154112
69 1 154202
67 0 154304
67 1 154394
65 0 154490
84 0 154585
65 1 154654
84 1 154675
32 0 154778
32 1 154890
83 0 155006
83 1 155123
65 0 155199
32 0 155305
65 1 155327
32 1 155391
65 0 155427
73 0 155534
65 1 155555
73 1 155613
32 0 155699
68 0 155768
32 1 155800
68 1 155842
69 0 155902
69 1 156014
32 0 156019
32 1 156120
65 0 156449
65 1 156592
70 0 156631
70 1 156711
8 0 157172
8 1 157247
32 0 157402
32 1 157487
70 0 157584
70 1 157680
65 0 157690
65 1 157802
67 0 157807
69 0 157898
67 1 157902
69 1 157988
32 0 158012
32 1 158108
67 0 158142
85 0 158248
67 1 158280
85 1 158338
32 0 158427
84 0 158528
32 1 158533
84 1 158634
69 0 158699
77 0 158789
69 1 158842
77 1 158890
80 0 159003
80 1 159098
69 0 159312
69 1 159413
82 0 159485
82 1 159576
65 0 159679
65 1 159806
84 0 159822
84 1 159923
85 0 160032
85 1 160133
82 0 160166
73 0 160283
82 1 160293
73 1 160373
32 0 160472
32 1 160572
68 0 160604
68 1 160689
69 0 160754
69 1 160881
32 0 160887
32 1 160998
189 0 161435
189 1 161525
49 0 161602
49 1 161729
48 0 161784
48 1 161875
32 0 162019
32 1 162109
71 0 162222
82 0 162280
71 1 162312
82 1 162392
65 0 162502
65 1 162581
68 0 162621
68 1 162748
69 0 162817
32 0 162939
69 1 162949
32 1 163066
73 0 163515
73 1 163604
65 0 163620
65 1 163705
82 0 163797
82 1 163914
78 0 163963
78 1 164069
65 0 164094
65 1 164205
190 0 164580
190 1 164654
32 0 164771
32 1 164877
16 0 165561
83 0 166022
16 1 166141
83 1 166171
85 0 166187
85 1 166268
78 0 166360
84 0 166461
78 1 166466
84 1 166556
32 0 166584
32 1 166663
78 0 166740
65 0 166825
78 1 166835
65 1 166926
83 0 166997
83 1 167077
67 0 167183
85 0 167268
67 1 167284
85 1 167359
84 0 167429
84 1 167519
65 0 167552
65 1 167653
32 0 167694
32 1 167805
86 0 168030
86 1 168120
65 0 168148
82 0 168243
65 1 168248
82 1 168339
65 0 168362
65 1 168511
188 0 168545
188 1 168622
32 0 168727
32 1 168807
83 0 168863
73 0 168938
83 1 168969
73 1 169023
32 0 169112
32 1 169197
80 0 169299
80 1 169400
82 0 169433
79 0 169497
82 1 169528
79 1 169592
66 0 169706
66 1 169785
65 0 169833
66 0 169934
65 1 169960
66 1 170029
73 0 170135
73 1 170225
76 0 170317
76 1 170412
32 0 170506
32 1 170602
83 0 171335
73 0 171415
83 1 171431
73 1 171500
32 0 171584
68 0 171656
32 1 171666
68 1 171751
69 0 171813
69 1 171925
189 0 171987
189 1 172078
65 0 172106
65 1 172223
73 0 172252
73 1 172311
65 0 172369
65 1 172491
32 0 172543
32 1 172655
69 0 172895
69 1 173005
32 0 173070
32 1 173161
65 0 173347
65 1 173454
78 0 173497
78 1 173582
79 0 173679
79 1 173780
84 0 173790
73 0 173886
84 1 173896
73 1 173976
77 0 174057
77 1 174147
80 0 174315
80 1 174405
85 0 174507
85 1 174593
76 0 174691
76 1 174781
32 0 174850
32 1 174924
77 0 174997
77 1 175098
69 0 175114
69 1 175231
85 0 175276
85 1 175361
32 0 175491
32 1 175603
80 0 175812
80 1 175902
82 0 175918
82 1 176014
69 0 176099
70 0 176199
69 1 176205
70 1 176300
69 0 176357
69 1 176464
82 0 176532
82 1 176622
65 0 176725
84 0 176858
65 1 176863
84 1 176938
32 0 177053
32 1 177175
83 0 177678
83 1 177776
73 0 177800
73 1 177891
32 0 178083
32 1 178189
73 0 179120
73 1 179204
77 0 179280
77 1 179376
73 0 179443
73 1 179533
32 0 179609
32 1 179694
80 0 179837
80 1 179949
76 0 180024
76 1 180114
65 0 180145
65 1 180235
67 0 180323
67 1 180419
69 0 180476
32 0 180593
69 1 180604
32 1 180683
77 0 180787
65 0 180872
77 1 180888
73 0 180973
65 1 180989
73 1 181074
32 0 181166
32 1 181256
77 0 181344
77 1 181440
85 0 181540
85 1 181630
76 0 181740
76 1 181841
84 0 181877
84 1 181978
32 0 182001
32 1 182097
67 0 182374
67 1 182475
65 0 182549
76 0 182656
65 1 182666
68 0 182751
76 1 182756
68 1 182883
85 0 182889
85 1 182979
82 0 182990
82 1 183085
65 0 183193
32 0 183300
65 1 183310
32 1 183379
83 0 183436
73 0 183547
83 1 183552
73 1 183648
32 0 183759
32 1 183864
8 0 184210
8 1 184290
8 0 184347
8 1 184432
8 0 184484
8 1 184574
8 0 184652
8 1 184747
188 0 184972
188 1 185063
32 0 185162
32 1 185258
83 0 185308
79 0 185404
83 1 185414
79 1 185510
65 0 185537
65 1 185644
82 0 185680
82 1 185760
69 0 185765
69 1 185888
76 0 185943
69 0 186023
76 1 186028
69 1 186118
32 0 186134
32 1 186230
83 0 186264
73 0 186344
83 1 186349
73 1 186429
32 0 186516
32 1 186595
80 0 186702
80 1 186787
76 0 186872
76 1 186946
65 0 186971
74 0 187061
65 1 187077
74 1 187151
65 0 187162
65 1 187258
188 0 187281
188 1 187366
32 0 187449
32 1 187540
68 0 187581
68 1 187666
69 0 187731
69 1 187832
67 0 187929
67 1 188020
65 0 188099
84 0 188157
65 1 188253
84 1 188258
32 0 188395
32 1 188500
82 0 189687
82 1 189787
69 0 189859
69 1 189947
67 0 190044
67 1 190119
69 0 190178
76 0 190263
69 1 190274
69 0 190338
76 1 190353
32 0 190465
69 1 190470
32 1 190555
73 0 190704
69 0 190778
73 1 190794
69 1 190874
82 0 190907
78 0 191008
82 1 191035
78 1 191098
73 0 191186
73 1 191271
73 0 191314
73 1 191404
32 0 191496
32 1 191581
83 0 191591
73 0 191703
83 1 191713
73 1 191777
32 0 191855
32 1 191935
65 0 191960
65 1 192039
76 0 192045
76 1 192108
32 0 192184
32 1 192274
90 0 192302
90 1 192403
65 0 192481
65 1 192624
80 0 192648
80 1 192770
69 0 192846
69 1 192976
90 0 193168
90 1 193296
73 0 193329
73 1 193419
73 0 193484
73 1 193601
190 0 193735
190 1 193831
16 0 202856
73 0 202941
16 1 203031
73 1 203042
68 0 203139
68 1 203219
69 0 203284
69 1 203364
65 0 203450
76 0 203540
65 1 203588
76 1 203625
32 0 203706
32 1 203786
65 0 203816
65 1 203923
82 0 204025
82 1 204121
32 0 204136
32 1 204205
70 0 204238
73 0 204345
70 1 204366
73 1 204435
32 0 204525
32 1 204647
83 0 204673
83 1 204748
65 0 204812
32 0 204903
65 1 204924
32 1 204988
77 0 205071
65 0 205162
77 1 205167
32 0 205247
65 1 205257
32 1 205326
84 0 205529
84 1 205620
82 0 205677
69 0 205768
82 1 205773
69 1 205853
90 0 205963
90 1 206016
69 0 206157
69 1 206221
83 0 206320
67 0 206416
83 1 206421
67 1 206501
32 0 206582
32 1 206677
80 0 206811
80 1 206896
69 0 206911
69 1 206991
32 0 206997
32 1 207082
76 0 207166
65 0 207262
76 1 207267
32 0 207347
65 1 207358
32 1 207421
79 0 208099
79 1 208200
82 0 208205
82 1 208290
65 0 208385
32 0 208481
65 1 208523
32 1 208571
57 0 208737
57 1 208827
189 0 208961
189 1 209062
49 0 209119
49 1 209241
48 0 209257
48 1 209342
32 0 209447
32 1 209538
68 0 209589
68 1 209668
73 0 209712
73 1 209797
77 0 209875
77 1 209950
73 0 210028
73 1 210118
78 0 210197
69 0 210277
78 1 210293
69 1 210357
65 0 210454
84 0 210534
65 1 210571
84 1 210603
65 0 210671
65 1 210761
188 0 210837
188 1 210938
32 0 211004
32 1 211083
80 0 211180
82 0 211243
80 1 211280
82 1 211328
69 0 211393
69 1 211483
83 0 211575
85 0 211654
83 1 211686
85 1 211745
80 0 211850
80 1 211945
85 0 212030
85 1 212104
78 0 212194
65 0 212242
78 1 212268
65 1 212359
78 0 212394
68 0 212490
78 1 212495
68 1 212590
32 0 212616
32 1 212701
67 0 212712
67 1 212807
65 0 212872
32 0 212899
32 1 212989
65 1 213005
79 0 213092
79 1 213182
32 0 213285
32 1 213375
83 0 213386
83 1 213465
69 0 213537
69 1 213627
65 0 213705
82 0 213768
65 1 213816
82 1 213853
65 0 213889
32 0 213980
65 1 213985
32 1 214075
73 0 214211
73 1 214270
78 0 214340
78 1 214420
65 0 214446
73 0 214532
65 1 214553
73 1 214622
78 0 214687
78 1 214783
69 0 215006
69 1 215102
32 0 215143
32 1 215244
78 0 215350
78 1 215440
85 0 215516
85 1 215611
32 0 215697
32 1 215808
65 0 215968
65 1 216086
77 0 216476
77 1 216561
32 0 216625
32 1 216721
83 0 216766
84 0 216872
83 1 216883
65 0 216957
84 1 216967
84 0 217058
65 1 217100
84 1 217137
32 0 217243
32 1 217323
76 0 217427
76 1 217491
65 0 217507
65 1 217608
32 0 217613
32 1 217708
83 0 217789
83 1 217879
69 0 217958
69 1 218049
82 0 218103
73 0 218204
82 1 218209
73 1 218289
65 0 218322
76 0 218434
65 1 218450
76 1 218508
32 0 218589
32 1 218653
80 0 218777
80 1 218867
65 0 218964
65 1 219065
65 0 219157
65 1 219263
8 0 219489
8 1 219600
78 0 219734
78 1 219824
65 0 219849
32 0 219934
65 1 219955
32 1 220029
76 0 220137
65 0 220222
76 1 220227
65 1 220304
32 0 220320
32 1 220432
51 0 220536
51 1 220632
32 0 220748
32 1 220849
68 0 220911
73 0 220985
68 1 220991
73 1 221065
77 0 221146
77 1 221226
73 0 221357
73 1 221452
78 0 221559
78 1 221666
69 0 221704
69 1 221794
65 0 221888
84 0 221994
65 1 222016
84 1 222089
65 0 222100
65 1 222228
190 0 222546
190 1 222615
32 0 222740
32 1 222835
16 0 223556
16 0 224081
16 0 224118
73 0 224150
16 1 224240
73 1 224245
65 0 224335
65 1 224457
85 0 224468
85 1 224547
32 0 224621
32 1 224722
77 0 224814
77 1 224905
67 0 225062
67 1 225163
8 0 225411
8 1 225496
73 0 225604
67 0 225695
73 1 225699
85 0 225790
67 1 225795
85 1 225875
76 0 225990
76 1 226070
32 0 226180
32 1 226270
68 0 226317
68 1 226405
69 0 226481
74 0 226577
69 1 226598
74 1 226656
85 0 226722
85 1 226807
78 0 226883
78 1 226984
188 0 227148
188 1 227217
32 0 227317
32 1 227418
80 0 227640
82 0 227731
80 1 227736
82 1 227826
79 0 227837
79 1 227922
66 0 228022
66 1 228096
65 0 228107
66 0 228181
65 1 228208
66 1 228261
73 0 228354
73 1 228439
76 0 228531
76 1 228606
32 0 228699
32 1 228773
79 0 228891
79 1 228966
32 0 229055
32 1 229135
79 0 229246
79 1 229326
77 0 229425
77 1 229484
76 0 229563
76 1 229669
69 0 229674
69 1 229786
84 0 229830
84 1 229920
65 0 229930
65 1 230031
32 0 230057
32 1 230158
67 0 230317
85 0 230418
67 1 230433
85 1 230503
32 0 230579
32 1 230659
78 0 230724
78 1 230814
73 0 230893
73 1 230983
83 0 231009
84 0 231131
83 1 231142
84 1 231232
69 0 231258
69 1 231343
32 0 231407
32 1 231514
82 0 231643
82 1 231764
79 0 231770
79 1 231865
83 0 231901
83 1 231964
73 0 232003
73 1 232083
73 0 232127
73 1 232217
32 0 232304
32 1 232384
83 0 232433
73 0 232510
83 1 232558
73 1 232595
32 0 232687
32 1 232771
66 0 233039
66 1 233092
82 0 233116
82 1 233195
65 0 233298
65 1 233425
78 0 233463
78 1 233559
90 0 233606
90 1 233701
65 0 233779
65 1 233912
188 0 234006
188 1 234086
32 0 234181
32 1 234287
65 0 235245
65 1 235341
80 0 235382
80 1 235472
79 0 235550
79 1 235634
73 0 235700
73 1 235791
32 0 235896
32 1 235991
80 0 237220
82 0 237305
80 1 237310
79 0 237395
82 1 237421
79 1 237485
66 0 237594
66 1 237679
65 0 237708
66 0 237793
65 1 237814
66 1 237873
73 0 237974
73 1 238033
76 0 238148
76 1 238249
32 0 238376
32 1 238487
65 0 238586
65 1 238666
83 0 238727
83 1 238844
32 0 238919
32 1 238973
86 0 241157
82 0 241215
86 1 241247
82 1 241321
69 0 241393
69 1 241494
65 0 241603
65 1 241693
32 0 241698
32 1 241810
83 0 241865
83 1 241934
65 0 242008
32 0 242072
65 1 242115
32 1 242162
78 0 242234
78 1 242334
85 0 242477
85 1 242573
32 0 242670
32 1 242755
70 0 242875
65 0 242966
70 1 242971
67 0 243072
65 1 243077
67 1 243146
32 0 243212
32 1 243318
80 0 243461
80 1 243546
69 0 243562
78 0 243663
69 1 243668
78 1 243764
84 0 243774
84 1 243865
82 0 243926
85 0 244016
82 1 244053
85 1 244090
32 0 244174
70 0 244248
32 1 244264
70 1 244338
65 0 244425
65 1 244531
67 0 244565
85 0 244658
67 1 244701
85 1 244743
76 0 244858
76 1 244933
84 0 245097
84 1 245192
65 0 245208
65 1 245309
84 0 245332
84 1 245428
69 0 245459
69 1 245581
188 0 246152
188 1 246237
32 0 246303
68 0 246362
32 1 246394
68 1 246442
65 0 246502
65 1 246608
67 0 246651
67 1 246731
65 0 246789
32 0 246869
65 1 246890
32 1 246948
86 0 246976
86 1 247088
79 0 247118
82 0 247187
79 1 247198
82 1 247315
66 0 247352
66 1 247437
73 0 247528
73 1 247618
32 0 247810
32 1 247905
68 0 247933
68 1 248002
69 0 248058
32 0 248122
69 1 248175
32 1 248202
73 0 248333
73 1 248439
8 0 249025
8 1 249105
8 0 249160
8 1 249245
8 0 249299
8 1 249390
8 0 249437
8 1 249533
8 0 249579
8 1 249659
8 0 249716
8 1 249790
73 0 250214
73 1 250299
77 0 250373
77 1 250469
32 0 250533
32 1 250629
68 0 250758
68 1 250817
69 0 250875
32 0 250960
69 1 250976
32 1 251013
79 0 251122
79 1 251202
68 0 251236
68 1 251316
69 0 251405
69 1 251490
8 0 251713
8 1 251798
8 0 251858
8 1 251937
8 0 251990
8 1 252064
73 0 252203
68 0 252272
73 1 252277
68 1 252373
69 0 252443
69 1 252523
65 0 252586
65 1 252729
76 0 252745
76 1 252836
188 0 252962
188 1 253058
32 0 253160
32 1 253260
68 0 253312
68 1 253397
65 0 253451
65 1 253553
82 0 253618
32 0 253713
82 1 253724
32 1 253828
67 0 253869
67 1 253986
82 0 254102
82 1 254177
69 0 254266
69 1 254372
68 0 254459
68 1 254539
32 0 254646
67 0 254747
32 1 254752
67 1 254837
65 0 254935
65 1 255052
32 0 255057
32 1 255147
69 0 255233
69 1 255324
32 0 255340
32 1 255414
73 0 255797
73 1 255882
77 0 255961
77 1 256040
80 0 256139
80 1 256235
79 0 256294
79 1 256390
83 0 256400
73 0 256501
83 1 256523
73 1 256586
66 0 256668
66 1 256748
73 0 256866
73 1 256940
76 0 257039
76 1 257130
190 0 257492
190 1 257577
190 0 257645
190 1 257889
190 0 258236
190 1 258332
32 0 258466
32 1 258561
16 0 258624
65 0 258725
16 1 258810
65 1 258884
83 0 258971
83 1 259067
32 0 259102
32 1 259192
76 0 259321
76 1 259432
85 0 259531
85 1 259621
65 0 259637
32 0 259733
65 1 259743
32 1 259818
80 0 259933
82 0 259986
80 1 260018
82 1 260076
65 0 260168
78 0 260237
65 1 260285
78 1 260349
90 0 260417
85 0 260540
90 1 260561
85 1 260624
76 0 260744
76 1 260819
32 0 260908
32 1 261020
65 0 261151
65 1 261263
67 0 261331
67 1 261405
65 0 261416
65 1 261522
83 0 261548
83 1 261649
65 0 261685
32 0 261812
65 1 261817
32 1 261929
67 0 262134
67 1 262219
85 0 262229
85 1 262320
32 0 262400
70 0 262496
32 1 262506
70 1 262597
65 0 262667
77 0 262720
77 1 262810
65 1 262816
73 0 262892
73 1 262991
76 0 263074
76 1 263159
73 0 263245
73 1 263336
65 0 263359
65 1 263481
32 0 263514
32 1 263615
83 0 263638
73 0 263744
83 1 263771
73 1 263824
32 0 263926
32 1 264032
68 0 264432
85 0 264554
68 1 264564
85 1 264644
80 0 264769
65 0 264850
80 1 264864
65 1 264960
189 0 265328
189 1 265392
77 0 265712
77 1 265818
65 0 265834
65 1 265930
83 0 265958
83 1 266062
65 0 266101
32 0 266223
65 1 266228
65 0 266318
32 1 266324
65 1 266403
83 0 266432
83 1 266533
32 0 266564
32 1 266660
73 0 266792
69 0 266866
73 1 266887
69 1 266951
83 0 267023
73 0 267134
83 1 267155
73 1 267236
32 0 267334
32 1 267435
83 0 267468
83 1 267553
65 0 267633
32 0 267708
65 1 267766
32 1 267798
77 0 267874
65 0 267938
77 1 267964
32 0 268033
65 1 268038
32 1 268113
80 0 268236
80 1 268327
76 0 268392
76 1 268482
73 0 268572
73 1 268662
77 0 268756
77 1 268852
66 0 268947
66 1 269046
32 0 269096
32 1 269186
80 0 269310
82 0 269405
80 1 269410
73 0 269511
82 1 269516
73 1 269585
78 0 269671
78 1 269756
32 0 269816
32 1 269917
65 0 270169
65 1 270249
8 0 270512
8 1 270597
80 0 270689
65 0 270784
80 1 270790
65 1 270917
82 0 270952
82 1 271026
67 0 271110
67 1 271206
32 0 271276
32 1 271377
68 0 271423
68 1 271530
65 0 271597
67 0 271677
65 1 271703
67 1 271762
65 0 271778
32 0 271873
65 1 271884
32 1 271985
86 0 272335
82 0 272373
86 1 272420
82 1 272473
69 0 272547
77 0 272641
69 1 272668
69 0 272732
77 1 272747
69 1 272822
65 0 272901
65 1 273018
32 0 273028
32 1 273140
69 0 273173
69 1 273295
32 0 273311
32 1 273401
82 0 273664
82 1 273775
73 0 273805
73 1 273906
69 0 273922
69 1 274044
76 0 274050
76 1 274160
78 0 274310
78 1 274368
8 0 274582
8 1 274651
8 0 274705
8 1 274785
8 0 274837
8 1 274916
8 0 274978
8 1 275068
8 0 275141
8 1 275205
80 0 275559
82 0 275665
80 1 275671
82 1 275793
73 0 275803
73 1 275884
69 0 275983
69 1 276105
76 0 276167
76 1 276263
78 0 276520
78 1 276611
73 0 276695
67 0 276786
73 1 276792
67 1 276897
65 0 276980
65 1 277097
32 0 277126
32 1 277205
83 0 277251
73 0 277331
83 1 277358
73 1 277411
32 0 277486
32 1 277582
69 0 277612
86 0 277692
69 1 277702
86 1 277782
69 0 277819
78 0 277926
69 1 277931
84 0 278016
78 1 278037
84 1 278127
85 0 278182
85 1 278245
65 0 278268
76 0 278391
65 1 278396
76 1 278475
32 0 278574
32 1 278648
77 0 278733
77 1 278818
189 0 278952
189 1 279032
65 0 279066
65 1 279167
83 0 279191
83 1 279302
32 0 279325
32 1 279416
73 0 279524
73 1 279619
78 0 279687
84 0 279762
78 1 279793
84 1 279857
65 0 279950
76 0 280024
65 1 280104
76 1 280109
78 0 280197
78 1 280293
73 0 280390
73 1 280491
32 0 280579
32 1 280670
67 0 280680
85 0 280808
67 1 280818
85 1 280882
32 0 280953
32 1 281043
78 0 281120
78 1 281205
73 0 281283
83 0 281379
73 1 281383
83 1 281506
84 0 281511
84 1 281601
69 0 281612
69 1 281713
32 0 281729
32 1 281846
80 0 282433
82 0 282518
80 1 282534
82 1 282629
73 0 282668
69 0 282742
73 1 282769
69 1 282864
84 0 282932
69 0 283017
84 1 283022
69 1 283139
78 0 283178
78 1 283279
73 0 283363
73 1 283453
32 0 283550
32 1 283635
76 0 283758
65 0 283828
76 1 283833
32 0 283939
65 1 283944
32 1 284008
79 0 284117
79 1 284197
32 0 284290
67 0 284370
32 1 284375
67 1 284460
65 0 284530
70 0 284600
65 1 284642
70 1 284690
69 0 284724
78 0 284836
69 1 284846
69 0 284942
78 1 284947
69 1 285021
65 0 285110
65 1 285263
191 0 285695
191 1 285770
84 0 286076
84 1 286145
69 0 286174
69 1 286254
82 0 286306
82 1 286401
65 0 286503
65 1 286615
83 0 286646
83 1 286758
65 0 286786
32 0 286908
65 1 286924
32 1 287030
83 0 287103
83 1 287204
65 0 287263
32 0 287351
65 1 287383
32 1 287436
80 0 287603
80 1 287699
69 0 287715
69 1 287832
84 0 287899
84 1 287958
82 0 288043
82 1 288134
69 0 288157
69 1 288263
67 0 288326
67 1 288421
69 0 288460
69 1 288551
77 0 288638
77 1 288733
32 0 288817
32 1 288913
84 0 289148
73 0 289211
84 1 289265
73 1 289301
77 0 289392
77 1 289455
80 0 289550
80 1 289646
85 0 289760
85 1 289845
76 0 289950
76 1 290019
32 0 290190
32 1 290301
73 0 290502
73 1 290576
77 0 290663
77 1 290759
80 0 290843
82 0 290928
80 1 290939
82 1 291024
69 0 291101
85 0 291191
69 1 291213
85 1 291282
78 0 291378
78 1 291474
65 0 291490
65 1 291596
32 0 291601
32 1 291702
83 0 291728
73 0 291829
83 1 291844
73 1 291908
32 0 292013
32 1 292130
83 0 292468
83 1 292553
65 0 292610
32 0 292711
65 1 292727
32 1 292801
77 0 292919
77 1 293020
65 0 293049
65 1 293145
78 0 293172
78 1 293268
8 0 293436
8 1 293515
8 0 293576
8 1 293655
8 0 293705
8 1 293796
77 0 294233
65 0 294329
77 1 294333
65 1 294403
78 0 294438
78 1 294539
67 0 294562
67 1 294647
65 0 294718
77 0 294813
65 1 294829
77 1 294898
32 0 294976
32 1 295066
67 0 295152
67 1 295232
69 0 295331
86 0 295453
69 1 295464
86 1 295559
65 0 295627
65 1 295733
32 0 295921
32 1 296032
190 0 296477
190 1 296567
32 0 296665
32 1 296770
16 0 296957
65 0 297053
16 1 297116
65 1 297201
83 0 297288
83 1 297399
32 0 297470
32 1 297566
73 0 297681
73 1 297760
78 0 297854
67 0 297923
78 1 297950
67 1 298051
69 0 298093
69 1 298188
82 0 298194
67 0 298342
82 1 298348
67 1 298443
65 0 298487
65 1 298588
32 0 298624
83 0 298683
32 1 298709
83 1 298783
65 0 298818
32 0 298924
65 1 298951
32 1 299020
77 0 299112
77 1 299207
65 0 299223
65 1 299308
32 0 299318
32 1 299414
67 0 299535
67 1 299625
85 0 299651
85 1 299741
76 0 299849
76 1 299944
67 0 300038
67 1 300144
32 0 300202
32 1 300292
77 0 300410
65 0 300500
77 1 300511
65 1 300601
73 0 300607
73 1 300681
32 0 300762
68 0 300863
32 1 300869
68 1 300948
69 0 301226
69 1 301348
86 0 301401
82 0 301486
86 1 301491
82 1 301560
69 0 301648
77 0 301754
69 1 301775
69 0 301850
77 1 301860
69 1 301961
32 0 302003
32 1 302109
83 0 302237
83 1 302333
8 0 302565
67 0 302623
8 1 302644
67 1 302708
65 0 302771
32 0 302872
65 1 302887
83 0 302978
32 1 302983
83 1 303063
65 0 303104
32 0 303205
65 1 303210
32 1 303295
78 0 303408
78 1 303498
85 0 303603
85 1 303698
32 0 303792
32 1 303893
70 0 304210
73 0 304316
70 1 304332
73 1 304396
85 0 304448
85 1 304528
32 0 304606
32 1 304685
79 0 304792
79 1 304856
79 0 305141
79 1 305242
8 0 305434
8 1 305525
66 0 305661
66 1 305751
79 0 305842
79 1 305948
83 0 305977
73 0 306078
83 1 306083
73 1 306184
84 0 306226
84 1 306327
65 0 306443
32 0 306565
65 1 306570
32 1 306671
65 0 306682
32 0 306783
65 1 306788
32 1 306868
68 0 306893
79 0 307004
68 1 307010
79 1 307084
65 0 307279
65 1 307375
8 0 307627
8 1 307706
85 0 307829
85 1 307930
65 0 307974
65 1 308075
32 0 308091
32 1 308208
90 0 308264
73 0 308365
90 1 308408
73 1 308461
190 0 308724
190 1 308820
16 0 321071
16 0 321597
16 0 321634
16 0 321671
16 0 321708
16 1 321756
16 0 322738
78 0 322887
78 1 322993
16 1 323004
85 0 323085
85 1 323170
32 0 323261
32 1 323346
80 0 323754
80 1 323839
79 0 323897
79 1 323982
84 0 324029
84 1 324130
32 0 324160
32 1 324240
83 0 324295
83 1 324370
65 0 324445
32 0 324519
65 1 324578
32 1 324599
77 0 324702
77 1 324798
73 0 324858
73 1 324954
32 0 325035
32 1 325137
67 0 325491
67 1 325587
65 0 325657
84 0 325743
65 1 325774
84 1 325843
65 0 325859
65 1 325971
76 0 326021
76 1 326133
79 0 326194
79 1 326284
71 0 326295
71 1 326401
72 0 326432
72 1 326528
69 0 326562
69 1 326647
90 0 326777
90 1 326846
32 0 326893
32 1 326988
80 0 327106
65 0 327175
80 1 327207
65 1 327266
82 0 327348
82 1 327444
69 0 327534
69 1 327613
82 0 327695
82 1 327748
69 0 327816
69 1 327912
65 0 328288
65 1 328400
32 0 328445
32 1 328552
68 0 328638
68 1 328750
8 0 328938
8 1 329018
78 0 329133
78 1 329212
73 0 329301
67 0 329397
73 1 329402
73 0 329508
67 1 329513
73 1 329593
32 0 329676
32 1 329777
67 0 329831
67 1 329900
65 0 329966
32 0 330045
65 1 330077
32 1 330141
70 0 330176
70 1 330266
73 0 330277
73 1 330357
73 0 330406
73 1 330496
78 0 330579
78 1 330659
68 0 330708
68 1 330793
32 0 330821
32 1 330917
66 0 331060
66 1 331129
85 0 331222
85 1 331312
78 0 331388
65 0 331468
78 1 331473
65 1 331574
188 0 331605
188 1 331680
32 0 331767
68 0 331842
32 1 331847
68 1 331932
65 0 331992
65 1 332077
82 0 332156
82 1 332262
8 0 332460
8 1 332555
82 0 332943
82 1 333033
32 0 333071
32 1 333160
78 0 333251
78 1 333336
73 0 333418
67 0 333482
73 1 333513
73 0 333599
67 1 333620
73 1 333689
32 0 333772
32 1 333873
80 0 334198
82 0 334278
80 1 334288
82 1 334368
79 0 334384
79 1 334479
65 0 334510
65 1 334616
83 0 334632
84 0 334712
83 1 334743
84 1 334802
65 0 334843
65 1 334981
190 0 335027
190 1 335096
32 0 335252
32 1 335342
16 0 335575
67 0 335756
67 1 335835
16 1 335873
79 0 335995
79 1 336075
78 0 336161
78 1 336252
83 0 336267
73 0 336379
83 1 336384
68 0 336491
73 1 336496
68 1 336581
69 0 336625
69 1 336721
82 0 336769
82 1 336886
32 0 336949
32 1 337049
67 0 337226
67 1 337284
65 0 337377
32 0 337478
65 1 337494
32 1 337579
83 0 337630
85 0 337736
83 1 337747
85 1 337826
78 0 337901
84 0 337954
78 1 338002
84 1 338060
69 0 338121
77 0 338200
69 1 338259
77 1 338269
32 0 338350
32 1 338451
67 0 339001
85 0 339076
67 1 339097
85 1 339160
77 0 339249
77 1 339345
86 0 339350
86 1 339441
65 0 339553
32 0 339681
65 1 339691
32 1 339787
78 0 340073
78 1 340153
79 0 340239
82 0 340302
79 1 340345
82 1 340398
79 0 340443
67 0 340528
79 1 340533
67 1 340608
79 0 340710
79 1 340794
83 0 340867
83 1 340984
73 0 341008
73 1 341098
32 0 341207
32 1 341297
83 0 341321
83 1 341406
8 0 341584
67 0 341653
8 1 341658
67 1 341722
65 0 341805
32 0 341858
65 1 341933
32 1 341943
73 0 342040
73 1 342130
78 0 342212
32 0 342228
32 1 342281
78 1 342291
86 0 342417
86 1 342517
65 0 342585
65 1 342728
8 0 343000
8 1 343064
8 0 343146
8 1 343226
8 0 343291
8 1 343365
86 0 343607
86 1 343697
65 0 343734
84 0 343808
65 1 343845
84 1 343909
65 0 343938
65 1 344060
77 0 344071
77 1 344156
32 0 344224
32 1 344304
73 0 344399
73 1 344489
78 0 344575
78 1 344644
32 0 344712
32 1 344791
82 0 344825
79 0 344926
82 1 344931
79 1 345011
77 0 345095
77 1 345185
65 0 345219
65 1 345288
78 0 345299
78 1 345373
73 0 345450
73 1 345541
65 0 345546
65 1 345636
32 0 345669
32 1 345770
68 0 345801
68 1 345886
69 0 346172
69 1 346273
79 0 346303
79 1 346399
82 0 346409
82 1 346452
8 0 346752
8 1 346826
65 0 346856
65 1 346925
82 0 347006
82 1 347080
69 0 347152
69 1 347226
67 0 347325
67 1 347410
69 0 347493
69 1 347588
32 0 347783
32 1 347862
68 0 347988
73 0 348089
68 1 348105
73 1 348178
78 0 348254
78 1 348339
32 0 348406
67 0 348438
32 1 348480
67 1 348528
69 0 348606
32 0 348701
69 1 348723
32 1 348786
65 0 348835
77 0 348920
65 1 348941
77 1 348995
32 0 349065
32 1 349145
77 0 349432
65 0 349506
77 1 349511
73 0 349607
65 1 349623
73 1 349692
32 0 349770
32 1 349850
79 0 349943
79 1 350012
66 0 350125
83 0 350209
66 1 350215
83 1 350305
69 0 350385
69 1 350459
82 0 350540
82 1 350630
86 0 350635
86 1 350731
65 0 350769
84 0 350855
65 1 350912
84 1 350939
32 0 351033
32 1 351129
76 0 351362
65 0 351441
76 1 351446
32 0 351537
65 1 351542
32 1 351617
80 0 351735
82 0 351814
80 1 351825
73 0 351926
82 1 351931
73 1 352016
69 0 352077
84 0 352168
69 1 352216
84 1 352274
78 0 352611
78 1 352702
73 0 352798
73 1 352883
73 0 352944
73 1 353035
8 0 353244
8 1 353308
8 0 353370
8 1 353449
8 0 353503
8 1 353583
69 0 353658
78 0 353759
69 1 353764
78 1 353855
73 0 353944
73 1 354029
73 0 354081
73 1 354161
32 0 354245
32 1 354330
77 0 354418
77 1 354508
69 0 354536
69 1 354626
73 0 354637
73 1 354717
32 0 354804
32 1 354884
68 0 354900
73 0 355001
68 1 355011
73 1 355075
78 0 355179
78 1 355253
32 0 355308
32 1 355393
65 0 355458
65 1 355569
76 0 355636
76 1 355737
84 0 355753
84 1 355838
69 0 355903
32 0 356015
69 1 356020
32 1 356105
84 0 356150
84 1 356246
65 0 356355
65 1 356451
82 0 356516
73 0 356627
82 1 356649
73 1 356712
188 0 356825
188 1 356910
32 0 356991
32 1 357087
8 0 357592
8 1 357666
8 0 357722
8 1 357812
188 0 358230
188 1 358314
32 0 358567
32 1 358663
69 0 359091
69 1 359182
73 0 359221
73 1 359306
8 0 359934
8 1 360014
8 0 360070
8 1 360165
78 0 360531
78 1 360621
79 0 360756
79 1 360857
73 0 360946
73 1 361025
32 0 361458
32 1 361554
8 0 361962
8 1 362052
8 0 362097
8 1 362161
8 0 362215
8 1 362300
8 0 362352
8 1 362453
73 0 362635
73 1 362731
78 0 362812
78 1 362913
86 0 363011
86 1 363096
65 0 363121
84 0 363211
65 1 363227
84 1 363302
65 0 363312
65 1 363427
77 0 363451
65 0 363557
77 1 363563
65 1 363674
78 0 363680
78 1 363796
84 0 363843
84 1 363959
85 0 363992
85 1 364088
76 0 364189
76 1 364279
32 0 364345
32 1 364436
82 0 364466
79 0 364572
82 1 364577
79 1 364652
77 0 364746
188 0 364751
77 1 364800
188 1 364805
65 0 364850
65 1 364914
78 0 365091
78 1 365186
69 0 365249
69 1 365344
83 0 365438
83 1 365518
8 0 365718
8 1 365803
8 0 365860
8 1 365940
8 0 365989
8 1 366064
8 0 366126
8 1 366210
8 0 366358
8 1 366451
65 0 366554
65 1 366660
78 0 366712
78 1 366797
69 0 366835
69 1 366910
83 0 366994
83 1 367068
67 0 367160
67 1 367245
32 0 367290
32 1 367386
83 0 367504
83 1 367605
69 0 367681
69 1 367766
32 0 367771
32 1 367861
67 0 367916
67 1 368012
79 0 368022
79 1 368102
78 0 368199
67 0 368284
78 1 368289
67 1 368401
69 0 368453
69 1 368591
78 0 368696
78 1 368797
84 0 368946
84 1 369031
82 0 369092
69 0 369161
82 1 369183
69 1 369246
65 0 369324
65 1 369408
65 0 369685
65 1 369738
8 0 369971
8 1 370050
90 0 370089
90 1 370152
65 0 370237
32 0 370306
65 1 370364
32 1 370370
77 0 370459
65 0 370538
77 1 370549
73 0 370639
65 1 370650
73 1 370714
32 0 370798
32 1 370883
77 0 370986
77 1 371065
85 0 371174
85 1 371259
76 0 371363
76 1 371459
84 0 371465
84 1 371587
32 0 371626
32 1 371706
80 0 371845
80 1 371930
69 0 371963
69 1 372038
67 0 372197
85 0 372309
67 1 372330
85 1 372394
76 0 372501
76 1 372600
84 0 372668
84 1 372795
85 0 372827
85 1 372917
82 0 373993
82 1 374094
65 0 374204
65 1 374300
32 0 374316
32 1 374401
71 0 374549
69 0 374629
71 1 374639
69 1 374730
78 0 374746
69 0 374831
78 1 374859
69 1 374921
82 0 374949
82 1 375049
65 0 375131
65 1 375269
76 0 375280
76 1 375397
65 0 375442
65 1 375583
16 0 375619
186 0 375768
186 1 375874
16 1 375906
32 0 376051
83 0 376125
32 1 376130
83 1 376242
65 0 376284
32 0 376401
65 1 376411
32 1 376481
83 0 376485
83 1 376624
84 0 376629
84 1 376709
73 0 376848
73 1 376938
73 0 376990
73 1 377063
32 0 377155
32 1 377234
67 0 377245
67 1 377303
65 0 377391
84 0 377492
65 1 377530
84 1 377572
32 0 377679
32 1 377748
8 0 378033
8 1 378118
69 0 378160
69 1 378261
32 0 378277
32 1 378362
80 0 378488
80 1 378577
85 0 378674
85 1 378765
84 0 378781
73 0 378866
84 1 378876
73 1 378950
78 0 379024
78 1 379109
32 0 379184
32 1 379275
84 0 379318
84 1 379403
8 0 379570
8 1 379628
68 0 379685
73 0 379765
68 1 379769
73 1 379860
78 0 379948
78 1 380023
32 0 380114
32 1 380199
84 0 380243
79 0 380344
84 1 380349
79 1 380434
65 0 380532
84 0 380644
65 1 380665
84 1 380729
69 0 380784
69 1 380885
190 0 381208
190 1 381293
32 0 381401
32 1 381486
16 0 381596
69 0 381769
16 1 381886
69 1 381896
85 0 381955
85 1 382040
32 0 382144
32 1 382229
67 0 382269
67 1 382365
79 0 382388
79 1 382463
83 0 382680
83 1 382760
73 0 382879
73 1 382943
68 0 383211
68 1 383339
8 0 383499
8 1 383574
8 0 383633
8 1 383702
8 0 383760
8 1 383845
78 0 383992
78 1 384088
68 0 384131
68 1 384243
73 0 384300
73 1 384396
69 0 384495
69 1 384596
82 0 384683
82 1 384766
8 0 385097
8 1 385182
8 0 385239
8 1 385318
8 0 385373
8 1 385457
8 0 385507
8 1 385609
83 0 385673
83 1 385763
73 0 385779
73 1 385874
68 0 385903
68 1 385977
69 0 386054
69 1 386139
82 0 386173
82 1 386274
32 0 386314
32 1 386404
67 0 386462
67 1 386536
65 0 386601
65 1 386691
32 0 386715
32 1 386811
69 0 386842
69 1 386933
32 0 386969
32 1 387059
73 0 387183
73 1 387278
77 0 387839
77 1 387919
80 0 388050
80 1 388178
79 0 388216
79 1 388317
82 0 388472
82 1 388583
84 0 388643
84 1 388723
65 0 388822
65 1 388934
78 0 388939
78 1 389035
84 0 389065
84 1 389155
32 0 389207
32 1 389313
83 0 389341
83 1 389442
65 0 389488
32 0 389578
65 1 389615
32 1 389690
70 0 389718
70 1 389803
65 0 389881
65 1 389987
67 0 390046
73 0 390157
67 1 390162
73 1 390226
32 0 390439
32 1 390588
67 0 390820
67 1 390884
65 0 390963
65 1 391075
84 0 391193
84 1 391283
69 0 391377
32 0 391489
69 1 391515
32 1 391606
80 0 391713
80 1 391830
85 0 391943
85 1 392023
84 0 392068
73 0 392169
84 1 392174
73 1 392259
78 0 392351
78 1 392430
32 0 392483
32 1 392568
68 0 392660
73 0 392718
68 1 392766
73 1 392803
78 0 392879
78 1 392953
32 0 393005
32 1 393079
84 0 393110
79 0 393200
84 1 393222
79 1 393291
65 0 393401
84 0 393460
65 1 393508
84 1 393545
69 0 393668
69 1 393785
188 0 393795
188 1 393904
32 0 393971
32 1 394056
77 0 394161
65 0 394246
77 1 394262
73 0 394336
65 1 394373
73 1 394427
32 0 394499
32 1 394589
65 0 394651
76 0 394710
65 1 394763
76 1 394816
69 0 394897
69 1 394987
65 0 395077
32 0 395183
65 1 395226
32 1 395274
73 0 395378
73 1 395463
78 0 395544
78 1 395634
32 0 395701
32 1 395796
67 0 395941
76 0 396027
67 1 396059
76 1 396117
65 0 396169
65 1 396265
83 0 396289
83 1 396384
69 0 396456
76 0 396573
69 1 396578
69 0 396674
76 1 396684
32 0 396797
69 1 396801
32 1 396897
80 0 397046
82 0 397124
80 1 397145
73 0 397231
82 1 397236
73 1 397315
77 0 397392
65 0 397456
77 1 397493
65 1 397546
82 0 397630
82 1 397694
32 0 397915
32 1 397990
8 0 398177
8 1 398256
69 0 398290
69 1 398380
32 0 398413
32 1 398477
83 0 398568
83 1 398701
73 0 398811
73 1 398896
32 0 398989
32 1 399090
71 0 399219
71 1 399304
73 0 399421
73 1 399490
77 0 399594
77 1 399663
78 0 399736
78 1 399826
65 0 399864
65 1 399939
90 0 400037
90 1 400144
73 0 400169
73 1 400249
65 0 400283
65 1 400395
76 0 400428
76 1 400534
69 0 400663
69 1 400758
190 0 400908
190 1 401004
32 0 401815
32 1 401900
16 0 402638
73 0 402696
73 1 402781
16 1 402813
78 0 402860
78 1 402961
84 0 403074
84 1 403153
82 0 403213
82 1 403282
189 0 403489
189 1 403568
65 0 403628
65 1 403718
68 0 403772
68 1 403852
69 0 403928
69 1 404019
86 0 404052
65 0 404127
86 1 404137
65 1 404211
82 0 404287
82 1 404388
32 0 404421
32 1 404511
8 0 404810
8 1 404884
188 0 405023
188 1 405118
32 0 405189
32 1 405274
73 0 405416
73 1 405501
78 0 405948
78 1 406022
32 0 406214
32 1 406325
65 0 406372
65 1 406468
70 0 406560
65 0 406645
70 1 406661
82 0 406757
65 1 406783
82 1 406853
65 0 406868
65 1 406985
32 0 407020
32 1 407137
86 0 408079
79 0 408159
86 1 408180
79 1 408244
76 0 408310
76 1 408405
85 0 408503
85 1 408572
77 0 408770
77 1 408855
85 0 408955
85 1 409050
76 0 409148
76 1 409233
32 0 409317
32 1 409412
68 0 409456
68 1 409541
69 0 409638
69 1 409760
32 0 409770
32 1 409872
79 0 410843
82 0 410928
79 1 410949
82 1 411013
69 0 411083
69 1 411210
32 0 411307
32 1 411392
83 0 411468
73 0 411569
83 1 411585
73 1 411659
32 0 411761
32 1 411857
68 0 412345
68 1 412435
69 0 412489
32 0 412607
69 1 412622
32 1 412697
77 0 412774
65 0 412848
77 1 412880
65 1 412933
84 0 413019
69 0 413094
84 1 413104
69 1 413189
82 0 413247
73 0 413343
82 1 413359
73 1 413433
69 0 413444
69 1 413566
32 0 413582
32 1 413656
69 0 413721
69 1 413827
83 0 413914
83 1 414010
84 0 414041
84 1 414115
69 0 414121
69 1 414238
32 0 414262
32 1 414352
77 0 414445
65 0 414530
77 1 414535
73 0 414631
65 1 414657
73 1 414726
32 0 414807
32 1 414908
71 0 415239
71 1 415303
8 0 415484
8 1 415575
66 0 415607
73 0 415708
66 1 415729
73 1 415788
78 0 415862
69 0 415947
78 1 415952
32 0 416037
69 1 416048
32 1 416106
71 0 416215
65 0 416295
71 1 416300
78 0 416396
65 1 416401
78 1 416491
68 0 416507
68 1 416602
73 0 416608
73 1 416704
84 0 416728
84 1 416850
32 0 416873
32 1 416985
83 0 417045
73 0 417119
83 1 417162
73 1 417204
32 0 417304
32 1 417405
83 0 417702
83 1 417803
84 0 417808
84 1 417893
85 0 417974
68 0 418011
85 1 418069
68 1 418101
69 0 418166
69 1 418275
78 0 418304
84 0 418373
78 1 418394
84 1 418495
79 0 418537
79 1 418606
8 0 418926
8 1 419011
73 0 419246
73 1 419331
73 0 419397
73 1 419482
191 0 419702
191 1 419786
69 0 420144
69 1 420245
76 0 420278
76 1 420368
69 0 420404
69 1 420500
86 0 420641
86 1 420763
73 0 420787
73 1 420867
73 0 420906
73 1 421001
32 0 421105
32 1 421206
68 0 421211
73 0 421331
68 1 421336
73 1 421432
78 0 421510
78 1 421589
32 0 421645
32 1 421714
65 0 421775
70 0 421881
65 1 421887
70 1 421956
65 0 422001
82 0 422060
65 1 422118
82 1 422139
65 0 422334
65 1 422419
32 0 422572
32 1 422657
78 0 422785
78 1 422865
85 0 422945
85 1 423041
32 0 423123
32 1 423208
83 0 423246
85 0 423326
83 1 423336
85 1 423411
78 0 423481
84 0 423572
78 1 423587
32 0 423683
84 1 423694
32 1 423773
76 0 423889
76 1 423947
65 0 424024
65 1 424098
32 0 424174
32 1 424275
70 0 424403
70 1 424483
69 0 424542
76 0 424638
69 1 424675
76 1 424712
32 0 424814
32 1 424894
68 0 424919
68 1 425010
69 0 425207
69 1 425335
32 0 425430
32 1 425525
83 0 425670
83 1 425781
85 0 425831
85 1 425905
80 0 426006
82 0 426096
80 1 426117
82 1 426197
65 0 426299
65 1 426442
73 0 426608
73 1 426687
78 0 426795
78 1 426896
82 0 427242
82 1 427357
8 0 427795
67 0 427858
8 1 427864
67 1 427938
65 0 428025
65 1 428132
82 0 428142
82 1 428227
67 0 428306
67 1 428402
65 0 428458
84 0 428580
65 1 428590
84 1 428676
73 0 428965
73 1 429061
190 0 432833
190 1 432907
32 0 433376
32 1 433464
16 0 434479
67 0 434750
16 1 434914
67 1 434919
79 0 434987
79 1 435083
78 0 435153
78 1 435243
83 0 435329
73 0 435446
83 1 435451
73 1 435542
68 0 435584
68 1 435690
69 0 435815
69 1 435885
82 0 435955
82 1 436056
32 0 436103
67 0 436182
32 1 436198
67 1 436261
65 0 436330
32 0 436415
65 1 436461
68 0 436508
32 1 436519
68 1 436588
69 0 436650
69 1 436783
8 0 436989
65 0 437058
8 1 437063
65 1 437164
67 0 437215
67 1 437295
65 0 437354
32 0 437471
65 1 437519
32 1 437577
78 0 437780
69 0 437860
78 1 437865
69 1 437971
189 0 438067
189 1 438146
65 0 438181
77 0 438303
65 1 438308
77 1 438383
32 0 438447
32 1 438522
79 0 438615
79 1 438710
82 0 438715
82 1 438827
71 0 438873
71 1 438958
65 0 438963
65 1 439090
78 0 439096
78 1 439191
90 0 439589
90 1 439679
73 0 439803
73 1 439845
8 0 439995
8 1 440096
8 0 440150
8 1 440225
73 0 440370
73 1 440465
90 0 440533
90 1 440634
65 0 440717
65 1 440839
188 0 440898
188 1 440983
32 0 441067
32 1 441157
65 0 441180
65 1 441287
84 0 441352
84 1 441447
65 0 441453
84 0 441543
65 1 441607
84 1 441644
32 0 441742
32 1 441849
80 0 442147
80 1 442285
8 0 442503
8 1 442570
69 0 442736
69 1 442837
76 0 442847
69 0 442927
76 1 442959
69 1 443001
86 0 443113
86 1 443192
73 0 443233
73 1 443318
188 0 443443
188 1 443539
67 0 443625
67 1 443726
65 0 443806
65 1 443875
84 0 443969
84 1 444075
32 0 444116
32 1 444211
83 0 444675
73 0 444728
83 1 444749
73 1 444802
32 0 444905
32 1 444974
80 0 445074
82 0 445175
80 1 445180
82 1 445265
79 0 445303
70 0 445399
79 1 445404
70 1 445484
69 0 445599
69 1 445657
83 0 445768
83 1 445827
79 0 445837
79 1 445933
82 0 445974
82 1 446085
73 0 446111
73 1 446196
188 0 446357
188 1 446437
32 0 446515
32 1 446605
65 0 446635
77 0 446725
65 1 446736
77 1 446805
32 0 446888
82 0 446941
32 1 446967
82 1 447031
69 0 447114
85 0 447188
69 1 447204
85 1 447273
83 0 447311
73 0 447407
83 1 447417
73 1 447486
32 0 447604
32 1 447678
83 0 447744
83 1 447850
65 0 447907
32 0 447976
65 1 448018
32 1 448066
70 0 448107
70 1 448187
65 0 448257
65 1 448337
67 0 448387
67 1 448483
69 0 448540
69 1 448675
77 0 448949
77 1 449066
32 0 449148
32 1 449223
79 0 449334
79 1 449419
32 0 449504
83 0 449573
32 1 449594
83 1 449647
67 0 449724
72 0 449772
72 1 449862
67 1 449867
73 0 449938
73 1 450028
77 0 450100
77 1 450185
66 0 450268
65 0 450363
66 1 450368
65 1 450432
82 0 450520
82 1 450615
69 0 450686
32 0 450819
69 1 450824
32 1 450898
8 0 451252
8 1 451337
190 0 451472
190 1 451562
32 0 451709
32 1 451763
16 0 466317
16 1 466782
16 0 467367
80 0 467579
80 1 467701
16 1 467739
73 0 467816
73 1 467917
67 0 467978
84 0 468079
67 1 468083
84 1 468169
85 0 468295
85 1 468396
82 0 468427
82 1 468527
65 0 468624
32 0 468757
65 1 468778
32 1 468842
80 0 469674
80 1 469764
65 0 469799
65 1 469879
82 0 469950
82 1 470035
69 0 470095
32 0 470170
69 1 470212
32 1 470265
71 0 470367
69 0 470452
71 1 470457
78 0 470553
69 1 470558
78 1 470654
85 0 470729
85 1 470851
32 0 471179
32 1 471275
8 0 471459
8 1 471534
76 0 471636
76 1 471731
32 0 471818
68 0 471904
32 1 471909
68 1 471983
69 0 472043
32 0 472085
69 1 472149
32 1 472170
80 0 472307
80 1 472408
73 0 472501
73 1 472586
67 0 472601
67 1 472708
84 0 472743
84 1 472853
85 0 472923
82 0 473003
85 1 473019
82 1 473093
65 0 473175
32 0 473319
65 1 473324
32 1 473436
67 0 473649
67 1 473750
65 0 473809
65 1 473894
82 0 473976
82 1 474061
69 0 474135
69 1 474246
32 0 474302
32 1 474392
65 0 477785
65 1 477923
67 0 478015
67 1 478132
79 0 478148
79 1 478249
80 0 478314
69 0 478388
80 1 478431
69 1 478489
82 0 478530
82 1 478615
65 0 478693
32 0 478804
65 1 478809
32 1 478923
67 0 478934
79 0 479019
67 1 479045
79 1 479109
77 0 479203
77 1 479293
80 0 479404
80 1 479494
76 0 479555
76 1 479656
69 0 479729
69 1 479846
84 0 479875
84 1 479965
32 0 480080
32 1 480154
80 0 480640
69 0 480725
80 1 480730
69 1 480810
82 0 480862
82 1 480957
69 0 481025
69 1 481137
84 0 481371
84 1 481477
69 0 481549
69 1 481676
69 0 481836
69 1 481983
8 0 482138
8 1 482244
76 0 482399
76 1 482500
69 0 482547
69 1 482680
32 0 482733
32 1 482839
85 0 484052
85 1 484153
78 0 484239
78 1 484341
85 0 484426
85 1 484511
73 0 484577
73 1 484652
32 0 484723
32 1 484813
77 0 484926
77 1 485013
85 0 485097
85 1 485187
90 0 485239
90 1 485335
69 0 485470
85 0 485576
69 1 485587
85 1 485666
188 0 485780
188 1 485854
32 0 485919
32 1 485999
83 0 486023
83 1 486119
65 0 486153
85 0 486211
65 1 486291
85 1 486312
32 0 486396
32 1 486481
80 0 486600
80 1 486685
79 0 486748
79 1 486844
65 0 486860
65 1 486966
84 0 486977
84 1 487067
69 0 487072
69 1 487168
32 0 487191
32 1 487265
65 0 487297
76 0 487376
65 1 487403
76 1 487456
32 0 487591
32 1 487702
85 0 487822
85 1 487909
78 0 487994
78 1 488077
85 0 488166
85 1 488261
8 0 488570
8 1 488645
69 0 488672
73 0 488783
69 1 488789
73 1 488874
32 0 488964
32 1 489059
66 0 489317
66 1 489402
73 0 489520
83 0 489584
73 1 489610
83 1 489685
69 0 489762
69 1 489852
82 0 489922
82 1 490002
73 0 490075
73 1 490176
67 0 490187
67 1 490292
73 0 490308
73 1 490398
190 0 490902
190 1 490987
32 0 491110
32 1 491190
16 0 492665
67 0 492781
16 1 492850
67 1 492877
82 0 492970
82 1 493055
69 0 493143
69 1 493223
68 0 493288
68 1 493405
32 0 493466
32 1 493561
67 0 493709
67 1 493799
65 0 493872
65 1 493994
32 0 494038
32 1 494147
84 0 495426
84 1 495570
8 0 495905
8 1 495979
65 0 496082
65 1 496166
67 0 496275
67 1 496370
8 0 496638
8 1 496718
8 0 496779
8 1 496869
65 0 497847
65 1 497943
67 0 498008
84 0 498077
67 1 498124
84 1 498167
73 0 498275
73 1 498360
85 0 498405
85 1 498490
78 0 498557
69 0 498631
78 1 498658
69 1 498706
65 0 498778
32 0 498879
65 1 498906
32 1 498969
83 0 499003
83 1 499099
69 0 499155
32 0 499244
69 1 499265
32 1 499335
80 0 499445
69 0 499540
80 1 499551
69 1 499609
84 0 499695
84 1 499807
82 0 499950
82 1 500066
69 0 500126
69 1 500251
67 0 500344
67 1 500418
69 0 500533
69 1 500623
32 0 501123
32 1 501214
73 0 501658
73 1 501743
78 0 501828
84 0 501897
78 1 501908
84 1 501987
82 0 502061
82 1 502152
189 0 502455
189 1 502535
79 0 502701
79 1 502780
32 0 502890
32 1 502969
80 0 503099
80 1 503184
73 0 503280
73 1 503365
65 0 503398
65 1 503510
84 0 503526
65 0 503595
84 1 503606
65 1 503717
188 0 503782
188 1 503867
32 0 503948
32 1 504028
73 0 504161
73 1 504246
65 0 504279
65 1 504353
82 0 504480
82 1 504602
32 0 504660
32 1 504723
70 0 504986
70 1 505108
79 0 505118
79 1 505209
82 0 505450
82 1 505550
77 0 505618
77 1 505714
65 0 505790
65 1 505896
76 0 505925
76 1 506009
32 0 506480
32 1 506571
8 0 507119
8 1 507209
8 0 507250
8 1 507330
8 0 507373
8 1 507453
32 0 507598
32 1 507683
8 0 507893
8 1 507988
65 0 508048
32 0 508154
65 1 508159
32 1 508239
67 0 508293
67 1 508383
85 0 508399
85 1 508490
80 0 508625
80 1 508705
79 0 508767
79 1 508852
76 0 508930
69 0 509010
76 1 509020
69 1 509132
73 0 509142
73 1 509229
32 0 509337
32 1 509417
67 0 509469
67 1 509575
69 0 509648
32 0 509696
69 1 509755
32 1 509786
79 0 509881
79 1 509966
32 0 510056
32 1 510136
65 0 510167
65 1 510263
67 0 510330
67 1 510415
79 0 510426
79 1 510500
80 0 510581
80 1 510676
69 0 510741
69 1 510843
82 0 510897
82 1 510977
65 0 511066
32 0 511167
65 1 511205
32 1 511247
73 0 511361
73 1 511441
77 0 511528
77 1 511602
73 0 511685
73 1 511770
32 0 511845
32 1 511914
65 0 511959
77 0 512028
65 1 512033
77 1 512107
73 0 512189
73 1 512274
78 0 512345
78 1 512444
84 0 512560
69 0 512629
84 1 512645
69 1 512708
83 0 512773
84 0 512848
83 1 512874
84 1 512922
69 0 512950
69 1 513045
32 0 513123
32 1 513213
68 0 513317
68 1 513423
69 0 513473
69 1 513601
32 0 513657
32 1 513758
80 0 514486
80 1 514593
73 0 514708
73 1 514814
65 0 514954
65 1 515065
84 0 515076
65 0 515150
84 1 515155
65 1 515272
32 0 515321
32 1 515441
8 0 515726
8 1 515806
8 0 515867
8 1 515947
8 0 516009
8 1 516089
8 0 516151
8 1 516231
8 0 516293
8 1 516378
8 0 516531
8 1 516606
66 0 517264
66 1 517349
8 0 517860
8 1 517934
16 0 518213
86 0 518340
86 1 518425
16 1 518476
73 0 518564
73 1 518654
84 0 518778
84 1 518874
84 0 518924
84 1 519014
79 0 519182
79 1 519251
82 0 519262
82 1 519384
73 0 519425
73 1 519510
82 0 519880
82 1 519975
8 0 520205
8 1 520285
79 0 520369
79 1 520454
32 0 520569
32 1 520654
16 0 520693
69 0 520810
16 1 520895
69 1 520921
77 0 520966
77 1 521056
65 0 521067
65 1 521178
78 0 521208
78 1 521293
85 0 521380
85 1 521481
69 0 521854
69 1 521971
76 0 522012
76 1 522113
76 0 522161
76 1 522256
69 0 522582
69 1 522683
32 0 522748
32 1 522849
16 0 522911
73 0 523021
73 1 523106
16 1 523122
32 0 523214
32 1 523310
83 0 523370
83 1 523465
8 0 523672
8 1 523751
68 0 523762
73 0 523863
68 1 523868
73 1 523958
78 0 524040
78 1 524114
32 0 524179
32 1 524253
16 0 524313
77 0 524387
77 1 524472
16 1 524488
73 0 524582
73 1 524640
76 0 524758
76 1 524859
65 0 524895
65 1 525011
78 0 525180
78 1 525255
79 0 525362
79 1 525457
188 0 525748
188 1 525854
32 0 526037
32 1 526128
8 0 526388
8 1 526457
8 0 526507
8 1 526598
190 0 526967
190 1 527057
32 0 527189
32 1 527280
16 0 529551
73 0 529796
73 1 529897
16 1 529939
78 0 530023
78 1 530065
32 0 531205
32 1 531300
80 0 531431
80 1 531532
73 0 531600
73 1 531696
67 0 531701
67 1 531791
84 0 531817
84 1 531891
85 0 531980
82 0 532038
85 1 532065
82 1 532139
65 0 532225
32 0 532332
65 1 532369
32 1 532433
83 0 532460
83 1 532572
69 0 532637
69 1 532706
8 0 532907
8 1 532987
85 0 533140
85 1 533219
78 0 533316
84 0 533406
78 1 533417
84 1 533544
32 0 533670
32 1 533734
80 0 534064
80 1 534144
8 0 534487
8 1 534572
82 0 534606
82 1 534702
69 0 534795
69 1 534875
80 0 534891
80 1 534997
82 0 535013
82 1 535119
69 0 535205
69 1 535279
90 0 535412
90 1 535518
69 0 535627
69 1 535733
78 0 535749
78 1 535860
84 0 535958
65 0 536037
84 1 536059
84 0 536159
65 1 536181
84 1 536255
73 0 536379
73 1 536459
32 0 537127
32 1 537249
16 0 537294
57 0 537389
57 1 537501
16 1 537538
67 0 537614
67 1 537730
82 0 537815
82 1 537937
87 0 538248
87 1 538328
8 0 538714
8 1 538788
69 0 538981
69 1 539087
68 0 539165
68 1 539277
32 0 539293
32 1 539383
69 0 539443
85 0 539539
69 1 539586
85 1 539613
16 0 539895
48 0 540049
48 1 540171
16 1 540198
32 0 540341
32 1 540436
68 0 540517
68 1 540639
79 0 540650
65 0 540724
79 1 540740
65 1 540809
82 0 540906
32 0 541002
82 1 541007
32 1 541092
66 0 541173
65 0 541232
66 1 541269
65 1 541311
82 0 541397
82 1 541498
66 0 541503
66 1 541589
65 0 541605
84 0 541737
65 1 541785
84 1 541827
73 0 542328
73 1 542424
188 0 543030
188 1 543137
32 0 543232
32 1 543327
8 0 543718
8 1 543777
8 0 543842
8 1 543938
32 0 544185
32 1 544269
67 0 544393
67 1 544472
65 0 544510
82 0 544574
65 1 544595
82 1 544665
69 0 544680
32 0 544792
69 1 544797
32 1 544877
73 0 544992
73 1 545088
83 0 545093
73 0 545162
83 1 545194
73 1 545253
32 0 545344
32 1 545434
68 0 545445
68 1 545535
69 0 545606
69 1 545701
83 0 545823
83 1 545887
70 0 545942
70 1 546011
65 0 546037
65 1 546143
83 0 546560
83 1 546698
79 0 546741
79 1 546842
65 0 547038
65 1 547123
82 0 547220
82 1 547321
65 0 547407
32 0 547508
65 1 547530
32 1 547594
65 0 547660
65 1 547761
67 0 547815
67 1 547911
84 0 547921
84 1 548006
73 0 548108
73 1 548209
86 0 548215
73 0 548305
86 1 548316
73 1 548395
84 0 548506
65 0 548580
84 1 548601
84 0 548670
65 1 548702
84 1 548766
73 0 549296
73 1 549403
76 0 549501
76 1 549602
69 0 549612
69 1 549718
32 0 549764
32 1 549854
90 0 550201
73 0 550243
90 1 550249
73 1 550328
76 0 550491
76 1 550538
78 0 551261
78 1 551340
73 0 551420
73 1 551515
67 0 551521
67 1 551627
69 0 551696
32 0 551828
69 1 551850
32 1 551916
73 0 552009
73 1 552088
78 0 552171
78 1 552256
32 0 552309
32 1 552383
80 0 552507
80 1 552587
73 0 552678
73 1 552758
65 0 552845
84 0 552956
65 1 552972
84 1 553047
65 0 553062
32 0 553169
65 1 553174
32 1 553254
79 0 553370
82 0 553460
79 1 553466
82 1 553556
65 0 553653
65 1 553748
83 0 553774
85 0 553870
83 1 553907
85 1 553934
76 0 554050
76 1 554150
85 0 554255
85 1 554324
73 0 554398
73 1 554488
191 0 554899
191 1 554992
67 0 555390
67 1 555512
69 0 555548
84 0 555665
69 1 555670
84 1 555766
65 0 555777
84 0 555904
65 1 555909
84 1 556010
73 0 556230
73 1 556310
73 0 556364
73 1 556459
190 0 557449
190 1 557534
32 0 557634
32 1 557734
16 0 557922
16 0 558466
16 1 558520
16 0 558753
77 0 558971
16 1 559061
77 1 559077
65 0 559117
74 0 559213
65 1 559239
74 1 559303
79 0 559370
82 0 559461
79 1 559477
73 0 559546
82 1 559556
73 1 559641
84 0 559751
84 1 559847
65 0 559852
84 0 559942
65 1 559958
84 1 560038
69 0 560054
69 1 560149
65 0 560226
65 1 560353
32 0 560359
32 1 560449
86 0 560595
86 1 560700
79 0 560716
79 1 560806
82 0 560839
82 1 560961
66 0 560967
66 1 561071
69 0 561076
69 1 561193
83 0 561274
67 0 561375
83 1 561412
67 1 561460
32 0 561537
32 1 561632
85 0 561734
85 1 561819
78 0 561896
78 1 561992
85 0 562078
85 1 562174
76 0 562294
76 1 562385
32 0 562467
32 1 562547
67 0 562613
85 0 562692
67 1 562697
85 1 562783
32 0 562877
32 1 562983
65 0 563197
65 1 563293
76 0 563328
76 1 563423
84 0 563434
84 1 563545
85 0 563870
85 1 563955
76 0 564086
76 1 564176
188 0 564397
188 1 564477
32 0 564563
32 1 564653
65 0 564867
65 1 565005
76 0 565031
76 1 565127
84 0 565276
84 1 565420
73 0 565448
73 1 565543
73 0 565595
73 1 565691
32 0 565798
32 1 565899
68 0 566088
68 1 566210
79 0 566227
65 0 566311
79 1 566327
65 1 566402
82 0 566491
82 1 566624
32 0 566634
32 1 566740
83 0 566814
84 0 566925
83 1 566930
84 1 567021
65 0 567037
65 1 567167
85 0 567270
85 1 567351
32 0 567441
32 1 567531
83 0 567577
73 0 567640
83 1 567693
73 1 567736
78 0 567802
78 1 567898
71 0 567991
71 1 568071
85 0 568143
82 0 568212
85 1 568233
82 1 568324
73 0 568359
73 1 568439
190 0 568611
190 1 568679
32 0 568798
32 1 568883
16 0 568949
73 0 569018
73 1 569103
16 1 569130
78 0 569184
78 1 569274
32 0 569329
32 1 569419
83 0 569443
84 0 569550
83 1 569555
84 1 569635
65 0 569658
78 0 569775
65 1 569785
78 1 569886
71 0 569972
65 0 570050
71 1 570061
65 1 570165
32 0 570175
32 1 570282
83 0 570298
83 1 570388
8 0 570551
8 1 570620
74 0 570747
74 1 570827
79 0 570893
79 1 570989
83 0 571005
83 1 571111
32 0 571127
32 1 571223
83 0 571285
83 1 571376
69 0 571443
32 0 571517
69 1 571549
32 1 571607
80 0 571718
80 1 571803
79 0 571865
79 1 571955
65 0 571999
65 1 572100
84 0 572105
84 1 572190
69 0 572215
69 1 572332
32 0 572358
32 1 572443
79 0 572568
79 1 572659
66 0 572786
66 1 572876
83 0 572921
83 1 573021
69 0 573102
69 1 573193
82 0 573244
82 1 573334
86 0 573361
86 1 573457
32 0 573593
32 1 573672
8 0 573945
8 1 574014
65 0 574086
32 0 574208
65 1 574220
32 1 574315
85 0 575020
85 1 575110
78 0 575197
78 1 575293
85 0 575375
85 1 575465
76 0 575629
76 1 575730
32 0 576099
32 1 576216
8 0 576908
8 1 576983
32 0 577472
32 1 577547
67 0 577590
67 1 577680
65 0 577748
65 1 577844
82 0 577913
82 1 577998
69 0 578062
69 1 578158
32 0 578181
32 1 578261
67 0 578310
73 0 578437
67 1 578442
73 1 578549
84 0 578673
69 0 578758
84 1 578774
69 1 578827
83 0 578918
84 0 579014
83 1 579030
84 1 579109
69 0 579133
69 1 579255
32 0 579271
32 1 579385
79 0 579870
79 1 579960
32 0 580083
32 1 580184
67 0 580234
67 1 580324
65 0 580406
82 0 580480
65 1 580544
82 1 580571
84 0 580652
84 1 580753
69 0 580825
69 1 580963
32 0 581328
32 1 581392
8 0 582774
8 1 582854
190 0 583007
190 1 583097
32 0 583227
32 1 583302
16 0 584857
16 0 585402
16 0 585439
77 0 585476
16 1 585577
77 1 585588
65 0 585697
74 0 585814
65 1 585830
74 1 585904
79 0 585985
82 0 586065
79 1 586086
73 0 586155
82 1 586166
73 1 586251
84 0 586370
65 0 586431
84 1 586452
84 0 586521
65 1 586537
69 0 586612
84 1 586617
69 1 586702
65 0 586760
32 0 586887
65 1 586908
32 1 587004
80 0 587299
69 0 587368
80 1 587389
69 1 587458
82 0 587503
82 1 587598
83 0 587695
79 0 587812
83 1 587833
79 1 587897
78 0 587979
78 1 588075
65 0 588110
65 1 588227
76 0 588238
76 1 588344
8 0 588545
8 1 588636
74 0 588836
74 1 588926
69 0 588937
69 1 589059
76 0 589070
76 1 589165
79 0 589235
82 0 589331
79 1 589337
82 1 589437
32 0 589486
32 1 589582
65 0 589617
65 1 589713
85 0 589815
85 1 589905
32 0 589996
32 1 590092
65 0 590173
65 1 590247
8 0 590607
8 1 590687
66 0 590818
65 0 590898
66 1 590919
65 1 590983
82 0 591074
82 1 591169
66 0 591203
66 1 591294
65 0 591299
65 1 591435
32 0 591446
32 1 591552
83 0 591591
73 0 591708
83 1 591713
73 1 591793
32 0 591903
32 1 591983
80 0 592132
80 1 592217
80 0 593397
80 1 593456
8 0 593847
8 1 593907
79 0 594217
79 1 594302
65 0 594383
65 1 594508
82 0 594579
82 1 594648
84 0 594711
84 1 594797
65 0 594824
65 1 594903
32 0 594936
32 1 595027
65 0 595058
65 1 595148
67 0 595206
67 1 595291
69 0 595364
76 0 595471
69 1 595476
69 0 595556
76 1 595561
69 1 595651
32 0 595677
32 1 595779
82 0 595974
82 1 596070
79 0 596075
79 1 596165
66 0 596283
66 1 596374
69 0 596401
69 1 596481
32 0 596521
32 1 596611
83 0 596661
83 1 596778
80 0 596818
69 0 596903
80 1 596909
69 1 596989
67 0 597097
73 0 597203
67 1 597209
73 1 597310
70 0 597344
70 1 597445
73 0 597478
73 1 597582
67 0 597592
67 1 597699
69 0 597783
69 1 597916
32 0 597956
32 1 598062
86 0 598351
82 0 598388
86 1 598430
82 1 598489
69 0 598549
77 0 598650
69 1 598655
77 1 598745
73 0 598821
73 1 598911
73 0 598949
73 1 599034
190 0 599798
190 1 599862
