20 0 34136
20 1 34236
69 0 34237
69 1 34308
20 0 34309
83 0 34403
20 1 34435
83 1 34499
84 0 34643
84 1 34723
69 0 34731
69 1 34819
32 0 34843
32 1 34947
83 0 34972
83 1 35099
85 0 35131
85 1 35227
82 0 35739
82 1 35819
80 0 35851
80 1 35931
82 0 36139
82 1 36211
73 0 36355
73 1 36419
78 0 36571
78 1 36659
90 0 36763
65 0 36819
90 1 36883
84 0 36891
65 1 36947
84 1 36971
79 0 37131
79 1 37211
65 0 37235
65 1 37339
82 0 37371
82 1 37467
69 0 37483
32 0 37563
69 1 37578
32 1 37635
80 0 37747
80 1 37843
69 0 37890
69 1 37987
78 0 38075
78 1 38155
84 0 38299
84 1 38371
82 0 38459
82 1 38531
85 0 38707
89 0 38715
89 1 38739
85 1 38755
32 0 38811
32 1 38875
8 0 39235
8 1 39299
8 0 39379
8 1 39459
32 0 39635
32 1 39739
79 0 40659
79 1 40755
32 0 40771
32 1 40827
76 0 40931
76 1 41011
85 0 41155
85 1 41227
78 0 41354
78 1 41418
65 0 41434
32 0 41531
65 1 41546
32 1 41651
68 0 42979
69 0 43035
68 1 43083
32 0 43115
69 1 43138
32 1 43162
73 0 43259
73 1 43347
65 0 43402
82 0 43531
65 1 43555
82 1 43603
78 0 43787
78 1 43859
65 0 43875
65 1 44003
188 0 44067
188 1 44115
32 0 44147
32 1 44218
73 0 44931
73 1 45012
65 0 45012
65 1 45131
78 0 45163
78 1 45235
85 0 45339
85 1 45410
65 0 45450
65 1 45572
82 0 45572
82 1 45643
73 0 45811
73 1 45875
69 0 45891
69 1 45971
188 0 46091
188 1 46187
32 0 46211
32 1 46316
67 0 46316
65 0 46395
67 1 46435
65 1 46491
76 0 46507
76 1 46571
68 0 46643
68 1 46731
188 0 46859
188 1 46971
32 0 47059
32 1 47170
83 0 47867
83 1 47939
69 0 48043
69 1 48131
78 0 48131
78 1 48211
73 0 48322
73 1 48403
78 0 48531
78 1 48587
188 0 48763
188 1 48843
32 0 48899
32 1 49002
70 0 49139
70 1 49227
82 0 49547
82 1 49667
85 0 49675
85 1 49747
77 0 49899
77 1 49979
79 0 50123
79 1 50195
83 0 50331
83 1 50451
190 0 50851
190 1 50963
32 0 51035
32 1 51162
20 0 51187
20 1 51275
76 0 51276
76 1 51362
20 0 51387
65 0 51459
20 1 51523
32 0 51531
65 1 51570
32 1 51634
70 0 51747
70 1 51828
69 0 51828
69 1 51931
76 0 51995
76 1 52075
32 0 52099
32 1 52202
83 0 52210
73 0 52283
83 1 52331
73 1 52379
32 0 52380
32 1 52498
90 0 52619
73 0 52666
90 1 52715
73 1 52746
76 0 52883
69 0 52923
76 1 52946
69 1 52986
76 0 53035
69 0 53083
76 1 53115
69 1 53155
32 0 53179
32 1 53258
84 0 53371
84 1 53427
82 0 53539
82 1 53611
69 0 53651
69 1 53731
67 0 53739
67 1 53811
85 0 53947
85 1 54011
84 0 54139
84 1 54211
69 0 54259
69 1 54323
188 0 54459
188 1 54555
32 0 54579
32 1 54714
68 0 55875
68 1 55946
79 0 55963
79 1 56035
65 0 56123
65 1 56226
82 0 56251
82 1 56322
32 0 56347
32 1 56434
67 0 56458
67 1 56547
85 0 56547
85 1 56660
32 0 56660
32 1 56770
83 0 56802
83 1 56874
8 0 57171
8 1 57259
67 0 57323
69 0 57411
67 1 57475
69 1 57491
86 0 57547
86 1 57611
65 0 57723
65 1 57858
32 0 57962
32 1 58050
84 0 58194
69 0 58267
84 1 58283
69 1 58339
78 0 58443
78 1 58515
84 0 58859
84 1 58963
65 0 59075
65 1 59195
84 0 59555
84 1 59634
73 0 59802
73 1 59882
86 0 60282
86 1 60354
69 0 60370
69 1 60466
32 0 60498
32 1 60594
69 0 60633
69 1 60698
83 0 60858
83 1 60898
85 0 62082
85 1 62161
65 0 62210
65 1 62330
84 0 62354
84 1 62434
69 0 62458
69 1 62539
32 0 62539
32 1 62626
68 0 62721
69 0 62842
68 1 62858
69 1 62922
32 0 62938
32 1 63026
80 0 63154
80 1 63226
76 0 63394
76 1 63482
79 0 63586
79 1 63666
65 0 63738
73 0 63803
65 1 63842
73 1 63874
69 0 63994
69 1 64074
32 0 64299
32 1 64370
8 0 64626
8 1 64690
190 0 64914
190 1 65010
32 0 65835
32 1 65971
20 0 66035
20 1 66186
86 0 66699
86 1 66770
20 0 66795
20 1 66882
82 0 66898
82 1 66986
69 0 67042
69 1 67146
77 0 67339
77 1 67418
69 0 67449
69 1 67530
65 0 67706
32 0 67794
65 1 67809
32 1 67882
80 0 67961
80 1 68042
69 0 68081
69 1 68186
82 0 68234
82 1 68314
70 0 68418
70 1 68507
69 0 68507
69 1 68570
67 0 68610
67 1 68682
84 0 68794
84 1 68874
65 0 68906
65 1 69011
32 0 69011
32 1 69066
219 0 69210
80 0 69226
80 1 69274
219 1 69281
8 0 69635
8 1 69698
8 0 69794
8 1 69890
80 0 70050
80 1 70130
69 0 70194
69 1 70267
78 0 70514
78 1 70578
84 0 70738
84 1 70810
82 0 70914
82 1 70986
85 0 71138
85 1 71226
32 0 71258
32 1 71322
77 0 71442
77 1 71522
73 0 71675
73 1 71730
78 0 71898
78 1 71962
32 0 72202
32 1 72298
8 0 72570
8 1 72642
69 0 72714
69 1 72770
32 0 72802
69 0 72914
32 1 72930
69 1 72986
83 0 73113
84 0 73162
83 1 73210
84 1 73242
69 0 73362
69 1 73442
8 0 76019
8 1 76106
8 0 76219
8 1 76282
8 0 76386
8 1 76458
8 0 76579
8 1 76626
65 0 77674
82 0 77763
65 1 77818
82 1 77875
32 0 77875
32 1 77954
70 0 78042
70 1 78114
73 0 78291
73 1 78386
32 0 78410
32 1 78514
67 0 78514
65 0 78602
67 1 78642
32 0 78674
65 1 78714
32 1 78762
84 0 78857
84 1 78946
69 0 78946
69 1 79058
77 0 79114
77 1 79218
80 0 79362
80 1 79458
69 0 79490
69 1 79594
82 0 79682
82 1 79778
65 0 79834
84 0 79891
65 1 79971
84 1 79971
85 0 80098
85 1 80170
82 0 80298
65 0 80371
82 1 80386
65 1 80467
32 0 80467
32 1 80562
83 0 80585
65 0 80642
32 0 80698
83 1 80730
32 1 80777
65 1 80785
70 0 80858
70 1 80930
73 0 81090
69 0 81162
73 1 81178
69 1 81242
32 0 81257
68 0 81330
32 1 81362
69 0 81442
68 1 81497
69 1 81553
32 0 81561
32 1 81658
50 0 82706
50 1 82826
56 0 83170
56 1 83266
189 0 83570
189 1 83690
50 0 83882
50 1 83986
57 0 84066
57 1 84218
32 0 84370
32 1 84466
68 0 84530
69 0 84627
68 1 84642
32 0 84754
69 1 84762
32 1 84850
71 0 85034
71 1 85138
82 0 85290
82 1 85378
65 0 85418
68 0 85515
65 1 85546
68 1 85594
69 0 85842
69 1 85922
188 0 86002
188 1 86114
32 0 86146
32 1 86257
83 0 86289
65 0 86346
83 1 86418
32 0 86442
65 1 86498
32 1 86513
70 0 86633
70 1 86714
73 0 86883
69 0 86938
73 1 86962
69 1 87002
32 0 87066
32 1 87186
83 0 87218
83 1 87346
79 0 87386
79 1 87506
65 0 87562
65 1 87666
82 0 88011
69 0 88138
82 1 88210
69 1 88274
188 0 88650
188 1 88762
32 0 88850
32 1 88938
80 0 89074
80 1 89170
85 0 89315
85 1 89403
84 0 89530
84 1 89610
73 0 89762
73 1 89818
78 0 89970
78 1 90074
32 0 90106
32 1 90186
86 0 90386
86 1 90474
65 0 90578
78 0 90730
65 1 90738
78 1 90786
84 0 90954
84 1 91058
32 0 91106
83 0 91170
32 1 91194
83 1 91297
73 0 91313
73 1 91402
32 0 91449
32 1 91562
83 0 91617
83 1 91698
69 0 91801
78 0 91882
69 1 91890
78 1 91970
73 0 92106
73 1 92179
78 0 92322
78 1 92378
190 0 92610
190 1 92722
20 0 98132
20 1 98251
79 0 98379
79 1 98498
20 0 98523
32 0 98554
20 1 98611
32 1 98690
90 0 98778
73 0 98883
90 1 98914
32 0 98962
73 1 98986
32 1 99114
73 0 99330
73 1 99418
68 0 99498
68 1 99602
69 0 99714
69 1 99794
65 0 99970
65 1 100090
76 0 100138
76 1 100194
65 0 100258
65 1 100370
32 0 100586
32 1 100682
73 0 100778
73 1 100866
78 0 101002
78 1 101082
67 0 101122
69 0 101195
67 1 101234
69 1 101274
80 0 101305
69 0 101387
80 1 101402
69 1 101450
32 0 101490
67 0 101578
32 1 101594
85 0 101698
67 1 101706
32 0 101786
85 1 101794
32 1 101866
84 0 101978
84 1 102058
82 0 102130
82 1 102226
69 0 102250
69 1 102323
90 0 102418
90 1 102498
73 0 102698
73 1 102762
84 0 102906
84 1 102986
85 0 103115
85 1 103186
76 0 103342
76 1 103442
32 0 103458
32 1 103546
68 0 103618
85 0 103675
68 1 103730
85 1 103762
80 0 103930
80 1 104010
65 0 104042
65 1 104138
32 0 104146
32 1 104258
79 0 104538
79 1 104618
82 0 104866
82 1 104930
65 0 104994
65 1 105091
32 0 105138
32 1 105250
49 0 106115
49 1 106242
48 0 106330
48 1 106443
190 0 107067
190 1 107179
32 0 107218
32 1 107339
20 0 107340
20 1 107433
65 0 107522
20 0 107627
65 1 107650
80 0 107658
20 1 107755
80 1 107755
79 0 107842
79 1 107922
73 0 108034
73 1 108122
32 0 108187
32 1 108314
83 0 111699
83 1 111794
84 0 111818
84 1 111890
65 0 111930
84 0 111995
65 1 112034
84 1 112098
32 0 112106
32 1 112186
73 0 112322
73 1 112394
78 0 112538
78 1 112626
32 0 112651
32 1 112730
80 0 112841
80 1 112922
65 0 112954
65 1 113082
84 0 113090
84 1 113186
188 0 113394
188 1 113482
32 0 113498
32 1 113602
67 0 113754
67 1 113826
65 0 113842
65 1 113914
70 0 113938
69 0 114011
70 1 114018
69 1 114115
65 0 114115
65 1 114202
32 0 114226
32 1 114306
83 0 114306
73 0 114386
83 1 114418
73 1 114482
32 0 114506
32 1 114586
67 0 114738
69 0 114802
67 1 114826
69 1 114882
86 0 114938
86 1 115018
65 0 115050
65 1 115138
32 0 115154
32 1 115266
68 0 115298
68 1 115434
85 0 115690
85 1 115779
76 0 115931
76 1 116019
67 0 116026
69 0 116131
67 1 116210
69 1 116266
188 0 116306
188 1 116403
32 0 116403
32 1 116522
67 0 116875
73 0 116946
67 1 116986
73 1 117026
84 0 117170
84 1 117259
73 0 117394
73 1 117458
84 0 117586
84 1 117666
32 0 117682
32 1 117770
83 0 117777
73 0 117866
83 1 117874
32 0 117970
73 1 117986
65 0 118049
32 1 118098
83 0 118137
65 1 118226
83 1 118266
67 0 118299
67 1 118378
85 0 118514
85 1 118594
76 0 118722
76 1 118802
84 0 118938
65 0 118986
84 1 119010
84 0 119082
65 1 119114
84 1 119195
32 0 119195
32 1 119274
20 0 119338
20 1 119418
77 0 119419
20 0 119515
77 1 119522
65 0 119604
20 1 119668
71 0 119716
65 1 119731
71 1 119796
73 0 119924
73 1 120011
67 0 120035
67 1 120108
32 0 120188
32 1 120276
20 0 120285
20 1 120396
70 0 120435
70 1 120507
77 0 120684
77 1 120764
190 0 120932
190 1 121020
32 0 121124
32 1 121227
20 0 121565
20 1 121636
20 0 121933
20 1 122052
65 0 122172
65 1 122252
20 0 122342
20 1 122460
82 0 122620
82 1 122716
32 0 122724
32 1 122812
84 0 122852
84 1 122924
82 0 123004
82 1 123116
69 0 123140
69 1 123252
66 0 123284
66 1 123356
85 0 123508
73 0 123523
73 1 123540
85 1 123555
73 0 123668
73 1 123764
32 0 123804
32 1 123932
8 0 124244
8 1 124316
8 0 124388
8 1 124476
32 0 124596
32 1 124699
83 0 124755
65 0 124820
32 0 124852
83 1 124891
32 1 124939
65 1 124971
70 0 125051
70 1 125132
73 0 125277
73 1 125340
85 0 125427
85 1 125516
32 0 125524
32 1 125580
85 0 125635
85 1 125715
78 0 125844
78 1 125925
68 0 125925
69 0 125996
68 1 126044
69 1 126084
86 0 126092
86 1 126172
65 0 126244
32 0 126324
65 1 126355
32 1 126379
76 0 126475
76 1 126564
65 0 126579
32 0 126612
32 1 126676
65 1 126700
77 0 126780
65 0 126852
77 1 126867
65 1 126956
82 0 127212
69 0 127268
82 1 127356
69 1 127396
32 0 127827
32 1 127908
73 0 128011
73 1 128108
65 0 128155
65 1 128308
82 0 128349
82 1 128436
32 0 128476
32 1 128563
68 0 128652
85 0 128732
68 1 128764
85 1 128820
80 0 128988
80 1 129076
65 0 129116
65 1 129228
32 0 129284
32 1 129411
49 0 129908
49 1 130005
32 0 130005
32 1 130084
79 0 130164
79 1 130252
82 0 130324
82 1 130404
65 0 130604
65 1 130708
32 0 130764
83 0 130820
32 1 130851
65 0 130891
83 1 130963
32 0 130979
65 1 131019
32 1 131075
86 0 131268
86 1 131348
73 0 131500
73 1 131557
78 0 131692
78 1 131780
65 0 131804
32 0 131876
65 1 131892
32 1 131939
78 0 132052
78 1 132147
69 0 132163
69 1 132268
80 0 132340
80 1 132412
79 0 132524
79 1 132588
84 0 132764
84 1 132845
69 0 132845
69 1 132956
76 0 133012
76 1 133108
85 0 133260
85 1 133340
76 0 133484
76 1 133588
32 0 133596
32 1 133651
76 0 133723
76 1 133803
65 0 133812
32 0 133852
32 1 133915
65 1 133947
77 0 134003
77 1 134075
73 0 134196
73 1 134260
78 0 134388
78 1 134461
69 0 134461
32 0 134549
69 1 134563
32 1 134635
73 0 134675
73 1 134771
78 0 134892
78 1 134972
32 0 134996
32 1 135099
80 0 135164
80 1 135252
65 0 135316
65 1 135427
84 0 135435
84 1 135516
32 0 135532
83 0 135603
32 1 135628
83 1 135723
73 0 135732
73 1 135836
32 0 135836
83 0 135892
32 1 135939
65 0 135963
83 1 136003
65 1 136116
32 0 136116
32 1 136219
78 0 136348
78 1 136412
69 0 136419
69 1 136508
32 0 136531
32 1 136643
74 0 136820
74 1 136900
85 0 136988
85 1 137076
67 0 137124
65 0 137188
67 1 137228
77 0 137292
65 1 137299
77 1 137356
32 0 137380
32 1 137459
84 0 137555
84 1 137643
79 0 137804
79 1 137876
65 0 137924
65 1 138036
84 0 138060
84 1 138133
65 0 138133
65 1 138188
32 0 138212
32 1 138292
90 0 138324
73 0 138388
90 1 138435
73 1 138459
85 0 138580
65 0 138652
85 1 138684
32 0 138732
65 1 138804
32 1 138804
73 0 138851
73 1 138932
78 0 139076
32 0 139124
78 1 139132
32 1 139260
65 0 139260
65 1 139379
80 0 139387
80 1 139475
65 0 139540
65 1 139668
190 0 139780
190 1 139884
8 0 142036
8 1 142124
188 0 142357
190 0 142358
190 1 142419
188 1 142427
32 0 142467
32 1 142523
8 0 143004
8 1 143084
8 0 143540
8 1 143612
32 0 143724
32 1 143819
80 0 143931
80 1 144011
69 0 144220
69 1 144316
32 0 144340
32 1 144435
80 0 144475
80 1 144571
76 0 144676
76 1 144780
65 0 144812
65 1 144948
74 0 145164
74 1 145236
65 0 145260
65 1 145404
190 0 145812
190 1 145892
32 0 146036
32 1 146147
20 0 146308
20 1 146444
65 0 146780
65 1 146844
20 0 146933
20 1 147028
83 0 147124
83 1 147245
32 0 147245
32 1 147316
77 0 147419
77 1 147500
65 0 147500
65 1 147604
78 0 147604
78 1 147676
67 0 147748
65 0 147828
67 1 147868
32 0 147932
65 1 147963
32 1 147971
70 0 148075
70 1 148147
82 0 148243
82 1 148316
85 0 148477
85 1 148548
67 0 148596
67 1 148676
84 0 148693
84 1 148764
69 0 148844
69 1 148908
32 0 148916
32 1 149036
68 0 149083
69 0 149196
68 1 149211
32 0 149235
69 1 149276
32 1 149323
77 0 149476
77 1 149572
65 0 149572
65 1 149651
82 0 149924
69 0 150052
82 1 150108
69 1 150188
190 0 150468
190 1 150580
8 0 151316
8 1 151396
32 0 151500
32 1 151595
76 0 151716
65 0 151796
76 1 151803
32 0 151867
65 1 151900
32 1 151947
80 0 152228
80 1 152316
82 0 152516
82 1 152596
65 0 152628
65 1 152708
78 0 152796
78 1 152868
32 0 153244
32 1 153316
8 0 153964
8 1 154052
90 0 154092
32 0 154188
90 1 154228
32 1 154283
73 0 154364
73 1 154435
78 0 154556
78 1 154636
84 0 154772
84 1 154861
82 0 154861
82 1 154932
189 0 155020
189 1 155100
85 0 155244
85 1 155332
78 0 155451
78 1 155548
32 0 155580
32 1 155659
82 0 155740
69 0 155828
82 1 155844
69 1 155891
83 0 156020
83 1 156116
84 0 156140
84 1 156260
65 0 156381
65 1 156492
85 0 156828
85 1 156908
82 0 157076
84 0 157092
82 1 157132
84 1 157132
65 0 157172
65 1 157316
78 0 157348
78 1 157412
84 0 157572
84 1 157652
32 0 157820
32 1 157924
67 0 157988
85 0 158052
67 1 158075
32 0 158156
85 1 158164
32 1 158244
86 0 158356
86 1 158436
69 0 158485
69 1 158548
68 0 158556
68 1 158636
69 0 158668
69 1 158749
82 0 158749
82 1 158836
69 0 158860
69 1 158924
32 0 158956
32 1 159019
76 0 159156
65 0 159228
76 1 159252
32 0 159259
32 1 159323
65 1 159339
77 0 159428
65 0 159500
77 1 159523
65 1 159580
82 0 159860
69 0 159996
82 1 160060
69 1 160132
190 0 160164
190 1 160252
20 0 161989
20 1 162109
65 0 162292
65 1 162388
20 0 162445
20 1 162580
72 0 163316
72 1 163420
188 0 163676
188 1 163772
32 0 163780
32 1 163908
73 0 163948
65 0 163964
73 1 164036
65 1 164083
73 0 164156
73 1 164220
67 0 164244
67 1 164372
8 0 164660
8 1 164740
8 0 164820
8 1 164900
8 0 164988
8 1 165052
8 0 165124
8 1 165228
65 0 165276
65 1 165388
73 0 165428
73 1 165524
67 0 165556
73 0 165612
67 1 165652
73 1 165724
32 0 165740
32 1 165788
77 0 165884
77 1 165956
73 0 166076
73 1 166148
189 0 166308
189 1 166420
8 0 166876
8 1 166948
8 0 167044
8 1 167108
187 0 167396
187 1 167524
65 0 167724
65 1 167836
8 0 168012
8 1 168092
8 0 168164
8 1 168252
189 0 168901
189 1 168972
65 0 169052
85 0 169204
65 1 169212
85 1 169276
8 0 169580
8 1 169668
73 0 169868
73 1 169988
32 0 170012
32 1 170075
80 0 170147
80 1 170236
82 0 170244
82 1 170325
73 0 170364
73 1 170444
78 0 170580
78 1 170652
83 0 170684
83 1 170764
190 0 170820
190 1 170916
32 0 170996
32 1 171108
20 0 171133
20 1 171244
69 0 171300
20 0 171332
69 1 171379
32 0 171452
20 1 171460
32 1 171532
82 0 171932
82 1 172020
69 0 172036
69 1 172116
90 0 172172
90 1 172236
73 0 172444
73 1 172532
83 0 172564
83 1 172692
84 0 172716
84 1 172804
69 0 172852
69 1 172940
78 0 172971
78 1 173060
84 0 173204
84 1 173300
32 0 173324
32 1 173403
76 0 173532
65 0 173588
76 1 173612
32 0 173652
65 1 173723
32 1 173740
79 0 173780
79 1 173884
82 0 173916
82 1 174012
73 0 174052
73 1 174084
67 0 174740
69 0 174844
67 1 174892
32 0 174932
69 1 174940
32 1 175011
70 0 175124
69 0 175196
70 1 175204
69 1 175292
76 0 175404
76 1 175484
32 0 175492
68 0 175556
32 1 175604
69 0 175628
68 1 175669
69 1 175708
32 0 175716
32 1 175811
83 0 175860
67 0 175948
83 1 175988
67 1 176028
72 0 176156
72 1 176236
73 0 176332
73 1 176412
77 0 176540
77 1 176620
66 0 176732
66 1 176845
65 0 176876
65 1 176980
82 0 176988
82 1 177076
69 0 177148
69 1 177252
188 0 177404
188 1 177484
32 0 178524
32 1 178644
79 0 178917
79 1 179020
75 0 179164
75 1 179220
8 0 179532
8 1 179607
76 0 179791
76 1 179879
73 0 180007
73 1 180087
78 0 180215
78 1 180270
8 0 180439
8 1 180519
8 0 180591
8 1 180671
8 0 180743
8 1 180815
8 0 180887
8 1 180975
73 0 181679
73 1 181759
78 0 181887
78 1 181959
86 0 182095
69 0 182159
86 1 182175
69 1 182247
67 0 182287
67 1 182367
72 0 182487
72 1 182559
73 0 182671
73 1 182743
84 0 182879
84 1 182959
188 0 183167
188 1 183255
32 0 183256
32 1 183342
80 0 183415
80 1 183495
76 0 183591
76 1 183695
73 0 183831
73 1 183903
78 0 184015
78 1 184103
32 0 184127
32 1 184214
68 0 184230
69 0 184303
32 0 184326
68 1 184334
32 1 184398
69 1 184414
86 0 184503
86 1 184551
8 0 184919
8 1 184983
70 0 185191
70 1 185271
82 0 185375
82 1 185454
73 0 185623
73 1 185678
67 0 185743
73 0 185791
67 1 185831
73 1 185863
188 0 186047
32 0 186111
188 1 186118
32 1 186214
80 0 186271
80 1 186343
79 0 186455
79 1 186527
8 0 186967
8 1 187046
82 0 187294
82 1 187366
79 0 187398
79 1 187486
83 0 187574
84 0 187678
83 1 187702
84 1 187774
32 0 187790
32 1 187838
70 0 187942
70 1 188023
73 0 188151
73 1 188230
78 0 188351
78 1 188414
65 0 188438
78 0 188486
65 1 188551
78 1 188552
84 0 188711
65 0 188766
84 1 188806
65 1 188847
84 0 188943
84 1 189015
188 0 189239
188 1 189327
32 0 189343
32 1 189438
67 0 189446
85 0 189535
67 1 189550
85 1 189623
32 0 189639
32 1 189710
77 0 189839
77 1 189943
85 0 190079
85 1 190151
76 0 190279
76 1 190351
84 0 190511
69 0 190591
84 1 190614
32 0 190654
69 1 190662
32 1 190734
80 0 190839
69 0 190871
80 1 190927
69 1 190935
82 0 191055
82 1 191102
83 0 191255
79 0 191342
83 1 191374
79 1 191438
65 0 191527
65 1 191607
78 0 191631
78 1 191703
69 0 191751
69 1 191831
32 0 191832
32 1 191966
67 0 192006
65 0 192079
67 1 192134
65 1 192175
82 0 192231
82 1 192311
69 0 192319
32 0 192375
69 1 192415
32 1 192446
78 0 192575
78 1 192639
85 0 192759
32 0 192831
85 1 192846
32 1 192911
83 0 192943
85 0 192983
85 1 193063
83 1 193087
78 0 193175
78 1 193263
84 0 193407
84 1 193495
32 0 193511
32 1 193590
80 0 193695
80 1 193767
79 0 193847
79 1 193919
84 0 194087
84 1 194159
82 0 194247
82 1 194319
73 0 194471
73 1 194567
86 0 194631
86 1 194751
73 0 195342
73 1 195414
84 0 195574
84 1 195654
69 0 195655
69 1 195743
32 0 195743
32 1 195782
80 0 195886
80 1 195974
69 0 196022
69 1 196118
78 0 196134
78 1 196198
84 0 196327
84 1 196407
82 0 196479
82 1 196559
85 0 196703
85 1 196783
32 0 196791
32 1 196846
82 0 196862
82 1 196958
79 0 196959
79 1 197038
76 0 197151
76 1 197199
85 0 197343
85 1 197423
76 0 197550
76 1 197638
32 0 197678
32 1 197750
68 0 197758
69 0 197830
32 0 197878
68 1 197886
69 1 197934
32 1 197958
80 0 197998
80 1 198086
82 0 198118
82 1 198199
79 0 198200
79 1 198263
70 0 198447
70 1 198519
69 0 198519
69 1 198607
83 0 198727
79 0 198807
83 1 198839
79 1 198887
82 0 198951
73 0 199008
82 1 199038
73 1 199127
32 0 199150
32 1 199255
83 0 199255
65 0 199350
85 0 199374
83 1 199398
85 1 199471
32 0 199472
65 1 199479
32 1 199542
80 0 199646
69 0 199734
80 1 199750
69 1 199807
82 0 199910
82 1 199991
83 0 200095
79 0 200199
83 1 200238
79 1 200270
78 0 200391
78 1 200463
65 0 200487
76 0 200590
65 1 200606
76 1 200703
32 0 200727
65 0 200782
32 1 200814
65 1 200926
68 0 200966
68 1 201055
77 0 201263
77 1 201318
73 0 201447
73 1 201510
78 0 201639
78 1 201703
73 0 201824
73 1 201896
83 0 201935
83 1 202031
84 0 202039
84 1 202111
82 0 202207
82 1 202270
65 0 202278
84 0 202391
65 1 202399
84 1 202448
73 0 202598
73 1 202663
86 0 202775
86 1 202863
32 0 203415
32 1 203518
83 0 203590
73 0 203646
83 1 203695
73 1 203751
32 0 203759
32 1 203822
78 0 203927
78 1 203990
73 0 204127
73 1 204191
73 0 204279
32 0 204383
73 1 204414
32 1 204502
8 0 204727
8 1 204790
8 0 204871
8 1 204958
67 0 206215
67 1 206351
73 0 206503
73 1 206591
32 0 206943
32 1 207055
83 0 207110
83 1 207174
85 0 207278
85 1 207350
83 0 207422
83 1 207559
84 0 207559
84 1 207630
73 0 207774
73 1 207838
78 0 207959
78 1 208031
85 0 208142
85 1 208215
84 0 208350
84 1 208431
69 0 208471
69 1 208551
190 0 208687
190 1 208783
32 0 208855
32 1 208990
20 0 209119
20 1 209239
67 0 209255
88 0 209262
88 1 209310
67 1 209318
20 0 209343
69 0 209446
20 1 209463
69 1 209527
8 0 209935
8 1 209991
8 0 210087
8 1 210159
69 0 210223
69 1 210318
32 0 210398
32 1 210559
83 0 210559
83 1 210646
69 0 210775
32 0 210847
69 1 210854
32 1 210926
70 0 211022
65 0 211078
70 1 211118
65 1 211191
67 0 211231
67 1 211303
69 0 211303
69 1 211375
32 0 211423
32 1 211511
66 0 211638
66 1 211734
73 0 211959
73 1 212055
78 0 212239
78 1 212319
69 0 212327
69 1 212431
32 0 214383
32 1 214495
67 0 214599
67 1 214695
82 0 214814
82 1 214895
69 0 214935
69 1 215023
68 0 215087
68 1 215159
32 0 215223
32 1 215310
67 0 215430
65 0 215487
67 1 215502
65 1 215655
32 0 217742
32 1 217855
83 0 217903
83 1 217999
85 0 218015
85 1 218095
78 0 218215
78 1 218304
84 0 218447
32 0 218559
84 1 218582
65 0 218622
32 1 218662
65 1 218750
67 0 218758
67 1 218854
69 0 218870
69 1 218951
76 0 219071
76 1 219159
69 0 219175
69 1 219263
32 0 219375
32 1 219494
67 0 219598
65 0 219662
67 1 219710
65 1 219751
90 0 219879
90 1 219983
85 0 219984
85 1 220071
82 0 220151
82 1 220247
73 0 220247
73 1 220359
32 0 220359
68 0 220430
32 1 220446
69 0 220502
32 0 220558
68 1 220566
69 1 220614
32 1 220662
80 0 220734
82 0 220814
80 1 220830
82 1 220910
79 0 220942
79 1 221022
70 0 221255
69 0 221334
70 1 221342
69 1 221431
83 0 221582
83 1 221647
79 0 221767
79 1 221887
82 0 221918
82 1 222023
73 0 222079
73 1 222183
32 0 222223
32 1 222342
67 0 224271
85 0 224375
67 1 224383
32 0 224471
85 1 224486
32 1 224558
86 0 224646
86 1 224710
79 0 224871
79 1 224951
67 0 224967
65 0 225047
67 1 225087
84 0 225151
65 1 225175
84 1 225223
73 0 225383
73 1 225455
69 0 225455
69 1 225543
32 0 225575
32 1 225703
67 0 225711
65 0 225807
67 1 225863
82 0 225887
65 1 225935
82 1 225975
69 0 226007
69 1 226096
32 0 226096
32 1 226174
84 0 226278
69 0 226358
84 1 226374
32 0 226430
69 1 226462
32 1 226478
73 0 226590
73 1 226662
78 0 226782
78 1 226878
83 0 226903
80 0 227031
83 1 227038
80 1 227103
73 0 227215
73 1 227303
82 0 227487
82 1 227559
65 0 227623
65 1 227774
188 0 227863
188 1 227967
32 0 227991
32 1 228086
80 0 228142
80 1 228222
79 0 228310
79 1 228382
83 0 228863
83 1 228926
73 0 228942
73 1 229007
66 0 229151
66 1 229223
73 0 229351
73 1 229415
76 0 229535
76 1 229590
73 0 229703
73 1 229766
84 0 229903
65 0 229966
84 1 229974
65 1 230047
84 0 230055
84 1 230151
69 0 230159
65 0 230239
69 1 230255
32 0 230327
65 1 230334
32 1 230438
65 0 230478
65 1 230623
32 0 230623
32 1 230750
8 0 231014
8 1 231078
8 0 231159
8 1 231239
68 0 231279
68 1 231374
69 0 231478
69 1 231551
32 0 231647
65 0 231750
32 1 231766
65 1 231862
32 0 231926
32 1 232054
65 0 232134
65 1 232270
86 0 232310
86 1 232374
69 0 232422
65 0 232535
69 1 232574
65 1 232646
32 0 232670
32 1 232743
70 0 232862
65 0 232918
70 1 232950
67 0 233038
65 1 233054
67 1 233102
85 0 233239
85 1 233327
76 0 233455
76 1 233526
84 0 233687
65 0 233718
84 1 233751
65 1 233807
84 0 233846
69 0 233903
84 1 233926
69 1 233991
32 0 233991
32 1 234054
71 0 234158
71 1 234222
82 0 234342
82 1 234406
65 0 234422
84 0 234535
65 1 234574
84 1 234598
85 0 234759
85 1 234830
73 0 234967
73 1 235023
65 0 235767
65 1 235895
32 0 235966
32 1 236078
83 0 236102
73 0 236166
83 1 236198
73 1 236270
32 0 236302
32 1 236366
8 0 236614
8 1 236686
32 0 237559
32 1 237711
79 0 238015
79 1 238151
32 0 238198
83 0 238319
32 1 238326
83 1 238382
69 0 238502
69 1 238590
82 0 238687
82 1 238750
73 0 238920
73 1 238998
69 0 239015
69 1 239070
32 0 239086
32 1 239174
68 0 239215
69 0 239262
68 1 239302
32 0 239310
69 1 239366
32 1 239374
66 0 239486
66 1 239550
85 0 239671
85 1 239734
82 0 239878
83 0 239934
82 1 239958
83 1 240014
69 0 240127
69 1 240207
32 0 240247
32 1 240358
83 0 240374
83 1 240470
79 0 240502
79 1 240631
67 0 240662
67 1 240783
73 0 240791
73 1 240910
65 0 240967
65 1 241071
76 0 241158
76 1 241263
69 0 241302
69 1 241423
190 0 242191
190 1 242311
32 0 242471
32 1 242630
20 0 243352
20 1 243528
67 0 245327
67 1 245423
20 0 245479
20 1 245615
8 0 245895
8 1 245975
20 0 246080
20 1 246167
83 0 246271
20 0 246392
83 1 246415
73 0 246487
20 1 246511
73 1 246574
83 0 246727
83 1 246791
84 0 246792
84 1 246871
69 0 247039
69 1 247127
77 0 247278
77 1 247367
69 0 247407
69 1 247486
76 0 247551
76 1 247615
69 0 247639
69 1 247703
32 0 247759
32 1 247854
68 0 247878
73 0 247950
68 1 247982
73 1 248022
78 0 248159
78 1 248230
32 0 248254
32 1 248351
65 0 248414
65 1 248591
76 0 248598
76 1 248655
84 0 248878
84 1 248951
69 0 248991
69 1 249095
32 0 249096
32 1 249182
84 0 249278
84 1 249367
65 0 249367
82 0 249478
65 1 249510
82 1 249550
73 0 249720
73 1 249847
32 0 249848
32 1 249942
83 0 249974
85 0 250030
83 1 250094
85 1 250110
78 0 250231
78 1 250302
84 0 250447
32 0 250575
84 1 250582
32 1 250663
70 0 250742
70 1 250823
32 0 250855
32 1 250958
68 0 250998
68 1 251158
73 0 251246
73 1 251318
70 0 251479
69 0 251542
70 1 251550
82 0 251639
69 1 251655
82 1 251727
73 0 252631
73 1 252695
84 0 252848
84 1 252927
69 0 252951
69 1 253023
188 0 253151
188 1 253247
32 0 253263
32 1 253359
83 0 253360
73 0 253422
83 1 253478
73 1 253535
32 0 253536
32 1 253598
77 0 253694
77 1 253766
65 0 253782
73 0 253894
65 1 253918
32 0 253990
73 1 254006
32 1 254086
66 0 254551
66 1 254630
85 0 254759
85 1 254830
78 0 254967
78 1 255022
69 0 255046
69 1 255135
188 0 255175
188 1 255247
32 0 255311
83 0 255326
32 1 255398
73 0 255438
83 1 255462
32 0 255558
73 1 255574
32 1 255638
77 0 255743
77 1 255831
65 0 255831
73 0 255942
65 1 255966
32 0 256038
73 1 256054
32 1 256126
80 0 256246
80 1 256350
82 0 256855
82 1 256934
79 0 257111
79 1 257199
65 0 257215
83 0 257294
65 1 257351
83 1 257407
84 0 257423
84 1 257479
69 0 257543
69 1 257655
190 0 257735
190 1 257855
32 0 257911
32 1 258014
20 0 258239
67 0 258286
20 1 258350
67 1 258358
20 0 258439
69 0 258486
20 1 258551
69 1 258591
32 0 258655
32 1 258775
83 0 258799
65 0 258903
83 1 258967
65 1 259047
32 0 259431
32 1 259510
70 0 259815
70 1 259894
65 0 259902
67 0 259982
65 1 259990
67 1 260062
69 0 260111
69 1 260183
77 0 260239
77 1 260311
32 0 260327
32 1 260366
77 0 260430
77 1 260511
65 0 260526
73 0 260622
65 1 260678
32 0 260726
73 1 260734
32 1 260806
66 0 260902
66 1 260966
73 0 261102
73 1 261166
78 0 261294
78 1 261359
69 0 261374
69 1 261470
16 0 261623
186 0 261735
16 1 261791
186 1 261855
32 0 262015
32 1 262118
83 0 262134
65 0 262199
83 1 262262
65 1 262294
32 0 262302
32 1 262414
65 0 262430
84 0 262527
65 1 262542
84 1 262614
82 0 262726
82 1 262758
8 0 262975
8 1 263070
8 0 263143
8 1 263223
8 0 263302
8 1 263375
8 0 263454
8 1 263519
8 0 263599
8 1 263671
8 0 263759
8 1 263831
8 0 263911
8 1 263991
8 0 264279
8 1 264359
189 0 264575
32 0 264687
189 1 264695
32 1 264814
83 0 264855
65 0 264926
32 0 264974
83 1 264982
32 1 265046
65 1 265070
73 0 265110
73 1 265198
78 0 265310
78 1 265398
86 0 265511
86 1 265590
69 0 265614
69 1 265694
84 0 265718
84 1 265790
73 0 265926
73 1 265991
77 0 266103
77 1 266207
32 0 266207
32 1 266310
70 0 266406
70 1 266486
73 0 266622
73 1 266694
78 0 266798
78 1 266871
65 0 266871
78 0 266951
65 1 266958
78 1 267039
67 0 267103
67 1 267199
73 0 267215
73 1 267279
65 0 267359
82 0 267454
65 1 267470
82 1 267543
32 0 267591
83 0 267655
32 1 267678
83 1 267766
73 0 267782
73 1 267887
32 0 267887
83 0 267951
32 1 267998
65 0 268038
83 1 268086
65 1 268142
32 0 268150
32 1 268262
65 0 268270
65 1 268375
84 0 268375
84 1 268454
82 0 268559
82 1 268598
8 0 268839
8 1 268910
8 0 268999
8 1 269063
8 0 269151
8 1 269215
83 0 269743
83 1 269854
67 0 269878
67 1 269958
72 0 270103
72 1 270183
73 0 270295
73 1 270366
77 0 270519
77 1 270567
66 0 270679
66 1 270775
65 0 270847
65 1 270991
77 0 271111
77 1 271199
32 0 271311
32 1 271390
83 0 271438
73 0 271494
83 1 271526
32 0 271606
73 1 271622
32 1 271727
65 0 271727
65 1 271862
84 0 271894
84 1 271950
82 0 272047
82 1 272127
65 0 272143
65 1 272247
71 0 272271
71 1 272359
69 0 272407
69 1 272495
77 0 272559
77 1 272639
32 0 272679
32 1 272774
67 0 272847
69 0 272934
67 1 272999
69 1 273030
76 0 273062
76 1 273110
8 0 273375
8 1 273439
73 0 273632
73 1 273719
32 0 273751
32 1 273822
77 0 273918
77 1 274006
65 0 274038
73 0 274143
65 1 274190
73 1 274222
32 0 274246
32 1 274326
66 0 274422
66 1 274495
85 0 274614
85 1 274686
78 0 274806
78 1 274870
73 0 275015
73 1 275110
32 0 275142
32 1 275191
79 0 275286
79 1 275382
65 0 275614
65 1 275735
77 0 275767
77 1 275838
69 0 275870
78 0 275950
69 1 275975
78 1 276008
73 0 276135
73 1 276224
32 0 276224
32 1 276286
73 0 276342
73 1 276430
78 0 276567
78 1 276663
32 0 276678
32 1 276782
73 0 276814
73 1 276886
78 0 276998
78 1 277094
86 0 277206
86 1 277294
65 0 277350
84 0 277431
65 1 277478
84 1 277510
65 0 277606
77 0 277678
65 1 277694
77 1 277742
65 0 277815
78 0 277855
65 1 277919
78 1 277919
84 0 278071
84 1 278151
32 0 278567
32 1 278663
67 0 278663
65 0 278734
67 1 278782
32 0 278798
65 1 278830
32 1 278870
80 0 278902
80 1 278990
82 0 279014
82 1 279103
79 0 279103
79 1 279158
70 0 279334
69 0 279383
70 1 279407
69 1 279470
83 0 279575
83 1 279671
79 0 279679
79 1 279759
82 0 279791
73 0 279855
82 1 279879
73 1 279911
190 0 280079
190 1 280143
20 0 351485
20 1 351589
80 0 351620
20 0 351718
80 1 351732
20 1 351837
73 0 351877
73 1 351965
67 0 352109
84 0 352213
67 1 352221
84 1 352293
85 0 352437
82 0 352485
85 1 352510
82 1 352565
65 0 352757
65 1 352869
32 0 352885
32 1 352997
82 0 353261
82 1 353349
69 0 353364
69 1 353445
80 0 353597
80 1 353662
82 0 353870
82 1 353965
69 0 354006
69 1 354021
90 0 354253
73 0 354341
90 1 354397
73 1 354421
78 0 354557
78 1 354645
84 0 354821
84 1 354909
65 0 355669
65 1 355837
32 0 356414
32 1 356533
20 0 356567
20 1 356702
83 0 356789
20 0 356925
83 1 356940
20 1 357078
67 0 357093
67 1 357197
79 0 357773
79 1 357845
65 0 357870
65 1 357957
76 0 357981
76 1 358061
65 0 358069
65 1 358149
32 0 358181
32 1 358269
68 0 358302
73 0 358389
68 1 358413
73 1 358461
78 0 358653
78 1 358741
32 0 358805
32 1 358941
20 0 374887
20 1 374981
65 0 375077
20 0 375182
65 1 375205
20 1 375262
84 0 375262
84 1 375365
69 0 375405
69 1 375485
78 0 375581
78 1 375677
65 0 375709
65 1 375837
32 0 376053
32 1 376125
80 0 376253
80 1 376341
8 0 378534
8 1 378605
8 0 378709
8 1 378765
32 0 379221
32 1 379357
67 0 379373
67 1 379517
85 0 379532
85 1 379630
32 0 379630
32 1 379725
73 0 379813
73 1 379901
78 0 380037
78 1 380109
84 0 380325
84 1 380413
69 0 380421
69 1 380493
76 0 380686
76 1 380782
69 0 380782
69 1 380877
67 0 380973
67 1 381037
84 0 381149
84 1 381229
85 0 381365
85 1 381453
65 0 381484
76 0 381597
65 1 381620
76 1 381661
73 0 381781
73 1 381894
32 0 381894
83 0 381957
32 1 381972
73 0 382029
83 1 382077
32 0 382109
73 1 382132
32 1 382204
70 0 382309
70 1 382381
73 0 382525
73 1 382597
76 0 382686
76 1 382765
79 0 382837
79 1 382909
83 0 382917
79 0 382989
83 1 383045
79 1 383069
70 0 383237
70 1 383310
73 0 383445
32 0 383541
73 1 383557
67 0 383628
32 1 383644
69 0 383693
67 1 383741
69 1 383813
76 0 383853
76 1 383942
69 0 384381
69 1 384469
66 0 384502
66 1 384573
82 0 384709
82 1 384805
69 0 384821
69 1 384893
73 0 385006
73 1 385069
8 0 385317
8 1 385397
8 0 385508
8 1 385573
73 0 386421
73 1 386493
188 0 386669
188 1 386773
32 0 386813
32 1 386917
20 0 388062
80 0 388157
20 1 388166
80 1 388237
20 0 388269
76 0 388325
20 1 388340
76 1 388437
65 0 388461
65 1 388605
84 0 388645
84 1 388717
79 0 388877
79 1 388933
78 0 389117
78 1 389206
32 0 389206
68 0 389269
32 1 389276
69 0 389349
68 1 389365
32 0 389421
69 1 389429
32 1 389516
69 0 389524
69 1 389629
88 0 389669
88 1 389741
77 0 389933
77 1 390005
80 0 390133
80 1 390213
76 0 390284
76 1 390357
85 0 390494
85 1 390565
188 0 390709
188 1 390798
32 0 390798
32 1 390885
80 0 390940
80 1 391021
73 0 391141
73 1 391221
67 0 391621
67 1 391718
84 0 391725
84 1 391797
65 0 391861
84 0 391941
65 1 391981
84 1 392037
65 0 392117
65 1 392197
32 0 392357
32 1 392477
68 0 392557
69 0 392621
68 1 392661
69 1 392733
32 0 392741
32 1 392813
20 0 401151
20 1 401270
82 0 401333
20 0 401406
82 1 401437
65 0 401509
20 1 401533
65 1 401621
70 0 401637
70 1 401733
65 0 402486
65 1 402589
69 0 402741
69 1 402845
76 0 402933
76 1 402997
190 0 403757
190 1 403893
8 0 404405
8 1 404485
32 0 404605
32 1 404725
76 0 404869
65 0 404933
76 1 404941
65 1 405021
32 0 405046
32 1 405156
20 0 405197
20 1 405286
86 0 405317
86 1 405398
20 0 405398
65 0 405436
20 1 405470
65 1 405557
84 0 405573
84 1 405637
73 0 405797
73 1 405869
67 0 405965
65 0 405983
67 1 406029
78 0 406093
65 1 406125
78 1 406148
190 0 406325
190 1 406397
32 0 430156
32 1 430292
67 0 430293
65 0 430341
67 1 430412
65 1 430468
82 0 430516
69 0 430563
82 1 430612
69 1 430644
32 0 430652
32 1 430780
65 0 430780
85 0 430884
65 1 430899
32 0 430980
85 1 430988
32 1 431123
84 0 432308
84 1 432388
82 0 432492
82 1 432588
65 0 432612
65 1 432684
83 0 432772
83 1 432892
65 0 433364
84 0 433460
65 1 433468
84 1 433532
85 0 433676
85 1 433756
82 0 433788
82 1 433876
73 0 433924
32 0 434035
73 1 434076
32 1 434155
65 0 434171
65 1 434340
83 0 434356
83 1 434379
69 0 434804
69 1 434908
77 0 435012
77 1 435156
65 0 435157
65 1 435276
78 0 435340
78 1 435428
65 0 435460
65 1 435572
84 0 435611
84 1 435684
79 0 435860
79 1 435940
65 0 435980
65 1 436084
82 0 436300
82 1 436404
69 0 436492
69 1 436596
32 0 436652
32 1 436772
67 0 436828
69 0 436924
67 1 436987
69 1 437028
76 0 437044
76 1 437140
79 0 437236
79 1 437308
82 0 437324
82 1 437412
32 0 439260
32 1 439403
67 0 439541
69 0 439612
67 1 439683
69 1 439715
32 0 439747
32 1 439827
84 0 439915
84 1 439995
82 0 440092
82 1 440172
65 0 440187
65 1 440268
73 0 440356
73 1 440460
65 0 440484
65 1 440596
85 0 440620
85 1 440740
32 0 440756
32 1 440868
73 0 440995
73 1 441075
8 0 441540
8 1 441620
73 0 442196
73 1 442284
78 0 442404
78 1 442484
32 0 442485
32 1 442555
65 0 442563
65 1 442691
67 0 442707
67 1 442803
69 0 442819
69 1 442907
76 0 443011
76 1 443107
32 0 443123
32 1 443187
77 0 443259
77 1 443347
79 0 443460
79 1 443531
77 0 443644
77 1 443733
69 0 443733
69 1 443812
78 0 443828
78 1 443899
84 0 444036
84 1 444116
32 0 446812
32 1 446948
83 0 447020
83 1 447115
69 0 447123
69 1 447211
65 0 447227
65 1 447340
77 0 447492
77 1 447588
65 0 447589
65 1 447692
78 0 447708
78 1 447796
65 0 447812
65 1 447899
32 0 447988
32 1 448099
67 0 448203
67 1 448356
85 0 448357
85 1 448468
32 0 448500
32 1 448596
20 0 452229
20 1 452292
76 0 452324
76 1 452420
20 0 452532
20 1 452652
69 0 452868
69 1 453004
79 0 453796
79 1 453868
78 0 454108
78 1 454204
65 0 454764
65 1 454900
82 0 454972
82 1 455036
68 0 455140
68 1 455220
79 0 455428
79 1 455491
8 0 480268
8 1 480356
32 0 485492
32 1 485564
20 0 485797
20 1 485892
80 0 485908
80 1 485997
20 0 485997
20 1 486068
69 0 486284
69 1 486389
82 0 486460
82 1 486548
83 0 486637
83 1 486780
79 0 486868
80 0 486876
80 1 486915
79 1 486955
8 0 488252
8 1 488340
78 0 488676
78 1 488772
65 0 488836
65 1 488956
74 0 489092
74 1 489180
69 0 489204
69 1 489283
76 0 489380
69 0 489460
76 1 489476
69 1 489547
32 0 489604
32 1 489708
68 0 489748
68 1 489821
73 0 489821
73 1 489924
83 0 489980
83 1 490108
67 0 490156
67 1 490244
85 0 490388
85 1 490451
84 0 490580
84 1 490660
65 0 490700
65 1 490780
188 0 490900
188 1 490988
32 0 491020
83 0 491091
32 1 491139
83 1 491171
69 0 491291
69 1 491412
32 0 491420
32 1 491523
88 0 491700
67 0 491700
88 1 491763
69 0 491764
67 1 491780
65 0 491836
69 1 491908
65 1 491979
8 0 492252
8 1 492339
8 0 492436
8 1 492523
8 0 492724
8 1 492796
8 0 493076
8 1 493147
67 0 493412
69 0 493532
67 1 493540
65 0 493596
69 1 493628
65 1 493700
82 0 493708
82 1 493764
84 0 493876
84 1 493947
65 0 493988
65 1 494108
188 0 494284
188 1 494412
32 0 494452
83 0 494523
32 1 494555
83 1 494611
69 0 494763
32 0 494868
69 1 494876
32 1 494931
80 0 495003
80 1 495107
76 0 495219
76 1 495292
73 0 495404
73 1 495484
67 0 495620
67 1 495748
84 0 496236
84 1 496300
73 0 496491
73 1 496596
83 0 496636
83 1 496700
69 0 496812
69 1 496916
83 0 497084
83 1 497164
67 0 497292
67 1 497420
188 0 497668
188 1 497780
32 0 497804
32 1 497931
65 0 497979
65 1 498115
85 0 498123
85 1 498236
32 0 498252
32 1 498332
80 0 498444
80 1 498531
65 0 498588
65 1 498700
82 0 498772
82 1 498836
69 0 498932
82 0 498995
69 1 499028
82 1 499084
73 0 499523
73 1 499588
188 0 499836
188 1 499956
32 0 499988
32 1 500075
83 0 500123
85 0 500195
83 1 500227
85 1 500259
78 0 500371
78 1 500451
84 0 500588
84 1 500717
32 0 500732
65 0 500779
32 1 500827
65 1 500883
84 0 501051
84 1 501155
8 0 502452
8 1 502524
67 0 502635
67 1 502748
84 0 502756
84 1 502836
73 0 503012
73 1 503084
86 0 503140
86 1 503236
73 0 503292
73 1 503364
188 0 507476
188 1 507612
32 0 509564
32 1 509724
20 0 511685
20 1 511812
79 0 511852
20 0 511965
79 1 511988
65 0 512140
20 1 512155
65 1 512260
77 0 512316
77 1 512428
69 0 512460
78 0 512556
69 1 512580
78 1 512628
73 0 512764
73 1 512836
73 0 512916
73 1 513045
32 0 513045
32 1 513123
84 0 513267
84 1 513355
8 0 513644
8 0 514144
8 0 514177
8 0 514210
8 0 514243
8 0 514275
8 0 514309
8 0 514342
8 1 514371
8 0 514708
8 1 514788
83 0 515052
83 1 515180
85 0 515188
85 1 515260
78 0 515396
78 1 515468
84 0 515612
84 1 515708
32 0 515748
32 1 515795
73 0 515875
73 1 515955
77 0 516123
77 1 516204
66 0 516748
66 1 516820
82 0 516972
82 1 517060
65 0 517084
65 1 517172
67 0 517236
67 1 517324
65 0 517356
65 1 517444
84 0 517460
84 1 517532
73 0 517724
73 1 517820
32 0 517876
32 1 517924
73 0 517996
73 1 518052
78 0 518212
78 1 518308
32 0 518340
32 1 518411
8 0 523533
8 1 523620
8 0 523700
8 1 523788
8 0 523852
8 1 523932
68 0 524427
68 1 524532
73 0 524588
73 1 524659
70 0 524860
69 0 524924
70 1 524948
69 1 525012
82 0 525036
82 1 525124
73 0 525284
73 1 525347
84 0 525500
84 1 525620
32 0 525621
32 1 525683
70 0 525780
65 0 525828
70 1 525860
65 1 525900
84 0 525972
65 0 526020
84 1 526059
65 1 526108
32 0 526124
32 1 526211
68 0 526251
69 0 526331
68 1 526347
32 0 526363
69 1 526411
32 1 526443
77 0 526579
77 1 526643
79 0 526771
79 1 526859
77 0 527019
77 1 527140
69 0 527172
69 1 527284
78 0 527284
78 1 527356
84 0 527508
84 1 527588
85 0 527724
85 1 527804
76 0 527940
76 1 528020
32 0 528052
32 1 528147
65 0 528179
67 0 528275
65 1 528291
67 1 528339
84 0 528459
84 1 528531
85 0 528668
85 1 528739
65 0 528796
65 1 528884
76 0 528892
76 1 528956
190 0 529076
190 1 529188
32 0 529236
32 1 529371
20 0 529419
20 1 529555
69 0 529707
69 1 529804
20 0 529829
20 1 529915
82 0 529916
82 1 529988
65 0 530076
65 1 530204
85 0 530364
85 1 530460
32 0 530468
32 1 530539
80 0 530619
80 1 530707
82 0 530891
82 1 530980
69 0 530980
69 1 531052
79 0 531388
79 1 531491
67 0 531588
85 0 531651
67 1 531659
85 1 531724
80 0 531852
80 1 531923
65 0 531972
84 0 532092
65 1 532100
84 1 532172
73 0 532316
73 1 532411
32 0 532427
83 0 532475
32 1 532523
65 0 532555
83 1 532619
65 1 532635
32 0 532667
32 1 532795
68 0 532931
73 0 532979
68 1 532995
73 1 533067
83 0 533123
67 0 533243
83 1 533251
67 1 533315
85 0 533451
85 1 533516
84 0 533636
69 0 533708
84 1 533723
69 1 533779
32 0 533787
32 1 533891
67 0 534251
67 1 534331
72 0 534460
69 0 534524
72 1 534532
69 1 534571
83 0 534692
84 0 534715
84 1 534788
83 1 534804
73 0 534916
73 1 534971
85 0 535068
85 1 535148
78 0 535268
78 1 535356
73 0 535451
73 1 535563
32 0 535595
68 0 535659
32 1 535675
69 0 535715
68 1 535739
32 0 535787
69 1 535803
32 1 535883
65 0 535947
82 0 536019
65 1 536059
82 1 536091
84 0 536180
84 1 536260
65 0 536299
65 1 536436
188 0 536484
188 1 536572
32 0 536612
32 1 536675
80 0 536723
80 1 536795
79 0 536891
79 1 536963
76 0 537067
76 1 537131
73 0 537236
73 1 537324
84 0 537460
84 1 537539
73 0 537676
73 1 537747
67 0 537772
69 0 537851
67 1 537908
69 1 537940
32 0 537948
32 1 538075
83 0 538091
65 0 538203
85 0 538220
83 1 538283
85 1 538315
32 0 538323
65 1 538331
32 1 538419
68 0 538675
68 1 538779
69 0 538891
69 1 539003
32 0 539019
32 1 539099
86 0 539211
86 1 539275
73 0 539411
73 1 539491
65 0 539499
65 1 539595
84 0 539627
65 0 539683
84 1 539723
32 0 539763
65 1 539827
32 1 539828
80 0 539947
80 1 540027
85 0 540179
85 1 540251
82 0 540404
82 1 540460
32 0 540676
32 1 540788
83 0 540828
73 0 540908
83 1 540931
32 0 540971
73 1 540987
32 1 541059
83 0 541059
73 0 541171
83 1 541195
73 1 541235
77 0 541387
77 1 541444
80 0 541588
80 1 541651
76 0 541748
76 1 541828
85 0 541988
85 1 542052
190 0 542612
190 1 542684
32 0 542924
32 1 543020
20 0 545853
20 1 545884
78 0 545908
78 1 545979
20 0 545996
20 1 546092
85 0 546093
85 1 546204
32 0 546212
32 1 546275
83 0 546291
85 0 546339
83 1 546419
85 1 546419
78 0 546539
78 1 546619
84 0 546763
84 1 546860
32 0 546876
32 1 546971
73 0 547100
73 1 547179
78 0 547308
78 1 547379
67 0 547524
67 1 547604
65 0 547660
65 1 547740
76 0 547828
76 1 547899
84 0 548092
84 1 548148
65 0 548180
84 0 548260
65 1 548283
84 1 548315
73 0 548468
73 1 548564
32 0 548596
83 0 548627
32 1 548667
73 0 548747
83 1 548763
32 0 548827
73 1 548851
32 1 548931
78 0 549035
78 1 549115
85 0 549227
85 1 549340
32 0 549340
32 1 549403
80 0 549507
80 1 549603
65 0 549667
65 1 549755
82 0 549803
69 0 549875
82 1 549899
69 1 549947
32 0 549948
32 1 550067
67 0 550148
65 0 550211
67 1 550314
32 0 550346
65 1 550394
32 1 550434
73 0 550514
73 1 550610
189 0 550778
189 1 550898
65 0 550986
65 1 551066
82 0 551243
82 1 551347
32 0 551363
32 1 551482
68 0 551578
69 0 551683
68 1 551706
69 1 551770
82 0 551947
82 1 552026
65 0 552083
65 1 552211
78 0 552483
78 1 552547
74 0 552675
74 1 552755
65 0 552810
65 1 552891
190 0 552947
190 1 553043
32 0 553059
32 1 553163
20 0 553172
85 0 553259
20 1 553274
85 1 553330
20 0 553380
78 0 553443
78 1 553523
20 1 553531
73 0 553643
73 1 553715
73 0 553787
73 1 553883
32 0 553883
32 1 553970
68 0 553970
73 0 554026
73 1 554098
68 1 554106
78 0 554226
78 1 554298
84 0 554426
84 1 554506
82 0 554586
82 1 554675
69 0 554715
32 0 554771
69 1 554795
32 1 554874
69 0 554946
73 0 554987
69 1 555026
73 1 555066
32 0 555090
32 1 555162
73 0 555234
73 1 555291
73 0 555402
73 1 555466
32 0 555482
32 1 555586
83 0 555762
83 1 555882
70 0 556011
70 1 556074
73 0 556242
73 1 556323
68 0 556331
68 1 556411
69 0 556523
69 1 556611
65 0 556842
65 1 556955
90 0 557179
65 0 557251
90 1 557298
65 1 557355
32 0 557395
32 1 557467
80 0 557571
80 1 557667
69 0 557667
69 1 557730
32 0 557771
32 1 557899
67 0 557899
69 0 557978
67 1 558034
73 0 558042
69 1 558066
73 1 558098
76 0 558515
76 1 558603
65 0 558651
76 0 558755
65 1 558802
76 1 558834
84 0 559075
84 1 559155
73 0 559315
73 1 559412
32 0 559412
83 0 559490
32 1 559506
65 0 559554
85 0 559586
83 1 559626
85 1 559658
65 1 559666
32 0 559666
32 1 559738
73 0 559826
73 1 559882
73 0 559978
73 1 560067
32 0 560067
32 1 560154
68 0 560298
68 1 560394
69 0 560410
69 1 560475
82 0 560522
82 1 560610
65 0 560874
65 1 560970
78 0 561627
78 1 561699
74 0 561971
74 1 562026
69 0 562235
69 1 562323
65 0 562339
65 1 562410
90 0 562475
90 1 562564
65 0 562564
65 1 562659
190 0 562851
190 1 562948
8 0 563371
8 1 563450
32 0 563539
32 1 563651
80 0 563802
80 1 563866
82 0 563906
82 1 564026
73 0 564122
73 1 564178
78 0 564346
78 1 564411
8 0 567492
8 1 567573
8 0 567643
8 1 567722
8 0 567803
8 1 567875
8 0 567955
8 1 568026
8 0 568115
8 1 568195
191 0 568883
191 1 569019
86 0 569267
86 1 569306
8 0 569651
8 1 569722
66 0 569931
66 1 570019
82 0 570163
82 1 570243
85 0 570387
85 1 570459
83 0 570475
83 1 570546
67 0 570651
67 1 570723
72 0 570867
69 0 570923
72 1 570947
65 0 571019
69 1 571043
65 1 571123
90 0 571315
65 0 571379
90 1 571435
65 1 571491
80 0 571539
80 1 571619
8 0 572171
8 1 572243
190 0 572459
190 1 572555
