16 0 107920
65 0 108042
16 1 108120
65 1 108120
67 0 108253
67 1 108332
85 0 108385
85 1 108446
77 0 108597
77 1 108658
32 0 108757
69 0 108860
32 1 108888
69 1 108928
83 0 109070
83 1 109203
84 0 109723
84 1 109820
69 0 109917
69 1 109996
32 0 110042
32 1 110153
70 0 110153
82 0 110231
70 1 110274
82 1 110344
73 0 110361
73 1 110449
71 0 110509
71 1 110606
32 0 110706
32 1 110785
65 0 110851
65 1 110939
70 0 112009
70 1 112088
65 0 112210
65 1 112272
82 0 112442
82 1 112521
65 0 112697
65 1 112776
190 0 113290
190 1 113468
32 0 113656
32 1 113717
16 0 113880
78 0 113945
16 1 114011
78 1 114031
85 0 114200
85 1 114243
32 0 114414
69 0 114454
32 1 114500
69 1 114522
83 0 114627
83 1 114671
84 0 114777
69 0 114865
84 1 114882
69 1 114933
32 0 114961
32 1 115036
70 0 115036
70 1 115114
79 0 115168
65 0 115226
79 1 115245
65 1 115303
82 0 115357
82 1 115462
84 0 115559
84 1 115629
69 0 115690
32 0 115763
69 1 115785
32 1 115822
73 0 115926
73 1 115987
78 0 116075
78 1 116145
78 0 116224
78 1 116294
79 0 116401
79 1 116496
82 0 116497
82 1 116555
65 0 116669
65 1 116739
84 0 116873
84 1 116979
188 0 118508
188 1 118623
32 0 118865
32 1 118926
78 0 119048
78 1 119147
85 0 119243
85 1 119322
32 0 119431
32 1 119509
80 0 119669
76 0 119810
80 1 119845
76 1 119941
79 0 120020
79 1 120117
85 0 120195
85 1 120301
65 0 120342
65 1 120448
32 0 120477
32 1 120538
83 0 120559
83 1 120638
73 0 120666
73 1 120717
32 0 120825
32 1 120886
78 0 120981
78 1 121033
73 0 121112
73 1 121182
67 0 121215
73 0 121301
67 1 121303
73 1 121354
32 0 121480
32 1 121541
78 0 121645
78 1 121742
85 0 121839
85 1 121891
32 0 122035
32 1 122114
78 0 122227
78 1 122315
73 0 122457
73 1 122545
78 0 122678
78 1 122766
71 0 122799
71 1 122887
69 0 122984
69 1 123071
190 0 123099
190 1 123187
32 0 123311
32 1 123382
16 0 123527
90 0 123653
16 1 123721
90 1 123774
73 0 123928
73 1 124016
76 0 124141
76 1 124234
69 0 124234
69 1 124303
76 0 124339
76 1 124401
69 0 124424
69 1 124503
32 0 124575
32 1 124650
84 0 124651
82 0 124702
84 1 124745
82 1 124815
69 0 124920
69 1 124990
67 0 125123
85 0 125201
67 1 125202
85 1 125262
84 0 125350
84 1 125420
69 0 125507
69 1 125568
32 0 125596
32 1 125666
65 0 125705
65 1 125775
32 0 125813
32 1 125879
70 0 125880
70 1 125949
79 0 126002
79 1 126089
83 0 126089
83 1 126156
84 0 126263
84 1 126351
32 0 126378
32 1 126430
84 0 126462
84 1 126532
79 0 126576
79 1 126637
84 0 126661
84 1 126721
32 0 126776
32 1 126846
70 0 126931
82 0 127001
70 1 127044
82 1 127114
73 0 127149
73 1 127219
71 0 127297
71 1 127376
188 0 132055
188 1 132197
8 0 132736
8 1 132824
32 0 132984
32 1 133062
83 0 133062
73 0 133180
83 1 133182
73 1 133216
32 0 133332
32 1 133402
65 0 133433
32 0 133528
65 1 133530
32 1 133583
80 0 133725
76 0 133839
80 1 133864
76 1 133925
79 0 134031
79 1 134119
85 0 134215
85 1 134303
65 0 134344
65 1 134450
84 0 134620
84 1 134717
32 0 134781
32 1 134851
80 0 134983
80 1 135044
85 0 135131
85 1 135192
84 0 135263
73 0 135357
84 1 135359
73 1 135382
78 0 135776
78 1 135836
190 0 136042
190 1 136139
32 0 136273
32 1 136334
16 0 136552
78 0 136688
16 1 136784
78 1 136784
85 0 136979
85 1 137041
32 0 137184
32 1 137236
73 0 137350
73 1 137411
77 0 137499
77 1 137577
73 0 137675
73 1 137726
32 0 137835
32 1 137895
80 0 138001
76 0 138088
80 1 138140
65 0 138180
76 1 138199
65 1 138267
67 0 138373
67 1 138497
69 0 138648
69 1 138754
32 0 139277
32 1 139392
86 0 139522
86 1 139635
82 0 139635
82 1 139758
69 0 139873
69 1 139943
77 0 139978
69 0 140065
77 1 140091
69 1 140124
65 0 140237
32 0 140321
65 1 140341
32 1 140402
68 0 140402
68 1 140498
69 0 140498
69 1 140548
32 0 140567
32 1 140668
65 0 140669
65 1 140738
67 0 140826
85 0 140931
67 1 140933
85 1 140992
77 0 141117
77 1 141177
188 0 141401
188 1 141462
32 0 141570
32 1 141652
65 0 141652
83 0 141740
65 1 141764
83 1 141799
32 0 141845
32 1 141930
70 0 141930
70 1 142026
73 0 142052
73 1 142113
32 0 142220
32 1 142263
80 0 142387
80 1 142487
82 0 142488
69 0 142489
82 1 142548
69 1 142590
70 0 142724
70 1 142801
69 0 142801
69 1 142906
82 0 142977
82 1 143119
65 0 143295
65 1 143383
84 0 143509
84 1 143588
32 0 143633
32 1 143712
83 0 143743
83 1 143804
65 0 143882
32 0 143956
32 1 144012
65 1 144012
78 0 144263
78 1 144342
73 0 144458
73 1 144536
78 0 144624
71 0 144703
78 1 144719
71 1 144770
65 0 144920
65 1 145053
32 0 145109
32 1 145206
83 0 145236
83 1 145351
73 0 145378
73 1 145430
32 0 145574
32 1 145645
83 0 145701
83 1 145771
65 0 145850
65 1 145956
32 0 145976
32 1 146081
70 0 146851
73 0 146974
70 1 146975
73 1 147095
69 0 147095
69 1 147182
32 0 147228
32 1 147289
90 0 147562
90 1 147659
8 0 147859
8 1 147937
83 0 147937
83 1 148021
79 0 148111
65 0 148187
79 1 148206
65 1 148264
82 0 148399
69 0 148513
82 1 148548
69 1 148617
8 0 149572
8 0 150072
8 0 150105
8 0 150138
8 0 150171
8 0 150203
8 0 150236
8 0 150270
8 0 150302
8 1 150317
8 0 150719
8 1 150798
8 0 150914
8 1 150974
8 0 151090
8 1 151151
8 0 151256
8 1 151318
8 0 151423
8 1 151484
8 0 151590
8 1 151651
8 0 151766
8 1 151818
190 0 152094
190 1 152164
32 0 153765
32 1 153844
16 0 154152
73 0 154334
16 1 154399
73 1 154419
32 0 154581
32 1 154633
73 0 154773
73 1 154834
32 0 154969
32 1 155048
8 0 155279
8 1 155358
8 0 155447
8 1 155517
8 0 155614
8 1 155701
77 0 155860
77 1 155965
73 0 156063
73 1 156124
32 0 156222
32 1 156283
80 0 156398
76 0 156476
80 1 156542
65 0 156542
76 1 156605
65 1 156681
67 0 156788
67 1 156903
69 0 157018
69 1 157169
32 0 157260
32 1 157366
67 0 157388
67 1 157413
65 0 157500
78 0 157624
65 1 157626
78 1 157703
68 0 157736
68 1 157806
32 0 157852
32 1 157922
78 0 158053
78 1 158147
73 0 158220
73 1 158272
78 0 158387
71 0 158465
78 1 158482
71 1 158507
69 0 158621
69 1 158709
32 0 158773
32 1 158897
83 0 158990
83 1 159087
73 0 159114
73 1 159193
32 0 159364
32 1 159416
65 0 159473
65 1 159588
80 0 159625
79 0 159740
80 1 159765
79 1 159843
73 0 160012
73 1 160163
32 0 160612
32 1 160736
86 0 160975
73 0 161098
86 1 161100
73 1 161159
78 0 161246
69 0 161297
78 1 161314
69 1 161365
32 0 161430
32 1 161508
83 0 161691
83 1 161788
79 0 161834
79 1 161954
65 0 161954
65 1 162041
82 0 162148
69 0 162227
82 1 162244
69 1 162313
76 0 162331
69 0 162444
76 1 162462
69 1 162539
188 0 164338
188 1 164417
32 0 164561
69 0 164609
32 1 164647
69 1 164686
83 0 164810
83 1 164889
84 0 165005
69 0 165092
84 1 165118
69 1 165178
32 0 165215
32 1 165303
67 0 165325
67 1 165422
69 0 165573
69 1 165688
65 0 165847
65 1 165899
32 0 165928
32 1 165971
77 0 166102
65 0 166152
77 1 166188
65 1 166256
73 0 166302
73 1 166353
32 0 166461
70 0 166502
32 1 166529
82 0 166552
70 1 166585
85 0 166681
82 1 166683
85 1 166715
77 0 166830
77 1 166900
79 0 167007
79 1 167075
65 0 167076
83 0 167205
65 1 167206
83 1 167273
65 0 167325
65 1 167476
32 0 167523
32 1 167602
86 0 167651
86 1 167676
82 0 167710
82 1 167825
69 0 167941
69 1 168028
77 0 168054
77 1 168139
69 0 168140
69 1 168244
190 0 168325
190 1 168432
32 0 168628
32 1 168671
16 0 169923
16 0 170423
16 0 170456
16 0 170489
16 0 170522
16 0 170555
16 0 170588
16 1 170596
16 0 172114
86 0 172350
86 1 172492
16 1 172531
8 0 173210
8 1 173280
16 0 173569
68 0 173705
16 1 173809
68 1 173810
69 0 173906
69 1 173985
83 0 174090
83 1 174187
73 0 174205
73 1 174257
32 0 174392
32 1 174470
73 0 174575
73 1 174645
77 0 174759
77 1 174811
73 0 174945
73 1 174988
32 0 175113
32 1 175174
80 0 175307
76 0 175403
80 1 175449
76 1 175570
65 0 175601
65 1 175752
67 0 175904
67 1 175983
69 0 176134
69 1 176258
32 0 179181
32 1 179307
73 0 179450
73 1 179517
65 0 179594
65 1 179673
82 0 179798
78 0 179895
82 1 179896
78 1 179973
65 0 180049
65 1 180164
188 0 180183
188 1 180244
32 0 180370
32 1 180412
80 0 180554
80 1 180648
82 0 180671
69 0 180731
82 1 180766
69 1 180835
70 0 180969
70 1 181048
69 0 181081
69 1 181196
82 0 181231
82 1 181364
32 0 181472
32 1 181551
86 0 181610
86 1 181684
82 0 181684
82 1 181807
69 0 181930
69 1 182000
77 0 182063
77 1 182141
69 0 182165
69 1 182262
32 0 182371
32 1 182459
67 0 182544
67 1 182623
65 0 182711
76 0 182845
65 1 182846
76 1 182905
68 0 182964
68 1 183061
85 0 183141
85 1 183202
82 0 183316
82 1 183386
79 0 183746
79 1 183896
65 0 183896
83 0 184016
65 1 184059
83 1 184165
65 0 184226
65 1 184368
190 0 184405
190 1 184520
32 0 185355
32 1 185443
16 0 188315
86 0 188811
86 1 188935
16 1 189011
82 0 189318
82 1 189415
69 0 189574
69 1 189653
77 0 189877
77 1 189993
69 0 190026
69 1 190095
65 0 190209
65 1 190324
32 0 190344
32 1 190405
69 0 190490
69 1 190596
83 0 190738
83 1 190835
84 0 190951
84 1 191046
69 0 191046
69 1 191124
32 0 191143
32 1 191236
70 0 191236
70 1 191297
79 0 191377
65 0 191426
79 1 191454
65 1 191503
82 0 191592
82 1 191698
84 0 191849
84 1 191946
69 0 192061
69 1 192131
32 0 192195
32 1 192292
83 0 192457
83 1 192509
67 0 192652
72 0 192696
67 1 192729
73 0 192825
72 1 192827
73 1 192904
77 0 193001
77 1 193134
66 0 193266
65 0 193353
66 1 193370
65 1 193430
84 0 193591
84 1 193670
79 0 193714
79 1 193829
65 0 193869
65 1 193939
82 0 194047
69 0 194143
82 1 194178
69 1 194229
65 0 194352
32 0 194470
65 1 194471
32 1 194548
83 0 194588
83 1 194685
73 0 194721
73 1 194782
32 0 194952
32 1 195076
67 0 196349
67 1 196430
82 0 196579
69 0 196685
82 1 196719
69 1 196843
68 0 196958
68 1 197046
32 0 197191
32 1 197286
67 0 197287
67 1 197335
65 0 197413
32 0 197526
65 1 197528
32 1 197613
83 0 197613
83 1 197673
67 0 197789
72 0 197902
67 1 197904
73 0 197991
72 1 198025
73 1 198095
77 0 198201
77 1 198271
66 0 198385
66 1 198455
65 0 198497
77 0 198612
65 1 198614
77 1 198672
32 0 198771
32 1 198832
65 0 198871
78 0 198925
65 1 198976
78 1 198993
79 0 199110
79 1 199197
84 0 199230
73 0 199326
84 1 199327
73 1 199387
77 0 199492
77 1 199571
8 0 199958
8 1 200010
80 0 200152
80 1 200267
85 0 200407
85 1 200486
82 0 200556
73 0 200627
82 1 200668
73 1 200713
76 0 200846
76 1 200943
69 0 200993
69 1 201054
188 0 204950
188 1 205046
32 0 205163
32 1 205281
65 0 205282
68 0 205412
65 1 205414
68 1 205528
73 0 205554
73 1 205677
67 0 205677
67 1 205745
65 0 205796
65 1 205929
32 0 206615
32 1 206792
80 0 207267
80 1 207416
65 0 207417
65 1 207491
82 0 207635
69 0 207695
82 1 207748
69 1 207799
32 0 207818
32 1 207906
67 0 207946
67 1 207998
65 0 208058
32 0 208132
65 1 208171
32 1 208191
73 0 208314
73 1 208409
65 0 208410
65 1 208458
82 0 208593
82 1 208671
78 0 208688
78 1 208758
65 0 208817
65 1 208905
32 0 208925
32 1 208977
73 0 209081
73 1 209133
78 0 209212
67 0 209263
78 1 209298
67 1 209331
69 0 209446
80 0 209533
69 1 209534
80 1 209577
69 0 209663
32 0 209743
69 1 209745
32 1 209795
77 0 209908
77 1 210014
65 0 210037
73 0 210109
65 1 210141
73 1 210159
32 0 210285
32 1 210336
77 0 210432
77 1 210492
85 0 210616
85 1 210677
76 0 210802
76 1 210881
84 0 210923
84 1 210993
32 0 211011
32 1 211072
73 0 211177
73 1 211292
78 0 211334
78 1 211449
32 0 211584
32 1 211663
16 0 211925
73 0 212099
16 1 212146
73 1 212184
65 0 212270
78 0 212342
65 1 212383
78 1 212410
85 0 212525
85 1 212594
65 0 212594
65 1 212652
82 0 212760
73 0 212847
82 1 212849
73 1 212916
69 0 212967
69 1 213073
32 0 217889
32 1 217940
83 0 218816
73 0 218903
83 1 218904
73 1 218974
32 0 219118
32 1 219179
84 0 219219
73 0 219325
84 1 219327
73 1 219385
78 0 219455
78 1 219525
69 0 219558
32 0 219647
69 1 219649
32 1 219708
80 0 219840
80 1 219919
65 0 219968
78 0 220050
65 1 220052
78 1 220099
65 0 220203
32 0 220241
65 1 220280
32 1 220300
73 0 220432
73 1 220510
78 0 220570
78 1 220649
32 0 220739
32 1 220845
16 0 221035
77 0 221227
16 1 221376
77 1 221376
65 0 221416
65 1 221486
82 0 221585
82 1 221664
84 0 221779
73 0 221875
84 1 221877
73 1 221936
69 0 222031
69 1 222110
32 0 222885
32 1 222955
73 0 223069
73 1 223139
78 0 223190
78 1 223269
32 0 223377
32 1 223429
76 0 223525
76 1 223631
79 0 223719
67 0 223760
79 1 223778
67 1 223882
32 0 223973
32 1 224083
68 0 224084
68 1 224214
69 0 224215
32 0 224260
69 1 224309
32 1 224355
16 0 224527
68 0 224591
16 1 224703
68 1 224703
69 0 224703
69 1 224790
67 0 224932
67 1 224984
69 0 225099
77 0 225185
69 1 225187
77 1 225256
66 0 225388
66 1 225491
82 0 225491
82 1 225579
73 0 225614
73 1 225702
69 0 225734
69 1 225831
189 0 225985
189 1 226109
16 0 226515
70 0 226598
70 1 226676
16 1 226698
69 0 226771
69 1 226886
66 0 226939
66 1 227036
82 0 227036
82 1 227123
85 0 227176
85 1 227255
65 0 227296
65 1 227366
82 0 227482
73 0 227570
82 1 227571
73 1 227630
69 0 227672
69 1 227769
32 0 227842
32 1 227912
67 0 227997
67 1 228084
85 0 228102
85 1 228172
77 0 228286
77 1 228348
32 0 228478
69 0 228480
32 1 228515
69 1 228573
82 0 228616
82 1 228704
65 0 228821
77 0 228907
65 1 228930
77 1 228972
32 0 229056
32 1 229117
79 0 229213
79 1 229283
66 0 229388
66 1 229449
73 0 229547
73 1 229617
83 0 229667
78 0 229738
83 1 229762
78 1 229815
85 0 229921
85 1 229982
73 0 230115
73 1 230167
84 0 230219
84 1 230316
73 0 230341
73 1 230411
190 0 230635
190 1 230687
32 0 231433
32 1 231494
39 0 233724
39 1 233956
16 0 246859
79 0 247140
16 1 247187
79 1 247226
32 0 247405
32 1 247529
90 0 247622
73 0 247695
73 1 247772
90 1 247772
32 0 247933
32 1 248012
73 0 248440
68 0 248553
73 1 248589
69 0 248658
68 1 248683
69 1 248725
65 0 248875
65 1 248963
76 0 248982
76 1 249061
65 0 249083
65 1 249162
32 0 249191
32 1 249306
65 0 249336
65 1 249415
82 0 249550
32 0 249630
82 1 249631
32 1 249692
73 0 249831
73 1 249919
78 0 249988
78 1 250085
67 0 250118
67 1 250179
69 0 250312
80 0 250410
69 1 250411
80 1 250479
69 0 250574
69 1 250671
32 0 251212
32 1 251282
73 0 252403
73 1 252483
78 0 252578
78 1 252648
8 0 253386
8 1 253465
67 0 253631
67 1 253701
85 0 253718
85 1 253761
8 0 254022
8 1 254101
8 0 254216
8 1 254259
8 0 254365
8 1 254436
67 0 254466
67 1 254572
85 0 254607
85 1 254686
32 0 254821
84 0 254888
32 1 254916
82 0 254983
84 1 255026
82 1 255069
69 0 255175
69 1 255245
90 0 255395
73 0 255476
90 1 255499
73 1 255598
82 0 255641
69 0 255728
82 1 255763
69 1 255805
32 0 255994
32 1 256154
73 0 256304
73 1 256410
78 0 256470
78 1 256522
32 0 256612
32 1 256664
74 0 256777
74 1 256856
85 0 256962
85 1 257041
82 0 257075
85 0 257180
82 1 257181
85 1 257240
76 0 257383
76 1 257453
32 0 257578
32 1 257639
79 0 257771
79 1 257850
82 0 257873
82 1 258005
69 0 258005
69 1 258074
73 0 258136
73 1 258197
32 0 258350
32 1 258429
48 0 258975
48 1 259099
8 0 259628
8 1 259770
57 0 260172
57 1 260251
188 0 263721
188 1 263872
8 0 264681
8 1 264742
190 0 265279
190 1 265358
32 0 265492
32 1 265580
16 0 265626
80 0 265746
16 1 265820
80 1 265877
82 0 265963
82 1 266015
73 0 266032
73 1 266102
77 0 266216
77 1 266295
85 0 266419
85 1 266480
76 0 266605
76 1 266666
32 0 266773
32 1 266825
76 0 266939
76 1 267009
85 0 267150
85 1 267202
67 0 267226
67 1 267296
82 0 267430
85 0 267543
82 1 267544
85 1 267576
32 0 267711
32 1 267790
68 0 267839
68 1 267936
69 0 267961
69 1 268040
32 0 268059
32 1 268147
68 0 268178
73 0 268293
68 1 268295
73 1 268362
77 0 268477
77 1 268583
73 0 268680
73 1 268741
78 0 268838
78 1 268924
69 0 268925
69 1 268984
65 0 269116
65 1 269167
84 0 269293
84 1 269363
65 0 269530
65 1 269609
32 0 272481
32 1 272560
77 0 272664
77 1 272734
73 0 272840
73 1 272910
189 0 273045
189 1 273114
65 0 273135
65 1 273196
82 0 273322
32 0 273394
82 1 273417
32 1 273471
80 0 273595
76 0 273682
80 1 273721
65 0 273721
76 1 273802
65 1 273833
67 0 273913
67 1 274010
69 0 274089
69 1 274168
65 0 274300
65 1 274397
32 0 274444
32 1 274514
83 0 274535
83 1 274596
65 0 274621
32 0 274712
32 1 274763
65 1 274763
73 0 274867
73 1 274960
65 0 274960
85 0 275064
65 1 275065
85 1 275108
32 0 275234
32 1 275286
85 0 275399
85 1 275469
78 0 275548
78 1 275591
32 0 275726
32 1 275778
77 0 275873
77 1 275934
73 0 276031
73 1 276092
67 0 276125
67 1 276186
32 0 276241
32 1 276324
68 0 276325
69 0 276439
68 1 276464
74 0 276508
69 1 276541
74 1 276566
85 0 276673
85 1 276742
78 0 276821
78 1 276883
71 0 276970
71 1 277076
8 0 277526
8 1 277596
32 0 277729
32 1 277817
68 0 277866
85 0 277954
68 1 277955
85 1 278023
76 0 278168
67 0 278234
76 1 278261
67 1 278303
69 0 278444
69 1 278577
32 0 281033
32 1 281103
83 0 281143
73 0 281249
83 1 281251
73 1 281300
32 0 281426
32 1 281523
83 0 281545
83 1 281623
65 0 282053
65 1 282150
32 0 282287
32 1 282366
83 0 282405
83 1 282529
8 0 282990
8 1 283078
66 0 283280
69 0 283404
66 1 283447
69 1 283489
65 0 283612
65 1 283736
85 0 283754
85 1 283860
32 0 284175
32 1 284308
67 0 284483
67 1 284571
65 0 284622
65 1 284737
70 0 284808
69 0 284914
70 1 284949
69 1 284991
65 0 285123
65 1 285211
32 0 285240
32 1 285319
67 0 285359
67 1 285456
85 0 285473
85 1 285543
32 0 285651
32 1 285721
76 0 285835
76 1 285930
65 0 285930
65 1 286014
80 0 286070
80 1 286158
84 0 286208
84 1 286312
69 0 286312
69 1 286426
32 0 286877
32 1 287019
73 0 288068
73 1 288174
78 0 288243
78 1 288304
32 0 288412
32 1 288482
84 0 288532
73 0 288627
84 1 288629
73 1 288688
77 0 288785
77 1 288846
80 0 288953
80 1 289024
32 0 289157
32 1 289267
67 0 289267
67 1 289336
69 0 289442
32 0 289479
69 1 289519
32 1 289547
77 0 289669
77 1 289745
65 0 289746
65 1 289823
32 0 289861
32 1 289940
82 0 289972
69 0 290041
82 1 290093
69 1 290145
76 0 290595
76 1 290755
65 0 290786
65 1 290901
88 0 291187
88 1 291302
69 0 291687
69 1 291784
90 0 292006
90 1 292130
32 0 292195
32 1 292265
67 0 292296
67 1 292366
69 0 292481
76 0 292553
69 1 292585
76 1 292612
32 0 292710
32 1 292780
80 0 292876
80 1 292946
84 0 293140
84 1 293255
8 0 293471
8 1 293559
85 0 293663
85 1 293760
84 0 293785
73 0 293898
84 1 293900
73 1 293959
78 0 294047
78 1 294081
32 0 294162
32 1 294250
79 0 294372
79 1 294442
32 0 294540
32 1 294601
79 0 294688
79 1 294800
82 0 294800
82 1 294878
65 0 295019
65 1 295134
190 0 295153
190 1 295250
32 0 295429
32 1 295490
16 0 298127
65 0 298270
65 1 298403
16 1 298445
83 0 298553
83 1 298659
32 0 298741
32 1 298811
80 0 299007
80 1 299094
82 0 299118
82 1 299222
69 0 299222
69 1 299309
70 0 299443
70 1 299512
69 0 299591
69 1 299661
82 0 299731
82 1 299810
65 0 299950
65 1 300065
32 0 300112
32 1 300227
83 0 300303
83 1 300355
65 0 300433
32 0 300569
65 1 300570
32 1 300683
70 0 301974
70 1 302080
65 0 302193
65 1 302290
67 0 302424
67 1 302620
32 0 303098
32 1 303195
79 0 303327
79 1 303424
32 0 303549
32 1 303667
65 0 303668
65 1 303764
67 0 303862
67 1 303940
84 0 304083
84 1 304153
73 0 304215
73 1 304309
86 0 304310
86 1 304379
73 0 304441
84 0 304510
73 1 304536
84 1 304587
65 0 304736
65 1 304815
84 0 304950
69 0 305028
84 1 305045
69 1 305141
32 0 305187
32 1 305257
83 0 305287
83 1 305366
80 0 305421
79 0 305536
80 1 305575
82 0 305576
79 1 305645
82 1 305645
84 0 305767
84 1 305837
73 0 305899
73 1 305995
86 0 305995
86 1 306018
65 0 306149
32 0 306254
65 1 306255
32 1 306291
73 0 306414
73 1 306493
78 0 306544
78 1 306600
32 0 306717
32 1 306817
65 0 306817
65 1 306923
69 0 307029
69 1 307126
82 0 307188
32 0 307319
82 1 307321
32 1 307364
76 0 307478
76 1 307548
73 0 307672
73 1 307733
86 0 307811
86 1 307890
8 0 308277
8 1 308347
66 0 308513
66 1 308644
69 0 308645
69 1 308723
82 0 308766
82 1 308881
188 0 309159
188 1 309265
32 0 309381
32 1 309450
70 0 309450
70 1 309535
73 0 309592
73 1 309609
69 0 309632
69 1 309711
32 0 309748
32 1 309836
67 0 309858
67 1 309901
65 0 309979
65 1 310085
32 0 310105
32 1 310175
69 0 310233
32 0 310346
69 1 310348
32 1 310401
80 0 310812
80 1 310952
76 0 310953
76 1 311048
73 0 311181
73 1 311251
77 0 311339
77 1 311417
66 0 311550
66 1 311663
65 0 311663
65 1 311731
82 0 311874
69 0 311971
82 1 311997
69 1 312066
32 0 312175
32 1 312290
83 0 312329
83 1 312426
65 0 312523
65 1 312629
85 0 312656
85 1 312743
32 0 313185
32 1 313281
83 0 314644
83 1 314759
75 0 314831
75 1 314955
73 0 315061
73 1 315176
32 0 315319
32 1 315416
83 0 315446
83 1 315575
65 0 315641
65 1 315696
85 0 316808
85 1 316932
32 0 317732
32 1 317937
77 0 318663
69 0 318776
77 1 318856
82 0 318924
69 1 318926
82 1 319057
83 0 319279
83 1 319376
32 0 319441
32 1 319510
67 0 319712
85 0 319774
67 1 319798
85 1 319860
32 0 319977
32 1 320083
66 0 320186
66 1 320256
73 0 320354
73 1 320460
67 0 320673
67 1 320779
73 0 320850
73 1 320911
67 0 321115
67 1 321211
76 0 321229
69 0 321369
76 1 321387
69 1 321437
84 0 321544
84 1 321632
65 0 321871
65 1 321923
190 0 324318
190 1 324549
32 0 324782
32 1 324853
16 0 325096
65 0 325249
65 1 325391
16 1 325433
83 0 325613
83 1 325746
32 0 325891
32 1 325970
86 0 326056
86 1 326186
82 0 326186
82 1 326318
69 0 326433
69 1 326502
65 0 326679
65 1 326794
32 0 326868
32 1 326911
83 0 326959
83 1 327075
65 0 327108
32 0 327262
65 1 327264
32 1 327349
77 0 327445
77 1 327540
65 0 327540
32 0 327646
65 1 327647
32 1 327697
73 0 327837
73 1 327943
78 0 328004
84 0 328073
78 1 328099
84 1 328150
65 0 328282
76 0 328328
76 1 328405
65 1 328405
78 0 328527
69 0 328606
78 1 328632
69 1 328710
83 0 328851
83 1 328894
67 0 329018
32 0 329105
67 1 329108
32 1 329168
67 0 329245
85 0 329306
85 1 329366
67 1 329366
32 0 329491
32 1 329606
49 0 329726
49 1 329814
189 0 329834
189 1 329904
50 0 330007
50 1 330104
32 0 330231
32 1 330292
80 0 330443
80 1 330536
82 0 330536
82 1 330624
73 0 330668
73 1 330754
69 0 330755
69 1 330831
84 0 330929
84 1 331017
69 0 331122
69 1 331192
78 0 331245
73 0 331343
78 1 331440
73 1 331518
32 0 333003
32 1 333180
67 0 333374
67 1 333461
85 0 333487
85 1 333584
32 0 333711
67 0 333768
32 1 333828
67 1 333828
65 0 333923
65 1 334011
82 0 334110
69 0 334206
82 1 334232
69 1 334283
32 0 334320
32 1 334430
83 0 334431
83 1 334518
65 0 334542
32 0 334607
32 1 334681
65 1 334681
80 0 334826
80 1 334912
69 0 334912
69 1 334979
84 0 335131
82 0 335201
84 1 335234
82 1 335287
69 0 335383
69 1 335462
67 0 335631
32 0 335765
67 1 335767
32 1 335853
90 0 336000
73 0 336114
90 1 336115
73 1 336176
85 0 336300
85 1 336430
65 0 336430
65 1 336580
190 0 337534
190 1 337640
32 0 337891
32 1 337961
16 0 339969
76 0 340295
16 1 340472
76 1 340472
65 0 340637
32 0 340750
65 1 340752
32 1 340824
80 0 340984
80 1 341054
82 0 341122
82 1 341209
65 0 341458
65 1 341564
78 0 341924
78 1 342075
90 0 342179
90 1 342330
32 0 342611
32 1 342698
65 0 342755
83 0 342925
65 1 342958
83 1 343065
32 0 343219
32 1 343370
86 0 343403
86 1 343517
82 0 343578
82 1 343684
69 0 343780
69 1 343859
65 0 344063
65 1 344196
32 0 344270
32 1 344381
83 0 344381
83 1 344476
65 0 344519
65 1 344652
32 0 344681
32 1 344796
77 0 345467
77 1 345582
65 0 345623
78 0 345695
65 1 345719
78 1 345771
65 0 345840
78 0 345953
65 1 345955
78 1 346070
67 0 346148
67 1 346244
32 0 346291
32 1 346378
67 0 347984
67 1 348081
69 0 348277
69 1 348347
86 0 348489
86 1 348568
65 0 348772
65 1 348869
32 0 350311
32 1 350425
71 0 350556
71 1 350644
65 0 350775
65 1 350845
84 0 350989
84 1 351058
73 0 351076
73 1 351155
84 0 351206
84 1 351302
32 0 351978
32 1 352118
68 0 352119
68 1 352228
69 0 352229
32 0 352324
69 1 352325
32 1 352378
76 0 352501
76 1 352585
65 0 352585
32 0 352679
65 1 352681
32 1 352735
85 0 352839
85 1 352909
78 0 352988
78 1 353067
82 0 353163
69 0 353233
82 1 353285
69 1 353310
83 0 353424
83 1 353485
84 0 353610
84 1 353671
65 0 353803
65 1 353900
8 0 354100
8 1 354188
8 0 354294
8 1 354337
8 0 354434
8 1 354504
8 0 354547
8 1 354634
8 0 354776
8 1 354837
32 0 355087
32 1 355172
82 0 355172
69 0 355240
82 1 355284
69 1 355326
83 0 355450
83 1 355511
84 0 355627
84 1 355715
65 0 355837
65 1 355961
85 0 356123
85 1 356273
82 0 356274
82 1 356333
65 0 356455
65 1 356516
78 0 356561
78 1 356665
84 0 356666
84 1 356744
32 0 356816
32 1 356886
68 0 356980
73 0 357085
68 1 357086
73 1 357137
78 0 357216
78 1 357277
32 0 357394
32 1 357480
67 0 357481
67 1 357520
69 0 357608
69 1 357714
78 0 357740
78 1 357844
84 0 357844
82 0 357895
84 1 357947
85 0 358016
82 1 358017
85 1 358076
76 0 358401
76 1 358460
32 0 358595
86 0 358644
32 1 358672
86 1 358730
69 0 358817
69 1 358887
67 0 359020
72 0 359117
67 1 359118
73 0 359233
72 1 359256
73 1 359309
32 0 359447
32 1 359486
80 0 359637
80 1 359707
69 0 359738
69 1 359817
32 0 359881
32 1 359942
84 0 360100
84 1 360187
69 0 360293
82 0 360435
69 1 360436
82 1 360540
65 0 360734
65 1 360867
83 0 360928
83 1 361035
65 0 361086
65 1 361210
32 0 361383
32 1 361552
8 0 361910
8 1 361998
190 0 362292
190 1 362416
32 0 364710
32 1 364816
16 0 365186
16 0 365686
16 0 365719
16 0 365752
16 0 365785
16 0 365818
16 0 365851
16 0 365883
16 0 365916
16 0 365950
83 0 365978
83 1 366066
16 1 366161
69 0 366287
69 1 366366
65 0 366507
65 1 366586
82 0 366703
82 1 366782
65 0 366931
65 1 367028
32 0 367318
32 1 367415
65 0 367562
83 0 367765
65 1 367767
83 1 367863
32 0 367990
32 1 368083
86 0 368083
82 0 368180
86 1 368204
82 1 368319
69 0 368443
69 1 368531
65 0 368690
65 1 368787
32 0 368816
32 1 368922
83 0 368943
65 0 369049
83 1 369065
32 0 369175
65 1 369205
32 1 369270
77 0 369481
77 1 369588
65 0 369656
32 0 369787
65 1 369790
32 1 369834
85 0 369956
85 1 370016
73 0 370141
73 1 370220
84 0 370271
84 1 370341
32 0 370387
32 1 370438
76 0 370606
76 1 370676
65 0 370707
32 0 370799
65 1 370820
32 1 370849
85 0 370971
85 1 371050
78 0 371120
78 1 371199
32 0 371316
32 1 371395
83 0 371461
83 1 371549
69 0 371674
69 1 371780
82 0 371796
82 1 371911
73 0 371955
73 1 372034
65 0 372147
65 1 372199
76 0 372299
76 1 372432
32 0 373888
32 1 374066
83 0 374204
83 1 374319
73 0 374409
73 1 374479
32 0 374812
32 1 374927
83 0 374948
83 1 375072
65 0 375196
65 1 375320
32 0 375430
83 0 375532
32 1 375551
83 1 375591
84 0 375743
84 1 375804
65 0 375945
85 0 376034
65 1 376076
85 1 376156
32 0 376282
32 1 376398
73 0 376582
73 1 376689
78 0 376776
78 1 376846
32 0 376972
32 1 377060
80 0 377363
65 0 377493
80 1 377512
65 1 377570
84 0 377758
84 1 377891
190 0 380976
190 1 381181
39 0 381999
39 1 382240
16 0 391434
16 0 391933
16 0 391966
16 0 391999
16 0 392032
16 0 392065
16 0 392098
16 0 392131
16 0 392164
16 0 392197
16 0 392230
16 0 392263
16 0 392296
16 0 392329
16 0 392362
16 0 392395
16 0 392428
16 0 392461
16 0 392494
16 0 392527
16 0 392560
16 0 392593
16 0 392626
16 0 392659
16 0 392692
16 0 392725
16 0 392758
16 0 392791
16 0 392824
16 0 392857
16 0 392890
16 0 392922
16 0 392956
16 0 392989
16 0 393021
16 0 393054
16 0 393087
16 0 393120
16 0 393153
16 0 393187
68 0 393189
68 1 393249
16 1 393281
73 0 393508
73 1 393614
78 0 393728
78 1 393789
32 0 393897
32 1 393958
80 0 394081
80 1 394169
82 0 394210
79 0 394291
82 1 394323
79 1 394359
80 0 394465
80 1 394562
82 0 394594
73 0 394683
82 1 394716
73 1 394769
65 0 394864
65 1 394997
32 0 395026
32 1 395112
69 0 395112
69 1 395178
88 0 395320
80 0 395434
88 1 395436
80 1 395565
69 0 395565
69 1 395634
82 0 395687
82 1 395775
73 0 395828
73 1 395913
69 0 395913
69 1 395991
78 0 396035
84 0 396105
78 1 396164
84 1 396164
65 0 396322
65 1 396419
32 0 396466
32 1 396568
67 0 396568
67 1 396637
82 0 396761
69 0 396858
82 1 396874
69 1 396935
68 0 397041
68 1 397129
32 0 397184
32 1 397307
67 0 397383
67 1 397454
65 0 397549
32 0 397667
65 1 397668
32 1 397701
83 0 397758
83 1 397828
73 0 397846
73 1 397939
83 0 397940
83 1 397991
84 0 398147
84 1 398256
69 0 398256
77 0 398341
69 1 398343
77 1 398376
32 0 398466
69 0 398542
32 1 398579
69 1 398619
68 0 398788
68 1 398894
85 0 398938
85 1 399071
67 0 399112
67 1 399192
65 0 399260
65 1 399330
84 0 399438
73 0 399500
84 1 399551
73 1 399577
79 0 399683
79 1 399753
78 0 399858
78 1 399928
65 0 399969
65 1 400057
76 0 400114
76 1 400200
32 0 401638
32 1 401771
68 0 402009
68 1 402061
8 0 402503
8 1 402564
80 0 402723
80 1 402809
82 0 402810
69 0 402876
82 1 402911
69 1 402980
85 0 403024
85 1 403085
78 0 403173
78 1 403243
73 0 403332
86 0 403356
73 1 403443
86 1 403443
69 0 403520
82 0 403624
69 1 403626
82 1 403712
83 0 403853
83 1 403923
73 0 403950
84 0 404055
73 1 404090
84 1 404114
65 0 404282
65 1 404387
82 0 404486
82 1 404601
32 0 404664
69 0 404776
32 1 404813
69 1 404844
83 0 404959
83 1 405029
84 0 405163
84 1 405285
69 0 405285
69 1 405390
32 0 405445
32 1 405569
68 0 406688
68 1 406789
69 0 406789
69 1 406868
67 0 407001
67 1 407062
69 0 407168
69 1 407238
78 0 407272
78 1 407379
84 0 407412
84 1 407509
32 0 407581
32 1 407669
83 0 407916
83 1 407986
84 0 408138
82 0 408208
84 1 408260
82 1 408321
85 0 408355
85 1 408495
67 0 408495
67 1 408555
84 0 408706
85 0 408793
84 1 408794
85 1 408906
82 0 408906
82 1 408984
65 0 409106
65 1 409167
84 0 409293
84 1 409408
190 0 410352
190 1 410458
32 0 410636
32 1 410697
16 0 410887
73 0 411034
16 1 411082
73 1 411129
78 0 411280
78 1 411322
83 0 411382
83 1 411494
65 0 411521
65 1 411654
32 0 411737
32 1 411843
69 0 412567
69 1 412654
85 0 412681
85 1 412795
32 0 412930
32 1 413009
65 0 413057
77 0 413138
65 1 413170
77 1 413197
32 0 413323
32 1 413411
83 0 413703
83 1 413781
84 0 413906
85 0 413993
84 1 413995
85 1 414090
68 0 414132
68 1 414220
73 0 414237
73 1 414321
65 0 414321
65 1 414382
84 0 414498
32 0 414605
84 1 414607
32 1 414656
76 0 414887
76 1 415038
65 0 415078
65 1 415184
32 0 415933
32 1 416057
85 0 416206
85 1 416285
78 0 416355
78 1 416434
32 0 416551
32 1 416647
76 0 416869
76 1 416939
73 0 417054
73 1 417124
67 0 417147
67 1 417208
69 0 417341
69 1 417447
85 0 417464
85 1 417552
76 0 417740
76 1 417801
32 0 417926
84 0 417966
32 1 417994
84 1 418043
69 0 418131
82 0 418262
69 1 418264
79 0 418280
79 1 418359
82 1 418382
8 0 419012
8 1 419073
8 0 419188
8 1 419213
79 0 419300
79 1 419406
82 0 419457
69 0 419517
82 1 419561
69 1 419585
84 0 419736
84 1 419815
73 0 419841
73 1 419956
67 0 420043
67 1 420158
32 0 420699
32 1 420751
85 0 420891
85 1 420961
78 0 421067
68 0 421136
78 1 421153
69 0 421213
68 1 421238
69 1 421299
32 0 421605
32 1 421747
67 0 421797
67 1 421866
82 0 422009
69 0 422087
82 1 422131
69 1 422182
68 0 422297
68 1 422394
32 0 422449
32 1 422554
67 0 422554
67 1 422620
65 0 422725
32 0 422808
65 1 422829
32 1 422894
78 0 424572
78 1 424705
73 0 424811
86 0 424907
73 1 424924
86 1 424975
69 0 425089
69 1 425222
76 0 425492
76 1 425670
85 0 425865
85 1 425962
76 0 426159
76 1 426211
32 0 426372
32 1 426424
68 0 426473
68 1 426586
69 0 426587
69 1 426665
32 0 426720
32 1 426826
80 0 427705
80 1 427872
82 0 427873
69 0 427948
82 1 427983
69 1 428043
68 0 428158
68 1 428246
65 0 428324
65 1 428394
82 0 428501
69 0 428589
82 1 428623
69 1 428684
32 0 428748
32 1 428840
69 0 428841
69 1 428901
83 0 429033
83 1 429157
84 0 429327
69 0 429433
84 1 429458
69 1 429527
32 0 429843
32 1 429976
83 0 431608
83 1 431696
65 0 431738
65 1 431826
84 0 431961
84 1 432057
73 0 432110
73 1 432253
83 0 432374
83 1 432480
70 0 432605
70 1 432702
65 0 432843
65 1 432931
67 0 433055
67 1 433135
65 0 433230
65 1 433291
84 0 433426
84 1 433514
79 0 433567
79 1 433654
82 0 433654
82 1 433740
190 0 434648
190 1 434745
32 0 434987
32 1 435075
16 0 436686
67 0 437029
67 1 437135
16 1 437229
82 0 438481
82 1 438577
69 0 438683
69 1 438780
68 0 438895
68 1 438974
32 0 439083
32 1 439144
67 0 439229
67 1 439308
65 0 439431
65 1 439509
32 0 439557
32 1 439617
78 0 442636
78 1 442706
73 0 442812
86 0 442872
73 1 442941
86 1 442941
69 0 443046
76 0 443134
69 1 443136
76 1 443195
85 0 443327
85 1 443379
76 0 443495
76 1 443547
32 0 443663
32 1 443715
68 0 443781
69 0 443869
68 1 443894
32 0 443913
69 1 443962
32 1 443990
67 0 444093
85 0 444137
67 1 444179
85 1 444196
78 0 444284
78 1 444354
79 0 444516
79 1 444611
83 0 444611
83 1 444641
84 0 444802
73 0 444944
84 1 444946
73 1 445031
78 0 445146
78 1 445252
84 0 445582
84 1 445661
69 0 445775
32 0 445880
69 1 445882
32 1 445907
80 0 446049
80 1 446074
69 0 446105
69 1 446193
32 0 446257
32 1 446345
67 0 446386
67 1 446428
65 0 446515
65 1 446603
82 0 446728
69 0 446825
82 1 446850
32 0 446887
69 1 446909
32 1 446955
73 0 447086
73 1 447147
76 0 447254
76 1 447315
32 0 447404
32 1 447464
80 0 447579
80 1 447683
79 0 447684
79 1 447753
84 0 447803
73 0 447865
84 1 447898
73 1 447924
32 0 448049
32 1 448137
65 0 448185
65 1 448273
67 0 448425
85 0 448514
67 1 448565
85 1 448600
76 0 448743
76 1 448795
8 0 449028
8 1 449080
77 0 449220
77 1 449289
85 0 449422
85 1 449492
76 0 449599
76 1 449683
65 0 449683
65 1 449752
32 0 449790
32 1 449851
73 0 449937
73 1 450016
78 0 450059
78 1 450147
32 0 450246
32 1 450298
80 0 450413
80 1 450490
82 0 450490
69 0 450557
82 1 450592
69 1 450652
85 0 450750
85 1 450820
78 0 450917
78 1 450977
73 0 451066
86 0 451135
73 1 451161
86 1 451212
69 0 451308
82 0 451432
69 1 451435
82 1 451519
73 0 451626
73 1 451723
83 0 452069
83 1 452130
84 0 452300
84 1 452388
8 0 452659
8 1 452728
8 0 452826
8 1 452895
8 0 452992
83 0 453041
8 1 453069
83 1 453100
73 0 453235
73 1 453350
84 0 453374
84 1 453461
65 0 453620
65 1 453699
82 0 453815
82 1 453930
32 0 454039
32 1 454140
69 0 454140
69 1 454201
83 0 454324
83 1 454403
84 0 454528
69 0 454652
84 1 454668
69 1 454755
32 0 454990
32 1 455115
85 0 455803
85 1 455891
84 0 455934
73 0 456057
84 1 456059
73 1 456126
76 0 456269
76 1 456339
32 0 456446
32 1 456507
80 0 456621
80 1 456690
69 0 456690
69 1 456775
78 0 456801
78 1 456880
84 0 456922
82 0 457001
85 0 457061
84 1 457063
82 1 457103
85 1 457128
32 0 457254
32 1 457306
86 0 457329
86 1 457435
73 0 457461
73 1 457522
73 0 457618
73 1 457688
84 0 457730
79 0 457835
84 1 457836
79 1 457906
82 0 457965
82 1 458054
85 0 458088
85 1 458176
76 0 458346
76 1 458425
32 0 458542
32 1 458628
84 0 458628
84 1 458703
65 0 458844
85 0 458916
65 1 458966
85 1 459011
32 0 459155
32 1 459252
67 0 459849
67 1 459946
65 0 460051
32 0 460165
65 1 460166
32 1 460211
79 0 460406
79 1 460467
77 0 460581
77 1 460651
190 0 461099
190 1 461188
32 0 461340
32 1 461391
16 0 461608
73 0 461764
16 1 461811
73 1 461850
78 0 461964
78 1 462025
32 0 462142
67 0 462191
32 1 462228
67 1 462250
69 0 462356
69 1 462417
69 0 462532
69 1 462611
65 0 462725
32 0 462824
65 1 462825
32 1 462893
67 0 462942
67 1 463022
69 0 463127
32 0 463174
32 1 463224
69 1 463225
80 0 463365
80 1 463459
82 0 463459
82 1 463528
73 0 463563
73 1 463684
86 0 463684
86 1 463726
69 0 463805
69 1 463875
83 0 463989
83 1 464068
84 0 464175
69 0 464281
84 1 464306
69 1 464367
32 0 464404
32 1 464465
83 0 464504
83 1 464565
73 0 464610
83 0 464678
73 1 464732
83 1 464755
84 0 464880
84 1 465011
69 0 465011
69 1 465080
77 0 465151
77 1 465248
85 0 465381
85 1 465443
76 0 465576
76 1 465628
32 0 465735
32 1 465819
68 0 465819
69 0 465879
32 0 465924
68 1 465925
32 1 465997
69 1 465998
73 0 466086
73 1 466148
78 0 466226
86 0 466250
78 1 466328
86 1 466328
65 0 466423
65 1 466493
84 0 466600
84 1 466670
65 0 466802
77 0 466899
65 1 466900
77 1 466951
65 0 467009
65 1 467106
78 0 467484
78 1 467626
84 0 467723
32 0 467830
84 1 467831
32 1 467872
85 0 467976
85 1 468046
78 0 468125
78 1 468177
73 0 468283
86 0 468308
73 1 468359
86 1 468359
69 0 468454
82 0 468569
69 1 468594
82 1 468673
83 0 468796
83 1 468866
73 0 468920
84 0 469025
73 1 469060
84 1 469093
65 0 469233
65 1 469321
82 0 469447
82 1 469562
32 0 469967
32 1 470046
67 0 470104
79 0 470200
67 1 470201
79 1 470244
78 0 470322
78 1 470392
73 0 470471
83 0 470530
73 1 470566
83 1 470607
68 0 470696
68 1 470784
69 0 470784
69 1 470854
82 0 470960
82 1 471075
32 0 471147
32 1 471249
67 0 471249
67 1 471318
8 0 471616
8 1 471677
8 0 471783
8 1 471835
8 0 471923
8 1 471984
8 0 472081
8 1 472133
8 0 472239
8 1 472300
8 0 472388
8 1 472467
8 0 472555
83 0 472603
8 1 472623
83 1 472707
73 0 472761
73 1 472876
68 0 472945
68 1 472988
69 0 473273
69 1 473352
82 0 473423
82 1 473520
32 0 473547
32 1 473617
67 0 473676
67 1 473718
65 0 473787
32 0 473861
32 1 473921
65 1 473921
78 0 474006
78 1 474085
8 0 474598
8 1 474668
69 0 474716
69 1 474796
32 0 474986
32 1 475127
8 0 475540
8 1 475609
8 0 475706
8 1 475821
78 0 476078
78 1 476165
85 0 476263
85 1 476342
32 0 476441
32 1 476551
69 0 476551
69 1 476611
83 0 476726
83 1 476787
84 0 476931
69 0 477017
84 1 477043
69 1 477103
32 0 477140
32 1 477228
83 0 477249
83 1 477310
84 0 477436
82 0 477524
84 1 477575
82 1 477663
85 0 477743
85 1 477821
67 0 477872
67 1 477925
84 0 478103
85 0 478199
84 1 478201
82 0 478313
85 1 478338
82 1 478381
65 0 478503
65 1 478555
84 0 478671
84 1 478768
188 0 478794
188 1 478855
32 0 478963
69 0 479012
32 1 479080
69 1 479080
83 0 479203
83 1 479282
84 0 479402
84 1 479521
69 0 479521
32 0 479565
69 1 479614
32 1 479651
72 0 479773
72 1 479860
65 0 479860
65 1 479936
79 0 480000
79 1 480085
84 0 480085
84 1 480172
73 0 480217
73 1 480295
67 0 480346
67 1 480452
32 0 480498
32 1 480577
83 0 480607
83 1 480695
73 0 480722
73 1 480774
32 0 480945
32 1 481032
84 0 481082
84 1 481170
69 0 481311
69 1 481408
32 0 481635
32 1 481704
80 0 481864
80 1 481942
82 0 482010
69 0 482035
82 1 482088
69 1 482139
8 0 482591
8 1 482669
8 0 482775
8 1 482845
8 0 482969
8 1 483030
73 0 484843
73 1 484949
77 0 485054
77 1 485125
80 0 485241
80 1 485302
73 0 485407
73 1 485468
78 0 485636
78 1 485750
71 0 485751
71 1 485792
69 0 485933
69 1 486075
32 0 486346
32 1 486425
83 0 486500
83 1 486588
80 0 486715
80 1 486785
82 0 486826
69 0 486896
82 1 486939
69 1 486999
32 0 487018
32 1 487106
69 0 487107
69 1 487180
83 0 487358
83 1 487437
69 0 487588
69 1 487685
67 0 487809
67 1 487915
32 0 487961
32 1 488031
77 0 488144
65 0 488203
77 1 488239
65 1 488280
73 0 488316
73 1 488377
32 0 488476
32 1 488546
77 0 488622
77 1 488674
85 0 488816
85 1 488877
76 0 489017
84 0 489019
76 1 489061
84 1 489085
32 0 489175
32 1 489254
68 0 489285
69 0 489355
68 1 489380
69 1 489432
32 0 489451
32 1 489552
67 0 489553
67 1 489622
65 0 489700
65 1 489743
84 0 489895
32 0 490000
84 1 490001
32 1 490081
84 0 490265
84 1 490353
69 0 490470
69 1 490565
32 0 490601
32 1 490707
73 0 491909
73 1 491988
77 0 492093
77 1 492172
80 0 492289
80 1 492377
73 0 492491
73 1 492552
78 0 492639
71 0 492681
78 1 492725
71 1 492758
69 0 492846
69 1 492934
32 0 492962
32 1 493023
83 0 493089
83 1 493168
80 0 493214
80 1 493308
82 0 493308
69 0 493404
82 1 493420
32 0 493482
69 1 493484
32 1 493551
83 0 493609
85 0 493715
83 1 493717
85 1 493785
67 0 493844
67 1 493924
67 0 494011
67 1 494099
69 0 494205
69 1 494284
83 0 494425
83 1 494531
83 0 494790
83 1 494960
190 0 495869
190 1 496073
32 0 496567
32 1 496655
16 0 497268
78 0 497468
16 1 497581
78 1 497582
85 0 497794
85 1 497855
32 0 497981
32 1 498064
83 0 498065
83 1 498125
84 0 498286
73 0 498321
84 1 498371
73 1 498416
85 0 498530
85 1 498591
32 0 498717
32 1 498787
67 0 498863
85 0 498943
67 1 498976
85 1 499020
77 0 499144
77 1 499214
32 0 499331
32 1 499383
69 0 499414
32 0 499513
69 1 499515
32 1 499563
73 0 499686
73 1 499765
78 0 499816
78 1 499886
32 0 499994
32 1 500055
65 0 500076
65 1 500146
76 0 500192
76 1 500324
84 0 500324
84 1 500409
69 0 500524
32 0 500610
69 1 500612
32 1 500683
84 0 500724
84 1 500793
65 0 500943
65 1 501022
82 0 501147
73 0 501262
82 1 501263
73 1 501403
190 0 501806
190 1 501975
39 0 502614
39 1 502765
16 0 526162
73 0 526622
16 1 526706
73 1 526726
78 0 526886
78 1 526938
32 0 527063
32 1 527124
80 0 527248
80 1 527336
73 0 527369
73 1 527472
67 0 527472
67 1 527550
84 0 527711
85 0 527788
84 1 527790
85 1 527885
82 0 527928
82 1 528006
65 0 528174
32 0 528287
65 1 528289
32 1 528361
79 0 528484
79 1 528572
66 0 528703
66 1 528809
83 0 528869
83 1 528939
69 0 529243
69 1 529340
82 0 529429
82 1 529543
86 0 529694
86 1 529800
32 0 530251
32 1 530374
73 0 530857
73 1 530927
78 0 531023
78 1 531066
32 0 531165
32 1 531226
74 0 531321
74 1 531400
85 0 531488
85 1 531558
82 0 531591
82 1 531652
32 0 531689
32 1 531768
68 0 531817
69 0 531887
68 1 531921
69 1 531982
32 0 532055
32 1 532152
51 0 533118
48 0 533216
51 1 533218
48 1 533303
32 0 533446
32 1 533525
68 0 533547
69 0 533635
68 1 533660
32 0 533697
69 1 533719
32 1 533774
79 0 533906
79 1 533976
65 0 534016
77 0 534113
65 1 534115
77 1 534182
69 0 534260
78 0 534347
69 1 534348
78 1 534417
73 0 534488
73 1 534549
32 0 534648
32 1 534717
73 0 534813
73 1 534891
77 0 534970
77 1 535040
66 0 535191
82 0 535251
66 1 535295
82 1 535319
65 0 535442
65 1 535530
67 0 535637
67 1 535725
65 0 535793
65 1 535855
84 0 535971
73 0 536057
84 1 536059
73 1 536119
32 0 536244
32 1 536314
83 0 536372
85 0 536487
83 1 536488
85 1 536556
77 0 536734
77 1 536804
65 0 536881
65 1 536978
82 0 537202
82 1 537317
32 0 539539
32 1 539663
67 0 539757
67 1 539818
69 0 539969
69 1 540039
69 0 540136
69 1 540224
65 0 540337
32 0 540455
65 1 540456
32 1 540565
67 0 540565
67 1 540634
69 0 540731
32 0 540768
32 1 540837
69 1 540837
77 0 540949
77 1 541025
65 0 541025
65 1 541094
32 0 541132
70 0 541200
32 1 541227
70 1 541258
65 0 541354
65 1 541460
67 0 541569
67 1 541628
69 0 541725
69 1 541804
32 0 541832
32 1 541919
83 0 541941
83 1 542011
65 0 542099
32 0 542203
65 1 542205
32 1 542258
67 0 542343
67 1 542432
82 0 542565
69 0 542652
82 1 542669
69 1 542747
68 0 542844
68 1 542923
32 0 542987
32 1 543088
67 0 543089
67 1 543158
65 0 543245
32 0 543328
65 1 543367
32 1 543387
69 0 543562
69 1 543622
83 0 543737
83 1 543807
84 0 543959
84 1 544054
69 0 544055
69 1 544141
32 0 544277
32 1 544410
68 0 544567
73 0 544673
68 1 544674
73 1 544751
78 0 544830
78 1 544918
32 0 545044
32 1 545122
69 0 545216
69 1 545295
80 0 545413
80 1 545483
79 0 545606
79 1 545685
67 0 545717
67 1 545769
65 0 545838
65 1 545917
32 0 545937
32 1 546007
65 0 546046
78 0 546134
65 1 546136
78 1 546213
84 0 546256
84 1 546334
73 0 546370
73 1 546484
67 0 546517
67 1 546623
65 0 546755
32 0 546881
65 1 546883
32 1 546991
83 0 546991
83 1 547096
73 0 547141
73 1 547229
32 0 547381
32 1 547460
67 0 547536
67 1 547606
65 0 547720
65 1 547817
32 0 547838
32 1 547934
86 0 549800
86 1 549870
82 0 550048
82 1 550146
69 0 550269
69 1 550357
77 0 550428
69 0 550560
77 1 550577
69 1 550628
65 0 550778
65 1 550893
32 0 551263
32 1 551410
69 0 551410
69 1 551488
82 0 551694
82 1 551764
65 0 551886
65 1 551965
32 0 551994
32 1 552073
67 0 552095
67 1 552156
65 0 552216
76 0 552280
65 1 552311
76 1 552348
68 0 552440
68 1 552522
85 0 552566
85 1 552661
82 0 552661
82 1 552739
65 0 552898
79 0 552996
65 1 552997
79 1 553111
8 0 553379
8 1 553440
8 0 553564
8 0 554064
8 0 554097
8 0 554130
8 0 554163
8 0 554196
8 0 554229
8 0 554262
8 0 554295
8 0 554328
8 0 554361
8 0 554394
8 0 554427
8 0 554461
8 0 554492
8 0 554526
8 0 554558
8 1 554588
8 0 554802
8 1 554916
8 0 555040
8 1 555101
32 0 555405
32 1 555502
84 0 555535
82 0 555622
84 1 555664
82 1 555698
65 0 555848
85 0 555970
65 1 555971
85 1 556033
8 0 556518
8 1 556597
73 0 556935
73 1 557050
65 0 557109
65 1 557215
85 0 557233
85 1 557314
32 0 557429
32 1 557499
73 0 557594
73 1 557655
78 0 557698
78 1 557785
84 0 557819
82 0 557889
84 1 557932
189 0 557965
82 1 557966
189 1 558070
79 0 558071
79 1 558148
32 0 558291
32 1 558352
90 0 558472
90 1 558650
79 0 558669
79 1 558739
78 0 558826
78 1 558914
65 0 558937
65 1 559016
32 0 559072
32 1 559151
67 0 559191
67 1 559252
65 0 559321
76 0 559385
65 1 559443
76 1 559462
68 0 559539
68 1 559618
85 0 559671
85 1 559811
82 0 559811
82 1 559880
79 0 560221
79 1 560353
65 0 560353
83 0 560508
65 1 560509
83 1 560604
65 0 560737
190 0 560899
65 1 560900
190 1 560977
32 0 561084
32 1 561154
16 0 561317
67 0 561353
16 1 561440
67 1 561441
76 0 561601
76 1 561689
65 0 561765
65 1 561790
8 0 562728
8 1 562816
8 0 562967
8 1 563055
8 0 563187
8 1 563257
8 0 563391
8 1 563424
32 0 564241
32 1 564356
16 0 564816
16 0 565316
16 0 565349
16 0 565381
16 0 565415
16 0 565448
16 0 565480
16 0 565514
16 0 565546
16 0 565579
16 0 565612
16 0 565646
16 0 565678
16 0 565711
16 0 565744
16 0 565777
16 0 565810
16 0 565844
16 0 565876
16 0 565909
16 0 565942
16 0 565975
16 0 566008
16 0 566041
16 0 566074
16 0 566107
16 0 566140
16 0 566173
16 0 566206
16 0 566239
16 0 566272
16 0 566305
16 0 566338
16 0 566371
16 0 566404
16 0 566437
16 0 566470
16 0 566503
16 0 566536
16 0 566569
16 0 566602
16 0 566635
16 0 566668
16 0 566701
16 0 566734
16 0 566767
16 0 566800
16 0 566833
16 0 566866
16 0 566899
16 0 566932
16 0 566965
16 0 566998
16 0 567031
16 0 567064
16 0 567097
16 0 567130
16 0 567163
16 0 567195
16 0 567228
16 0 567262
16 0 567294
16 0 567328
16 0 567360
16 0 567393
16 0 567426
16 0 567459
16 0 567493
16 0 567525
16 0 567558
16 0 567591
16 0 567624
16 0 567657
16 0 567690
16 0 567723
16 0 567756
16 0 567789
16 0 567822
16 0 567855
16 0 567888
16 0 567921
16 0 567954
16 0 567987
16 0 568020
16 0 568053
16 0 568086
16 0 568119
16 0 568152
16 0 568185
16 0 568218
16 0 568251
16 0 568284
16 0 568317
16 0 568350
16 0 568383
16 0 568416
16 0 568449
16 0 568482
16 0 568515
16 0 568548
16 0 568581
16 0 568614
16 0 568647
16 0 568680
16 0 568713
16 0 568745
16 0 568779
16 0 568812
16 0 568845
16 0 568878
16 0 568910
16 0 568944
16 0 568976
16 0 569009
16 0 569042
16 0 569075
16 0 569108
16 0 569142
16 0 569174
16 0 569208
16 0 569240
16 0 569273
16 0 569306
16 0 569339
77 0 569351
16 1 569454
77 1 569500
85 0 569723
85 1 569811
76 0 569990
84 0 570058
76 1 570112
84 1 570153
69 0 570268
69 1 570410
32 0 571166
32 1 571236
80 0 571395
69 0 571436
80 1 571454
69 1 571522
82 0 571574
82 1 571680
83 0 571803
79 0 571876
83 1 571916
79 1 571962
78 0 572067
78 1 572155
65 0 572610
65 1 572707
74 0 572734
74 1 572812
69 0 572863
32 0 572962
69 1 572963
32 1 573031
80 0 573614
80 1 573733
65 0 573733
65 1 573793
82 0 573928
82 1 574016
32 0 574124
32 1 574185
65 0 574242
65 1 574366
32 0 574395
32 1 574474
70 0 575460
70 1 575556
73 0 575591
73 1 575688
32 0 575804
32 1 575892
73 0 575997
73 1 576085
78 0 576118
78 1 576204
84 0 576205
82 0 576274
84 1 576335
82 1 576360
189 0 576459
79 0 576600
189 1 576617
79 1 576713
32 0 576874
32 1 576962
68 0 576993
73 0 577090
68 1 577091
73 1 577212
83 0 577212
83 1 577270
67 0 577386
67 1 577447
85 0 577473
85 1 577561
84 0 577604
84 1 577691
73 0 577709
73 1 577778
69 0 577820
32 0 577928
69 1 577929
32 1 578006
67 0 578163
85 0 578213
67 1 578214
85 1 578320
32 0 578481
32 1 578587
67 0 578744
67 1 578823
69 0 579280
69 1 579404
76 0 579512
76 1 579573
8 0 580885
8 1 580964
8 0 581178
8 1 581320
8 0 581723
8 1 581828
65 0 582020
65 1 582117
76 0 582154
76 1 582242
84 0 582302
84 1 582399
73 0 582416
73 1 582459
32 0 582593
32 1 582672
8 0 583093
8 1 583145
8 0 583269
8 1 583348
73 0 583794
73 1 583918
32 0 584106
32 1 584158
79 0 584299
79 1 584378
65 0 584418
77 0 584534
65 1 584535
77 1 584639
69 0 584708
78 0 584796
69 1 584797
73 0 584936
78 1 584937
73 1 585042
190 0 585292
190 1 585380
32 0 585595
32 1 585683
16 0 585837
69 0 585918
69 1 586042
16 1 586173
83 0 586992
83 1 587080
84 0 587213
84 1 587318
69 0 587318
32 0 587416
69 1 587418
32 1 587503
85 0 587760
85 1 587847
78 0 587935
78 1 587996
32 0 588104
32 1 588165
80 0 588334
80 1 588413
69 0 588450
69 1 588541
82 0 588638
82 1 588735
83 0 588876
79 0 588999
83 1 589000
79 1 589071
78 0 589455
78 1 589542
65 0 589628
65 1 589725
74 0 589770
74 1 589840
32 0 590002
32 1 590095
67 0 590095
67 1 590182
69 0 590288
32 0 590378
69 1 590380
32 1 590465
83 0 590522
83 1 590637
67 0 590762
67 1 590823
82 0 590938
82 1 591044
73 0 591079
73 1 591194
69 0 591236
69 1 591287
190 0 599428
190 1 599651
32 0 600091
32 1 600179
16 0 600459
80 0 600615
16 1 600680
80 1 600746
65 0 600785
77 0 600884
65 1 600908
77 1 600970
69 0 601012
78 0 601126
69 1 601127
78 1 601169
8 0 601430
8 1 601518
8 0 601615
8 1 601685
8 0 601773
8 1 601834
8 0 601922
8 1 601983
8 0 602098
8 1 602168
16 0 602439
79 0 602693
16 1 602750
79 1 602815
65 0 602846
77 0 602971
65 1 602972
77 1 603058
69 0 603091
78 0 603170
69 1 603171
78 1 603230
73 0 603337
73 1 603398
73 0 603504
73 1 603574
32 0 603672
32 1 603778
84 0 603800
82 0 603898
84 1 603940
82 1 603975
65 0 604160
73 0 604249
65 1 604250
73 1 604336
65 0 604377
65 1 604465
85 0 604492
85 1 604607
32 0 604768
32 1 604847
79 0 604979
79 1 605049
32 0 605156
32 1 605241
86 0 605242
86 1 605310
73 0 605345
65 0 605439
73 1 605460
65 1 605507
84 0 605623
84 1 605693
65 0 605816
32 0 605872
65 1 605902
32 1 605976
83 0 606024
83 1 606112
73 0 606139
73 1 606245
77 0 606306
77 1 606403
80 0 606537
76 0 606615
80 1 606650
76 1 606746
65 0 606768
65 1 606892
32 0 607092
32 1 607216
83 0 607382
83 1 607505
73 0 607910
73 1 608034
32 0 609842
32 1 609956
69 0 610069
69 1 610192
82 0 610254
82 1 610351
65 0 610464
85 0 610578
65 1 610579
85 1 610640
32 0 610793
32 1 610863
80 0 611076
80 1 611206
82 0 611206
69 0 611275
82 1 611309
69 1 611360
79 0 611491
79 1 611526
67 0 611656
67 1 611807
85 0 611887
85 1 611984
80 0 612163
65 0 612203
80 1 612259
65 1 612280
84 0 612441
73 0 612537
84 1 612539
73 1 612571
32 0 612715
32 1 612785
68 0 612816
68 1 612911
69 0 612912
32 0 612957
69 1 612988
32 1 613015
67 0 613127
85 0 613198
67 1 613231
85 1 613275
78 0 613354
78 1 613433
79 0 613540
79 1 613645
65 0 613645
83 0 613712
65 1 613772
83 1 613833
84 0 614021
69 0 614100
84 1 614125
69 1 614240
82 0 614427
82 1 614587
69 0 614621
69 1 614754
190 0 618892
190 1 618998
32 0 619266
32 1 619364
16 0 619625
78 0 619780
16 1 619871
78 1 619872
85 0 620062
85 1 620141
32 0 620302
32 1 620372
69 0 620511
69 1 620599
88 0 620732
73 0 620856
88 1 620858
73 1 620936
83 0 620985
83 1 621046
84 0 621188
84 1 621249
65 0 621381
65 1 621469
32 0 621507
32 1 621586
65 0 621652
65 1 621749
84 0 621865
84 1 621944
65 0 622067
65 1 622136
84 0 622262
32 0 622333
84 1 622334
32 1 622411
68 0 622505
68 1 622637
69 0 622637
32 0 622656
32 1 622698
69 1 622729
77 0 622854
77 1 622924
85 0 623039
85 1 623118
76 0 623243
84 0 623293
76 1 623329
84 1 623361
65 0 623511
32 0 623585
65 1 623615
32 1 623644
73 0 623757
73 1 623809
78 0 623878
70 0 623921
78 1 623955
70 1 624043
79 0 624384
79 1 624523
82 0 624523
82 1 624628
77 0 624681
77 1 624775
65 0 624775
65 1 624844
84 0 624978
73 0 625066
84 1 625068
73 1 625180
69 0 625222
69 1 625301
32 0 625626
32 1 625754
68 0 625755
69 0 625833
68 1 625858
69 1 625900
83 0 626033
80 0 626131
83 1 626133
80 1 626210
82 0 626251
69 0 626320
82 1 626373
32 0 626432
69 1 626434
32 1 626477
85 0 626590
85 1 626669
78 0 626766
78 1 626809
73 0 626906
86 0 626939
73 1 627019
86 1 627052
69 0 627221
69 1 627327
82 0 627451
82 1 627575
83 0 627752
83 1 627858
32 0 628021
32 1 628091
80 0 628251
80 1 628319
69 0 628320
69 1 628395
32 0 628468
32 1 628529
65 0 628587
65 1 628638
84 0 628800
84 1 628887
85 0 628913
85 1 628992
78 0 629116
78 1 629204
67 0 629255
67 1 629334
73 0 629396
73 1 629466
190 0 629698
190 1 629750
32 0 629984
32 1 630035
16 0 631926
16 0 632426
16 0 632459
16 0 632491
16 0 632524
16 0 632557
16 0 632590
16 0 632623
16 0 632656
16 0 632689
16 0 632722
16 0 632755
16 0 632788
16 0 632821
16 0 632854
16 0 632887
16 0 632920
16 0 632953
16 0 632986
16 0 633019
16 0 633052
16 0 633085
16 0 633118
16 0 633151
16 0 633184
16 0 633217
16 0 633250
16 0 633283
16 0 633316
16 0 633349
16 0 633382
16 0 633415
16 0 633448
16 0 633480
16 0 633514
16 0 633546
16 0 633580
16 0 633612
16 0 633646
16 0 633679
16 0 633711
16 0 633744
16 0 633777
16 0 633810
16 0 633844
16 0 633876
16 0 633909
16 0 633943
16 0 633976
16 0 634008
16 0 634041
16 0 634074
79 0 634105
79 1 634292
16 1 634312
65 0 635095
65 1 635201
77 0 635228
77 1 635325
69 0 635357
69 1 635428
78 0 635454
78 1 635515
73 0 635630
73 1 635691
73 0 635806
73 1 635867
32 0 636064
32 1 636134
73 0 636266
73 1 636354
83 0 636403
73 0 636519
83 1 636520
73 1 636579
32 0 636696
32 1 636739
80 0 636862
69 0 636894
80 1 636957
69 1 636989
84 0 637095
82 0 637156
84 1 637208
82 1 637251
69 0 637339
69 1 637408
67 0 637541
67 1 637611
69 0 637726
69 1 637850
65 0 638155
85 0 638242
65 1 638245
85 1 638347
32 0 638518
32 1 638561
79 0 638747
79 1 638808
32 0 638942
32 1 639024
90 0 639025
90 1 639120
73 0 639139
73 1 639191
32 0 639289
32 1 639359
79 0 639518
79 1 639588
66 0 639711
66 1 639772
73 0 639879
73 1 639993
83 0 640376
83 1 640464
78 0 640536
78 1 640624
85 0 640720
85 1 640790
73 0 640915
73 1 640985
84 0 641027
84 1 641088
65 0 641264
65 1 641370
32 0 641489
32 1 641577
80 0 642196
80 1 642310
82 0 642423
73 0 642528
82 1 642530
73 1 642616
78 0 642767
78 1 642882
8 0 651300
8 1 651352
8 0 651440
8 1 651510
8 0 651616
8 1 651686
8 0 651783
8 1 651889
67 0 652055
85 0 652135
67 1 652159
85 1 652265
8 0 655081
8 1 655151
8 0 655275
8 1 655354
67 0 655844
67 1 656021
8 0 656346
8 1 656488
73 0 658580
73 1 658722
78 0 658837
78 1 658943
84 0 659066
82 0 659163
189 0 659198
84 1 659199
189 1 659274
82 1 659275
85 0 659423
85 1 659502
78 0 659608
78 1 659696
32 0 659813
32 1 659874
77 0 660014
77 1 660075
79 0 660173
79 1 660261
68 0 660320
68 1 660417
32 0 660499
32 1 660587
83 0 660690
73 0 660804
83 1 660806
73 1 660865
77 0 660953
77 1 661013
80 0 661112
76 0 661209
80 1 661243
76 1 661295
85 0 661490
85 1 661542
188 0 661846
188 1 661951
32 0 662104
32 1 662165
8 0 665959
8 1 666065
8 0 666171
8 1 666295
190 0 666912
190 1 667099
32 0 667341
32 1 667474
16 0 667817
68 0 667962
68 1 668086
16 1 668153
69 0 668226
69 1 668278
70 0 668438
70 1 668499
8 0 668868
8 1 668956
32 0 669125
70 0 669175
32 1 669211
70 1 669252
65 0 669374
80 0 669482
65 1 669483
80 1 669552
84 0 669629
32 0 669706
84 1 669707
32 1 669769
78 0 669927
78 1 670006
85 0 670112
85 1 670182
32 0 670290
32 1 670351
80 0 670492
80 1 670541
82 0 670541
69 0 670619
82 1 670653
69 1 670687
65 0 670872
65 1 670987
32 0 671070
83 0 671137
32 1 671156
83 1 671205
84 0 671366
73 0 671410
84 1 671461
73 1 671487
85 0 671610
85 1 671671
32 0 671770
32 1 671840
67 0 671871
85 0 671977
67 1 671978
85 1 672064
77 0 672197
77 1 672267
32 0 672420
32 1 672481
69 0 673780
69 1 673850
82 0 673911
82 1 674123
65 0 674131
65 1 674255
32 0 674275
32 1 674345
79 0 674468
79 1 674538
32 0 674654
32 1 674742
90 0 674763
73 0 674861
90 1 674862
73 1 674921
32 0 675056
32 1 675161
73 0 675698
73 1 675804
78 0 675891
78 1 675952
32 0 676060
32 1 676152
65 0 676152
65 1 676221
67 0 676338
67 1 676398
69 0 676513
76 0 676540
69 1 676572
76 1 676599
69 0 676721
32 0 676780
69 1 676781
32 1 676853
86 0 676920
86 1 677026
82 0 677060
82 1 677157
69 0 677253
69 1 677332
77 0 677376
77 1 677481
69 0 677481
69 1 677549
85 0 677638
85 1 677708
82 0 677733
82 1 677811
73 0 677828
73 1 677907
190 0 678104
190 1 678219
