16 0 325136
86 0 325564
16 1 325630
86 1 325649
82 0 325854
82 1 325948
69 0 326031
69 1 326180
77 0 326531
77 1 326619
69 0 326697
69 1 326922
65 0 327278
65 1 327396
32 0 327501
32 1 327592
69 0 328529
69 1 328627
32 0 328692
32 1 328779
80 0 329257
80 1 329342
76 0 329449
76 1 329534
65 0 329645
65 1 329731
67 0 330311
67 1 330429
85 0 330601
85 1 330692
84 0 331064
84 1 331149
65 0 333279
65 1 333438
188 0 334364
188 1 334451
32 0 334683
32 1 334757
69 0 335708
69 1 335835
32 0 335945
32 1 336006
77 0 336544
77 1 336620
85 0 337460
85 1 337531
76 0 338004
76 1 338079
84 0 338266
84 1 338379
32 0 338437
32 1 338503
80 0 340038
80 1 340125
82 0 341203
82 1 341350
69 0 341390
69 1 341506
65 0 342014
65 1 342148
32 0 342282
32 1 342360
67 0 342862
67 1 342940
65 0 343030
65 1 343137
76 0 343422
76 1 343504
68 0 344161
68 1 344263
32 0 344367
32 1 344444
80 0 344858
80 1 344938
69 0 345109
69 1 345208
78 0 345488
78 1 345566
84 0 345829
84 1 345910
82 0 345974
82 1 346105
85 0 346356
85 1 346433
32 0 346589
32 1 346685
79 0 347815
79 1 347886
32 0 348033
32 1 348115
90 0 348548
90 1 348675
73 0 348832
73 1 348912
32 0 349006
32 1 349114
68 0 349244
68 1 349360
69 0 349406
69 1 349527
32 0 349608
32 1 349689
16 0 350057
66 0 350287
66 1 350360
16 1 350375
79 0 350893
79 1 350985
66 0 351091
66 1 351186
79 0 351271
79 1 351347
84 0 351954
84 1 352055
69 0 352264
69 1 352333
65 0 353146
65 1 353263
90 0 353439
90 1 353576
65 0 353644
65 1 353781
188 0 356593
188 1 356683
32 0 356840
32 1 356905
65 0 357583
65 1 357694
82 0 357910
82 1 358011
32 0 358138
32 1 358178
70 0 358727
70 1 358823
73 0 359040
73 1 359138
32 0 359696
32 1 359777
84 0 360105
84 1 360201
82 0 360309
82 1 360420
69 0 360511
69 1 360622
66 0 361765
66 1 361887
85 0 361953
85 1 362066
73 0 362129
73 1 362258
84 0 362700
84 1 362802
32 0 362884
32 1 362982
83 0 363261
83 1 363398
65 0 363437
65 1 363563
32 0 363690
32 1 363792
70 0 364356
70 1 364453
73 0 364932
73 1 365022
69 0 365229
69 1 365334
32 0 365435
32 1 365512
17 0 367814
18 0 367815
16 0 367903
222 0 368227
222 1 368344
16 1 368370
17 1 368384
18 1 368385
16 0 370437
222 0 370614
222 1 370726
16 1 370770
71 0 371961
71 1 372063
69 0 372170
69 1 372275
82 0 372405
82 1 372501
85 0 372704
85 1 372780
76 0 373294
76 1 373395
32 0 373643
32 1 373734
16 0 374620
66 0 374833
66 1 374904
16 1 374946
79 0 375334
79 1 375428
66 0 375640
66 1 375761
79 0 375866
79 1 375969
84 0 376291
84 1 376397
69 0 376474
69 1 376581
90 0 376992
90 1 377121
69 0 377322
69 1 377442
73 0 378002
73 1 378073
16 0 379103
222 0 379530
222 1 379626
16 1 379646
32 0 380369
32 1 380447
65 0 381009
65 1 381126
83 0 381242
83 1 381348
84 0 381516
84 1 381608
65 0 382041
65 1 382147
90 0 382599
90 1 382731
73 0 382902
73 1 383008
188 0 384198
188 1 384295
32 0 384440
32 1 384524
68 0 385215
68 1 385280
65 0 385389
65 1 385508
82 0 386016
82 1 386113
32 0 386406
32 1 386496
65 0 387887
65 1 388000
32 0 388106
32 1 388186
70 0 388561
70 1 388658
79 0 388769
79 1 388854
83 0 389025
83 1 389147
84 0 389531
84 1 389617
32 0 389711
32 1 389782
79 0 390256
79 1 390329
32 0 390490
32 1 390565
90 0 391432
90 1 391553
73 0 391647
73 1 391742
32 0 391873
32 1 391953
73 0 392398
73 1 392499
78 0 392597
78 1 392684
83 0 392982
83 1 393077
79 0 393365
79 1 393462
82 0 393674
82 1 393791
73 0 393962
73 1 394042
84 0 394310
84 1 394385
65 0 394562
65 1 394679
188 0 395067
188 1 395157
32 0 395280
32 1 395351
67 0 395612
67 1 395697
65 0 395777
65 1 395889
32 0 396554
32 1 396657
68 0 396888
68 1 397006
69 0 397080
69 1 397193
32 0 397251
32 1 397329
80 0 397810
80 1 397902
82 0 398017
82 1 398154
73 0 398356
73 1 398459
77 0 398598
77 1 398675
65 0 398796
65 1 398913
86 0 399689
86 1 399775
65 0 399835
65 1 399972
82 0 400078
82 1 400169
65 0 400265
65 1 400396
190 0 401662
190 1 401759
32 0 401971
32 1 402069
16 0 403218
90 0 403530
16 1 403683
90 1 403693
73 0 403843
73 1 403931
76 0 404085
76 1 404179
69 0 405093
69 1 405220
76 0 405290
76 1 405377
69 0 405507
69 1 405619
32 0 407127
32 1 407209
84 0 407465
84 1 407569
82 0 407688
82 1 407785
69 0 407916
69 1 408017
67 0 408289
67 1 408421
85 0 408637
85 1 408733
84 0 408909
84 1 408985
69 0 409106
69 1 409225
32 0 409293
32 1 409369
78 0 409717
78 1 409774
85 0 409926
85 1 410027
32 0 410138
32 1 410229
65 0 410304
65 1 410425
32 0 410520
32 1 410617
70 0 410849
70 1 410957
79 0 411117
79 1 411210
83 0 411300
83 1 411447
84 0 411684
84 1 411803
32 0 411904
32 1 411995
65 0 412135
65 1 412232
84 0 413478
84 1 413588
65 0 413794
65 1 413906
84 0 414107
84 1 414206
32 0 414841
32 1 414911
68 0 415144
68 1 415261
69 0 415295
69 1 415417
32 0 415467
32 1 415563
70 0 416335
70 1 416448
82 0 416523
82 1 416665
85 0 416766
85 1 416850
77 0 417108
77 1 417183
79 0 417457
79 1 417547
83 0 418008
83 1 418129
188 0 418511
188 1 418602
32 0 418774
32 1 418858
68 0 419045
68 1 419182
69 0 419242
69 1 419369
79 0 419521
79 1 419618
65 0 419712
65 1 419851
82 0 420066
82 1 420137
69 0 420217
69 1 420349
67 0 420524
67 1 420641
69 0 420727
69 1 420870
32 0 420948
32 1 421064
78 0 421536
78 1 421622
79 0 421807
79 1 421897
82 0 422119
82 1 422240
73 0 422368
73 1 422473
32 0 422563
32 1 422658
80 0 423227
80 1 423308
76 0 423670
76 1 423741
85 0 424436
85 1 424512
77 0 424800
77 1 424882
66 0 425250
66 1 425300
85 0 425703
85 1 425779
82 0 426421
82 1 426578
73 0 426629
73 1 426724
73 0 426845
73 1 426946
32 0 427620
32 1 427729
65 0 428989
65 1 429135
85 0 429291
85 1 429392
32 0 429545
32 1 429652
85 0 431508
85 1 431619
77 0 431708
77 1 431797
80 0 432118
80 1 432220
76 0 432306
76 1 432403
85 0 432775
85 1 432861
84 0 433269
84 1 433348
32 0 433454
32 1 433559
67 0 433857
67 1 433985
69 0 434059
69 1 434187
82 0 434328
82 1 434454
85 0 434571
85 1 434650
76 0 435069
76 1 435152
32 0 435389
32 1 435440
8 0 436582
8 1 436628
188 0 437165
188 1 437241
32 0 437428
32 1 437509
73 0 437911
73 1 437995
65 0 438117
65 1 438246
82 0 438350
82 1 438431
32 0 438572
32 1 438652
84 0 438957
84 1 439092
79 0 439250
79 1 439334
65 0 439586
65 1 439708
84 0 439859
84 1 439965
65 0 440017
65 1 440149
32 0 440215
32 1 440330
80 0 441754
80 1 441858
82 0 442036
82 1 442152
69 0 442229
69 1 442330
83 0 442777
83 1 442899
73 0 442983
73 1 443059
85 0 443191
85 1 443278
78 0 443453
78 1 443561
69 0 443727
69 1 443823
65 0 444010
65 1 444123
32 0 444656
32 1 444745
65 0 445442
65 1 445565
32 0 445633
32 1 445725
70 0 446057
70 1 446154
79 0 446346
79 1 446447
83 0 446679
83 1 446774
84 0 446946
84 1 447042
32 0 447150
32 1 447250
80 0 447680
80 1 447760
69 0 447875
69 1 447993
32 0 448063
32 1 448166
85 0 448525
85 1 448647
77 0 448722
77 1 448803
69 0 449113
69 1 449214
82 0 449355
82 1 449491
73 0 449578
73 1 449652
73 0 449773
73 1 449849
32 0 450019
32 1 450122
78 0 451059
78 1 451146
79 0 451271
79 1 451378
83 0 451963
83 1 452059
84 0 452604
84 1 452717
82 0 453008
82 1 453149
73 0 453250
73 1 453366
188 0 456178
188 1 456290
32 0 456420
32 1 456522
65 0 457050
65 1 457189
84 0 457249
84 1 457341
65 0 457464
65 1 457563
82 0 457855
82 1 457961
78 0 458268
78 1 458368
65 0 458433
65 1 458570
78 0 458676
78 1 458772
68 0 458949
68 1 459067
32 0 459130
32 1 459221
83 0 460035
83 1 460161
73 0 460205
73 1 460306
32 0 460367
32 1 460482
77 0 460620
77 1 460710
65 0 460775
65 1 460909
73 0 460983
73 1 461074
32 0 461194
32 1 461313
71 0 462088
71 1 462265
82 0 462371
82 1 462555
69 0 462562
69 1 462699
85 0 462945
85 1 463075
32 0 463171
32 1 463290
65 0 469149
65 1 469288
76 0 469341
76 1 469459
65 0 469513
65 1 469630
84 0 470130
84 1 470267
82 0 470361
82 1 470513
8 0 473354
8 1 473445
85 0 475440
85 1 475540
82 0 475681
82 1 475822
73 0 475938
73 1 476049
32 0 478987
32 1 479093
68 0 479340
68 1 479468
69 0 479517
69 1 479650
32 0 479738
32 1 479842
67 0 481274
67 1 481416
69 0 481487
69 1 481604
76 0 481946
76 1 482053
69 0 482228
69 1 482345
76 0 483247
76 1 483378
65 0 483641
65 1 483753
76 0 483973
76 1 484096
84 0 484402
84 1 484516
69 0 484584
69 1 484781
32 0 484836
32 1 484949
80 0 486502
80 1 486590
79 0 486711
79 1 486787
86 0 487220
86 1 487353
69 0 487417
69 1 487583
82 0 487680
82 1 487810
73 0 487952
73 1 488042
32 0 488142
32 1 488245
80 0 488593
80 1 488704
69 0 488780
69 1 488916
32 0 488963
32 1 489069
67 0 489480
67 1 489602
69 0 489702
69 1 489793
8 0 491328
8 1 491403
65 0 491665
65 1 491784
82 0 491985
82 1 492087
69 0 492160
69 1 492282
32 0 492389
32 1 492490
76 0 492851
76 1 492938
69 0 493009
69 1 493135
32 0 493255
32 1 493378
68 0 493479
68 1 493617
85 0 494014
85 1 494121
67 0 494861
67 1 494969
69 0 495124
69 1 495247
77 0 495562
77 1 495674
32 0 496013
32 1 496088
73 0 497229
73 1 497341
78 0 497837
78 1 497919
32 0 498059
32 1 498121
65 0 498292
65 1 498393
67 0 498549
67 1 498668
69 0 498798
69 1 498896
65 0 499088
65 1 499199
83 0 499303
83 1 499421
84 0 499515
84 1 499630
65 0 499715
65 1 499843
32 0 499990
32 1 500099
67 0 502277
67 1 502383
73 0 502416
73 1 502535
85 0 502664
85 1 502750
68 0 503003
68 1 503130
65 0 503234
65 1 503361
84 0 503502
84 1 503598
65 0 503719
65 1 503842
32 0 504024
32 1 504120
80 0 504920
80 1 505031
69 0 505138
69 1 505233
82 0 505369
82 1 505496
73 0 505720
73 1 505831
79 0 506209
79 1 506349
65 0 506792
65 1 506909
68 0 507146
68 1 507262
65 0 507469
65 1 507617
32 0 508388
32 1 508498
83 0 509079
83 1 509212
79 0 509291
79 1 509378
67 0 509699
67 1 509841
73 0 509965
73 1 510057
79 0 510370
79 1 510467
32 0 510741
32 1 510821
80 0 511277
80 1 511357
79 0 511472
79 1 511549
76 0 511674
76 1 511774
73 0 511915
73 1 512006
84 0 512401
84 1 512538
73 0 512612
73 1 512704
67 0 513104
67 1 513219
69 0 513435
69 1 513562
8 0 514441
8 1 514517
65 0 514737
65 1 514848
32 0 516484
32 1 516596
83 0 516973
83 1 517094
73 0 517186
73 1 517281
32 0 517396
32 1 517510
80 0 517988
80 1 518096
82 0 518210
82 1 518368
79 0 518538
79 1 518629
70 0 518857
70 1 518987
69 0 519316
69 1 519436
83 0 519704
83 1 519827
73 0 520063
73 1 520160
79 0 520234
79 1 520362
78 0 520532
78 1 520629
65 0 520830
65 1 520978
76 0 521077
76 1 521160
65 0 521794
65 1 521945
190 0 523662
190 1 523743
32 0 524089
32 1 524175
16 0 526286
68 0 526487
16 1 526641
68 1 526651
85 0 526835
85 1 526912
80 0 527266
80 1 527361
65 0 527462
65 1 527588
32 0 528337
32 1 528426
67 0 528885
67 1 529021
85 0 529122
85 1 529258
77 0 529369
77 1 529455
32 0 529591
32 1 529689
90 0 530575
90 1 530737
73 0 530793
73 1 530914
67 0 531040
67 1 531187
69 0 531262
69 1 531365
65 0 531632
65 1 531753
77 0 532009
77 1 532126
32 0 532219
32 1 532321
77 0 532716
77 1 532798
65 0 532939
65 1 533079
73 0 533180
73 1 533281
32 0 533382
32 1 533493
68 0 533652
68 1 533798
69 0 533818
69 1 533963
77 0 534200
77 1 534301
85 0 534593
85 1 534673
76 0 535525
76 1 535610
84 0 536127
84 1 536223
188 0 537774
188 1 537879
32 0 538010
32 1 538101
84 0 538495
84 1 538639
79 0 538732
79 1 538830
84 0 538906
84 1 539055
85 0 539146
85 1 539237
76 0 539485
76 1 539566
32 0 539731
32 1 539833
86 0 540054
86 1 540132
65 0 540233
65 1 540355
32 0 540485
32 1 540591
70 0 540808
70 1 540930
73 0 541387
73 1 541498
32 0 541667
32 1 541767
66 0 542704
66 1 542802
73 0 543017
73 1 543123
78 0 543239
78 1 543340
69 0 543557
69 1 543673
188 0 544018
188 1 544119
32 0 544219
32 1 544305
68 0 544562
68 1 544644
65 0 544724
65 1 544849
82 0 544910
82 1 545023
32 0 545105
32 1 545203
77 0 545581
77 1 545652
65 0 545746
65 1 545893
73 0 545980
73 1 546087
32 0 546197
32 1 546303
68 0 546369
68 1 546501
85 0 546701
85 1 546803
82 0 546970
82 1 547108
69 0 547187
69 1 547299
65 0 548031
65 1 548193
90 0 548398
90 1 548556
65 0 548656
65 1 548807
16 0 550407
49 0 550609
49 1 550710
16 1 550730
32 0 551684
32 1 551786
16 0 553178
186 0 553652
186 1 553778
16 1 553823
16 0 555120
48 0 555574
48 1 555676
48 0 555775
48 1 555842
48 0 555922
48 1 556003
48 0 556103
48 1 556151
16 1 556373
32 0 557736
32 1 557838
16 0 558698
79 0 558926
79 1 559043
16 1 559053
32 0 559203
32 1 559335
83 0 559391
83 1 559537
69 0 559632
69 1 559769
65 0 559948
65 1 560089
82 0 560167
82 1 560269
65 0 560355
65 1 560461
32 0 560537
32 1 560617
66 0 561365
66 1 561462
85 0 561699
85 1 561824
78 0 561975
78 1 562087
65 0 562211
65 1 562323
32 0 562408
32 1 562505
83 0 562616
83 1 562742
65 0 562838
65 1 562964
32 0 563024
32 1 563112
65 0 563576
65 1 563702
86 0 563904
86 1 564045
69 0 564149
69 1 564286
84 0 564927
84 1 565055
73 0 565226
73 1 565351
32 0 565543
32 1 565650
83 0 566609
83 1 566731
73 0 566814
73 1 566907
32 0 567003
32 1 567129
68 0 567333
68 1 567491
85 0 567541
85 1 567658
77 0 567850
77 1 567956
78 0 568066
78 1 568154
69 0 568249
69 1 568356
65 0 568770
65 1 568895
86 0 569346
86 1 569446
79 0 569677
79 1 569762
65 0 569898
65 1 569997
83 0 570117
83 1 570248
84 0 570358
84 1 570460
82 0 570612
82 1 570697
65 0 570835
65 1 570964
16 0 571932
49 0 572372
49 1 572504
16 1 572589
37 0 574127
37 1 574205
37 0 574290
37 1 574372
37 0 574437
37 1 574493
39 0 575407
39 1 575479
39 0 576200
39 1 576297
8 0 577727
8 1 577788
8 0 577899
8 1 577965
8 0 578182
8 1 578253
8 0 578334
8 1 578415
8 0 578489
8 1 578572
8 0 578647
8 1 578709
8 0 578810
8 1 578875
8 0 578970
8 1 579041
8 0 579121
8 1 579197
8 0 579278
8 1 579358
8 0 579434
8 1 579509
8 0 579835
8 1 579917
79 0 581144
79 1 581270
77 0 581355
77 1 581451
78 0 581627
78 1 581698
73 0 581864
73 1 581940
73 0 582035
73 1 582114
76 0 582561
76 1 582644
79 0 582754
79 1 582847
82 0 583128
82 1 583251
32 0 583369
32 1 583451
86 0 583824
86 1 583925
79 0 584047
79 1 584149
65 0 584319
65 1 584436
83 0 584512
83 1 584624
84 0 584795
84 1 584880
82 0 584990
82 1 585072
69 0 585152
69 1 585284
16 0 639703
90 0 640063
16 1 640218
90 1 640248
73 0 640476
73 1 640586
85 0 640798
85 1 640911
65 0 641234
65 1 641396
32 0 641449
32 1 641560
73 0 642882
73 1 642991
68 0 643170
68 1 643303
69 0 643348
69 1 643480
65 0 643839
65 1 643998
76 0 644169
76 1 644269
65 0 644346
65 1 644467
32 0 644534
32 1 644624
80 0 645237
80 1 645358
69 0 645473
69 1 645614
78 0 645938
78 1 646044
84 0 646229
84 1 646330
82 0 646383
82 1 646518
85 0 646946
85 1 647077
32 0 647141
32 1 647223
77 0 647632
77 1 647718
73 0 647839
73 1 647950
78 0 648037
78 1 648124
69 0 648336
69 1 648472
32 0 649060
32 1 649150
69 0 649571
69 1 649666
83 0 649793
83 1 649868
84 0 650017
84 1 650111
69 0 650188
69 1 650303
32 0 650393
32 1 650481
90 0 651287
90 1 651420
73 0 651523
73 1 651622
85 0 651680
85 1 651788
65 0 652005
65 1 652130
32 0 652216
32 1 652307
73 0 653765
73 1 653888
78 0 653963
78 1 654037
32 0 654162
32 1 654258
67 0 654512
67 1 654609
65 0 654689
65 1 654835
82 0 654936
82 1 655038
69 0 655103
69 1 655224
32 0 655265
32 1 655363
77 0 655702
77 1 655785
65 0 655851
65 1 655997
32 0 656045
32 1 656132
84 0 656384
84 1 656485
82 0 656576
82 1 656667
69 0 656727
69 1 656834
90 0 657355
90 1 657471
69 0 657683
69 1 657810
83 0 657950
83 1 658080
67 0 658277
67 1 658439
32 0 658625
32 1 658721
76 0 659191
76 1 659283
65 0 659383
65 1 659505
32 0 659589
32 1 659697
54 0 660609
54 1 660685
188 0 661499
188 1 661591
32 0 661771
32 1 661863
54 0 662436
54 1 662507
190 0 663568
190 1 663643
51 0 665460
51 1 665612
48 0 665677
48 1 665757
188 0 669784
188 1 669909
32 0 669993
32 1 670111
90 0 670539
90 1 670676
73 0 670726
73 1 670830
32 0 670905
32 1 671032
67 0 671113
67 1 671277
69 0 671386
69 1 671534
32 0 671976
32 1 672080
73 0 672714
73 1 672845
78 0 673033
78 1 673132
67 0 673389
67 1 673477
69 0 673616
69 1 673753
80 0 674182
80 1 674282
69 0 674383
69 1 674521
32 0 674560
32 1 674652
67 0 674829
67 1 674979
85 0 675060
85 1 675171
32 0 675247
32 1 675373
79 0 675776
79 1 675868
32 0 675961
32 1 676061
67 0 676585
67 1 676666
65 0 677100
65 1 677248
70 0 677326
70 1 677429
69 0 677521
69 1 677611
65 0 677831
65 1 677960
32 0 678211
32 1 678284
66 0 678860
66 1 678959
85 0 679068
85 1 679171
78 0 679244
78 1 679357
65 0 679483
65 1 679609
32 0 681450
32 1 681541
65 0 682182
65 1 682320
76 0 682355
76 1 682466
65 0 682870
65 1 682995
84 0 683494
84 1 683609
85 0 683832
85 1 683938
82 0 684105
82 1 684246
73 0 684369
73 1 684485
32 0 684584
32 1 684692
68 0 684806
68 1 684939
69 0 684987
69 1 685129
32 0 685185
32 1 685291
70 0 685512
70 1 685605
65 0 685696
65 1 685808
77 0 686537
77 1 686639
73 0 686745
73 1 686817
76 0 686987
76 1 687085
73 0 687197
73 1 687282
69 0 687719
69 1 687865
190 0 693817
190 1 693895
32 0 694224
32 1 694298
8 0 699868
8 1 699923
8 0 700558
8 1 700618
188 0 701579
188 1 701684
32 0 701820
32 1 701912
84 0 702295
84 1 702437
73 0 702518
73 1 702686
77 0 702740
77 1 702837
80 0 703305
80 1 703390
32 0 703506
32 1 703618
73 0 703956
73 1 704052
78 0 704201
78 1 704291
32 0 704400
32 1 704496
67 0 704639
67 1 704739
65 0 704921
65 1 705064
82 0 705660
82 1 705799
69 0 705877
69 1 706014
32 0 706079
32 1 706198
73 0 706752
73 1 706864
77 0 706948
77 1 707050
73 0 707136
73 1 707236
32 0 707315
32 1 707437
79 0 708028
79 1 708149
82 0 708315
82 1 708454
71 0 708613
71 1 708709
65 0 708876
65 1 709008
78 0 709280
78 1 709362
73 0 709508
73 1 709596
90 0 709909
90 1 710046
69 0 710241
69 1 710348
90 0 710628
90 1 710760
32 0 710896
32 1 711002
90 0 715706
90 1 715868
73 0 715893
73 1 716004
85 0 716100
85 1 716207
65 0 716297
65 1 716428
32 0 716508
32 1 716617
73 0 717438
73 1 717531
78 0 717664
78 1 717725
32 0 717852
32 1 717953
67 0 719326
67 1 719437
85 0 719543
85 1 719671
82 0 719997
82 1 720078
83 0 720493
83 1 720620
190 0 721047
190 1 721150
32 0 721346
32 1 721455
16 0 737505
79 0 737745
16 1 737846
79 1 737860
32 0 738023
32 1 738133
80 0 738476
80 1 738599
65 0 738734
65 1 738842
82 0 739311
82 1 739422
84 0 739543
84 1 739642
69 0 739702
69 1 739844
32 0 739932
32 1 740016
70 0 741253
70 1 741384
82 0 741450
82 1 741626
85 0 741711
85 1 741851
77 0 741952
77 1 742077
79 0 742250
79 1 742355
65 0 742470
65 1 742586
83 0 742692
83 1 742778
65 0 742902
65 1 743059
32 0 743099
32 1 743216
65 0 744655
65 1 744776
32 0 744916
32 1 745014
68 0 745139
68 1 745260
73 0 745396
73 1 745499
77 0 745574
77 1 745681
73 0 745759
73 1 745863
78 0 745957
78 1 746049
69 0 746325
69 1 746437
84 0 746829
84 1 746963
73 0 747032
73 1 747104
73 0 747231
73 1 747311
32 0 747506
32 1 747599
69 0 748112
69 1 748213
83 0 748385
83 1 748465
84 0 748665
84 1 748765
69 0 748818
69 1 748951
32 0 749037
32 1 749114
83 0 749309
83 1 749452
73 0 749627
73 1 749739
32 0 749844
32 1 749955
80 0 750394
80 1 750484
65 0 750658
65 1 750790
82 0 750923
82 1 751021
84 0 751166
84 1 751263
69 0 751286
69 1 751388
65 0 751631
65 1 751767
32 0 751904
32 1 751986
73 0 752408
73 1 752506
78 0 752641
78 1 752722
32 0 752842
32 1 752928
67 0 753195
67 1 753281
65 0 753386
65 1 753503
82 0 753619
82 1 753720
69 0 753770
69 1 753902
32 0 753981
32 1 754073
77 0 754428
77 1 754513
65 0 754615
65 1 754735
32 0 754813
32 1 754906
80 0 755963
80 1 756063
82 0 756143
82 1 756269
69 0 756365
69 1 756487
71 0 756850
71 1 756936
65 0 757043
65 1 757165
84 0 757510
84 1 757609
69 0 757651
69 1 757776
83 0 757898
83 1 758037
67 0 758092
67 1 758188
32 0 758353
32 1 758451
68 0 758566
68 1 758708
69 0 758732
69 1 758864
32 0 758904
32 1 758981
80 0 759408
80 1 759505
76 0 759605
76 1 759698
69 0 759905
69 1 760014
67 0 760249
67 1 760346
65 0 760885
65 1 761034
82 0 762111
82 1 762218
69 0 762318
69 1 762455
32 0 762567
32 1 762646
70 0 763556
70 1 763637
65 0 763738
65 1 763845
67 0 764006
67 1 764085
65 0 764241
65 1 764363
78 0 764605
78 1 764696
68 0 764948
68 1 765077
32 0 765929
32 1 766010
85 0 766333
85 1 766440
78 0 766533
78 1 766621
32 0 766730
32 1 766827
68 0 767745
68 1 767851
85 0 767952
85 1 768058
83 0 768199
83 1 768336
32 0 768406
32 1 768504
69 0 768913
69 1 769029
78 0 769599
78 1 769683
69 0 769825
69 1 769942
82 0 770120
82 1 770225
71 0 770652
71 1 770771
73 0 770895
73 1 770972
90 0 771390
90 1 771542
65 0 771617
65 1 771759
78 0 771970
78 1 772063
84 0 772278
84 1 772360
32 0 772517
32 1 772607
83 0 772823
83 1 772939
73 0 773040
73 1 773137
32 0 773213
32 1 773322
85 0 773434
85 1 773515
78 0 773887
78 1 773980
32 0 774120
32 1 774208
66 0 774781
66 1 774863
65 0 774979
65 1 775122
82 0 775563
82 1 775695
66 0 776154
66 1 776252
73 0 776403
73 1 776515
69 0 776706
69 1 776822
82 0 776941
82 1 777057
73 0 777339
73 1 777425
84 0 777673
84 1 777819
32 0 777912
32 1 778013
70 0 778532
70 1 778623
82 0 778714
82 1 778812
69 0 778977
69 1 779088
83 0 779703
83 1 779831
72 0 780229
72 1 780300
190 0 781747
190 1 781820
32 0 782087
32 1 782172
16 0 783252
85 0 783499
85 1 783602
16 1 783612
77 0 783743
77 1 783834
8 0 784680
8 1 784752
78 0 786635
78 1 786731
32 0 786827
32 1 786932
77 0 787385
77 1 787471
73 0 787588
73 1 787704
67 0 787891
67 1 788016
32 0 788102
32 1 788202
68 0 789190
68 1 789304
69 0 789394
69 1 789531
74 0 790570
74 1 790672
85 0 790789
85 1 790870
78 0 791323
78 1 791406
32 0 791726
32 1 791819
68 0 793393
68 1 793514
73 0 793569
73 1 793675
86 0 793816
86 1 793965
69 0 794111
69 1 794217
82 0 794323
82 1 794397
83 0 794710
83 1 794837
73 0 794998
73 1 795094
70 0 796085
70 1 796205
73 0 796332
73 1 796412
67 0 796820
67 1 796906
65 0 797032
65 1 797163
84 0 797785
84 1 797887
32 0 798531
32 1 798623
73 0 800086
73 1 800192
77 0 800257
77 1 800349
73 0 800476
73 1 800567
32 0 800721
32 1 800850
68 0 801132
68 1 801278
65 0 801428
65 1 801540
82 0 801792
82 1 801933
85 0 802025
85 1 802110
73 0 802227
73 1 802327
69 0 802426
69 1 802526
83 0 802687
83 1 802813
84 0 802998
84 1 803101
69 0 803151
69 1 803303
32 0 803407
32 1 803479
69 0 804446
69 1 804559
78 0 805052
78 1 805165
69 0 805306
69 1 805423
82 0 805675
82 1 805795
71 0 806362
71 1 806477
73 0 806608
73 1 806700
65 0 806901
65 1 807018
32 0 807098
32 1 807194
68 0 807707
68 1 807829
73 0 807951
73 1 808088
77 0 808258
77 1 808356
73 0 811910
73 1 812061
78 0 812161
78 1 812271
69 0 812452
69 1 812566
84 0 812842
84 1 813000
73 0 813064
73 1 813170
73 0 813268
73 1 813399
190 0 815086
190 1 815174
32 0 817955
32 1 818026
16 0 819808
68 0 820194
16 1 820293
68 1 820342
82 0 820471
82 1 820639
85 0 820845
85 1 820987
77 0 821093
77 1 821245
85 0 821365
85 1 821456
76 0 821814
76 1 821918
32 0 822175
32 1 822271
67 0 822738
67 1 822814
65 0 823016
65 1 823147
84 0 823299
84 1 823389
82 0 823490
82 1 823601
69 0 823662
69 1 823790
32 0 823884
32 1 823981
66 0 825343
66 1 825481
73 0 825615
73 1 825727
82 0 826131
82 1 826268
79 0 826363
79 1 826509
85 0 826680
85 1 826783
32 0 827417
32 1 827534
78 0 827800
78 1 827892
85 0 828034
85 1 828124
32 0 828221
32 1 828345
69 0 828909
69 1 829015
32 0 829604
32 1 829689
73 0 830628
73 1 830726
78 0 831038
78 1 831140
84 0 831537
84 1 831669
79 0 831803
79 1 831880
84 0 831996
84 1 832132
68 0 832835
68 1 832972
69 0 832991
69 1 833128
65 0 833505
65 1 833646
85 0 833824
85 1 833984
78 0 834104
78 1 834211
65 0 834311
65 1 834453
32 0 837181
32 1 837276
80 0 837654
80 1 837768
76 0 837851
76 1 837954
65 0 838124
65 1 838212
67 0 838508
67 1 838640
89 0 838811
89 1 838901
8 0 839817
8 1 839908
85 0 840406
85 1 840491
84 0 840733
84 1 840819
32 0 840982
32 1 841091
68 0 841780
68 1 841860
65 0 841991
65 1 842123
84 0 842314
84 1 842389
79 0 842982
79 1 843063
82 0 843416
82 1 843527
73 0 843631
73 1 843719
84 0 844029
84 1 844105
65 0 844202
65 1 844338
32 0 844384
32 1 844478
84 0 844829
84 1 844904
8 0 847286
8 1 847332
73 0 847780
73 1 847868
78 0 848014
78 1 848110
84 0 848320
84 1 848413
69 0 848498
69 1 848624
78 0 848993
78 1 849088
83 0 849361
83 1 849492
73 0 849649
73 1 849738
84 0 849950
84 1 850038
65 0 850094
65 1 850225
84 0 850371
84 1 850452
73 0 850889
73 1 850960
73 0 851066
73 1 851153
32 0 851334
32 1 851418
84 0 851995
84 1 852093
82 0 852222
82 1 852305
65 0 852434
65 1 852560
70 0 853046
70 1 853197
73 0 853454
73 1 853534
67 0 854309
67 1 854480
85 0 854561
85 1 854641
76 0 855069
76 1 855165
85 0 855296
85 1 855372
73 0 855488
73 1 855574
32 0 855765
32 1 855864
68 0 855984
68 1 856126
73 0 856276
73 1 856387
78 0 856502
78 1 856573
32 0 856704
32 1 856785
16 0 857263
66 0 857440
66 1 857501
16 1 857572
85 0 857981
85 1 858102
67 0 858420
67 1 858556
85 0 858596
85 1 858728
82 0 858899
82 1 859055
69 0 859100
69 1 859229
83 0 859994
83 1 860146
84 0 860226
84 1 860314
73 0 860812
73 1 860913
190 0 862280
190 1 862327
32 0 862753
32 1 862849
16 0 864559
73 0 864786
16 1 864920
73 1 864929
78 0 865175
78 1 865271
84 0 865529
84 1 865604
65 0 865765
65 1 865892
76 0 866258
76 1 866333
78 0 866650
78 1 866731
73 0 866845
73 1 866933
82 0 867178
82 1 867270
69 0 867344
69 1 867463
65 0 867654
65 1 867774
32 0 867881
32 1 867971
67 0 868232
67 1 868357
85 0 868456
85 1 868554
32 0 868626
32 1 868735
67 0 868859
67 1 868998
79 0 869142
79 1 869223
76 0 869360
76 1 869461
69 0 869859
69 1 869967
71 0 870395
71 1 870537
73 0 870653
73 1 870718
73 0 870844
73 1 870935
32 0 871132
32 1 871231
69 0 871358
69 1 871485
32 0 871596
32 1 871676
73 0 872580
73 1 872677
78 0 872817
78 1 872888
84 0 873241
84 1 873365
79 0 873473
79 1 873560
84 0 873655
84 1 873761
68 0 874308
68 1 874423
69 0 874462
69 1 874574
65 0 874973
65 1 875099
85 0 875301
85 1 875409
78 0 875701
78 1 875793
65 0 875887
65 1 876020
32 0 876159
32 1 876240
67 0 877540
67 1 877685
65 0 877815
65 1 877968
32 0 878017
32 1 878147
79 0 878459
79 1 878559
32 0 879356
32 1 879472
82 0 879838
82 1 879920
65 0 880066
65 1 880184
90 0 880301
90 1 880424
65 0 880450
65 1 880596
32 0 880732
32 1 880832
68 0 882630
68 1 882772
69 0 882821
69 1 883003
32 0 883134
32 1 883258
83 0 883844
83 1 884008
79 0 884038
79 1 884155
65 0 884259
65 1 884411
82 0 884697
82 1 884824
69 0 884899
69 1 885051
190 0 886453
190 1 886550
32 0 886907
32 1 886986
16 0 903416
16 0 903921
68 0 903947
16 1 904075
68 1 904115
69 0 904213
69 1 904352
32 0 904445
32 1 904543
65 0 905056
65 1 905254
83 0 905329
83 1 905462
69 0 905567
69 1 905685
77 0 905948
77 1 906053
69 0 906102
69 1 906261
78 0 906334
78 1 906420
69 0 906561
69 1 906712
65 0 906960
65 1 907108
188 0 908364
188 1 908471
32 0 908565
32 1 908665
77 0 908867
77 1 908969
65 0 909115
65 1 909239
83 0 909325
83 1 909434
65 0 909505
65 1 909648
32 0 909727
32 1 909848
68 0 910064
68 1 910211
69 0 910267
69 1 910423
32 0 910463
32 1 910568
80 0 910948
80 1 911074
82 0 911207
82 1 911334
65 0 912226
65 1 912361
78 0 912529
78 1 912631
90 0 912980
90 1 913126
32 0 913287
32 1 913388
65 0 914154
65 1 914280
76 0 914431
76 1 914539
65 0 914599
65 1 914714
84 0 915161
84 1 915281
85 0 915431
85 1 915532
82 0 915921
82 1 916054
73 0 916190
73 1 916306
32 0 916384
32 1 916501
68 0 916595
68 1 916718
69 0 916743
69 1 916875
32 0 916946
32 1 917020
67 0 917889
67 1 918017
79 0 918098
79 1 918198
76 0 918346
76 1 918441
69 0 918551
69 1 918662
71 0 919152
71 1 919303
73 0 919490
73 1 919623
32 0 920097
32 1 920191
69 0 920895
69 1 921026
32 0 921109
32 1 921212
84 0 921414
84 1 921506
65 0 921598
65 1 921731
82 0 921787
82 1 921873
69 0 921942
69 1 922084
32 0 922103
32 1 922180
80 0 922669
80 1 922783
76 0 922851
76 1 922944
65 0 923029
65 1 923141
67 0 923584
67 1 923730
85 0 923785
85 1 923896
84 0 924171
84 1 924275
65 0 924441
65 1 924568
16 0 925518
49 0 925729
49 1 925860
16 1 925901
16 0 968214
83 0 968563
16 1 968685
83 1 968735
73 0 968982
73 1 969076
83 0 988223
83 1 988355
84 0 988631
84 1 988734
69 0 988905
69 1 989042
77 0 989425
77 1 989520
85 0 989610
85 1 989698
76 0 990111
76 1 990219
32 0 990328
32 1 990426
69 0 991504
69 1 991620
68 0 991727
68 1 991900
85 0 992040
85 1 992152
67 0 992497
67 1 992599
65 0 993294
65 1 993426
84 0 996562
84 1 996688
73 0 996754
73 1 996890
79 0 996899
79 1 997026
78 0 997213
78 1 997310
65 0 997781
65 1 997913
76 0 997960
76 1 998041
32 0 999304
32 1 999411
82 0 1000174
82 1 1000299
79 0 1000383
79 1 1000494
77 0 1000672
77 1 1000772
65 0 1000903
65 1 1001014
78 0 1001307
78 1 1001419
69 0 1001540
69 1 1001647
83 0 1001985
83 1 1002106
67 0 1002217
67 1 1002367
32 0 1002474
32 1 1002576
65 0 1003190
65 1 1003309
32 0 1003423
32 1 1003519
82 0 1003872
82 1 1003958
65 0 1004037
65 1 1004164
77 0 1004731
77 1 1004812
65 0 1004926
65 1 1005038
83 0 1005139
83 1 1005256
32 0 1005341
32 1 1005436
77 0 1006057
77 1 1006148
85 0 1006245
85 1 1006330
76 0 1006736
76 1 1006836
84 0 1007063
84 1 1007194
32 0 1007325
32 1 1007415
73 0 1008192
73 1 1008289
78 0 1008440
78 1 1008511
32 0 1008632
32 1 1008723
85 0 1009999
85 1 1010097
82 0 1010232
82 1 1010340
77 0 1010629
77 1 1010716
65 0 1010823
65 1 1010920
32 0 1011024
32 1 1011109
83 0 1011812
83 1 1011930
73 0 1011980
73 1 1012096
32 0 1012186
32 1 1012278
83 0 1012594
83 1 1012711
80 0 1013083
80 1 1013162
85 0 1013357
85 1 1013444
78 0 1013599
78 1 1013680
32 0 1013799
32 1 1013889
65 0 1014019
65 1 1014101
83 0 1014200
83 1 1014275
84 0 1014362
84 1 1014447
65 0 1014517
65 1 1014639
32 0 1014725
32 1 1014799
80 0 1015639
80 1 1015724
69 0 1015891
69 1 1015983
78 0 1016244
78 1 1016335
84 0 1016518
84 1 1016599
82 0 1016688
82 1 1016822
85 0 1016930
85 1 1017024
32 0 1017151
32 1 1017251
67 0 1019894
67 1 1019990
65 0 1020081
65 1 1020192
32 0 1020312
32 1 1020402
83 0 1020995
83 1 1021121
69 0 1021242
69 1 1021378
32 0 1021570
32 1 1021686
86 0 1022640
86 1 1022741
69 0 1022842
69 1 1022959
68 0 1023134
68 1 1023276
69 0 1023336
69 1 1023447
32 0 1023568
32 1 1023661
67 0 1024964
67 1 1025103
85 0 1025153
85 1 1025285
77 0 1025436
77 1 1025524
32 0 1025665
32 1 1025750
65 0 1026325
65 1 1026471
78 0 1026592
78 1 1026688
32 0 1026804
32 1 1026880
68 0 1027952
68 1 1028076
69 0 1028147
69 1 1028286
32 0 1029917
32 1 1030002
65 0 1030929
65 1 1031064
78 0 1031627
78 1 1031699
32 0 1032555
32 1 1032649
71 0 1033234
71 1 1033319
69 0 1033485
69 1 1033597
78 0 1033782
78 1 1033866
69 0 1033972
69 1 1034048
82 0 1034476
82 1 1034568
65 0 1034647
65 1 1034768
84 0 1034859
84 1 1034928
73 0 1035339
73 1 1035409
73 0 1035514
73 1 1035591
32 0 1035819
32 1 1035900
73 0 1036514
73 1 1036601
78 0 1036701
78 1 1036792
84 0 1037029
84 1 1037112
82 0 1037221
82 1 1037294
69 0 1037410
69 1 1037526
71 0 1037756
71 1 1037823
73 0 1038240
73 1 1038321
32 0 1038464
32 1 1038553
68 0 1038694
68 1 1038846
69 0 1038896
69 1 1039008
32 0 1039063
32 1 1039167
73 0 1039827
73 1 1039921
68 0 1040185
68 1 1040331
73 0 1040400
73 1 1040477
79 0 1040608
79 1 1040731
84 0 1041207
84 1 1041372
73 0 1041447
73 1 1041548
32 0 1041743
32 1 1041833
73 0 1042911
73 1 1042982
69 0 1043114
69 1 1043240
83 0 1043350
83 1 1043467
32 0 1043567
32 1 1043663
68 0 1043969
68 1 1044091
69 0 1044121
69 1 1044253
32 0 1044302
32 1 1044398
80 0 1045243
80 1 1045339
69 0 1045449
69 1 1045551
32 0 1045605
32 1 1045701
66 0 1045954
66 1 1046031
65 0 1046480
65 1 1046597
78 0 1047348
78 1 1047428
67 0 1047715
67 1 1047844
73 0 1048116
73 1 1048197
76 0 1048674
76 1 1048755
69 0 1048920
69 1 1049052
32 0 1049102
32 1 1049198
83 0 1049526
83 1 1049650
67 0 1049804
67 1 1049942
79 0 1050108
79 1 1050189
76 0 1050325
76 1 1050422
73 0 1050567
73 1 1050628
76 0 1050850
76 1 1050953
79 0 1051143
79 1 1051218
82 0 1051701
82 1 1051836
188 0 1053270
188 1 1053356
32 0 1053506
32 1 1053593
70 0 1054156
70 1 1054262
65 0 1054657
65 1 1054775
82 0 1055014
82 1 1055118
65 0 1055182
65 1 1055305
32 0 1055394
32 1 1055505
65 0 1055586
65 1 1055692
32 0 1055813
32 1 1055902
70 0 1056140
70 1 1056272
73 0 1056453
73 1 1056559
32 0 1056672
32 1 1056780
73 0 1057388
73 1 1057489
78 0 1057620
78 1 1057701
32 0 1057816
32 1 1057908
83 0 1058038
83 1 1058164
84 0 1058260
84 1 1058356
65 0 1058457
65 1 1058575
82 0 1058659
82 1 1058762
69 0 1058841
69 1 1058959
32 0 1059008
32 1 1059124
83 0 1060147
83 1 1060269
65 0 1060334
65 1 1060458
32 0 1060531
32 1 1060624
65 0 1060826
65 1 1060930
66 0 1061581
66 1 1061667
83 0 1062079
83 1 1062194
79 0 1062456
79 1 1062517
76 0 1062678
76 1 1062755
86 0 1063196
86 1 1063293
69 0 1063510
69 1 1063633
32 0 1063716
32 1 1063808
56 0 1066488
56 1 1066595
32 0 1067004
32 1 1067111
67 0 1067821
67 1 1067933
76 0 1068058
76 1 1068154
65 0 1068768
65 1 1068911
83 0 1069241
83 1 1069332
69 0 1069588
69 1 1069710
188 0 1070354
188 1 1070463
32 0 1070602
32 1 1070695
49 0 1071369
49 1 1071507
50 0 1071612
50 1 1071733
32 0 1071824
32 1 1071924
67 0 1072255
67 1 1072371
76 0 1072507
76 1 1072603
65 0 1072733
65 1 1072871
83 0 1073035
83 1 1073151
69 0 1073241
69 1 1073383
188 0 1074357
188 1 1074449
32 0 1074568
32 1 1074651
66 0 1075227
66 1 1075314
65 0 1075427
65 1 1075546
67 0 1075823
67 1 1075909
65 0 1075988
65 1 1076105
76 0 1076650
76 1 1076720
65 0 1076795
65 1 1076907
85 0 1077311
85 1 1077383
82 0 1077694
82 1 1077786
69 0 1077867
69 1 1077964
65 0 1078194
65 1 1078332
84 0 1078573
84 1 1078648
188 0 1080018
188 1 1080112
8 0 1081118
8 1 1081173
190 0 1081486
190 1 1081563
32 0 1081904
32 1 1081991
16 0 1083157
83 0 1083394
16 1 1083504
83 1 1083569
73 0 1083696
73 1 1083792
83 0 1083857
83 1 1083989
84 0 1084306
84 1 1084395
69 0 1084445
69 1 1084586
77 0 1084894
77 1 1084984
85 0 1085115
85 1 1085186
76 0 1085810
76 1 1085917
32 0 1086124
32 1 1086201
65 0 1087054
65 1 1087154
82 0 1087636
82 1 1087785
32 0 1088319
32 1 1088394
65 0 1089003
65 1 1089125
86 0 1089437
86 1 1089543
69 0 1089603
69 1 1089715
65 0 1089859
65 1 1089993
32 0 1090133
32 1 1090222
78 0 1091058
78 1 1091138
69 0 1091331
69 1 1091447
86 0 1091794
86 1 1091943
79 0 1092270
79 1 1092368
73 0 1092462
73 1 1092553
69 0 1092659
69 1 1092765
32 0 1092825
32 1 1092930
68 0 1093088
68 1 1093228
69 0 1093274
69 1 1093417
32 0 1093485
32 1 1093570
79 0 1094323
79 1 1094414
32 0 1094555
32 1 1094663
82 0 1094775
82 1 1094888
69 0 1094989
69 1 1095106
80 0 1095945
80 1 1096027
82 0 1096180
82 1 1096337
79 0 1096447
79 1 1096538
73 0 1096959
73 1 1097070
69 0 1097190
69 1 1097314
67 0 1097642
67 1 1097757
84 0 1097999
84 1 1098115
65 0 1098624
65 1 1098773
82 0 1098881
82 1 1098985
69 0 1099053
69 1 1099197
32 0 1100760
32 1 1100877
65 0 1100994
65 1 1101125
68 0 1101235
68 1 1101326
65 0 1101410
65 1 1101528
80 0 1102016
80 1 1102102
84 0 1102366
84 1 1102463
65 0 1102490
65 1 1102624
84 0 1102702
84 1 1102785
65 0 1102874
65 1 1102982
32 0 1103562
32 1 1103676
76 0 1104171
76 1 1104264
65 0 1104354
65 1 1104490
32 0 1104556
32 1 1104652
78 0 1107725
78 1 1107793
69 0 1107863
69 1 1107995
86 0 1108456
86 1 1108584
79 0 1108790
79 1 1108881
73 0 1108978
73 1 1109068
76 0 1109463
76 1 1109555
69 0 1109645
69 1 1109806
32 0 1109880
32 1 1109952
83 0 1110814
83 1 1110961
79 0 1110991
79 1 1111092
67 0 1111321
67 1 1111463
73 0 1111557
73 1 1111664
69 0 1111755
69 1 1111876
84 0 1112051
84 1 1112154
65 0 1112187
65 1 1112318
84 0 1112500
84 1 1112586
73 0 1112990
73 1 1113072
32 0 1113237
32 1 1113332
80 0 1113827
80 1 1113910
69 0 1113996
69 1 1114112
32 0 1114166
32 1 1114258
68 0 1114397
68 1 1114529
69 0 1114569
69 1 1114687
32 0 1114832
32 1 1114938
79 0 1115054
79 1 1115125
32 0 1115417
32 1 1115525
80 0 1115720
80 1 1115818
65 0 1115874
65 1 1115995
82 0 1116222
82 1 1116337
84 0 1116477
84 1 1116608
69 0 1116682
69 1 1116815
188 0 1117339
188 1 1117443
32 0 1117543
32 1 1117648
73 0 1118486
73 1 1118587
65 0 1118854
65 1 1118988
32 0 1119104
32 1 1119194
80 0 1119510
80 1 1119598
69 0 1119672
69 1 1119790
32 0 1119870
32 1 1119970
68 0 1120076
68 1 1120248
69 0 1120272
69 1 1120410
32 0 1120439
32 1 1120548
65 0 1120931
65 1 1121078
76 0 1121138
76 1 1121224
84 0 1121505
84 1 1121601
65 0 1121711
65 1 1121838
32 0 1121933
32 1 1122029
80 0 1122403
80 1 1122476
65 0 1122627
65 1 1122773
82 0 1122981
82 1 1123072
84 0 1123159
84 1 1123250
69 0 1123346
69 1 1123494
32 0 1123527
32 1 1123626
76 0 1125330
76 1 1125416
65 0 1125586
65 1 1125742
32 0 1125842
32 1 1125923
73 0 1151125
73 1 1151206
82 0 1155681
82 1 1155767
83 0 1166816
83 1 1166973
73 0 1167068
73 1 1167185
83 0 1167225
83 1 1167367
84 0 1167607
84 1 1167694
69 0 1167740
69 1 1167913
77 0 1168196
77 1 1168266
69 0 1168340
69 1 1168489
76 0 1168619
76 1 1168705
69 0 1168785
69 1 1168931
32 0 1168971
32 1 1169071
73 0 1169585
73 1 1169702
78 0 1169802
78 1 1169901
70 0 1170283
70 1 1170395
79 0 1170590
79 1 1170702
82 0 1171049
82 1 1171183
77 0 1171367
77 1 1171469
65 0 1171718
65 1 1171820
84 0 1172222
84 1 1172374
73 0 1172440
73 1 1172555
79 0 1172615
79 1 1172742
78 0 1172898
78 1 1173001
65 0 1173249
65 1 1173395
76 0 1173575
76 1 1173673
69 0 1174020
69 1 1174176
32 0 1174236
32 1 1174346
65 0 1175166
65 1 1175339
67 0 1175487
67 1 1175640
84 0 1176053
84 1 1176185
85 0 1176301
85 1 1176392
65 0 1176689
65 1 1176804
76 0 1177014
76 1 1177110
69 0 1177237
69 1 1177358
32 0 1182592
32 1 1182689
83 0 1183131
83 1 1183267
73 0 1183383
73 1 1183499
32 0 1183611
32 1 1183723
76 0 1183993
76 1 1184091
65 0 1184177
65 1 1184283
32 0 1184353
32 1 1184473
67 0 1184999
67 1 1185099
69 0 1185190
69 1 1185329
69 0 1185407
69 1 1185510
65 0 1185669
65 1 1185783
32 0 1185876
32 1 1185968
67 0 1186427
67 1 1186566
69 0 1186599
69 1 1186745
32 0 1186825
32 1 1186932
73 0 1187240
73 1 1187333
73 0 1187432
73 1 1187527
32 0 1187643
32 1 1187766
65 0 1188462
65 1 1188619
84 0 1188785
84 1 1188870
82 0 1188966
82 1 1189057
65 0 1189208
65 1 1189347
71 0 1190103
71 1 1190203
69 0 1190571
69 1 1190693
32 0 1191139
32 1 1191243
65 0 1191517
65 1 1191648
67 0 1191848
67 1 1191980
85 0 1192133
85 1 1192234
77 0 1192373
77 1 1192456
32 0 1192559
32 1 1192640
80 0 1192915
80 1 1193001
69 0 1193158
69 1 1193273
32 0 1193312
32 1 1193410
67 0 1193737
67 1 1193828
69 0 1193939
69 1 1194070
73 0 1194523
73 1 1194605
32 0 1194909
32 1 1194979
77 0 1195184
77 1 1195265
73 0 1195412
73 1 1195488
67 0 1195831
67 1 1195952
73 0 1196088
73 1 1196166
188 0 1196858
188 1 1196949
32 0 1197150
32 1 1197229
65 0 1197583
65 1 1197683
68 0 1197830
68 1 1197961
79 0 1198214
79 1 1198295
76 0 1198830
76 1 1198915
69 0 1199147
69 1 1199253
83 0 1199476
83 1 1199587
67 0 1199881
67 1 1199962
69 0 1200038
69 1 1200184
78 0 1200480
78 1 1200577
84 0 1200819
84 1 1200995
73 0 1201100
73 1 1201192
32 0 1201738
32 1 1201820
69 0 1202268
69 1 1202408
84 0 1202455
84 1 1202530
67 0 1203082
67 1 1203206
190 0 1204448
190 1 1204539
32 0 1204775
32 1 1204857
16 0 1215062
77 0 1215408
77 1 1215495
16 1 1215505
73 0 1215625
73 1 1215737
32 0 1215798
32 1 1215940
65 0 1216004
65 1 1216116
82 0 1216402
82 1 1216552
32 0 1216598
32 1 1216707
80 0 1216972
80 1 1217081
76 0 1217166
76 1 1217268
65 0 1217371
65 1 1217489
67 0 1217771
67 1 1217866
69 0 1217945
69 1 1218059
65 0 1218241
65 1 1218371
32 0 1218482
32 1 1218580
83 0 1220123
83 1 1220284
83 0 1221834
83 1 1221990
8 0 1222896
8 1 1222967
65 0 1223106
65 1 1223238
32 0 1223531
32 1 1223637
86 0 1224065
86 1 1224173
65 0 1224231
65 1 1224378
68 0 1224457
68 1 1224618
32 0 1224712
32 1 1224813
77 0 1225316
77 1 1225413
65 0 1225691
65 1 1225859
73 0 1225948
73 1 1226095
32 0 1226119
32 1 1226237
77 0 1226644
77 1 1226735
85 0 1226945
85 1 1227019
76 0 1227322
76 1 1227413
84 0 1227704
84 1 1227823
69 0 1227840
69 1 1227984
32 0 1228099
32 1 1228191
83 0 1228503
83 1 1228629
67 0 1228790
67 1 1228938
79 0 1229174
79 1 1229260
76 0 1229381
76 1 1229484
73 0 1229594
73 1 1229676
32 0 1229829
32 1 1229918
80 0 1231866
80 1 1231957
82 0 1232294
82 1 1232446
79 0 1232587
79 1 1232684
70 0 1233394
70 1 1233550
69 0 1233667
69 1 1233768
83 0 1234142
83 1 1234298
73 0 1234383
73 1 1234510
79 0 1234576
79 1 1234698
78 0 1235001
78 1 1235107
65 0 1235213
65 1 1235347
76 0 1235490
76 1 1235575
69 0 1235700
69 1 1235812
32 0 1235886
32 1 1235988
83 0 1236214
83 1 1236363
73 0 1236395
73 1 1236514
32 0 1236568
32 1 1236680
76 0 1237053
76 1 1237140
73 0 1237447
73 1 1237554
67 0 1237881
67 1 1237990
69 0 1238247
69 1 1238368
69 0 1238493
69 1 1238613
32 0 1238892
32 1 1239006
67 0 1240195
67 1 1240337
85 0 1240381
85 1 1240502
32 0 1240567
32 1 1240688
85 0 1240915
85 1 1241048
78 0 1241118
78 1 1241223
32 0 1241349
32 1 1241440
80 0 1242159
80 1 1242260
82 0 1242425
82 1 1242583
79 0 1242773
79 1 1242859
70 0 1243429
70 1 1243563
73 0 1243653
73 1 1243744
76 0 1243936
76 1 1244017
32 0 1245211
32 1 1245325
67 0 1246064
67 1 1246171
76 0 1246353
76 1 1246453
65 0 1246611
65 1 1246743
82 0 1247071
82 1 1247237
188 0 1251057
188 1 1251188
32 0 1251405
32 1 1251514
85 0 1251694
85 1 1251781
78 0 1251891
78 1 1251988
68 0 1252295
68 1 1252431
69 0 1252507
69 1 1252659
32 0 1252682
32 1 1252798
67 0 1254092
67 1 1254224
79 0 1254284
79 1 1254375
80 0 1254494
80 1 1254571
73 0 1254706
73 1 1254809
73 0 1254923
73 1 1255014
73 0 1255171
73 1 1255273
32 0 1257318
32 1 1257440
83 0 1257554
83 1 1257682
65 0 1257749
65 1 1257861
32 0 1257977
32 1 1258072
73 0 1258492
73 1 1258603
78 0 1258734
78 1 1258843
86 0 1259196
86 1 1259307
69 0 1259472
69 1 1259618
84 0 1259654
84 1 1259770
69 0 1259833
69 1 1259962
32 0 1260051
32 1 1260137
79 0 1260606
79 1 1260708
32 0 1260810
32 1 1260928
77 0 1261591
77 1 1261703
69 0 1261850
69 1 1261980
83 0 1262162
83 1 1262293
69 0 1262431
69 1 1262548
82 0 1262709
82 1 1262850
73 0 1263368
73 1 1263480
69 0 1263560
69 1 1263717
188 0 1264566
188 1 1264678
32 0 1264798
32 1 1264893
67 0 1265155
67 1 1265250
65 0 1265347
65 1 1265488
32 0 1265533
32 1 1265626
68 0 1266030
68 1 1266166
69 0 1266202
69 1 1266364
32 0 1266448
32 1 1266534
65 0 1267624
65 1 1267727
84 0 1268067
84 1 1268205
79 0 1268633
79 1 1268729
84 0 1268868
84 1 1268999
67 0 1270000
67 1 1270132
85 0 1270258
85 1 1270380
78 0 1270492
78 1 1270582
65 0 1270734
65 1 1270842
83 0 1271017
83 1 1271124
67 0 1271804
67 1 1271922
65 0 1272388
65 1 1272507
84 0 1273702
84 1 1273858
79 0 1274211
79 1 1274315
82 0 1274582
82 1 1274718
73 0 1274787
73 1 1274899
32 0 1275071
32 1 1275181
65 0 1280654
65 1 1280755
66 0 1281322
66 1 1281428
83 0 1281579
83 1 1281705
79 0 1282168
79 1 1282259
76 0 1282669
76 1 1282750
86 0 1283203
86 1 1283310
69 0 1283441
69 1 1283584
78 0 1283747
78 1 1283834
84 0 1284219
84 1 1284382
73 0 1284495
73 1 1284588
32 0 1284744
32 1 1284830
68 0 1285883
68 1 1286017
69 0 1286051
69 1 1286183
32 0 1286270
32 1 1286369
82 0 1286762
82 1 1286853
69 0 1286939
69 1 1287057
65 0 1287284
65 1 1287423
76 0 1287584
76 1 1287698
32 0 1287832
32 1 1287929
83 0 1288110
83 1 1288266
65 0 1288343
65 1 1288494
85 0 1288575
85 1 1288705
32 0 1288788
32 1 1288891
85 0 1289202
85 1 1289323
77 0 1289403
77 1 1289495
65 0 1289676
65 1 1289838
78 0 1290033
78 1 1290134
32 0 1291710
32 1 1291801
78 0 1292032
78 1 1292123
69 0 1292300
69 1 1292405
32 0 1292523
32 1 1292624
65 0 1292761
65 1 1292901
77 0 1293167
77 1 1293285
32 0 1293349
32 1 1293469
85 0 1295104
85 1 1295221
77 0 1295331
77 1 1295433
80 0 1296721
80 1 1296833
76 0 1297034
76 1 1297125
85 0 1297827
85 1 1297914
84 0 1298180
84 1 1298246
190 0 1300446
190 1 1300512
32 0 1301087
32 1 1301169
16 0 1301498
83 0 1301840
16 1 1301926
83 1 1301997
69 0 1302117
69 1 1302225
65 0 1302481
65 1 1302609
82 0 1302886
82 1 1302967
65 0 1303043
65 1 1303178
32 0 1303228
32 1 1303313
70 0 1303787
70 1 1303879
82 0 1303970
82 1 1304120
85 0 1304354
85 1 1304424
77 0 1304611
77 1 1304702
79 0 1304826
79 1 1304914
65 0 1305220
65 1 1305342
83 0 1305468
83 1 1305590
65 0 1306037
65 1 1306113
16 0 1306840
49 0 1307130
49 1 1307249
16 1 1307260
16 0 1315230
222 0 1315468
16 1 1315559
222 1 1315569
37 0 1316866
37 1 1316955
37 0 1317049
37 1 1317131
37 0 1317211
37 1 1317302
37 0 1317366
37 1 1317448
37 0 1317528
37 1 1317599
37 0 1317810
37 1 1317882
37 0 1317962
37 1 1318051
37 0 1318123
37 1 1318211
37 0 1318284
37 1 1318369
37 0 1318466
37 1 1318561
37 0 1318638
37 1 1318732
37 0 1318817
37 1 1318889
37 0 1318971
37 1 1319054
37 0 1319147
37 1 1319234
37 0 1319308
37 1 1319412
37 0 1319854
37 1 1319936
16 0 1321092
16 0 1321601
16 0 1321632
16 0 1321662
16 0 1321692
16 0 1321722
16 0 1321752
16 0 1321783
16 0 1321813
16 0 1321844
16 0 1321874
16 0 1321904
16 0 1321934
16 0 1321965
16 0 1321995
16 0 1322032
16 0 1322062
16 0 1322092
16 0 1322122
16 0 1322152
16 0 1322184
16 0 1322214
16 0 1322244
16 0 1322274
16 0 1322304
16 0 1322334
16 0 1322368
16 0 1322399
16 0 1322429
16 0 1322459
222 0 1322469
222 1 1322550
16 1 1322611
32 0 1325677
32 1 1325805
16 0 1326549
186 0 1326805
186 1 1326892
48 0 1327230
48 1 1327327
16 1 1327339
16 0 1390233
70 0 1390641
70 1 1390746
16 1 1390756
82 0 1390867
82 1 1390945
85 0 1391473
85 1 1391565
77 0 1391767
77 1 1391859
79 0 1392049
79 1 1392155
65 0 1392352
65 1 1392472
83 0 1392543
83 1 1392675
65 0 1392735
65 1 1392899
32 0 1392946
32 1 1393060
70 0 1393262
70 1 1393384
82 0 1393484
82 1 1393590
69 0 1393933
69 1 1394050
83 0 1394199
83 1 1394315
67 0 1394552
67 1 1394646
65 0 1394688
65 1 1394827
32 0 1394957
32 1 1395067
65 0 1400596
65 1 1400772
82 0 1400802
82 1 1400918
65 0 1401008
65 1 1401127
84 0 1401292
84 1 1401393
65 0 1401448
65 1 1401572
32 0 1401650
32 1 1401753
79 0 1402669
79 1 1402791
32 0 1402888
32 1 1403013
90 0 1403276
90 1 1403405
73 0 1403602
73 1 1403727
32 0 1403817
32 1 1403939
68 0 1404186
68 1 1404301
73 0 1404403
73 1 1404508
78 0 1404715
78 1 1404814
32 0 1404952
32 1 1405036
86 0 1409718
86 1 1409784
73 0 1410250
73 1 1410352
65 0 1410513
65 1 1410638
84 0 1410806
84 1 1410925
65 0 1411011
65 1 1411133
32 0 1411575
32 1 1411677
69 0 1412915
69 1 1413066
86 0 1413355
86 1 1413492
85 0 1413661
85 1 1413744
76 0 1414163
76 1 1414237
85 0 1414454
85 1 1414535
73 0 1414666
73 1 1414767
8 0 1418968
8 1 1419096
8 0 1419196
8 1 1419275
8 0 1419365
8 1 1419463
8 0 1421964
8 1 1422044
8 0 1422139
8 1 1422225
8 0 1422344
8 1 1422431
85 0 1423715
85 1 1423846
78 0 1423936
78 1 1424058
69 0 1424249
69 1 1424384
73 0 1424515
73 1 1424636
32 0 1424717
32 1 1424829
67 0 1425400
67 1 1425533
79 0 1425657
79 1 1425779
77 0 1425899
77 1 1426015
85 0 1426267
85 1 1426370
78 0 1426448
78 1 1426591
73 0 1426676
73 1 1426787
84 0 1427065
84 1 1427183
65 0 1427748
65 1 1427884
84 0 1428197
84 1 1428313
73 0 1428821
73 1 1428923
32 0 1429160
32 1 1429268
73 0 1437192
73 1 1437270
78 0 1437471
78 1 1437547
32 0 1437723
32 1 1437839
85 0 1437969
85 1 1438057
82 0 1438313
82 1 1438398
77 0 1438865
77 1 1438959
65 0 1439094
65 1 1439216
32 0 1439271
32 1 1439367
67 0 1439668
67 1 1439782
85 0 1439873
85 1 1439980
32 0 1440034
32 1 1440166
67 0 1440220
67 1 1440328
65 0 1440772
65 1 1440909
84 0 1441099
84 1 1441192
69 0 1441331
69 1 1441454
86 0 1441639
86 1 1441735
65 0 1441801
65 1 1441923
32 0 1441994
32 1 1442093
83 0 1442225
83 1 1442361
85 0 1442549
85 1 1442656
84 0 1443068
84 1 1443180
69 0 1443291
69 1 1443408
32 0 1443477
32 1 1443588
68 0 1443825
68 1 1443952
69 0 1443982
69 1 1444108
32 0 1444158
32 1 1444279
65 0 1444831
65 1 1444983
78 0 1445164
78 1 1445279
73 0 1445436
73 1 1445530
188 0 1446627
188 1 1446714
32 0 1446840
32 1 1446939
79 0 1447253
79 1 1447354
32 0 1447460
32 1 1447578
90 0 1447767
90 1 1447896
73 0 1448030
73 1 1448151
32 0 1448244
32 1 1448360
73 0 1448862
73 1 1448954
78 0 1449061
78 1 1449146
32 0 1449266
32 1 1449353
67 0 1449538
67 1 1449627
65 0 1449744
65 1 1449859
82 0 1450061
82 1 1450157
69 0 1450216
69 1 1450365
32 0 1450407
32 1 1450531
67 0 1454019
67 1 1454206
79 0 1454346
79 1 1454484
77 0 1454599
77 1 1454699
85 0 1455022
85 1 1455123
78 0 1455213
78 1 1455325
73 0 1455447
73 1 1455554
84 0 1455789
84 1 1455897
65 0 1455987
65 1 1456093
84 0 1456169
84 1 1456274
69 0 1456420
69 1 1456528
65 0 1456748
65 1 1456890
32 0 1457036
32 1 1457137
83 0 1475854
83 1 1476000
69 0 1476085
69 1 1476237
32 0 1476318
32 1 1476459
82 0 1476741
82 1 1476846
69 0 1476891
69 1 1477033
85 0 1477300
85 1 1477406
78 0 1477583
78 1 1477701
69 0 1477780
69 1 1477893
65 0 1478124
65 1 1478260
32 0 1478635
32 1 1478746
80 0 1485720
80 1 1485822
69 0 1486009
69 1 1486113
32 0 1486164
32 1 1486295
83 0 1486457
83 1 1486610
84 0 1486812
84 1 1486908
82 0 1487035
82 1 1487124
65 0 1487321
65 1 1487441
90 0 1487815
90 1 1487954
73 0 1488104
73 1 1488185
76 0 1488403
76 1 1488503
69 0 1488649
69 1 1488761
32 0 1488861
32 1 1488980
85 0 1489223
85 1 1489324
78 0 1489465
78 1 1489561
85 0 1489662
85 1 1489743
73 0 1489839
73 1 1489956
32 0 1490094
32 1 1490174
79 0 1490588
79 1 1490663
82 0 1490939
82 1 1491025
65 0 1491201
65 1 1491318
83 0 1491465
83 1 1491611
32 0 1497734
32 1 1497822
83 0 1497978
83 1 1498150
65 0 1498208
65 1 1498402
85 0 1498483
85 1 1498685
32 0 1498733
32 1 1498866
73 0 1504310
73 1 1504412
78 0 1504563
78 1 1504650
32 0 1504760
32 1 1504835
67 0 1504993
67 1 1505101
69 0 1505196
69 1 1505323
86 0 1505391
86 1 1505488
65 0 1505600
65 1 1505742
32 0 1505822
32 1 1505928
67 0 1506174
67 1 1506270
69 0 1506315
69 1 1506442
32 0 1506537
32 1 1506638
65 0 1506765
65 1 1506893
82 0 1506996
82 1 1507098
32 0 1507236
32 1 1507317
80 0 1507836
80 1 1507918
65 0 1508001
65 1 1508128
82 0 1508264
82 1 1508357
69 0 1508448
69 1 1508562
65 0 1508702
65 1 1508821
32 0 1508898
32 1 1508987
79 0 1509299
79 1 1509390
32 0 1509511
32 1 1509595
67 0 1509854
67 1 1509970
76 0 1510172
76 1 1510275
65 0 1510351
65 1 1510487
68 0 1510651
68 1 1510775
73 0 1510893
73 1 1510978
82 0 1511203
82 1 1511288
69 0 1511355
69 1 1511501
32 0 1511581
32 1 1511621
73 0 1512100
73 1 1512193
77 0 1512277
77 1 1512375
80 0 1512575
80 1 1512647
79 0 1512756
79 1 1512849
82 0 1513015
82 1 1513137
84 0 1513322
84 1 1513409
65 0 1513463
65 1 1513615
78 0 1513923
78 1 1514005
84 0 1514197
84 1 1514283
65 0 1514409
65 1 1514551
32 0 1520652
32 1 1520748
80 0 1521096
80 1 1521219
69 0 1521364
69 1 1521486
78 0 1521667
78 1 1521764
84 0 1521950
84 1 1522045
82 0 1522105
82 1 1522262
85 0 1522383
85 1 1522491
32 0 1522564
32 1 1522682
67 0 1522852
67 1 1523017
79 0 1523226
79 1 1523337
77 0 1524277
77 1 1524377
85 0 1524579
85 1 1524666
78 0 1524918
78 1 1525011
73 0 1525099
73 1 1525187
84 0 1525418
84 1 1525498
65 0 1525573
65 1 1525704
84 0 1525745
84 1 1525846
69 0 1525953
69 1 1526089
188 0 1526781
188 1 1526883
32 0 1527018
32 1 1527100
71 0 1527582
71 1 1527659
69 0 1527740
69 1 1527881
78 0 1528043
78 1 1528141
32 0 1528264
32 1 1528357
80 0 1529788
80 1 1529882
82 0 1529935
82 1 1530084
73 0 1530223
73 1 1530301
77 0 1530450
77 1 1530542
65 0 1530643
65 1 1530738
82 0 1531058
82 1 1531162
73 0 1531387
73 1 1531472
69 0 1531623
69 1 1531740
188 0 1532284
188 1 1532368
32 0 1532510
32 1 1532605
80 0 1533277
80 1 1533380
65 0 1533462
65 1 1533562
82 0 1534030
82 1 1534121
76 0 1534615
76 1 1534706
65 0 1534867
65 1 1534968
77 0 1535343
77 1 1535434
69 0 1535767
69 1 1535893
78 0 1536014
78 1 1536110
84 0 1536307
84 1 1536390
32 0 1536940
32 1 1537021
80 0 1539040
80 1 1539149
73 0 1539261
73 1 1539357
65 0 1539479
65 1 1539629
84 0 1539795
84 1 1539898
65 0 1540073
65 1 1540196
188 0 1545908
188 1 1546010
190 0 1554706
190 1 1554775
32 0 1555399
32 1 1555441
16 0 1556085
85 0 1556288
85 1 1556384
16 1 1556402
78 0 1556555
78 1 1556643
73 0 1556750
73 1 1556839
73 0 1556919
73 1 1557010
32 0 1557171
32 1 1557257
83 0 1558666
83 1 1558802
79 0 1558932
79 1 1559051
67 0 1559971
67 1 1560111
73 0 1560480
73 1 1560586
65 0 1560721
65 1 1560826
76 0 1560998
76 1 1561089
73 0 1561376
73 1 1561472
90 0 1561883
90 1 1562014
69 0 1562271
69 1 1562358
65 0 1562468
65 1 1562560
90 0 1563057
90 1 1563209
65 0 1563245
65 1 1563391
188 0 1563977
188 1 1564074
32 0 1564274
32 1 1564362
65 0 1565148
65 1 1565284
76 0 1565333
76 1 1565410
84 0 1565953
84 1 1566039
73 0 1566560
73 1 1566637
73 0 1566741
73 1 1566817
32 0 1566978
32 1 1567070
80 0 1567726
80 1 1567829
82 0 1568126
82 1 1568263
85 0 1568439
85 1 1568541
32 0 1568694
32 1 1568821
83 0 1569211
83 1 1569348
73 0 1569424
73 1 1569530
32 0 1569635
32 1 1569747
83 0 1570034
83 1 1570176
73 0 1570260
73 1 1570368
77 0 1570497
77 1 1570594
80 0 1570806
80 1 1570955
76 0 1571139
76 1 1571248
85 0 1571474
85 1 1571551
32 0 1571710
32 1 1571807
73 0 1573113
73 1 1573212
65 0 1573302
65 1 1573454
85 0 1573548
85 1 1573656
32 0 1573744
32 1 1573861
79 0 1579193
79 1 1579318
32 0 1579767
32 1 1579873
80 0 1580365
80 1 1580474
65 0 1580642
65 1 1580732
85 0 1581337
85 1 1581448
90 0 1581604
90 1 1581739
65 0 1581762
65 1 1581898
32 0 1581978
32 1 1582109
68 0 1582181
68 1 1582312
69 0 1582424
69 1 1582565
32 0 1582605
32 1 1582729
76 0 1582897
76 1 1582988
65 0 1583053
65 1 1583197
32 0 1583265
32 1 1583345
65 0 1584603
65 1 1584815
67 0 1584868
67 1 1585009
84 0 1585374
84 1 1585494
73 0 1585623
73 1 1585751
86 0 1585966
86 1 1586094
73 0 1586144
73 1 1586259
84 0 1586518
84 1 1586623
65 0 1586703
65 1 1586830
84 0 1586902
84 1 1586978
73 0 1587428
73 1 1587503
76 0 1587735
76 1 1587831
69 0 1587996
69 1 1588107
32 0 1588178
32 1 1588279
90 0 1588931
90 1 1589067
73 0 1589189
73 1 1589275
76 0 1589425
76 1 1589502
69 0 1589667
69 1 1589799
73 0 1590136
73 1 1590228
8 0 1596834
8 1 1596928
39 0 1601031
39 1 1601128
82 0 1602106
82 1 1602218
190 0 1619826
190 1 1619934
32 0 1620110
32 1 1620210
16 0 1621144
65 0 1621371
16 1 1621459
65 1 1621523
77 0 1621633
77 1 1621764
32 0 1621831
32 1 1621966
82 0 1622350
82 1 1622451
69 0 1622547
69 1 1622673
77 0 1622967
77 1 1623054
65 0 1623492
65 1 1623624
82 0 1623930
82 1 1624036
67 0 1624314
67 1 1624407
65 0 1624508
65 1 1624644
84 0 1624805
84 1 1624917
32 0 1625384
32 1 1625489
70 0 1625833
70 1 1625930
65 0 1626000
65 1 1626128
80 0 1626845
80 1 1626934
82 0 1627216
82 1 1627360
85 0 1627438
85 1 1627522
76 0 1627728
76 1 1627804
32 0 1628636
32 1 1628752
67 0 1628962
67 1 1629075
65 0 1629165
65 1 1629289
32 0 1630366
32 1 1630478
67 0 1631435
67 1 1631559
73 0 1631630
73 1 1631707
78 0 1632157
78 1 1632257
69 0 1632417
69 1 1632533
86 0 1632825
86 1 1632921
65 0 1632987
65 1 1633108
32 0 1633209
32 1 1633320
83 0 1635542
83 1 1635658
67 0 1635816
67 1 1635956
82 0 1636394
82 1 1636523
73 0 1636687
73 1 1636791
69 0 1636866
69 1 1636972
32 0 1637370
32 1 1637480
83 0 1637570
83 1 1637707
65 0 1637762
65 1 1637919
85 0 1637974
85 1 1638108
32 0 1638161
32 1 1638282
80 0 1638946
80 1 1639051
73 0 1639237
73 1 1639328
67 0 1639651
67 1 1639764
84 0 1640025
84 1 1640132
69 0 1640180
69 1 1640294
65 0 1640616
65 1 1640769
90 0 1640920
90 1 1641069
65 0 1641155
65 1 1641298
190 0 1643159
190 1 1643260
8 0 1656821
8 1 1656900
188 0 1657463
188 1 1657562
32 0 1657743
32 1 1657851
65 0 1658127
65 1 1658259
76 0 1658353
76 1 1658455
84 0 1658767
84 1 1658843
67 0 1659360
67 1 1659502
73 0 1659631
73 1 1659737
78 0 1659920
78 1 1660020
69 0 1660177
69 1 1660272
86 0 1660499
86 1 1660592
65 0 1660665
65 1 1660789
32 0 1660864
32 1 1660970
84 0 1661444
84 1 1661610
73 0 1661715
73 1 1661827
78 0 1661993
78 1 1662100
69 0 1662211
69 1 1662362
32 0 1662392
32 1 1662488
79 0 1662821
79 1 1662924
32 0 1663010
32 1 1663140
80 0 1663245
80 1 1663358
82 0 1663545
82 1 1663710
69 0 1663755
69 1 1663897
76 0 1664063
76 1 1664164
69 0 1664260
69 1 1664393
71 0 1664876
71 1 1664972
69 0 1665018
69 1 1665134
82 0 1665244
82 1 1665360
69 0 1665456
69 1 1665602
188 0 1670104
188 1 1670229
32 0 1670354
32 1 1670462
67 0 1671657
67 1 1671798
73 0 1671834
73 1 1671959
78 0 1672353
78 1 1672459
69 0 1672610
69 1 1672734
86 0 1672969
86 1 1673062
65 0 1673157
65 1 1673263
32 0 1673333
32 1 1673423
77 0 1673666
77 1 1673757
69 0 1673882
69 1 1674004
68 0 1674135
68 1 1674292
73 0 1674347
73 1 1674450
84 0 1674919
84 1 1675010
69 0 1675112
69 1 1675208
65 0 1675705
65 1 1675827
90 0 1675932
90 1 1676086
65 0 1676210
65 1 1676322
188 0 1681608
188 1 1681710
32 0 1681866
32 1 1681947
65 0 1682249
65 1 1682378
76 0 1682547
76 1 1682663
84 0 1683117
84 1 1683258
73 0 1683323
73 1 1683427
73 0 1683512
73 1 1683599
32 0 1684441
32 1 1684541
80 0 1685047
80 1 1685139
65 0 1685299
65 1 1685416
82 0 1685636
82 1 1685757
32 0 1685834
32 1 1685953
67 0 1686449
67 1 1686626
65 0 1686661
65 1 1686830
32 0 1686950
32 1 1687081
83 0 1687122
83 1 1687304
85 0 1687419
85 1 1687557
78 0 1687656
78 1 1687757
84 0 1687939
84 1 1688046
32 0 1688120
32 1 1688237
76 0 1689561
76 1 1689687
65 0 1689828
65 1 1689979
32 0 1690120
32 1 1690225
8 0 1693009
8 1 1693080
8 0 1693170
8 1 1693251
8 0 1693679
8 1 1693714
73 0 1694824
73 1 1694935
78 0 1695052
78 1 1695167
84 0 1695396
84 1 1695511
82 0 1695540
82 1 1695744
32 0 1695779
32 1 1695911
79 0 1695992
79 1 1696104
32 0 1696214
32 1 1696350
70 0 1696596
70 1 1696743
82 0 1696763
82 1 1696959
85 0 1697013
85 1 1697136
77 0 1697236
77 1 1697353
79 0 1697509
79 1 1697601
65 0 1697727
65 1 1697837
83 0 1697937
83 1 1698051
65 0 1698106
65 1 1698263
32 0 1698338
32 1 1698461
80 0 1698903
80 1 1699008
82 0 1699179
82 1 1699321
79 0 1699427
79 1 1699528
77 0 1699776
77 1 1699895
69 0 1700081
69 1 1700182
78 0 1701110
78 1 1701218
65 0 1701672
65 1 1701839
68 0 1702009
68 1 1702155
65 0 1702227
65 1 1702408
32 0 1702625
32 1 1702725
8 0 1709980
8 1 1710056
190 0 1710349
190 1 1710426
32 0 1726212
32 1 1726316
16 0 1726540
67 0 1726898
67 1 1727082
16 1 1727098
85 0 1727293
85 1 1727454
32 0 1727520
32 1 1727642
83 0 1728625
83 1 1728779
73 0 1728793
73 1 1728926
71 0 1729322
71 1 1729458
85 0 1729574
85 1 1729670
82 0 1729918
82 1 1730006
65 0 1730130
65 1 1730253
78 0 1730478
78 1 1730566
84 0 1730751
84 1 1730844
65 0 1731255
65 1 1731381
32 0 1732781
32 1 1732887
83 0 1733050
83 1 1733169
73 0 1733274
73 1 1733371
32 0 1733467
32 1 1733581
65 0 1733719
65 1 1733860
84 0 1734378
84 1 1734519
85 0 1734690
85 1 1734785
78 0 1735158
78 1 1735223
67 0 1735551
67 1 1735670
73 0 1735773
73 1 1735874
32 0 1736108
32 1 1736210
8 0 1737135
8 1 1737213
188 0 1737683
188 1 1737765
32 0 1737909
32 1 1737987
67 0 1738216
67 1 1738304
65 0 1738419
65 1 1738597
32 0 1738631
32 1 1738710
83 0 1738852
83 1 1738999
73 0 1739100
73 1 1739196
32 0 1739302
32 1 1739394
65 0 1739500
65 1 1739658
67 0 1739944
67 1 1740076
85 0 1740206
85 1 1740318
77 0 1740439
77 1 1740510
32 0 1740681
32 1 1740761
8 0 1745059
8 1 1745124
188 0 1745865
188 1 1745949
32 0 1746121
32 1 1746197
79 0 1746986
79 1 1747098
65 0 1747219
65 1 1747340
77 0 1747540
77 1 1747636
69 0 1747817
69 1 1747933
78 0 1748142
78 1 1748226
73 0 1748372
73 1 1748460
73 0 1748838
73 1 1748915
32 0 1749156
32 1 1749237
69 0 1753253
69 1 1753384
82 0 1753673
82 1 1753770
65 0 1753867
65 1 1754012
85 0 1754189
85 1 1754305
32 0 1754368
32 1 1754484
80 0 1754905
80 1 1755017
82 0 1755193
82 1 1755334
69 0 1755483
69 1 1755645
79 0 1755766
79 1 1755858
67 0 1756288
67 1 1756435
85 0 1756651
85 1 1756728
80 0 1757028
80 1 1757111
65 0 1757180
65 1 1757322
84 0 1757701
84 1 1757846
73 0 1757946
73 1 1758048
32 0 1758154
32 1 1758257
68 0 1758519
68 1 1758624
69 0 1758654
69 1 1758812
32 0 1758886
32 1 1758978
86 0 1764523
86 1 1764644
73 0 1764714
73 1 1764806
73 0 1764896
73 1 1764977
84 0 1765168
84 1 1765316
79 0 1765451
79 1 1765534
82 0 1765755
82 1 1765898
85 0 1766362
85 1 1766452
76 0 1766683
76 1 1766769
32 0 1766955
32 1 1767051
76 0 1767772
76 1 1767846
79 0 1767952
79 1 1768044
82 0 1768293
82 1 1768432
188 0 1768950
188 1 1769053
32 0 1769213
32 1 1769289
80 0 1769626
80 1 1769727
65 0 1769834
65 1 1769956
82 0 1770178
82 1 1770258
84 0 1770363
84 1 1770449
69 0 1770494
69 1 1770623
65 0 1770868
65 1 1771002
32 0 1771090
32 1 1771198
70 0 1771514
70 1 1771661
82 0 1771696
82 1 1771862
85 0 1771949
85 1 1772045
77 0 1772171
77 1 1772266
79 0 1772478
79 1 1772579
65 0 1772711
65 1 1772833
83 0 1772936
83 1 1773035
65 0 1773252
65 1 1773434
32 0 1774411
32 1 1774533
69 0 1774896
69 1 1775034
32 0 1775105
32 1 1775221
67 0 1776011
67 1 1776106
65 0 1776334
65 1 1776504
32 0 1776551
32 1 1776651
80 0 1777032
80 1 1777134
65 0 1777228
65 1 1777390
82 0 1777565
82 1 1777673
32 0 1777823
32 1 1777931
77 0 1778225
77 1 1778325
85 0 1778479
85 1 1778562
76 0 1778773
76 1 1778855
84 0 1779262
84 1 1779404
32 0 1779427
32 1 1779529
77 0 1780383
77 1 1780455
65 0 1780619
65 1 1780761
73 0 1781210
73 1 1781312
32 0 1781406
32 1 1781508
76 0 1781634
76 1 1781726
73 0 1781961
73 1 1782049
78 0 1782320
78 1 1782423
73 0 1782518
73 1 1782625
83 0 1782764
83 1 1782896
84 0 1783214
84 1 1783356
73 0 1783425
73 1 1783516
84 0 1783567
84 1 1783718
73 0 1783780
73 1 1783892
32 0 1784158
32 1 1784275
83 0 1784959
83 1 1785096
73 0 1785146
73 1 1785237
32 0 1785318
32 1 1785428
77 0 1785615
77 1 1785679
65 0 1785822
65 1 1785954
73 0 1786127
73 1 1786221
32 0 1786338
32 1 1786433
76 0 1786637
76 1 1786715
73 0 1786981
73 1 1787047
80 0 1787227
80 1 1787300
83 0 1788876
83 1 1789008
73 0 1790262
73 1 1790374
84 0 1790631
84 1 1790758
73 0 1791127
73 1 1791243
32 0 1791782
32 1 1791887
68 0 1792220
68 1 1792352
69 0 1792412
69 1 1792551
32 0 1792667
32 1 1792780
83 0 1793064
83 1 1793185
84 0 1793347
84 1 1793437
82 0 1793800
82 1 1793894
69 0 1795315
69 1 1795446
83 0 1795919
83 1 1796063
32 0 1798026
32 1 1798142
68 0 1798284
68 1 1798416
69 0 1798496
69 1 1798626
67 0 1798813
67 1 1798913
65 0 1799074
65 1 1799223
84 0 1799365
84 1 1799468
32 0 1799571
32 1 1799667
83 0 1802805
83 1 1802983
85 0 1803047
85 1 1803189
78 0 1803289
78 1 1803417
84 0 1803582
84 1 1803704
69 0 1803793
69 1 1803942
77 0 1804288
77 1 1804399
32 0 1804633
32 1 1804733
8 0 1811504
8 1 1811624
8 0 1811706
8 1 1811779
8 0 1811860
8 1 1811936
8 0 1812011
8 1 1812072
8 0 1812151
8 1 1812217
8 0 1812297
8 1 1812379
8 0 1812444
8 1 1812515
8 0 1812596
8 1 1812671
8 0 1812751
8 1 1812838
8 0 1812913
8 1 1813021
8 0 1813111
8 1 1813208
8 0 1813353
8 1 1813431
8 0 1813741
8 1 1813812
70 0 1814892
70 1 1814973
65 0 1815100
65 1 1815237
84 0 1815308
84 1 1815404
65 0 1815502
65 1 1815616
32 0 1815726
32 1 1815823
68 0 1815982
68 1 1816107
69 0 1816132
69 1 1816249
32 0 1816290
32 1 1816406
83 0 1816596
83 1 1816724
79 0 1817016
79 1 1817099
67 0 1817393
67 1 1817518
73 0 1817586
73 1 1817685
69 0 1817811
69 1 1817917
84 0 1818116
84 1 1818198
65 0 1818284
65 1 1818404
84 0 1818516
84 1 1818597
69 0 1818682
69 1 1818778
65 0 1818966
65 1 1819083
32 0 1819196
32 1 1819294
73 0 1819600
73 1 1819694
78 0 1819803
78 1 1819890
32 0 1820001
32 1 1820075
67 0 1820247
67 1 1820333
65 0 1820393
65 1 1820535
82 0 1820615
82 1 1820706
69 0 1820781
69 1 1820893
32 0 1821014
32 1 1821094
84 0 1822086
84 1 1822172
82 0 1822270
82 1 1822363
65 0 1822467
65 1 1822595
73 0 1822954
73 1 1823040
77 0 1823205
77 1 1823280
32 0 1823417
32 1 1823512
65 0 1823683
65 1 1823798
83 0 1823915
83 1 1824041
84 0 1824181
84 1 1824255
65 0 1824333
65 1 1824446
90 0 1824996
90 1 1825132
73 0 1825221
73 1 1825312
190 0 1826773
190 1 1826859
32 0 1827051
32 1 1827122
16 0 1827947
186 0 1828212
186 1 1828252
48 0 1829522
48 1 1829599
16 1 1829736
