16 0 735177
67 0 736096
67 1 736216
16 1 736241
8 0 736521
8 1 736613
16 0 736822
16 1 737634
16 0 749801
86 0 750136
86 1 750219
16 1 750324
82 0 750435
69 0 750508
82 1 750509
69 1 750598
77 0 750612
69 0 750707
77 1 750712
65 0 750779
69 1 750844
32 0 750888
65 1 750898
32 1 750979
69 0 751110
69 1 751214
32 0 751215
32 1 751274
85 0 751392
85 1 751467
82 0 751513
82 1 751631
65 0 751634
65 1 751758
84 0 751790
65 0 751874
84 1 751880
65 1 751998
190 0 752360
190 1 752479
32 0 752618
32 1 752714
16 0 752943
65 0 753063
16 1 753111
65 1 753187
67 0 753239
85 0 753307
67 1 753341
85 1 753394
77 0 753476
77 1 753567
32 0 753638
67 0 753750
32 1 753751
65 0 753790
67 1 753821
65 1 753902
84 0 753956
84 1 754029
69 0 754052
69 1 754099
86 0 754179
86 1 754256
65 0 754305
32 0 754404
65 1 754409
32 1 754516
90 0 754534
90 1 754646
73 0 754650
73 1 754729
76 0 754839
76 1 754946
69 0 754955
69 1 755058
32 0 755101
32 1 755192
65 0 755267
65 1 755395
32 0 755436
32 1 755511
73 0 755624
78 0 755676
73 1 755715
67 0 755742
78 1 755767
69 0 755824
67 1 755833
80 0 755919
69 1 755926
80 1 755995
85 0 756132
85 1 756215
84 0 756219
84 1 756319
32 0 756366
32 1 756444
80 0 756565
76 0 756633
80 1 756688
76 1 756736
79 0 756815
79 1 756886
65 0 756939
65 1 757027
73 0 757028
65 0 757107
73 1 757108
65 1 757182
32 0 757213
32 1 757291
83 0 757303
73 0 757380
83 1 757399
73 1 757459
32 0 757528
32 1 757619
68 0 757790
69 0 757870
68 1 757898
32 0 757954
69 1 757979
32 1 758049
65 0 758090
65 1 758185
84 0 758190
84 1 758246
85 0 758291
78 0 758351
67 0 758399
85 1 758404
78 1 758454
67 1 758531
73 0 758546
73 1 758637
32 0 758709
32 1 758784
80 0 758873
76 0 758945
80 1 758996
76 1 759028
79 0 759340
79 1 759451
85 0 759588
85 1 759667
65 0 759682
32 0 759787
65 1 759796
32 1 759846
78 0 759950
78 1 760013
79 0 760060
79 1 760115
78 0 760206
78 1 760273
32 0 760364
83 0 760447
32 1 760459
83 1 760574
84 0 760574
79 0 760652
84 1 760668
79 1 760736
80 0 760811
80 1 760894
190 0 761047
190 1 761178
32 0 761305
32 1 761437
16 0 761595
69 0 761991
69 1 762086
8 0 762380
8 1 762478
72 0 762651
72 1 762714
16 1 762743
79 0 763062
79 1 763121
82 0 763146
82 1 763221
82 0 763314
82 1 763413
79 0 763444
79 1 763543
82 0 763561
82 1 763676
190 0 764752
190 1 764863
32 0 765060
32 1 765176
16 0 765513
65 0 765981
16 1 766105
65 1 766161
77 0 767847
77 1 767922
32 0 768014
83 0 768094
32 1 768116
83 1 768193
80 0 768243
69 0 768327
80 1 768328
82 0 768407
69 1 768424
82 1 768508
65 0 768526
84 0 768630
65 1 768659
84 1 768725
32 0 768735
32 1 768825
83 0 768855
65 0 768906
83 1 768966
32 0 769003
65 1 769020
32 1 769090
86 0 769194
73 0 769277
86 1 769289
78 0 769326
73 1 769381
78 1 769402
65 0 769435
32 0 769519
65 1 769528
32 1 769606
90 0 769718
90 1 769833
80 0 769916
65 0 769952
80 1 769999
65 1 770091
68 0 770112
65 0 770208
68 1 770225
65 1 770319
32 0 770464
32 1 770509
8 0 770736
8 1 770794
8 0 770882
8 1 770949
8 0 771022
8 1 771082
8 0 771152
8 1 771227
8 0 771508
8 1 771595
65 0 771650
65 1 771761
80 0 771889
80 1 771957
65 0 771970
65 1 772086
68 0 772095
65 0 772186
68 1 772204
65 1 772306
32 0 772340
68 0 772419
32 1 772433
65 0 772508
68 1 772535
65 1 772615
82 0 772642
82 1 772725
32 0 772733
32 1 772829
68 0 772844
69 0 772908
68 1 772922
69 1 773004
71 0 773080
71 1 773147
69 0 773162
65 0 773279
69 1 773284
65 1 773377
66 0 773398
65 0 773472
66 1 773492
65 1 773572
16 0 773893
49 0 773985
49 1 774100
16 1 774232
32 0 774418
32 1 774585
16 0 776403
65 0 777360
16 1 777447
65 1 777495
83 0 777594
83 1 777694
32 0 777858
32 1 777939
70 0 777995
70 1 778095
73 0 778096
73 1 778178
32 0 778278
32 1 778382
86 0 778397
86 1 778481
82 0 778605
82 1 778696
85 0 778718
85 1 778800
84 0 778825
84 1 778918
32 0 778926
32 1 779034
83 0 779105
65 0 779136
83 1 779208
32 0 779273
65 1 779277
32 1 779351
70 0 779366
70 1 779460
73 0 779505
73 1 779595
69 0 779603
32 0 779696
69 1 779712
32 1 779761
77 0 779835
77 1 779905
85 0 780354
85 1 780415
76 0 780531
84 0 780610
76 1 780615
65 0 780649
84 1 780678
65 1 780799
32 0 780871
32 1 780983
83 0 781047
83 1 781175
65 0 781205
65 1 781329
80 0 781426
80 1 781506
8 0 781678
8 1 781739
8 0 781831
8 1 781891
8 0 781972
8 1 782048
90 0 782074
65 0 782142
90 1 782171
65 1 782246
80 0 782263
80 1 782351
65 0 782379
65 1 782495
68 0 782517
65 0 782646
68 1 782650
65 1 782773
32 0 782939
32 1 783031
83 0 783039
83 1 783143
73 0 783161
73 1 783197
32 0 783293
32 1 783401
83 0 783447
65 0 783519
83 1 783548
32 0 783587
65 1 783613
32 1 783644
78 0 783922
78 1 783994
73 0 784068
78 0 784140
73 1 784169
71 0 784236
78 1 784241
71 1 784344
65 0 784381
32 0 784455
65 1 784491
32 1 784541
70 0 784634
79 0 784735
70 1 784741
65 0 784822
79 1 784839
82 0 784923
65 1 784957
82 1 785002
84 0 785075
69 0 785139
84 1 785152
32 0 785204
69 1 785267
32 1 785315
77 0 785392
77 1 785472
85 0 785566
85 1 785651
76 0 785764
84 0 785852
76 1 785865
84 1 785946
77 0 787544
77 1 787571
8 0 788134
8 1 788222
188 0 788677
188 1 788767
32 0 788882
32 1 788974
83 0 789002
65 0 789058
83 1 789113
32 0 789142
65 1 789205
32 1 789214
73 0 789296
73 1 789383
76 0 789459
76 1 789515
32 0 789599
32 1 789699
86 0 789703
86 1 789771
65 0 789850
68 0 789966
65 1 789989
68 1 790065
32 0 790074
32 1 790166
80 0 790270
69 0 790310
80 1 790335
69 1 790402
32 0 790566
16 0 790608
32 1 790665
82 0 790762
16 1 790814
82 1 790874
85 0 790906
85 1 790994
66 0 791172
66 1 791248
69 0 791274
69 1 791374
78 0 791378
78 1 791450
32 0 791558
32 1 791650
67 0 791801
67 1 791906
85 0 791918
85 1 791990
77 0 792073
77 1 792161
32 0 792249
83 0 792325
32 1 792338
83 1 792396
69 0 792481
32 0 792545
69 1 792570
32 1 792628
79 0 792726
67 0 792770
79 1 792801
67 1 792886
85 0 792947
85 1 793027
80 0 793150
65 0 793209
80 1 793239
65 1 793329
32 0 793365
68 0 793405
32 1 793444
69 0 793489
68 1 793522
69 1 793584
32 0 793593
68 0 793665
32 1 793678
68 1 793773
69 0 793805
69 1 793836
83 0 794272
83 1 794360
90 0 794513
90 1 794626
65 0 794635
65 1 794771
80 0 794791
80 1 794874
69 0 794896
69 1 794963
90 0 795086
73 0 795194
90 1 795199
73 1 795286
82 0 795336
69 0 795412
82 1 795454
69 1 795540
32 0 795557
32 1 795620
67 0 795663
67 1 795752
85 0 795756
85 1 795815
32 0 795890
32 1 795969
16 0 795994
66 0 796111
16 1 796150
66 1 796186
82 0 796248
82 1 796341
65 0 796345
65 1 796452
78 0 796481
78 1 796549
84 0 796608
69 0 796680
84 1 796697
78 0 796801
69 1 796805
78 1 796899
69 0 796969
82 0 797093
69 1 797110
82 1 797225
16 0 797393
49 0 797777
49 1 797896
32 0 797989
16 1 798068
32 1 798149
16 0 798634
68 0 800086
16 1 800161
68 1 800194
85 0 800267
85 1 800351
8 0 801173
8 1 801228
16 0 801240
8 0 801289
8 1 801380
65 0 801469
16 1 801556
65 1 801593
78 0 801624
78 1 801747
85 0 801767
85 1 801839
76 0 801964
76 1 802019
32 0 802094
32 1 802194
82 0 802253
82 1 802368
8 0 802638
8 1 802725
84 0 802733
82 0 802786
84 1 802821
82 1 802893
69 0 802987
69 1 803071
67 0 803121
67 1 803213
85 0 803245
85 1 803333
84 0 803360
84 1 803460
32 0 803463
32 1 803563
16 0 803602
82 0 803728
16 1 803773
82 1 803834
85 0 803865
85 1 803928
66 0 804482
66 1 804566
69 0 804599
78 0 804708
69 1 804715
78 1 804774
32 0 804896
32 1 804954
77 0 805053
73 0 805133
77 1 805193
73 1 805224
189 0 805405
189 1 805521
65 0 805566
65 1 805669
32 0 805684
32 1 805763
67 0 805795
69 0 805895
67 1 805910
69 1 805986
82 0 806065
82 1 806156
85 0 806226
84 0 806282
85 1 806290
84 1 806375
32 0 806419
32 1 806563
68 0 806940
68 1 807016
69 0 807290
69 1 807377
77 0 807415
77 1 807517
73 0 807564
83 0 807605
73 1 807652
83 1 807709
73 0 807747
73 1 807830
65 0 807838
65 1 807970
188 0 807978
188 1 808058
32 0 808420
32 1 808514
8 0 808544
8 1 808646
32 0 809097
32 1 809188
80 0 810089
80 1 810193
84 0 810217
84 1 810300
32 0 810369
32 1 810456
68 0 810543
69 0 810625
68 1 810659
69 1 810747
83 0 810874
83 1 810941
90 0 811077
90 1 811200
65 0 811213
80 0 811321
65 1 811338
80 1 811424
69 0 811443
69 1 811518
90 0 811639
73 0 811738
90 1 811759
73 1 811832
82 0 811872
69 0 811925
82 1 811976
69 1 812063
188 0 812072
188 1 812127
32 0 812240
32 1 812327
8 0 813172
8 1 813231
8 0 813305
8 1 813381
190 0 813583
190 1 813698
32 0 813754
32 1 813841
16 0 813925
65 0 814033
16 1 814085
65 1 814121
66 0 814140
66 1 814200
73 0 814302
65 0 814369
73 1 814394
65 1 814497
32 0 814528
32 1 814615
65 0 814642
83 0 814737
65 1 814770
83 1 814885
84 0 814890
84 1 815001
69 0 815109
69 1 815212
80 0 815285
80 1 815364
84 0 815377
84 1 815485
32 0 815524
32 1 815591
83 0 815642
65 0 815676
83 1 815725
32 0 815741
65 1 815809
32 1 815829
73 0 816609
73 1 816650
189 0 816757
79 0 816877
189 1 816889
79 1 816964
32 0 817120
67 0 817195
32 1 817203
67 1 817275
69 0 817287
69 1 817388
82 0 817439
82 1 817554
32 0 817563
32 1 817670
83 0 817687
73 0 817783
83 1 817810
73 1 817858
32 0 817973
32 1 818064
69 0 818077
69 1 818184
85 0 818196
85 1 818236
32 0 818295
32 1 818403
76 0 818511
76 1 818586
85 0 818701
85 1 818777
73 0 818820
73 1 818899
16 0 819052
49 0 819152
16 1 819272
49 1 819296
32 0 819336
32 1 819471
16 0 819641
68 0 820116
16 1 820164
68 1 820225
69 0 820303
69 1 820403
32 0 820439
70 0 820463
32 1 820512
65 0 820543
70 1 820575
65 1 820679
80 0 820740
84 0 820836
80 1 820848
84 1 820955
32 0 821027
65 0 821107
32 1 821112
83 0 821223
65 1 821278
84 0 821351
83 1 821402
65 0 821419
84 1 821440
32 0 821494
65 1 821526
32 1 821574
65 0 821597
65 1 821708
32 0 821709
32 1 821776
70 0 821805
79 0 821889
70 1 821902
79 1 821997
83 0 822009
84 0 822097
83 1 822130
32 0 822165
84 1 822184
32 1 822253
65 0 822265
65 1 822378
67 0 822379
85 0 822399
67 1 822480
85 1 822517
77 0 822577
77 1 822669
32 0 822752
32 1 822852
50 0 822957
50 1 823073
32 0 823076
32 1 823164
65 0 823257
78 0 823356
65 1 823404
73 0 823412
78 1 823463
73 1 823505
16 0 823695
49 0 823759
49 1 823855
16 1 823995
32 0 825731
32 1 825792
16 0 825859
67 0 825931
16 1 825991
67 1 826043
82 0 826174
69 0 826230
82 1 826267
69 1 826342
68 0 826402
68 1 826533
32 0 826567
32 1 826615
67 0 826922
65 0 827002
67 1 827024
32 0 827098
65 1 827133
32 1 827162
73 0 827287
73 1 827342
84 0 827371
73 0 827423
84 1 827471
73 1 827511
32 0 827591
65 0 827667
32 1 827676
65 1 827791
74 0 827795
85 0 827863
74 1 827911
85 1 827975
78 0 828031
71 0 828124
78 1 828129
71 1 828227
32 0 828326
32 1 828442
8 0 828740
8 1 828838
69 0 828843
69 1 828956
32 0 829039
32 1 829099
84 0 829226
84 1 829322
79 0 829348
79 1 829424
84 0 829445
84 1 829541
32 0 829570
32 1 829652
67 0 829923
69 0 829999
67 1 830042
32 0 830103
69 1 830124
32 1 830195
65 0 830252
77 0 830341
65 1 830375
77 1 830420
32 0 830515
83 0 830603
32 1 830610
83 1 830698
67 0 830707
67 1 830808
82 0 830961
82 1 831052
73 0 831064
73 1 831139
83 0 831145
83 1 831240
32 0 831277
65 0 831333
32 1 831346
67 0 831425
65 1 831449
67 1 831537
85 0 831538
85 1 831613
77 0 831714
77 1 831774
32 0 831858
67 0 831938
32 1 831948
65 0 832002
67 1 832015
32 0 832082
65 1 832114
32 1 832169
83 0 832179
65 0 832226
83 1 832293
32 0 832310
32 1 832361
65 1 832365
73 0 832513
73 1 832601
84 0 832875
73 0 832955
84 1 832998
73 1 833047
32 0 833161
32 1 833273
70 0 833304
65 0 833356
70 1 833387
65 1 833492
67 0 833569
67 1 833653
73 0 833689
73 1 833760
32 0 833855
32 1 833958
69 0 835375
69 1 835435
88 0 835586
88 1 835650
80 0 835687
69 0 835782
80 1 835783
82 0 835825
69 1 835890
82 1 835971
73 0 835994
73 1 836077
77 0 836156
69 0 836220
77 1 836233
69 1 836320
78 0 836348
78 1 836407
84 0 836416
85 0 836532
84 1 836541
85 1 836588
76 0 836692
76 1 836824
16 0 837183
49 0 837359
49 1 837462
16 1 837559
32 0 837619
32 1 837747
16 0 863732
79 0 864078
16 1 864144
79 1 864165
82 0 864262
82 1 864342
73 0 864480
73 1 864515
67 0 864533
67 1 864634
85 0 865015
85 1 865092
77 0 865193
77 1 865272
32 0 865378
32 1 865473
8 0 865765
8 1 865816
188 0 866043
188 1 866123
32 0 866227
32 1 866290
79 0 866361
79 1 866432
32 0 866515
32 1 866590
83 0 866610
65 0 866665
83 1 866725
32 0 866729
65 1 866773
32 1 866809
77 0 867177
77 1 867252
79 0 867326
79 1 867423
82 0 867443
82 1 867518
32 0 867536
32 1 867624
69 0 867690
32 0 867750
69 1 867817
32 1 867849
8 0 868280
8 1 868348
8 0 868453
8 1 868513
68 0 868653
69 0 868712
68 1 868752
69 1 868844
32 0 868867
32 1 868950
82 0 869030
65 0 869082
82 1 869091
65 1 869213
83 0 869215
83 1 869333
32 0 869394
32 1 869469
67 0 869594
67 1 869660
65 0 869673
78 0 869729
65 1 869780
78 1 869820
68 0 869834
68 1 869940
32 0 869967
32 1 870066
73 0 870157
73 1 870256
76 0 870345
76 1 870432
32 0 870516
70 0 870587
32 1 870606
65 0 870672
70 1 870677
65 1 870775
8 0 870982
8 1 871049
8 0 871140
8 1 871223
65 0 871411
65 1 871454
8 0 871810
86 0 871873
8 1 871892
86 1 871957
65 0 872017
65 1 872136
68 0 872138
68 1 872224
32 0 872228
32 1 872296
67 0 872348
85 0 872424
67 1 872436
85 1 872503
77 0 872577
77 1 872651
32 0 872738
83 0 872797
32 1 872830
83 1 872890
69 0 872959
32 0 873022
69 1 873044
32 1 873126
67 0 873144
69 0 873264
67 1 873270
69 1 873403
65 0 873707
65 1 873838
82 0 873874
82 1 873961
84 0 874050
84 1 874141
65 0 874153
65 1 874237
32 0 874238
32 1 874313
67 0 874338
85 0 874435
67 1 874442
85 1 874506
32 0 874579
32 1 874655
65 0 874676
73 0 874732
65 1 874760
73 1 874812
65 0 874845
32 0 874896
65 1 874932
32 1 874988
68 0 875013
69 0 875093
68 1 875098
32 0 875136
69 1 875208
32 1 875244
76 0 875289
65 0 875372
76 1 875395
65 1 875456
32 0 875468
16 0 875540
32 1 875556
66 0 875673
16 1 875712
66 1 875752
82 0 875812
78 0 875902
82 1 875904
65 0 875930
78 1 876000
65 1 876060
8 0 876759
8 1 876815
8 0 876899
8 1 876961
65 0 877024
65 1 877116
78 0 877197
78 1 877256
84 0 877445
84 1 877536
78 0 878045
78 1 878110
69 0 878125
82 0 878213
69 1 878246
82 1 878328
32 0 878401
32 1 878501
67 0 878558
67 1 878624
65 0 878638
65 1 878754
82 0 878779
69 0 878861
82 1 878895
32 0 878935
69 1 878966
32 1 879031
65 0 879069
77 0 879177
65 1 879205
77 1 879253
32 0 879343
32 1 879402
73 0 879477
78 0 879523
73 1 879572
78 1 879604
84 0 879605
69 0 879626
84 1 879658
69 1 879733
76 0 879736
69 0 879828
76 1 879836
69 1 879908
83 0 880010
32 0 880017
32 1 880093
83 1 880117
67 0 880865
65 0 880929
67 1 880964
65 1 881072
32 0 881097
32 1 881165
68 0 881235
69 0 881287
68 1 881323
69 1 881435
8 0 881844
8 1 881915
8 0 881985
8 1 882029
73 0 882151
73 1 882207
189 0 882309
65 0 882373
189 1 882396
65 1 882498
85 0 882530
85 1 882597
32 0 882679
32 1 882778
84 0 882814
82 0 882850
84 1 882877
73 0 882889
73 1 882941
82 1 882949
77 0 883045
73 0 883052
77 1 883141
83 0 883157
73 1 883174
83 1 883245
32 0 883276
32 1 883372
83 0 883409
83 1 883497
79 0 883549
79 1 883633
77 0 883694
73 0 883802
77 1 883823
73 1 883890
8 0 884204
65 0 884280
8 1 884298
65 1 884372
84 0 884425
73 0 884501
84 1 884520
73 1 884589
69 0 884631
32 0 884712
69 1 884717
32 1 884824
67 0 884827
65 0 884883
67 1 884915
32 0 884967
65 1 884988
83 0 885059
32 1 885061
83 1 885159
73 0 885185
83 0 885266
73 1 885271
83 1 885373
84 0 885477
69 0 885540
84 1 885573
65 0 885617
69 1 885658
65 1 885721
90 0 885834
65 0 885894
90 1 885961
65 1 886033
32 0 886042
32 1 886118
84 0 886241
84 1 886336
65 0 886351
79 0 886360
79 1 886470
65 1 886473
84 0 886482
65 0 886546
84 1 886559
32 0 886630
65 1 886655
32 1 886742
65 0 886750
67 0 886834
65 1 886870
67 1 886938
84 0 887158
84 1 887261
73 0 887427
73 1 887507
86 0 887534
86 1 887630
73 0 887649
73 1 887725
84 0 887757
65 0 887854
84 1 887859
84 0 887953
65 1 887963
69 0 887997
84 1 888044
65 0 888081
69 1 888140
65 1 888173
16 0 888288
49 0 888388
49 1 888512
16 1 888592
32 0 888594
32 1 888684
16 0 900366
79 0 900482
79 1 900553
16 1 900557
32 0 900663
32 1 900742
90 0 900799
73 0 900882
90 1 900914
73 1 900966
32 0 901030
32 1 901106
73 0 901202
68 0 901270
73 1 901275
69 0 901313
68 1 901397
69 1 901481
65 0 901519
65 1 901577
76 0 901744
65 0 901810
76 1 901827
32 0 901931
65 1 901936
32 1 901986
73 0 902053
78 0 902117
73 1 902156
83 0 902156
78 1 902182
83 1 902245
69 0 902325
69 1 902429
77 0 902484
77 1 902556
8 0 902984
8 1 903044
65 0 903175
65 1 903255
77 0 903333
77 1 903384
78 0 903486
78 1 903550
65 0 903568
65 1 903668
32 0 903669
32 1 903761
83 0 903871
65 0 903966
83 1 904008
65 1 904095
32 0 904096
32 1 904186
77 0 904309
65 0 904396
77 1 904419
65 1 904500
32 0 904534
32 1 904621
84 0 904668
82 0 904721
84 1 904742
82 1 904812
69 0 904904
69 1 904996
90 0 905128
90 1 905248
69 0 905344
69 1 905435
83 0 905518
83 1 905685
67 0 905698
67 1 905874
32 0 906209
32 1 906301
80 0 907116
69 0 907204
80 1 907212
69 1 907277
32 0 907324
32 1 907396
76 0 907428
65 0 907484
76 1 907519
65 1 907588
32 0 907597
32 1 907636
49 0 908268
48 0 908357
49 1 908382
48 1 908456
188 0 908823
188 1 908900
32 0 909020
32 1 909083
83 0 909343
65 0 909537
83 1 909548
65 1 909687
32 0 910523
32 1 910593
70 0 910618
70 1 910713
73 0 910722
73 1 910790
85 0 910866
85 1 910942
32 0 910985
32 1 911057
70 0 911169
70 1 911289
79 0 911342
79 1 911406
65 0 911442
65 1 911577
82 0 911589
82 1 911656
84 0 911759
69 0 911788
84 1 911821
32 0 911875
69 1 911918
32 1 911955
79 0 912036
68 0 912092
79 1 912127
68 1 912196
73 0 912749
73 1 912891
72 0 912977
72 1 913057
78 0 913187
73 0 913243
78 1 913322
73 1 913359
32 0 913500
32 1 913608
16 0 913647
57 0 913691
57 1 913778
16 1 913783
78 0 913885
85 0 913965
78 1 914012
85 1 914065
32 0 914120
32 1 914207
77 0 914292
65 0 914384
77 1 914390
65 1 914520
72 0 914536
72 1 914607
77 0 914733
77 1 914825
85 0 914916
82 0 914968
85 1 915012
82 1 915044
32 0 915159
67 0 915195
32 1 915238
67 1 915307
65 0 915577
65 1 915699
32 0 915729
32 1 915821
65 0 915836
76 0 915940
65 1 915949
76 1 916032
84 0 916036
69 0 916112
84 1 916129
32 0 916200
69 1 916217
32 1 916299
68 0 916312
65 0 916388
68 1 916423
65 1 916527
84 0 916597
84 1 916697
73 0 916729
73 1 916825
16 0 917177
48 0 917273
48 1 917372
16 1 917385
32 0 917606
32 1 917669
83 0 919134
83 1 919252
73 0 919265
73 1 919373
32 0 919492
32 1 919579
83 0 919877
65 0 919999
83 1 920028
65 1 920133
32 0 920134
32 1 920196
77 0 920294
69 0 920378
77 1 920391
82 0 920422
69 1 920485
82 1 920542
71 0 920668
71 1 920777
32 0 920800
32 1 920916
76 0 920984
65 0 921063
76 1 921070
32 0 921175
65 1 921188
32 1 921250
77 0 921341
77 1 921436
85 0 921523
78 0 921624
85 1 921655
84 0 921684
78 1 921735
69 0 921780
84 1 921801
69 1 921879
32 0 921883
32 1 921983
83 0 921992
65 0 922048
83 1 922095
32 0 922124
65 1 922175
32 1 922200
77 0 922282
65 0 922326
77 1 922361
65 1 922422
32 0 922423
68 0 922506
32 1 922531
65 0 922614
68 1 922622
65 1 922754
85 0 922855
85 1 922951
32 0 923093
67 0 923185
32 1 923186
67 1 923300
85 0 923313
85 1 923372
32 0 923442
32 1 923531
80 0 923645
76 0 923725
65 0 923761
80 1 923824
76 1 923832
65 1 923884
67 0 923893
67 1 923992
65 0 923997
65 1 924121
16 0 924348
49 0 924780
49 1 924911
16 1 925028
32 0 925228
32 1 925379
16 0 926640
68 0 926783
16 1 926804
68 1 926871
73 0 926885
73 1 926976
77 0 927061
73 0 927133
77 1 927158
73 1 927249
78 0 927351
78 1 927438
69 0 927471
69 1 927595
65 0 927627
65 1 927786
84 0 928236
65 0 928350
84 1 928392
65 1 928516
32 0 928517
32 1 928607
77 0 928771
77 1 928895
73 0 928959
73 1 929046
8 0 929336
8 1 929395
8 0 929453
8 1 929517
73 0 929646
73 1 929722
77 0 929752
73 0 929820
77 1 929867
73 1 929891
32 0 929983
32 1 930066
65 0 930156
65 1 930276
8 0 930520
70 0 930592
8 1 930593
65 0 930660
70 1 930695
65 1 930787
67 0 930862
67 1 930962
32 0 930966
32 1 931049
71 0 931285
71 1 931396
72 0 931405
73 0 931465
72 1 931525
73 1 931564
90 0 931649
90 1 931849
8 0 932592
8 1 932656
79 0 932695
79 1 932787
90 0 932841
90 1 932997
68 0 933121
65 0 933233
68 1 933238
78 0 933334
65 1 933371
85 0 933433
78 1 933488
85 1 933535
76 0 933647
76 1 933730
32 0 933958
32 1 934052
8 0 934234
8 1 934301
188 0 934420
188 1 934475
32 0 934588
32 1 934651
80 0 934734
82 0 934826
80 1 934843
69 0 934882
82 1 934903
69 1 934953
71 0 935094
71 1 935157
65 0 935172
65 1 935299
84 0 935356
69 0 935397
84 1 935408
69 1 935495
83 0 935591
67 0 935680
83 1 935693
67 1 935767
32 0 935821
32 1 935863
80 0 935956
76 0 936024
65 0 936064
80 1 936095
76 1 936139
65 1 936200
67 0 936201
65 0 936272
67 1 936277
65 1 936427
32 0 936478
32 1 936545
83 0 936608
73 0 936716
83 1 936737
73 1 936825
32 0 936952
32 1 937063
84 0 937520
84 1 937571
79 0 937575
65 0 937631
79 1 937702
65 1 937759
84 0 937773
69 0 937846
84 1 937864
32 0 937894
69 1 937941
32 1 938017
69 0 938208
69 1 938323
67 0 938380
67 1 938464
72 0 938467
73 0 938514
72 1 938576
73 1 938608
80 0 938715
65 0 938823
80 1 938829
77 0 938927
65 1 938943
77 1 939014
65 0 939067
65 1 939199
78 0 939213
78 1 939272
84 0 939335
69 0 939391
84 1 939412
76 0 939470
69 1 939489
69 0 939587
76 1 939591
69 1 939718
190 0 940047
190 1 940154
32 0 940276
32 1 940411
16 0 940596
83 0 941125
83 1 941292
8 0 941536
8 1 941616
68 0 941821
68 1 941928
16 1 941985
85 0 942003
85 1 942072
80 0 942227
65 0 942295
80 1 942328
65 1 942418
32 0 942448
32 1 942532
77 0 942586
65 0 942649
77 1 942713
65 1 942790
83 0 942792
65 0 942874
83 1 942917
65 1 943017
65 0 943171
65 1 943298
8 0 943601
8 1 943696
65 0 944221
65 1 944377
8 0 944584
32 0 944692
8 1 944701
32 1 944843
83 0 945113
83 1 945224
80 0 945257
80 1 945365
69 0 945377
69 1 945489
82 0 945497
82 1 945609
32 0 945709
32 1 945808
67 0 946105
67 1 946184
65 0 946221
65 1 946320
65 0 946437
65 1 946552
8 0 946884
8 1 947007
32 0 947032
65 0 947097
32 1 947131
65 1 947232
74 0 947249
85 0 947321
74 1 947385
85 1 947453
78 0 947516
71 0 947596
78 1 947605
71 1 947701
32 0 947730
32 1 947789
76 0 947851
65 0 947943
76 1 947953
32 0 948048
65 1 948053
32 1 948155
16 0 948196
83 0 948344
16 1 948353
83 1 948463
84 0 948603
82 0 948630
84 1 948688
82 1 948752
65 0 948840
65 1 948928
74 0 948963
74 1 949016
65 0 949033
65 1 949136
32 0 949173
32 1 949252
86 0 949515
86 1 949617
73 0 949629
73 1 949697
85 0 949785
85 1 949888
32 0 950053
83 0 950145
32 1 950153
73 0 950270
83 1 950301
73 1 950357
32 0 950450
32 1 950553
68 0 953369
68 1 953500
85 0 953515
85 1 953604
80 0 953755
65 0 953822
80 1 953886
65 1 953974
32 0 953990
32 1 954081
77 0 954233
77 1 954353
8 0 954666
8 1 954745
73 0 954893
73 1 954985
77 0 954989
73 0 955053
77 1 955101
73 1 955137
32 0 955219
32 1 955294
67 0 955341
85 0 955402
67 1 955423
85 1 955477
77 0 955545
77 1 955630
80 0 955725
65 0 955809
80 1 955817
82 0 955918
65 1 955923
32 0 955939
82 1 956017
32 1 956021
85 0 956089
85 1 956199
78 0 956483
78 1 956558
32 0 956656
32 1 956731
83 0 956772
83 1 956871
75 0 956897
75 1 956964
73 0 957040
73 1 957107
80 0 957254
65 0 957290
80 1 957320
83 0 957358
65 1 957387
83 1 957462
83 0 957546
83 1 957667
32 0 957720
32 1 957774
83 0 957812
73 0 957884
83 1 957906
73 1 957960
32 0 958035
32 1 958107
77 0 958189
65 0 958260
77 1 958273
65 1 958392
32 0 958405
32 1 958480
68 0 958558
85 0 958643
68 1 958651
85 1 958717
67 0 958776
32 0 958826
67 1 958873
32 1 958914
83 0 959056
65 0 959136
83 1 959200
32 0 959204
65 1 959252
32 1 959300
77 0 959390
65 0 959416
77 1 959465
65 1 959554
32 0 959558
32 1 959666
68 0 959691
65 0 959767
68 1 959793
85 0 959859
65 1 959911
85 1 959935
32 0 959992
67 0 960040
32 1 960067
85 0 960132
67 1 960163
85 1 960224
32 0 960269
32 1 960357
79 0 960437
80 0 960511
76 0 960515
79 1 960531
65 0 960535
80 1 960574
76 1 960617
65 1 960657
67 0 960696
67 1 960763
8 0 960900
8 1 960979
8 0 961057
8 1 961120
8 0 961200
8 1 961254
8 0 961343
8 1 961395
8 0 961473
8 1 961533
80 0 961648
76 0 961704
65 0 961744
80 1 961771
76 1 961808
65 1 961851
67 0 961860
65 0 961945
67 1 961950
32 0 962061
65 1 962066
32 1 962156
67 0 962244
67 1 962308
65 0 962316
32 0 962437
65 1 962443
32 1 962547
78 0 962632
85 0 962735
78 1 962766
85 1 962831
32 0 962884
32 1 962968
77 0 963032
77 1 963111
65 0 963345
65 1 963493
8 0 963570
189 0 963675
8 1 963720
189 1 963781
65 0 963818
77 0 963945
65 1 963956
77 1 964010
32 0 964106
32 1 964166
77 0 964266
65 0 964306
77 1 964337
73 0 964415
65 1 964427
73 1 964466
32 0 964544
68 0 964616
32 1 964638
65 0 964709
68 1 964710
65 1 964812
84 0 964856
32 0 964916
84 1 964926
32 1 964980
68 0 965055
69 0 965099
68 1 965134
32 0 965187
69 1 965220
32 1 965255
50 0 965351
50 1 965451
32 0 965471
32 1 965547
65 0 965595
78 0 965667
73 0 965707
65 1 965713
78 1 965775
73 1 965813
16 0 966037
49 0 966113
16 1 966213
49 1 966216
32 0 966325
32 1 966400
16 0 966522
78 0 966614
16 1 966662
78 1 966726
73 0 966793
73 1 966896
67 0 967216
73 0 967303
67 1 967320
73 1 967383
32 0 967474
32 1 967534
78 0 967589
85 0 967648
78 1 967703
85 1 967736
32 0 967816
32 1 967908
67 0 967933
67 1 968017
82 0 968176
69 0 968202
82 1 968273
69 1 968328
68 0 968394
68 1 968506
32 0 968559
32 1 968667
67 0 968682
65 0 968748
67 1 968749
32 0 968801
65 1 968855
32 1 968883
77 0 968985
65 0 969016
77 1 969039
73 0 969129
65 1 969134
73 1 969204
32 0 969287
83 0 969313
32 1 969378
83 1 969431
84 0 969543
73 0 969590
84 1 969608
73 1 969675
85 0 969760
85 1 969826
32 0 969903
32 1 970011
83 0 970019
83 1 970108
65 0 970134
65 1 970257
32 0 970619
32 1 970707
77 0 970801
65 0 970859
77 1 970860
32 0 970955
65 1 970968
68 0 971027
32 1 971054
68 1 971183
65 0 971187
85 0 971283
65 1 971347
85 1 971348
32 0 971414
32 1 971517
80 0 971594
69 0 971678
80 1 971684
69 1 971790
32 0 971792
32 1 971878
69 0 971894
65 0 971973
69 1 972020
65 1 972125
32 0 972148
32 1 972249
67 0 972265
67 1 972352
65 0 972385
65 1 972476
8 0 972628
8 1 972699
8 0 972753
8 1 972837
76 0 972914
65 0 972986
76 1 972987
65 1 973070
32 0 973133
67 0 973199
32 1 973226
67 1 973273
65 0 973291
65 1 973415
84 0 973458
84 1 973510
32 0 973535
32 1 973603
68 0 973628
69 0 973700
68 1 973733
32 0 973756
32 1 973843
69 1 973847
80 0 973966
80 1 974026
85 0 974173
85 1 974253
84 0 974325
73 0 974385
84 1 974436
78 0 974457
73 1 974505
78 1 974533
32 0 974614
65 0 974676
32 1 974717
65 1 974830
77 0 974868
77 1 974916
32 0 975058
32 1 975157
70 0 975249
70 1 975348
79 0 975426
79 1 975562
76 0 975693
76 1 975772
79 0 975828
79 1 975921
83 0 975935
83 1 976027
73 0 976065
73 1 976108
84 0 976176
189 0 976262
84 1 976276
79 0 976335
189 1 976390
79 1 976419
16 0 976554
49 0 976654
49 1 976775
16 1 976819
32 0 976845
32 1 976972
16 0 978125
67 0 980961
16 1 981032
67 1 981060
82 0 981270
69 0 981388
82 1 981401
69 1 981488
68 0 981573
68 1 981662
32 0 981719
67 0 981781
32 1 981788
65 0 981847
67 1 981869
32 0 981915
65 1 981964
32 1 982019
65 0 982078
83 0 982174
65 1 982217
32 0 982278
83 1 982302
32 1 982374
77 0 982470
69 0 982534
77 1 982569
82 0 982599
69 1 982637
82 1 982706
71 0 982839
69 0 982906
71 1 982942
69 1 983018
32 0 983058
32 1 983130
83 0 983228
83 1 983344
8 0 983538
8 1 983604
76 0 983697
65 0 983769
76 1 983779
65 1 983853
32 0 983907
16 0 983991
32 1 984002
83 0 984075
16 1 984127
83 1 984203
84 0 984309
84 1 984394
82 0 984487
65 0 984555
82 1 984578
65 1 984659
74 0 984663
74 1 984746
65 0 984755
65 1 984854
32 0 984859
32 1 984963
76 0 985043
65 0 985107
76 1 985138
65 1 985212
32 0 985237
32 1 985321
16 0 985339
67 0 985442
16 1 985464
67 1 985551
65 0 985584
65 1 985702
80 0 985710
80 1 985794
82 0 985795
82 1 985910
73 0 985921
73 1 985986
79 0 986082
82 0 986163
79 1 986167
82 1 986258
85 0 986312
85 1 986407
32 0 986675
32 1 986815
8 0 987204
8 1 987279
188 0 987394
188 1 987490
32 0 987626
32 1 987722
68 0 987903
65 0 987968
68 1 987985
65 1 988112
82 0 988137
82 1 988256
32 0 988608
32 1 988678
65 0 988752
83 0 988921
65 1 988953
83 1 989066
65 0 989131
65 1 989271
8 0 989466
8 1 989565
84 0 989573
65 0 989646
84 1 989665
32 0 989734
65 1 989748
32 1 989806
78 0 990139
85 0 990196
78 1 990247
85 1 990299
32 0 990374
32 1 990462
67 0 990483
67 1 990561
82 0 990719
69 0 990776
82 1 990805
69 1 990891
68 0 990945
68 1 991051
32 0 991063
32 1 991161
67 0 991197
65 0 991215
67 1 991252
32 0 991285
65 1 991344
32 1 991393
83 0 991418
83 1 991490
69 0 991577
32 0 991649
69 1 991660
68 0 991750
32 1 991753
65 0 991821
68 1 991861
65 1 991965
32 0 992028
32 1 992104
67 0 992108
67 1 992188
65 0 992352
65 1 992444
32 0 992448
32 1 992552
84 0 992682
82 0 992704
84 1 992737
82 1 992834
65 0 992934
65 1 993022
71 0 993102
71 1 993193
69 0 993197
69 1 993289
32 0 993564
32 1 993699
84 0 993759
84 1 993886
65 0 993922
65 1 994062
82 0 994063
69 0 994126
82 1 994166
69 1 994238
32 0 994266
32 1 994338
83 0 994356
65 0 994420
83 1 994484
32 0 994521
65 1 994553
32 1 994608
70 0 994647
65 0 994747
70 1 994755
65 1 994863
67 0 994893
65 0 994973
67 1 994996
32 0 995025
65 1 995092
32 1 995094
66 0 995216
65 0 995284
66 1 995294
78 0 995384
65 1 995420
73 0 995431
78 1 995491
73 1 995522
32 0 995602
83 0 995654
32 1 995693
65 0 995719
83 1 995786
32 0 995808
65 1 995855
32 1 995895
73 0 995940
83 0 996005
83 1 996121
73 1 996157
73 0 996276
73 1 996348
32 0 996474
32 1 996599
70 0 996767
65 0 996839
70 1 996868
65 1 996956
67 0 996985
67 1 997080
65 0 997095
32 0 997105
65 1 997211
32 1 997223
67 0 997253
65 0 997321
67 1 997338
83 0 997421
65 1 997460
65 0 997545
83 1 997567
65 1 997669
188 0 998108
188 1 998216
8 0 998491
8 1 998565
190 0 998711
190 1 998781
32 0 998808
32 1 998872
16 0 998946
67 0 999106
16 1 999123
67 1 999190
82 0 999307
69 0 999371
82 1 999419
69 1 999483
68 0 999545
68 1 999649
32 0 999687
32 1 999755
67 0 999772
65 0 999829
67 1 999859
32 0 999900
65 1 999948
32 1 999962
73 0 1000065
73 1 1000133
84 0 1000146
73 0 1000201
84 1 1000233
73 1 1000273
32 0 1000356
65 0 1000419
32 1 1000429
65 1 1000539
74 0 1000559
85 0 1000583
74 1 1000666
85 1 1000706
78 0 1000789
71 0 1000913
78 1 1000919
69 0 1000984
71 1 1001017
32 0 1001075
69 1 1001086
32 1 1001160
67 0 1001229
65 0 1001320
67 1 1001348
65 1 1001444
84 0 1001489
84 1 1001564
32 0 1001619
32 1 1001723
65 0 1001772
77 0 1001863
65 1 1001915
77 1 1001943
32 0 1002029
83 0 1002108
32 1 1002156
67 0 1002221
83 1 1002222
67 1 1002332
82 0 1002438
82 1 1002549
73 0 1002553
73 1 1002677
83 0 1002694
83 1 1002790
32 0 1002794
65 0 1002879
32 1 1002886
65 1 1003006
73 0 1003032
67 0 1003100
73 1 1003114
73 0 1003184
67 1 1003226
73 1 1003288
32 0 1003368
32 1 1003484
80 0 1007469
80 1 1007533
69 0 1007569
69 1 1007670
78 0 1007686
78 1 1007749
84 0 1007771
82 0 1007820
84 1 1007857
85 0 1007866
82 1 1007951
85 1 1007955
32 0 1008027
68 0 1008116
32 1 1008120
68 1 1008207
79 0 1008288
79 1 1008384
67 0 1008418
67 1 1008560
84 0 1008725
84 1 1008796
79 0 1008822
79 1 1008902
82 0 1008906
82 1 1008997
65 0 1009010
84 0 1009147
65 1 1009152
84 1 1009242
85 0 1009603
85 1 1009667
76 0 1009775
76 1 1009835
32 0 1009912
84 0 1009983
32 1 1010020
65 0 1010047
84 1 1010087
85 0 1010135
65 1 1010178
85 1 1010211
16 0 1010390
49 0 1010473
49 1 1010582
16 1 1010601
16 0 1057238
83 0 1057482
16 1 1057545
83 1 1057633
73 0 1057649
83 0 1057747
73 1 1057752
83 1 1057886
69 0 1058129
69 1 1058224
8 0 1058455
84 0 1058519
8 1 1058526
69 0 1058578
84 1 1058599
77 0 1058659
69 1 1058683
77 1 1058738
85 0 1058820
85 1 1058889
76 0 1058981
76 1 1059048
32 0 1059113
68 0 1059209
32 1 1059226
69 0 1059265
68 1 1059316
69 1 1059384
8 0 1060053
8 1 1060124
8 0 1060199
69 0 1060247
8 1 1060282
68 0 1060335
69 1 1060348
68 1 1060422
85 0 1060474
85 1 1060550
67 0 1060554
65 0 1060650
67 1 1060652
65 1 1060809
73 0 1060851
73 1 1060917
8 0 1061247
8 1 1061330
84 0 1061351
73 0 1061434
84 1 1061444
73 1 1061482
79 0 1061567
79 1 1061627
78 0 1061694
78 1 1061789
65 0 1061829
76 0 1061933
65 1 1061942
76 1 1062004
32 0 1062084
68 0 1062156
32 1 1062164
68 1 1062276
73 0 1062294
78 0 1062351
73 1 1062378
78 1 1062420
32 0 1062487
32 1 1062550
80 0 1062666
80 1 1062733
82 0 1062780
82 1 1062870
8 0 1063131
8 1 1063206
8 0 1063270
8 1 1063361
82 0 1063380
82 1 1063459
8 0 1063651
16 0 1063715
8 1 1063758
82 0 1063835
16 1 1063882
79 0 1063915
82 1 1063936
77 0 1063991
79 1 1064034
65 0 1064071
77 1 1064077
65 1 1064170
78 0 1064192
73 0 1064244
65 0 1064300
78 1 1064305
73 1 1064339
65 1 1064387
32 0 1064423
32 1 1064526
69 0 1064538
69 1 1064622
83 0 1064710
83 1 1064809
84 0 1064853
69 0 1064909
84 1 1064926
32 0 1064981
69 1 1065001
32 1 1065084
68 0 1065423
68 1 1065547
69 0 1065623
69 1 1065722
70 0 1065744
69 0 1065832
70 1 1065851
69 1 1065919
67 0 1065975
67 1 1066070
84 0 1066179
84 1 1066258
32 0 1066267
32 1 1066334
68 0 1066400
73 0 1066480
68 1 1066503
78 0 1066512
73 1 1066573
78 1 1066591
32 0 1066640
32 1 1066713
80 0 1066825
82 0 1066878
80 1 1066904
69 0 1066925
82 1 1066960
69 1 1067020
85 0 1067346
85 1 1067417
78 0 1067506
73 0 1067604
78 1 1067622
73 1 1067706
86 0 1067825
86 1 1067854
69 0 1068151
69 1 1068259
82 0 1068285
82 1 1068364
83 0 1068433
83 1 1068541
73 0 1068545
73 1 1068637
65 0 1068720
82 0 1068832
65 1 1068878
82 1 1068943
8 0 1069092
8 1 1069164
8 0 1069241
84 0 1069292
8 1 1069310
65 0 1069369
84 1 1069370
82 0 1069473
65 1 1069505
82 1 1069562
16 0 1069606
49 0 1069742
49 1 1069837
16 1 1069878
32 0 1070365
32 1 1070432
16 0 1070575
68 0 1070663
16 1 1070714
68 1 1070758
73 0 1070766
78 0 1070823
73 1 1070879
78 1 1070888
32 0 1070977
32 1 1071056
76 0 1071161
76 1 1071248
73 0 1071518
67 0 1071602
73 1 1071620
69 0 1071679
67 1 1071713
69 1 1071810
85 0 1071827
85 1 1071910
32 0 1071982
32 1 1072065
67 0 1072092
67 1 1072179
79 0 1072183
79 1 1072243
78 0 1072299
84 0 1072367
78 1 1072372
69 0 1072427
84 1 1072440
65 0 1072523
69 1 1072552
65 1 1072634
90 0 1072750
65 0 1072822
90 1 1072881
32 0 1072934
65 1 1072952
32 1 1073013
69 0 1073062
69 1 1073153
78 0 1073166
78 1 1073230
79 0 1073317
82 0 1073393
79 1 1073398
77 0 1073477
82 1 1073490
77 1 1073540
32 0 1073613
32 1 1073712
68 0 1073773
69 0 1073830
68 1 1073885
32 0 1073913
69 1 1073960
32 1 1073976
77 0 1074055
77 1 1074122
85 0 1074216
85 1 1074288
76 0 1074402
76 1 1074473
84 0 1074536
84 1 1074608
32 0 1074643
32 1 1074762
67 0 1074788
85 0 1074846
67 1 1074863
85 1 1074922
77 0 1074994
77 1 1075081
32 0 1075159
70 0 1075246
32 1 1075248
70 1 1075342
79 0 1075351
79 1 1075434
82 0 1075472
77 0 1075552
82 1 1075561
69 0 1075656
77 1 1075663
69 1 1075719
90 0 1075876
73 0 1075944
90 1 1075985
73 1 1076021
32 0 1076117
86 0 1076165
32 1 1076175
86 1 1076240
73 0 1076329
73 1 1076401
73 0 1076479
84 0 1076547
73 1 1076552
84 1 1076645
79 0 1076692
82 0 1076767
79 1 1076781
82 1 1076876
85 0 1076927
85 1 1076964
8 0 1077242
8 1 1077333
73 0 1077411
73 1 1077487
32 0 1077567
32 1 1077683
83 0 1077687
83 1 1077770
8 0 1077932
8 1 1077979
8 0 1078063
8 1 1078142
73 0 1078258
73 1 1078350
32 0 1078465
32 1 1078570
83 0 1078644
83 1 1078756
84 0 1079168
84 1 1079259
85 0 1079278
85 1 1079357
68 0 1079388
69 0 1079448
68 1 1079487
78 0 1079548
69 1 1079555
78 1 1079632
84 0 1079654
73 0 1079763
84 1 1079766
73 1 1079834
188 0 1080362
188 1 1080437
32 0 1080572
32 1 1080639
8 0 1119974
8 1 1120077
8 0 1120129
8 1 1120208
16 0 1120474
49 0 1120604
49 1 1120686
16 1 1120718
32 0 1120923
32 1 1120994
16 0 1121427
69 0 1121802
16 1 1121883
69 1 1121918
83 0 1122141
83 1 1122216
69 0 1122320
69 1 1122395
78 0 1122519
78 1 1122572
84 0 1122597
73 0 1122693
84 1 1122696
73 1 1122761
65 0 1122833
186 0 1122937
65 1 1122939
186 1 1122973
8 0 1123428
8 1 1123519
76 0 1123583
76 1 1123655
32 0 1123776
69 0 1123868
32 1 1123869
69 1 1123939
83 0 1124044
83 1 1124131
84 0 1124189
69 0 1124273
84 1 1124286
32 0 1124329
69 1 1124360
32 1 1124404
83 0 1125280
65 0 1125356
83 1 1125376
65 1 1125487
32 0 1125522
32 1 1125571
73 0 1125672
73 1 1125740
73 0 1125806
73 1 1125881
32 0 1125934
32 1 1126033
67 0 1126037
79 0 1126138
67 1 1126147
79 1 1126221
78 0 1126267
78 1 1126354
83 0 1126367
73 0 1126423
83 1 1126464
73 1 1126496
76 0 1126588
76 1 1126655
73 0 1126739
69 0 1126764
73 1 1126824
69 1 1126850
90 0 1126969
73 0 1127047
90 1 1127086
73 1 1127120
32 0 1127209
32 1 1127296
68 0 1127323
68 1 1127415
73 0 1127438
78 0 1127460
73 1 1127526
78 1 1127542
32 0 1127602
83 0 1127682
32 1 1127716
83 1 1127801
84 0 1127810
84 1 1127913
65 0 1127917
82 0 1128074
65 1 1128079
82 1 1128141
84 0 1128255
84 1 1128346
32 0 1128394
32 1 1128493
80 0 1128713
80 1 1128804
82 0 1128805
82 1 1128880
73 0 1128927
73 1 1128994
86 0 1129030
73 0 1129098
86 1 1129115
78 0 1129177
73 1 1129224
78 1 1129265
68 0 1129295
68 1 1129362
32 0 1129408
32 1 1129483
86 0 1129523
86 1 1129598
73 0 1129602
73 1 1129666
73 0 1130013
73 1 1130096
84 0 1130154
84 1 1130261
79 0 1130265
65 0 1130373
79 1 1130379
82 0 1130482
65 1 1130523
69 0 1130550
82 1 1130567
32 0 1130630
69 1 1130655
32 1 1130717
76 0 1130774
76 1 1130874
79 0 1131130
82 0 1131214
79 1 1131219
82 1 1131297
32 0 1131321
32 1 1131420
67 0 1131447
65 0 1131502
67 1 1131529
65 1 1131643
82 0 1131678
82 1 1131783
73 0 1131830
69 0 1131837
73 1 1131897
69 1 1131962
82 0 1132014
65 0 1132095
82 1 1132120
65 1 1132226
16 0 1132555
49 0 1132698
16 1 1132774
49 1 1132798
32 0 1132943
32 1 1133026
16 0 1133086
67 0 1133210
16 1 1133224
67 1 1133309
79 0 1133313
79 1 1133377
78 0 1133477
78 1 1133549
83 0 1133550
73 0 1133625
83 1 1133636
73 1 1133696
76 0 1133819
76 1 1133878
73 0 1133987
69 0 1134031
73 1 1134046
82 0 1134095
69 1 1134114
82 1 1134202
73 0 1134217
73 1 1134268
73 0 1134337
73 1 1134408
32 0 1134463
68 0 1134535
32 1 1134562
69 0 1134579
68 1 1134622
32 0 1134680
69 1 1134686
67 0 1134763
32 1 1134773
65 0 1134850
67 1 1134876
65 1 1134994
82 0 1135061
82 1 1135161
73 0 1135197
69 0 1135249
73 1 1135274
69 1 1135352
82 0 1135365
65 0 1135457
82 1 1135477
65 1 1135580
32 0 1135595
32 1 1135695
65 0 1135709
82 0 1135833
65 1 1135859
82 1 1135920
32 0 1135960
32 1 1136031
84 0 1136040
82 0 1136095
84 1 1136114
82 1 1136187
69 0 1136286
66 0 1136346
69 1 1136367
66 1 1136437
73 0 1136562
73 1 1136609
8 0 1136864
8 1 1136963
85 0 1137051
85 1 1137117
73 0 1137194
73 1 1137285
32 0 1137368
32 1 1137471
83 0 1137532
65 0 1137608
83 1 1137651
32 0 1137696
65 1 1137727
32 1 1137783
70 0 1137835
70 1 1137923
73 0 1137927
73 1 1138022
69 0 1138061
69 1 1138161
32 0 1138293
32 1 1138372
80 0 1138470
82 0 1138546
80 1 1138556
82 1 1138634
79 0 1138663
79 1 1138746
70 0 1138780
70 1 1138891
69 0 1138990
69 1 1139057
83 0 1139155
73 0 1139267
83 1 1139269
73 1 1139371
78 0 1139504
73 0 1139577
78 1 1139615
83 0 1139668
73 1 1139695
84 0 1139812
83 1 1139818
73 0 1139912
84 1 1139925
73 1 1140024
32 0 1140126
32 1 1140209
83 0 1140217
73 0 1140326
83 1 1140344
73 1 1140401
32 0 1140460
83 0 1140508
32 1 1140559
65 0 1140564
83 1 1140611
32 0 1140684
65 1 1140697
32 1 1140775
83 0 1141015
83 1 1141183
84 0 1141191
84 1 1141274
73 0 1141279
73 1 1141371
69 0 1141385
69 1 1141476
32 0 1141497
32 1 1141600
67 0 1141628
67 1 1141736
85 0 1141774
85 1 1141844
77 0 1141936
77 1 1142011
32 0 1142067
83 0 1142091
32 1 1142154
65 0 1142171
83 1 1142198
32 0 1142271
65 1 1142294
32 1 1142326
73 0 1142383
78 0 1142439
68 0 1142487
73 1 1142488
78 1 1142538
68 1 1142570
82 0 1142638
85 0 1142719
82 1 1142755
85 1 1142793
77 0 1142857
69 0 1142905
77 1 1142952
69 1 1143001
32 0 1143058
83 0 1143126
32 1 1143151
83 1 1143210
84 0 1143293
84 1 1143393
85 0 1143417
85 1 1143504
68 0 1143525
69 0 1143605
68 1 1143622
69 1 1143698
78 0 1143698
78 1 1143764
84 0 1143773
73 0 1143857
84 1 1143882
73 1 1143937
73 0 1143992
73 1 1144059
32 0 1144135
32 1 1144214
76 0 1144292
65 0 1144352
76 1 1144383
65 1 1144475
32 0 1144487
32 1 1144556
79 0 1144620
79 1 1144699
32 0 1144772
32 1 1144855
86 0 1144896
73 0 1144992
86 1 1144993
73 1 1145047
73 0 1145113
73 1 1145184
79 0 1145295
79 1 1145378
8 0 1145560
84 0 1145653
8 1 1145656
84 1 1145744
79 0 1145771
65 0 1145855
79 1 1145872
82 0 1145951
65 1 1145972
69 0 1146015
82 1 1146040
32 0 1146127
69 1 1146133
32 1 1146179
70 0 1146203
65 0 1146275
70 1 1146298
65 1 1146379
67 0 1146420
67 1 1146503
85 0 1146591
85 1 1146661
76 0 1146808
84 0 1146814
76 1 1146883
65 0 1146888
84 1 1146931
65 1 1147039
84 0 1147048
69 0 1147086
84 1 1147113
69 1 1147216
16 0 1147306
49 0 1147498
49 1 1147620
16 1 1147650
8 0 1148021
8 1 1148121
188 0 1148194
188 1 1148271
32 0 1148379
32 1 1148423
80 0 1148485
80 1 1148576
69 0 1148590
78 0 1148703
69 1 1148710
78 1 1148788
84 0 1148804
82 0 1148852
84 1 1148885
85 0 1148889
82 1 1148964
85 1 1148965
32 0 1149024
67 0 1149108
32 1 1149117
65 0 1149160
67 1 1149187
32 0 1149236
32 1 1149295
65 1 1149300
85 0 1149368
85 1 1149456
78 0 1149473
73 0 1149581
78 1 1149589
73 1 1149677
73 0 1149738
73 1 1149813
32 0 1149872
32 1 1149944
80 0 1150062
79 0 1150130
65 0 1150186
79 1 1150192
80 1 1150199
84 0 1150302
65 1 1150327
69 0 1150378
84 1 1150387
32 0 1150458
69 1 1150465
32 1 1150526
67 0 1150568
72 0 1150639
67 1 1150677
73 0 1150691
72 1 1150742
73 1 1150787
65 0 1150801
82 0 1150885
32 0 1150899
65 1 1150907
32 1 1150980
82 1 1150984
78 0 1151056
85 0 1151116
78 1 1151195
85 1 1151204
32 0 1151285
32 1 1151393
83 0 1151655
85 0 1151747
83 1 1151767
78 0 1151819
85 1 1151866
78 1 1151905
84 0 1151910
84 1 1152023
32 0 1152025
32 1 1152091
66 0 1152171
66 1 1152247
78 0 1152384
85 0 1152480
78 1 1152495
85 1 1152589
73 0 1153226
73 1 1153302
8 0 1154098
8 1 1154162
8 0 1154247
8 1 1154295
8 0 1154354
8 1 1154434
85 0 1155250
85 1 1155371
78 0 1155538
78 1 1155633
73 0 1155680
73 1 1155744
32 0 1155814
32 1 1155878
80 0 1155970
69 0 1156054
80 1 1156060
69 1 1156138
78 0 1156187
84 0 1156238
78 1 1156266
82 0 1156290
84 1 1156318
85 0 1156366
82 1 1156410
85 1 1156430
32 0 1156469
70 0 1156540
32 1 1156592
65 0 1156604
70 1 1156629
65 1 1156734
67 0 1156755
67 1 1156867
85 0 1156867
85 1 1156922
76 0 1157058
76 1 1157138
16 0 1157523
16 1 1158482
85 0 1159039
85 1 1159090
78 0 1159175
78 1 1159275
84 0 1159283
84 1 1159383
32 0 1159398
32 1 1159478
80 0 1159570
80 1 1159649
82 0 1159658
82 1 1159738
79 0 1159754
79 1 1159842
8 0 1160194
8 1 1160237
8 0 1160322
79 0 1160402
8 1 1160421
79 1 1160506
84 0 1160507
82 0 1160572
84 1 1160598
73 0 1160679
82 1 1160683
73 1 1160762
86 0 1160815
86 1 1160927
73 0 1160945
73 1 1161005
84 0 1161046
73 0 1161106
84 1 1161166
73 1 1161170
80 0 1161388
80 1 1161448
8 0 1161674
8 1 1161746
32 0 1161779
32 1 1161867
80 0 1161919
80 1 1162015
69 0 1162029
69 1 1162125
78 0 1162188
84 0 1162244
78 1 1162260
82 0 1162300
84 1 1162324
85 0 1162385
82 1 1162413
85 1 1162452
32 0 1162501
32 1 1162637
70 0 1162652
65 0 1162756
70 1 1162766
65 1 1162876
67 0 1162920
67 1 1163028
85 0 1163070
85 1 1163134
76 0 1163264
84 0 1163316
76 1 1163352
65 0 1163416
84 1 1163434
84 0 1163516
65 1 1163539
69 0 1163577
84 1 1163608
69 1 1163740
32 0 1173558
32 1 1173607
83 0 1173634
83 1 1173762
8 0 1174010
8 1 1174098
67 0 1174116
67 1 1174192
73 0 1174196
73 1 1174336
32 0 1174518
32 1 1174579
80 0 1174699
69 0 1174762
80 1 1174766
69 1 1174845
78 0 1174898
78 1 1174962
84 0 1174977
82 0 1175001
84 1 1175032
85 0 1175065
82 1 1175108
85 1 1175129
32 0 1175168
32 1 1175252
79 0 1175323
79 1 1175383
32 0 1175452
32 1 1175516
77 0 1175580
69 0 1175619
77 1 1175662
69 1 1175683
83 0 1175788
83 1 1175871
69 0 1175949
82 0 1176037
69 1 1176060
82 1 1176145
73 0 1176157
69 0 1176242
73 1 1176247
69 1 1176349
190 0 1176451
190 1 1176527
32 0 1176632
32 1 1176728
16 0 1176994
16 1 1180202
65 0 1180310
65 1 1180422
83 0 1180573
83 1 1180686
8 0 1180950
8 1 1181021
8 0 1181082
16 0 1181150
8 1 1181165
65 0 1181314
16 1 1181329
83 0 1181414
65 1 1181429
83 1 1181590
84 0 1181594
84 1 1181705
65 0 1181709
65 1 1181793
32 0 1181859
32 1 1181919
69 0 1181959
69 1 1182042
32 0 1182050
32 1 1182110
77 0 1182194
79 0 1182262
77 1 1182289
84 0 1182301
79 1 1182361
84 1 1182389
73 0 1182456
86 0 1182520
73 1 1182545
86 1 1182619
85 0 1182662
85 1 1182718
76 0 1182842
76 1 1182905
32 0 1182994
32 1 1183053
80 0 1183167
80 1 1183238
69 0 1183251
69 1 1183359
78 0 1183379
78 1 1183455
84 0 1183459
82 0 1183511
85 0 1183547
84 1 1183554
82 1 1183618
85 1 1183622
32 0 1183685
32 1 1183776
67 0 1183787
65 0 1183833
67 1 1183852
65 1 1183977
82 0 1184004
69 0 1184060
82 1 1184087
32 0 1184124
69 1 1184163
32 1 1184219
65 0 1184284
65 1 1184416
66 0 1184457
66 1 1184529
65 0 1184551
65 1 1184675
68 0 1184843
68 1 1184918
8 0 1185150
8 1 1185213
78 0 1185313
78 1 1185388
68 0 1185401
68 1 1185496
79 0 1185519
79 1 1185603
78 0 1185683
78 1 1185786
85 0 1185818
85 1 1185904
76 0 1185999
76 1 1186082
32 0 1186148
32 1 1186215
73 0 1186312
73 1 1186441
78 0 1186800
78 1 1186871
32 0 1186987
32 1 1187062
65 0 1187093
65 1 1187225
78 0 1187238
85 0 1187318
78 1 1187369
85 1 1187401
76 0 1187520
76 1 1187655
32 0 1187766
32 1 1187885
49 0 1188399
49 1 1188521
8 0 1188696
8 1 1188775
16 0 1188821
73 0 1188882
73 1 1188949
16 1 1188982
32 0 1189037
32 1 1189140
69 0 1189177
69 1 1189264
83 0 1189367
83 1 1189482
84 0 1189543
84 1 1189598
69 0 1189602
69 1 1189670
32 0 1189757
32 1 1189865
68 0 1190057
69 0 1190117
68 1 1190160
69 1 1190208
83 0 1190327
84 0 1190414
83 1 1190436
85 0 1190475
84 1 1190514
85 1 1190550
76 0 1190651
76 1 1190721
32 0 1190806
68 0 1190878
32 1 1190905
69 0 1190921
68 1 1190953
32 0 1191026
69 1 1191035
32 1 1191081
77 0 1191147
65 0 1191206
77 1 1191238
82 0 1191319
65 1 1191342
69 0 1191399
82 1 1191418
69 1 1191503
16 0 1191542
16 1 1191787
188 0 1192044
188 1 1192124
32 0 1192254
32 1 1192313
78 0 1193587
78 1 1193762
8 0 1194006
8 1 1194082
8 0 1194143
8 1 1194222
8 0 1194297
8 1 1194376
16 0 1194780
49 0 1195236
49 1 1195339
16 1 1195384
32 0 1195527
32 1 1195598
16 0 1195772
78 0 1195822
78 1 1195895
16 1 1195928
85 0 1195972
85 1 1196031
32 0 1196093
32 1 1196165
80 0 1196260
80 1 1196336
69 0 1196348
69 1 1196427
78 0 1196467
84 0 1196534
78 1 1196541
82 0 1196582
84 1 1196620
85 0 1196661
82 1 1196687
85 1 1196717
32 0 1196773
32 1 1196881
67 0 1196884
65 0 1196925
67 1 1196968
32 0 1197013
65 1 1197048
32 1 1197116
83 0 1197138
83 1 1197286
84 0 1197290
85 0 1197346
84 1 1197381
85 1 1197425
68 0 1197549
69 0 1197621
68 1 1197669
78 0 1197717
69 1 1197726
78 1 1197792
84 0 1197831
73 0 1197910
84 1 1197927
73 1 1197973
73 0 1198041
73 1 1198104
32 0 1198173
83 0 1198233
32 1 1198250
83 1 1198349
85 0 1198353
78 0 1198429
85 1 1198472
84 0 1198481
78 1 1198520
84 1 1198597
32 0 1198637
32 1 1198716
80 0 1198823
82 0 1198899
80 1 1198908
82 1 1198990
79 0 1199008
83 0 1199076
79 1 1199082
84 0 1199196
83 1 1199247
73 0 1199268
84 1 1199299
73 1 1199347
188 0 1199484
188 1 1199570
32 0 1199658
67 0 1199714
32 1 1199724
73 0 1199794
67 1 1199812
73 1 1199862
32 0 1199943
32 1 1200014
80 0 1200094
69 0 1200174
80 1 1200180
78 0 1200283
69 1 1200286
84 0 1200367
78 1 1200372
82 0 1200426
84 1 1200443
85 0 1200459
82 1 1200517
85 1 1200534
32 0 1200594
67 0 1200666
32 1 1200698
65 0 1200750
67 1 1200759
32 0 1200822
32 1 1200885
65 1 1200893
78 0 1200947
85 0 1200995
78 1 1201062
85 1 1201082
32 0 1201155
65 0 1201182
32 1 1201234
85 0 1201308
65 1 1201313
85 1 1201387
32 0 1201429
32 1 1201533
70 0 1201568
79 0 1201640
70 1 1201669
79 1 1201731
83 0 1201760
83 1 1201860
84 0 1201973
82 0 1201983
84 1 1202028
32 0 1202073
82 1 1202095
32 1 1202136
73 0 1202205
78 0 1202257
73 1 1202324
68 0 1202333
78 1 1202346
68 1 1202428
85 0 1202499
85 1 1202571
82 0 1202580
82 1 1202698
77 0 1202749
77 1 1202832
65 0 1202847
84 0 1202959
65 1 1202984
73 0 1203039
84 1 1203057
73 1 1203126
32 0 1203207
32 1 1203258
66 0 1203345
66 1 1203401
73 0 1203478
78 0 1203546
73 1 1203585
69 0 1203598
78 1 1203638
69 1 1203714
32 0 1203806
32 1 1203930
76 0 1204198
65 0 1204250
76 1 1204277
65 1 1204349
32 0 1204375
32 1 1204454
67 0 1204467
69 0 1204511
67 1 1204529
32 0 1204608
69 1 1204613
70 0 1204679
32 1 1204710
65 0 1204751
70 1 1204768
65 1 1204847
67 0 1204889
67 1 1204987
85 0 1205014
85 1 1205085
76 0 1205194
84 0 1205246
76 1 1205277
65 0 1205334
84 1 1205363
84 0 1205434
65 1 1205469
69 0 1205482
84 1 1205516
32 0 1205553
69 1 1205567
32 1 1205666
83 0 1205685
65 0 1205707
83 1 1205776
65 1 1205899
32 0 1206011
32 1 1206091
77 0 1206174
69 0 1206262
77 1 1206263
69 1 1206402
65 0 1206427
82 0 1206572
65 1 1206594
82 1 1206678
71 0 1206753
65 0 1206802
71 1 1206826
65 1 1206933
16 0 1207447
49 0 1207519
49 1 1207597
16 1 1207643
16 0 1217152
79 0 1217277
79 1 1217348
16 1 1217361
32 0 1217439
32 1 1217511
80 0 1217606
80 1 1217694
73 0 1217803
67 0 1217879
73 1 1217886
67 1 1217987
84 0 1218110
84 1 1218198
85 0 1218200
85 1 1218297
82 0 1218310
65 0 1218345
82 1 1218371
32 0 1218450
65 1 1218475
32 1 1218546
68 0 1218569
69 0 1218612
68 1 1218636
32 0 1218680
69 1 1218723
32 1 1218768
84 0 1218882
79 0 1218950
84 1 1218968
79 1 1219033
84 0 1219042
84 1 1219130
32 0 1219150
32 1 1219242
75 0 1219369
75 1 1219428
75 0 1219507
75 1 1219571
84 0 1219640
84 1 1219736
189 0 1219756
189 1 1219820
85 0 1220015
85 1 1220067
186 0 1220256
186 1 1220383
16 0 1220531
16 1 1220711
8 0 1220859
8 1 1220923
76 0 1221005
76 1 1221089
49 0 1221410
16 0 1221528
49 1 1221528
16 1 1221751
8 0 1221999
8 1 1222063
16 0 1222186
49 0 1222278
49 1 1222373
16 1 1222386
32 0 1222520
32 1 1222633
16 0 1222637
78 0 1222744
16 1 1222831
78 1 1222875
73 0 1222956
73 1 1223016
67 0 1223097
73 0 1223149
67 1 1223212
73 1 1223233
32 0 1223397
32 1 1223464
78 0 1223520
85 0 1223559
78 1 1223639
85 1 1223652
32 0 1223725
83 0 1223785
32 1 1223825
84 0 1223902
83 1 1223935
73 0 1224001
84 1 1224011
73 1 1224069
85 0 1224165
85 1 1224232
32 0 1224276
67 0 1224356
32 1 1224387
69 0 1224420
67 1 1224451
32 0 1224488
69 1 1224506
32 1 1224588
68 0 1224602
68 1 1224666
82 0 1224718
65 0 1224802
82 1 1224827
65 1 1224922
67 0 1224956
85 0 1225045
67 1 1225054
85 1 1225128
32 0 1225178
83 0 1225246
32 1 1225293
65 0 1225310
83 1 1225361
32 0 1225427
65 1 1225432
83 0 1225511
32 1 1225527
67 0 1225622
83 1 1225635
67 1 1225731
82 0 1225846
73 0 1225913
82 1 1225921
73 1 1225983
85 0 1226051
85 1 1226135
32 0 1226187
32 1 1226282
76 0 1226306
76 1 1226405
65 0 1226421
32 0 1226485
65 1 1226522
32 1 1226549
77 0 1226638
77 1 1226710
73 0 1226900
73 1 1227000
90 0 1227001
90 1 1227108
69 0 1227221
82 0 1227317
69 1 1227330
82 1 1227416
73 0 1227421
73 1 1227513
65 0 1227528
32 0 1227620
65 1 1227638
32 1 1227727
65 0 1227748
83 0 1227780
65 1 1227851
83 1 1227936
65 0 1227962
65 1 1228082
8 0 1228299
84 0 1228372
8 1 1228376
65 0 1228439
84 1 1228449
65 1 1228547
16 0 1228603
49 0 1228715
49 1 1228828
16 1 1228859
32 0 1229834
32 1 1229954
16 0 1249620
69 0 1249779
16 1 1249874
69 1 1249927
32 0 1250048
32 1 1250124
85 0 1250233
85 1 1250345
78 0 1250368
85 0 1250448
78 1 1250519
85 1 1250548
32 0 1250630
32 1 1250727
90 0 1250784
73 0 1250903
90 1 1250908
73 1 1250995
67 0 1250998
73 0 1251063
67 1 1251100
73 1 1251142
32 0 1251197
67 0 1251253
32 1 1251308
65 0 1251317
67 1 1251331
32 0 1251401
65 1 1251426
32 1 1251517
69 0 1251529
32 0 1251635
69 1 1251672
32 1 1251704
73 0 1251814
78 0 1251878
73 1 1251920
78 1 1251957
32 0 1252001
32 1 1252085
16 0 1252137
16 1 1252489
80 0 1252700
76 0 1252752
80 1 1252795
65 0 1252834
76 1 1252839
65 1 1252968
32 0 1252982
32 1 1253074
71 0 1253116
71 1 1253224
79 0 1253245
65 0 1253320
79 1 1253327
65 1 1253436
76 0 1253458
65 0 1253526
76 1 1253539
65 1 1253610
32 0 1253656
32 1 1253748
8 0 1254963
8 1 1255037
188 0 1255138
188 1 1255226
32 0 1255325
32 1 1255393
76 0 1255452
69 0 1255552
76 1 1255562
69 1 1255615
83 0 1255730
73 0 1255810
83 1 1255823
73 1 1255882
78 0 1255955
78 1 1256031
65 0 1256059
84 0 1256184
65 1 1256193
84 1 1256256
32 0 1256257
32 1 1256343
80 0 1256452
69 0 1256508
80 1 1256539
69 1 1256600
32 0 1256655
83 0 1256731
32 1 1256741
83 1 1256851
67 0 1256887
65 0 1256979
67 1 1256984
65 1 1257091
82 0 1257110
82 1 1257217
73 0 1257230
73 1 1257310
16 0 1257512
16 1 1258128
188 0 1258391
188 1 1258463
32 0 1258606
32 1 1258698
65 0 1259049
65 1 1259165
76 0 1259229
76 1 1259325
84 0 1259344
84 1 1259457
85 0 1259509
85 1 1259593
76 0 1259726
76 1 1259801
32 0 1259906
32 1 1259977
90 0 1264673
90 1 1264778
73 0 1264967
73 1 1265167
67 0 1265382
67 1 1265498
73 0 1265542
73 1 1265674
32 0 1265874
32 1 1265999
67 0 1266064
67 1 1266172
65 0 1266203
65 1 1266347
32 0 1266462
32 1 1266562
69 0 1266697
69 1 1266825
32 0 1266945
32 1 1267036
66 0 1268167
65 0 1268231
66 1 1268252
65 1 1268359
84 0 1268403
84 1 1268487
85 0 1268503
85 1 1268566
84 0 1268604
85 0 1268665
84 1 1268690
85 1 1268753
32 0 1268875
32 1 1268950
76 0 1269011
65 0 1269099
76 1 1269107
65 1 1269195
32 0 1269196
32 1 1269283
67 0 1269320
79 0 1269403
67 1 1269429
79 1 1269487
76 0 1269540
76 1 1269665
84 0 1269666
84 1 1269792
188 0 1269794
188 1 1269882
32 0 1269996
32 1 1270084
65 0 1270558
65 1 1270703
76 0 1270766
76 1 1270862
84 0 1270874
84 1 1270982
85 0 1271005
85 1 1271081
76 0 1271185
76 1 1271277
32 0 1271385
32 1 1271480
83 0 1272050
83 1 1272138
69 0 1272234
69 1 1272354
32 0 1272368
32 1 1272441
85 0 1272519
85 1 1272591
73 0 1272681
84 0 1272733
73 1 1272780
65 0 1272837
84 1 1272851
65 1 1272961
32 0 1272973
32 1 1273073
83 0 1273077
83 1 1273203
73 0 1273205
73 1 1273269
32 0 1273348
32 1 1273451
67 0 1273580
67 1 1273653
73 0 1273672
73 1 1273772
84 0 1273793
84 1 1273885
83 0 1274049
83 1 1274180
8 0 1274388
69 0 1274484
8 1 1274494
69 1 1274552
83 0 1274672
83 1 1274752
84 0 1274853
69 0 1274942
84 1 1274954
32 0 1274999
69 1 1275055
32 1 1275073
79 0 1275873
79 1 1275960
32 0 1276059
32 1 1276139
67 0 1276186
65 0 1276254
67 1 1276264
82 0 1276394
65 1 1276407
82 1 1276494
84 0 1276574
69 0 1276646
84 1 1276657
69 1 1276750
188 0 1276751
188 1 1276830
32 0 1276937
32 1 1277025
73 0 1277480
73 1 1277600
82 0 1277701
82 1 1277837
8 0 1278154
65 0 1278254
8 1 1278270
65 1 1278381
82 0 1278383
82 1 1278497
32 0 1278628
32 1 1278771
85 0 1279258
85 1 1279314
78 0 1279426
85 0 1279434
78 1 1279464
85 1 1279518
76 0 1279664
76 1 1279736
32 0 1279820
32 1 1279914
67 0 1279927
67 1 1280030
72 0 1280043
72 1 1280127
69 0 1280152
69 1 1280284
76 0 1280299
76 1 1280427
32 0 1280552
32 1 1280644
80 0 1282672
65 0 1282786
80 1 1282803
65 1 1282926
82 0 1283201
82 1 1283265
67 0 1283514
65 0 1283639
67 1 1283644
65 1 1283742
32 0 1283879
32 1 1283959
86 0 1284521
86 1 1284600
79 0 1284614
79 1 1284686
77 0 1284776
73 0 1284904
77 1 1284960
84 0 1284964
73 1 1285020
84 1 1285096
65 0 1285110
65 1 1285242
32 0 1285261
32 1 1285373
68 0 1285495
69 0 1285543
32 0 1285592
68 1 1285604
69 1 1285675
32 1 1285691
76 0 1285729
65 0 1285837
76 1 1285847
32 0 1285933
65 1 1285943
32 1 1286037
66 0 1286265
66 1 1286348
65 0 1286352
65 1 1286456
85 0 1286476
84 0 1286561
85 1 1286567
84 1 1286669
85 0 1286676
82 0 1286750
85 1 1286837
82 1 1286857
65 0 1286865
65 1 1286976
16 0 1287037
49 0 1287205
49 1 1287353
16 1 1287410
32 0 1287523
32 1 1287636
16 0 1287831
16 1 1289031
16 0 1289552
78 0 1292838
78 1 1292904
16 1 1292917
85 0 1293142
85 1 1293202
32 0 1293308
32 1 1293424
73 0 1293549
78 0 1293582
73 1 1293642
84 0 1293667
78 1 1293673
69 0 1293734
84 1 1293755
69 1 1293818
76 0 1293848
69 0 1293916
76 1 1293945
69 1 1294028
71 0 1294036
71 1 1294136
32 0 1294191
32 1 1294303
73 0 1295151
78 0 1295206
73 1 1295246
78 1 1295285
83 0 1295374
32 0 1295385
32 1 1295446
83 1 1295506
84 0 1295544
65 0 1295628
84 1 1295660
65 1 1295761
78 0 1295764
78 1 1295856
71 0 1295872
65 0 1295920
71 1 1295948
65 1 1296048
32 0 1296052
32 1 1296148
8 0 1296955
8 0 1297456
8 0 1297539
8 0 1297627
8 0 1297706
8 0 1297790
8 0 1297875
8 1 1297942
8 0 1298060
8 1 1298167
32 0 1298556
32 1 1298643
83 0 1298682
83 1 1298766
84 0 1298859
84 1 1298963
65 0 1298971
65 1 1299087
78 0 1299126
78 1 1299202
71 0 1299210
65 0 1299249
71 1 1299268
65 1 1299362
32 0 1299370
32 1 1299436
74 0 1299556
79 0 1299630
74 1 1299708
83 0 1299733
79 1 1299739
83 1 1299856
32 0 1299911
32 1 1300010
67 0 1300265
69 0 1300313
67 1 1300335
69 1 1300437
32 0 1300481
32 1 1300549
69 0 1301516
69 1 1301591
32 0 1301612
32 1 1301700
67 0 1301720
85 0 1301813
67 1 1301836
85 1 1301901
32 0 1301959
32 1 1302082
71 0 1302100
71 1 1302200
65 0 1302255
65 1 1302431
85 0 1302701
85 1 1302818
82 0 1302820
65 0 1302881
82 1 1302913
65 1 1302993
32 0 1303011
32 1 1303079
65 0 1303121
73 0 1303193
65 1 1303198
65 0 1303260
73 1 1303271
65 1 1303364
32 0 1303388
32 1 1303466
73 0 1303571
78 0 1303591
73 1 1303634
78 1 1303670
32 0 1303742
32 1 1303817
80 0 1303926
80 1 1304010
73 0 1304121
67 0 1304177
73 1 1304182
67 1 1304284
84 0 1304406
85 0 1304482
84 1 1304508
85 1 1304570
82 0 1304608
65 0 1304660
82 1 1304661
65 1 1304803
188 0 1304820
188 1 1304908
32 0 1305018
32 1 1305085
69 0 1305130
69 1 1305226
32 0 1305230
32 1 1305298
85 0 1305384
78 0 1305452
85 1 1305481
78 1 1305507
32 0 1305606
32 1 1305657
84 0 1305710
85 0 1305775
84 1 1305821
78 0 1305858
85 1 1305875
78 1 1305918
69 0 1305953
69 1 1306057
76 0 1306065
76 1 1306145
32 0 1306230
32 1 1306305
83 0 1306309
85 0 1306406
83 1 1306412
66 0 1306478
85 1 1306498
66 1 1306545
32 0 1306627
32 1 1306722
76 0 1307307
76 1 1307350
79 0 1307440
79 1 1307560
67 0 1307650
65 0 1307745
67 1 1307755
65 1 1307885
84 0 1307927
73 0 1308002
84 1 1308029
69 0 1308110
73 1 1308118
69 1 1308202
188 0 1308525
188 1 1308592
32 0 1308695
32 1 1308790
68 0 1309322
73 0 1309383
68 1 1309398
78 0 1309442
73 1 1309481
78 1 1309505
65 0 1309682
65 1 1309753
8 0 1310106
8 1 1310202
32 0 1310261
32 1 1310332
65 0 1310361
76 0 1310429
65 1 1310473
65 0 1310533
76 1 1310535
65 1 1310641
32 0 1310680
83 0 1310727
32 1 1310808
83 1 1310820
69 0 1310943
69 1 1311030
67 0 1311103
67 1 1311175
82 0 1311280
69 0 1311340
82 1 1311373
69 1 1311485
84 0 1311487
84 1 1311599
32 0 1311624
32 1 1311724
67 0 1311785
65 0 1311806
67 1 1311837
32 0 1311897
65 1 1311960
32 1 1311976
78 0 1312118
78 1 1312218
8 0 1312843
8 1 1312939
73 0 1313101
78 0 1313196
73 1 1313218
78 1 1313280
32 0 1313414
32 1 1313541
16 0 1317680
67 0 1322037
16 1 1322068
67 1 1322122
79 0 1322148
79 1 1322244
68 0 1322304
68 1 1322383
85 0 1322407
85 1 1322483
76 0 1322583
76 1 1322657
32 0 1322726
32 1 1322814
76 0 1322866
76 1 1322962
85 0 1323073
85 1 1323129
73 0 1323199
73 1 1323258
16 0 1323341
32 0 1323345
32 1 1323441
68 0 1323497
16 1 1323514
68 1 1323641
65 0 1323658
65 1 1323777
32 0 1324178
32 1 1324278
16 0 1324293
16 1 1324497
73 0 1324604
73 1 1324688
8 0 1324919
16 0 1324975
8 1 1325018
86 0 1325129
16 1 1325133
86 1 1325227
73 0 1325252
78 0 1325324
73 1 1325368
67 0 1325392
78 1 1325418
67 1 1325500
73 0 1325519
73 1 1325595
16 0 1325758
49 0 1325963
16 1 1326058
49 1 1326062
32 0 1326337
32 1 1326445
16 0 1326687
65 0 1327491
16 1 1327559
65 1 1327615
67 0 1327722
67 1 1327825
85 0 1327847
85 1 1327915
77 0 1328011
77 1 1328083
32 0 1328176
65 0 1328241
32 1 1328254
77 0 1328357
65 1 1328363
77 1 1328428
32 0 1328450
32 1 1328577
86 0 1328589
86 1 1328677
65 0 1328711
65 1 1328831
90 0 1328974
90 1 1329068
85 0 1329112
85 1 1329188
32 0 1329304
32 1 1329424
84 0 1329623
84 1 1329738
8 0 1329873
8 1 1329955
8 0 1330023
84 0 1330112
8 1 1330113
84 1 1330215
32 0 1330219
32 1 1330319
76 0 1330360
65 0 1330412
76 1 1330452
65 1 1330512
32 0 1330535
32 1 1330639
16 0 1330683
84 0 1330804
84 1 1330890
86 0 1331048
86 1 1331143
16 1 1331211
32 0 1331213
32 1 1331307
67 0 1331369
65 0 1331457
67 1 1331468
32 0 1331501
65 1 1331574
32 1 1331593
76 0 1331670
76 1 1331746
189 0 1331843
65 0 1331895
189 1 1331917
85 0 1332047
65 1 1332061
85 1 1332131
32 0 1332201
65 0 1332240
32 1 1332325
67 0 1332361
65 1 1332368
67 1 1332481
85 0 1332517
85 1 1332584
90 0 1332596
90 1 1332708
65 0 1332782
84 0 1332915
65 1 1332928
32 0 1332982
84 1 1333016
32 1 1333058
80 0 1333130
69 0 1333194
80 1 1333226
69 1 1333282
32 0 1333342
32 1 1333449
16 0 1333453
65 0 1333625
16 1 1333685
65 1 1333749
76 0 1333763
69 0 1333866
76 1 1333877
69 1 1333927
88 0 1334062
88 1 1334130
69 0 1334239
69 1 1334315
32 0 1334351
32 1 1334427
68 0 1334431
69 0 1334479
68 1 1334518
69 1 1334607
32 0 1334608
32 1 1334659
76 0 1334743
76 1 1334811
85 0 1335114
65 0 1335197
85 1 1335211
65 1 1335317
82 0 1335335
69 0 1335420
82 1 1335424
69 1 1335507
32 0 1335784
68 0 1335909
32 1 1335914
69 0 1335964
68 1 1336016
32 0 1336040
69 1 1336096
32 1 1336112
77 0 1336193
73 0 1336289
77 1 1336368
84 0 1336369
73 1 1336396
65 0 1336484
84 1 1336498
32 0 1336582
65 1 1336588
32 1 1336668
80 0 1336761
69 0 1336832
80 1 1336846
69 1 1336952
78 0 1336975
84 0 1337059
78 1 1337069
82 0 1337120
84 1 1337141
85 0 1337216
82 1 1337247
85 1 1337275
32 0 1337365
32 1 1337468
65 0 1337597
65 1 1337709
32 0 1337753
32 1 1337849
8 0 1338047
8 1 1338111
8 0 1338193
67 0 1338261
65 0 1338284
8 1 1338285
67 1 1338333
65 1 1338405
32 0 1338425
65 0 1338497
32 1 1338511
65 1 1338625
32 0 1338672
32 1 1338759
80 0 1338837
80 1 1338938
82 0 1338941
73 0 1339066
82 1 1339067
73 1 1339141
77 0 1339157
73 0 1339237
84 0 1339282
77 1 1339295
73 1 1339329
84 1 1339382
32 0 1339408
32 1 1339507
16 0 1339559
84 0 1339718
84 1 1339806
65 0 1339895
66 0 1339966
65 1 1340022
66 1 1340046
76 0 1340163
76 1 1340278
65 0 1340343
65 1 1340478
32 0 1340502
32 1 1340590
16 1 1340622
77 0 1340894
77 1 1340958
79 0 1341036
79 1 1341128
67 0 1341163
65 0 1341193
67 1 1341224
65 1 1341371
16 0 1341795
49 0 1341877
49 1 1342013
16 1 1342054
32 0 1342111
32 1 1342187
80 0 1342395
80 1 1342495
16 0 1342685
8 0 1342758
8 1 1342836
80 0 1342873
16 1 1342961
80 1 1342973
69 0 1343063
69 1 1343151
78 0 1343168
73 0 1343280
78 1 1343297
73 1 1343396
66 0 1343494
66 1 1343577
73 0 1343640
73 1 1343731
76 0 1343821
76 1 1343928
16 0 1344124
49 0 1344371
16 1 1344459
49 1 1344487
32 0 1344602
32 1 1344668
16 0 1344817
78 0 1344946
16 1 1345017
73 0 1345025
78 1 1345043
73 1 1345121
8 0 1345543
8 1 1345723
8 0 1345983
8 1 1346082
16 0 1346212
77 0 1346281
77 1 1346336
16 1 1346356
73 0 1346439
73 1 1346498
189 0 1346621
189 1 1346712
65 0 1346732
82 0 1346905
65 1 1346910
82 1 1346992
32 0 1347029
32 1 1347092
70 0 1347121
73 0 1347204
70 1 1347226
73 1 1347276
32 0 1347363
32 1 1347447
83 0 1347510
73 0 1347587
83 1 1347612
73 1 1347669
32 0 1347725
32 1 1347821
82 0 1348030
85 0 1348078
82 1 1348137
85 1 1348201
83 0 1348330
73 0 1348438
83 1 1348439
78 0 1348506
73 1 1348553
69 0 1348578
78 1 1348589
69 1 1348642
32 0 1348712
83 0 1348778
32 1 1348784
65 0 1348835
83 1 1348877
32 0 1348917
65 1 1348964
32 1 1348997
70 0 1349022
73 0 1349111
70 1 1349138
73 1 1349175
85 0 1349570
85 1 1349655
32 0 1349739
65 0 1349826
32 1 1349840
65 1 1349914
67 0 1349956
67 1 1350063
85 0 1350077
85 1 1350157
90 0 1350229
65 0 1350353
90 1 1350373
84 0 1350525
65 1 1350529
84 1 1350610
32 0 1350654
32 1 1350713
67 0 1350755
85 0 1350823
67 1 1350866
85 1 1350892
32 0 1350951
65 0 1351003
32 1 1351058
83 0 1351094
65 1 1351138
65 0 1351202
83 1 1351254
65 1 1351318
32 0 1351319
67 0 1351398
32 1 1351420
69 0 1351467
67 1 1351480
69 1 1351574
86 0 1351597
86 1 1351701
65 0 1351763
65 1 1351900
16 0 1351985
16 1 1352218
190 0 1352297
190 1 1352391
190 0 1352475
190 1 1352538
190 0 1352609
190 1 1352684
32 0 1352724
32 1 1352832
83 0 1354036
83 1 1354156
8 0 1354586
8 1 1354711
16 0 1368033
67 0 1368217
16 1 1368288
67 1 1368324
82 0 1368435
69 0 1368511
82 1 1368542
69 1 1368619
68 0 1368645
68 1 1368709
32 0 1368812
32 1 1368903
67 0 1368924
65 0 1368968
67 1 1369003
32 0 1369060
65 1 1369081
32 1 1369144
73 0 1369229
73 1 1369305
84 0 1369327
73 0 1369367
84 1 1369410
73 1 1369451
32 0 1369540
32 1 1369632
65 0 1369736
65 1 1369846
74 0 1370168
74 1 1370312
85 0 1370329
85 1 1370452
78 0 1370493
78 1 1370613
71 0 1370617
69 0 1370709
71 1 1370717
69 1 1370813
32 0 1370843
32 1 1370935
67 0 1379213
65 0 1379314
67 1 1379315
84 0 1379475
65 1 1379489
84 1 1379563
32 0 1379564
32 1 1379651
65 0 1379680
77 0 1379772
65 1 1379787
77 1 1379836
32 0 1379900
83 0 1379958
32 1 1380022
67 0 1380087
83 1 1380102
67 1 1380160
82 0 1380270
82 1 1380361
73 0 1380391
83 0 1380471
73 1 1380485
83 1 1380555
32 0 1380575
32 1 1380661
80 0 1380730
80 1 1380824
69 0 1380833
69 1 1380917
78 0 1380930
78 1 1381022
84 0 1381040
82 0 1381097
84 1 1381137
85 0 1381149
82 1 1381213
85 1 1381241
32 0 1381275
32 1 1381378
80 0 1381455
82 0 1381514
80 1 1381554
82 1 1381630
79 0 1381638
79 1 1381710
73 0 1381796
69 0 1381869
73 1 1381912
69 1 1381968
67 0 1381977
67 1 1382064
84 0 1382207
85 0 1382263
84 1 1382306
85 1 1382331
76 0 1382442
76 1 1382498
32 0 1382574
84 0 1382673
32 1 1382702
65 0 1382730
84 1 1382754
85 0 1382862
65 1 1382893
85 1 1382946
32 0 1383013
68 0 1383069
32 1 1383120
69 0 1383136
68 1 1383163
32 0 1383237
69 1 1383242
32 1 1383304
68 0 1383321
68 1 1383412
79 0 1383473
67 0 1383532
79 1 1383580
67 1 1383624
84 0 1383728
84 1 1383824
79 0 1383842
79 1 1383918
82 0 1383930
65 0 1383994
82 1 1384013
84 0 1384130
65 1 1384162
84 1 1384218
16 0 1384230
16 1 1384518
