20 0 138619
20 1 138745
65 0 141488
65 1 141536
67 0 141664
67 1 141728
85 0 142304
85 1 142376
77 0 142984
77 1 143048
32 0 143184
32 1 143248
86 0 143792
86 1 143872
8 0 145249
8 1 145312
69 0 146824
69 1 146904
83 0 147288
83 1 147360
84 0 147928
84 1 148008
69 0 148232
69 1 148296
32 0 148616
32 1 148720
70 0 151680
70 1 151744
82 0 151848
82 1 151912
8 0 153008
8 1 153096
8 0 153432
8 1 153496
8 0 154096
8 1 154161
8 0 154280
8 1 154352
8 0 154440
8 0 154941
8 0 154974
8 0 155006
8 0 155040
8 0 155073
8 0 155106
8 0 155139
8 0 155172
8 0 155205
8 0 155237
8 0 155270
8 0 155303
8 0 155336
8 0 155368
8 0 155402
8 1 155424
84 0 155952
84 1 156016
73 0 156392
73 1 156456
77 0 156832
77 1 156928
80 0 157600
80 1 157656
32 0 157976
32 1 158032
73 0 158264
73 1 158328
78 0 158848
78 1 158920
83 0 160056
83 1 160168
79 0 161920
79 1 161992
82 0 162416
82 1 162480
73 0 163064
73 1 163136
84 0 163712
84 1 163768
188 0 166752
188 1 166832
8 0 171512
8 0 172013
8 0 172046
8 0 172078
8 0 172112
8 0 172145
8 0 172177
8 0 172211
8 0 172243
8 0 172276
8 0 172309
8 0 172342
8 0 172375
8 0 172408
8 0 172440
8 0 172475
8 0 172507
8 0 172539
8 0 172573
8 0 172607
8 1 172608
65 0 175000
65 1 175096
20 0 175280
20 1 175376
67 0 175624
67 1 175696
85 0 176169
85 1 176240
77 0 176744
77 1 176808
32 0 176952
32 1 177008
69 0 177400
69 1 177456
83 0 177632
83 1 177736
84 0 177960
84 1 178040
69 0 178224
69 1 178288
32 0 178520
32 1 178592
70 0 179368
70 1 179440
82 0 179576
82 1 179632
85 0 180200
85 1 180264
77 0 180896
77 1 180952
79 0 181248
79 1 181304
83 0 181896
83 1 181960
32 0 182232
32 1 182376
65 0 183344
65 1 183456
70 0 184800
70 1 184880
65 0 184944
65 1 185048
82 0 185320
82 1 185408
65 0 185808
65 1 185912
32 0 186312
32 1 186384
67 0 186656
67 1 186728
82 0 188096
82 1 188160
8 0 188992
8 1 189104
69 0 189592
69 1 189704
69 0 191104
69 1 191176
65 0 191456
65 1 191544
32 0 191777
32 1 191848
67 0 192008
67 1 192080
69 0 192224
69 1 192288
32 0 192520
32 1 192576
77 0 193312
77 1 193400
65 0 193512
65 1 193592
32 0 193800
32 1 193848
66 0 194152
66 1 194208
85 0 194488
85 1 194552
67 0 195040
67 1 195104
85 0 195592
85 1 195664
82 0 196272
82 1 196360
65 0 196600
65 1 196680
190 0 197712
190 1 197784
20 0 199969
20 1 200168
90 0 201224
90 1 201304
20 0 201448
20 1 201608
73 0 202120
73 1 202184
76 0 202520
76 1 202584
69 0 203152
69 1 203224
76 0 204368
76 1 204456
69 0 204672
69 1 204776
32 0 204984
32 1 205064
84 0 205864
84 1 205928
82 0 206048
82 1 206112
69 0 206224
69 1 206288
67 0 206624
67 1 206696
85 0 207240
85 1 207304
84 0 207584
84 1 207648
69 0 207936
69 1 208000
32 0 208272
32 1 208344
65 0 208544
65 1 208656
32 0 209064
32 1 209120
80 0 209792
80 1 209872
76 0 210000
76 1 210080
79 0 210544
79 1 210600
85 0 211416
85 1 211480
65 0 211856
65 1 211960
84 0 212552
84 1 212632
32 0 215264
32 1 215344
70 0 217008
70 1 217096
79 0 217272
79 1 217336
65 0 217808
65 1 217928
84 0 218216
84 1 218296
8 0 219392
8 1 219456
82 0 219785
82 1 219856
69 0 220008
69 1 220096
8 0 221088
8 1 221152
84 0 221488
84 1 221552
69 0 221744
69 1 221808
32 0 222104
32 1 222168
77 0 222672
77 1 222752
85 0 223112
85 1 223192
76 0 223624
76 1 223696
84 0 224176
84 1 224256
190 0 230888
190 1 230960
32 0 233616
32 1 233688
73 0 234960
73 1 235032
77 0 235296
77 1 235344
73 0 235536
73 1 235600
32 0 235816
32 1 235872
80 0 236760
80 1 236840
76 0 236960
76 1 237024
65 0 237632
65 1 237752
67 0 239480
67 1 239536
32 0 239688
32 1 239752
86 0 240296
86 1 240360
69 0 240528
69 1 240600
82 0 240728
82 1 240792
73 0 241432
73 1 241488
76 0 241856
76 1 241920
69 0 242264
69 1 242328
32 0 242600
32 1 242656
78 0 243328
78 1 243400
85 0 243552
85 1 243616
32 0 243832
32 1 243880
70 0 244248
70 1 244312
79 0 245568
79 1 245640
65 0 245752
65 1 245832
82 0 246296
82 1 246376
84 0 246928
84 1 247000
69 0 247696
69 1 247768
32 0 248056
32 1 248104
67 0 248312
67 1 248384
65 0 248496
65 1 248608
76 0 249560
76 1 249632
68 0 250056
68 1 250120
69 0 250256
69 1 250328
190 0 265728
190 1 265824
8 0 284800
8 1 284888
8 0 284968
8 1 285032
8 0 285120
8 1 285192
8 0 285280
8 1 285352
8 0 285440
8 1 285512
8 0 285600
8 1 285664
8 0 285760
8 1 285832
8 0 285920
8 1 285992
8 0 286088
8 1 286152
8 0 286248
8 1 286328
8 0 286432
8 1 286512
8 0 286616
8 1 286696
8 0 286808
8 1 286872
8 0 286976
8 1 287040
8 0 287128
8 1 287200
8 0 287280
8 1 287360
8 0 287432
8 1 287504
8 0 287592
8 1 287664
8 0 287736
8 1 287824
8 0 287888
8 1 287976
8 0 288032
8 1 288128
8 0 288216
8 1 288296
8 0 288384
8 1 288456
8 0 288560
8 1 288632
8 0 288728
8 1 288808
8 0 288912
8 1 288976
8 0 289088
8 1 289152
8 0 289304
8 1 289392
8 0 289536
8 1 289624
8 0 289832
8 1 289936
8 0 290096
8 1 290184
8 0 290480
8 1 290560
32 0 291248
32 1 291328
65 0 291584
65 1 291696
8 0 293184
8 1 293248
8 0 293376
8 1 293440
13 0 295000
13 1 295088
20 0 297392
20 1 297480
65 0 297632
65 1 297680
20 0 297848
20 1 297936
78 0 298456
78 1 298536
79 0 299056
79 1 299128
84 0 299656
84 1 299720
73 0 300152
73 1 300216
77 0 300560
77 1 300616
80 0 301104
80 1 301168
85 0 301528
85 1 301600
76 0 302040
76 1 302112
32 0 302344
32 1 302392
77 0 302720
77 1 302792
69 0 303216
69 1 303280
85 0 303777
85 1 303832
32 0 304104
32 1 304160
80 0 304648
80 1 304712
82 0 305160
82 1 305232
69 0 305320
69 1 305400
70 0 306096
70 1 306176
69 0 306304
69 1 306376
82 0 306560
82 1 306632
65 0 306888
65 1 306968
84 0 308384
84 1 308448
32 0 308680
32 1 308752
69 0 309176
69 1 309248
83 0 309360
83 1 309416
84 0 309864
84 1 309936
69 0 310080
69 1 310144
32 0 310432
32 1 310504
86 0 310776
86 1 310848
65 0 310936
65 1 311080
82 0 311352
82 1 311440
65 0 311520
65 1 311600
32 0 312416
32 1 312488
68 0 315168
68 1 315256
65 0 316112
65 1 316224
82 0 319368
82 1 319440
82 0 319552
82 1 319616
82 0 319720
82 1 319760
8 0 321280
8 1 321352
8 0 321496
8 1 321560
8 0 321712
8 1 321800
8 0 322416
8 1 322488
8 0 322632
8 1 322736
188 0 323568
188 1 323648
32 0 323896
32 1 323952
68 0 324520
68 1 324600
65 0 324712
65 1 324840
82 0 325120
82 1 325184
32 0 325472
32 1 325544
78 0 327432
78 1 327512
85 0 328184
85 1 328256
32 0 328600
32 1 328680
73 0 329120
73 1 329200
77 0 330072
77 1 330152
73 0 330936
73 1 331016
32 0 331448
32 1 331512
80 0 331848
80 1 331912
76 0 332672
76 1 332752
65 0 332840
65 1 332968
67 0 333432
67 1 333488
32 0 333896
32 1 333968
84 0 334232
84 1 334304
69 0 334456
69 1 334520
77 0 335200
77 1 335264
80 0 336328
80 1 336408
69 0 336816
69 1 336880
82 0 337152
82 1 337232
65 0 337464
65 1 337592
84 0 337960
84 1 338016
85 0 338504
85 1 338560
82 0 338864
82 1 338928
73 0 339416
73 1 339480
76 0 339968
76 1 340040
69 0 340456
69 1 340520
32 0 340800
32 1 340848
70 0 341064
70 1 341128
79 0 341608
79 1 341672
65 0 341888
65 1 341984
82 0 342320
82 1 342400
84 0 342688
84 1 342752
69 0 342888
69 1 342952
32 0 343216
32 1 343272
82 0 344120
82 1 344184
73 0 344912
73 1 344992
68 0 345704
68 1 345848
73 0 345968
73 1 346040
67 0 346760
67 1 346824
65 0 346968
65 1 347080
84 0 347416
84 1 347496
69 0 347728
69 1 347800
190 0 358152
190 1 358208
13 0 358824
13 1 358920
20 0 476496
20 1 476640
90 0 477712
90 1 477784
20 0 478184
20 1 478328
73 0 478656
73 1 478720
85 0 478816
85 1 478888
65 0 479088
65 1 479200
32 0 479368
32 1 479424
77 0 479944
77 1 480024
69 0 480352
69 1 480448
65 0 480544
65 1 480640
32 0 480816
32 1 480880
80 0 481656
80 1 481728
82 0 482272
82 1 482344
69 0 482431
69 1 482496
70 0 483328
70 1 483408
69 0 483664
69 1 483736
82 0 484064
82 1 484136
65 0 484312
65 1 484416
84 0 484888
84 1 484976
65 0 485144
65 1 485224
32 0 485456
32 1 485512
69 0 485848
69 1 485920
83 0 486032
83 1 486104
84 0 487096
84 1 487176
69 0 487592
69 1 487656
32 0 487992
32 1 488056
68 0 489576
68 1 489664
85 0 489944
85 1 490016
77 0 490600
77 1 490664
73 0 490832
73 1 490904
78 0 491520
78 1 491592
69 0 492032
69 1 492120
67 0 492536
67 1 492616
65 0 492663
65 1 492760
190 0 502808
190 1 502896
13 0 502967
13 1 503064
20 0 505944
20 1 506031
73 0 506192
73 1 506272
78 0 506704
78 1 506784
32 0 506896
32 1 506968
71 0 507744
71 1 507824
69 0 508024
69 1 508096
78 0 508800
78 1 508872
69 0 509136
69 1 509200
82 0 509359
82 1 509448
65 0 509624
65 1 509744
76 0 510376
76 1 510432
32 0 510640
32 1 510696
83 0 511312
83 1 511416
85 0 511664
85 1 511744
78 0 512000
78 1 512080
84 0 512424
84 1 512496
32 0 512712
32 1 512776
70 0 513464
70 1 513528
79 0 514152
79 1 514232
65 0 514335
65 1 514464
82 0 514760
82 1 514832
84 0 515760
84 1 515824
69 0 515952
69 1 516024
32 0 516296
32 1 516368
77 0 517000
77 1 517088
65 0 517151
65 1 517264
84 0 517576
84 1 517648
73 0 518008
73 1 518072
78 0 518376
78 1 518456
65 0 518543
65 1 518640
76 0 519272
76 1 519360
65 0 519439
65 1 519544
8 0 525752
8 0 526252
8 0 526286
8 0 526318
8 0 526352
8 0 526384
8 0 526417
8 0 526450
8 0 526484
8 0 526516
8 0 526550
8 0 526582
8 0 526615
8 0 526649
8 0 526681
8 0 526714
8 0 526747
8 0 526780
8 0 526813
8 0 526847
8 0 526879
8 0 526913
8 0 526946
8 0 526978
8 0 527012
8 0 527044
8 0 527077
8 0 527111
8 0 527143
8 0 527177
8 0 527210
8 0 527242
8 0 527275
8 0 527308
8 0 527341
8 0 527374
8 0 527407
8 0 527440
8 1 527464
20 0 530392
20 1 530568
78 0 531128
78 1 531208
69 0 531720
69 1 531808
67 0 532136
67 1 532224
65 0 532391
65 1 532464
190 0 534208
190 1 534272
13 0 534616
13 1 534760
20 0 534936
20 1 535087
73 0 536016
73 1 536096
20 0 536232
20 1 536367
78 0 536688
78 1 536752
32 0 536888
32 1 536952
71 0 537568
71 1 537640
69 0 537864
69 1 537936
78 0 538688
78 1 538768
69 0 539232
69 1 539312
82 0 540488
82 1 540560
65 0 540623
65 1 540720
76 0 541432
76 1 541496
32 0 541687
32 1 541744
83 0 542080
83 1 542192
85 0 542383
85 1 542456
78 0 542776
78 1 542840
84 0 543168
84 1 543240
32 0 543456
32 1 543504
70 0 544936
70 1 545008
79 0 545784
79 1 545959
65 0 546224
65 1 546344
82 0 546576
82 1 546648
84 0 546880
84 1 546952
69 0 547120
69 1 547176
32 0 547448
32 1 547512
77 0 548360
77 1 548456
65 0 548496
65 1 548624
84 0 548928
84 1 549000
73 0 549400
73 1 549464
78 0 549944
78 1 550024
65 0 550135
65 1 550208
76 0 550768
76 1 550848
65 0 550992
65 1 551088
188 0 556208
188 1 556272
32 0 556688
32 1 556752
76 0 560432
76 1 560520
65 0 560663
65 1 560776
32 0 560928
32 1 560976
80 0 561496
80 1 561568
82 0 562080
82 1 562144
73 0 562568
73 1 562640
77 0 563120
77 1 563216
65 0 563455
65 1 563552
32 0 564288
32 1 564376
79 0 564576
79 1 564640
82 0 564952
82 1 565040
65 0 565159
65 1 565288
32 0 565415
32 1 565464
79 0 566088
79 1 566160
32 0 566415
32 1 566472
67 0 566744
67 1 566824
65 0 566888
65 1 566991
70 0 567904
70 1 567984
69 0 568216
69 1 568288
65 0 568439
65 1 568528
32 0 568896
32 1 568960
66 0 569752
66 1 569816
85 0 570000
85 1 570064
78 0 570568
78 1 570648
65 0 570864
65 1 570983
32 0 571135
32 1 571200
73 0 573216
73 1 573280
77 0 573496
77 1 573559
73 0 573728
73 1 573768
32 0 573976
32 1 574032
80 0 574664
80 1 574736
79 0 574848
79 1 574912
82 0 575256
82 1 575312
78 0 575968
78 1 576040
69 0 576432
69 1 576496
83 0 576832
83 1 576888
84 0 578360
84 1 578424
69 0 578584
69 1 578640
32 0 581040
32 1 581120
84 0 581760
84 1 581840
79 0 583384
79 1 583455
65 0 583527
65 1 583632
84 0 584024
84 1 584096
69 0 584280
69 1 584352
32 0 584608
32 1 584664
77 0 585968
77 1 586048
65 0 586375
65 1 586472
187 0 587160
187 1 587231
79 0 587656
79 1 587720
84 0 588456
84 1 588520
79 0 589464
79 1 589520
82 0 589832
82 1 589920
65 0 590624
65 1 590704
83 0 590856
83 1 590920
69 0 591039
69 1 591111
76 0 592000
76 1 592088
69 0 592423
69 1 592519
8 0 596648
8 1 596728
82 0 597152
82 1 597208
190 0 603256
190 1 603312
13 0 603624
13 1 603759
67 0 604248
67 1 604328
69 0 604496
69 1 604559
76 0 605224
76 1 605295
69 0 605784
69 1 605856
32 0 606160
32 1 606231
77 0 606944
77 1 607031
65 0 607143
65 1 607263
73 0 608272
73 1 608352
32 0 608640
32 1 608688
70 0 609208
70 1 609287
82 0 609439
82 1 609512
85 0 609960
85 1 610023
77 0 610383
77 1 610447
79 0 610800
79 1 610872
65 0 611191
65 1 611271
83 0 613008
83 1 613079
69 0 613184
69 1 613247
8 0 615880
8 1 615951
20 0 617256
20 1 617440
67 0 617536
67 1 617608
20 0 617752
20 1 617864
32 0 620208
32 1 620327
73 0 620656
73 1 620727
78 0 621056
78 1 621128
84 0 621448
84 1 621506
73 0 621912
73 1 621983
76 0 622376
76 1 622447
78 0 623112
78 1 623192
73 0 623504
73 1 623575
82 0 623928
82 1 623999
69 0 624176
69 1 624184
8 0 624880
8 1 624952
73 0 625504
73 1 625575
32 0 626560
32 1 626640
83 0 626960
83 1 627072
85 0 627256
85 1 627328
78 0 628024
78 1 628087
84 0 628424
84 1 628487
32 0 628680
32 1 628785
67 0 630848
67 1 630927
8 0 631608
8 1 631680
65 0 633752
65 1 633848
67 0 634080
67 1 634152
69 0 634472
69 1 634527
76 0 635240
76 1 635319
69 0 635624
69 1 635687
65 0 635944
65 1 636007
32 0 636304
32 1 636359
73 0 636952
73 1 637031
78 0 637304
78 1 637351
32 0 637471
32 1 637535
67 0 638400
67 1 638488
65 0 638664
65 1 638767
82 0 639072
82 1 639151
69 0 639271
69 1 639343
32 0 640352
32 1 640423
73 0 641016
73 1 641079
77 0 641327
77 1 641399
73 0 641608
73 1 641663
32 0 641880
32 1 641928
86 0 642184
86 1 642256
65 0 642319
65 1 642431
68 0 642920
68 1 642991
32 0 643167
32 1 643223
67 0 646176
67 1 646247
79 0 646920
79 1 646983
80 0 648440
80 1 648511
73 0 648703
73 1 648767
73 0 648856
73 1 648927
32 0 651064
32 1 651159
83 0 651424
83 1 651543
73 0 651776
73 1 651847
32 0 652055
32 1 652103
80 0 653536
80 1 653623
65 0 653695
65 1 653815
82 0 654047
82 1 654111
73 0 654696
73 1 654775
78 0 655008
78 1 655071
84 0 655528
84 1 655583
73 0 656176
73 1 656231
73 0 656319
73 1 656391
190 0 659792
190 1 659863
13 0 662767
13 1 662911
73 0 672904
73 1 672991
8 0 674520
8 1 674599
20 0 675936
20 1 676039
83 0 677992
83 1 678055
20 0 679688
20 1 679824
69 0 679991
69 1 680063
82 0 680207
82 1 680279
86 0 682160
86 1 682271
73 0 682424
73 1 682503
67 0 683184
67 1 683263
73 0 683664
73 1 683743
85 0 684216
85 1 684279
76 0 684488
76 1 684543
32 0 684856
32 1 684911
73 0 685176
73 1 685239
77 0 685736
77 1 685808
73 0 685951
75 0 685968
75 1 685991
73 1 685999
8 0 687656
8 1 687719
32 0 688640
32 1 688696
79 0 689056
79 1 689127
67 0 689840
67 1 689919
85 0 690223
85 1 690295
80 0 690912
80 1 691015
65 0 691207
65 1 691311
32 0 691487
32 1 691551
67 0 691719
67 1 691784
69 0 691912
69 1 691983
65 0 692080
65 1 692175
32 0 692423
32 1 692488
77 0 692984
77 1 693079
65 0 693135
65 1 693231
79 0 693960
79 1 694015
8 0 694624
8 1 694695
73 0 694936
73 1 694999
32 0 695199
32 1 695255
77 0 695736
77 1 695824
65 0 695903
65 1 695983
82 0 696255
82 1 696335
69 0 696423
69 1 696503
32 0 696727
32 1 696775
80 0 697344
80 1 697431
65 0 697520
65 1 697615
82 0 697896
82 1 697967
84 0 698207
84 1 698279
69 0 698407
69 1 698479
32 0 698711
32 1 698775
68 0 699288
68 1 699383
73 0 699608
73 1 699711
78 0 700136
78 1 700199
32 0 700303
32 1 700383
84 0 701520
84 1 701607
73 0 701759
73 1 701839
77 0 702136
77 1 702207
79 0 702688
79 1 702735
8 0 703776
8 1 703839
80 0 704264
80 1 704327
190 0 714408
190 1 714483
32 0 714816
32 1 714887
67 0 715728
67 1 715799
69 0 715935
69 1 716007
8 0 716984
8 1 717055
8 0 717199
8 1 717271
20 0 719192
20 1 719335
67 0 719584
67 1 719655
69 0 719856
69 1 719927
20 0 720720
20 1 720855
8 0 721544
8 1 721615
69 0 723640
69 1 723711
32 0 724880
32 1 724951
65 0 725359
65 1 725471
83 0 725703
83 1 725775
32 0 725936
32 1 725991
86 0 726335
86 1 726407
82 0 726672
82 1 726743
69 0 727136
69 1 727207
65 0 727391
65 1 727455
32 0 727672
32 1 727735
83 0 727920
83 1 727999
65 0 728095
65 1 728199
32 0 728375
32 1 728439
70 0 728928
70 1 729015
65 0 729079
65 1 729175
67 0 729472
67 1 729543
190 0 733872
190 1 733943
190 0 734031
190 1 734087
190 0 734175
190 1 734231
190 0 734303
190 1 734367
32 0 734912
32 1 735063
16 0 736655
191 0 737144
16 1 737200
191 1 737215
83 0 745416
83 1 745527
65 0 745671
65 1 745735
32 0 748496
32 1 748575
65 0 748719
65 1 748823
77 0 749183
77 1 749255
32 0 749367
32 1 749439
84 0 749928
84 1 749991
73 0 750367
73 1 750439
77 0 750727
77 1 750791
80 0 751296
80 1 751343
32 0 751559
32 1 751615
67 0 751864
67 1 751959
8 0 752736
8 1 752807
83 0 753064
83 1 753159
65 0 753472
65 1 753559
32 0 753703
32 1 753759
67 0 753912
67 1 753967
73 0 754440
73 1 754511
84 0 754832
84 1 754903
69 0 755063
69 1 755127
83 0 755287
83 1 755359
67 0 755544
67 1 755599
32 0 755824
32 1 755879
79 0 756456
79 1 756527
32 0 756767
32 1 756823
67 0 757151
67 1 757239
65 0 757335
65 1 757439
82 0 758048
82 1 758135
84 0 758311
84 1 758391
69 0 758551
69 1 758607
32 0 758848
32 1 758911
66 0 759432
66 1 759479
85 0 759719
85 1 759784
78 0 760320
78 1 760407
65 0 760639
65 1 760743
32 0 761120
32 1 761183
83 0 767560
83 1 767751
73 0 768295
73 1 768375
32 0 768591
32 1 768663
73 0 769599
73 1 769679
77 0 769984
77 1 770055
73 0 770239
73 1 770303
32 0 770495
32 1 770551
80 0 771112
80 1 771183
76 0 771311
76 1 771367
65 0 771615
65 1 771703
67 0 771960
67 1 772031
69 0 772215
69 1 772287
32 0 772487
32 1 772551
83 0 772711
83 1 772792
65 0 772943
65 1 773047
32 0 773183
32 1 773255
80 0 773912
80 1 773983
82 0 774391
82 1 774455
69 0 774559
69 1 774623
71 0 775192
71 1 775263
65 0 775335
65 1 775423
84 0 775928
84 1 775991
69 0 776127
69 1 776191
83 0 776327
83 1 776391
67 0 776655
67 1 776711
32 0 776856
32 1 776911
66 0 777536
66 1 777607
85 0 777832
85 1 777895
78 0 778191
78 1 778263
65 0 778359
65 1 778439
84 0 778832
84 1 778911
65 0 779015
65 1 779111
84 0 779808
84 1 779863
73 0 780287
73 1 780351
32 0 780583
32 1 780655
79 0 781007
79 1 781031
8 0 781687
8 1 781751
80 0 783616
80 1 783679
69 0 784688
69 1 784759
78 0 785215
78 1 785279
84 0 785663
84 1 785735
82 0 785840
82 1 785911
85 0 786472
85 1 786543
32 0 786767
32 1 786815
67 0 787936
67 1 787999
69 0 788159
69 1 788223
73 0 788864
73 1 788919
32 0 789144
32 1 789191
68 0 789496
68 1 789567
82 0 789960
82 1 790031
65 0 790239
65 1 790327
71 0 793616
71 1 793679
73 0 794104
73 1 794175
190 0 798048
190 1 798119
13 0 798855
13 1 798919
76 0 800632
76 1 800719
65 0 800808
65 1 800935
32 0 801063
32 1 801135
80 0 801735
80 1 801807
82 0 802271
82 1 802335
73 0 802888
73 1 802951
78 0 803287
78 1 803359
8 0 806687
8 1 806759
8 0 807247
8 1 807343
8 0 807455
8 1 807511
8 0 807640
8 1 807687
8 0 807808
8 1 807863
8 0 807983
8 1 808039
8 0 808184
8 1 808263
20 0 824856
20 1 824967
83 0 825176
83 1 825255
73 0 827223
73 1 827295
8 0 828199
8 1 828279
20 0 828448
20 1 828543
73 0 829007
73 1 829087
83 0 829784
83 1 829895
84 0 830120
84 1 830199
69 0 830328
69 1 830399
77 0 831008
77 1 831079
85 0 831471
85 1 831543
76 0 831864
76 1 831927
32 0 832136
32 1 832199
69 0 832543
69 1 832615
68 0 832951
68 1 833015
85 0 833639
85 1 833703
67 0 834063
67 1 834143
65 0 837144
65 1 837239
84 0 837775
84 1 837855
73 0 840160
73 1 840231
79 0 840887
79 1 840959
76 0 841135
76 1 841207
65 0 841479
65 1 841583
76 0 842367
76 1 842439
32 0 845415
32 1 845551
73 0 847608
73 1 847695
78 0 848215
78 1 848271
32 0 848415
32 1 848487
20 0 849440
20 1 849599
82 0 849703
82 1 849775
20 0 851056
20 1 851207
79 0 851999
79 1 852087
77 0 852415
77 1 852495
65 0 852808
65 1 852911
78 0 853407
78 1 853479
73 0 853687
73 1 853751
65 0 853903
65 1 854007
32 0 854191
32 1 854263
76 0 855600
76 1 855687
65 0 856343
65 1 856455
32 0 856623
32 1 856703
8 0 857656
8 1 857735
8 0 857959
8 1 858039
8 0 858351
8 1 858408
73 0 859079
73 1 859143
78 0 859399
78 1 859455
32 0 859567
32 1 859631
65 0 859839
65 1 859951
67 0 860095
67 1 860175
69 0 860407
69 1 860471
83 0 860631
83 1 860703
84 0 861135
84 1 861207
32 0 861447
32 1 861487
77 0 861999
77 1 862063
79 0 862327
79 1 862383
77 0 862863
77 1 862935
69 0 863456
69 1 863511
78 0 864135
78 1 864199
84 0 865280
84 1 865359
32 0 866447
32 1 866551
69 0 867864
69 1 867935
83 0 868079
83 1 868159
84 0 868359
84 1 868439
69 0 868600
69 1 868663
32 0 868935
32 1 868999
67 0 869247
67 1 869359
85 0 869543
85 1 869607
77 0 869999
77 1 870079
86 0 870951
86 1 871031
65 0 871175
65 1 871255
32 0 871415
32 1 871471
77 0 872207
77 1 872287
65 0 872439
65 1 872535
73 0 872847
73 1 872919
32 0 873695
32 1 873767
68 0 875591
68 1 875655
73 0 876247
73 1 876311
70 0 876671
70 1 876735
69 0 876943
69 1 877023
82 0 877135
82 1 877207
73 0 878128
73 1 878191
84 0 878511
84 1 878567
32 0 878792
32 1 878863
70 0 879135
70 1 879207
65 0 879287
65 1 879383
84 0 879711
84 1 879783
65 0 879863
65 1 879935
32 0 880127
32 1 880199
68 0 880415
68 1 880495
69 0 880583
69 1 880647
32 0 880863
32 1 880935
67 0 881103
67 1 881167
69 0 881343
69 1 881415
32 0 881655
32 1 881703
65 0 881935
65 1 882039
77 0 884415
77 1 884471
32 0 884631
32 1 884679
84 0 885103
84 1 885167
82 0 885279
82 1 885351
65 0 885511
65 1 885607
85 0 885943
85 1 885975
8 0 887359
8 1 887415
73 0 887767
73 1 887831
84 0 888256
84 1 888311
32 0 888535
32 1 888591
69 0 889623
69 1 889687
85 0 890111
85 1 890183
188 0 891721
188 1 891775
32 0 891943
32 1 891999
68 0 892303
68 1 892375
65 0 892455
65 1 892591
82 0 892823
82 1 892887
32 0 896999
32 1 897079
67 0 897263
67 1 897327
82 0 897623
82 1 897687
69 0 897767
69 1 897839
68 0 898103
68 1 898175
32 0 898351
32 1 898423
67 0 899199
67 1 899295
65 0 899391
65 1 899495
32 0 899784
32 1 899847
85 0 901511
85 1 901583
83 0 901951
83 1 902047
79 0 902599
79 1 902671
82 0 903167
82 1 903239
32 0 903479
32 1 903583
188 0 905359
188 1 905439
85 0 906607
85 1 906687
83 0 907135
83 1 907231
79 0 907903
79 1 907959
82 0 908800
82 1 908871
32 0 909087
32 1 909143
78 0 909919
78 1 909983
69 0 910479
69 1 910559
32 0 911135
32 1 911191
80 0 911832
80 1 911903
85 0 912135
85 1 912215
84 0 912719
84 1 912791
69 0 912919
69 1 912983
77 0 913711
77 1 913767
32 0 913911
32 1 913943
65 0 914543
65 1 914639
68 0 914791
68 1 914863
65 0 914919
65 1 915007
80 0 915751
80 1 915815
84 0 916111
84 1 916175
65 0 916303
65 1 916399
188 0 923720
188 1 923815
8 0 924607
8 1 924671
190 0 925351
190 1 925407
32 0 925607
32 1 925663
66 0 926311
66 1 926367
73 0 926663
73 1 926719
78 0 927095
78 1 927167
69 0 927431
69 1 927495
32 0 927703
32 1 927767
65 0 927911
65 1 928031
82 0 928287
82 1 928343
32 0 928591
32 1 928631
70 0 929143
70 1 929199
73 0 929681
73 1 929735
32 0 929975
32 1 930015
8 0 933848
8 1 933927
20 0 934832
20 1 934975
71 0 935087
71 1 935135
20 0 935679
20 1 935839
8 0 936375
8 1 936439
66 0 936943
66 1 937015
20 0 938383
20 1 938511
8 0 939759
8 1 939823
66 0 941391
66 1 941471
20 0 941751
20 1 941855
32 0 944416
32 1 944495
83 0 944775
83 1 944863
65 0 945031
65 1 945143
32 0 945367
32 1 945431
83 0 945759
83 1 945823
69 0 945935
69 1 946007
32 0 946319
32 1 946367
73 0 949119
73 1 949207
78 0 949607
78 1 949679
67 0 951135
67 1 951207
69 0 951399
69 1 951479
65 0 951639
65 1 951751
80 0 952559
80 1 952647
65 0 952759
65 1 952863
32 0 953207
32 1 953279
68 0 954464
68 1 954527
73 0 955000
73 1 955071
78 0 955511
78 1 955575
32 0 955703
32 1 955759
78 0 956383
78 1 956447
79 0 956799
79 1 956863
85 0 957455
85 1 957527
32 0 957767
32 1 957815
83 0 958087
83 1 958199
8 0 958823
8 1 958887
67 0 959287
67 1 959439
85 0 959527
85 1 959607
82 0 959839
82 1 959911
83 0 960607
83 1 960695
85 0 960999
85 1 961071
82 0 961327
82 1 961399
73 0 961799
73 1 961879
76 0 962671
76 1 962759
69 0 963303
69 1 963383
32 0 964423
32 1 964567
73 0 965759
73 1 965831
78 0 966951
78 1 967007
32 0 967135
32 1 967191
83 0 967495
83 1 967567
65 0 967615
65 1 967727
76 0 968167
76 1 968247
73 0 968415
73 1 968487
76 0 969391
76 1 969471
69 0 969767
69 1 969839
32 0 970079
32 1 970143
68 0 970367
68 1 970439
69 0 970527
69 1 970599
32 0 970815
32 1 970879
67 0 971039
67 1 971103
76 0 971615
76 1 971703
65 0 971767
65 1 971903
83 0 972463
83 1 972535
65 0 973095
65 1 973167
32 0 977384
32 1 977519
188 0 978655
188 1 978735
32 0 978967
32 1 979031
65 0 979368
65 1 979479
83 0 979623
83 1 979703
65 0 979735
65 1 979823
32 0 980095
32 1 980143
67 0 981375
67 1 981447
69 0 981623
69 1 981679
73 0 982287
73 1 982351
32 0 982575
32 1 982631
77 0 982879
77 1 982943
73 0 983151
73 1 983223
67 0 983759
67 1 983839
73 0 984543
73 1 984615
32 0 984872
32 1 984919
73 0 985247
73 1 985311
78 0 985567
78 1 985599
32 0 985743
32 1 985783
83 0 986543
83 1 986679
80 0 986927
80 1 987007
69 0 987359
69 1 987415
67 0 987824
67 1 987887
73 0 988383
73 1 988447
65 0 988575
65 1 988695
76 0 989279
76 1 989351
32 0 989839
32 1 989919
65 0 990303
65 1 990423
82 0 990583
82 1 990655
32 0 990887
32 1 990935
70 0 994735
70 1 994799
73 0 995207
73 1 995255
32 0 995479
32 1 995535
77 0 995815
77 1 995903
65 0 995999
65 1 996111
73 0 996495
73 1 996567
32 0 996775
32 1 996823
67 0 997239
67 1 997383
79 0 997463
79 1 997527
78 0 997936
78 1 998007
69 0 998327
69 1 998407
67 0 998727
67 1 998783
84 0 999463
84 1 999535
65 0 999663
65 1 999751
84 0 1000583
84 1 1000655
73 0 1001120
73 1 1001191
190 0 1007423
190 1 1007495
13 0 1007863
13 1 1007999
20 0 1008640
20 1 1008799
73 0 1010151
73 1 1010231
20 0 1010463
20 1 1010567
78 0 1010911
78 1 1010983
32 0 1011143
32 1 1011215
83 0 1018327
83 1 1018423
84 0 1018719
84 1 1018791
82 0 1018927
82 1 1018991
65 0 1019143
65 1 1019255
73 0 1020671
73 1 1020735
78 0 1021023
78 1 1021119
65 0 1021287
65 1 1021431
84 0 1021711
84 1 1021799
65 0 1021855
65 1 1021959
84 0 1022999
84 1 1023079
69 0 1023239
69 1 1023303
32 0 1023727
32 1 1023839
68 0 1027175
68 1 1027255
73 0 1027911
73 1 1027975
70 0 1028519
70 1 1028599
69 0 1028767
69 1 1028847
82 0 1028959
82 1 1029047
69 0 1029159
69 1 1029239
78 0 1030015
78 1 1030079
84 0 1030359
84 1 1030439
65 0 1030871
65 1 1030943
32 0 1031223
32 1 1031271
69 0 1031535
69 1 1031599
83 0 1031703
83 1 1031775
84 0 1032135
84 1 1032207
69 0 1032359
69 1 1032431
32 0 1032663
32 1 1032727
70 0 1032999
70 1 1033071
65 0 1033199
65 1 1033343
67 0 1033711
67 1 1033775
85 0 1034223
85 1 1034287
84 0 1034591
84 1 1034663
65 0 1034823
65 1 1034943
32 0 1035103
32 1 1035167
68 0 1035359
68 1 1035431
69 0 1035511
69 1 1035591
32 0 1035919
32 1 1035999
70 0 1036663
70 1 1036743
65 0 1036775
65 1 1036895
80 0 1037631
80 1 1037695
84 0 1038047
84 1 1038119
85 0 1038463
85 1 1038527
76 0 1038944
76 1 1038991
32 0 1040911
32 1 1040991
67 0 1041183
67 1 1041255
65 0 1041367
65 1 1041495
32 0 1045399
32 1 1045455
76 0 1045631
76 1 1045695
65 0 1045784
65 1 1045903
32 0 1046063
32 1 1046143
83 0 1046431
83 1 1046511
67 0 1046759
67 1 1046807
79 0 1047375
79 1 1047431
76 0 1047663
76 1 1047735
73 0 1048087
73 1 1048151
76 0 1048671
76 1 1048743
69 0 1049319
69 1 1049391
32 0 1049615
32 1 1049679
68 0 1049871
68 1 1049927
69 0 1050031
69 1 1050095
32 0 1050343
32 1 1050391
83 0 1050719
83 1 1050879
84 0 1050959
84 1 1051047
65 0 1051319
65 1 1051415
84 0 1051751
84 1 1051831
32 0 1052063
32 1 1052119
84 0 1052600
84 1 1052671
79 0 1053135
79 1 1053199
84 0 1053583
84 1 1053647
85 0 1055751
85 1 1055807
76 0 1056231
76 1 1056295
32 0 1056503
32 1 1056567
69 0 1056935
69 1 1056991
83 0 1057103
83 1 1057159
84 0 1057591
84 1 1057655
69 0 1057815
69 1 1057871
32 0 1058175
32 1 1058231
65 0 1058991
65 1 1059071
66 0 1059191
66 1 1059255
83 0 1060135
83 1 1060199
79 0 1060607
79 1 1060671
76 0 1061039
76 1 1061111
85 0 1061535
85 1 1061599
84 0 1062055
84 1 1062127
32 0 1062359
32 1 1062407
71 0 1062871
71 1 1062951
82 0 1063199
82 1 1063279
65 0 1063359
65 1 1063479
84 0 1064047
84 1 1064111
85 0 1064527
85 1 1064607
73 0 1065047
73 1 1065111
84 0 1065423
84 1 1065479
190 0 1074295
190 1 1074367
13 0 1075007
13 1 1075079
69 0 1077735
69 1 1077807
76 0 1078207
76 1 1078279
69 0 1078583
69 1 1078671
86 0 1079447
86 1 1079503
73 0 1080111
73 1 1080159
73 0 1080255
73 1 1080343
32 0 1080639
32 1 1080695
83 0 1081039
83 1 1081159
73 0 1081391
73 1 1081471
32 0 1081695
32 1 1081759
83 0 1082103
83 1 1082207
84 0 1082447
84 1 1082511
85 0 1083031
85 1 1083111
68 0 1083887
68 1 1083959
69 0 1084103
69 1 1084167
78 0 1085095
78 1 1085151
84 0 1085559
84 1 1085615
73 0 1086071
73 1 1086127
73 0 1086223
73 1 1086271
32 0 1086607
32 1 1086647
84 0 1089015
84 1 1089079
82 0 1089575
82 1 1089647
69 0 1089767
69 1 1089839
66 0 1090399
66 1 1090455
85 0 1090879
85 1 1090943
73 0 1091303
73 1 1091367
69 0 1091855
69 1 1091919
32 0 1092223
32 1 1092287
83 0 1092519
83 1 1092591
65 0 1092871
65 1 1092943
32 0 1093303
32 1 1093351
83 0 1095159
83 1 1095247
69 0 1095423
69 1 1095495
32 0 1095719
32 1 1095791
70 0 1096183
70 1 1096239
79 0 1096743
79 1 1096815
67 0 1097375
67 1 1097479
85 0 1097679
85 1 1097751
83 0 1098223
83 1 1098295
69 0 1098407
69 1 1098487
90 0 1099415
90 1 1099495
69 0 1100103
69 1 1100175
32 0 1100431
32 1 1100527
8 0 1105799
8 1 1105879
8 0 1105983
8 1 1106047
8 0 1106143
8 1 1106207
8 0 1106303
8 1 1106375
8 0 1106463
8 1 1106535
8 0 1106631
8 1 1106703
8 0 1106791
8 1 1106871
8 0 1106975
8 1 1107047
8 0 1107151
8 1 1107231
8 0 1107335
8 1 1107399
8 0 1107503
8 1 1107591
8 0 1107679
8 1 1107767
8 0 1107855
8 1 1107943
8 0 1108031
8 1 1108111
8 0 1108223
8 1 1108287
8 0 1108439
8 1 1108527
8 0 1108631
8 1 1108711
8 0 1108815
8 1 1108887
8 0 1109255
8 1 1109351
8 0 1109447
8 1 1109527
8 0 1109623
8 1 1109711
8 0 1109791
8 0 1110292
8 0 1110325
8 0 1110357
8 0 1110390
8 0 1110424
8 0 1110456
8 0 1110489
8 0 1110522
8 0 1110555
8 0 1110589
8 0 1110622
8 0 1110654
8 0 1110687
8 1 1110711
8 0 1110935
8 1 1110991
8 0 1111591
8 1 1111647
8 0 1111767
8 1 1111831
8 0 1111935
8 1 1111991
8 0 1112095
8 1 1112167
8 0 1112271
8 1 1112335
8 0 1112447
8 1 1112527
8 0 1112663
8 1 1112735
20 0 1117784
20 1 1117975
69 0 1118119
69 1 1118183
20 0 1119071
20 1 1119215
76 0 1119991
76 1 1120071
69 0 1120415
69 1 1120479
86 0 1120991
86 1 1121055
73 0 1121695
73 1 1121759
73 0 1121863
73 1 1121919
32 0 1122167
32 1 1122223
84 0 1122567
84 1 1122647
82 0 1122815
82 1 1122895
69 0 1123119
69 1 1123183
66 0 1123743
66 1 1123791
73 0 1124391
73 1 1124447
85 0 1124567
85 1 1124623
69 0 1124903
69 1 1124967
32 0 1125191
32 1 1125255
83 0 1125463
83 1 1125535
65 0 1125631
65 1 1125703
32 0 1125935
32 1 1125991
73 0 1126903
73 1 1126959
83 0 1127391
83 1 1127535
73 0 1127727
73 1 1127791
32 0 1128055
32 1 1128111
73 0 1128647
73 1 1128735
65 0 1128967
65 1 1129087
32 0 1129231
32 1 1129295
73 0 1129767
73 1 1129839
78 0 1130071
78 1 1130127
32 0 1130271
32 1 1130319
83 0 1130607
83 1 1130679
69 0 1130791
69 1 1130863
82 0 1131351
82 1 1131431
73 0 1131903
73 1 1131959
79 0 1132784
79 1 1132847
83 0 1133791
83 1 1133863
32 0 1135287
32 1 1135415
65 0 1142431
65 1 1142511
84 0 1142935
84 1 1142991
82 0 1143103
82 1 1143175
73 0 1143719
73 1 1143783
66 0 1144599
66 1 1144719
85 0 1145287
85 1 1145359
84 0 1146352
84 1 1146423
73 0 1146927
73 1 1146983
73 0 1147071
73 1 1147143
76 0 1147615
76 1 1147695
69 0 1147991
69 1 1148071
32 0 1150231
32 1 1150319
67 0 1151199
67 1 1151279
65 0 1151327
65 1 1151463
82 0 1151671
82 1 1151767
69 0 1152015
69 1 1152095
32 0 1152407
32 1 1152455
76 0 1153239
76 1 1153335
65 0 1153463
65 1 1153583
8 0 1154415
8 1 1154503
69 0 1154703
69 1 1154791
32 0 1156895
32 1 1156967
65 0 1157239
65 1 1157359
85 0 1158751
85 1 1158823
32 0 1159183
32 1 1159295
188 0 1159999
188 1 1160079
32 0 1160263
32 1 1160327
80 0 1160839
80 1 1160911
82 0 1161239
82 1 1161319
79 0 1161911
79 1 1161975
70 0 1162367
70 1 1162431
69 0 1162735
69 1 1162799
83 0 1163311
83 1 1163439
79 0 1163831
79 1 1163895
82 0 1164167
82 1 1164231
73 0 1164704
73 1 1164767
73 0 1164863
73 1 1164911
32 0 1165143
32 1 1165215
68 0 1165463
68 1 1165543
69 0 1165655
69 1 1165719
32 0 1166039
32 1 1166167
8 0 1167231
8 1 1167279
65 0 1167423
65 1 1167535
83 0 1168031
83 1 1168111
69 0 1168215
69 1 1168287
77 0 1170119
77 1 1170223
69 0 1171727
69 1 1171751
78 0 1172687
78 1 1172759
69 0 1173047
69 1 1173119
65 0 1173327
65 1 1173399
188 0 1177063
188 1 1177127
8 0 1177799
8 1 1177871
190 0 1178199
190 1 1178271
13 0 1179527
13 1 1179599
80 0 1180311
80 1 1180399
65 0 1180575
65 1 1180711
82 0 1181055
82 1 1181111
73 0 1181775
73 1 1181847
78 0 1182143
78 1 1182207
84 0 1182871
84 1 1182935
73 0 1183415
73 1 1183479
73 0 1183551
73 1 1183623
32 0 1183943
32 1 1183999
83 0 1184415
83 1 1184495
65 0 1184623
65 1 1184687
32 0 1184911
32 1 1184967
73 0 1185927
73 1 1186007
83 0 1186527
83 1 1186631
73 0 1187599
73 1 1187655
32 0 1187911
32 1 1187975
83 0 1188167
83 1 1188271
85 0 1188455
85 1 1188519
80 0 1189279
80 1 1189351
82 0 1189751
82 1 1189831
65 0 1189999
65 1 1190103
86 0 1190703
86 1 1190775
86 0 1193735
86 1 1193791
71 0 1194487
71 1 1194551
72 0 1194663
72 1 1194735
69 0 1194991
69 1 1195055
90 0 1196223
90 1 1196295
69 0 1196743
69 1 1196815
32 0 1197575
32 1 1197735
8 0 1201511
8 1 1201575
32 0 1201935
32 1 1201999
8 0 1204943
8 1 1205015
69 0 1205615
69 1 1205671
71 0 1206447
71 1 1206503
72 0 1206591
72 1 1206671
69 0 1206863
69 1 1206935
90 0 1207767
90 1 1207831
69 0 1208567
69 1 1208639
32 0 1208903
32 1 1208967
32 0 1210839
32 1 1210911
67 0 1211103
67 1 1211151
79 0 1211719
79 1 1211783
80 0 1212167
80 1 1212239
73 0 1212615
73 1 1212679
73 0 1212767
73 1 1212847
32 0 1213791
32 1 1213919
188 0 1214807
188 1 1214879
83 0 1215511
83 1 1215607
65 0 1215671
65 1 1215791
32 0 1215991
32 1 1216031
8 0 1221143
8 1 1221239
8 0 1221343
8 1 1221423
65 0 1223247
65 1 1223351
32 0 1223559
32 1 1223631
73 0 1224279
73 1 1224367
73 0 1224471
73 1 1224535
32 0 1224815
32 1 1224871
8 0 1227895
8 1 1227967
8 0 1228271
8 1 1228351
8 0 1228784
8 1 1228871
73 0 1231135
73 1 1231191
73 0 1231303
73 1 1231367
32 0 1231631
32 1 1231687
73 0 1232151
73 1 1232215
78 0 1232431
78 1 1232487
86 0 1234447
86 1 1234519
69 0 1234863
69 1 1234935
84 0 1235455
84 1 1235535
69 0 1235703
69 1 1235767
32 0 1236047
32 1 1236176
84 0 1238087
84 1 1238151
79 0 1238679
79 1 1238751
84 0 1239151
84 1 1239215
32 0 1239503
32 1 1239559
67 0 1240079
67 1 1240159
69 0 1240303
69 1 1240367
32 0 1240583
32 1 1240639
69 0 1241055
69 1 1241111
83 0 1241231
83 1 1241295
84 0 1241871
84 1 1241943
69 0 1242079
69 1 1242151
32 0 1242423
32 1 1242479
78 0 1244055
78 1 1244119
69 0 1244551
69 1 1244607
67 0 1245015
67 1 1245095
69 0 1245303
69 1 1245359
83 0 1246784
83 1 1246895
65 0 1247327
65 1 1247399
82 0 1248967
82 1 1249047
32 0 1249343
32 1 1249407
73 0 1253415
73 1 1253495
78 0 1253719
78 1 1253783
32 0 1253927
32 1 1253999
20 0 1254511
20 1 1254711
67 0 1255007
67 1 1255103
69 0 1255359
69 1 1255423
73 0 1255959
73 1 1256015
32 0 1256287
32 1 1256359
83 0 1257847
83 1 1257935
65 0 1258031
65 1 1258127
80 0 1258903
80 1 1258959
84 0 1260015
84 1 1260095
69 0 1260359
69 1 1260423
32 0 1260695
32 1 1260751
65 0 1260927
65 1 1261047
78 0 1261335
78 1 1261415
73 0 1261687
73 1 1261743
32 0 1261967
32 1 1262023
68 0 1262287
68 1 1262351
69 0 1262487
69 1 1262535
32 0 1262807
32 1 1262863
65 0 1263119
65 1 1263215
67 0 1263415
67 1 1263495
65 0 1263534
65 1 1263639
83 0 1263999
83 1 1264087
65 0 1264143
65 1 1264215
16 0 1267831
16 0 1268330
16 0 1268363
16 0 1268396
16 0 1268429
16 0 1268463
16 0 1268495
16 0 1268528
16 0 1268561
16 0 1268594
16 0 1268627
16 0 1268660
16 0 1268693
16 0 1268726
16 0 1268759
16 0 1268793
16 0 1268825
16 0 1268858
16 0 1268891
16 0 1268924
16 0 1268957
16 0 1268990
16 0 1269023
16 0 1269056
16 0 1269089
16 0 1269123
16 0 1269155
16 0 1269188
16 0 1269221
16 0 1269254
16 0 1269287
16 0 1269320
16 0 1269353
186 0 1269359
186 1 1269431
186 0 1269495
186 1 1269567
16 1 1270175
8 0 1271983
8 1 1272095
8 0 1272535
8 1 1272631
16 0 1275103
188 0 1275447
188 1 1275511
188 0 1275607
188 1 1275679
16 1 1276311
8 0 1276919
8 1 1277023
8 0 1277303
8 1 1277399
188 0 1278327
188 1 1278391
188 0 1278463
188 1 1278527
16 0 1285743
222 0 1286239
222 1 1286303
16 1 1286367
20 0 1309287
20 1 1309415
67 0 1309735
67 1 1309823
20 0 1309911
20 1 1310047
32 0 1310223
32 1 1310303
83 0 1311055
83 1 1311175
73 0 1311287
73 1 1311375
32 0 1311631
32 1 1311711
73 0 1315407
73 1 1315487
78 0 1315807
78 1 1315863
32 0 1315983
32 1 1316047
90 0 1317311
90 1 1317479
73 0 1318071
73 1 1318135
85 0 1318231
85 1 1318311
65 0 1318615
65 1 1318727
32 0 1318887
32 1 1318951
68 0 1319183
68 1 1319255
69 0 1319343
69 1 1319423
32 0 1319647
32 1 1319719
65 0 1319887
65 1 1319975
83 0 1320143
83 1 1320255
84 0 1320503
84 1 1320583
65 0 1321159
65 1 1321255
90 0 1322271
90 1 1322383
73 0 1323007
73 1 1323079
32 0 1327223
32 1 1327343
79 0 1328423
79 1 1328503
65 0 1328639
65 1 1328759
77 0 1329247
77 1 1329303
69 0 1329727
69 1 1329799
78 0 1330287
78 1 1330351
73 0 1330623
73 1 1330687
73 0 1330759
73 1 1330823
32 0 1331055
32 1 1331103
83 0 1331262
83 1 1331391
85 0 1331647
85 1 1331727
78 0 1332031
78 1 1332103
8 0 1336319
8 0 1336819
8 0 1336852
8 0 1336885
8 0 1336918
8 0 1336951
8 0 1336984
8 0 1337017
8 0 1337050
8 0 1337083
8 0 1337116
8 0 1337149
8 0 1337182
8 0 1337215
8 0 1337248
8 0 1337281
8 0 1337314
8 0 1337347
8 0 1337380
8 0 1337413
8 0 1337446
8 0 1337479
8 0 1337512
8 0 1337545
8 0 1337578
8 0 1337611
8 0 1337644
8 0 1337677
8 0 1337710
8 0 1337743
8 0 1337776
8 0 1337808
8 0 1337841
8 0 1337874
8 0 1337907
8 0 1337941
8 0 1337974
8 0 1338006
8 0 1338039
8 0 1338072
8 0 1338105
8 1 1338134
20 0 1339039
20 1 1339175
67 0 1339527
67 1 1339735
8 0 1340751
8 1 1340815
20 0 1340959
20 1 1341118
67 0 1341447
67 1 1341543
20 0 1341783
20 1 1341887
65 0 1342135
65 1 1342223
32 0 1343375
32 1 1343471
83 0 1343807
83 1 1343903
73 0 1344175
73 1 1344239
32 0 1344471
32 1 1344551
73 0 1345207
73 1 1345271
78 0 1345487
78 1 1345535
32 0 1345671
32 1 1345727
90 0 1346143
90 1 1346247
73 0 1346631
73 1 1346703
85 0 1346791
85 1 1346879
65 0 1346982
65 1 1347103
32 0 1347271
32 1 1347335
68 0 1347559
68 1 1347639
69 0 1347751
69 1 1347815
32 0 1348079
32 1 1348135
65 0 1348343
65 1 1348423
83 0 1348567
83 1 1348671
84 0 1348815
84 1 1348895
65 0 1348982
65 1 1349095
90 0 1350007
90 1 1350119
73 0 1350343
73 1 1350415
32 0 1350647
32 1 1350695
79 0 1351455
79 1 1351527
65 0 1351775
65 1 1351855
77 0 1352455
77 1 1352519
69 0 1352871
69 1 1352935
78 0 1353487
78 1 1353551
73 0 1353831
73 1 1353895
73 0 1353974
73 1 1354039
32 0 1354254
32 1 1354311
65 0 1354575
65 1 1354695
85 0 1355031
85 1 1355103
32 0 1355302
32 1 1355359
79 0 1356127
79 1 1356183
8 0 1356919
8 1 1356983
80 0 1357239
80 1 1357295
82 0 1357743
82 1 1357799
69 0 1357878
69 1 1357951
79 0 1358511
79 1 1358575
67 0 1361119
67 1 1361183
85 0 1361679
85 1 1361743
80 0 1362431
80 1 1362511
65 0 1362590
65 1 1362703
84 0 1363215
84 1 1363295
8 0 1363863
8 1 1363927
82 0 1364246
82 1 1364311
73 0 1364815
73 1 1364879
32 0 1365143
32 1 1365199
68 0 1365519
68 1 1365583
73 0 1366399
73 1 1366463
70 0 1367287
70 1 1367343
69 0 1367535
69 1 1367591
82 0 1368207
82 1 1368271
73 0 1368983
73 1 1369047
82 0 1369703
82 1 1369759
8 0 1370583
8 1 1370647
84 0 1371015
84 1 1371071
87 0 1371343
87 1 1371399
8 0 1372607
8 1 1372695
69 0 1372983
69 1 1373103
190 0 1383135
190 1 1383207
32 0 1390655
32 1 1390759
20 0 1393831
20 1 1393991
85 0 1394150
85 1 1394223
20 0 1394367
20 1 1394478
78 0 1395039
78 1 1395095
73 0 1395375
73 1 1395447
73 0 1395535
73 1 1395591
32 0 1395823
32 1 1395871
67 0 1396159
67 1 1396287
73 0 1396423
73 1 1396487
84 0 1396847
84 1 1396927
69 0 1397119
69 1 1397183
83 0 1397519
83 1 1397591
67 0 1397855
67 1 1397911
32 0 1398150
32 1 1398199
188 0 1399143
188 1 1399215
32 0 1405503
32 1 1405591
8 0 1406663
8 1 1406727
8 0 1406823
8 1 1406879
8 0 1406966
8 1 1407039
8 0 1407127
8 1 1407191
8 0 1407286
8 1 1407351
8 0 1407422
8 1 1407503
8 0 1407582
8 1 1407655
8 0 1407743
8 1 1407807
8 0 1407895
8 1 1407959
8 0 1408046
8 1 1408119
8 0 1408215
8 1 1408287
8 0 1408430
8 1 1408519
8 0 1408663
8 1 1408751
8 0 1408951
8 1 1409087
