20 0 103909
20 1 104072
83 0 104094
83 1 104201
20 0 104225
20 1 104386
65 0 104476
65 1 104598
76 0 104702
76 1 104834
85 0 105043
85 1 105150
84 0 105410
84 1 105517
188 0 105628
188 1 105735
32 0 106044
32 1 106113
77 0 106772
77 1 106899
79 0 107042
79 1 107138
77 0 107261
77 1 107367
69 0 107416
69 1 107522
78 0 107559
78 1 107670
84 0 107695
84 1 107774
65 0 107922
65 1 108061
78 0 108115
78 1 108216
32 0 108249
32 1 108376
86 0 108597
86 1 108698
82 0 108829
82 1 108908
69 0 109023
69 1 109113
77 0 109153
77 1 109280
69 0 109305
69 1 109389
65 0 109492
65 1 109665
32 0 109738
32 1 109870
69 0 110043
69 1 110181
32 0 110267
32 1 110373
68 0 110459
68 1 110576
69 0 110667
69 1 110769
83 0 113819
83 1 113935
84 0 114263
84 1 114401
85 0 114474
85 1 114580
76 0 114810
76 1 114932
32 0 114975
32 1 115124
68 0 116180
68 1 116289
69 0 116349
69 1 116481
32 0 116513
32 1 116598
85 0 116650
82 0 116773
85 1 116778
82 1 116879
65 0 116983
65 1 117110
84 0 117197
84 1 117298
65 0 117359
65 1 117464
32 0 117495
32 1 117676
80 0 117986
80 1 118097
69 0 118132
69 1 118243
78 0 118314
78 1 118479
84 0 118503
84 1 118599
82 0 118680
82 1 118789
85 0 118799
85 1 118917
32 0 118922
32 1 119050
67 0 119115
67 1 119216
65 0 119232
65 1 119418
32 0 119447
69 0 119595
32 1 119603
32 0 119760
69 1 119766
32 1 119871
80 0 119974
80 1 120102
85 0 120282
85 1 120409
84 0 120441
84 1 120574
73 0 120600
73 1 120685
78 0 120867
78 1 120978
32 0 121060
32 1 121173
73 0 121242
73 1 121337
78 0 121521
78 1 121643
78 0 121738
78 1 121815
79 0 122027
79 1 122133
8 0 122490
8 1 122597
8 0 122672
8 1 122784
8 0 122882
8 1 122963
8 0 123052
8 1 123156
80 0 123762
80 1 123863
76 0 123976
76 1 124087
79 0 124247
79 1 124302
73 0 124859
73 1 124976
79 0 125105
79 1 125227
83 0 125328
83 1 125493
32 0 125630
32 1 125747
83 0 125826
83 1 125979
73 0 125984
73 1 126090
32 0 126106
32 1 126207
70 0 126422
70 1 126523
82 0 126718
82 1 126830
73 0 126897
73 1 126998
71 0 127073
71 1 127158
188 0 127638
188 1 127702
8 0 128091
8 1 128224
190 0 128471
190 1 128583
32 0 128691
32 1 128824
20 0 128849
20 1 128994
83 0 129043
20 0 129150
83 1 129157
85 0 129317
20 1 129322
85 1 129428
78 0 129574
84 0 129689
78 1 129694
84 1 129818
32 0 129849
32 1 129934
71 0 130038
71 1 130123
69 0 130262
69 1 130368
78 0 130374
78 1 130507
85 0 130610
85 1 130727
76 0 130933
76 1 131055
32 0 131162
32 1 131258
68 0 132290
68 1 132428
69 0 132507
69 1 132619
32 0 132668
32 1 132811
79 0 132906
79 1 133012
77 0 133284
77 1 133417
32 0 133479
32 1 133638
67 0 133741
67 1 133816
65 0 133877
65 1 134002
82 0 134122
82 1 134223
69 0 134332
69 1 134452
32 0 134477
32 1 134600
80 0 134690
80 1 134764
82 0 134946
82 1 135041
69 0 135160
69 1 135250
70 0 135400
70 1 135491
69 0 135590
69 1 135696
82 0 135751
82 1 135841
65 0 136030
65 1 136147
32 0 136216
32 1 136322
67 0 136375
67 1 136470
65 0 136509
65 1 136647
76 0 136722
76 1 136844
68 0 136888
68 1 137020
85 0 137130
85 1 137240
82 0 137308
82 1 137404
65 0 137530
65 1 137668
32 0 137758
32 1 137887
73 0 138220
73 1 138305
78 0 138553
78 1 138675
32 0 138776
32 1 138861
76 0 139008
76 1 139120
79 0 139278
79 1 139377
67 0 139545
67 1 139667
85 0 139727
85 1 139844
76 0 140109
76 1 140257
32 0 140570
32 1 140687
70 0 140865
70 1 140986
82 0 141077
82 1 141183
73 0 141254
73 1 141371
71 0 141434
71 1 141535
85 0 141634
85 1 141735
76 0 141959
76 1 142081
85 0 142261
85 1 142394
187 0 143237
187 1 143315
8 0 144269
8 1 144385
73 0 144605
73 1 144733
32 0 144738
32 1 144908
65 0 144968
65 1 145090
83 0 145143
65 0 145256
83 1 145262
65 1 145373
32 0 145422
32 1 145489
67 0 145710
67 1 145805
65 0 145920
65 1 146021
32 0 146196
32 1 146266
65 0 147779
65 1 147928
83 0 148006
83 1 148118
32 0 148171
65 0 148314
32 1 148320
65 1 148442
76 0 148496
69 0 148618
76 1 148624
69 1 148713
71 0 148825
71 1 148911
69 0 149049
69 1 149179
32 0 149218
32 1 149356
79 0 150100
79 1 150212
82 0 150285
82 1 150407
73 0 150522
73 1 150623
67 0 150730
67 1 150804
65 0 150911
65 1 151034
78 0 151187
78 1 151320
68 0 151483
68 1 151589
32 0 151734
32 1 151856
65 0 153587
65 1 153704
78 0 153728
78 1 153834
79 0 153988
79 1 154137
84 0 154189
84 1 154305
73 0 154337
73 1 154437
77 0 154576
77 1 154667
80 0 155055
80 1 155220
85 0 155388
85 1 155500
82 0 155571
82 1 155662
73 0 155717
73 1 155813
76 0 155937
76 1 156097
69 0 156121
69 1 156216
32 0 156222
32 1 156392
67 0 156450
67 1 156567
65 0 156658
65 1 156780
76 0 156846
76 1 156952
68 0 157014
68 1 157142
85 0 157216
85 1 157328
82 0 157396
82 1 157513
79 0 157587
79 1 157730
65 0 157798
65 1 157921
83 0 157985
83 1 158098
69 0 158186
69 1 158335
188 0 160488
32 0 160600
188 1 160605
32 1 160722
86 0 160755
86 1 160847
65 0 160951
65 1 161090
82 0 161141
82 1 161263
65 0 161274
65 1 161420
32 0 161454
32 1 161596
83 0 161652
83 1 161753
73 0 161811
73 1 161897
32 0 161945
32 1 162088
80 0 162130
80 1 162273
82 0 162366
82 1 162520
73 0 162549
73 1 162629
77 0 162766
77 1 162897
86 0 162981
86 1 163105
65 0 163191
65 1 163313
8 0 163961
8 1 164072
8 0 164193
8 1 164251
65 0 164296
65 1 164427
86 0 164550
86 1 164667
65 0 164768
65 1 164880
82 0 165136
82 1 165269
65 0 165352
65 1 165501
188 0 165789
188 1 165933
32 0 165938
32 1 166092
68 0 166097
65 0 166236
68 1 166246
65 1 166363
82 0 166458
82 1 166575
32 0 166627
32 1 166753
73 0 166795
73 1 166896
78 0 167043
78 1 167149
32 0 167165
32 1 167298
83 0 167368
83 1 167472
69 0 167591
69 1 167670
8 0 168033
8 1 168171
80 0 168327
80 1 168492
69 0 168527
69 1 168628
67 0 168775
67 1 168871
73 0 168974
73 1 169054
65 0 169191
65 1 169276
76 0 169499
76 1 169642
32 0 169683
32 1 169820
79 0 170269
79 1 170397
82 0 170543
82 1 170697
8 0 170900
8 1 170996
8 0 171092
8 1 171214
80 0 171728
80 1 171897
82 0 171969
82 1 172082
73 0 172159
73 1 172270
77 0 172428
77 1 172578
65 0 172615
65 1 172723
86 0 172851
86 1 172942
65 0 173049
65 1 173161
82 0 173277
82 1 173369
65 0 173478
65 1 173609
190 0 173887
190 1 173972
32 0 174096
32 1 174227
20 0 178508
20 1 178642
90 0 178983
90 1 179115
90 0 179196
20 0 179246
90 1 179289
20 1 179385
8 0 179803
8 1 179942
73 0 180572
73 1 180684
76 0 180893
76 1 181020
69 0 181084
69 1 181174
76 0 181201
76 1 181334
69 0 181387
69 1 181513
32 0 181570
32 1 181672
84 0 181980
84 1 182076
82 0 182260
82 1 182377
69 0 182491
69 1 182581
67 0 182720
67 1 182814
85 0 182890
85 1 182998
84 0 183024
84 1 183125
69 0 183286
69 1 183387
188 0 183558
32 0 183670
188 1 183675
32 1 183764
84 0 183876
84 1 183972
79 0 184037
79 1 184143
84 0 184149
84 1 184237
85 0 184354
85 1 184470
83 0 184538
83 1 184634
73 0 184657
73 1 184752
188 0 185004
188 1 185137
32 0 185204
32 1 185356
65 0 185426
65 1 185564
32 0 185871
32 1 185970
8 0 186301
8 1 186450
70 0 186940
70 1 187039
79 0 187203
79 1 187331
83 0 187385
83 1 187465
84 0 187627
84 1 187701
79 0 187970
79 1 188071
32 0 188212
32 1 188319
86 0 188402
86 1 188519
82 0 188758
82 1 188843
8 0 189282
8 1 189432
8 0 189520
8 1 189603
8 0 189724
8 1 189803
8 0 189897
8 1 189998
32 0 190157
32 1 190251
79 0 190466
79 1 190567
32 0 190613
32 1 190712
86 0 190873
86 1 190965
82 0 191051
82 1 191158
69 0 191249
69 1 191340
77 0 191465
77 1 191577
69 0 191728
69 1 191848
32 0 191974
32 1 192068
79 0 194730
79 1 194845
75 0 195077
75 1 195183
32 0 195235
32 1 195355
80 0 195389
80 1 195523
69 0 195561
69 1 195681
78 0 195762
78 1 195906
84 0 195973
84 1 196074
82 0 196151
85 0 196244
82 1 196270
85 1 196344
32 0 196410
32 1 196525
80 0 196567
80 1 196732
69 0 196788
69 1 196879
82 0 196974
82 1 197085
73 0 197169
73 1 197254
79 0 197346
79 1 197437
65 0 197510
65 1 197600
68 0 197743
68 1 197839
65 0 197906
65 1 198017
32 0 198088
32 1 198225
73 0 198250
73 1 198347
78 0 198523
78 1 198666
32 0 198729
32 1 198849
67 0 198946
67 1 199025
65 0 199112
65 1 199213
82 0 199334
82 1 199472
69 0 199623
69 1 199724
32 0 199821
32 1 199947
83 0 200088
83 1 200184
85 0 200282
85 1 200409
78 0 200584
78 1 200704
84 0 200743
84 1 200835
69 0 201095
69 1 201223
77 0 201386
77 1 201487
32 0 201588
32 1 201721
188 0 204486
188 1 204602
32 0 204636
32 1 204758
70 0 204912
70 1 204992
73 0 205166
73 1 205251
73 0 205325
73 1 205415
78 0 205620
78 1 205785
68 0 205847
68 1 205975
32 0 206106
32 1 206226
84 0 207329
84 1 207440
69 0 207530
69 1 207631
77 0 207712
77 1 207798
80 0 208000
80 1 208090
69 0 208288
69 1 208394
82 0 209020
82 1 209110
65 0 209232
65 1 209354
84 0 209507
84 1 209613
85 0 209680
85 1 209791
82 0 209818
82 1 209924
65 0 210066
65 1 210161
32 0 210273
32 1 210341
80 0 210480
80 1 210597
79 0 210681
79 1 210798
90 0 210836
90 1 210937
73 0 211025
73 1 211148
84 0 211176
84 1 211287
86 0 211430
86 1 211525
65 0 211829
65 1 211951
32 0 212135
32 1 212250
73 0 212373
73 1 212474
78 0 212763
78 1 212901
32 0 213012
32 1 213125
77 0 213295
77 1 213402
73 0 213826
73 1 213938
74 0 214121
74 1 214212
76 0 214349
76 1 214471
79 0 214545
79 1 214689
67 0 214727
67 1 214844
85 0 214883
85 1 214988
76 0 215146
76 1 215289
32 0 215346
32 1 215453
73 0 215510
73 1 215643
69 0 215659
69 1 215765
82 0 215845
82 1 215977
78 0 216026
78 1 216167
73 0 216259
73 1 216382
73 0 216458
73 1 216565
190 0 218460
190 1 218586
20 0 226745
20 1 226901
8 0 228669
8 1 228806
20 0 229302
20 1 229442
188 0 230826
188 1 230970
32 0 231118
32 1 231281
73 0 231347
73 1 231432
78 0 231561
32 0 231689
78 1 231694
32 1 231875
90 0 232005
79 0 232095
90 1 232101
79 1 232196
78 0 232327
78 1 232455
65 0 232525
65 1 232636
32 0 232720
32 1 232845
85 0 232857
85 1 232974
78 0 233167
78 1 233310
68 0 233349
68 1 233450
69 0 233542
69 1 233664
32 0 233693
32 1 233836
65 0 233896
65 1 234035
77 0 234332
77 1 234449
32 0 234475
32 1 234601
70 0 234699
70 1 234784
79 0 234818
79 1 234967
83 0 235046
83 1 235136
84 0 235309
84 1 235416
32 0 235487
32 1 235607
69 0 236311
69 1 236487
85 0 236845
85 1 236956
32 0 236961
69 0 237114
32 1 237122
69 1 237227
82 0 237298
82 1 237391
65 0 237499
65 1 237638
85 0 237649
85 1 237744
32 0 237782
32 1 237862
67 0 237962
67 1 238065
72 0 238154
72 1 238255
79 0 238459
79 1 238560
8 0 238928
8 1 239066
73 0 239251
73 1 239373
65 0 239384
65 1 239491
82 0 239609
82 1 239704
32 0 239738
32 1 239859
83 0 240005
83 1 240101
73 0 240177
73 1 240278
32 0 240334
32 1 240422
49 0 240572
49 1 240733
48 0 240963
48 1 241069
32 0 241330
32 1 241426
71 0 241622
71 1 241733
82 0 241798
82 1 241878
65 0 242049
65 1 242203
68 0 242317
68 1 242429
69 0 242517
69 1 242617
32 0 242710
32 1 242831
20 0 242918
20 1 243011
67 0 243208
67 1 243319
20 0 243370
20 1 243529
69 0 243594
69 1 243700
76 0 243826
76 1 243970
83 0 244200
83 1 244319
73 0 244416
73 1 244538
85 0 244667
85 1 244816
83 0 244849
83 1 244971
32 0 245132
32 1 245280
67 0 246238
67 1 246339
69 0 246480
69 1 246725
69 0 246775
69 1 246844
65 0 247095
65 1 247180
32 0 247309
32 1 247414
67 0 247653
67 1 247760
69 0 247830
69 1 247951
32 0 248187
32 1 248307
78 0 248407
78 1 248573
85 0 248750
85 1 248926
32 0 249043
32 1 249158
65 0 250123
65 1 250221
77 0 250283
77 1 250427
32 0 250539
32 1 250657
77 0 250919
77 1 251052
65 0 251123
65 1 251234
73 0 251354
73 1 251514
32 0 251657
32 1 251766
86 0 251876
86 1 251961
65 0 252074
65 1 252196
90 0 252298
90 1 252410
85 0 252494
85 1 252625
84 0 252677
84 1 252804
32 0 252851
32 1 252966
80 0 253174
80 1 253318
65 0 253461
65 1 253588
78 0 253702
78 1 253830
65 0 253996
65 1 254117
32 0 254594
32 1 254688
73 0 254845
73 1 254935
78 0 255151
78 1 255267
32 0 255380
32 1 255471
65 0 255652
65 1 255748
67 0 255952
67 1 256058
69 0 256169
69 1 256285
83 0 256404
83 1 256495
84 0 256672
84 1 256783
32 0 256853
32 1 256958
65 0 257302
65 1 257402
78 0 257536
78 1 257663
188 0 264078
188 1 264212
32 0 264927
32 1 265076
68 0 267270
68 1 267382
65 0 267398
65 1 267499
82 0 267611
82 1 267721
32 0 267802
32 1 267906
78 0 267974
78 1 268107
85 0 268201
85 1 268339
32 0 268392
32 1 268539
77 0 268607
77 1 268740
65 0 268831
65 1 268939
32 0 269567
32 1 269684
68 0 269793
68 1 269886
69 0 269941
69 1 270028
82 0 270102
82 1 270224
65 0 270744
65 1 270861
78 0 270877
78 1 270988
74 0 271091
74 1 271192
69 0 271260
69 1 271376
65 0 271459
65 1 271592
90 0 271832
90 1 271960
65 0 274725
65 1 274821
32 0 274908
32 1 275050
78 0 275290
78 1 275444
69 0 275501
69 1 275575
65 0 275688
65 1 275805
80 0 276000
80 1 276123
65 0 276183
65 1 276310
82 0 276465
82 1 276555
65 0 276589
65 1 276722
84 0 276799
84 1 276906
188 0 277948
188 1 278053
32 0 282831
32 1 282952
80 0 284132
80 1 284270
69 0 284321
69 1 284422
78 0 284483
84 0 284601
78 1 284622
84 1 284712
82 0 284815
82 1 284899
85 0 284938
85 1 285071
32 0 285097
32 1 285225
8 0 285680
8 0 286225
8 0 286261
8 0 286300
8 0 286337
8 0 286373
8 0 286410
8 0 286447
8 0 286484
8 1 286544
8 0 286807
8 1 286914
84 0 287584
84 1 287709
190 0 288225
190 1 288374
32 0 288390
32 1 288524
20 0 289209
20 1 289381
83 0 290482
83 1 290580
20 0 290642
20 1 290785
80 0 290837
69 0 290964
80 1 290969
69 1 291052
82 0 291177
82 1 291273
32 0 291325
32 1 291473
83 0 291548
83 1 291660
65 0 291754
65 1 291876
32 0 291954
32 1 292075
78 0 292124
78 1 292251
85 0 292365
85 1 292504
32 0 292570
32 1 292690
70 0 295370
70 1 295466
73 0 295580
73 1 295675
69 0 295751
69 1 295852
32 0 295933
32 1 296033
78 0 296341
78 1 296442
73 0 296518
73 1 296635
67 0 296750
67 1 296872
73 0 296979
73 1 297086
32 0 297172
32 1 297271
73 0 297302
73 1 297399
78 0 297537
78 1 297648
32 0 297704
32 1 297875
79 0 298047
67 0 298138
79 1 298147
67 1 298254
8 0 298915
8 1 299041
8 0 299136
8 1 299248
67 0 299366
67 1 299477
79 0 299602
79 1 299713
78 0 299885
78 1 299991
84 0 300072
84 1 300173
73 0 300232
73 1 300349
78 0 300508
78 1 300603
85 0 300716
85 1 300822
65 0 300904
65 1 301010
82 0 301121
82 1 301248
69 0 301361
69 1 301462
32 0 301495
32 1 301644
84 0 301740
84 1 301857
77 0 301986
77 1 302087
69 0 302176
69 1 302256
8 0 302661
8 1 302757
8 0 302828
8 1 302896
69 0 302993
69 1 303110
77 0 303218
77 1 303324
80 0 303477
80 1 303605
69 0 303639
69 1 303746
82 0 303825
82 1 303910
65 0 304007
65 1 304143
84 0 304236
84 1 304360
85 0 304430
85 1 304536
82 0 304552
82 1 304668
73 0 304976
73 1 305077
32 0 305261
32 1 305361
67 0 305484
67 1 305595
85 0 305676
85 1 305782
32 0 305824
32 1 305956
189 0 306627
189 1 306722
190 0 307103
190 1 307169
20 0 322591
20 1 322719
83 0 322889
83 1 322985
20 0 323009
20 1 323165
85 0 323188
85 1 323316
78 0 323428
84 0 323519
78 1 323545
84 1 323636
32 0 323677
32 1 323805
85 0 323838
85 1 323955
78 0 324083
32 0 324204
78 1 324209
32 1 324312
79 0 324617
79 1 324718
77 0 324827
77 1 324944
32 0 324969
32 1 325097
78 0 325954
78 1 326050
73 0 326207
73 1 326329
67 0 326368
67 1 326480
73 0 326534
73 1 326640
67 0 326934
67 1 326992
32 0 327352
32 1 327459
8 0 327678
8 1 327837
8 0 327909
8 1 328026
32 0 328158
32 1 328305
80 0 328487
80 1 328604
82 0 328685
82 1 328759
69 0 328875
69 1 328960
65 0 329056
65 1 329173
32 0 329232
32 1 329370
77 0 329453
77 1 329580
65 0 329614
65 1 329720
84 0 329841
73 0 329958
84 1 329969
73 1 330059
78 0 330220
78 1 330311
65 0 330344
65 1 330472
78 0 330728
78 1 330781
32 0 330786
32 1 330882
8 0 331364
8 1 331465
8 0 331536
8 1 331648
76 0 332505
76 1 332616
32 0 332645
32 1 332766
78 0 332847
78 1 332996
73 0 333054
73 1 333182
67 0 333223
67 1 333345
73 0 333399
73 1 333521
32 0 333576
32 1 333693
80 0 334013
80 1 334135
82 0 334398
82 1 334479
69 0 334659
69 1 334717
65 0 335002
65 1 335114
32 0 335259
32 1 335355
83 0 335493
83 1 335583
79 0 335674
79 1 335764
77 0 335920
77 1 336031
78 0 336099
78 1 336184
79 0 336249
79 1 336355
82 0 336404
82 1 336516
79 0 336600
79 1 336664
83 0 336734
83 1 336835
190 0 337082
190 1 337188
32 0 337250
32 1 337388
20 0 337456
20 1 337591
90 0 338230
90 1 338331
20 0 338529
20 1 338647
73 0 338700
73 1 338828
85 0 339036
85 1 339169
65 0 339234
65 1 339335
32 0 339467
32 1 339578
80 0 339688
80 1 339842
69 0 339918
69 1 340020
82 0 340100
82 1 340185
70 0 340288
70 1 340378
69 0 340499
69 1 340601
67 0 342271
67 1 342361
84 0 342500
84 1 342601
65 0 342796
65 1 342891
32 0 343079
32 1 343223
73 0 343779
73 1 343874
78 0 343996
78 1 344124
67 0 344194
67 1 344268
69 0 344345
69 1 344462
80 0 344546
80 1 344679
69 0 344744
69 1 344860
32 0 344951
32 1 345046
80 0 345202
80 1 345313
69 0 345368
69 1 345495
78 0 345750
78 1 345856
84 0 346017
84 1 346103
82 0 346216
82 1 346338
85 0 346386
85 1 346507
32 0 346568
32 1 346661
77 0 346747
77 1 346864
73 0 346990
73 1 347108
78 0 347318
78 1 347467
69 0 347547
69 1 347653
32 0 347781
32 1 347877
67 0 357485
67 1 357596
65 0 357622
65 1 357750
78 0 357806
78 1 357907
68 0 357912
68 1 358047
32 0 358119
32 1 358247
77 0 358665
77 1 358776
65 0 358823
65 1 358966
32 0 359021
32 1 359149
80 0 359331
80 1 359406
79 0 359595
79 1 359717
84 0 359817
84 1 359902
32 0 359961
32 1 360056
84 0 360181
84 1 360276
82 0 360374
82 1 360467
69 0 360555
69 1 360641
90 0 360821
90 1 360932
73 0 360995
73 1 361106
32 0 361145
32 1 361284
76 0 361387
76 1 361498
65 0 361580
65 1 361711
32 0 361840
32 1 361946
79 0 362208
79 1 362341
82 0 362597
82 1 362704
65 0 363017
65 1 363107
32 0 363236
32 1 363374
57 0 363650
57 1 363773
189 0 364159
189 1 364268
57 0 365779
57 1 365890
186 0 366181
186 1 366260
8 0 367169
8 1 367211
16 0 367654
186 0 367853
186 1 368034
16 1 368077
51 0 368488
51 1 368610
48 0 368867
48 1 368989
32 0 369114
32 1 369263
83 0 370617
83 1 370750
73 0 370806
73 1 370939
32 0 371032
32 1 371159
80 0 371345
80 1 371460
79 0 371547
79 1 371688
84 0 371739
84 1 371824
32 0 371840
32 1 371988
83 0 372112
83 1 372219
65 0 372275
65 1 372424
32 0 372434
32 1 372588
77 0 372639
77 1 372758
65 0 372808
65 1 372905
78 0 373037
78 1 373138
65 0 373170
65 1 373276
78 0 373339
78 1 373440
67 0 373531
67 1 373616
32 0 373867
32 1 373988
76 0 374301
76 1 374418
73 0 374589
73 1 374685
78 0 374964
78 1 375065
73 0 375262
73 1 375411
83 0 375561
83 1 375679
84 0 375913
84 1 376046
73 0 376135
73 1 376273
84 0 376356
84 1 376478
32 0 379224
32 1 379314
70 0 382317
70 1 382412
65 0 382459
65 1 382565
82 0 382596
82 1 382713
65 0 382729
65 1 382878
32 0 382940
32 1 383066
83 0 383194
83 1 383289
65 0 383349
65 1 383493
77 0 383642
77 1 383749
8 0 384071
8 1 384207
32 0 384250
32 1 384393
77 0 384507
77 1 384668
65 0 384767
65 1 384918
32 0 384948
32 1 385092
71 0 385160
71 1 385255
82 0 385315
82 1 385411
65 0 385526
65 1 385659
66 0 385892
66 1 385990
69 0 386149
69 1 386235
83 0 386363
83 1 386469
67 0 386604
67 1 386704
32 0 387032
32 1 387122
190 0 387269
190 1 387391
8 0 387668
8 1 387791
8 0 387877
8 1 388004
190 0 388490
190 1 388617
32 0 388804
32 1 388925
20 0 389382
20 1 389547
68 0 391695
68 1 391815
20 0 392163
20 1 392332
8 0 392583
8 1 392818
20 0 392873
20 1 393028
65 0 393228
65 1 393339
20 0 393395
20 1 393509
67 0 393600
67 1 393701
85 0 393805
85 1 393922
77 0 394070
77 1 394215
32 0 394255
32 1 394403
67 0 394441
67 1 394569
85 0 394629
85 1 394725
32 0 394741
32 1 394873
70 0 394936
70 1 395021
65 0 395111
65 1 395221
67 0 395286
67 1 395386
85 0 395502
85 1 395609
76 0 395802
76 1 395946
84 0 396017
84 1 396102
65 0 396316
65 1 396438
84 0 396604
84 1 396722
69 0 396882
69 1 396962
65 0 397044
65 1 397183
79 0 397837
79 1 397923
78 0 398017
78 1 398113
76 0 398269
76 1 398412
73 0 398629
73 1 398767
78 0 399008
78 1 399147
69 0 399209
69 1 399300
32 0 399707
32 1 399832
37 0 400406
37 0 400933
37 0 400970
37 0 401007
37 0 401045
37 1 401108
37 0 401313
37 1 401398
37 0 401545
37 1 401608
37 0 401750
37 1 401824
39 0 402435
39 1 402557
32 0 402628
32 1 402748
39 0 402952
39 0 403480
39 0 403516
39 0 403555
39 0 403592
39 0 403629
39 0 403666
39 1 403714
78 0 404675
78 1 404808
85 0 404857
85 1 404974
32 0 405011
32 1 405160
77 0 405191
77 1 405313
65 0 405375
73 0 405508
65 1 405519
73 1 405619
32 0 405660
32 1 405791
80 0 405797
80 1 405915
79 0 406015
79 1 406121
84 0 406173
84 1 406264
32 0 406289
32 1 406420
83 0 407608
83 1 407735
65 0 407788
65 1 407905
32 0 407921
32 1 408085
80 0 408212
80 1 408382
76 0 408507
76 1 408635
69 0 408687
69 1 408773
67 0 408998
67 1 409067
32 0 409314
32 1 409409
78 0 409824
78 1 409957
69 0 409967
69 1 410068
65 0 410139
65 1 410298
80 0 410466
80 1 410604
65 0 410655
65 1 410772
82 0 410833
65 0 410956
82 1 410960
65 1 411115
84 0 411146
84 1 411268
32 0 411304
32 1 411452
85 0 411668
85 1 411795
78 0 411940
78 1 412062
68 0 412120
68 1 412205
69 0 412284
69 1 412371
86 0 412452
86 1 412549
65 0 412663
65 1 412806
32 0 412830
32 1 412973
68 0 413443
68 1 413533
65 0 413680
65 1 413808
82 0 414032
82 1 414170
32 0 414246
32 1 414401
73 0 415328
73 1 415440
78 0 415624
78 1 415742
32 0 415908
32 1 416051
84 0 416242
84 1 416375
73 0 416408
73 1 416517
77 0 416663
77 1 416758
80 0 416956
80 1 417094
85 0 417278
85 1 417379
76 0 417524
76 1 417604
32 0 417772
32 1 417887
73 0 417944
73 1 418045
78 0 418199
78 1 418331
32 0 418392
32 1 418491
67 0 418662
67 1 418749
65 0 418896
65 1 419013
82 0 419140
82 1 419241
69 0 419327
69 1 419449
32 0 419482
32 1 419602
70 0 419673
70 1 419742
65 0 419802
65 1 419930
67 0 420155
67 1 420277
69 0 420374
69 1 420454
65 0 420546
65 1 420663
77 0 420729
32 0 420835
77 1 420846
32 1 420945
70 0 421012
70 1 421102
73 0 421177
73 1 421278
90 0 421317
90 1 421418
73 0 421496
73 1 421597
67 0 421685
67 1 421775
32 0 422496
32 1 422630
77 0 423380
77 1 423497
69 0 423522
69 1 423612
82 0 423680
82 1 423765
71 0 423863
71 1 423969
69 0 424089
69 1 424206
65 0 424300
65 1 424438
77 0 424504
77 1 424605
32 0 424659
76 0 424769
32 1 424792
76 1 424920
65 0 424965
65 1 425082
32 0 425136
32 1 425263
70 0 425324
70 1 425408
65 0 425452
65 1 425615
67 0 425660
67 1 425751
85 0 425818
85 1 425929
76 0 426076
76 1 426236
84 0 426288
84 1 426373
65 0 426537
65 1 426654
84 0 426769
84 1 426860
69 0 426985
69 1 427076
32 0 427141
32 1 427246
68 0 427355
68 1 427451
85 0 427530
85 1 427626
80 0 427782
80 1 427904
65 0 427983
65 1 428047
32 0 428172
32 1 428331
67 0 428375
67 1 428513
69 0 428692
69 1 428825
32 0 428974
32 1 429095
76 0 429146
76 1 429295
8 0 429733
8 1 429840
66 0 429937
66 1 430012
69 0 430149
69 1 430255
65 0 430312
77 0 430455
65 1 430460
77 1 430566
32 0 430610
32 1 430735
79 0 430783
79 1 430921
32 0 430937
32 1 431052
67 0 431146
67 1 431236
65 0 431295
65 1 431417
70 0 431472
70 1 431584
69 0 431650
69 1 431754
65 0 431800
65 1 431933
32 0 431959
32 1 432074
80 0 432159
80 1 432281
69 0 432330
69 1 432431
32 0 432493
32 1 432625
68 0 432720
68 1 432805
82 0 432911
82 1 433043
85 0 433089
85 1 433200
77 0 433377
77 1 433494
190 0 433724
190 1 433836
32 0 433885
32 1 434017
20 0 434099
20 1 434265
68 0 434362
68 1 434458
20 0 434514
20 1 434648
85 0 436516
85 1 436629
80 0 436835
80 1 436936
65 0 437023
65 1 437145
32 0 437206
65 0 437360
32 1 437366
65 1 437488
67 0 437571
67 1 437672
67 0 437763
67 1 437866
8 0 438248
8 1 438419
69 0 438726
69 1 438838
69 0 438914
69 1 438989
65 0 439054
65 1 439192
32 0 439253
32 1 439390
77 0 439580
77 1 439692
65 0 440349
65 1 440455
32 0 440525
32 1 440641
73 0 440686
73 1 440799
78 0 440919
84 0 441020
78 1 441036
84 1 441105
65 0 441260
65 1 441398
76 0 441492
76 1 441593
78 0 441741
78 1 441884
69 0 441920
69 1 442052
65 0 442063
65 1 442223
77 0 442269
77 1 442389
32 0 442405
32 1 442534
68 0 442682
68 1 442778
69 0 442899
69 1 442973
8 0 443319
8 1 443420
8 0 443504
8 1 443610
73 0 444053
73 1 444158
78 0 444286
78 1 444408
32 0 444424
32 1 444534
84 0 444632
84 1 444733
73 0 444810
73 1 444895
77 0 445094
77 1 445178
80 0 445474
80 1 445590
85 0 445632
85 1 445733
76 0 445800
76 1 445922
32 0 445933
32 1 446045
90 0 446252
90 1 446392
73 0 446462
73 1 446547
76 0 446712
76 1 446839
69 0 446893
69 1 446992
73 0 447033
73 1 447144
32 0 447306
32 1 447437
67 0 447545
67 1 447647
85 0 447662
85 1 447764
32 0 447804
32 1 447914
80 0 448000
80 1 448128
82 0 448232
82 1 448328
73 0 448403
73 1 448515
69 0 448585
69 1 448675
84 0 448797
84 1 448881
69 0 448994
78 0 449090
69 1 449106
78 1 449186
73 0 449300
73 1 449407
73 0 449461
73 1 449578
32 0 449588
32 1 449714
68 0 449961
68 1 450065
73 0 450106
73 1 450223
78 0 450433
78 1 450549
32 0 450615
32 1 450730
20 0 450815
20 1 450902
76 0 450917
76 1 451114
20 0 451169
20 1 451257
73 0 451393
73 1 451525
71 0 451656
71 1 451725
65 0 451875
65 1 451997
32 0 452070
32 1 452190
85 0 452348
85 1 452481
78 0 452625
68 0 452746
78 1 452757
68 1 452836
69 0 452919
69 1 453004
32 0 453071
32 1 453191
68 0 453237
68 1 453333
73 0 453403
73 1 453493
83 0 453499
83 1 453594
67 0 453715
67 1 453800
85 0 453829
85 1 453911
84 0 453971
84 1 454052
65 0 454184
65 1 454322
77 0 454357
77 1 454458
32 0 454492
32 1 454612
68 0 454661
68 1 454741
69 0 454840
69 1 454920
83 0 455020
83 1 455105
80 0 455121
80 1 455238
82 0 455281
82 1 455350
69 0 455466
69 1 455562
32 0 455673
32 1 455767
68 0 456760
68 1 456824
73 0 456941
73 1 457046
70 0 457124
70 1 457220
69 0 457360
69 1 457450
82 0 457550
82 1 457640
73 0 457680
73 1 457791
84 0 457802
84 1 457913
69 0 458035
69 1 458136
32 0 458197
32 1 458319
67 0 458387
67 1 458499
72 0 458526
72 1 458638
69 0 458649
69 1 458728
83 0 458827
83 1 458933
84 0 459092
84 1 459196
73 0 459290
73 1 459375
73 0 459458
73 1 459531
32 0 459621
32 1 459758
83 0 460543
83 1 460675
73 0 460768
73 1 460847
32 0 460974
32 1 461036
69 0 463643
69 1 463760
82 0 463833
82 1 463945
65 0 464043
65 1 464166
32 0 464194
32 1 464319
79 0 464378
79 1 464480
32 0 464504
65 0 464630
32 1 464652
65 1 464760
84 0 464891
84 1 464981
77 0 465050
77 1 465146
79 0 465287
79 1 465361
83 0 465585
83 1 465664
70 0 465789
70 1 465864
69 0 465957
69 1 466042
82 0 466107
82 1 466198
65 0 466295
65 1 466417
32 0 466468
32 1 466583
80 0 466664
80 1 466781
76 0 467256
76 1 467346
65 0 467475
65 1 467576
67 0 467679
67 1 467769
85 0 467992
85 1 468141
84 0 468206
84 1 468305
65 0 468432
65 1 468586
190 0 469354
190 1 469439
13 0 470828
13 1 470940
20 0 471475
20 1 471617
80 0 474284
80 1 474382
8 0 474577
8 1 474715
83 0 474838
83 1 474928
20 0 474982
20 1 475106
69 0 475181
69 1 475282
65 0 475362
65 1 475485
82 0 475570
82 1 475670
65 0 475881
65 1 475998
188 0 476359
188 1 476460
32 0 476477
32 1 476614
73 0 476645
73 1 476741
78 0 476867
78 1 476962
32 0 476991
32 1 477065
77 0 477100
77 1 477196
79 0 477296
79 1 477416
68 0 477432
68 1 477539
32 0 477596
32 1 477707
73 0 477731
73 1 477848
68 0 477859
68 1 477949
69 0 478037
69 1 478117
65 0 478205
65 1 478306
76 0 478333
76 1 478455
188 0 478581
188 1 478671
32 0 478677
32 1 478788
77 0 478843
77 1 478949
69 0 478959
69 1 479045
82 0 479131
82 1 479210
71 0 479313
71 1 479403
69 0 479525
69 1 479610
65 0 479735
65 1 479831
77 0 480053
77 1 480149
32 0 480222
32 1 480354
8 0 480873
8 1 480989
76 0 481207
76 1 481340
65 0 481401
65 1 481545
32 0 481603
32 1 481741
8 0 481931
8 1 482067
8 0 482159
8 1 482217
8 0 482309
8 1 482391
32 0 482441
32 1 482547
76 0 482724
76 1 482890
65 0 482930
65 1 483094
32 0 483110
32 1 483253
85 0 483289
85 1 483392
78 0 483537
78 1 483622
32 0 483679
32 1 483817
80 0 484277
80 1 484428
65 0 484501
65 1 484581
82 0 484792
82 1 484914
84 0 485051
84 1 485125
89 0 485276
89 1 485409
32 0 485596
32 1 485723
67 0 486768
67 1 486886
85 0 486922
85 1 487018
32 0 487075
32 1 487213
77 0 488342
77 1 488502
65 0 488560
73 0 488693
65 1 488703
73 1 488815
32 0 488857
32 1 488979
77 0 489020
77 1 489127
85 0 489253
85 1 489343
76 0 489491
84 0 489632
76 1 489641
84 1 489734
73 0 489803
32 0 489909
73 1 489915
32 1 490026
80 0 490098
80 1 490247
82 0 490299
82 1 490439
73 0 490504
73 1 490630
69 0 490675
69 1 490776
84 0 490900
84 1 490969
69 0 491122
69 1 491218
78 0 491280
78 1 491386
73 0 491506
73 1 491670
32 0 492607
32 1 492704
83 0 492995
83 1 493063
73 0 493238
73 1 493354
32 0 493484
32 1 493622
83 0 494025
83 1 494147
8 0 494419
8 1 494563
78 0 494836
78 1 494937
69 0 495013
69 1 495114
32 0 495172
32 1 495294
83 0 495396
83 1 495484
73 0 495572
73 1 495656
77 0 495823
77 1 495929
84 0 496005
84 1 496095
69 0 496366
69 1 496430
65 0 496570
65 1 496686
77 0 496737
77 1 496865
32 0 496924
32 1 497015
66 0 497298
66 1 497410
73 0 497459
73 1 497555
78 0 497718
78 1 497808
69 0 497871
69 1 497978
190 0 498186
190 1 498297
77 0 516990
77 0 517516
77 0 517554
77 0 517591
77 0 517627
77 0 517664
77 0 517701
77 0 517739
77 0 517777
77 0 517813
77 0 517850
77 0 517888
77 0 517926
77 0 517962
77 0 517999
77 0 518037
77 0 518074
77 0 518111
77 0 518149
77 0 518185
77 0 518223
77 0 518260
77 0 518298
77 0 518334
77 0 518371
77 0 518410
77 0 518446
77 0 518483
77 0 518520
77 1 518563
8 0 519739
8 0 520285
8 0 520324
8 0 520360
8 0 520397
8 0 520434
8 0 520471
8 0 520508
8 0 520545
8 0 520582
8 0 520619
8 0 520658
8 0 520693
8 0 520731
8 0 520769
8 0 520806
8 0 520844
8 0 520881
8 0 520917
8 0 520954
8 0 520992
8 0 521029
8 0 521067
8 0 521104
8 0 521140
8 0 521178
8 0 521215
8 0 521251
8 0 521290
8 0 521326
8 0 521363
8 0 521401
8 1 521448
32 0 523191
32 1 523303
189 0 523598
189 1 523677
190 0 524128
190 1 524208
77 0 528550
77 0 529095
77 0 529133
77 0 529170
77 0 529207
77 0 529244
77 0 529281
77 0 529317
77 0 529355
77 0 529392
77 0 529429
77 0 529466
77 0 529504
77 0 529542
77 0 529578
77 0 529615
77 0 529652
77 0 529691
77 0 529727
77 0 529764
77 0 529801
77 0 529838
77 0 529876
77 0 529913
77 0 529950
77 0 529988
77 0 530025
77 0 530062
77 0 530100
77 0 530136
77 0 530174
77 0 530210
77 0 530248
77 0 530285
77 0 530322
77 0 530359
77 0 530397
77 0 530434
77 0 530471
77 0 530509
77 0 530546
77 0 530583
77 0 530620
77 0 530657
77 0 530694
77 0 530732
77 0 530769
77 0 530806
77 0 530843
77 0 530881
77 0 530919
77 0 530956
77 0 530993
77 0 531030
77 0 531066
77 0 531103
77 0 531141
77 0 531178
77 0 531216
77 0 531253
77 0 531291
77 0 531327
77 0 531365
77 0 531402
77 0 531439
77 0 531475
77 0 531514
77 0 531550
77 0 531587
77 0 531625
77 0 531662
77 0 531700
77 0 531737
77 0 531774
77 0 531811
77 0 531848
77 0 531886
77 0 531941
77 0 531980
77 0 532016
77 0 532054
77 0 532091
77 0 532127
77 0 532165
77 0 532202
77 0 532239
77 0 532276
77 0 532313
77 0 532351
77 0 532388
77 0 532425
77 0 532462
77 0 532499
77 0 532537
77 0 532575
77 0 532611
77 0 532648
77 0 532686
77 0 532723
77 0 532760
77 0 532797
77 0 532834
77 0 532873
77 0 532909
77 0 532946
77 0 532984
77 0 533021
77 0 533058
77 0 533094
77 0 533133
77 0 533170
77 0 533206
77 0 533243
77 0 533280
77 0 533318
77 0 533355
77 0 533393
77 0 533430
77 0 533468
77 0 533504
77 0 533541
77 0 533578
77 0 533617
77 0 533653
77 0 533690
77 0 533727
77 0 533768
77 0 533803
77 0 533839
77 0 533877
77 0 533914
77 0 533951
77 0 533989
77 0 534026
77 0 534062
77 0 534100
77 0 534137
77 0 534175
77 0 534211
77 0 534248
77 0 534286
77 0 534323
77 0 534360
77 0 534397
77 0 534434
77 0 534472
77 0 534510
77 0 534546
77 0 534583
77 0 534621
77 0 534658
77 0 534695
77 0 534732
77 0 534772
77 0 534807
77 0 534843
77 0 534882
77 0 534938
77 0 534975
77 0 535012
77 0 535050
77 0 535087
77 0 535124
77 0 535161
77 0 535199
77 0 535236
77 0 535273
77 0 535310
77 0 535347
77 0 535383
77 0 535422
77 0 535459
77 0 535495
77 0 535533
77 0 535570
77 0 535607
77 0 535645
77 0 535682
77 0 535719
77 0 535756
77 0 535792
77 0 535831
77 0 535868
77 0 535905
77 0 535942
77 0 535980
77 0 536017
77 0 536053
77 0 536090
77 0 536128
77 0 536166
77 0 536202
77 0 536239
77 0 536277
77 0 536315
77 0 536352
77 0 536389
77 0 536425
77 0 536462
77 0 536501
77 0 536537
77 0 536575
77 0 536612
77 0 536650
77 0 536686
77 0 536724
77 0 536761
77 0 536798
77 0 536836
77 0 536873
77 0 536909
77 0 536947
77 0 536984
77 0 537021
77 0 537059
77 0 537095
77 0 537133
77 0 537170
77 0 537208
77 0 537244
77 0 537282
77 0 537319
77 0 537357
77 0 537392
77 0 537430
77 0 537467
77 0 537504
77 0 537543
77 0 537580
77 0 537617
77 0 537654
77 0 537691
77 0 537728
77 0 537766
77 0 537802
77 0 537840
77 0 537877
77 0 537914
77 0 537971
77 0 538008
77 0 538045
77 0 538082
77 0 538120
77 0 538157
77 0 538195
77 0 538232
77 0 538268
77 1 538311
8 0 538851
8 0 539378
8 0 539414
8 0 539451
8 0 539488
8 0 539527
8 0 539564
8 0 539600
8 0 539637
8 0 539675
8 0 539713
8 0 539749
8 0 539786
8 0 539824
8 0 539862
8 0 539899
8 0 539936
8 0 539973
8 0 540010
8 0 540047
8 0 540085
8 0 540122
8 0 540159
8 0 540197
8 0 540234
8 0 540271
8 0 540308
8 0 540345
8 0 540383
8 0 540420
8 0 540457
8 0 540493
8 0 540530
8 0 540568
8 0 540606
8 0 540643
8 0 540680
8 0 540718
8 0 540755
8 0 540798
8 0 540828
8 0 540865
8 0 540904
8 0 540941
8 0 540997
8 0 541034
8 0 541071
8 0 541109
8 0 541145
8 0 541183
8 0 541219
8 0 541257
8 0 541294
8 0 541332
8 0 541368
8 0 541406
8 0 541442
8 0 541480
8 0 541517
8 0 541554
8 0 541592
8 0 541630
8 0 541666
8 0 541703
8 0 541741
8 0 541777
8 0 541815
8 0 541853
8 0 541890
8 0 541927
8 0 541964
8 0 542001
8 0 542038
8 0 542076
8 0 542112
8 0 542150
8 0 542187
8 0 542225
8 0 542261
8 0 542299
8 0 542336
8 0 542374
8 0 542410
8 0 542448
8 0 542485
8 0 542521
8 0 542559
8 0 542596
8 0 542633
8 0 542670
8 0 542708
8 0 542745
8 0 542783
8 0 542820
8 0 542857
8 0 542895
8 0 542932
8 0 542969
8 0 543006
8 0 543044
8 0 543081
8 0 543118
8 0 543155
8 0 543193
8 0 543229
8 0 543266
8 0 543303
8 0 543340
8 0 543378
8 0 543415
8 0 543452
8 0 543490
8 0 543526
8 0 543563
8 0 543602
8 0 543639
8 0 543675
8 0 543713
8 0 543750
8 0 543787
8 0 543824
8 0 543861
8 0 543899
8 0 543936
8 0 543992
8 0 544029
8 0 544066
8 0 544104
8 0 544142
8 0 544178
8 0 544215
8 0 544252
8 0 544289
8 0 544326
8 0 544365
8 0 544401
8 0 544440
8 0 544475
8 0 544514
8 0 544550
8 0 544587
8 0 544625
8 0 544662
8 0 544699
8 0 544737
8 0 544774
8 0 544810
8 0 544848
8 0 544885
8 0 544923
8 0 544960
8 0 544997
8 0 545036
8 0 545072
8 0 545109
8 0 545147
8 0 545183
8 0 545220
8 0 545258
8 0 545295
8 0 545332
8 0 545369
8 0 545406
8 0 545443
8 0 545480
8 0 545518
8 0 545556
8 0 545592
8 0 545629
8 0 545667
8 0 545705
8 0 545742
8 0 545779
8 0 545815
8 0 545853
8 0 545891
8 0 545927
8 0 545964
8 0 546002
8 0 546040
8 0 546076
8 0 546113
8 0 546150
8 0 546188
8 0 546226
8 0 546262
8 0 546299
8 0 546337
8 0 546374
8 0 546411
8 0 546449
8 0 546486
8 0 546522
8 0 546559
8 0 546597
8 0 546635
8 0 546671
8 0 546709
8 0 546747
8 0 546783
8 0 546820
8 0 546858
8 0 546896
8 0 546932
8 0 546969
8 0 547026
8 0 547062
8 0 547101
8 0 547138
8 0 547175
8 0 547211
8 0 547249
8 0 547286
8 0 547323
8 0 547361
8 0 547398
8 0 547435
8 0 547473
8 0 547508
8 0 547546
8 0 547584
8 0 547621
8 0 547658
8 0 547695
8 0 547733
8 0 547770
8 0 547808
8 0 547844
8 0 547884
8 0 547919
8 0 547956
8 0 547992
8 0 548030
8 0 548067
8 0 548104
8 0 548142
8 0 548180
8 0 548217
8 0 548253
8 0 548291
8 0 548329
8 0 548366
8 0 548403
8 0 548440
8 0 548477
8 0 548517
8 1 548572
8 0 548864
8 1 548948
20 0 617729
20 1 617863
85 0 619555
85 1 619687
20 0 619865
20 1 620042
76 0 620047
76 1 620186
89 0 620319
89 1 620404
73 0 620521
73 1 620616
8 0 621250
8 1 621361
8 0 621396
8 1 621556
84 0 621806
84 1 621901
73 0 621985
73 1 622086
77 0 622244
77 1 622372
65 0 622437
32 0 622512
65 1 622551
32 1 622663
80 0 622821
69 0 622943
80 1 622948
69 1 623039
82 0 623111
82 1 623223
73 0 623326
73 1 623437
79 0 623531
79 1 623632
65 0 623682
65 1 623778
68 0 623875
68 1 623981
65 0 624005
65 1 624133
32 0 624161
32 1 624281
77 0 624774
77 1 624887
189 0 625212
189 1 625345
8 0 626502
8 1 626635
73 0 626845
73 1 626945
189 0 627165
189 1 627282
65 0 627326
65 1 627459
32 0 627489
32 1 627627
83 0 627666
83 1 627772
67 0 627908
67 1 628014
72 0 628149
72 1 628234
73 0 628331
73 1 628426
77 0 628573
77 1 628696
66 0 628734
66 1 628808
65 0 628980
65 1 629119
84 0 629216
84 1 629328
32 0 629351
32 1 629478
68 0 629521
68 1 629622
69 0 629703
69 1 629782
83 0 629909
83 1 629989
84 0 630134
84 1 630252
85 0 630280
85 1 630386
76 0 630539
76 1 630656
32 0 630963
32 1 631037
68 0 631147
68 1 631205
69 0 631318
69 1 631408
32 0 631468
32 1 631609
77 0 631643
77 1 631744
85 0 632011
85 1 632121
76 0 632390
76 1 632512
84 0 632610
84 1 632689
32 0 632737
32 1 632843
80 0 632887
80 1 633015
65 0 633030
65 1 633142
82 0 633265
82 1 633350
69 0 633488
69 1 633552
82 0 633641
82 1 633731
69 0 633825
69 1 633905
65 0 633951
65 1 634079
32 0 634127
32 1 634254
68 0 634295
68 1 634401
69 0 634477
69 1 634562
83 0 634693
83 1 634778
80 0 634829
80 1 634956
82 0 635276
82 1 635361
69 0 635518
69 1 635602
32 0 635705
32 1 635821
83 0 636440
83 1 636541
73 0 636625
73 1 636725
83 0 636782
83 1 636883
84 0 637035
84 1 637136
69 0 637584
69 1 637725
77 0 637874
77 1 638016
85 0 638101
85 1 638202
76 0 638295
76 1 638433
32 0 638498
32 1 638583
69 0 638712
69 1 638812
68 0 638911
68 1 639033
85 0 639103
85 1 639215
67 0 639285
67 1 639407
65 0 639550
65 1 639662
84 0 640208
84 1 640319
73 0 640373
73 1 640469
79 0 640561
79 1 640662
78 0 640862
78 1 640947
65 0 641464
65 1 641565
76 0 641599
32 0 641743
76 1 641749
32 1 641870
68 0 641944
68 1 642046
73 0 642124
73 1 642231
78 0 642397
78 1 642535
32 0 642562
32 1 642680
84 0 642798
84 1 642881
65 0 643054
65 1 643160
82 0 643254
82 1 643354
65 0 643473
65 1 643595
32 0 643611
32 1 643739
78 0 643816
78 1 643931
79 0 644162
79 1 644278
65 0 644356
65 1 644484
83 0 644566
83 1 644615
84 0 644785
84 1 644876
82 0 644965
82 1 645061
65 0 645210
65 1 645321
190 0 647220
190 1 647353
32 0 647524
32 1 647673
20 0 648275
20 1 648442
76 0 649188
20 0 649290
76 1 649312
20 1 649435
65 0 649489
65 1 649607
32 0 649666
32 1 649777
8 0 650632
8 1 650776
8 0 650844
8 1 650956
8 0 651024
8 1 651120
20 0 651237
20 1 651360
67 0 651404
67 1 651489
20 0 651506
20 1 651662
65 0 651667
65 1 651848
78 0 651994
78 1 652105
68 0 652391
68 1 652507
32 0 652665
32 1 652779
83 0 652925
83 1 652999
69 0 653124
69 1 653236
32 0 653252
32 1 653406
70 0 653440
70 1 653578
65 0 653655
65 1 653777
67 0 653830
67 1 653947
69 0 653991
69 1 654087
65 0 654138
65 1 654271
32 0 654282
32 1 654420
70 0 654583
70 1 654696
65 0 654745
65 1 654857
67 0 654873
67 1 654990
85 0 655026
85 1 655149
76 0 655306
76 1 655428
84 0 655514
84 1 655637
65 0 655647
65 1 655770
84 0 655798
84 1 655915
69 0 655966
69 1 656083
32 0 656117
32 1 656228
70 0 656389
70 1 656539
73 0 656635
73 1 656736
73 0 657012
73 1 657112
67 0 657225
67 1 657352
8 0 657870
8 1 657960
8 0 658039
8 1 658146
90 0 658605
90 1 658728
73 0 659024
73 1 659135
67 0 659193
67 1 659294
188 0 659384
188 1 659496
32 0 659536
32 1 659658
65 0 659751
65 1 659857
86 0 660077
86 1 660167
69 0 660280
69 1 660369
65 0 660455
65 1 660588
77 0 660642
77 1 660733
32 0 660766
32 1 660872
79 0 660926
79 1 661043
32 0 661076
32 1 661186
80 0 661228
65 0 661314
80 1 661345
65 1 661446
82 0 661555
82 1 661640
69 0 661732
69 1 661806
82 0 661885
82 1 661965
69 0 662064
69 1 662138
32 0 662416
32 1 662544
79 0 662582
79 1 662672
75 0 662792
75 1 662909
32 0 663396
32 1 663492
8 0 664013
8 1 664123
188 0 664326
188 1 664455
32 0 664471
68 0 664609
32 1 664620
68 1 664737
65 0 664765
65 1 664882
82 0 665011
82 1 665115
32 0 665204
32 1 665272
78 0 665327
78 1 665418
73 0 665568
73 1 665675
67 0 665708
67 1 665799
73 0 665844
73 1 665940
32 0 665965
32 1 666098
65 0 666147
65 1 666250
84 0 666375
84 1 666481
85 0 666542
85 1 666638
78 0 666765
78 1 666862
67 0 666931
67 1 667037
73 0 667073
73 1 667169
32 0 667185
32 1 667323
80 0 667351
80 1 667488
82 0 667538
82 1 667609
69 0 667698
69 1 667793
65 0 667861
65 1 667994
32 0 668046
32 1 668161
66 0 668238
66 1 668350
85 0 668402
85 1 668512
78 0 668648
78 1 668760
65 0 668802
65 1 668919
190 0 669188
190 1 669321
32 0 669337
32 1 669464
20 0 669636
20 1 669854
67 0 669990
67 1 670091
8 0 670343
8 1 670497
65 0 670611
65 1 670718
20 0 671087
20 1 671229
67 0 671342
67 1 671432
85 0 671573
85 1 671684
77 0 671903
77 1 672047
32 0 672189
32 1 672332
77 0 673080
77 1 673154
73 0 673352
73 1 673432
32 0 673556
32 1 673673
83 0 673741
83 1 673815
69 0 673936
69 1 674037
32 0 674082
32 1 674204
80 0 674255
65 0 674336
80 1 674341
65 1 674430
82 0 674551
82 1 674630
69 0 674757
69 1 674848
32 0 674943
32 1 675045
67 0 675176
67 1 675250
65 0 675348
65 1 675470
32 0 675540
32 1 675634
83 0 675994
83 1 676117
69 0 676289
69 1 676438
32 0 676505
32 1 676605
70 0 676813
70 1 676893
65 0 677031
65 1 677149
67 0 677237
67 1 677330
69 0 677402
69 1 677519
32 0 677600
32 1 677695
84 0 677752
84 1 677842
79 0 677940
79 1 678030
84 0 678082
84 1 678183
85 0 678526
85 1 678664
75 0 678834
75 1 678941
8 0 679286
8 1 679419
76 0 679701
76 1 679839
32 0 679891
32 1 680034
73 0 680059
73 1 680166
78 0 680329
78 1 680409
32 0 680435
32 1 680529
66 0 680638
66 1 680707
65 0 680828
65 1 680946
84 0 681053
84 1 681128
65 0 681244
65 1 681356
73 0 681385
73 1 681480
69 0 681524
69 1 681610
32 0 681710
32 1 681820
68 0 681890
68 1 681970
69 0 682067
69 1 682157
32 0 682207
32 1 682327
74 0 682353
74 1 682454
79 0 682569
79 1 682681
67 0 682709
67 1 682805
32 0 682902
32 1 682997
83 0 683100
83 1 683196
73 0 683244
73 1 683367
32 0 683414
32 1 683509
78 0 684691
78 1 684792
85 0 684961
85 1 685056
32 0 685138
32 1 685222
83 0 685329
83 1 685408
69 0 685523
69 1 685613
32 0 685663
32 1 685780
80 0 685847
80 1 685953
85 0 686163
85 1 686264
78 0 686689
78 1 686795
69 0 686868
69 1 686964
32 0 687001
32 1 687132
65 0 687222
65 1 687323
67 0 687406
67 1 687480
67 0 687535
67 1 687625
69 0 687682
69 1 687788
78 0 687848
78 1 687955
84 0 687993
84 1 688120
85 0 688188
85 1 688310
76 0 688449
76 1 688571
32 0 688614
32 1 688731
80 0 688815
80 1 688938
69 0 688999
69 1 689101
32 0 689150
32 1 689257
67 0 689359
67 1 689434
69 0 689517
69 1 689628
76 0 689685
76 1 689797
32 0 689803
32 1 689924
8 0 690347
8 1 690485
8 0 690563
8 1 690664
8 0 690771
8 1 690862
32 0 691007
32 1 691096
8 0 691233
8 1 691371
69 0 691376
69 1 691483
32 0 691524
32 1 691644
69 0 691675
69 1 691765
83 0 691974
83 1 692102
84 0 692247
84 1 692327
69 0 692458
69 1 692578
32 0 692644
32 1 692718
67 0 692839
67 1 692919
69 0 693048
69 1 693112
76 0 693241
76 1 693346
32 0 693648
32 1 693738
77 0 693861
77 1 693934
65 0 694149
65 1 694208
73 0 694367
73 1 694445
32 0 694551
32 1 694630
73 0 694683
73 1 694784
77 0 694968
77 1 695064
80 0 695224
80 1 695330
79 0 695449
79 1 695562
82 0 695641
82 1 695710
84 0 695798
84 1 695862
65 0 695975
65 1 696108
78 0 696148
78 1 696258
84 0 696295
84 1 696380
32 0 696408
32 1 696551
73 0 696567
73 1 696663
32 0 696903
32 1 697018
8 0 697353
8 1 697518
78 0 697722
78 1 697854
32 0 697985
32 1 698042
80 0 698251
80 1 698341
82 0 698395
82 1 698475
79 0 698524
79 1 698677
67 0 698717
67 1 698808
69 0 698962
69 1 699054
83 0 699249
83 1 699366
85 0 700191
85 1 700308
76 0 700498
76 1 700604
32 0 700748
32 1 700880
69 0 700940
69 1 701036
68 0 701149
68 1 701255
85 0 701432
85 1 701549
67 0 701619
67 1 701718
65 0 701816
65 1 701933
84 0 702293
84 1 702387
73 0 702454
73 1 702556
79 0 702650
79 1 702729
78 0 702852
78 1 702939
65 0 703008
65 1 703114
76 0 703140
76 1 703242
188 0 703429
188 1 703530
32 0 704340
32 1 704450
83 0 704581
83 1 704666
84 0 704820
84 1 704910
85 0 705002
85 1 705124
68 0 705165
68 1 705250
69 0 705333
69 1 705392
78 0 705430
78 1 705536
84 0 705580
84 1 705670
85 0 705746
85 1 705869
76 0 705995
76 1 706138
32 0 706164
32 1 706307
83 0 706351
83 1 706446
65 0 706511
85 0 706618
65 1 706660
85 1 706740
32 0 706796
32 1 706875
69 0 707128
69 1 707237
76 0 707507
76 1 707629
69 0 707803
69 1 707883
86 0 708048
86 1 708144
69 0 708245
69 1 708373
85 0 708455
85 1 708572
8 0 708768
8 1 708891
8 0 708961
8 1 709052
85 0 709329
85 1 709457
76 0 709617
76 1 709740
32 0 709783
32 1 709921
8 0 710205
8 1 710338
188 0 710622
188 1 710734
32 0 710829
32 1 710902
67 0 711267
67 1 711336
65 0 711436
65 1 711523
82 0 711694
82 1 711789
69 0 712027
69 1 712128
32 0 712622
32 1 712760
66 0 714963
66 1 715079
69 0 715181
69 1 715297
78 0 715339
78 1 715461
69 0 715477
69 1 715557
70 0 715675
70 1 715755
73 0 715891
73 1 715992
67 0 717069
67 1 717175
73 0 717456
73 1 717557
65 0 717661
65 1 717767
90 0 717928
90 1 718039
65 0 718480
65 1 718586
32 0 718690
32 1 718833
68 0 718914
68 1 719032
69 0 719118
69 1 719235
32 0 719270
32 1 719418
65 0 719449
65 1 719582
67 0 719659
67 1 719782
69 0 719815
69 1 719911
83 0 720033
83 1 720181
84 0 720378
84 1 720535
32 0 721644
32 1 721783
83 0 722260
83 1 722377
69 0 722472
69 1 722573
82 0 722651
82 1 722757
73 0 722935
73 1 723065
8 0 723391
8 1 723514
86 0 725055
86 1 725107
73 0 725304
73 1 725404
67 0 725455
67 1 725561
73 0 725596
73 1 725713
85 0 725791
85 1 725907
190 0 733012
190 1 733119
32 0 733232
32 1 733349
20 0 734347
20 1 734445
73 0 735204
73 1 735320
20 0 735454
20 1 735582
78 0 736243
78 1 736360
32 0 736387
32 1 736524
77 0 736567
77 1 736663
79 0 736758
79 1 736881
68 0 736915
68 1 737031
32 0 737055
32 1 737175
78 0 737226
78 1 737311
79 0 737459
79 1 737539
82 0 737792
82 1 737883
77 0 738276
77 1 738401
65 0 738605
65 1 738750
76 0 739044
76 1 739155
188 0 739297
188 1 739387
32 0 739434
32 1 739550
80 0 739816
80 1 739986
82 0 740058
82 1 740159
79 0 740214
79 1 740357
70 0 740391
70 1 740476
69 0 740608
69 1 740698
83 0 740808
83 1 740909
79 0 740945
82 0 741072
79 1 741077
82 1 741187
73 0 741241
73 1 741335
73 0 741401
73 1 741497
32 0 741568
32 1 741695
65 0 741710
65 1 741823
82 0 741907
82 1 742008
32 0 742087
32 1 742180
84 0 742283
84 1 742384
82 0 742678
82 1 742800
69 0 742898
69 1 742978
66 0 743128
66 1 743229
85 0 743403
85 1 743536
73 0 743656
73 1 743762
32 0 743976
32 1 744054
83 0 744267
83 1 744375
65 0 744408
32 0 744542
65 1 744547
32 1 744694
70 0 744706
70 1 744823
73 0 744926
69 0 745043
73 1 745053
69 1 745196
32 0 745257
32 1 745362
68 0 745443
68 1 745551
69 0 745637
69 1 745732
83 0 745870
83 1 745949
67 0 746062
67 1 746163
72 0 746200
72 1 746306
73 0 746491
73 1 746622
83 0 746705
83 1 746796
73 0 746851
73 1 746957
32 0 746985
32 1 747095
83 0 747196
83 1 747310
80 0 747382
80 1 747547
82 0 747605
82 1 747694
69 0 747770
69 1 747908
32 0 747986
78 0 748123
32 1 748128
78 1 748246
79 0 748375
79 1 748502
85 0 748607
85 1 748751
32 0 748780
32 1 748934
83 0 749056
83 1 749142
73 0 749249
73 1 749372
32 0 749403
32 1 749492
83 0 749814
83 1 749909
65 0 750188
65 1 750387
32 0 750462
32 1 750599
80 0 750671
80 1 750778
79 0 750869
79 1 750980
65 0 751015
65 1 751127
84 0 751229
84 1 751355
65 0 751395
65 1 751555
32 0 751571
32 1 751710
83 0 753181
83 1 753287
83 0 753313
65 0 753401
83 1 753444
65 1 753508
32 0 753729
32 1 753866
83 0 753909
83 1 754009
69 0 754188
69 1 754294
8 0 754390
8 1 754522
8 0 754585
8 1 754707
8 0 754836
8 1 754893
8 0 755108
8 1 755215
8 0 755239
8 1 755383
8 0 755473
8 1 755520
65 0 755598
65 1 755699
8 0 755930
8 1 756057
83 0 756086
83 1 756187
65 0 756221
65 1 756359
32 0 756386
32 1 756516
83 0 756542
83 1 756639
69 0 756762
69 1 756853
32 0 756943
32 1 757049
65 0 757166
65 1 757278
68 0 757396
68 1 757479
65 0 757526
80 0 757636
65 1 757641
80 1 757765
84 0 757842
84 1 757936
69 0 758247
69 1 758341
90 0 758499
90 1 758606
69 0 758758
69 1 758859
32 0 758932
32 1 759045
67 0 759112
67 1 759206
65 0 759231
65 1 759375
84 0 759484
84 1 759575
32 0 759605
32 1 759735
77 0 759779
77 1 759886
65 0 759936
65 1 760064
73 0 760094
73 1 760205
32 0 760268
32 1 760384
85 0 760414
85 1 760521
83 0 760636
83 1 760704
79 0 760806
79 1 760939
82 0 761008
82 1 761105
32 0 761199
32 1 761337
76 0 762709
76 1 762837
65 0 762895
65 1 763022
32 0 763074
32 1 763206
67 0 763318
67 1 763425
69 0 763474
69 1 763580
82 0 763650
73 0 763752
82 1 763772
73 1 763835
78 0 763997
78 1 764145
84 0 764180
84 1 764276
69 0 764382
69 1 764499
76 0 764574
76 1 764631
69 0 765130
69 1 765237
32 0 765318
32 1 765423
69 0 765581
69 1 765683
8 0 766509
8 1 766661
69 0 767807
69 1 767907
76 0 767968
76 1 768080
69 0 768090
69 1 768164
86 0 768262
86 1 768358
85 0 768504
85 1 768613
76 0 768769
76 1 768880
85 0 769016
85 1 769138
73 0 769290
73 1 769396
191 0 769743
191 1 769849
32 0 769865
32 1 770009
83 0 770032
83 1 770128
84 0 770265
84 1 770355
85 0 770466
85 1 770604
68 0 770660
68 1 770729
69 0 771365
69 1 771477
78 0 771553
78 1 771700
84 0 771795
84 1 771917
85 0 772390
85 1 772492
76 0 772579
76 1 772694
85 0 772710
85 1 772813
73 0 772867
73 1 772962
32 0 773004
32 1 773109
80 0 773149
80 1 773278
69 0 773338
69 1 773390
78 0 773586
78 1 773718
84 0 773766
84 1 773836
82 0 773930
82 1 774031
85 0 774067
85 1 774178
32 0 774234
32 1 774365
65 0 774423
65 1 774567
32 0 774628
32 1 774763
73 0 777684
73 1 777799
73 0 778790
73 1 778901
32 0 778994
32 1 779132
79 0 779141
79 1 779265
70 0 779295
70 1 779375
69 0 779503
69 1 779583
82 0 779664
82 1 779760
73 0 779806
73 1 779918
32 0 780020
32 1 780141
67 0 780560
67 1 780703
69 0 780799
69 1 780900
32 0 780972
32 1 781093
65 0 781139
65 1 781257
82 0 781381
82 1 781471
69 0 781579
69 1 781685
32 0 781729
32 1 781858
78 0 781902
78 1 782024
69 0 782040
69 1 782125
86 0 782254
86 1 782371
79 0 782381
79 1 782488
73 0 782577
73 1 782693
69 0 782750
69 1 782878
32 0 783111
32 1 783215
73 0 783351
73 1 783447
78 0 783608
78 1 783731
32 0 783814
32 1 783978
69 0 784124
69 1 784177
68 0 784293
68 1 784427
85 0 784514
85 1 784652
67 0 784691
67 1 784809
65 0 784875
65 1 784986
84 0 785202
84 1 785303
73 0 785395
73 1 785491
65 0 785567
65 1 785694
32 0 786005
32 1 786115
8 0 786669
8 1 786744
76 0 787099
76 1 787173
85 0 787712
85 1 787752
8 0 787965
8 1 788076
8 0 788210
8 1 788343
32 0 788453
32 1 788559
76 0 788692
76 1 788804
85 0 788982
85 1 789110
73 0 789216
73 1 789300
190 0 789591
190 1 789713
20 0 849468
20 1 849628
77 0 851874
77 1 852017
20 0 852052
20 1 852218
73 0 852254
73 1 852376
32 0 852381
83 0 852520
32 1 852530
83 1 852631
69 0 852720
69 1 852832
32 0 852867
32 1 853011
80 0 853027
65 0 853154
80 1 853170
65 1 853314
82 0 853432
82 1 853527
69 0 853610
69 1 853705
32 0 853761
32 1 853894
67 0 853987
67 1 854140
65 0 854237
65 1 854370
32 0 854426
32 1 854544
69 0 854789
69 1 854901
83 0 855193
83 1 855321
84 0 855653
84 1 855779
69 0 856000
69 1 856122
32 0 856206
32 1 856328
85 0 856576
85 1 856693
78 0 856859
78 1 857003
32 0 857119
32 1 857246
8 0 858891
8 1 859014
8 0 859736
8 1 859844
8 0 859933
8 1 860044
68 0 860122
68 1 860239
69 0 860270
69 1 860381
83 0 860483
83 1 860600
84 0 860802
84 1 860925
85 0 861369
85 1 861496
76 0 861739
76 1 861877
32 0 861959
32 1 862043
68 0 862312
68 1 862419
69 0 862513
69 1 862609
32 0 862638
32 1 862782
72 0 862845
72 1 862956
65 0 862996
65 1 863108
79 0 863318
79 1 863499
84 0 863617
84 1 863707
73 0 863774
73 1 863906
67 0 863989
67 1 864090
32 0 864171
32 1 864276
67 0 864388
67 1 864467
69 0 864607
69 1 864714
32 0 864821
32 1 864922
83 0 865023
83 1 865124
69 0 865232
69 1 865356
32 0 865423
32 1 865547
73 0 865613
73 1 865720
78 0 865882
78 1 865983
84 0 866038
84 1 866124
65 0 866282
65 1 866426
77 0 866528
77 1 866698
80 0 866864
80 1 866969
76 0 867090
76 1 867202
65 0 867325
65 1 867447
32 0 867513
32 1 867656
73 0 868148
73 1 868238
78 0 868441
78 1 868570
32 0 868625
32 1 868763
84 0 869042
84 1 869154
65 0 869182
65 1 869320
66 0 869460
66 1 869555
76 0 869788
76 1 869873
79 0 870024
79 1 870125
85 0 870325
85 1 870468
32 0 871338
32 1 871462
83 0 872518
83 1 872650
73 0 872711
73 1 872822
32 0 872902
32 1 873019
78 0 873102
78 1 873203
85 0 873353
85 1 873502
32 0 873567
32 1 873695
73 0 873750
73 1 873872
77 0 874061
77 1 874188
73 0 874295
73 1 874471
32 0 874536
32 1 874688
80 0 874744
80 1 874840
79 0 874938
84 0 875076
79 1 875081
84 1 875193
32 0 875228
32 1 875372
68 0 875453
68 1 875565
65 0 875581
65 1 875745
32 0 875775
32 1 875907
83 0 876065
83 1 876219
69 0 876356
69 1 876485
65 0 876545
65 1 876699
77 0 876768
77 1 876879
65 0 876922
65 1 877076
32 0 877114
32 1 877258
80 0 877443
80 1 877554
82 0 877626
82 1 877730
69 0 877802
69 1 877903
65 0 877952
32 0 878101
65 1 878107
32 1 878261
85 0 878307
85 1 878426
83 0 878532
83 1 878644
79 0 878725
79 1 878847
82 0 878912
82 1 879008
32 0 879034
32 1 879156
67 0 879287
67 1 879382
69 0 879517
69 1 879581
32 0 879658
32 1 879748
83 0 879892
83 1 879952
69 0 880068
69 1 880201
32 0 880243
32 1 880364
73 0 880455
73 1 880566
78 0 880707
78 1 880832
84 0 880905
84 1 881000
65 0 881165
65 1 881319
77 0 881357
77 1 881458
80 0 881639
80 1 881787
76 0 882104
76 1 882237
65 0 882305
65 1 882431
32 0 882579
32 1 882712
65 0 882884
65 1 882996
67 0 883088
67 1 883199
79 0 883360
79 1 883466
76 0 883611
76 1 883718
79 0 883811
79 1 883896
190 0 884297
190 1 884439
32 0 884445
32 1 884599
20 0 884692
20 1 884826
80 0 884908
80 1 885067
20 0 885079
20 1 885220
82 0 885356
82 1 885473
73 0 885528
73 1 885629
77 0 885740
77 1 885889
65 0 885913
65 1 886024
32 0 886035
32 1 886184
73 0 886270
73 1 886382
77 0 886481
77 1 886598
80 0 886745
80 1 886897
82 0 886947
82 1 887042
69 0 887158
69 1 887243
73 0 887396
73 1 887523
83 0 887566
83 1 887661
69 0 887787
69 1 887866
32 0 887967
32 1 888057
69 0 888202
69 1 888276
83 0 888379
83 1 888490
84 0 888640
84 1 888736
69 0 888874
69 1 888969
32 0 889069
32 1 889187
67 0 889446
67 1 889547
65 0 889689
65 1 889801
32 0 889882
32 1 890012
83 0 890391
83 1 890512
85 0 890655
85 1 890799
78 0 890911
78 1 891071
84 0 891114
84 1 891204
32 0 891277
32 1 891420
87 0 892107
87 1 892198
8 0 892656
8 1 892783
73 0 897496
73 1 897607
78 0 897754
78 1 897887
84 0 898043
84 1 898171
82 0 898276
82 1 898404
189 0 898910
189 1 899003
79 0 899235
79 1 899344
32 0 899398
32 1 899547
80 0 899558
80 1 899664
73 0 899805
73 1 899941
65 0 899989
65 1 900106
84 0 900154
84 1 900268
65 0 900335
32 0 900473
65 1 900479
32 1 900628
83 0 900666
83 1 900772
65 0 900795
65 1 900965
85 0 901022
85 1 901133
32 0 901144
32 1 901281
85 0 901293
85 1 901420
78 0 901533
32 0 901651
78 1 901656
32 1 901782
76 0 901864
76 1 901981
79 0 902071
79 1 902183
67 0 902238
67 1 902339
32 0 902399
32 1 902522
80 0 902550
80 1 902656
85 0 902885
85 1 903012
66 0 903074
66 1 903154
76 0 903260
76 1 903371
73 0 903525
73 1 903633
67 0 903690
67 1 903796
32 0 903863
32 1 903960
85 0 904172
85 1 904285
78 0 904428
78 1 904564
68 0 904595
68 1 904719
69 0 904842
69 1 904920
32 0 904997
32 1 905131
69 0 905159
69 1 905239
83 0 905351
83 1 905465
84 0 905626
84 1 905711
69 0 905831
69 1 905949
32 0 906002
32 1 906135
85 0 906359
85 1 906476
78 0 906652
78 1 906775
32 0 906826
32 1 906964
69 0 906980
69 1 907086
86 0 907210
86 1 907295
69 0 907453
69 1 907538
78 0 907608
78 1 907693
73 0 907838
73 1 907939
77 0 908076
77 1 908227
69 0 908291
69 1 908365
78 0 908586
78 1 908756
84 0 909062
84 1 909168
32 0 909269
32 1 909384
77 0 909902
77 1 910017
65 0 910060
65 1 910161
82 0 910278
82 1 910357
69 0 910451
69 1 910541
188 0 910618
188 1 910730
32 0 910754
32 1 910891
77 0 910975
77 1 911039
79 0 911174
79 1 911268
84 0 911339
84 1 911413
73 0 911513
73 1 911651
86 0 911753
86 1 911821
32 0 911950
32 1 912040
80 0 912785
80 1 912907
69 0 912951
69 1 913057
78 0 913216
78 1 913343
84 0 913396
84 1 913460
82 0 913552
82 1 913663
85 0 913694
32 0 913816
85 1 913827
32 1 913949
67 0 914082
67 1 914232
65 0 914289
65 1 914412
82 0 914505
82 1 914591
69 0 914682
69 1 914772
32 0 914824
32 1 914967
83 0 915022
83 1 915161
189 0 915301
189 1 915428
65 0 915471
65 1 915577
32 0 915630
32 1 915758
65 0 915768
65 1 915910
68 0 915915
68 1 916039
85 0 916167
85 1 916305
78 0 916483
78 1 916606
65 0 916644
65 1 916771
84 0 916851
84 1 916968
32 0 916978
32 1 917121
77 0 917209
77 1 917350
85 0 917588
85 1 917732
76 0 917909
76 1 918047
84 0 918071
84 1 918129
65 0 918386
65 1 918544
32 0 918610
32 1 918758
76 0 918793
76 1 918931
85 0 919222
85 1 919354
77 0 919536
77 1 919664
69 0 919766
69 1 919861
32 0 920242
32 1 920377
65 0 920444
65 1 920561
67 0 920640
67 1 920739
79 0 920864
79 1 920970
76 0 921133
76 1 921223
79 0 921321
79 1 921433
190 0 921902
190 1 922026
32 0 922309
32 1 922392
20 0 923279
20 1 923485
80 0 925616
20 0 925718
80 1 925735
20 1 925863
69 0 925933
69 1 926023
82 0 926104
82 1 926178
83 0 926314
83 1 926428
79 0 926464
79 1 926560
78 0 926706
78 1 926823
65 0 926879
65 1 927007
76 0 927052
76 1 927168
188 0 927384
188 1 927501
32 0 927765
32 1 927851
77 0 927991
77 1 928090
73 0 928239
73 1 928382
32 0 928451
32 1 928571
83 0 928596
83 1 928703
69 0 928787
69 1 928909
32 0 928961
32 1 929082
80 0 929219
80 1 929341
65 0 929467
65 1 929591
82 0 929758
82 1 929885
69 0 930065
69 1 930143
32 0 930210
32 1 930354
67 0 930421
67 1 930527
65 0 930555
65 1 930704
32 0 930720
32 1 930858
77 0 930899
77 1 931005
79 0 931041
79 1 931179
83 0 931374
83 1 931511
85 0 931517
85 1 931655
187 0 931951
187 1 932019
8 0 932112
8 1 932197
68 0 932907
68 1 933019
8 0 933357
8 1 933468
8 0 933533
8 1 933634
8 0 933703
8 1 933799
68 0 934154
68 1 934261
85 0 934459
85 1 934549
76 0 934616
76 1 934712
32 0 934723
32 1 934843
73 0 934899
73 1 935032
78 0 935237
78 1 935305
32 0 935599
32 1 935663
67 0 935777
67 1 935867
65 0 935902
65 1 936020
82 0 936117
82 1 936207
69 0 936275
69 1 936392
32 0 936448
32 1 936580
83 0 936617
83 1 936716
69 0 936815
69 1 936937
32 0 936953
32 1 937080
84 0 937196
84 1 937279
82 0 937346
82 1 937437
73 0 937513
73 1 937646
65 0 937700
65 1 937807
32 0 938088
32 1 938231
8 0 938594
8 1 938688
8 0 938771
8 1 938850
8 0 938985
8 1 939075
65 0 939218
65 1 939321
73 0 939646
73 1 939763
65 0 939813
65 1 939924
32 0 939955
32 1 940086
80 0 940102
69 0 940221
80 1 940230
69 1 940332
32 0 940372
32 1 940508
65 0 940514
65 1 940622
84 0 940745
84 1 940839
85 0 940960
85 1 941041
78 0 941991
78 1 942060
73 0 942256
73 1 942378
67 0 942514
67 1 942594
8 0 942952
8 1 943075
8 0 943139
8 1 943230
67 0 943315
67 1 943432
73 0 943538
32 0 943650
73 1 943660
32 1 943794
69 0 943827
69 1 943922
83 0 944061
83 1 944147
84 0 944339
84 1 944434
69 0 944543
69 1 944644
32 0 944682
32 1 944807
77 0 944861
77 1 945005
65 0 945094
65 1 945216
73 0 945277
73 1 945378
32 0 945413
32 1 945541
76 0 945557
76 1 945700
69 0 945753
69 1 945881
74 0 945936
69 0 946042
74 1 946068
69 1 946143
82 0 946211
82 1 946317
188 0 946458
188 1 946569
32 0 946624
32 1 946723
80 0 946807
80 1 946961
69 0 947030
69 1 947136
78 0 947210
84 0 947391
78 1 947412
84 1 947455
82 0 947537
82 1 947654
85 0 947691
85 1 947829
32 0 947876
32 1 947976
67 0 948069
67 1 948159
65 0 948236
65 1 948358
32 0 948462
32 1 948551
78 0 950746
78 1 950861
85 0 950917
85 1 951020
32 0 951076
32 1 951196
69 0 951540
69 1 951629
88 0 951772
88 1 951868
73 0 952114
73 1 952182
83 0 952425
83 1 952515
84 0 952715
84 1 952788
65 0 952838
65 1 952961
85 0 953110
85 1 953211
32 0 953267
32 1 953383
65 0 953482
65 1 953620
84 0 953723
84 1 953823
65 0 953876
65 1 954012
84 0 954981
84 1 955103
69 0 955441
69 1 955569
65 0 955649
65 1 955814
32 0 955849
32 1 956014
87 0 958277
87 1 958399
8 0 959446
8 1 959586
8 0 964947
8 1 965048
8 0 965173
8 0 965697
8 0 965734
8 0 965771
8 0 965809
8 0 965845
8 1 965898
8 0 966076
8 1 966204
8 0 966552
8 1 966675
32 0 966760
32 1 966883
84 0 968252
84 1 968348
69 0 968788
69 1 968895
72 0 969036
72 1 969156
78 0 969209
78 1 969315
79 0 969680
79 1 969818
76 0 969980
76 1 970102
79 0 970199
79 1 970327
71 0 970403
71 1 970504
73 0 970543
73 1 970681
69 0 970750
69 1 970872
32 0 970914
32 1 971051
83 0 971119
83 1 971241
73 0 971258
73 1 971385
32 0 971401
32 1 971566
80 0 971826
80 1 971953
8 0 972161
8 1 972352
79 0 972683
79 1 972800
65 0 972844
65 1 972961
77 0 973012
77 1 973145
69 0 973221
69 1 973300
78 0 973352
78 1 973459
73 0 973596
73 1 973723
73 0 973794
73 1 973868
32 0 973979
32 1 974073
80 0 974188
80 1 974332
69 0 974337
69 1 974449
84 0 974573
84 1 974669
82 0 974752
82 1 974847
69 0 974939
69 1 975029
67 0 975180
67 1 975254
69 0 975370
69 1 975445
65 0 975550
65 1 975692
85 0 975703
85 1 975809
32 0 975853
32 1 975994
77 0 976045
77 1 976162
65 0 976191
65 1 976335
73 0 976435
73 1 976536
32 0 976670
32 1 976754
77 0 976866
77 1 976999
85 0 977200
85 1 977318
76 0 977496
76 1 977666
84 0 977742
84 1 977843
32 0 977898
32 1 978009
84 0 978095
73 0 978226
84 1 978231
73 1 978348
77 0 978478
77 1 978596
80 0 978720
80 1 978879
32 0 978912
32 1 979011
85 0 979204
85 1 979337
78 0 979530
78 1 979668
85 0 979711
85 1 979834
76 0 979971
76 1 980109
32 0 980248
32 1 980365
67 0 980422
67 1 980570
85 0 980726
32 0 980865
85 1 980870
32 1 981014
65 0 981029
65 1 981168
76 0 981213
76 1 981350
84 0 981366
84 1 981483
85 0 981665
85 1 981787
76 0 981989
76 1 982134
190 0 983751
190 1 983841
20 0 991922
20 1 992073
80 0 992480
80 1 992634
20 0 992665
20 1 992800
82 0 992899
82 1 993005
79 0 993091
79 1 993229
66 0 993266
66 1 993390
65 0 993504
65 1 993631
66 0 993729
66 1 993840
73 0 993945
73 1 994073
76 0 994829
32 0 994972
76 1 994978
32 1 995142
67 0 995608
67 1 995751
65 0 995881
65 1 996014
32 0 996079
32 1 996221
65 0 996640
65 1 996768
83 0 996833
83 1 996923
187 0 997233
187 1 997361
8 0 997553
8 1 997650
8 0 997729
8 1 997830
67 0 997901
67 1 997981
69 0 998084
69 1 998181
83 0 998309
83 1 998410
84 0 998589
84 1 998690
32 0 998772
32 1 998881
76 0 999011
76 1 999097
85 0 999362
85 1 999482
67 0 999506
67 1 999580
82 0 999714
82 1 999784
85 0 999862
85 1 999963
32 0 1000006
32 1 1000111
80 0 1000298
80 1 1000420
82 0 1000464
82 1 1000559
79 0 1000652
79 1 1000790
86 0 1001036
86 1 1001148
73 0 1001189
73 1 1001301
78 0 1001412
69 0 1001539
78 1 1001560
69 1 1001667
32 0 1001697
83 0 1001841
32 1 1001846
73 0 1001932
83 1 1001963
32 0 1002053
73 1 1002080
32 1 1002174
68 0 1002224
73 0 1002336
68 1 1002342
73 1 1002426
78 0 1002560
78 1 1002703
32 0 1002719
32 1 1002856
70 0 1002872
65 0 1002985
70 1 1003001
80 0 1003123
65 1 1003129
80 1 1003288
84 0 1003316
84 1 1003438
85 0 1003594
85 1 1003711
76 0 1003851
76 1 1003984
32 0 1004019
32 1 1004134
67 0 1004172
67 1 1004296
65 0 1004353
65 1 1004502
32 0 1004569
32 1 1004695
73 0 1005621
73 1 1005765
77 0 1005900
77 1 1005997
73 0 1006100
73 1 1006196
32 0 1006314
32 1 1006452
80 0 1006499
80 1 1006621
76 0 1006755
65 0 1006861
76 1 1006872
65 1 1006984
67 0 1007055
67 1 1007167
69 0 1007212
69 1 1007350
32 0 1007387
32 1 1007504
70 0 1007609
70 1 1007710
79 0 1007829
79 1 1007956
65 0 1008011
65 1 1008112
82 0 1008187
82 1 1008288
84 0 1008353
84 1 1008444
69 0 1008579
69 1 1008649
32 0 1008673
32 1 1008799
77 0 1008815
77 1 1008944
85 0 1008997
85 1 1009082
76 0 1009179
76 1 1009296
84 0 1009340
84 1 1009436
32 0 1009471
32 1 1009591
80 0 1010161
80 1 1010305
69 0 1010360
69 1 1010440
82 0 1010542
82 1 1010653
73 0 1010698
73 1 1010798
79 0 1010889
79 1 1010989
65 0 1011068
65 1 1011207
68 0 1011316
68 1 1011390
65 0 1011582
65 1 1011724
32 0 1013808
32 1 1013950
77 0 1015066
77 1 1015194
69 0 1015246
69 1 1015337
68 0 1015439
68 1 1015549
73 0 1015626
69 0 1015743
73 1 1015749
69 1 1015806
86 0 1017007
86 1 1017113
65 0 1017219
65 1 1017336
76 0 1017372
76 1 1017505
32 0 1017821
32 1 1017952
8 0 1018143
8 1 1018308
65 0 1018362
65 1 1018474
32 0 1018490
32 1 1018627
83 0 1018704
83 1 1018783
65 0 1018859
65 1 1018981
85 0 1019450
85 1 1019556
32 0 1019594
32 1 1019720
68 0 1021219
68 1 1021326
73 0 1021375
73 1 1021492
78 0 1021593
78 1 1021693
32 0 1021719
32 1 1021845
73 0 1021880
73 1 1021998
83 0 1022022
83 1 1022118
84 0 1022258
84 1 1022359
79 0 1022415
79 1 1022537
82 0 1022575
82 1 1022654
73 0 1022729
73 1 1022856
65 0 1022881
65 1 1023003
32 0 1023049
65 0 1023170
32 1 1023180
65 1 1023283
78 0 1023470
78 1 1023603
84 0 1023658
84 1 1023773
73 0 1023809
73 1 1023900
67 0 1023988
67 1 1024083
65 0 1024204
65 1 1024316
190 0 1027613
190 1 1027730
