16 0 166466
65 0 166649
16 1 166758
65 1 166802
78 0 166940
78 1 167028
79 0 167393
79 1 167480
84 0 167705
84 1 167801
73 0 167856
73 1 167915
77 0 168043
77 1 168100
80 0 168712
80 1 168782
85 0 168885
85 1 168950
76 0 169096
76 1 169207
32 0 169251
32 1 169467
77 0 171104
77 1 171191
69 0 171296
69 1 171372
85 0 171463
85 1 171558
32 0 171606
32 1 171726
80 0 173165
80 1 173233
82 0 173651
82 1 173702
69 0 173825
69 1 173948
70 0 174075
70 1 174184
69 0 174217
69 1 174293
82 0 174413
82 1 174468
84 0 174757
84 1 174845
8 0 175330
8 1 175422
65 0 175491
65 1 175623
84 0 175696
84 1 175785
32 0 175843
32 1 175965
8 0 176597
8 1 176655
8 0 176746
8 1 176819
8 0 176879
8 1 176947
8 0 176998
8 1 177073
8 0 177117
8 1 177192
8 0 177240
8 1 177320
8 0 177360
8 1 177464
69 0 178210
69 1 178294
70 0 178605
70 1 178717
69 0 178773
69 1 178859
82 0 179017
82 1 179096
65 0 179190
65 1 179298
84 0 179340
84 1 179424
32 0 179504
32 1 179632
69 0 189036
69 1 189135
83 0 189391
83 1 189487
84 0 189619
84 1 189815
69 0 190095
69 1 190222
32 0 190348
32 1 190592
73 0 191077
73 1 191233
65 0 191320
65 1 191448
82 0 191660
82 1 191721
78 0 191806
78 1 191897
65 0 191979
65 1 192086
32 0 192190
32 1 192357
8 0 193020
8 1 193134
188 0 193532
188 1 193691
32 0 193730
65 0 193954
32 1 194005
65 1 194041
68 0 194195
68 1 194261
77 0 194332
77 1 194400
73 0 194532
73 1 194587
82 0 194668
82 1 194751
32 0 194879
32 1 195083
70 0 198035
70 1 198106
82 0 198250
82 1 198325
85 0 198442
85 1 198505
77 0 198679
77 1 198772
85 0 198878
85 1 198946
83 0 199138
83 1 199206
69 0 199324
69 1 199395
84 0 199553
84 1 199672
69 0 202368
69 1 202455
65 0 202738
65 1 202903
32 0 203559
32 1 203703
65 0 205286
65 1 205354
76 0 205464
76 1 205520
66 0 205787
66 1 205870
85 0 206037
85 1 206092
76 0 206222
76 1 206317
85 0 206403
85 1 206470
73 0 206568
32 0 206692
73 1 206713
32 1 206831
90 0 208348
90 1 208408
65 0 208533
65 1 208648
80 0 208717
80 1 208821
69 0 208885
69 1 208946
90 0 209348
90 1 209436
73 0 209552
73 1 209615
73 0 209673
73 1 209777
188 0 210662
188 1 210773
32 0 210857
32 1 211057
82 0 211158
82 1 211241
69 0 211355
69 1 211451
67 0 211507
67 1 211570
69 0 211607
69 1 211670
76 0 211818
76 1 211917
69 0 212001
69 1 212136
32 0 212249
32 1 212532
83 0 212735
83 1 212855
73 0 212965
73 1 213119
32 0 213181
32 1 213397
70 0 216187
70 1 216359
79 0 216371
79 1 216449
67 0 216490
67 1 216581
85 0 217054
85 1 217112
76 0 217273
76 1 217397
32 0 217444
32 1 217629
68 0 230832
68 1 230898
69 0 231006
69 1 231102
32 0 231147
32 1 231270
83 0 231283
83 1 231394
79 0 231444
79 1 231516
66 0 231680
66 1 231767
65 0 231826
65 1 231913
32 0 231958
32 1 232069
86 0 233826
86 1 233917
69 0 233977
69 1 234080
67 0 234105
67 1 234168
72 0 234295
72 1 234394
69 0 234447
69 1 234546
32 0 234574
32 1 234726
67 0 238042
67 1 238109
85 0 238267
32 0 238388
85 1 238405
32 1 238599
65 0 238855
65 1 238974
82 0 239234
82 1 239297
79 0 239427
79 1 239478
77 0 239630
77 1 239743
65 0 240754
65 1 240929
32 0 241066
32 1 241285
68 0 241374
68 1 241482
69 0 241561
69 1 241689
32 0 241692
32 1 241845
73 0 241981
73 1 242120
65 0 242279
65 1 242379
82 0 242580
82 1 242631
78 0 242756
78 1 242823
65 0 244052
65 1 244147
32 0 244237
32 1 244394
68 0 244486
68 1 244546
73 0 244678
73 1 244753
78 0 244870
78 1 245009
32 0 245022
32 1 245382
8 0 249627
8 1 249730
8 0 249850
8 1 249906
78 0 250713
78 1 250845
32 0 250869
32 1 250952
80 0 251004
80 1 251064
65 0 251140
65 1 251203
67 0 251271
67 1 251335
65 0 251400
65 1 251459
84 0 251534
84 1 251613
69 0 251706
69 1 251773
32 0 251859
32 1 251959
84 0 253515
84 1 253607
82 0 253714
82 1 253769
73 0 253874
73 1 253937
83 0 253998
83 1 254093
84 0 254184
84 1 254290
32 0 254986
32 1 255301
67 0 258000
67 1 258088
79 0 258206
79 1 258289
78 0 258444
78 1 258536
83 0 259027
83 1 259143
84 0 259275
84 1 259367
65 0 259435
65 1 259518
84 0 259670
84 1 259749
32 0 260326
32 1 260610
80 0 260979
80 1 261066
69 0 261147
69 1 261234
32 0 261303
32 1 261414
65 0 261628
65 1 261719
78 0 261853
78 1 262021
32 0 262055
32 1 262267
67 0 262442
67 1 262521
69 0 262607
69 1 262698
32 0 262867
32 1 263159
84 0 264011
84 1 264099
82 0 264157
82 1 264229
69 0 264334
69 1 264429
67 0 264472
67 1 264567
69 0 264699
69 1 264802
32 0 264924
32 1 265304
65 0 265866
65 1 265966
67 0 266076
67 1 266175
69 0 266246
69 1 266337
83 0 266490
83 1 266566
84 0 266734
84 1 266818
65 0 267126
65 1 267266
32 0 267336
32 1 267519
66 0 268636
66 1 268824
85 0 268963
85 1 269078
67 0 269260
67 1 269380
85 0 269660
85 1 269744
82 0 269846
82 1 269926
73 0 270046
73 1 270115
69 0 270245
69 1 270314
32 0 270432
32 1 270547
69 0 273540
69 1 273611
83 0 273739
83 1 273798
84 0 273933
84 1 274033
69 0 274176
69 1 274297
32 0 274433
32 1 274676
85 0 275153
85 1 275216
83 0 275729
83 1 275809
79 0 275912
79 1 275975
82 0 276104
82 1 276168
32 0 276386
32 1 276558
68 0 277245
68 1 277312
69 0 277439
69 1 277507
67 0 277650
67 1 277725
65 0 277821
65 1 277896
76 0 277998
76 1 278062
65 0 278120
65 1 278184
84 0 278310
84 1 278401
65 0 278666
65 1 278794
32 0 278959
32 1 279102
70 0 279614
70 1 279706
65 0 279756
65 1 279839
84 0 279914
84 1 279998
65 0 280096
65 1 280179
32 0 280320
32 1 280440
68 0 280557
68 1 280621
69 0 280778
69 1 280890
32 0 280959
32 1 281179
70 0 281597
70 1 281685
82 0 283309
82 1 283401
85 0 284095
85 1 284166
77 0 284428
77 1 284604
79 0 284728
79 1 284844
65 0 284995
65 1 285072
83 0 285233
83 1 285306
69 0 285408
69 1 285481
76 0 285659
76 1 285708
69 0 285824
69 1 285933
32 0 286161
32 1 286437
83 0 286831
83 1 286873
65 0 287004
65 1 287100
82 0 287206
82 1 287273
65 0 287366
65 1 287438
66 0 287530
66 1 287606
65 0 287629
65 1 287705
84 0 287790
84 1 287858
79 0 287998
79 1 288081
82 0 288174
82 1 288245
73 0 288359
73 1 288474
32 0 288531
32 1 288639
68 0 288780
68 1 288837
69 0 288958
69 1 289073
32 0 289263
32 1 289498
73 0 290009
73 1 290100
65 0 290163
65 1 290231
82 0 290407
82 1 290467
78 0 290558
78 1 290633
65 0 290761
65 1 290845
32 0 290990
32 1 291054
8 0 291742
8 1 291783
190 0 292039
190 1 292151
32 0 292199
32 1 292331
16 0 292444
65 0 292677
16 1 292741
65 1 292805
78 0 292878
78 1 292962
85 0 293065
85 1 293129
76 0 293268
76 1 293356
32 0 293440
32 1 293564
65 0 294015
65 1 294099
67 0 294179
67 1 294263
69 0 294296
69 1 294352
83 0 294463
83 1 294539
84 0 294617
84 1 294713
65 0 294784
65 1 294856
32 0 294931
32 1 295027
65 0 296936
65 1 297052
77 0 297169
77 1 297257
32 0 297346
32 1 297550
65 0 297610
65 1 297702
86 0 297862
86 1 297898
85 0 298059
85 1 298139
84 0 298248
84 1 298328
32 0 298389
32 1 298481
80 0 298599
80 1 298655
82 0 298841
82 1 298901
73 0 299016
73 1 299077
86 0 299310
86 1 299386
73 0 299615
73 1 299671
76 0 299852
76 1 299948
69 0 300049
69 1 300121
71 0 300219
71 1 300275
73 0 300455
73 1 300523
85 0 301036
85 1 301112
76 0 301327
76 1 301423
32 0 301807
32 1 301983
83 0 302926
83 1 302981
65 0 303118
65 1 303220
32 0 303221
32 1 303330
73 0 303390
73 1 303438
77 0 303554
77 1 303638
73 0 303745
73 1 303837
32 0 303870
32 1 303962
80 0 315848
80 1 315943
69 0 316109
69 1 316226
84 0 316362
84 1 316430
82 0 316617
82 1 316697
69 0 316800
69 1 316924
67 0 317020
67 1 317123
32 0 317327
32 1 317582
79 0 322766
79 1 322854
32 0 322900
32 1 322988
80 0 323014
80 1 323087
65 0 323303
65 1 323435
82 0 323443
82 1 323551
84 0 323625
84 1 323748
69 0 323781
69 1 323909
32 0 323957
32 1 324141
68 0 348709
68 1 348804
73 0 348843
73 1 348910
78 0 349030
78 1 349170
32 0 349199
32 1 349339
83 0 349380
83 1 349444
65 0 349581
65 1 349681
82 0 349755
82 1 349823
66 0 349944
66 1 350044
65 0 350086
65 1 350210
84 0 350247
84 1 350319
79 0 350437
79 1 350550
82 0 350588
82 1 350674
73 0 350723
73 1 350784
76 0 350899
76 1 351008
69 0 351066
69 1 351191
32 0 351203
32 1 351370
68 0 351562
68 1 351697
69 0 351870
69 1 352022
32 0 352060
32 1 352357
79 0 353733
79 1 353777
8 0 354091
8 1 354151
73 0 354280
73 1 354388
65 0 354444
65 1 354560
82 0 354619
82 1 354683
78 0 354921
78 1 355053
65 0 355318
65 1 355450
32 0 355607
32 1 355844
73 0 356103
73 1 356162
78 0 356283
78 1 356395
32 0 356420
32 1 356520
77 0 356568
77 1 356676
85 0 356779
85 1 356843
78 0 356995
78 1 357055
84 0 357265
84 1 357316
73 0 357493
73 1 357557
73 0 357606
73 1 357718
32 0 357768
32 1 357904
16 0 357933
70 0 358148
70 1 358212
16 1 358245
65 0 358454
65 1 358554
71 0 358689
71 1 358765
65 0 358789
65 1 358865
82 0 358956
82 1 359040
65 0 359102
65 1 359174
83 0 360129
83 1 360257
32 0 360396
32 1 360616
85 0 360845
85 1 360913
78 0 361032
78 1 361124
68 0 361141
68 1 361233
69 0 361344
69 1 361436
32 0 361542
32 1 361790
65 0 361894
65 1 362029
77 0 362055
77 1 362211
32 0 362219
32 1 362395
83 0 363412
83 1 363484
73 0 363580
73 1 363628
77 0 363756
77 1 363856
84 0 364020
84 1 364088
73 0 364195
73 1 364276
84 0 364372
84 1 364469
32 0 364531
32 1 364643
82 0 366739
82 1 366830
69 0 366869
69 1 366961
67 0 367040
67 1 367104
69 0 367180
69 1 367252
76 0 367359
76 1 367403
69 0 367492
69 1 367584
32 0 367675
32 1 367883
77 0 370658
77 1 370781
85 0 370889
85 1 370961
78 0 371079
78 1 371163
84 0 371261
84 1 371329
69 0 371415
69 1 371503
76 0 371558
76 1 371638
85 0 371749
85 1 371791
73 0 371909
73 1 372039
32 0 372048
32 1 372192
73 0 374450
73 1 374495
78 0 374666
78 1 374722
65 0 374798
65 1 374910
76 0 374927
76 1 374983
84 0 375196
84 1 375237
32 0 375551
32 1 375719
68 0 376158
68 1 376242
65 0 376284
65 1 376400
82 0 376467
82 1 376574
32 0 376635
32 1 376796
78 0 377901
78 1 377973
85 0 378095
85 1 378218
32 0 378231
32 1 378367
77 0 378632
77 1 378680
189 0 379203
189 1 379263
65 0 379413
65 1 379533
77 0 379772
77 1 379939
32 0 380353
32 1 380536
66 0 383202
66 1 383273
85 0 383558
85 1 383610
67 0 383895
67 1 383959
85 0 384089
85 1 384185
82 0 384277
82 1 384353
65 0 384433
65 1 384549
84 0 384601
84 1 384725
32 0 384737
32 1 384909
68 0 385200
68 1 385344
69 0 385464
69 1 385563
32 0 385678
32 1 385858
65 0 385957
65 1 386101
76 0 386160
76 1 386232
66 0 386424
66 1 386512
85 0 386647
85 1 386687
76 0 386781
76 1 386925
32 0 386949
32 1 387121
90 0 387519
90 1 387587
65 0 387742
65 1 387839
80 0 388023
80 1 388131
69 0 388257
69 1 388320
90 0 388578
90 1 388674
73 0 388824
73 1 388874
73 0 388939
73 1 389049
32 0 389096
32 1 389272
73 0 392199
73 1 392259
78 0 392432
78 1 392560
83 0 392845
83 1 392909
65 0 393053
65 1 393189
32 0 393295
32 1 393642
65 0 394298
65 1 394426
77 0 394468
77 1 394600
32 0 394650
32 1 394925
66 0 395458
66 1 395541
69 0 395623
69 1 395706
78 0 395761
78 1 395841
69 0 395902
69 1 395982
70 0 396076
70 1 396124
73 0 396371
73 1 396427
67 0 396545
67 1 396613
73 0 396695
73 1 396751
65 0 396851
65 1 396959
84 0 397031
84 1 397147
32 0 397257
32 1 397397
68 0 398525
68 1 398593
69 0 398717
69 1 398817
32 0 398859
32 1 398955
67 0 399077
67 1 399161
65 0 399242
65 1 399378
84 0 399502
84 1 399589
69 0 399857
69 1 399973
86 0 400084
86 1 400160
65 0 400336
65 1 400447
32 0 400534
32 1 400630
90 0 401869
90 1 402013
73 0 402058
73 1 402110
76 0 402251
76 1 402343
69 0 402439
69 1 402591
32 0 402685
32 1 402897
73 0 403281
73 1 403341
78 0 403474
78 1 403562
68 0 403739
68 1 403784
8 0 404109
8 1 404218
83 0 404301
83 1 404401
79 0 404423
79 1 404493
82 0 404667
82 1 404743
73 0 404811
73 1 404853
84 0 405032
84 1 405100
69 0 405171
69 1 405279
32 0 405324
32 1 405464
67 0 407341
67 1 407431
85 0 407527
85 1 407643
32 0 407655
32 1 407803
65 0 407917
65 1 408001
82 0 408229
82 1 408309
79 0 408407
79 1 408463
77 0 408854
77 1 408953
65 0 409097
65 1 409229
32 0 409337
32 1 409549
68 0 410268
68 1 410364
69 0 410517
69 1 410585
32 0 410677
32 1 410805
80 0 410939
80 1 411022
82 0 411164
82 1 411248
73 0 411317
73 1 411369
77 0 411538
77 1 411610
65 0 411699
65 1 411791
86 0 412027
86 1 412115
65 0 412144
65 1 412216
82 0 412344
82 1 412432
65 0 412497
65 1 412568
32 0 412692
32 1 412780
8 0 413155
8 1 413275
188 0 413648
188 1 413764
32 0 413819
32 1 414084
8 0 422323
8 1 422435
8 0 422528
8 1 422639
32 0 422883
32 1 423039
68 0 423145
68 1 423249
65 0 423274
65 1 423394
82 0 423397
82 1 423490
32 0 423505
32 1 423661
65 0 424243
65 1 424343
83 0 424520
83 1 424576
84 0 424657
84 1 424747
65 0 424804
65 1 424859
90 0 424975
90 1 425058
73 0 425120
73 1 425213
32 0 425276
83 0 425340
32 1 425384
83 1 425468
85 0 425471
85 1 425535
78 0 425656
78 1 425755
84 0 425864
84 1 425967
32 0 426005
32 1 426109
70 0 426176
70 1 426271
69 0 426368
69 1 426443
82 0 426596
82 1 426679
73 0 426737
73 1 426804
67 0 426857
67 1 426948
73 0 427039
73 1 427102
84 0 427171
84 1 427263
32 0 427318
32 1 427454
16 0 427561
32 0 427944
32 1 428107
8 0 428564
8 1 428727
49 0 428940
49 1 429059
32 0 429104
32 1 429275
16 1 429409
16 0 429647
76 0 429920
16 1 430016
76 1 430063
65 0 430261
65 1 430381
32 0 430411
32 1 430599
8 0 430768
8 1 430823
8 0 430903
8 1 430983
8 0 431057
8 1 431156
8 0 434792
8 1 434891
8 0 434972
8 1 435080
8 0 435136
8 1 435187
32 0 435518
32 1 435653
16 0 435844
16 1 436328
76 0 436490
76 1 436613
65 0 436640
32 0 436744
65 1 436768
32 1 436984
84 0 437940
84 1 438096
16 0 438282
16 1 438379
8 0 438551
8 1 438614
16 0 439101
84 0 439272
84 1 439388
16 1 439417
73 0 439872
73 1 439928
77 0 440070
77 1 440174
73 0 440241
73 1 440304
83 0 440389
83 1 440484
79 0 440512
79 1 440565
65 0 440641
65 1 440713
82 0 440797
82 1 440877
65 0 440909
65 1 441004
32 0 441090
32 1 441254
78 0 441863
78 1 441935
73 0 442063
73 1 442119
78 0 442243
78 1 442311
71 0 442442
71 1 442517
69 0 442596
69 1 442660
32 0 442718
32 1 442821
76 0 446065
76 1 446103
73 0 446765
73 1 446806
78 0 447250
78 1 447302
73 0 447487
73 1 447547
83 0 448040
83 1 448115
73 0 448238
73 1 448311
84 0 448504
84 1 448593
32 0 448642
32 1 448826
8 0 449207
8 1 449366
188 0 449856
188 1 449972
32 0 450011
32 1 450175
76 0 451837
76 1 451921
73 0 452037
73 1 452089
78 0 452231
78 1 452315
32 0 452384
32 1 452524
8 0 452653
8 1 452729
188 0 452969
188 1 453048
32 0 453116
32 1 453251
70 0 455506
70 1 455622
82 0 455753
82 1 455845
85 0 455971
85 1 456027
77 0 456175
77 1 456263
79 0 456339
79 1 456411
83 0 456485
83 1 456588
32 0 456641
32 1 456749
77 0 458473
77 1 458516
189 0 460525
189 1 460581
65 0 461275
65 1 461379
32 0 461521
32 1 461637
8 0 465974
8 1 466105
8 0 466198
8 1 466285
65 0 467241
65 1 467358
77 0 467412
77 1 467571
32 0 467584
32 1 467836
66 0 468287
66 1 468351
85 0 468540
85 1 468620
67 0 468859
67 1 468931
85 0 469086
85 1 469170
82 0 469305
82 1 469380
65 0 469475
84 0 469595
65 1 469605
84 1 469703
32 0 469707
32 1 469783
67 0 469877
67 1 469948
65 0 469981
65 1 470108
32 0 470155
32 1 470242
85 0 470328
85 1 470392
78 0 470529
78 1 470633
32 0 470694
32 1 470822
8 0 471283
8 1 471379
8 0 471468
8 1 471552
8 0 471643
8 1 471715
8 0 471828
8 1 471883
8 0 472001
8 1 472065
8 0 472520
8 1 472615
80 0 473543
80 1 473598
82 0 473699
82 1 473788
69 0 473862
69 1 473945
67 0 474106
67 1 474180
85 0 474249
85 1 474278
77 0 474431
77 1 474557
32 0 474605
32 1 474717
85 0 474855
85 1 474895
78 0 475033
78 1 475132
32 0 475199
32 1 475426
67 0 475644
67 1 475736
79 0 475873
79 1 475929
80 0 476141
80 1 476229
73 0 476513
73 1 476584
76 0 476710
76 1 476833
32 0 476875
32 1 477071
77 0 477648
77 1 477711
73 0 477846
73 1 477918
67 0 478064
67 1 478132
32 0 478222
32 1 478338
8 0 480198
8 1 480313
8 0 480386
8 1 480486
8 0 480550
8 1 480649
8 0 480716
8 1 480823
68 0 485504
68 1 485591
69 0 485770
69 1 485900
32 0 486089
32 1 486232
65 0 486639
65 1 486727
67 0 486808
67 1 486891
69 0 486917
69 1 486972
83 0 487088
83 1 487200
84 0 487204
84 1 487324
32 0 487350
32 1 487450
69 0 487520
69 1 487623
86 0 487880
86 1 488019
69 0 488155
69 1 488267
78 0 488546
78 1 488622
73 0 488790
73 1 488841
77 0 488964
77 1 489029
69 0 489128
69 1 489240
78 0 489244
78 1 489317
84 0 489473
84 1 489578
32 0 489618
32 1 489737
73 0 492512
85 0 492540
85 1 492552
73 1 492556
78 0 492754
78 1 492837
8 0 493229
8 1 493289
8 0 493362
8 1 493473
78 0 494074
78 1 494206
69 0 494532
69 1 494616
68 0 494753
68 1 494844
73 0 494944
73 1 495011
84 0 495177
84 1 495320
32 0 495376
32 1 495516
8 0 495897
8 1 496021
190 0 500134
190 1 500165
32 0 500406
32 1 500566
16 0 500946
77 0 501277
16 1 501390
77 1 501429
73 0 501584
73 1 501664
189 0 501979
189 1 502047
65 0 502159
65 1 502327
82 0 502406
82 1 502501
32 0 502601
32 1 502733
80 0 504272
80 1 504343
76 0 504495
76 1 504603
65 0 504687
65 1 504815
67 0 504850
67 1 504925
69 0 505034
69 1 505094
65 0 505292
65 1 505435
32 0 505508
32 1 505620
83 0 507158
83 1 507229
65 0 507377
65 1 507493
32 0 507497
32 1 507633
73 0 507683
73 1 507775
69 0 507860
69 1 507919
83 0 508056
83 1 508196
32 0 508248
32 1 508336
68 0 510448
68 1 510531
73 0 510624
73 1 510684
78 0 510821
78 1 510953
32 0 510973
32 1 511049
67 0 511188
67 1 511244
65 0 511286
65 1 511374
83 0 511468
83 1 511544
65 0 511610
65 1 511690
32 0 511796
32 1 511880
83 0 523836
83 1 523895
65 0 524041
65 1 524116
32 0 524197
32 1 524337
65 0 524379
65 1 524463
68 0 524601
68 1 524665
77 0 524778
77 1 524834
73 0 524958
73 1 525014
82 0 525141
82 1 525241
32 0 525371
32 1 525591
70 0 527936
70 1 528064
82 0 528493
82 1 528577
85 0 528654
85 1 528718
77 0 528847
77 1 528955
79 0 529004
79 1 529098
83 0 529218
83 1 529326
85 0 529408
85 1 529442
76 0 529612
76 1 529729
32 0 529781
32 1 529972
8 0 535194
8 0 535695
8 0 535779
8 0 535863
8 0 535947
8 0 536032
8 0 536115
8 0 536199
8 0 536283
8 0 536368
8 0 536452
8 0 536536
8 0 536621
8 0 536704
8 0 536788
8 0 536872
8 0 536956
8 0 537041
8 0 537125
8 0 537208
8 0 537291
8 0 537375
8 0 537458
8 0 537542
8 0 537625
8 0 537708
8 0 537791
8 0 537875
8 0 537958
8 0 538041
8 0 538125
8 0 538208
8 0 538291
8 0 538375
8 0 538458
8 0 538541
8 0 538625
8 0 538708
8 0 538791
8 0 538875
8 0 538958
8 0 539041
8 0 539125
8 0 539208
8 0 539291
8 1 539361
8 0 539508
8 1 539596
8 0 539708
8 1 539896
8 0 540145
8 1 540265
16 0 573303
73 0 573683
16 1 573755
73 1 573778
78 0 573887
78 1 574010
67 0 574150
67 1 574221
69 0 574333
69 1 574405
80 0 574506
80 1 574605
32 0 574626
32 1 574834
90 0 575558
90 1 575681
73 0 575746
73 1 575814
85 0 575900
85 1 576004
65 0 576040
65 1 576120
32 0 576187
32 1 576319
8 0 580684
8 0 581185
8 0 581268
8 0 581351
8 0 581436
8 0 581520
8 0 581604
8 0 581689
8 0 581773
8 0 581857
8 0 581941
8 1 581950
16 0 583200
73 0 583555
16 1 583636
73 1 583656
78 0 583770
78 1 583870
67 0 584037
67 1 584088
69 0 584226
69 1 584298
80 0 584400
80 1 584495
32 0 584549
32 1 584716
90 0 586088
90 1 586227
73 0 586282
73 1 586362
85 0 586428
85 1 586520
65 0 586632
65 1 586775
32 0 586910
32 1 587129
67 0 587889
67 1 587948
85 0 588017
85 1 588088
32 0 588652
32 1 588767
85 0 588919
85 1 588966
78 0 589115
78 1 589222
32 0 589279
32 1 589455
82 0 605062
82 1 605124
73 0 605209
73 1 605284
84 0 605458
84 1 605529
85 0 605934
85 1 606013
65 0 606084
65 1 606208
76 0 606235
76 1 606322
32 0 606357
32 1 606545
69 0 606948
69 1 607015
88 0 607184
88 1 607296
84 0 607408
84 1 607479
82 0 607551
82 1 607626
69 0 607721
69 1 607796
77 0 607909
77 1 608049
32 0 608065
32 1 608191
68 0 608204
68 1 608276
69 0 608399
69 1 608489
32 0 608708
32 1 609004
67 0 610262
67 1 610325
79 0 610492
79 1 610535
77 0 610671
77 1 610766
80 0 610848
80 1 610915
76 0 611017
76 1 611128
73 0 611188
73 1 611231
67 0 611390
67 1 611473
65 0 611518
65 1 611649
84 0 611694
84 1 611789
32 0 611866
32 1 612001
68 0 612714
68 1 612794
65 0 612815
65 1 612906
82 0 612928
82 1 613016
32 0 613062
32 1 613183
78 0 613423
78 1 613486
69 0 613551
69 1 613638
67 0 613738
67 1 613858
69 0 613941
69 1 614008
83 0 614386
83 1 614461
65 0 614591
65 1 614666
82 0 614783
82 1 614868
32 0 615041
32 1 615208
80 0 616787
80 1 616898
69 0 616969
69 1 617048
78 0 617122
78 1 617209
84 0 617355
84 1 617423
82 0 617507
82 1 617587
85 0 617638
85 1 617703
32 0 617743
32 1 617834
77 0 617912
77 1 618011
73 0 618095
73 1 618143
78 0 618270
78 1 618349
69 0 618420
69 1 618519
32 0 618556
32 1 618676
8 0 619987
8 1 620078
190 0 620659
190 1 620727
8 0 621049
8 1 621097
188 0 621434
188 1 621545
32 0 621649
32 1 621937
77 0 624005
77 1 624112
73 0 624231
73 1 624302
67 0 624455
67 1 624526
85 0 624602
85 1 624649
76 0 624800
76 1 624927
32 0 624955
32 1 625185
68 0 625200
68 1 625259
69 0 625388
69 1 625467
74 0 625650
74 1 625733
85 0 625803
85 1 625866
78 0 625998
78 1 626101
32 0 626142
32 1 626289
8 0 626792
8 1 626919
32 0 628484
32 1 628579
16 0 628700
49 0 628900
49 1 628992
32 0 629016
16 1 629049
32 1 629131
70 0 629910
70 1 630001
85 0 630057
85 1 630129
71 0 630248
71 1 630376
32 0 630406
32 1 630526
76 0 632457
76 1 632535
65 0 632635
65 1 632750
32 0 632789
32 1 632956
68 0 636915
68 1 636966
85 0 637094
85 1 637162
83 0 637208
83 1 637308
72 0 637353
72 1 637467
32 0 637514
32 1 637668
8 0 639353
8 1 639416
188 0 639621
188 1 639749
32 0 639772
32 1 639928
65 0 639978
65 1 640118
82 0 640134
82 1 640214
85 0 640341
85 1 640413
78 0 640510
78 1 640582
67 0 640845
67 1 640936
32 0 641034
32 1 641122
67 0 641197
67 1 641277
65 0 641332
65 1 641412
84 0 641454
84 1 641510
69 0 641588
69 1 641656
86 0 641722
86 1 641790
65 0 641862
65 1 641938
32 0 641991
32 1 642098
72 0 646140
72 1 646221
65 0 646274
65 1 646374
73 0 646982
73 1 647042
78 0 647174
78 1 647262
69 0 647327
69 1 647390
32 0 647419
32 1 647511
80 0 647538
80 1 647638
69 0 647665
32 0 647698
69 1 647749
32 1 647801
77 0 647884
77 1 647988
73 0 648071
73 1 648119
78 0 648245
78 1 648324
69 0 648383
32 0 648496
69 1 648505
32 1 648623
85 0 680107
85 1 680189
78 0 680309
78 1 680416
79 0 680510
79 1 680609
69 0 680618
69 1 680730
73 0 680823
82 0 680860
82 1 680988
73 1 680996
32 0 681157
32 1 681361
8 0 681552
8 1 681664
8 0 681748
8 1 681843
8 0 681888
8 1 681976
8 0 682027
8 1 682119
8 0 682593
8 1 682712
69 0 683289
69 1 683433
79 0 683582
79 1 683636
82 0 683709
82 1 683813
73 0 683845
73 1 683921
32 0 683964
32 1 684184
78 0 684184
78 1 684249
73 0 684362
73 1 684412
67 0 684516
67 1 684611
73 0 684640
73 1 684724
32 0 684768
32 1 684872
78 0 684969
78 1 685069
85 0 685150
85 1 685222
32 0 685305
32 1 685416
76 0 685470
76 1 685586
69 0 685663
32 0 685771
69 1 685792
32 1 685955
80 0 688265
80 1 688325
79 0 688413
79 1 688505
84 0 688708
84 1 688776
82 0 688916
82 1 689008
73 0 689066
73 1 689130
86 0 689319
86 1 689400
69 0 689448
69 1 689522
83 0 689646
83 1 689762
67 0 689935
67 1 690036
32 0 690103
32 1 690247
8 0 692389
8 1 692468
188 0 692775
188 1 692923
32 0 692943
32 1 693107
83 0 693331
83 1 693431
65 0 693514
65 1 693654
82 0 693692
82 1 693796
32 0 693864
32 1 694048
73 0 694749
73 1 694805
78 0 694946
78 1 695086
32 0 695103
32 1 695191
77 0 695237
77 1 695321
65 0 695355
65 1 695435
83 0 695545
73 0 695657
83 1 695666
73 1 695690
78 0 695820
78 1 695905
65 0 695968
65 1 696051
32 0 696110
32 1 696238
83 0 697999
83 1 698098
73 0 698148
73 1 698252
32 0 698266
32 1 698374
65 0 698435
65 1 698531
76 0 698590
76 1 698649
69 0 698709
69 1 698781
82 0 698887
82 1 698963
71 0 699016
71 1 699136
32 0 699138
32 1 699284
80 0 701418
80 1 701494
82 0 701573
82 1 701685
73 0 701717
73 1 701761
78 0 701876
78 1 701995
32 0 702008
32 1 702084
79 0 702104
79 1 702184
82 0 702310
82 1 702386
65 0 702447
65 1 702523
83 0 702650
83 1 702746
32 0 702790
32 1 702910
83 0 704946
83 1 705030
65 0 705150
32 0 705246
65 1 705271
32 1 705374
73 0 705438
73 1 705487
77 0 705594
77 1 705698
73 0 705778
73 1 705868
32 0 705893
32 1 705990
82 0 706060
82 1 706149
69 0 706217
69 1 706285
86 0 706362
86 1 706466
8 0 707774
8 1 707858
90 0 707942
90 1 708074
86 0 708200
86 1 708261
8 0 708981
8 1 709161
79 0 710194
79 1 710246
76 0 710386
76 1 710455
86 0 710639
86 1 710693
32 0 710747
32 1 710854
67 0 714061
67 1 714156
65 0 714183
65 1 714288
84 0 714373
84 1 714433
69 0 714469
69 1 714533
86 0 714610
86 1 714680
65 0 714768
65 1 714865
32 0 715068
32 1 715212
68 0 715749
68 1 715893
73 0 715977
73 1 716018
78 0 716173
78 1 716261
32 0 716393
32 1 716557
84 0 717701
84 1 717801
82 0 717859
82 1 717919
69 0 718030
69 1 718150
66 0 718180
66 1 718240
85 0 718428
85 1 718484
82 0 718580
82 1 718680
73 0 719022
73 1 719063
76 0 719276
76 1 719325
69 0 719423
69 1 719540
32 0 719561
32 1 719712
90 0 722265
90 1 722357
73 0 722499
73 1 722555
76 0 722673
76 1 722773
78 0 722925
78 1 722997
73 0 723131
73 1 723179
67 0 723360
67 1 723432
69 0 723521
69 1 723600
32 0 723750
32 1 723922
80 0 724864
80 1 724930
65 0 724994
65 1 725090
78 0 725166
78 1 725234
65 0 725322
65 1 725470
32 0 725484
32 1 725644
83 0 726214
83 1 726350
80 0 726416
80 1 726556
82 0 726658
82 1 726759
69 0 726870
69 1 727010
32 0 727068
32 1 727180
80 0 727416
80 1 727524
82 0 727642
82 1 727706
65 0 727881
65 1 727953
78 0 728082
78 1 728150
90 0 728441
90 1 728541
32 0 728684
32 1 728888
8 0 729617
8 1 729717
188 0 729962
188 1 730074
32 0 730112
32 1 730250
82 0 730306
82 1 730386
69 0 730484
69 1 730580
80 0 730603
80 1 730699
69 0 730743
69 1 730807
68 0 730927
68 1 731003
69 0 731059
69 1 731147
32 0 731256
32 1 731380
73 0 732016
73 1 732064
77 0 732187
77 1 732275
73 0 732375
73 1 732466
32 0 732487
32 1 732555
71 0 732616
71 1 732688
65 0 732734
65 1 732814
83 0 732926
83 1 733006
69 0 733093
69 1 733161
83 0 733262
67 0 733353
83 1 733366
67 1 733465
32 0 733545
32 1 733625
85 0 733665
85 1 733728
78 0 733836
78 1 733976
32 0 734017
32 1 734145
80 0 735269
80 1 735337
82 0 735422
82 1 735502
73 0 735574
73 1 735638
69 0 735659
69 1 735739
84 0 735836
84 1 735896
69 0 735966
69 1 736074
78 0 736140
78 1 736217
32 0 736332
32 1 736496
67 0 737229
67 1 737319
85 0 737402
85 1 737502
32 0 737530
32 1 737606
67 0 737692
67 1 737776
65 0 737808
65 1 737896
82 0 737965
82 1 738041
69 0 738093
69 1 738173
32 0 738308
32 1 738416
73 0 739423
73 1 739503
69 0 739559
69 1 739631
83 0 739733
83 1 739845
32 0 739849
32 1 739941
76 0 740009
76 1 740081
65 0 740156
65 1 740268
32 0 740304
32 1 740432
80 0 740822
80 1 740894
82 0 741077
82 1 741157
65 0 741316
65 1 741404
78 0 741485
78 1 741561
90 0 741929
90 1 742041
32 0 742074
32 1 742194
73 0 744108
73 1 744204
65 0 744291
65 1 744423
82 0 744501
82 1 744587
32 0 744677
32 1 744797
68 0 744846
68 1 744946
85 0 744962
85 1 745038
80 0 745124
80 1 745260
65 0 745315
65 1 745463
32 0 745576
32 1 745824
77 0 746396
77 1 746504
65 0 746576
65 1 746648
83 0 746772
83 1 746839
65 0 746964
65 1 747072
32 0 747153
32 1 747285
73 0 747445
73 1 747508
67 0 747876
67 1 747968
69 0 748028
69 1 748108
82 0 748192
82 1 748296
67 0 748327
67 1 748443
32 0 748500
32 1 748620
83 0 748674
83 1 748754
65 0 748899
65 1 748950
8 0 749125
8 1 749188
8 0 749234
8 1 749330
8 0 749381
8 1 749460
8 0 749500
8 1 749792
8 0 749840
8 1 749912
8 0 749962
8 1 750030
8 0 750444
8 1 750532
78 0 751033
78 1 751097
67 0 751305
67 1 751389
69 0 751491
69 1 751563
82 0 751668
82 1 751756
67 0 752157
67 1 752261
32 0 752344
32 1 752451
83 0 752471
83 1 752522
65 0 752663
65 1 752742
32 0 752809
32 1 752901
73 0 752983
73 1 753035
77 0 753145
77 1 753244
73 0 753339
73 1 753467
32 0 753471
32 1 753679
80 0 753936
80 1 754020
69 0 754084
69 1 754184
84 0 754284
84 1 754348
82 0 754450
82 1 754526
69 0 754601
69 1 754696
67 0 754777
67 1 754872
32 0 754926
32 1 755034
84 0 758918
84 1 759041
73 0 759078
73 1 759129
77 0 759273
77 1 759344
80 0 759813
80 1 759869
85 0 760059
85 1 760112
76 0 760299
76 1 760430
32 0 760549
32 1 760736
67 0 762104
85 0 762220
67 1 762230
85 1 762292
32 0 762347
32 1 762447
77 0 762509
77 1 762612
73 0 762702
73 1 762757
78 0 762879
78 1 762955
69 0 763040
69 1 763115
32 0 763176
32 1 763320
67 0 764376
67 1 764440
8 0 765550
8 1 765638
83 0 774970
83 1 775125
73 0 775169
73 1 775241
32 0 775308
32 1 775416
80 0 775435
80 1 775506
69 0 775590
69 1 775714
78 0 775736
78 1 775828
84 0 775947
84 1 776014
82 0 776092
85 0 776196
82 1 776212
85 1 776275
32 0 776319
32 1 776423
77 0 776506
77 1 776605
73 0 776671
73 1 776734
78 0 776859
78 1 776939
69 0 776993
32 0 777053
69 1 777128
32 1 777224
79 0 780285
79 1 780356
8 0 780653
8 1 780729
73 0 780863
73 1 780978
65 0 780990
65 1 781118
82 0 781161
82 1 781249
32 0 781316
32 1 781441
76 0 781570
76 1 781653
79 0 781729
79 1 781805
67 0 781875
67 1 781975
85 0 782002
85 1 782066
76 0 782168
32 0 782289
76 1 782309
32 1 782380
73 0 782413
73 1 782493
68 0 782599
68 1 782702
69 0 782769
69 1 782849
65 0 782982
65 1 783101
76 0 783172
76 1 783266
32 0 783274
32 1 783462
80 0 785195
80 1 785298
69 0 785371
69 1 785443
78 0 785906
78 1 786009
84 0 786174
84 1 786238
82 0 786296
82 1 786375
85 0 786408
85 1 786516
32 0 786529
32 1 786628
65 0 786659
65 1 786743
83 0 786829
83 1 786929
84 0 787022
84 1 787110
65 0 787191
65 1 787335
32 0 787390
32 1 787526
69 0 791283
69 1 791340
83 0 791464
83 1 791551
84 0 791621
84 1 791693
69 0 791726
69 1 791794
32 0 791865
32 1 791998
83 0 792001
83 1 792052
65 0 792191
65 1 792263
76 0 792346
76 1 792410
65 0 792424
65 1 792480
32 0 792536
32 1 792671
68 0 792679
68 1 792763
69 0 792834
69 1 792946
32 0 792971
32 1 793195
83 0 793620
83 1 793740
80 0 793808
80 1 793904
79 0 793984
79 1 794052
82 0 794148
82 1 794255
84 0 794316
84 1 794412
32 0 794421
32 1 794580
8 0 794824
8 1 794895
190 0 795099
190 1 795227
32 0 795256
32 1 795399
16 0 797218
83 0 797438
16 1 797542
83 1 797553
69 0 797743
69 1 797806
65 0 798233
65 1 798338
82 0 798505
82 1 798561
65 0 798608
65 1 798699
32 0 798752
32 1 798903
70 0 804387
70 1 804482
65 0 804506
65 1 804618
67 0 804631
67 1 804738
32 0 804825
32 1 805001
80 0 805899
80 1 805941
76 0 806156
76 1 806232
65 0 806307
78 0 806400
65 1 806431
78 1 806471
85 0 806583
85 1 806650
82 0 806722
73 0 806822
82 1 806832
73 1 806905
32 0 806928
32 1 807017
77 0 807148
77 1 807213
65 0 807346
65 1 807422
82 0 807666
82 1 807741
73 0 807877
73 1 807972
32 0 807988
32 1 808108
8 0 812922
8 1 813065
188 0 813546
188 1 813694
32 0 813735
32 1 813849
67 0 813963
67 1 814032
65 0 814092
65 1 814184
85 0 814219
85 1 814279
84 0 814338
84 1 814478
32 0 814482
32 1 814606
70 0 814670
70 1 814758
73 0 814837
73 1 814897
76 0 815020
76 1 815076
77 0 815246
77 1 815321
69 0 815395
69 1 815471
32 0 815500
32 1 815632
8 0 816242
8 1 816347
188 0 816769
188 1 816917
32 0 816961
32 1 817076
65 0 819688
65 1 819812
76 0 819891
76 1 819951
69 0 820010
69 1 820070
82 0 820166
82 1 820238
71 0 820331
71 1 820415
32 0 820477
32 1 820645
68 0 820954
68 1 821030
69 0 821125
69 1 821233
32 0 821427
32 1 821599
8 0 821731
8 1 821799
8 0 821879
8 1 821987
8 0 822544
8 1 822652
73 0 823589
73 1 823665
78 0 823786
78 1 823910
32 0 823952
32 1 824048
86 0 824148
86 1 824228
73 0 824391
73 1 824478
90 0 824977
90 1 825081
73 0 825139
73 1 825199
84 0 825366
84 1 825438
69 0 825472
69 1 825583
32 0 825596
32 1 825736
79 0 825864
80 0 825890
79 1 825959
80 1 826020
69 0 826235
69 1 826302
8 0 826488
8 1 826551
8 0 826618
8 1 826702
8 0 826764
8 1 826844
80 0 826978
80 1 827098
69 0 827144
32 0 827236
69 1 827265
32 1 827356
76 0 827407
76 1 827503
65 0 827559
65 1 827659
32 0 827673
32 1 827961
80 0 828520
80 1 828612
82 0 828685
82 1 828765
73 0 828830
73 1 828890
69 0 828955
69 1 829027
84 0 829122
84 1 829186
69 0 829242
69 1 829330
78 0 829413
78 1 829489
73 0 829585
73 1 829741
32 0 829745
32 1 829916
8 0 830075
8 1 830167
188 0 830389
188 1 830497
32 0 830537
32 1 830676
66 0 832829
66 1 832909
69 0 833009
69 1 833113
77 0 833334
77 1 833404
32 0 833509
32 1 833597
85 0 833637
85 1 833697
78 0 833829
78 1 833921
32 0 833981
32 1 834077
80 0 834147
80 1 834231
65 0 834704
65 1 834799
72 0 835250
72 1 835354
65 0 835384
65 1 835496
82 0 835563
82 1 835655
32 0 835718
32 1 835838
82 0 837359
82 1 837423
69 0 837529
69 1 837641
86 0 837661
86 1 837733
8 0 838027
8 1 838103
8 0 838166
8 1 838254
8 0 838318
8 1 838402
82 0 839580
82 1 839659
69 0 839712
69 1 839828
86 0 839850
86 1 839918
73 0 840073
73 1 840133
78 0 840230
78 1 840390
32 0 840394
32 1 840478
65 0 840583
65 1 840679
67 0 840729
67 1 840803
65 0 840842
65 1 840902
83 0 841003
83 1 841075
65 0 841126
65 1 841210
32 0 841245
32 1 841425
82 0 842266
82 1 842354
69 0 842422
69 1 842518
70 0 842638
70 1 842689
76 0 843229
76 1 843289
69 0 843393
69 1 843488
67 0 843501
67 1 843573
84 0 843685
84 1 843784
32 0 843813
32 1 843921
65 0 844048
65 1 844124
83 0 844472
83 1 844584
85 0 844654
85 1 844702
80 0 844801
80 1 844893
82 0 845015
82 1 845111
65 0 845188
65 1 845272
32 0 845319
32 1 845427
90 0 846490
90 1 846638
73 0 846662
73 1 846718
76 0 846874
76 1 846970
69 0 847023
69 1 847155
73 0 847311
73 1 847435
32 0 847468
32 1 847636
8 0 848661
8 1 848721
8 0 848835
8 1 848943
8 0 849000
8 1 849124
69 0 849753
69 1 849861
73 0 849890
73 1 849998
32 0 850066
32 1 850225
73 0 851008
73 1 851088
78 0 851232
78 1 851304
67 0 851496
67 1 851572
69 0 851627
69 1 851691
82 0 851774
82 1 851862
67 0 851910
67 1 852026
32 0 852085
32 1 852181
83 0 852199
83 1 852259
65 0 852393
65 1 852468
32 0 852530
32 1 852626
73 0 852713
73 1 852776
78 0 852913
78 1 852981
86 0 853129
86 1 853197
65 0 853268
65 1 853329
84 0 854065
84 1 854145
32 0 854204
32 1 854292
67 0 854353
67 1 854445
69 0 854492
69 1 854568
32 0 854903
32 1 855035
65 0 855112
65 1 855220
77 0 855265
77 1 855369
32 0 855390
32 1 855482
70 0 855546
70 1 855606
65 0 855640
67 0 855728
65 1 855745
67 1 855792
85 0 855908
85 1 856007
84 0 856117
84 1 856241
32 0 856263
32 1 856407
70 0 857148
70 1 857244
8 0 857477
8 1 857557
71 0 857695
71 1 857795
82 0 857797
82 1 857883
69 0 857986
69 1 858050
83 0 858130
83 1 858238
73 0 858278
73 1 858354
84 0 858518
84 1 858606
32 0 858608
32 1 858734
83 0 859396
83 1 859480
73 0 859554
73 1 859674
32 0 859676
32 1 859794
67 0 859887
67 1 859971
69 0 860040
69 1 860135
32 0 860138
32 1 860224
80 0 860270
80 1 860382
79 0 860426
79 1 860518
84 0 860672
84 1 860803
32 0 860849
32 1 861017
73 0 861707
73 1 861774
77 0 862135
77 1 862207
78 0 862388
78 1 862461
8 0 862851
8 1 862918
66 0 863093
66 1 863165
85 0 863291
85 1 863343
78 0 863436
78 1 863540
65 0 863608
65 1 863717
84 0 863779
84 1 863848
65 0 863887
65 1 863951
84 0 864061
84 1 864121
73 0 864310
73 1 864402
32 0 864480
32 1 864760
8 0 864760
8 1 864844
190 0 865263
190 1 865379
32 0 865429
32 1 865565
16 0 869401
67 0 869733
16 1 869797
67 1 869849
79 0 869980
79 1 870060
78 0 870217
78 1 870285
83 0 870618
83 1 870702
73 0 870785
73 1 870861
68 0 870901
68 1 870964
69 0 871096
69 1 871153
82 0 871234
32 0 871338
82 1 871362
32 1 871454
67 0 871611
67 1 871683
65 0 871779
65 1 871882
32 0 871891
32 1 872039
83 0 872563
83 1 872655
73 0 872701
73 1 872789
83 0 872817
83 1 872881
84 0 872969
84 1 873031
69 0 873077
69 1 873156
77 0 873198
77 1 873298
85 0 873398
85 1 873450
76 0 873597
76 1 873722
32 0 873783
32 1 873967
68 0 874469
68 1 874537
69 0 874643
69 1 874763
32 0 874767
32 1 874879
73 0 874932
73 1 874996
78 0 875123
78 1 875199
86 0 875336
86 1 875408
65 0 875472
65 1 875556
84 0 875666
84 1 875725
65 0 875791
65 1 875859
77 0 875928
77 1 875984
65 0 876063
65 1 876143
78 0 876192
78 1 876252
84 0 876449
84 1 876553
32 0 876574
32 1 876770
68 0 876926
68 1 877054
73 0 877149
73 1 877205
78 0 877298
78 1 877425
32 0 877454
32 1 877566
16 0 877591
82 0 877719
16 1 877791
82 1 877822
79 0 877857
79 1 877925
77 0 878058
77 1 878122
65 0 878173
65 1 878273
78 0 878289
78 1 878337
73 0 878485
73 1 878549
65 0 878697
65 1 878809
32 0 878919
32 1 879007
69 0 879355
69 1 879423
83 0 879542
83 1 879618
84 0 879714
84 1 879804
69 0 879808
69 1 879892
32 0 880016
32 1 880140
76 0 881172
76 1 881260
65 0 881324
32 0 881392
65 1 881431
32 1 881516
85 0 881558
85 1 881606
78 0 881725
78 1 881849
32 0 881873
32 1 881949
78 0 882422
78 1 882502
73 0 882586
73 1 882654
86 0 882808
86 1 882888
69 0 882973
69 1 883049
76 0 883131
76 1 883231
32 0 883281
32 1 883385
74 0 891767
74 1 891834
79 0 891981
79 1 892044
83 0 892144
83 1 892272
78 0 892667
78 1 892747
73 0 892845
73 1 892929
67 0 893001
67 1 893113
32 0 893150
32 1 893282
80 0 895102
80 1 895225
69 0 895237
69 1 895329
82 0 895428
82 1 895532
32 0 895569
32 1 895773
80 0 897319
80 1 897426
69 0 897466
69 1 897537
82 0 897626
32 0 897738
82 1 897764
32 1 897866
71 0 897977
71 1 898053
69 0 898068
69 1 898139
78 0 898214
78 1 898302
69 0 898337
69 1 898417
82 0 898516
82 1 898559
65 0 898683
65 1 898755
76 0 898830
76 1 898954
32 0 898990
32 1 899121
8 0 900460
8 1 900511
190 0 900907
190 1 901032
32 0 901135
32 1 901283
16 0 901320
77 0 901544
16 1 901628
77 1 901656
73 0 901809
73 1 901877
189 0 902109
189 1 902197
69 0 902234
69 1 902345
32 0 902384
32 1 902516
72 0 903316
71 0 903354
71 1 903387
72 1 903423
82 0 903503
82 1 903619
8 0 903803
8 1 903871
8 0 903934
8 1 904018
71 0 904199
71 1 904282
82 0 904307
82 1 904378
69 0 904471
69 1 904598
85 0 904606
85 1 904698
8 0 904925
8 1 904971
8 0 905055
8 1 905135
8 0 905198
8 1 905462
8 0 905515
8 1 905623
8 0 905693
8 1 905781
71 0 906198
71 1 906278
82 0 906311
82 1 906379
69 0 906482
85 0 906574
69 1 906584
85 1 906658
32 0 906683
32 1 906791
83 0 906859
83 1 906911
65 0 907033
65 1 907108
32 0 907177
32 1 907269
65 0 909951
65 1 910042
76 0 910186
76 1 910258
69 0 910328
69 1 910402
71 0 910760
71 1 910872
32 0 910916
32 1 911011
67 0 911107
67 1 911199
69 0 911225
69 1 911293
86 0 911336
86 1 911406
65 0 911475
65 1 911563
32 0 911571
32 1 911667
80 0 911716
80 1 911816
79 0 911875
79 1 911959
90 0 912031
90 1 912103
73 0 912196
73 1 912248
84 0 912380
84 1 912450
73 0 912568
73 1 912646
86 0 912774
86 1 912921
32 0 912956
32 1 913116
76 0 914154
76 1 914225
65 0 914282
65 1 914345
32 0 914409
32 1 914525
83 0 914646
83 1 914710
67 0 914865
67 1 914945
79 0 915023
79 1 915087
65 0 915210
65 1 915240
76 0 915326
76 1 915374
65 0 915448
65 1 915520
32 0 915590
32 1 915742
82 0 918790
82 1 918885
79 0 918980
79 1 919036
77 0 919163
77 1 919247
65 0 919284
65 1 919372
78 0 919389
78 1 919457
69 0 919544
69 1 919616
65 0 919782
65 1 919840
83 0 919956
83 1 920040
67 0 920137
67 1 920208
65 0 920217
65 1 920297
32 0 920349
32 1 920472
8 0 921179
8 1 921315
32 0 923022
32 1 923194
65 0 923510
65 1 923586
67 0 923717
67 1 923793
84 0 924039
84 1 924103
85 0 924264
73 0 924274
73 1 924308
85 1 924316
65 0 924402
65 1 924474
76 0 924555
76 1 924623
65 0 924678
65 1 924790
32 0 924989
32 1 925149
8 0 926662
8 1 926726
8 0 926808
8 1 926888
8 0 926955
8 1 927131
8 0 927205
8 1 927337
8 0 927431
8 1 927495
8 0 927558
8 1 927638
85 0 929154
85 1 929230
65 0 929283
65 1 929355
76 0 929418
76 1 929494
65 0 929535
65 1 929607
32 0 929664
32 1 929808
8 0 929893
8 1 929973
188 0 930152
188 1 930264
32 0 930330
32 1 930450
8 0 931298
8 1 931358
8 0 931441
8 1 931541
190 0 931848
190 1 931980
32 0 932020
32 1 932136
16 0 932306
67 0 932602
16 1 932675
67 1 932702
82 0 932845
82 1 932925
69 0 933027
69 1 933111
68 0 933209
68 1 933313
32 0 933476
32 1 933644
67 0 934087
67 1 934183
65 0 934213
65 1 934293
32 0 934360
32 1 934548
83 0 934818
83 1 934863
67 0 936656
67 1 936726
79 0 936814
79 1 936878
76 0 937091
76 1 937179
65 0 937299
65 1 937427
32 0 937782
32 1 938105
65 0 938428
65 1 938572
82 0 938659
82 1 938739
32 0 938799
32 1 938895
84 0 938967
84 1 939059
82 0 939141
82 1 939237
69 0 939331
69 1 939447
66 0 939539
66 1 939611
85 0 939757
85 1 939849
73 0 939935
73 1 940059
32 0 940089
32 1 940229
83 0 943893
83 1 943946
65 0 944092
65 1 944216
32 0 944233
32 1 944357
80 0 944395
80 1 944471
85 0 944750
85 1 944817
65 0 944941
65 1 945037
78 0 945088
78 1 945224
65 0 945397
65 1 945569
32 0 945723
32 1 946071
65 0 946249
65 1 946341
67 0 946403
67 1 946452
67 0 946531
67 1 946619
69 0 946671
69 1 946767
78 0 946860
78 1 946908
84 0 947071
84 1 947187
85 0 947246
85 1 947292
76 0 947491
76 1 947623
32 0 947702
32 1 947986
77 0 948546
77 1 948602
65 0 948715
65 1 948806
73 0 948822
73 1 948906
32 0 948948
32 1 949096
77 0 949350
77 1 949454
85 0 949550
85 1 949610
76 0 949716
76 1 949787
84 0 949943
84 1 950035
32 0 950091
32 1 950211
80 0 951272
80 1 951336
69 0 951410
69 1 951494
32 0 951544
32 1 951696
65 0 951767
65 1 951871
70 0 952106
70 1 952186
76 0 952350
76 1 952446
65 0 952494
65 1 952586
82 0 952718
82 1 952798
69 0 952859
69 1 952929
65 0 953114
65 1 953258
32 0 953288
32 1 953432
83 0 953929
83 1 954036
73 0 954180
73 1 954288
32 0 954978
32 1 955099
80 0 955807
80 1 955942
82 0 956055
82 1 956168
79 0 956231
79 1 956278
77 0 956483
77 1 956512
77 0 956563
77 1 956695
8 0 957995
8 1 958062
79 0 958592
79 1 958656
86 0 958985
86 1 959093
65 0 959202
65 1 959309
82 0 959419
82 1 959511
69 0 959579
69 1 959641
65 0 959810
65 1 959888
32 0 959946
32 1 960050
80 0 962175
80 1 962279
65 0 962358
65 1 962430
83 0 962586
83 1 962710
73 0 962920
73 1 963039
85 0 964306
85 1 964351
78 0 964510
78 1 964600
73 0 964734
73 1 964792
76 0 964955
76 1 965044
79 0 965138
79 1 965206
82 0 965285
82 1 965398
32 0 965424
32 1 965588
69 0 968485
69 1 968632
76 0 968911
76 1 968983
69 0 969109
69 1 969213
86 0 969297
86 1 969365
73 0 969684
73 1 969740
76 0 969885
76 1 969949
79 0 970054
79 1 970118
82 0 970193
82 1 970301
32 0 970360
32 1 970507
8 0 972279
8 1 972418
190 0 972684
190 1 972848
32 0 972908
32 1 973048
16 0 973056
73 0 973272
16 1 973337
73 1 973368
78 0 973540
78 1 973628
32 0 973747
32 1 973914
65 0 974540
76 0 974701
65 1 974710
76 1 974776
84 0 974956
84 1 975051
69 0 975101
32 0 975169
69 1 975194
32 1 975289
84 0 975375
84 1 975487
65 0 975514
65 1 975638
82 0 975669
82 1 975753
73 0 975993
73 1 976097
32 0 976106
32 1 976269
83 0 979117
83 1 979204
73 0 979273
73 1 979381
83 0 979395
83 1 979467
84 0 979551
82 0 979569
84 1 979596
82 1 979597
69 0 979679
69 1 979751
8 0 980236
8 1 980304
8 0 980385
8 1 980616
8 0 980673
8 1 980773
84 0 982168
84 1 982231
69 0 982320
69 1 982395
77 0 982429
77 1 982501
85 0 982638
85 1 982694
76 0 982798
76 1 982903
32 0 982959
32 1 983071
80 0 985282
80 1 985345
85 0 985463
85 1 985531
78 0 985675
78 1 985739
69 0 985878
69 1 985994
32 0 986041
32 1 986365
77 0 986609
77 1 986701
65 0 986731
65 1 986875
73 0 986879
73 1 986959
32 0 987028
32 1 987116
77 0 987172
77 1 987260
85 0 987366
85 1 987430
76 0 987533
76 1 987597
84 0 987748
84 1 987847
32 0 987874
32 1 987990
65 0 989209
65 1 989304
67 0 989485
67 1 989657
67 0 994772
67 1 994888
69 0 994974
69 1 995061
78 0 995200
78 1 995287
84 0 995499
84 1 995638
85 0 995682
85 1 995733
76 0 995879
76 1 995994
32 0 996048
32 1 996147
79 0 996222
80 0 996248
80 1 996258
79 1 996309
8 0 996893
8 1 996957
8 0 997033
8 1 997133
80 0 997221
80 1 997328
69 0 997370
32 0 997490
69 1 997509
32 1 997669
68 0 997978
68 1 998077
69 0 998187
69 1 998262
90 0 998432
90 1 998579
86 0 998796
86 1 998916
79 0 998986
79 1 999049
76 0 999137
76 1 999244
65 0 999295
65 1 999382
84 0 999489
84 1 999591
65 0 999614
65 1 999693
82 0 999788
82 1 999869
69 0 999928
69 1 1000005
32 0 1000094
32 1 1000214
85 0 1005902
85 1 1005963
78 0 1006100
78 1 1006199
85 0 1006323
85 1 1006370
73 0 1006506
73 1 1006602
32 0 1006664
32 1 1006807
83 0 1006843
73 0 1006987
83 1 1006998
73 1 1007041
77 0 1007151
77 1 1007251
84 0 1007396
84 1 1007486
32 0 1007534
32 1 1007607
67 0 1007701
67 1 1007795
82 0 1007892
82 1 1007988
73 0 1008121
73 1 1008185
84 0 1008316
84 1 1008371
73 0 1008523
73 1 1008594
67 0 1009135
67 1 1009223
32 0 1009292
32 1 1009411
83 0 1011710
83 1 1011813
73 0 1011909
73 1 1012036
32 0 1012040
32 1 1012213
68 0 1012269
68 1 1012353
69 0 1012452
69 1 1012539
90 0 1012826
90 1 1012909
86 0 1013097
86 1 1013174
79 0 1013458
79 1 1013505
76 0 1013609
76 1 1013728
84 0 1014733
84 1 1014941
65 0 1015019
65 1 1015160
82 0 1015261
82 1 1015354
69 0 1015394
69 1 1015467
65 0 1015659
65 1 1015728
32 0 1015792
32 1 1015935
80 0 1019473
80 1 1019580
69 0 1019632
69 1 1019719
82 0 1019804
82 1 1019875
83 0 1020180
83 1 1020283
79 0 1020382
79 1 1020433
65 0 1020543
65 1 1020635
78 0 1020713
78 1 1020764
65 0 1020828
65 1 1020900
76 0 1021037
76 1 1021116
65 0 1021169
65 1 1021240
32 0 1021349
32 1 1021456
8 0 1021729
8 1 1021808
32 0 1022973
32 1 1023116
65 0 1023457
65 1 1023564
32 0 1023645
32 1 1023896
69 0 1024040
69 1 1024104
76 0 1024913
76 1 1024980
69 0 1025083
69 1 1025186
86 0 1025274
86 1 1025341
85 0 1025500
85 1 1025548
76 0 1025677
76 1 1025777
85 0 1025853
85 1 1025920
73 0 1026014
73 1 1026153
32 0 1026156
32 1 1026285
8 0 1027451
8 1 1027590
190 0 1027966
190 1 1028113
32 0 1028159
32 1 1028266
16 0 1028311
67 0 1028510
67 1 1028599
16 1 1028603
65 0 1028793
65 1 1028916
32 0 1028979
32 1 1029111
83 0 1029123
83 1 1029173
65 0 1029331
65 1 1029403
32 0 1029520
32 1 1029729
70 0 1030375
70 1 1030439
73 0 1030564
73 1 1030628
77 0 1030763
77 1 1030987
32 0 1030990
32 1 1031207
77 0 1031726
77 1 1031806
65 0 1031870
65 1 1031949
73 0 1032003
73 1 1032103
32 0 1032137
32 1 1032305
80 0 1032778
80 1 1032874
69 0 1032932
69 1 1033016
82 0 1033109
82 1 1033209
70 0 1033704
70 1 1033816
79 0 1033909
79 1 1033977
82 0 1034262
82 1 1034330
77 0 1034428
77 1 1034516
65 0 1034615
65 1 1034687
78 0 1034923
78 1 1034995
84 0 1035140
84 1 1035276
73 0 1035347
73 1 1035471
32 0 1035497
32 1 1035629
65 0 1037525
65 1 1037632
82 0 1037735
82 1 1037815
32 0 1037878
32 1 1037962
84 0 1038036
84 1 1038108
82 0 1038212
82 1 1038304
69 0 1038377
69 1 1038477
66 0 1038607
66 1 1038688
85 0 1038835
85 1 1038903
73 0 1039048
73 1 1039144
32 0 1039191
32 1 1039295
8 0 1042168
8 1 1042310
8 0 1042474
8 1 1042646
8 0 1042777
8 1 1042877
8 0 1042981
8 1 1043069
66 0 1044112
66 1 1044176
85 0 1044370
85 1 1044420
73 0 1044611
73 1 1044671
73 0 1044759
73 1 1044899
32 0 1044961
32 1 1045113
8 0 1045415
8 1 1045502
8 0 1045572
8 1 1045684
32 0 1045734
32 1 1045850
83 0 1047351
83 1 1047451
65 0 1047594
65 1 1047689
32 0 1047769
32 1 1047901
65 0 1047941
65 1 1048041
76 0 1048168
76 1 1048247
79 0 1048310
79 1 1048374
67 0 1048470
67 1 1048542
65 0 1048701
65 1 1048785
77 0 1048881
77 1 1048973
32 0 1048995
32 1 1049115
77 0 1051321
77 1 1051416
65 0 1051469
65 1 1051588
73 0 1051637
73 1 1051705
32 0 1051774
32 1 1051878
77 0 1051929
77 1 1052033
85 0 1052129
85 1 1052189
76 0 1052280
76 1 1052368
84 0 1052507
84 1 1052607
32 0 1052661
32 1 1052745
84 0 1052859
84 1 1052935
73 0 1053110
73 1 1053165
77 0 1053295
77 1 1053391
80 0 1053479
80 1 1053587
32 0 1053615
32 1 1053739
76 0 1053857
76 1 1053949
73 0 1054024
73 1 1054088
66 0 1054270
66 1 1054334
69 0 1054429
69 1 1054509
82 0 1054601
82 1 1054701
32 0 1054732
32 1 1054827
69 0 1056946
69 1 1057042
76 0 1057111
76 1 1057207
69 0 1057245
69 1 1057353
86 0 1057425
86 1 1057501
73 0 1057802
73 1 1057858
76 0 1058012
76 1 1058074
79 0 1058178
79 1 1058243
82 0 1058314
82 1 1058423
32 0 1058450
32 1 1058562
8 0 1058941
8 1 1059045
190 0 1059262
190 1 1059414
32 0 1059467
32 1 1059727
16 0 1060363
69 0 1060966
69 1 1061059
16 1 1061097
76 0 1061404
76 1 1061460
69 0 1061582
69 1 1061662
86 0 1061754
86 1 1061822
73 0 1062104
73 1 1062256
32 0 1062264
32 1 1062404
8 0 1062681
8 1 1062817
188 0 1063163
188 1 1063271
32 0 1063339
32 1 1063583
16 0 1064753
83 0 1065820
83 1 1065928
16 1 1065993
8 0 1066398
8 1 1066502
83 0 1066597
83 1 1066717
84 0 1066848
84 1 1066916
85 0 1067029
85 1 1067113
68 0 1067142
68 1 1067206
69 0 1067304
78 0 1067396
69 1 1067406
78 1 1067472
84 0 1067599
84 1 1067710
73 0 1067794
73 1 1067842
73 0 1067915
73 1 1068015
188 0 1068503
188 1 1068642
32 0 1068687
32 1 1068839
80 0 1070801
80 1 1070944
82 0 1071003
82 1 1071087
79 0 1071198
79 1 1071269
70 0 1071548
70 1 1071648
69 0 1071708
69 1 1071824
83 0 1072076
83 1 1072184
79 0 1072241
79 1 1072309
82 0 1072406
82 1 1072478
73 0 1072579
73 1 1072633
73 0 1072692
73 1 1072780
32 0 1074447
32 1 1074571
83 0 1074620
83 1 1074736
73 0 1074763
32 0 1074872
73 1 1074894
32 1 1075023
80 0 1075144
80 1 1075412
65 0 1075745
65 1 1075856
82 0 1076054
82 1 1076170
73 0 1076459
73 1 1076511
8 0 1077163
8 1 1077267
73 0 1077999
73 1 1078071
78 0 1078193
78 1 1078289
84 0 1078358
84 1 1078476
73 0 1078565
73 1 1078618
73 0 1078688
73 1 1078817
32 0 1078887
32 1 1079042
8 0 1080017
8 1 1080087
32 0 1080423
32 1 1080571
65 0 1080646
65 1 1080713
82 0 1080809
82 1 1080901
32 0 1080950
32 1 1081042
84 0 1081113
84 1 1081181
82 0 1081289
82 1 1081380
69 0 1081464
69 1 1081551
66 0 1081629
66 1 1081681
85 0 1081851
85 1 1081907
73 0 1082045
73 1 1082161
32 0 1082248
32 1 1082440
83 0 1088948
83 1 1089005
65 0 1089137
65 1 1089216
32 0 1089282
32 1 1089389
70 0 1089412
70 1 1089483
73 0 1089580
73 1 1089655
69 0 1089709
32 0 1089801
69 1 1089822
32 1 1089993
77 0 1090139
77 1 1090169
65 0 1090707
65 1 1090816
73 0 1090924
73 1 1091064
32 0 1091067
32 1 1091235
82 0 1091575
82 1 1091643
69 0 1091754
69 1 1091841
76 0 1091880
76 1 1091976
83 0 1092010
83 1 1092049
88 0 1092261
88 1 1092340
65 0 1092480
65 1 1092544
84 0 1092635
84 1 1092705
73 0 1093020
73 1 1093143
8 0 1093428
8 1 1093491
8 0 1093561
8 1 1093644
8 0 1093712
8 1 1093787
8 0 1093843
8 1 1093930
8 0 1093986
8 1 1094085
8 0 1095133
8 1 1095237
76 0 1095806
76 1 1095902
65 0 1095979
65 1 1096058
88 0 1096267
88 1 1096314
65 0 1096475
65 1 1096542
84 0 1096649
84 1 1096701
73 0 1096928
73 1 1097007
32 0 1097340
32 1 1097480
8 0 1097631
8 1 1097762
190 0 1098410
190 1 1098506
32 0 1098625
32 1 1098812
16 0 1099139
73 0 1099414
73 1 1099521
16 1 1099530
78 0 1099654
78 1 1099742
32 0 1099828
32 1 1099935
82 0 1100171
82 1 1100290
8 0 1100658
8 1 1100722
82 0 1100975
82 1 1101079
8 0 1101622
8 1 1101673
16 0 1101825
82 0 1101953
16 1 1102013
82 1 1102045
79 0 1102492
79 1 1102539
77 0 1102834
77 1 1102913
65 0 1102939
65 1 1103050
78 0 1103063
78 1 1103131
73 0 1103256
73 1 1103311
65 0 1103410
65 1 1103513
32 0 1103606
32 1 1103685
83 0 1110675
83 1 1110754
73 0 1110785
73 1 1110873
84 0 1111001
84 1 1111068
69 0 1111120
69 1 1111200
77 0 1111237
77 1 1111328
85 0 1111413
85 1 1111497
76 0 1111598
76 1 1111765
32 0 1111794
32 1 1111937
68 0 1112011
68 1 1112103
69 0 1112207
69 1 1112295
32 0 1112400
32 1 1112487
8 0 1112632
8 1 1112711
8 0 1112765
8 1 1112845
8 0 1112898
8 1 1112979
8 0 1113027
8 1 1113110
8 0 1113138
8 1 1113221
8 0 1113261
8 1 1113340
8 0 1113381
8 1 1113466
8 0 1113512
8 1 1113592
8 0 1113643
8 1 1113723
83 0 1114641
83 1 1114764
84 0 1114849
84 1 1114924
69 0 1115002
69 1 1115069
77 0 1115138
77 1 1115217
85 0 1115326
85 1 1115377
76 0 1115486
76 1 1115579
32 0 1115646
68 0 1115737
32 1 1115763
68 1 1115818
69 0 1115925
69 1 1116000
32 0 1116062
32 1 1116222
73 0 1116566
73 1 1116641
78 0 1116763
78 1 1116835
86 0 1116980
86 1 1117033
65 0 1117073
65 1 1117152
84 0 1117215
84 1 1117299
65 0 1117370
65 1 1117429
77 0 1117612
77 1 1117656
65 0 1117729
65 1 1117802
78 0 1117839
78 1 1117899
84 0 1118077
84 1 1118142
32 0 1118240
32 1 1118383
78 0 1119821
78 1 1119881
69 0 1119929
69 1 1120001
67 0 1120085
67 1 1120168
69 0 1120228
69 1 1120320
83 0 1120529
83 1 1120632
73 0 1120722
73 1 1120805
84 0 1120950
84 1 1121025
65 0 1121098
65 1 1121209
32 0 1121248
32 1 1121371
79 0 1122249
79 1 1122322
32 0 1122383
32 1 1122506
73 0 1125999
73 1 1126064
77 0 1126229
77 1 1126302
66 0 1126474
66 1 1126546
85 0 1126896
85 1 1126959
78 0 1127068
78 1 1127176
65 0 1127248
65 1 1127327
84 0 1127461
84 1 1127538
65 0 1127588
65 1 1127673
8 0 1128049
8 1 1128117
8 0 1128195
8 1 1128271
8 0 1128344
8 1 1128419
8 0 1128496
8 1 1128560
8 0 1128661
8 1 1128707
8 0 1128783
8 1 1128851
8 0 1128919
8 1 1128994
8 0 1129062
8 1 1129149
82 0 1129664
82 1 1129743
69 0 1129831
69 1 1129927
70 0 1130021
70 1 1130109
79 0 1130428
79 1 1130519
82 0 1130613
82 1 1130693
77 0 1130773
77 1 1130824
65 0 1130964
65 1 1131044
32 0 1131103
32 1 1131223
67 0 1131578
67 1 1131646
65 0 1131715
65 1 1131823
80 0 1132190
80 1 1132257
73 0 1132350
73 1 1132410
84 0 1132664
84 1 1132724
65 0 1132819
65 1 1132879
76 0 1132997
76 1 1133041
65 0 1133095
65 1 1133163
190 0 1133267
190 1 1133410
32 0 1133425
32 1 1133617
8 0 1133984
8 1 1134044
8 0 1134127
8 1 1134211
32 0 1134474
32 1 1134577
67 0 1136023
67 1 1136120
8 0 1136422
8 1 1136513
69 0 1137034
69 1 1137123
76 0 1137204
76 1 1137275
69 0 1137333
69 1 1137405
86 0 1137563
86 1 1137642
73 0 1137880
73 1 1137940
73 0 1138023
73 1 1138115
32 0 1138191
32 1 1138319
84 0 1139087
84 1 1139174
82 0 1139256
82 1 1139319
69 0 1139415
69 1 1139526
66 0 1139558
66 1 1139618
85 0 1139811
85 1 1139874
73 0 1140014
73 1 1140109
69 0 1140443
69 1 1140531
32 0 1140742
32 1 1140909
70 0 1142421
70 1 1142496
79 0 1142598
79 1 1142670
82 0 1142940
82 1 1142999
77 0 1143075
77 1 1143151
65 0 1143267
65 1 1143354
84 0 1144207
84 1 1144274
73 0 1144538
73 1 1144658
32 0 1144766
32 1 1144922
73 0 1145665
73 1 1145732
78 0 1145861
78 1 1145981
32 0 1146044
32 1 1146160
8 0 1146478
8 1 1146541
8 0 1146628
8 1 1146700
8 0 1146780
8 1 1146871
67 0 1147010
67 1 1147085
85 0 1147173
85 1 1147260
32 0 1147305
32 1 1147433
80 0 1147803
80 1 1147891
65 0 1147954
65 1 1148033
83 0 1148176
83 1 1148253
73 0 1148551
73 1 1148622
85 0 1148728
85 1 1148795
78 0 1148982
78 1 1149059
69 0 1149302
69 1 1149371
65 0 1149530
65 1 1149640
32 0 1149665
32 1 1149779
76 0 1149925
76 1 1149985
79 0 1150079
79 1 1150143
82 0 1150246
82 1 1150361
32 0 1150390
32 1 1150538
83 0 1154846
83 1 1154929
73 0 1154993
73 1 1155133
32 0 1155170
32 1 1155313
79 0 1155796
79 1 1155956
82 0 1156105
82 1 1156208
73 0 1156332
73 1 1156405
69 0 1156442
69 1 1156542
78 0 1156557
78 1 1156644
84 0 1156804
84 1 1156871
65 0 1156942
65 1 1157026
84 0 1157067
84 1 1157131
73 0 1157294
73 1 1157409
32 0 1157459
32 1 1157614
83 0 1157838
83 1 1157950
80 0 1157958
80 1 1158054
82 0 1158138
82 1 1158230
69 0 1158331
69 1 1158450
32 0 1158459
32 1 1158566
67 0 1158787
67 1 1158914
69 0 1159050
69 1 1159157
32 0 1159226
32 1 1159349
8 0 1162093
8 1 1162160
8 0 1162247
8 1 1162329
8 0 1162399
8 1 1162471
67 0 1164061
67 1 1164160
69 0 1164217
69 1 1164316
32 0 1164380
32 1 1164492
83 0 1164655
83 1 1164726
69 0 1164884
69 1 1164948
32 0 1165007
32 1 1165098
8 0 1166689
8 1 1166788
8 0 1166902
8 1 1166981
8 0 1167075
8 1 1167146
8 0 1167239
8 1 1167315
8 0 1167409
8 1 1167481
8 0 1167572
8 1 1167632
8 0 1167724
8 1 1167766
32 0 1168679
32 1 1168914
86 0 1169508
86 1 1169604
73 0 1170305
73 1 1170361
73 0 1170521
73 1 1170529
79 0 1170850
79 1 1170974
82 0 1171198
82 1 1171339
8 0 1171716
8 1 1171879
84 0 1172378
84 1 1172493
79 0 1172799
79 1 1172924
82 0 1172935
82 1 1173083
32 0 1173092
32 1 1173215
8 0 1173352
8 1 1173439
8 0 1173516
8 1 1173592
8 0 1173632
8 1 1173708
8 0 1173744
8 1 1173816
8 0 1173859
8 1 1173946
84 0 1174679
84 1 1174758
79 0 1174986
79 1 1175138
82 0 1175322
82 1 1175459
32 0 1175507
32 1 1175643
80 0 1179553
80 1 1179638
82 0 1179729
82 1 1179828
73 0 1179878
73 1 1179926
78 0 1180057
78 1 1180165
32 0 1180251
32 1 1180375
73 0 1182154
73 1 1182221
78 0 1182483
78 1 1182539
86 0 1182785
86 1 1182861
8 0 1184767
8 1 1184854
86 0 1186003
86 1 1186181
65 0 1186190
65 1 1186286
84 0 1186364
84 1 1186480
65 0 1186488
65 1 1186564
82 0 1186682
82 1 1186770
69 0 1186812
69 1 1186916
32 0 1186966
32 1 1187126
76 0 1187682
76 1 1187738
79 0 1187848
79 1 1187922
71 0 1188109
71 1 1188184
73 0 1188437
73 1 1188520
67 0 1188670
67 1 1188750
65 0 1188804
65 1 1188932
32 0 1188962
32 1 1189126
83 0 1189339
83 1 1189467
73 0 1189549
73 1 1189673
32 0 1189839
32 1 1190059
8 0 1191222
8 1 1191481
8 0 1191563
8 1 1191895
8 0 1192070
8 1 1192185
83 0 1192633
83 1 1192764
73 0 1192783
73 1 1192899
32 0 1192911
32 1 1193015
8 0 1193637
8 1 1193713
8 0 1193814
8 1 1193906
8 0 1194199
8 1 1194311
8 0 1194559
8 1 1194639
190 0 1195121
190 1 1195273
32 0 1195305
32 1 1195433
16 0 1267353
73 0 1267662
16 1 1267766
73 1 1267768
78 0 1267931
78 1 1268016
32 0 1268119
32 1 1268295
79 0 1268912
79 1 1268980
73 0 1269160
73 1 1269232
8 0 1269564
8 1 1269634
8 0 1269711
8 1 1269787
80 0 1270316
80 1 1270388
73 0 1270547
73 1 1270623
67 0 1270869
67 1 1270928
84 0 1271145
84 1 1271212
85 0 1271361
85 1 1271447
82 0 1271594
82 1 1271671
65 0 1271851
65 1 1271926
32 0 1272060
32 1 1272167
79 0 1274335
79 1 1274379
66 0 1274721
66 1 1274784
83 0 1275122
83 1 1275189
69 0 1275297
69 1 1275380
82 0 1275469
82 1 1275552
86 0 1275845
86 1 1275933
32 0 1276024
32 1 1276156
85 0 1276688
85 1 1276749
78 0 1276875
78 1 1277014
32 0 1277022
32 1 1277114
71 0 1277247
71 1 1277351
82 0 1277556
82 1 1277611
85 0 1277818
85 1 1277885
80 0 1278018
80 1 1278125
32 0 1278147
32 1 1278331
68 0 1281442
68 1 1281501
69 0 1281683
69 1 1281775
32 0 1281811
32 1 1281967
79 0 1282896
79 1 1282954
65 0 1283430
65 1 1283510
77 0 1283896
77 1 1283964
69 0 1284261
69 1 1284340
78 0 1284640
78 1 1284690
73 0 1284972
73 1 1285025
32 0 1285224
32 1 1285408
70 0 1287162
70 1 1287209
73 0 1287460
73 1 1287532
69 0 1287696
69 1 1287792
32 0 1287837
32 1 1287945
73 0 1299084
73 1 1299147
78 0 1299284
78 1 1299419
32 0 1299431
32 1 1299519
86 0 1299594
86 1 1299685
65 0 1300039
65 1 1300094
82 0 1300243
82 1 1300318
83 0 1300395
83 1 1300454
84 0 1300572
84 1 1300664
65 0 1300775
65 1 1300851
32 0 1300944
32 1 1301075
70 0 1302326
70 1 1302410
73 0 1302692
73 1 1302757
69 0 1302939
69 1 1303032
32 0 1303063
32 1 1303171
84 0 1303263
84 1 1303334
73 0 1303541
73 1 1303592
78 0 1303755
78 1 1303807
69 0 1304029
69 1 1304104
82 0 1304199
82 1 1304279
73 0 1304639
73 1 1304724
32 0 1304786
32 1 1304904
67 0 1310690
67 1 1310753
65 0 1310964
65 1 1311016
82 0 1311180
82 1 1311243
69 0 1311304
69 1 1311400
32 0 1311445
32 1 1311568
73 0 1311713
73 1 1311773
78 0 1311939
78 1 1312007
86 0 1312180
86 1 1312255
65 0 1312435
65 1 1312498
84 0 1312629
84 1 1312733
65 0 1312804
65 1 1312895
32 0 1312984
32 1 1313084
188 0 1323720
188 1 1323820
32 0 1323938
32 1 1324069
70 0 1338875
70 1 1338929
73 0 1339181
73 1 1339257
69 0 1339442
69 1 1339542
32 0 1339572
32 1 1339660
67 0 1339753
67 1 1339814
73 0 1340004
73 1 1340095
84 0 1340265
84 1 1340337
69 0 1340492
69 1 1340564
83 0 1340673
83 1 1340769
67 0 1341191
67 1 1341318
32 0 1341396
32 1 1341508
8 0 1342320
8 1 1342435
77 0 1342684
77 1 1342730
188 0 1343332
188 1 1343354
8 0 1343737
8 1 1343816
8 0 1343895
8 1 1343970
8 0 1345429
8 1 1345532
8 0 1345606
8 1 1345698
83 0 1346583
83 1 1346663
67 0 1346799
67 1 1346895
32 0 1347001
32 1 1347089
188 0 1347309
188 1 1347408
32 0 1347438
32 1 1347542
83 0 1347752
83 1 1347824
67 0 1347942
67 1 1348041
82 0 1348179
82 1 1348238
73 0 1348414
73 1 1348506
85 0 1348563
85 1 1348676
32 0 1348697
32 1 1348813
83 0 1351311
83 1 1351370
65 0 1351472
65 1 1351516
85 0 1351859
85 1 1351946
32 0 1351988
32 1 1352155
86 0 1353591
86 1 1353646
79 0 1354344
79 1 1354396
82 0 1354684
82 1 1354749
66 0 1354927
66 1 1355015
69 0 1355274
69 1 1355354
83 0 1355468
83 1 1355540
67 0 1355696
67 1 1355790
32 0 1355928
32 1 1356152
73 0 1356627
73 1 1356695
78 0 1356824
78 1 1356895
84 0 1357110
84 1 1357178
82 0 1357286
82 1 1357373
69 0 1357452
69 1 1357556
32 0 1357608
32 1 1357695
69 0 1357786
69 1 1357853
73 0 1358204
73 1 1358283
32 0 1358353
32 1 1358441
8 0 1363520
8 1 1363585
8 0 1363660
8 1 1363737
8 0 1363803
8 1 1363884
8 0 1363957
8 1 1364018
8 0 1364091
8 1 1364223
8 0 1364271
8 1 1364344
8 0 1364388
8 1 1364472
8 0 1364510
8 1 1364594
8 0 1364638
8 1 1364718
73 0 1365274
73 1 1365293
8 0 1365567
8 1 1365643
85 0 1365794
85 1 1365851
78 0 1365995
78 1 1366075
73 0 1366593
73 1 1366652
73 0 1366733
73 1 1366829
32 0 1366859
32 1 1367007
67 0 1367324
67 1 1367379
85 0 1367783
85 1 1367854
32 0 1367937
32 1 1368053
67 0 1368356
67 1 1368436
69 0 1368690
69 1 1368753
73 0 1369162
73 1 1369202
76 0 1369444
76 1 1369498
65 0 1369943
65 1 1370012
76 0 1370324
76 1 1370373
84 0 1370578
84 1 1370644
73 0 1370808
73 1 1370894
32 0 1370939
32 1 1371078
8 0 1371156
8 1 1371268
190 0 1371521
190 1 1371652
32 0 1371667
32 1 1371811
16 0 1372332
80 0 1372530
16 1 1372611
80 1 1372643
73 0 1373336
73 1 1373399
67 0 1373638
67 1 1373701
84 0 1373843
84 1 1373914
85 0 1374040
85 1 1374115
82 0 1374225
82 1 1374300
65 0 1374469
65 1 1374572
32 0 1374681
32 1 1374745
70 0 1374830
70 1 1374882
65 0 1375010
65 1 1375065
67 0 1375248
67 1 1375311
69 0 1375428
69 1 1375504
32 0 1375575
32 1 1375670
80 0 1375950
80 1 1376017
65 0 1376286
65 1 1376341
82 0 1376600
82 1 1376684
84 0 1376766
84 1 1376857
69 0 1376953
69 1 1377057
32 0 1377155
32 1 1377246
68 0 1378189
68 1 1378264
69 0 1378427
69 1 1378519
32 0 1379656
32 1 1379827
16 0 1392695
16 1 1395371
16 0 1406796
68 0 1407150
68 1 1407278
16 1 1407343
8 0 1408606
8 1 1408685
8 0 1413047
8 0 1413547
8 0 1413631
8 0 1413714
8 0 1413798
8 0 1413882
8 0 1413966
8 0 1414051
8 0 1414135
8 0 1414220
8 0 1414304
8 0 1414387
8 0 1414471
8 0 1414555
8 0 1414639
8 0 1414723
8 0 1414808
8 0 1414892
8 0 1414976
8 0 1415061
8 0 1415145
8 1 1415179
8 0 1415457
8 1 1415588
16 0 1427474
68 0 1427756
68 1 1427804
16 1 1427808
65 0 1427949
65 1 1428049
82 0 1428078
82 1 1428174
32 0 1428220
32 1 1428296
65 0 1428345
65 1 1428521
84 0 1428938
84 1 1429050
69 0 1429131
69 1 1429219
78 0 1429301
78 1 1429357
84 0 1429889
84 1 1429949
73 0 1430094
73 1 1430198
65 0 1430239
65 1 1430347
32 0 1430391
32 1 1430543
69 0 1431756
69 1 1431793
83 0 1431914
83 1 1432025
84 0 1432063
84 1 1432139
69 0 1432167
69 1 1432247
32 0 1432309
32 1 1432437
68 0 1432468
68 1 1432564
73 0 1432668
73 1 1432752
82 0 1433078
82 1 1433165
73 0 1433286
73 1 1433334
72 0 1433498
72 1 1433568
8 0 1433849
8 1 1433891
74 0 1434034
74 1 1434102
65 0 1434158
65 1 1434230
84 0 1434313
84 1 1434359
65 0 1434412
65 1 1434496
32 0 1434550
32 1 1434681
83 0 1434969
83 1 1435041
80 0 1435144
80 1 1435200
82 0 1435294
82 1 1435362
69 0 1435463
69 1 1435575
32 0 1435577
32 1 1435695
67 0 1436215
67 1 1436291
69 0 1436359
69 1 1436459
78 0 1436515
78 1 1436591
84 0 1436741
84 1 1436813
82 0 1436893
82 1 1436969
85 0 1437025
85 1 1437059
76 0 1437216
76 1 1437352
32 0 1437382
32 1 1437590
80 0 1439992
80 1 1440040
73 0 1440145
73 1 1440221
67 0 1440335
67 1 1440431
84 0 1440474
84 1 1440534
85 0 1440676
85 1 1440759
82 0 1440813
82 1 1440905
73 0 1440973
73 1 1441190
73 0 1441712
73 1 1441820
32 0 1441893
32 1 1442029
85 0 1444499
85 1 1444551
78 0 1444664
78 1 1444748
68 0 1444777
68 1 1444857
69 0 1444943
69 1 1445063
32 0 1445065
32 1 1445179
85 0 1445304
85 1 1445360
78 0 1445546
78 1 1445602
69 0 1445699
69 1 1445787
76 0 1445878
76 1 1445974
69 0 1446051
69 1 1446139
32 0 1446266
32 1 1446538
8 0 1447186
8 1 1447265
8 0 1447347
8 1 1447422
8 0 1447498
8 1 1447573
8 0 1447642
8 1 1447818
8 0 1447870
8 1 1447937
8 0 1447982
8 1 1448038
83 0 1448353
83 1 1448476
85 0 1448499
85 1 1448558
78 0 1448675
78 1 1448762
84 0 1448887
84 1 1448970
32 0 1449010
32 1 1449097
80 0 1449164
80 1 1449259
69 0 1449284
69 1 1449351
82 0 1449437
82 1 1449509
83 0 1449690
83 1 1449824
79 0 1449881
79 1 1449936
78 0 1450063
78 1 1450138
65 0 1450201
65 1 1450276
74 0 1450358
74 1 1450421
69 0 1450492
69 1 1450564
32 0 1450640
32 1 1450743
8 0 1452585
8 1 1452704
76 0 1453571
76 1 1453666
69 0 1453729
69 1 1453881
32 0 1454144
32 1 1454355
80 0 1455210
80 1 1455306
82 0 1455350
82 1 1455458
73 0 1455486
73 1 1455558
78 0 1455691
78 1 1455762
67 0 1455834
67 1 1455937
73 0 1455991
73 1 1456050
80 0 1456186
80 1 1456250
65 0 1456312
65 1 1456391
76 0 1456456
76 1 1456516
69 0 1456846
69 1 1456942
32 0 1457056
32 1 1457168
83 0 1462523
83 1 1462567
65 0 1462703
65 1 1462803
85 0 1462831
85 1 1462943
32 0 1462990
32 1 1463073
67 0 1463082
67 1 1463154
85 0 1463220
85 1 1463304
32 0 1464455
32 1 1464642
85 0 1467209
85 1 1467268
78 0 1467410
78 1 1467497
32 0 1467571
32 1 1467654
65 0 1467691
76 0 1467819
65 1 1467827
76 1 1467875
84 0 1468047
84 1 1468126
32 0 1468188
32 1 1468291
83 0 1468544
83 1 1468647
84 0 1468752
84 1 1468835
65 0 1468885
65 1 1468969
84 0 1469037
84 1 1469088
85 0 1469241
85 1 1469309
84 0 1469483
84 1 1469581
32 0 1469729
32 1 1469848
83 0 1471871
83 1 1471998
79 0 1472032
79 1 1472108
67 0 1472181
67 1 1472253
73 0 1472292
73 1 1472352
65 0 1472457
65 1 1472553
76 0 1472557
76 1 1472677
32 0 1472711
32 1 1472826
8 0 1490086
8 1 1490133
188 0 1490404
188 1 1490507
8 0 1490841
8 1 1490877
190 0 1491112
190 1 1491264
32 0 1491322
32 1 1491437
16 0 1491571
70 0 1492123
16 1 1492202
70 1 1492242
73 0 1492340
73 1 1492412
69 0 1492464
69 1 1492556
67 0 1492633
67 1 1492720
65 0 1492808
65 1 1492868
82 0 1492935
82 1 1492995
69 0 1493034
69 1 1493106
32 0 1493136
32 1 1493268
80 0 1493744
80 1 1493824
69 0 1493912
69 1 1493983
82 0 1494069
82 1 1494153
83 0 1494377
83 1 1494505
79 0 1494717
79 1 1494769
78 0 1494935
78 1 1495006
65 0 1495077
65 1 1495165
74 0 1495206
74 1 1495274
32 0 1495352
69 0 1495460
32 1 1495468
69 1 1495536
83 0 1495666
83 1 1495750
84 0 1495803
84 1 1495899
69 0 1495922
69 1 1495990
32 0 1496062
32 1 1496238
79 0 1497182
79 1 1497278
67 0 1497363
67 1 1497460
85 0 1497552
85 1 1497608
80 0 1497703
80 1 1497775
65 0 1497870
65 1 1497962
84 0 1497991
84 1 1498103
32 0 1498138
67 0 1498227
32 1 1498237
67 1 1498326
85 0 1498395
85 1 1498503
32 0 1498526
32 1 1498714
73 0 1499119
73 1 1499183
78 0 1499342
78 1 1499378
78 0 1499453
78 1 1499560
8 0 1500241
8 1 1500325
86 0 1500775
86 1 1500855
65 0 1501722
65 1 1501886
84 0 1502071
84 1 1502158
65 0 1502208
65 1 1502304
82 0 1502354
82 1 1502445
69 0 1502544
69 1 1502624
65 0 1502686
65 1 1502765
32 0 1502889
32 1 1502945
8 0 1503136
8 1 1503203
188 0 1503595
188 1 1503698
32 0 1503753
32 1 1503901
71 0 1512269
71 1 1512349
65 0 1512386
65 1 1512486
78 0 1512505
78 1 1512593
68 0 1512679
68 1 1512754
73 0 1512818
73 1 1512889
82 0 1512982
82 1 1513080
69 0 1513169
69 1 1513269
65 0 1513411
65 1 1513530
32 0 1513589
32 1 1513700
8 0 1513806
8 1 1513886
188 0 1514289
188 1 1514391
32 0 1514468
32 1 1514621
67 0 1517396
67 1 1517510
73 0 1517720
73 1 1517831
84 0 1518482
84 1 1518566
73 0 1518709
73 1 1518800
82 0 1518986
82 1 1519105
69 0 1519150
69 1 1519213
65 0 1519375
32 0 1519515
65 1 1519538
32 1 1519675
8 0 1519851
8 1 1519997
188 0 1520475
188 1 1520631
32 0 1520720
32 1 1520881
8 0 1562682
8 1 1562733
8 0 1562827
8 1 1562907
190 0 1563909
190 1 1564021
32 0 1564232
32 1 1564327
16 0 1572632
83 0 1574195
83 1 1574287
16 1 1574531
67 0 1574716
67 1 1574844
69 0 1575147
69 1 1575267
78 0 1575477
78 1 1575528
69 0 1575652
69 1 1575716
76 0 1575797
76 1 1575908
69 0 1575953
69 1 1576028
32 0 1576140
32 1 1576316
8 0 1576844
8 1 1576939
8 0 1577018
8 1 1577105
8 0 1577169
8 1 1577275
8 0 1577312
8 1 1577611
65 0 1578223
65 1 1578334
32 0 1578415
32 1 1578602
83 0 1578719
83 1 1578830
69 0 1578935
69 1 1579010
32 0 1579104
32 1 1579251
80 0 1579408
80 1 1579567
69 0 1579739
69 1 1579831
84 0 1580077
84 1 1580193
82 0 1580229
82 1 1580301
69 0 1580426
69 1 1580517
67 0 1580546
67 1 1580637
69 0 1580696
69 1 1580807
32 0 1580917
32 1 1581204
73 0 1581970
73 1 1582034
78 0 1582135
78 1 1582258
84 0 1582382
84 1 1582457
82 0 1582581
82 1 1582660
189 0 1582968
189 1 1583028
79 0 1583199
79 1 1583274
32 0 1583374
32 1 1583558
73 0 1584726
73 1 1584789
78 0 1585369
78 1 1585437
83 0 1585865
83 1 1585980
84 0 1586060
84 1 1586120
85 0 1586312
73 0 1586324
73 1 1586375
85 1 1586378
84 0 1586532
84 1 1586604
85 0 1586742
85 1 1586822
84 0 1586967
84 1 1587035
73 0 1587166
73 1 1587265
69 0 1587304
69 1 1587412
32 0 1587483
32 1 1587578
68 0 1587583
68 1 1587647
69 0 1587740
69 1 1587843
32 0 1587893
32 1 1588028
73 0 1588601
73 1 1588668
78 0 1588811
78 1 1588911
86 0 1589043
86 1 1589122
65 0 1589146
65 1 1589265
84 0 1589310
84 1 1589377
65 0 1589429
65 1 1589504
77 0 1591728
77 1 1591823
65 0 1591885
78 0 1592001
65 1 1592010
78 1 1592060
84 0 1592283
84 1 1592354
32 0 1592418
32 1 1592558
73 0 1593317
73 1 1593384
78 0 1593511
78 1 1593603
32 0 1593706
32 1 1593813
16 0 1593923
82 0 1594123
82 1 1594234
16 1 1594247
79 0 1594736
79 1 1594788
77 0 1594970
77 1 1595030
65 0 1595476
65 1 1595611
32 0 1595670
32 1 1595998
65 0 1596057
65 1 1596180
78 0 1596260
78 1 1596319
84 0 1596507
84 1 1596579
73 0 1596710
73 1 1596777
67 0 1596901
67 1 1596996
65 0 1597071
65 1 1597194
32 0 1597213
32 1 1597345
8 0 1597498
8 1 1597594
68 0 1603794
68 1 1603853
73 0 1603910
73 1 1603962
78 0 1604117
78 1 1604217
32 0 1604284
32 1 1604424
32 0 1607024
32 1 1607059
80 0 1618441
80 1 1618578
8 0 1618860
8 1 1618964
82 0 1619125
82 1 1619221
69 0 1619337
69 1 1619477
80 0 1619537
80 1 1619605
82 0 1619818
82 1 1619918
69 0 1619969
69 1 1620056
90 0 1620297
90 1 1620385
69 0 1620499
69 1 1620578
78 0 1620587
78 1 1620670
84 0 1620796
84 1 1620859
65 0 1620919
65 1 1620990
84 0 1621118
84 1 1621213
65 0 1621316
65 1 1621404
32 0 1621475
32 1 1621602
68 0 1621746
68 1 1621849
69 0 1621901
69 1 1622013
32 0 1622042
32 1 1622230
68 0 1626281
68 1 1626366
69 0 1626460
69 1 1626536
67 0 1626694
67 1 1626758
79 0 1626842
79 1 1626906
82 0 1626981
82 1 1627077
85 0 1627143
85 1 1627187
76 0 1627316
76 1 1627443
32 0 1627477
32 1 1627669
70 0 1628368
70 1 1628460
8 0 1628990
8 1 1629086
83 0 1629480
83 1 1629583
80 0 1630126
80 1 1630250
69 0 1630347
69 1 1630422
67 0 1631117
67 1 1631209
73 0 1631314
73 1 1631378
70 0 1631470
70 1 1631537
73 0 1631652
73 1 1631727
67 0 1631786
67 1 1631850
32 0 1631948
32 1 1632091
8 0 1632143
8 1 1632211
190 0 1632436
190 1 1632540
32 0 1632600
32 1 1632750
16 0 1644924
79 0 1645299
79 1 1645415
16 1 1645427
65 0 1645889
65 1 1646008
77 0 1646017
77 1 1646081
69 0 1646179
69 1 1646250
78 0 1646262
78 1 1646338
73 0 1646493
73 1 1646565
32 0 1646614
32 1 1646746
68 0 1646793
68 1 1646864
69 0 1646959
69 1 1647067
32 0 1647122
32 1 1647282
8 0 1647469
8 1 1647552
8 0 1647648
8 1 1647720
8 0 1647812
8 1 1647884
8 0 1647975
8 1 1648071
73 0 1648272
73 1 1648348
32 0 1648436
32 1 1648600
68 0 1649124
68 1 1649219
69 0 1649296
32 0 1649388
69 1 1649401
32 1 1649509
65 0 1649558
65 1 1649653
84 0 1649699
84 1 1649762
85 0 1649888
85 1 1649952
78 0 1650077
78 1 1650165
67 0 1650240
67 1 1650355
73 0 1650378
32 0 1650482
73 1 1650493
32 1 1650618
80 0 1651255
80 1 1651326
65 0 1651398
65 1 1651501
82 0 1651593
82 1 1651676
69 0 1651729
69 1 1651789
65 0 1651926
65 1 1652017
85 0 1652178
85 1 1652297
32 0 1652329
32 1 1652497
67 0 1652871
67 1 1652959
65 0 1653025
65 1 1653132
32 0 1653291
32 1 1653426
84 0 1653622
84 1 1653681
82 0 1653760
82 1 1653843
65 0 1653921
65 1 1654004
73 0 1654056
73 1 1654123
69 0 1654210
69 1 1654265
83 0 1654387
67 0 1654480
83 1 1654499
67 1 1654575
32 0 1654669
32 1 1654768
66 0 1654955
66 1 1655010
73 0 1655197
73 1 1655236
78 0 1655371
78 1 1655459
69 0 1655542
69 1 1655649
32 0 1655658
32 1 1655757
8 0 1657278
8 1 1657337
32 0 1657693
32 1 1657829
67 0 1657930
67 1 1658042
85 0 1658076
85 1 1658196
32 0 1658199
32 1 1658311
65 0 1658420
65 1 1658538
80 0 1658551
80 1 1658599
76 0 1658702
76 1 1658798
69 0 1658827
69 1 1658903
67 0 1658992
67 1 1659057
65 0 1659084
65 1 1659164
82 0 1659258
82 1 1659314
69 0 1659348
69 1 1659412
32 0 1659475
32 1 1659607
83 0 1659663
83 1 1659775
80 0 1659796
80 1 1659860
82 0 1659948
82 1 1660016
69 0 1660102
69 1 1660230
32 0 1660271
32 1 1660451
83 0 1660845
83 1 1660937
84 0 1661037
84 1 1661117
85 0 1661265
85 1 1661361
68 0 1661423
68 1 1661503
73 0 1661567
73 1 1661615
85 0 1661715
85 1 1661831
32 0 1661857
32 1 1662005
8 0 1662066
8 1 1662138
188 0 1662331
188 1 1662447
32 0 1662488
32 1 1662612
67 0 1666664
67 1 1666768
85 0 1666849
85 1 1666913
76 0 1667014
76 1 1667102
84 0 1667241
84 1 1667301
85 0 1667406
85 1 1667470
82 0 1667579
82 1 1667647
65 0 1667729
65 1 1667821
188 0 1668140
188 1 1668264
32 0 1668312
32 1 1668480
73 0 1669177
73 1 1669265
83 0 1669379
83 1 1669471
84 0 1669557
84 1 1669617
79 0 1669767
79 1 1669831
82 0 1669895
82 1 1669999
73 0 1670047
73 1 1670127
69 0 1670205
69 1 1670313
32 0 1670354
32 1 1670462
8 0 1670573
8 1 1670616
188 0 1670812
188 1 1670895
32 0 1670970
32 1 1671070
77 0 1671864
77 1 1671915
69 0 1672010
69 1 1672089
73 0 1672259
73 1 1672310
67 0 1672400
67 1 1672475
73 0 1672586
73 1 1672634
78 0 1672792
78 1 1672847
65 0 1672941
65 1 1673054
32 0 1673132
32 1 1673243
8 0 1673457
8 1 1673541
8 0 1673621
8 1 1673704
8 0 1673776
8 1 1673851
8 0 1673928
8 1 1673995
8 0 1674065
8 1 1674148
8 0 1674206
8 1 1674265
68 0 1674579
68 1 1674662
73 0 1675156
73 1 1675233
67 0 1675328
67 1 1675427
73 0 1675458
73 1 1675514
78 0 1675646
78 1 1675720
65 0 1675781
65 1 1675876
32 0 1675950
32 1 1676070
8 0 1676210
8 1 1676273
188 0 1677039
188 1 1677158
32 0 1677210
32 1 1677305
8 0 1678217
8 1 1678316
8 0 1678428
8 1 1678499
190 0 1678917
190 1 1679012
32 0 1679069
32 1 1679152
8 0 1679812
8 1 1679883
8 0 1679992
8 1 1680064
188 0 1680635
188 1 1680703
32 0 1680766
32 1 1680897
65 0 1680955
65 1 1681066
83 0 1681710
83 1 1681830
84 0 1681888
84 1 1681976
82 0 1682093
82 1 1682181
79 0 1682451
79 1 1682515
76 0 1682625
76 1 1682713
79 0 1682789
79 1 1682857
71 0 1683023
71 1 1683099
73 0 1683224
73 1 1683319
69 0 1683361
69 1 1683461
32 0 1683562
32 1 1683698
8 0 1683780
8 1 1683840
190 0 1684062
190 1 1684221
32 0 1684234
32 1 1684326
16 0 1688213
86 0 1688375
86 1 1688486
16 1 1688523
73 0 1689019
73 1 1689091
65 0 1689138
65 1 1689221
84 0 1689340
84 1 1689431
65 0 1689471
65 1 1689586
32 0 1689632
32 1 1689800
69 0 1691656
69 1 1691795
82 0 1692078
82 1 1692153
65 0 1692182
65 1 1692314
32 0 1692317
32 1 1692417
85 0 1692475
85 1 1692534
65 0 1692819
32 0 1692926
65 1 1692936
32 1 1693086
8 0 1693353
8 1 1693412
8 0 1693492
8 1 1693571
8 0 1693938
8 1 1694053
85 0 1694613
85 1 1694676
78 0 1694789
78 1 1694884
65 0 1694917
65 1 1695016
32 0 1695051
32 1 1695271
90 0 1695621
90 1 1695773
66 0 1695872
66 1 1695959
85 0 1696127
85 1 1696215
67 0 1696424
67 1 1696523
73 0 1696679
73 1 1696730
85 0 1696823
85 1 1696894
77 0 1697262
77 1 1697322
65 0 1697391
65 1 1697467
84 0 1697572
84 1 1697671
65 0 1697723
65 1 1697814
32 0 1697872
32 1 1697984
80 0 1704741
80 1 1704797
82 0 1704894
82 1 1704977
73 0 1705038
73 1 1705082
78 0 1705209
78 1 1705304
32 0 1705400
32 1 1705523
8 0 1708814
8 1 1708865
8 0 1708958
8 1 1709034
8 0 1709130
8 1 1709206
8 0 1709305
8 1 1709381
8 0 1709534
8 1 1709590
68 0 1710223
68 1 1710302
73 0 1710345
73 1 1710413
78 0 1710545
78 1 1710660
32 0 1710702
32 1 1710777
67 0 1710895
67 1 1710954
65 0 1710998
65 1 1711114
85 0 1711134
85 1 1711201
84 0 1711318
84 1 1711378
65 0 1711451
65 1 1711598
32 0 1711641
32 1 1711760
8 0 1712607
8 1 1712701
8 0 1712776
8 1 1712868
8 0 1712908
8 1 1712976
8 0 1713035
8 1 1713114
8 0 1713276
8 1 1713332
8 0 1713401
8 1 1713479
8 0 1713550
8 1 1713610
8 0 1713991
8 1 1714142
8 0 1714251
8 1 1714319
8 0 1715967
8 1 1716066
73 0 1717627
73 1 1717715
78 0 1717824
78 1 1717928
83 0 1717973
83 1 1718024
65 0 1718147
65 1 1718271
32 0 1718307
32 1 1718430
79 0 1720917
79 1 1721110
65 0 1721339
65 1 1721487
77 0 1721525
77 1 1721592
69 0 1721683
69 1 1721787
73 0 1722054
73 1 1722182
32 0 1722325
32 1 1722550
8 0 1722745
8 1 1722808
8 0 1722905
8 1 1722972
8 0 1723045
8 1 1723125
69 0 1723879
69 1 1723993
78 0 1724164
78 1 1724272
73 0 1724784
73 1 1724911
32 0 1725012
32 1 1725255
65 0 1726549
65 1 1726637
86 0 1726700
86 1 1726779
65 0 1726816
65 1 1726879
78 0 1726972
78 1 1727020
68 0 1727080
68 1 1727160
32 0 1727251
32 1 1727371
80 0 1727432
80 1 1727504
79 0 1727602
79 1 1727698
83 0 1727728
83 1 1727851
73 0 1727876
73 1 1727936
66 0 1728111
66 1 1728179
73 0 1728337
73 1 1728385
76 0 1728537
76 1 1728657
73 0 1728705
73 1 1728757
84 0 1728923
84 1 1729007
65 0 1729076
65 1 1729155
84 0 1729185
84 1 1729281
69 0 1729353
69 1 1729417
65 0 1729574
65 1 1729670
32 0 1729718
32 1 1729830
83 0 1730392
83 1 1730459
65 0 1730614
65 1 1730698
32 0 1730773
32 1 1730877
84 0 1731561
84 1 1731649
82 0 1731732
82 1 1731836
65 0 1731947
65 1 1732046
73 0 1732284
73 1 1732362
65 0 1732453
65 1 1732513
83 0 1732643
83 1 1732735
67 0 1732786
67 1 1732865
65 0 1732913
65 1 1732993
32 0 1733046
32 1 1733158
8 0 1733743
8 0 1734245
8 0 1734329
8 0 1734413
8 0 1734497
8 0 1734582
8 0 1734665
8 0 1734749
8 0 1734834
8 0 1734918
8 0 1735002
8 0 1735087
8 0 1735170
8 0 1735253
8 0 1735337
8 0 1735421
8 0 1735505
8 0 1735589
8 0 1735674
8 0 1735758
8 0 1735843
8 0 1735927
8 0 1736011
8 0 1736095
8 0 1736180
8 0 1736264
8 0 1736347
8 1 1736394
8 0 1737370
8 1 1737456
8 0 1737585
8 1 1737656
8 0 1737762
8 1 1737841
8 0 1737940
8 1 1738023
8 0 1738115
8 1 1738194
8 0 1739016
8 0 1739517
8 0 1739601
8 0 1739685
8 0 1739771
8 0 1739854
8 0 1739938
8 0 1740021
8 0 1740105
8 1 1740144
83 0 1741913
83 1 1741992
65 0 1742102
65 1 1742222
32 0 1742746
32 1 1742862
8 0 1743005
8 1 1743081
8 0 1743161
8 1 1743377
8 0 1743604
8 1 1743704
65 0 1743766
65 1 1743866
32 0 1743914
32 1 1744114
79 0 1744543
79 1 1744607
65 0 1744813
65 1 1744905
77 0 1744963
77 1 1745005
69 0 1745107
69 1 1745175
78 0 1745191
78 1 1745235
73 0 1745412
73 1 1745456
73 0 1745533
73 1 1745637
32 0 1745702
32 1 1745814
80 0 1747248
80 1 1747311
65 0 1747412
65 1 1747500
82 0 1747652
82 1 1747740
69 0 1747784
69 1 1747860
65 0 1747999
65 1 1748122
85 0 1748292
85 1 1748408
32 0 1748434
32 1 1748566
70 0 1765784
70 1 1765922
69 0 1766252
69 1 1766400
82 0 1766908
82 1 1766991
73 0 1767092
73 1 1767157
67 0 1767202
67 1 1767297
73 0 1767366
73 1 1767437
84 0 1767570
84 1 1767693
73 0 1767719
73 1 1767794
190 0 1768073
190 1 1768172
32 0 1768249
32 1 1768429
