20 0 52913
83 0 53116
83 1 53264
20 1 53428
8 0 53895
8 1 54011
83 0 54195
83 1 54327
20 0 54592
8 0 54831
8 1 54983
83 0 54991
83 1 55107
20 1 55272
65 0 55561
65 1 55716
76 0 55761
76 1 55845
85 0 56025
85 1 56184
84 0 56218
84 1 56345
65 0 56418
65 1 56493
82 0 56526
82 1 56689
69 0 56706
69 1 56801
188 0 56866
188 1 57024
32 0 57136
32 1 57268
65 0 57398
65 1 57513
70 0 58007
70 1 58130
8 0 58405
8 1 58517
8 0 58597
8 1 58668
8 0 58781
8 1 58876
8 0 58977
8 1 59036
8 0 59149
8 1 59168
69 0 60213
69 1 60329
16 0 60370
49 0 60587
49 1 60718
16 1 60790
32 0 60830
32 1 60917
20 0 61694
65 0 61904
65 1 62047
20 1 62178
70 0 62456
70 1 62611
65 0 62713
65 1 62820
82 0 62915
82 1 63046
65 0 63073
32 0 63225
65 1 63232
32 1 63320
80 0 63554
80 1 63683
76 0 63831
76 1 63982
79 0 64131
79 1 64274
85 0 64702
85 1 64822
65 0 65012
65 1 65148
32 0 65180
32 1 65300
76 0 65836
76 1 65952
73 0 66109
73 1 66244
78 0 66361
78 1 66480
73 0 66569
73 1 66677
83 0 66719
83 1 66831
84 0 66925
84 1 67041
73 0 67124
73 1 67240
84 0 67298
84 1 67414
32 0 68015
32 1 68138
83 0 68329
83 1 68473
73 0 68562
73 1 68661
32 0 68752
32 1 68820
73 0 68889
73 1 68977
78 0 69187
78 1 69297
32 0 69378
32 1 69485
67 0 69656
67 1 69771
65 0 69875
65 1 70006
83 0 70093
65 0 70205
83 1 70284
65 1 70345
32 0 70345
32 1 70440
65 0 70541
65 1 70632
82 0 70846
82 1 70933
32 0 71742
32 1 71880
67 0 72172
67 1 72303
73 0 72430
73 1 72477
8 0 73331
8 1 73453
79 0 73644
79 1 73763
80 0 73969
80 1 74076
65 0 74179
65 1 74306
67 0 74465
67 1 74595
73 0 74670
73 1 74757
73 0 74851
73 1 74950
32 0 75090
32 1 75241
68 0 75426
68 1 75541
69 0 75623
69 1 75757
32 0 75805
32 1 75940
76 0 76073
76 1 76184
8 0 76545
8 1 76665
65 0 76682
65 1 76781
84 0 77001
84 1 77109
65 0 77237
65 1 77372
84 0 77493
84 1 77596
65 0 78177
65 1 78312
32 0 78438
32 1 78545
70 0 78669
70 1 78777
82 0 78898
82 1 78997
73 0 79144
73 1 79284
71 0 79325
71 1 79488
32 0 79521
32 1 79637
83 0 80017
83 1 80141
73 0 81694
73 1 81829
32 0 81923
32 1 82062
86 0 82226
86 1 82353
65 0 82464
65 1 82595
78 0 82683
78 1 82823
68 0 82869
68 1 82937
32 0 83248
32 1 83379
67 0 83544
67 1 83658
65 0 83794
65 1 83938
32 0 83957
32 1 84076
78 0 84129
78 1 84284
73 0 84519
73 1 84654
32 0 84811
32 1 84950
83 0 85137
83 1 85284
189 0 85527
189 1 85678
65 0 86392
65 1 86510
85 0 86746
85 1 86921
32 0 87128
32 1 87287
73 0 87314
73 1 87437
78 0 87613
67 0 87768
78 1 87770
67 1 87902
79 0 88004
79 1 88119
76 0 88338
76 1 88465
65 0 88596
65 1 88703
67 0 88848
67 1 88979
73 0 89069
73 1 89172
84 0 89336
84 1 89483
32 0 89506
32 1 89610
78 0 89821
78 1 89952
65 0 89964
65 1 90084
68 0 90206
68 1 90337
82 0 90471
82 1 90614
65 0 90631
65 1 90763
71 0 91470
71 1 91597
73 0 91698
73 1 91797
73 0 91931
73 1 92007
190 0 92714
190 1 92865
32 0 93669
32 1 93825
20 0 94077
72 0 94157
20 1 94294
72 1 94304
65 0 94518
65 1 94653
73 0 94740
73 1 94899
32 0 94974
32 1 95097
83 0 95274
65 0 95438
83 1 95461
32 0 95594
65 1 95598
32 1 95705
80 0 95850
80 1 95993
85 0 96203
85 1 96342
78 0 96509
78 1 96612
69 0 96637
69 1 96760
77 0 96894
77 1 97049
32 0 97085
32 1 97236
68 0 97441
68 1 97529
69 0 97662
69 1 97801
32 0 98044
32 1 98203
79 0 98401
79 1 98504
32 0 101062
32 1 101229
73 0 101858
73 1 101997
69 0 102044
69 1 102155
83 0 102285
83 1 102392
69 0 102620
69 1 102743
8 0 103774
8 1 103928
8 0 104015
8 1 104119
8 0 104197
8 1 104288
8 0 104366
8 1 104470
66 0 104505
66 1 104629
69 0 104797
69 1 104948
65 0 105131
65 1 105239
85 0 105277
85 1 105429
84 0 105730
84 1 105845
69 0 106033
69 1 106158
32 0 106229
32 1 106373
67 0 106567
67 1 106675
65 0 106793
65 1 106949
32 0 106957
32 1 107037
83 0 107126
65 0 107243
83 1 107307
32 0 107374
65 1 107382
32 1 107474
77 0 107676
77 1 107840
65 0 107874
65 1 107998
73 0 108016
73 1 108143
32 0 108305
32 1 108449
83 0 108621
83 1 108709
67 0 108864
67 1 108972
65 0 109057
65 1 109168
80 0 110107
80 1 110260
65 0 110283
65 1 110430
77 0 110562
77 1 110757
32 0 110842
32 1 111013
83 0 111253
83 1 111404
73 0 111426
73 1 111562
32 0 111658
32 1 111801
78 0 111867
78 1 111990
79 0 112262
79 1 112399
73 0 112573
73 1 112660
32 0 112790
32 1 112921
68 0 113047
68 1 113198
69 0 113275
69 1 113423
32 0 113427
32 1 113560
77 0 113870
77 1 114001
85 0 114132
85 1 114263
84 0 114506
84 1 114633
69 0 114719
32 0 114863
69 1 114874
32 1 114978
16 0 115500
186 0 115717
186 1 115852
48 0 116313
48 1 116428
48 0 116557
48 1 116640
16 1 116720
190 0 117055
190 1 117206
32 0 118840
32 1 119000
20 0 119263
65 0 119421
65 1 119553
20 1 119696
76 0 119873
76 1 119981
76 0 120109
76 1 120201
32 0 120457
32 1 120609
73 0 120712
73 1 120852
78 0 120993
78 1 121173
32 0 121185
32 1 121295
84 0 121484
84 1 121596
85 0 121707
85 1 121857
32 0 121870
32 1 122014
76 0 122440
76 1 122629
69 0 122646
69 1 122733
189 0 122915
189 1 123075
65 0 123091
65 1 123227
73 0 123359
73 1 123495
32 0 123557
32 1 123690
73 0 123719
73 1 123830
78 0 123924
86 0 124080
78 1 124087
86 1 124235
65 0 124337
65 1 124456
84 0 124560
84 1 124704
65 0 124778
65 1 124810
84 0 124956
84 1 124999
188 0 125804
188 1 125991
32 0 126004
32 1 126163
8 0 126637
8 1 126764
8 0 126846
8 1 126933
8 0 127025
8 1 127087
84 0 127675
84 1 127798
32 0 127841
32 1 127988
83 0 128090
83 1 128224
73 0 128288
32 0 128396
73 1 128405
32 1 128503
66 0 128782
66 1 128961
65 0 129028
65 1 129167
78 0 129184
78 1 129279
73 0 129433
73 1 129536
73 0 129640
32 0 129744
73 1 129748
32 1 129883
83 0 130061
83 1 130092
8 0 130552
8 1 130634
78 0 130904
78 1 131060
73 0 131239
73 1 131411
32 0 131527
32 1 131658
73 0 132063
73 1 132174
189 0 132380
189 1 132530
65 0 132548
65 1 132676
85 0 132833
85 1 133012
32 0 133078
32 1 133214
76 0 133347
76 1 133519
85 0 134942
85 1 135121
65 0 135319
65 1 135454
84 0 135622
84 1 135817
32 0 136011
32 1 136187
8 0 136806
8 1 136901
190 0 137218
190 1 137395
32 0 137546
32 1 137745
20 0 137971
65 0 138180
65 1 138311
20 1 138446
83 0 138727
83 1 138862
65 0 138981
65 1 139152
32 0 139194
32 1 139341
67 0 140235
67 1 140326
65 0 140587
65 1 140723
32 0 143409
32 1 143538
72 0 145765
72 1 145880
79 0 147225
79 1 147384
80 0 147726
80 1 147866
32 0 147896
32 1 148040
84 0 149223
84 1 149398
79 0 149502
79 1 149593
80 0 149865
32 0 149986
80 1 149988
32 1 150172
73 0 150251
73 1 150385
78 0 150558
32 0 150686
78 1 150697
32 1 150846
77 0 150887
65 0 151010
77 1 151025
65 1 151130
83 0 151225
83 1 151377
73 0 151381
73 1 151486
78 0 151587
78 1 151735
65 0 151743
65 1 151923
32 0 151924
32 1 152006
83 0 152082
83 1 152221
73 0 152226
73 1 152369
32 0 152386
32 1 152497
84 0 152736
84 1 152855
69 0 152946
69 1 153037
189 0 153136
189 1 153263
65 0 153333
65 1 153440
73 0 153660
73 1 153818
32 0 153959
32 1 154110
80 0 154331
80 1 154490
82 0 154513
69 0 154665
82 1 154700
69 1 154792
90 0 155024
90 1 155159
69 0 155381
69 1 155533
78 0 156375
78 1 156539
84 0 156603
84 1 156725
65 0 156793
65 1 156928
84 0 157005
32 0 157156
84 1 157180
32 1 157313
76 0 157453
76 1 157624
65 0 157624
65 1 157780
32 0 157798
32 1 157933
20 0 160382
73 0 160548
20 1 160617
73 1 160668
79 0 160956
79 1 161131
78 0 161299
78 1 161463
73 0 161566
73 1 161731
67 0 161743
67 1 161850
65 0 162031
65 1 162158
188 0 163131
188 1 163266
32 0 164316
32 1 164497
67 0 164693
67 1 164864
65 0 164915
65 1 165114
32 0 165164
32 1 165295
83 0 165376
65 0 165526
32 0 165628
83 1 165667
65 1 165683
32 1 165751
70 0 166818
70 1 166960
65 0 167151
65 1 167294
67 0 167458
67 1 167593
69 0 167725
69 1 167852
77 0 168046
77 1 168205
32 0 168326
32 1 168485
73 0 170676
73 1 170770
78 0 170884
84 0 171040
78 1 171045
84 1 171143
65 0 171229
65 1 171377
76 0 171445
76 1 171568
78 0 171705
78 1 171832
73 0 171933
73 1 172045
82 0 172125
69 0 172248
82 1 172284
69 1 172376
65 0 172437
32 0 172569
65 1 172605
32 1 172705
73 0 172877
73 1 172992
78 0 173141
78 1 173268
84 0 173312
84 1 173436
65 0 173690
65 1 173806
76 0 173881
76 1 174001
78 0 174175
78 1 174293
73 0 174402
73 1 174522
82 0 174654
69 0 174834
82 1 174893
69 1 174949
32 0 176501
32 1 176692
83 0 176803
83 1 176973
73 0 177013
73 1 177144
32 0 177290
32 1 177510
83 0 178190
83 1 178385
65 0 178504
65 1 178663
32 0 178976
32 1 179166
83 0 179745
83 1 179882
69 0 180060
69 1 180187
82 0 180650
82 1 180798
86 0 181014
86 1 181177
8 0 181752
8 1 181919
66 0 181942
66 1 182086
65 0 182217
65 1 182372
77 0 182415
77 1 182546
32 0 182618
32 1 182741
80 0 182979
80 1 183094
69 0 183160
69 1 183303
32 0 183353
32 1 183459
83 0 183644
83 1 183807
8 0 184766
8 1 184922
20 0 184960
83 0 185093
83 1 185324
20 1 185467
70 0 185746
70 1 185906
190 0 186451
190 1 186599
32 0 186924
32 1 187144
20 0 187388
73 0 187657
20 1 187722
73 1 187846
79 0 188203
79 1 188316
78 0 188508
78 1 188643
73 0 188751
73 1 188919
67 0 189158
67 1 189345
65 0 189740
65 1 189900
190 0 190493
190 1 190664
32 0 191341
32 1 191550
20 0 191968
84 0 192169
84 1 192316
20 1 192471
69 0 192725
69 1 192848
189 0 192982
189 1 193129
65 0 193170
65 1 193314
8 0 194076
8 1 194155
8 0 194320
8 1 194363
8 0 194504
8 1 194580
8 0 195189
8 1 195316
20 0 196318
77 0 198629
77 1 198818
20 1 198906
65 0 199154
65 1 199310
73 0 199427
73 1 199614
32 0 199622
32 1 199770
65 0 199907
65 1 200031
83 0 200137
83 1 200265
84 0 200406
84 1 200562
8 0 201542
8 0 202043
8 1 202053
83 0 203280
83 1 203440
84 0 203518
84 1 203645
69 0 203694
69 1 203806
80 0 203894
80 1 204046
84 0 204048
84 1 204153
32 0 204332
32 1 204436
68 0 204888
85 0 205028
68 1 205046
85 1 205160
65 0 205469
80 0 205509
65 1 205578
80 1 205656
8 0 206001
8 1 206102
8 0 206216
8 1 206319
80 0 206519
65 0 206710
80 1 206714
65 1 206882
32 0 206913
32 1 207049
84 0 207209
73 0 207307
84 1 207343
73 1 207440
78 0 207525
78 1 207660
69 0 207673
69 1 207776
16 0 208124
191 0 208317
191 1 208544
16 1 208605
32 0 208609
32 1 208800
67 0 209379
67 1 209514
8 0 209858
8 1 209981
20 0 210097
67 0 210271
67 1 210402
20 1 210583
65 0 210823
65 1 210958
32 0 211115
32 1 211210
85 0 211325
85 1 211453
73 0 211613
73 1 211773
84 0 211778
84 1 211901
69 0 212020
69 1 212155
32 0 212254
32 1 212390
67 0 212604
67 1 212724
65 0 212828
32 0 212977
65 1 212990
32 1 213084
68 0 213218
68 1 213299
69 0 213342
69 1 213468
74 0 213502
74 1 213641
65 0 213703
32 0 213822
65 1 213836
32 1 213925
65 0 213992
73 0 214096
65 1 214110
73 1 214228
32 0 214278
32 1 214374
73 0 214404
73 1 214495
78 0 214605
78 1 214761
84 0 214777
84 1 214909
82 0 215064
82 1 215128
8 0 215629
8 1 215743
65 0 215752
65 1 215860
82 0 215930
82 1 216061
90 0 216209
90 1 216346
73 0 216394
73 1 216529
65 0 216578
65 1 216697
84 0 216876
32 0 217004
84 1 217030
32 1 217159
83 0 217270
83 1 217422
73 0 217447
73 1 217546
32 0 217602
32 1 217713
79 0 217776
79 1 217891
65 0 217915
65 1 218030
77 0 218087
77 1 218210
69 0 218219
69 1 218330
78 0 218404
78 1 218503
73 0 218729
73 1 218848
73 0 218961
73 1 219056
32 0 219161
32 1 219312
65 0 219422
65 1 219525
83 0 219627
83 1 219774
84 0 219878
84 1 220057
69 0 220070
69 1 220193
65 0 220520
65 1 220629
80 0 220678
80 1 220786
84 0 220850
84 1 220945
65 0 221075
65 1 221232
32 0 221251
32 1 221374
84 0 221595
84 1 221706
79 0 221767
84 0 221867
79 1 221881
84 1 221994
73 0 222129
73 1 222252
32 0 222298
32 1 222405
68 0 222934
68 1 223073
85 0 223075
85 1 223197
80 0 223533
80 1 223748
65 0 223753
65 1 223896
32 0 223956
32 1 224047
67 0 224247
67 1 224275
8 0 224778
8 1 224897
84 0 225044
84 1 225151
73 0 225235
73 1 225325
78 0 225498
78 1 225657
69 0 225710
69 1 225858
32 0 225911
32 1 226050
67 0 226187
67 1 226300
65 0 226399
65 1 226570
32 0 226588
32 1 226680
83 0 226757
83 1 226861
65 0 227581
65 1 227703
32 0 227804
32 1 227928
85 0 227956
85 1 228055
77 0 228292
77 1 228419
80 0 228573
80 1 228697
76 0 228858
76 1 228998
73 0 229153
73 1 229249
73 0 229361
73 1 229481
32 0 229504
32 1 229627
65 0 229720
65 1 229800
67 0 229918
67 1 230018
69 0 230120
69 1 230251
83 0 230362
83 1 230485
84 0 230575
84 1 230722
69 0 230739
69 1 230882
32 0 230908
32 1 231088
82 0 231182
82 1 231301
65 0 231398
65 1 231523
78 0 231631
68 0 231763
78 1 231770
68 1 231862
85 0 231973
85 1 232144
82 0 232167
82 1 232318
73 0 232344
73 1 232463
32 0 232548
32 1 232651
73 0 232699
73 1 232793
78 0 232966
78 1 233129
84 0 233149
84 1 233264
69 0 233374
69 1 233485
82 0 233576
82 1 233691
77 0 233897
77 1 234032
73 0 234186
73 1 234346
78 0 234629
78 1 234774
65 0 234797
65 1 234920
66 0 235187
66 1 235346
73 0 235371
73 1 235462
76 0 235682
76 1 235837
69 0 235862
69 1 236014
32 0 236025
32 1 236171
67 0 237128
67 1 237304
85 0 237355
85 1 237484
32 0 237546
32 1 237705
68 0 237848
68 1 237967
69 0 238065
69 1 238172
83 0 238340
83 1 238490
67 0 238936
67 1 239047
82 0 239398
82 1 239543
73 0 239612
73 1 239719
69 0 239776
69 1 239891
82 0 240066
82 1 240222
73 0 240433
73 1 240585
32 0 240651
32 1 240777
67 0 241056
67 1 241199
65 0 241329
65 1 241457
82 0 241586
69 0 241738
82 1 241802
69 1 241897
32 0 241902
32 1 242026
77 0 242132
77 1 242262
65 0 242497
65 1 242625
73 0 242757
73 1 242889
32 0 243116
32 1 243272
68 0 243415
68 1 243546
69 0 243599
69 1 243705
67 0 243870
67 1 243989
65 0 244144
65 1 244264
82 0 247795
82 1 247969
69 0 248130
69 1 248245
8 0 249129
8 0 249628
8 0 249712
8 0 249797
8 0 249881
8 0 249964
8 0 250048
8 0 250132
8 1 250154
8 0 250377
8 1 250455
8 0 250582
8 1 250650
8 0 250754
8 1 250845
8 0 250933
8 1 251056
8 0 251206
8 1 251271
84 0 251586
84 1 251768
32 0 251836
32 1 251967
77 0 252148
77 1 252363
65 0 252406
65 1 252538
73 0 252621
73 1 252784
32 0 252886
32 1 253090
80 0 253139
80 1 253286
79 0 253494
79 1 253658
77 0 253836
77 1 253984
80 0 254147
80 1 254274
79 0 254400
79 1 254520
65 0 254570
65 1 254694
83 0 254849
83 1 254965
69 0 255077
69 1 255221
32 0 255249
32 1 255385
83 0 255472
73 0 255600
83 1 255618
73 1 255715
32 0 255771
32 1 255875
77 0 255921
77 1 256053
65 0 256143
65 1 256223
73 0 256271
73 1 256372
32 0 256557
32 1 256688
70 0 256812
70 1 256920
82 0 257061
82 1 257181
85 0 257189
85 1 257301
77 0 257570
77 1 257652
79 0 257803
79 1 257935
65 0 258006
65 1 258105
83 0 258170
83 1 258312
69 0 258399
69 1 258550
32 0 258559
32 1 258666
80 0 258672
69 0 258788
80 1 258791
69 1 258863
78 0 259001
78 1 259112
84 0 259163
84 1 259256
82 0 259362
85 0 259474
82 1 259478
85 1 259597
32 0 259615
32 1 259746
65 0 259886
65 1 260033
32 0 260046
32 1 260117
84 0 260268
84 1 260393
65 0 260494
65 1 260669
32 0 260678
32 1 260797
76 0 260873
76 1 261040
85 0 261250
85 1 261353
67 0 261413
67 1 261520
82 0 261675
82 1 261814
65 0 261898
65 1 262030
82 0 262378
69 0 262560
82 1 262599
69 1 262687
32 0 262740
32 1 262879
68 0 263037
68 1 263176
69 0 263276
69 1 263439
32 0 263489
32 1 263611
67 0 263718
67 1 263845
79 0 263977
79 1 264124
8 0 265226
8 1 265345
8 0 265510
68 0 265590
8 1 265598
68 1 265726
79 0 265841
79 1 266009
67 0 266331
67 1 266437
84 0 266646
84 1 266770
79 0 266877
79 1 266989
82 0 267071
82 1 267183
65 0 267278
65 1 267444
32 0 267801
32 1 267981
76 0 268011
65 0 268158
76 1 268165
65 1 268329
32 0 268341
32 1 268474
20 0 268811
85 0 268942
85 1 269090
80 0 269454
80 1 269590
84 0 270001
84 1 270131
190 0 270202
190 1 270325
20 1 278872
68 0 279457
68 1 279579
20 0 279841
8 0 280225
8 1 280367
68 0 280376
68 1 280528
20 1 280660
73 0 280779
73 1 280871
77 0 281072
77 1 281196
73 0 281267
73 1 281379
78 0 281459
78 1 281586
69 0 281603
69 1 281690
65 0 281820
65 1 281911
84 0 282354
84 1 282513
65 0 282603
32 0 282791
65 1 282795
32 1 282938
68 0 283064
68 1 283230
69 0 283303
32 0 283451
69 1 283473
32 1 283574
79 0 283663
79 1 283818
66 0 283855
66 1 283990
73 0 284071
73 1 284193
67 0 284299
67 1 284418
69 0 284527
69 1 284638
73 0 284864
73 1 284959
32 0 285043
32 1 285202
77 0 285250
77 1 285353
65 0 285382
65 1 285529
32 0 285538
32 1 285629
84 0 285834
84 1 285981
82 0 286064
82 1 286167
69 0 286300
69 1 286439
83 0 286701
83 1 286804
8 0 287205
8 1 287364
90 0 287397
90 1 287491
69 0 287615
69 1 287714
83 0 287868
83 1 287983
67 0 288101
67 1 288242
32 0 288437
32 1 288543
76 0 288629
76 1 288752
65 0 288855
65 1 288998
32 0 289115
32 1 289262
79 0 293217
79 1 293370
82 0 293423
82 1 293590
65 0 293613
32 0 293773
65 1 293788
32 1 293892
56 0 294576
56 1 294700
189 0 295040
189 1 295179
57 0 295860
57 1 296007
32 0 296137
32 1 296352
83 0 296637
83 1 296808
73 0 296852
32 0 297068
73 1 297075
32 1 297219
65 0 297334
65 1 297454
84 0 297550
84 1 297706
85 0 297786
85 1 297946
78 0 298036
78 1 298176
67 0 298180
67 1 298308
73 0 298364
73 1 298428
32 0 298965
32 1 299145
73 0 299153
73 1 299281
77 0 299574
77 1 299702
73 0 299798
73 1 299917
32 0 300008
32 1 300136
70 0 300248
70 1 300350
65 0 300533
65 1 300619
67 0 300757
67 1 300900
32 0 301031
32 1 301158
84 0 301456
84 1 301595
65 0 301703
65 1 301835
66 0 302021
66 1 302156
73 0 302210
73 1 302305
69 0 302373
69 1 302485
84 0 302878
84 1 302996
85 0 303321
85 1 303488
82 0 303538
82 1 303674
73 0 303695
73 1 303828
76 0 304015
69 0 304151
76 1 304176
32 0 304251
69 1 304266
32 1 304382
77 0 304490
69 0 304660
77 1 304663
69 1 304753
76 0 304865
69 0 304997
76 1 305020
69 1 305112
188 0 306001
188 1 306176
32 0 306193
32 1 306340
77 0 306402
77 1 306537
69 0 306554
69 1 306681
82 0 306741
82 1 306824
71 0 306956
32 0 307096
71 1 307133
32 1 307247
76 0 307377
65 0 307545
76 1 307552
32 0 307636
65 1 307659
32 1 307780
68 0 307933
68 1 308040
85 0 308042
85 1 308204
83 0 308248
83 1 308379
32 0 311142
32 1 311357
83 0 311694
83 1 311850
73 0 312566
73 1 312741
32 0 312774
32 1 312962
77 0 313021
65 0 313153
77 1 313209
32 0 313305
65 1 313337
32 1 313433
79 0 313476
79 1 313647
80 0 313796
80 1 313935
82 0 313944
69 0 314076
82 1 314144
69 1 314184
83 0 314329
83 1 314444
67 0 314610
67 1 314806
32 0 314839
73 0 315004
32 1 315005
73 1 315155
78 0 315245
32 0 315365
78 1 315396
32 1 315508
70 0 315640
70 1 315775
65 0 315862
65 1 315964
84 0 316083
84 1 316222
65 0 316307
32 0 316379
65 1 316418
32 1 316514
79 0 316754
79 1 316877
71 0 317174
71 1 317301
76 0 317435
76 1 317568
73 0 318116
73 1 318260
78 0 318306
78 1 318521
90 0 318579
90 1 318725
73 0 318742
73 1 318846
73 0 318935
73 1 319063
32 0 319087
32 1 319250
67 0 319404
67 1 319575
65 0 319651
65 1 319806
32 0 319861
32 1 320000
83 0 320077
65 0 320213
83 1 320317
32 0 320325
65 1 320349
32 1 320428
80 0 320986
80 1 321125
79 0 321302
79 1 321393
84 0 321449
84 1 321585
32 0 321609
32 1 321752
83 0 321882
65 0 322058
83 1 322125
32 0 322150
65 1 322185
32 1 322292
77 0 322412
77 1 322560
65 0 322564
65 1 322704
32 0 322712
32 1 322824
65 0 322942
65 1 323061
82 0 323223
65 0 323369
82 1 323375
65 1 323514
78 0 323571
78 1 323710
74 0 323918
74 1 324064
69 0 324087
69 1 324170
90 0 324348
90 1 324486
32 0 324640
32 1 324776
83 0 324890
83 1 325042
73 0 325092
73 1 325292
32 0 325407
32 1 325552
83 0 325609
65 0 325725
83 1 325861
32 0 325863
65 1 325875
32 1 325945
77 0 326082
65 0 326238
77 1 326250
65 1 326398
32 0 326401
32 1 326506
70 0 326885
70 1 327053
65 0 327286
65 1 327416
67 0 327527
67 1 327678
32 0 327775
32 1 327898
71 0 328312
71 1 328437
73 0 328465
71 0 328559
73 1 328565
71 1 328684
69 0 328811
69 1 328950
76 0 329198
76 1 329324
190 0 330981
190 1 331199
32 0 331340
32 1 331523
20 0 331817
68 0 332010
68 1 332185
20 1 332882
85 0 333044
85 1 333195
80 0 333573
80 1 333714
65 0 333821
65 1 333956
32 0 334629
80 0 334781
32 1 334794
80 1 334916
76 0 335070
69 0 335198
76 1 335205
69 1 335281
67 0 335435
67 1 335582
32 0 335714
76 0 335798
32 1 335845
76 1 335977
65 0 335998
32 0 336146
65 1 336149
32 1 336261
66 0 336419
73 0 336583
66 1 336595
73 1 336763
82 0 336791
82 1 336974
79 0 336986
79 1 337078
85 0 337409
85 1 337576
32 0 337577
32 1 337760
83 0 337764
73 0 337909
83 1 337948
73 1 338036
32 0 338059
32 1 338216
68 0 338235
68 1 338395
69 0 338428
32 0 338553
69 1 338556
32 1 338628
82 0 338752
82 1 338916
69 0 338924
69 1 339024
71 0 339225
71 1 339376
85 0 339494
85 1 339662
76 0 339906
76 1 340066
65 0 340083
32 0 340204
65 1 340206
32 1 340322
77 0 340410
77 1 340573
65 0 340596
73 0 340696
65 1 340731
73 1 340847
32 0 340941
32 1 341039
84 0 341268
84 1 341359
8 0 341710
8 1 341845
73 0 342031
73 1 342159
78 0 342257
78 1 342416
84 0 342501
84 1 342632
65 0 342774
65 1 342910
82 0 343504
82 1 343611
90 0 344121
90 1 344279
73 0 344469
73 1 344601
73 0 344734
73 1 344873
32 0 345283
32 1 345486
32 0 349367
32 1 349511
8 0 350081
8 1 350213
8 0 350463
8 0 350964
8 0 351048
8 0 351132
8 1 351174
8 0 351559
8 1 351723
8 0 351945
8 1 352049
8 0 352209
8 1 352537
8 0 352641
8 1 352725
8 0 352832
8 1 352933
8 0 353005
8 1 353277
8 0 353375
8 1 353457
8 0 353554
8 1 353638
8 0 353741
8 1 353796
65 0 354165
65 1 354328
74 0 354378
74 1 354486
85 0 354597
85 1 354701
78 0 354859
71 0 354955
78 1 354962
71 1 355094
32 0 355224
32 1 355362
80 0 355856
80 1 356007
85 0 356447
85 1 356618
84 0 356697
84 1 356823
73 0 356903
73 1 357010
78 0 357117
78 1 357239
32 0 357244
32 1 357391
77 0 357439
77 1 357582
65 0 357599
73 0 357715
65 1 357737
73 1 357818
32 0 357882
32 1 357981
84 0 358227
84 1 358362
65 0 358442
65 1 358565
82 0 358599
82 1 358726
90 0 358842
90 1 358973
73 0 358999
73 1 359094
85 0 359210
85 1 359320
65 0 359449
65 1 359600
8 0 359920
8 1 360051
32 0 360060
32 1 360195
70 0 360568
70 1 360715
65 0 360810
65 1 360929
84 0 360999
84 1 361138
65 0 361241
65 1 361393
32 0 361410
32 1 361533
68 0 361627
68 1 361806
69 0 362055
69 1 362162
32 0 362204
32 1 362339
67 0 362473
67 1 362570
79 0 362587
79 1 362694
76 0 362886
69 0 362994
76 1 363015
69 1 363097
71 0 363240
73 0 363356
71 1 363385
73 1 363456
73 0 363558
73 1 363660
32 0 363714
32 1 363841
77 0 363910
77 1 364054
69 0 364062
69 1 364154
73 0 364190
73 1 364297
188 0 365204
188 1 365350
32 0 365375
32 1 365559
67 0 365840
67 1 365951
65 0 366107
65 1 366219
82 0 366322
69 0 366448
82 1 366532
69 1 366668
32 0 366701
32 1 366849
73 0 366960
73 1 367092
85 0 367194
85 1 367328
66 0 367386
66 1 367523
69 0 367749
69 1 367817
83 0 367956
83 1 368104
67 0 368199
67 1 368418
32 0 368454
32 1 368639
67 0 368790
67 1 368869
65 0 368987
65 1 369116
70 0 369507
70 1 369649
69 0 369752
69 1 369883
65 0 370022
65 1 370154
85 0 370333
85 1 370460
65 0 370752
65 1 370890
32 0 371302
32 1 371430
83 0 371538
73 0 371698
83 1 371700
73 1 371845
32 0 371850
32 1 371965
84 0 372044
84 1 372167
73 0 372414
73 1 372567
71 0 372692
71 1 372851
65 0 373055
65 1 373186
82 0 373314
82 1 373445
65 0 373569
65 1 373704
32 0 373774
32 1 373905
83 0 374039
83 1 374178
8 0 374813
8 1 374900
8 0 375028
8 1 375111
190 0 375560
190 1 375719
32 0 376034
32 1 376206
20 0 378971
68 0 379262
68 1 379386
20 1 379511
85 0 379613
85 1 379756
80 0 379978
80 1 380138
65 0 380156
65 1 380299
32 0 380369
32 1 380509
77 0 380537
77 1 380725
65 0 380770
65 1 380914
32 0 380941
32 1 381061
80 0 381269
80 1 381436
82 0 381445
69 0 381573
82 1 381648
69 1 381720
71 0 382028
71 1 382123
65 0 382292
65 1 382428
84 0 382890
84 1 383037
69 0 383132
69 1 383251
83 0 383392
83 1 383516
67 0 383627
67 1 383749
32 0 383873
32 1 384032
83 0 384096
65 0 384292
83 1 384359
32 0 384384
65 1 384415
32 1 384531
86 0 384912
86 1 385059
65 0 385210
65 1 385325
68 0 385431
68 1 385554
78 0 385900
78 1 386063
8 0 386432
8 1 386552
8 0 386646
8 1 386710
78 0 386933
78 1 387115
68 0 387128
68 1 387293
32 0 387300
32 1 387447
85 0 387648
85 1 387799
78 0 387905
32 0 387993
78 1 388034
32 1 388140
65 0 388202
65 1 388329
80 0 388378
65 0 388472
80 1 388492
65 1 388589
82 0 388665
82 1 388784
84 0 389370
84 1 389523
65 0 389637
65 1 389763
77 0 389797
77 1 389919
69 0 389929
69 1 390044
78 0 390074
78 1 390197
84 0 390257
84 1 390377
32 0 390760
32 1 390899
83 0 390995
73 0 391127
83 1 391138
73 1 391255
32 0 391308
32 1 391447
83 0 391525
65 0 391666
83 1 391733
65 1 391749
32 0 391753
32 1 391885
77 0 392042
77 1 392201
65 0 392235
73 0 392367
65 1 392381
73 1 392476
32 0 392548
32 1 392696
82 0 392862
69 0 393001
82 1 393093
69 1 393137
90 0 393297
90 1 393445
79 0 393466
79 1 393538
76 0 393704
76 1 393864
86 0 393876
86 1 394048
32 0 394190
32 1 394381
79 0 394863
79 1 395018
32 0 395032
32 1 395194
83 0 395514
83 1 395687
85 0 395724
85 1 395831
82 0 396000
82 1 396152
80 0 396195
80 1 396303
82 0 396311
82 1 396439
73 0 396477
73 1 396601
90 0 396699
90 1 396810
65 0 397779
65 1 397946
32 0 398103
32 1 398308
73 0 398318
73 1 398438
78 0 398576
32 0 398736
78 1 398750
32 1 398951
65 0 399041
65 1 399128
83 0 399204
65 0 399366
83 1 399451
32 0 399492
65 1 399502
32 1 399612
70 0 399733
70 1 399856
69 0 399940
69 1 400059
76 0 400170
76 1 400367
32 0 400409
32 1 400544
73 0 400618
73 1 400745
78 0 400894
78 1 401049
67 0 401156
67 1 401291
65 0 401421
65 1 401538
84 0 401677
84 1 401844
32 0 401909
32 1 402040
83 0 402840
83 1 403031
65 0 403155
65 1 403291
32 0 403650
32 1 403841
70 0 405495
70 1 405632
65 0 405757
65 1 405805
67 0 405919
67 1 406051
32 0 406180
32 1 406324
67 0 406684
67 1 406852
65 0 406958
65 1 407094
84 0 407217
73 0 407386
84 1 407387
73 1 407517
32 0 407533
32 1 407681
77 0 407727
77 1 407835
65 0 407906
65 1 408030
73 0 408034
73 1 408158
32 0 408348
32 1 408547
77 0 408560
77 1 408656
85 0 408767
85 1 408903
76 0 409158
76 1 409293
84 0 409310
84 1 409429
73 0 409511
73 1 409610
32 0 409655
32 1 409750
79 0 409804
79 1 409931
65 0 409955
77 0 410079
65 1 410086
77 1 410214
69 0 410250
69 1 410365
78 0 410375
78 1 410449
73 0 410931
73 1 411114
32 0 411193
32 1 411364
70 0 411581
70 1 411740
69 0 411902
69 1 412010
82 0 412089
82 1 412220
73 0 412266
73 1 412353
67 0 412437
67 1 412608
73 0 412613
73 1 412692
84 0 412854
84 1 412996
73 0 413010
73 1 413117
190 0 414894
190 1 415073
32 0 415624
32 1 415839
20 0 416246
73 0 417969
73 1 418148
20 1 418424
65 0 418688
65 1 418812
82 0 418926
82 1 419062
32 0 419116
32 1 419252
83 0 419378
83 1 419521
69 0 419656
69 1 419772
65 0 420573
65 1 420695
82 0 420850
82 1 420982
65 0 421038
65 1 421197
32 0 421214
32 1 421330
73 0 421550
73 1 421666
85 0 421807
85 1 421998
66 0 422035
66 1 422182
69 0 422345
69 1 422500
83 0 422680
83 1 422807
67 0 422954
67 1 423085
32 0 423236
32 1 423392
83 0 423487
65 0 423629
32 0 423714
83 1 423745
65 1 423774
32 1 423834
77 0 423987
65 0 424099
77 1 424130
65 1 424234
32 0 425638
32 1 425808
77 0 426010
77 1 426173
65 0 426182
32 0 426342
65 1 426355
32 1 426473
86 0 426882
86 1 427041
65 0 427163
65 1 427292
68 0 427355
68 1 427526
32 0 427577
32 1 427680
67 0 427802
67 1 427925
85 0 427942
85 1 428097
32 0 428140
32 1 428259
70 0 428338
70 1 428476
65 0 428513
65 1 428660
77 0 428673
77 1 428792
73 0 428862
73 1 428985
76 0 429214
76 1 429329
73 0 429453
73 1 429592
65 0 429601
65 1 429768
32 0 429793
32 1 429917
83 0 430040
83 1 430200
65 0 430260
65 1 430409
85 0 430456
85 1 430647
32 0 430690
32 1 430821
80 0 430911
82 0 431034
80 1 431042
82 1 431154
73 0 431268
73 1 431375
69 0 431388
69 1 431455
84 0 431605
84 1 431735
69 0 431764
69 1 431867
78 0 431896
78 1 432019
73 0 432167
73 1 432247
73 0 432376
73 1 432492
32 0 432598
32 1 432749
8 0 433431
8 1 433563
32 0 438024
32 1 438190
83 0 438353
73 0 438561
83 1 438563
73 1 438700
32 0 439151
32 1 439318
83 0 439403
65 0 439587
83 1 439683
65 1 439714
32 0 439867
32 1 440070
80 0 440178
80 1 440362
85 0 440619
85 1 440754
78 0 440939
78 1 441076
69 0 441134
69 1 441290
77 0 441415
77 1 441576
32 0 441658
32 1 441849
68 0 442283
68 1 442390
69 0 442512
32 0 442673
69 1 442676
32 1 442847
79 0 443158
79 1 443313
32 0 444353
32 1 444567
67 0 444860
67 1 445007
73 0 445094
73 1 445253
78 0 445549
78 1 445679
65 0 445768
65 1 445979
32 0 446045
32 1 446200
83 0 446301
73 0 446417
83 1 446472
73 1 446604
8 0 447589
8 1 447719
8 0 447840
8 1 447967
67 0 448527
85 0 448615
67 1 448645
85 1 448754
77 0 448955
32 0 449116
77 1 449120
32 1 449251
78 0 449267
78 1 449387
85 0 449432
85 1 449592
32 0 449635
32 1 449783
65 0 449920
65 1 450048
32 0 450221
32 1 450306
77 0 450488
77 1 450676
65 0 450707
65 1 450851
73 0 450937
73 1 451101
32 0 451191
32 1 451355
86 0 451754
86 1 451890
65 0 452353
65 1 452507
90 0 452638
90 1 452786
85 0 452847
85 1 452971
84 0 453074
32 0 453208
84 1 453254
32 1 453329
84 0 453486
84 1 453615
79 0 453625
84 0 453752
79 1 453799
84 1 453887
32 0 454387
32 1 454542
83 0 454645
83 1 454798
84 0 454930
84 1 455061
85 0 455524
68 0 455664
85 1 455719
68 1 455803
73 0 455907
73 1 456026
85 0 456156
85 1 456283
76 0 456588
76 1 456727
32 0 456887
32 1 457034
76 0 457064
76 1 457207
85 0 457447
85 1 457634
73 0 457794
73 1 457925
32 0 457960
32 1 458143
73 0 458198
73 1 458345
20 0 458538
65 0 458728
65 1 458843
8 0 459158
8 1 459288
8 0 459355
8 1 459422
73 0 459638
73 1 459785
20 1 460013
65 0 460270
65 1 460405
80 0 460512
80 1 460619
65 0 460670
65 1 460813
32 0 461074
32 1 461229
20 0 461402
65 0 461569
65 1 461688
20 1 461796
85 0 461897
85 1 462062
71 0 462186
71 1 462314
85 0 462399
83 0 462507
85 1 462535
83 1 462635
84 0 462733
84 1 462869
73 0 462978
73 1 463097
78 0 463203
78 1 463387
32 0 463560
32 1 463760
20 0 464066
67 0 464248
67 1 464376
20 1 464533
65 0 464744
65 1 464868
83 0 464968
83 1 465031
8 0 465460
8 1 465584
84 0 465634
84 1 465746
65 0 465791
65 1 465943
76 0 465998
76 1 466138
73 0 466303
73 1 466415
78 0 466530
78 1 466654
190 0 467166
190 1 467397
32 0 467681
32 1 467832
20 0 468028
80 0 468586
80 1 468685
85 0 468928
85 1 469055
78 0 469190
78 1 469341
67 0 469388
67 1 469519
84 0 469695
84 1 469854
32 0 472247
32 1 472422
20 1 472792
83 0 473184
83 1 473347
8 0 473938
8 1 474057
8 0 474147
8 1 474219
83 0 474241
83 1 474388
73 0 474412
73 1 474580
8 0 474878
8 1 474968
8 0 475078
8 1 475165
32 0 475298
32 1 475430
83 0 475515
73 0 475647
83 1 475660
73 1 475850
32 0 475884
32 1 475996
68 0 476124
68 1 476303
69 0 476320
32 0 476412
69 1 476472
32 1 476508
76 0 476540
76 1 476688
65 0 476704
32 0 476820
65 1 476855
32 1 476940
67 0 477048
67 1 477179
65 0 477239
65 1 477383
80 0 477473
80 1 477689
65 0 477787
65 1 477898
84 0 478022
84 1 478182
190 0 478312
190 1 478444
8 0 478903
8 1 479009
16 0 479437
49 0 479716
49 1 479843
32 0 479972
16 1 480019
32 1 480103
20 0 493024
83 0 493205
83 1 493341
20 1 493491
73 0 493692
73 1 493863
83 0 494198
83 1 494354
84 0 494509
84 1 494616
69 0 494703
69 1 494794
77 0 494984
77 1 495131
85 0 495537
85 1 495708
76 0 496024
76 1 496223
32 0 496279
32 1 496394
69 0 496531
69 1 496663
68 0 496972
68 1 497143
85 0 497409
85 1 497605
67 0 497648
67 1 497723
65 0 497870
65 1 497993
84 0 498088
84 1 498223
73 0 498250
73 1 498370
79 0 498537
79 1 498632
78 0 498766
65 0 498914
78 1 498919
65 1 499021
76 0 499263
76 1 499430
32 0 499557
32 1 499756
68 0 499919
73 0 500035
68 1 500066
73 1 500174
78 0 500313
78 1 500452
32 0 500487
32 1 500646
20 0 500883
82 0 501036
82 1 501139
20 1 501247
79 0 501360
79 1 501509
77 0 501643
77 1 501782
65 0 501790
65 1 501902
78 0 501934
78 1 502021
73 0 502134
73 1 502257
65 0 502310
65 1 502462
32 0 502493
32 1 502609
69 0 502747
69 1 502810
83 0 502957
83 1 503105
84 0 503209
69 0 503341
84 1 503364
32 0 503504
69 1 503515
32 1 503612
80 0 504105
80 1 504260
82 0 504306
82 1 504453
65 0 504498
65 1 504614
70 0 504785
70 1 504909
32 0 505146
32 1 505298
8 0 506380
8 1 506546
8 0 506610
8 1 506850
8 0 506965
8 1 507038
8 0 507166
8 1 507234
8 0 507348
8 1 507443
83 0 507613
76 0 507761
83 1 507771
76 1 507940
66 0 508274
66 1 508405
65 0 508713
65 1 508876
32 0 508907
32 1 509014
8 0 509259
8 1 509362
8 0 509468
8 1 509550
8 0 509662
8 1 509773
65 0 509836
65 1 509943
86 0 510478
86 1 510584
8 0 511101
8 1 511200
66 0 511234
66 1 511406
32 0 511450
32 1 511594
83 0 511701
73 0 511853
83 1 511872
73 1 511964
32 0 512068
32 1 512187
68 0 512369
68 1 512528
69 0 512672
69 1 512827
32 0 512840
32 1 513015
76 0 513283
76 1 513406
65 0 513491
65 1 513685
32 0 513710
32 1 513817
65 0 513910
65 1 514037
78 0 514207
78 1 514358
32 0 514549
32 1 514700
76 0 514729
76 1 514880
65 0 514911
65 1 515058
32 0 515067
32 1 515170
65 0 515269
65 1 515408
78 0 515464
78 1 515615
32 0 515849
32 1 515981
84 0 516093
84 1 516201
79 0 516209
79 1 516333
84 0 516349
32 0 516502
84 1 516512
32 1 516641
77 0 516907
77 1 517066
65 0 517109
73 0 517245
65 1 517260
73 1 517389
32 0 517531
32 1 517678
77 0 517760
77 1 517891
85 0 519053
85 1 519201
76 0 519520
76 1 519682
84 0 519749
84 1 519873
32 0 519903
32 1 520079
83 0 520379
83 1 520495
67 0 520640
67 1 520792
65 0 520908
65 1 521048
68 0 521906
68 1 522041
69 0 522248
69 1 522391
32 0 522436
32 1 522567
67 0 522792
67 1 522923
65 0 523167
65 1 523306
32 0 523801
32 1 523925
83 0 524050
83 1 524209
73 0 524324
73 1 524457
32 0 524620
32 1 524799
78 0 524880
78 1 525011
73 0 525149
73 1 525280
86 0 525305
86 1 525446
69 0 525867
69 1 525986
76 0 526085
76 1 526244
188 0 527244
188 1 527403
32 0 527481
32 1 527680
73 0 527735
73 1 527926
65 0 527971
65 1 528082
82 0 528212
82 1 528353
32 0 528364
32 1 528507
67 0 528597
67 1 528684
69 0 528758
69 1 528910
76 0 529021
76 1 529153
32 0 529287
32 1 529422
77 0 529462
77 1 529600
65 0 529641
65 1 529739
73 0 529766
73 1 529906
32 0 529985
77 0 530061
32 1 530137
77 1 530185
85 0 530341
85 1 530480
76 0 530741
76 1 530856
84 0 530905
32 0 531012
84 1 531052
32 1 531152
68 0 531295
68 1 531381
69 0 531470
69 1 531594
32 0 531603
32 1 531706
83 0 531759
83 1 531904
85 0 531904
85 1 532054
70 0 532087
70 1 532234
69 0 532324
69 1 532425
82 0 532493
82 1 532609
73 0 532661
73 1 532764
84 0 532834
84 1 532944
32 0 532987
32 1 533135
65 0 533226
65 1 533368
85 0 533400
85 1 533585
32 0 533714
32 1 533890
67 0 534071
79 0 534207
67 1 534214
79 1 534321
80 0 534473
80 1 534597
73 0 534797
73 1 534909
73 0 535017
73 1 535117
190 0 540184
190 1 540401
32 0 541022
32 1 541234
20 0 541646
79 0 541730
20 1 541844
79 1 541870
8 0 542258
8 1 542425
80 0 542602
80 1 542782
20 0 543210
8 0 543303
8 1 543422
80 0 543544
80 1 543659
20 1 543680
82 0 543940
82 1 544087
79 0 544114
79 1 544242
70 0 544352
70 1 544480
69 0 544609
69 1 544728
83 0 544839
83 1 544963
79 0 545121
79 1 545272
82 0 545291
82 1 545400
73 0 545465
73 1 545576
73 0 545677
73 1 545792
32 0 545856
32 1 545975
66 0 546384
85 0 546558
66 1 546572
85 1 546705
78 0 546845
78 1 546953
73 0 547058
73 1 547185
32 0 547231
32 1 547350
65 0 547453
85 0 547541
65 1 547557
85 1 547675
32 0 547713
32 1 547856
73 0 547911
73 1 548070
69 0 548101
69 1 548208
83 0 548323
83 1 548454
73 0 548476
73 1 548603
84 0 548669
84 1 548841
32 0 548877
32 1 549036
68 0 549165
73 0 549281
68 1 549300
73 1 549380
78 0 549598
78 1 549766
32 0 549814
32 1 549929
83 0 550075
83 1 550259
73 0 550280
73 1 550419
83 0 550475
83 1 550666
84 0 550796
84 1 550935
69 0 550999
69 1 551099
77 0 551182
77 1 551300
32 0 551331
32 1 551448
8 0 551965
8 1 552105
188 0 552326
188 1 552497
32 0 552537
32 1 552716
73 0 552722
73 1 552876
65 0 552958
65 1 553086
82 0 553226
82 1 553345
32 0 553438
32 1 553562
8 0 554330
8 1 554430
8 0 554550
8 1 554637
8 0 554752
8 1 554868
8 0 554943
8 1 555042
8 0 555144
8 1 555228
8 0 555332
8 1 555438
32 0 555813
32 1 555899
83 0 556005
73 0 556133
83 1 556152
73 1 556269
32 0 556329
32 1 556441
65 0 556515
65 1 556648
85 0 556668
85 1 556795
32 0 556870
32 1 556989
77 0 557050
77 1 557198
65 0 557232
65 1 557359
73 0 557376
73 1 557482
32 0 557661
32 1 557820
82 0 557880
82 1 558023
65 0 558076
65 1 558203
77 0 558280
65 0 558404
77 1 558431
65 1 558511
83 0 558629
83 1 558776
32 0 558857
32 1 558976
67 0 559165
67 1 559241
69 0 559366
69 1 559481
73 0 559505
73 1 559636
32 0 559743
32 1 559854
67 0 560019
67 1 560103
65 0 560247
65 1 560358
82 0 560473
69 0 560648
82 1 560703
32 0 560736
69 1 560779
32 1 560871
80 0 561007
82 0 561147
80 1 561226
69 0 561271
82 1 561333
69 1 561414
70 0 561694
70 1 561849
69 0 561946
69 1 562066
82 0 562140
82 1 562299
65 0 562332
65 1 562486
32 0 562508
32 1 562619
85 0 562830
85 1 562961
78 0 563130
78 1 563241
32 0 563301
32 1 563404
76 0 563879
76 1 563990
79 0 564151
79 1 564266
67 0 564333
67 1 564500
32 0 564535
32 1 564642
68 0 564734
69 0 564874
68 1 564897
32 0 564978
69 1 564997
32 1 565093
77 0 565111
77 1 565214
85 0 565358
85 1 565453
78 0 565562
78 1 565677
67 0 565696
67 1 565827
65 0 565921
32 0 566085
65 1 566092
32 1 566180
67 0 566377
67 1 566512
65 0 566616
65 1 566767
76 0 566806
76 1 566969
68 0 566996
68 1 567109
32 0 567279
32 1 567410
83 0 567520
73 0 567616
83 1 567659
73 1 567759
32 0 567827
32 1 567959
70 0 568023
70 1 568139
65 0 568229
65 1 568361
82 0 568433
65 0 568570
82 1 568605
32 0 568682
65 1 568742
32 1 568810
80 0 569003
80 1 569139
82 0 569172
69 0 569308
82 1 569399
69 1 569460
65 0 569563
65 1 569724
32 0 569733
32 1 569833
77 0 569971
65 0 570095
77 1 570134
65 1 570235
82 0 570370
69 0 570478
82 1 570585
69 1 570646
32 0 571101
32 1 571255
66 0 571578
66 1 571721
65 0 571920
65 1 572043
84 0 572147
84 1 572266
65 0 572375
65 1 572478
73 0 572585
73 1 572776
32 0 572897
32 1 573020
68 0 573273
68 1 573385
69 0 573500
69 1 573643
32 0 573687
32 1 573793
67 0 573977
67 1 574088
65 0 574228
65 1 574351
80 0 576002
80 1 576110
188 0 576345
188 1 576516
32 0 576553
32 1 576689
67 0 576825
85 0 576957
67 1 576980
85 1 577104
32 0 577201
32 1 577289
86 0 577543
86 1 577694
65 0 577822
65 1 577953
67 0 578089
67 1 578221
65 0 578394
65 1 578525
78 0 578564
78 1 578727
84 0 578739
84 1 578875
65 0 578985
32 0 579114
65 1 579136
32 1 579249
68 0 579352
69 0 579506
68 1 579509
32 0 579654
69 1 579664
32 1 579809
51 0 580000
51 1 580104
32 0 580301
32 1 580445
76 0 580642
76 1 580831
85 0 581032
85 1 581172
78 0 581302
78 1 581447
73 0 581758
73 1 581986
32 0 582485
32 1 582649
68 0 582821
68 1 582977
69 0 585916
69 1 586075
32 0 586128
32 1 586279
76 0 586309
76 1 586457
65 0 586476
32 0 586641
65 1 586646
32 1 586779
74 0 586805
74 1 586956
79 0 587135
79 1 587295
66 0 587299
66 1 587486
32 0 587491
32 1 587682
83 0 587837
83 1 588008
73 0 588153
73 1 588272
32 0 589299
32 1 589449
67 0 589724
67 1 589847
85 0 589908
85 1 590063
8 0 592496
8 1 592590
8 0 592696
8 1 592796
8 0 592900
8 1 593144
8 0 593256
8 1 593551
8 0 593647
8 1 593725
8 0 593858
8 1 593945
190 0 594422
190 1 594634
32 0 594824
32 1 595032
20 0 603939
73 0 609688
73 1 609923
20 1 610393
78 0 610536
78 1 610743
32 0 610808
32 1 610967
70 0 611045
70 1 611192
8 0 611848
8 1 611943
20 0 613204
76 0 613353
76 1 613510
73 0 613655
73 1 613754
67 0 613786
67 1 613921
8 0 614316
8 1 614361
8 0 614480
8 1 614551
8 0 614577
8 1 614736
20 1 614804
68 0 615657
68 1 615768
8 0 616111
8 1 616202
71 0 616249
71 1 616408
73 0 616465
73 1 616592
77 0 616732
77 1 616835
78 0 616961
78 1 617088
65 0 617113
65 1 617241
90 0 617383
73 0 617495
90 1 617512
73 1 617635
85 0 617740
85 1 617859
32 0 618179
32 1 618394
80 0 618560
80 1 618695
85 0 618872
85 1 618987
73 0 619119
73 1 619242
32 0 619377
32 1 619498
66 0 620325
66 1 620459
65 0 620477
65 1 620573
90 0 620731
90 1 620855
69 0 620988
69 1 621092
76 0 621510
76 1 621658
69 0 621658
32 0 621809
69 1 621824
32 1 621949
67 0 625937
67 1 626076
85 0 626125
85 1 626233
78 0 626354
78 1 626505
79 0 626663
83 0 626774
79 1 626814
83 1 626894
84 0 626990
84 1 627106
73 0 627161
73 1 627268
78 0 627401
78 1 627568
84 0 627665
84 1 627760
69 0 627874
69 1 627969
76 0 627999
76 1 628122
79 0 628258
79 1 628372
82 0 628393
82 1 628530
188 0 629402
188 1 629580
32 0 629661
32 1 629840
73 0 629927
73 1 630050
78 0 630182
78 1 630317
32 0 630674
76 0 630860
32 1 630869
76 1 630969
73 0 631115
73 1 631226
67 0 631296
67 1 631422
69 0 631517
69 1 631632
76 0 631935
76 1 632125
32 0 632324
32 1 632507
76 0 637388
69 0 637544
76 1 637548
69 1 637668
32 0 637669
32 1 637803
67 0 638145
67 1 638276
76 0 638317
76 1 638452
65 0 638471
65 1 638613
68 0 638722
68 1 638824
69 0 638930
69 1 639006
83 0 639892
83 1 640034
84 0 640102
84 1 640229
73 0 640254
73 1 640417
32 0 640422
32 1 640580
8 0 642051
8 1 642186
188 0 642409
188 1 642584
32 0 642630
32 1 642789
73 0 642802
73 1 642973
65 0 642990
65 1 643089
82 0 643180
82 1 643283
32 0 643316
32 1 643425
76 0 643486
65 0 643639
76 1 643643
32 0 643746
65 1 643789
32 1 643861
70 0 643944
70 1 644095
65 0 644138
65 1 644232
67 0 644326
85 0 644472
67 1 644479
85 1 644604
76 0 644812
76 1 644959
84 0 645028
84 1 645090
65 0 645361
65 1 645484
84 0 645616
84 1 645771
69 0 645788
69 1 645972
32 0 646120
32 1 646263
65 0 646352
65 1 646476
76 0 646666
69 0 646810
76 1 646833
69 1 646929
71 0 647123
71 1 647222
73 0 647506
73 1 647596
32 0 647875
32 1 648034
67 0 648223
67 1 648347
69 0 648467
69 1 648611
32 0 648665
32 1 648792
84 0 650881
84 1 651063
69 0 651123
32 0 651242
69 1 651285
32 1 651361
80 0 651481
65 0 651629
80 1 651648
65 1 651741
83 0 651810
73 0 651950
83 1 651978
73 1 652097
79 0 652258
79 1 652370
78 0 652521
78 1 652657
69 0 652955
69 1 653050
65 0 653209
65 1 653288
90 0 653422
90 1 653557
65 0 653677
65 1 653816
32 0 653859
32 1 653998
83 0 654063
83 1 654214
73 0 654259
73 1 654384
32 0 654469
32 1 654607
67 0 655464
67 1 655581
69 0 655723
69 1 655854
32 0 655933
32 1 656052
84 0 656244
84 1 656423
69 0 656467
32 0 656607
69 1 656616
32 1 656731
65 0 656872
65 1 657043
84 0 657429
84 1 657604
82 0 657737
82 1 657888
65 0 658084
65 1 658199
71 0 658530
71 1 658710
69 0 658835
69 1 658968
32 0 659073
32 1 659218
67 0 659378
67 1 659477
8 0 659769
8 1 659900
80 0 660111
80 1 660266
69 0 660300
32 0 660416
69 1 660434
32 1 660519
84 0 660581
73 0 660705
84 1 660744
73 1 660844
78 0 661038
78 1 661162
69 0 661248
69 1 661377
32 0 661423
32 1 661593
67 0 661663
67 1 661790
69 0 661848
69 1 661991
76 0 662021
76 1 662150
32 0 662177
32 1 662313
77 0 662361
77 1 662493
65 0 662529
65 1 662657
73 0 662669
73 1 662768
32 0 662831
32 1 662966
77 0 662972
77 1 663079
85 0 663210
85 1 663308
76 0 663549
76 1 663702
84 0 663778
84 1 663890
190 0 665874
190 1 666081
32 0 670291
32 1 670496
20 0 671604
69 0 671949
69 1 672105
20 1 672542
76 0 672778
76 1 672990
69 0 673024
69 1 673146
86 0 673331
86 1 673538
73 0 673566
73 1 673709
73 0 673819
73 1 673939
32 0 674011
32 1 674180
83 0 674323
83 1 674469
73 0 674482
73 1 674627
32 0 674666
32 1 674782
80 0 674909
80 1 675047
82 0 675059
82 1 675176
79 0 675230
79 1 675341
70 0 675557
70 1 675701
69 0 676131
69 1 676246
83 0 676443
83 1 676599
79 0 676712
79 1 676831
82 0 677269
82 1 677440
73 0 677515
73 1 677578
73 0 677721
73 1 677820
32 0 677969
32 1 678120
65 0 678339
65 1 678539
8 0 679458
8 1 679726
8 0 680605
8 0 681104
8 0 681187
8 0 681271
8 0 681357
8 0 681437
8 0 681521
8 0 681605
8 0 681689
8 0 681773
8 0 681858
8 0 681940
8 0 682023
8 0 682108
8 1 682110
8 0 682416
8 1 682487
32 0 683292
32 1 683479
83 0 683595
73 0 683696
83 1 683739
73 1 683831
32 0 683923
32 1 684074
80 0 684362
65 0 684531
80 1 684537
65 1 684653
82 0 684753
82 1 684884
73 0 684919
73 1 685038
78 0 685192
78 1 685323
84 0 685332
84 1 685479
73 0 685514
73 1 685597
73 0 685719
73 1 685818
32 0 685827
32 1 685962
65 0 686355
65 1 686493
82 0 686684
82 1 686832
32 0 686884
32 1 686983
84 0 687113
84 1 687244
82 0 687354
82 1 687477
69 0 687585
69 1 687724
66 0 687880
66 1 688063
85 0 688076
85 1 688183
73 0 688305
73 1 688436
32 0 688543
32 1 688690
83 0 688817
65 0 688966
83 1 689032
32 0 689042
65 1 689097
32 1 689181
83 0 689278
83 1 689369
69 0 689535
69 1 689768
32 0 689776
32 1 689916
79 0 690160
79 1 690276
82 0 690389
82 1 690535
73 0 690710
73 1 690825
69 0 690850
69 1 690965
78 0 691050
84 0 691194
78 1 691215
84 1 691310
69 0 691369
69 1 691469
90 0 691670
90 1 691801
69 0 691920
69 1 692060
32 0 692117
32 1 692233
83 0 692338
83 1 692490
80 0 692568
80 1 692723
82 0 692775
69 0 692883
82 1 692990
69 1 693075
32 0 693076
32 1 693194
83 0 693249
83 1 693383
79 0 693454
67 0 693638
79 1 693641
67 1 693745
76 0 694118
76 1 694318
8 0 694687
8 1 694794
8 0 694900
8 1 694979
8 0 695059
67 0 695168
8 1 695170
67 1 695328
79 0 695442
79 1 695581
76 0 695740
76 1 695887
73 0 695973
73 1 696104
32 0 696157
32 1 696320
80 0 696378
80 1 696515
82 0 696522
82 1 696657
73 0 696675
73 1 696794
86 0 697101
86 1 697252
65 0 697998
65 1 698129
84 0 698285
84 1 698420
69 0 698503
69 1 698642
32 0 698703
32 1 698809
73 0 699481
73 1 699623
78 0 699900
78 1 700067
32 0 700120
32 1 700299
67 0 700473
67 1 700625
65 0 700758
65 1 700913
82 0 701001
69 0 701149
82 1 701228
69 1 701308
32 0 701321
32 1 701468
79 0 705305
79 1 705462
66 0 705875
66 1 706087
73 0 706303
73 1 706471
69 0 706777
69 1 706884
67 0 707121
67 1 707244
84 0 707445
84 1 707582
73 0 707655
73 1 707782
86 0 707915
86 1 708066
69 0 708225
69 1 708325
76 0 708591
76 1 708758
69 0 708990
69 1 709133
32 0 710005
32 1 710188
65 0 710306
65 1 710469
78 0 710490
78 1 710657
85 0 710699
85 1 710863
76 0 711100
76 1 711263
85 0 711514
85 1 711681
73 0 711872
73 1 712043
32 0 712225
32 1 712429
83 0 712717
83 1 712820
67 0 712978
67 1 713093
79 0 713193
79 1 713304
76 0 713584
76 1 713750
65 0 713786
65 1 713933
82 0 714071
82 1 714194
32 0 714371
32 1 714516
83 0 714795
85 0 714915
83 1 714945
85 1 715034
78 0 715141
84 0 715256
78 1 715280
32 0 715401
84 1 715411
32 1 715540
77 0 715896
77 1 716027
85 0 716133
85 1 716249
76 0 716444
76 1 716615
84 0 716638
32 0 716802
84 1 716820
77 0 716858
32 1 716966
77 1 716998
65 0 717103
73 0 717171
65 1 717250
73 1 717291
32 0 717585
32 1 717737
65 0 718078
65 1 718214
84 0 718275
69 0 718447
84 1 718449
69 1 718562
84 0 718758
84 1 718842
77 0 718942
77 1 719086
8 0 719394
8 1 719511
8 0 719735
8 1 719834
78 0 720977
78 1 721132
84 0 721231
84 1 721373
32 0 721378
32 1 721505
85 0 721537
85 1 721680
82 0 721698
82 1 721841
77 0 721912
77 1 722075
65 0 722109
65 1 722236
82 0 722353
82 1 722464
73 0 722477
73 1 722616
84 0 723642
84 1 723788
69 0 723930
69 1 724037
190 0 724214
190 1 724421
20 0 741429
77 0 741465
77 1 741631
20 1 741957
20 0 742313
8 0 743203
8 1 743322
20 1 743405
73 0 743928
73 1 744099
20 0 744161
78 0 744354
78 1 744581
8 0 744775
8 1 744883
8 0 745027
8 1 745067
8 0 745266
8 1 745379
73 0 745605
73 1 745748
20 1 745880
78 0 746090
78 1 746258
32 0 746308
32 1 746464
65 0 746561
65 1 746669
67 0 746796
67 1 746931
69 0 747021
69 1 747137
65 0 747248
65 1 747340
83 0 747377
83 1 747472
84 0 747592
84 1 747740
65 0 747789
32 0 747933
65 1 747953
32 1 748041
80 0 748313
80 1 748489
79 0 748609
79 1 748721
90 0 748814
90 1 748917
65 0 749145
65 1 749273
32 0 750946
32 1 751106
83 0 751451
83 1 751598
85 0 751642
85 1 751845
71 0 751940
71 1 752076
69 0 752231
69 1 752354
83 0 752493
83 1 752628
84 0 752734
84 1 752873
73 0 752915
73 1 753046
86 0 753228
86 1 753375
65 0 753685
65 1 753829
32 0 755303
32 1 755540
79 0 756335
79 1 756476
66 0 757392
66 1 757563
83 0 757950
83 1 758065
69 0 758234
69 1 758453
82 0 758499
82 1 758626
86 0 758779
86 1 758915
32 0 759002
32 1 759185
67 0 759287
67 1 759426
85 0 759517
85 1 759700
32 0 761503
32 1 761694
80 0 762187
80 1 762347
82 0 762371
73 0 762531
82 1 762557
73 1 762675
69 0 762732
69 1 762848
84 0 762915
84 1 763083
69 0 763091
69 1 763203
78 0 763235
78 1 763371
73 0 763470
73 1 763594
73 0 763692
73 1 763788
32 0 763823
32 1 763999
77 0 764312
77 1 764472
69 0 764516
69 1 764616
73 0 764681
73 1 764860
32 0 765062
32 1 765200
83 0 765364
83 1 765528
189 0 765781
189 1 765984
65 0 766020
65 1 766156
85 0 766272
85 1 766439
32 0 766456
32 1 766599
73 0 766647
73 1 766786
78 0 766948
78 1 767099
84 0 767121
84 1 767220
65 0 767301
76 0 767431
65 1 767439
76 1 767560
78 0 767733
78 1 767917
73 0 767970
73 1 768129
84 0 768194
32 0 768335
84 1 768356
32 1 768477
83 0 768527
73 0 768652
83 1 768673
73 1 768742
32 0 768830
32 1 768937
65 0 768967
65 1 769066
83 0 769134
83 1 769241
84 0 769331
84 1 769474
69 0 769491
69 1 769586
65 0 769705
65 1 769828
80 0 769963
80 1 770082
84 0 770136
84 1 770251
65 0 770339
32 0 770479
65 1 770493
32 1 770602
83 0 770680
65 0 770832
83 1 770923
65 1 770959
32 0 770964
32 1 771035
73 0 771052
73 1 771159
78 0 771315
78 1 771458
84 0 771512
84 1 771663
82 0 771735
82 1 771842
69 0 771945
69 1 772063
32 0 772121
32 1 772228
76 0 772824
65 0 772972
76 1 772987
65 1 773139
32 0 773166
32 1 773261
79 0 773305
79 1 773468
32 0 773485
32 1 773572
83 0 773660
83 1 773763
69 0 773857
69 1 773972
68 0 774097
68 1 774220
73 0 774253
73 1 774377
78 0 774511
84 0 774615
78 1 774618
84 1 774738
65 0 774854
32 0 775007
65 1 775021
32 1 775130
83 0 775258
83 1 775381
80 0 775560
80 1 775708
69 0 775726
69 1 775825
67 0 775955
67 1 776110
73 0 776123
65 0 776242
73 1 776244
65 1 776370
76 0 776475
76 1 776632
65 0 776655
65 1 776767
188 0 777537
188 1 777690
32 0 777727
32 1 777898
73 0 779676
73 1 779797
65 0 779949
65 1 780097
82 0 780483
82 1 780647
32 0 780715
32 1 780906
70 0 781019
70 1 781166
73 0 781198
73 1 781329
69 0 781361
69 1 781453
67 0 781606
67 1 781701
65 0 781814
65 1 781944
82 0 782064
69 0 782208
82 1 782236
69 1 782363
32 0 782383
32 1 782535
68 0 782691
68 1 782826
73 0 782849
73 1 782942
78 0 783100
78 1 783239
32 0 783289
32 1 783392
8 0 784019
8 1 784172
84 0 784271
84 1 784392
82 0 784520
82 1 784619
69 0 784760
69 1 784859
32 0 784997
32 1 785129
69 0 785248
69 1 785350
73 0 785424
73 1 785561
32 0 785653
32 1 785789
69 0 785905
69 1 786004
83 0 786098
83 1 786229
84 0 786387
69 0 786527
84 1 786572
69 1 786707
32 0 786711
32 1 786822
79 0 787358
79 1 787527
67 0 787621
67 1 787732
85 0 787840
85 1 787975
80 0 788342
80 1 788517
65 0 788624
65 1 788767
84 0 789191
84 1 789366
32 0 791334
32 1 791564
83 0 791683
65 0 791867
83 1 791939
32 0 791979
65 1 792018
32 1 792107
83 0 792263
83 1 792399
84 0 792541
84 1 792662
85 0 792727
85 1 792858
68 0 792891
68 1 793018
73 0 793102
73 1 793209
69 0 793242
69 1 793370
90 0 793606
90 1 793706
69 0 793811
69 1 793963
32 0 794030
32 1 794165
79 0 794369
79 1 794540
82 0 794544
82 1 794616
68 0 794809
68 1 794908
73 0 794978
73 1 795110
78 0 795276
78 1 795428
69 0 795450
69 1 795574
65 0 795681
65 1 795837
32 0 795868
32 1 795984
68 0 796106
68 1 796249
69 0 796326
32 0 796450
69 1 796458
32 1 796553
90 0 796687
90 1 796803
73 0 796887
73 1 797050
32 0 797667
32 1 797828
65 0 797926
65 1 798049
32 0 798217
32 1 798408
83 0 798578
83 1 798701
69 0 798843
69 1 798954
68 0 799252
68 1 799419
8 0 803099
8 1 803238
8 0 803347
8 1 803586
8 0 803900
8 1 803967
8 0 804079
8 1 804178
8 0 804265
8 1 804396
68 0 804806
68 1 804905
73 0 805029
73 1 805180
78 0 805303
32 0 805470
78 1 805471
32 1 805597
67 0 805786
79 0 805888
67 1 805969
79 1 805995
78 0 806175
78 1 806350
86 0 806402
86 1 806566
79 0 806605
79 1 806768
67 0 807507
67 1 807670
65 0 807766
65 1 807877
84 0 808000
84 1 808120
79 0 808228
79 1 808304
82 0 808375
82 1 808478
85 0 808677
85 1 808801
76 0 809068
32 0 809256
76 1 809259
32 1 809367
80 0 809435
80 1 809571
82 0 809591
82 1 809687
8 0 809901
8 1 810025
8 0 810131
8 1 810201
84 0 810214
84 1 810321
82 0 810440
82 1 810572
73 0 810595
73 1 810715
77 0 810884
77 1 811003
73 0 811094
73 1 811185
83 0 811348
83 1 811511
32 0 811533
32 1 811672
80 0 811781
80 1 811944
82 0 811952
82 1 812085
73 0 812128
73 1 812270
78 0 812412
78 1 812550
32 0 812589
32 1 812738
80 0 813524
80 1 813685
79 0 813868
79 1 813995
82 0 814130
82 1 814253
85 0 814332
85 1 814467
77 0 814661
77 1 814847
66 0 814904
66 1 815015
69 0 815143
76 0 815259
69 1 815264
76 1 815411
188 0 815563
188 1 815745
32 0 815821
32 1 815964
68 0 816138
68 1 816241
69 0 816289
69 1 816424
8 0 817449
8 1 817583
8 0 817669
8 1 817937
8 0 818018
8 1 818097
8 0 818207
8 1 818295
190 0 818757
190 1 818968
32 0 819031
32 1 819190
20 0 819353
80 0 819409
20 1 819537
80 1 819555
69 0 819973
69 1 820096
32 0 820233
32 1 820364
86 0 820810
86 1 820927
82 0 821051
82 1 821158
69 0 821261
69 1 821362
77 0 821467
77 1 821637
85 0 821793
85 1 821888
82 0 821948
82 1 822076
73 0 822088
73 1 822224
32 0 822242
32 1 822364
78 0 822494
78 1 822610
85 0 822685
85 1 822789
32 0 822818
32 1 822962
69 0 823049
69 1 823104
88 0 823300
88 1 823439
73 0 823495
83 0 823594
73 1 823657
83 1 823741
84 0 823884
84 1 824004
65 0 824016
32 0 824124
65 1 824184
32 1 824268
80 0 824863
80 1 825015
79 0 825307
79 1 825447
83 0 825864
83 1 826004
84 0 826094
84 1 826249
65 0 826266
32 0 826426
65 1 826444
32 1 826582
83 0 826677
65 0 826866
83 1 826867
65 1 827025
85 0 827080
85 1 827224
32 0 827467
32 1 827650
73 0 827915
73 1 828002
78 0 828164
78 1 828303
84 0 828350
84 1 828475
69 0 828567
69 1 828670
82 0 828713
82 1 828828
78 0 828897
78 1 829016
69 0 829061
69 1 829188
84 0 829352
32 0 829485
84 1 829487
32 1 829675
83 0 829923
83 1 830047
73 0 830063
73 1 830182
32 0 830231
32 1 830368
68 0 830636
68 1 830762
69 0 830833
69 1 830971
32 0 830987
32 1 831143
65 0 831268
65 1 831388
83 0 831455
83 1 831551
84 0 831650
84 1 831774
65 0 831808
65 1 831970
32 0 831975
32 1 832084
83 0 832341
83 1 832458
8 0 881821
8 1 881922
65 0 940499
65 1 940640
85 0 940667
85 1 940830
32 0 940846
32 1 940990
65 0 941134
65 1 941246
76 0 941354
69 0 941486
76 1 941501
69 1 941610
83 0 941744
83 1 941887
32 0 941940
32 1 942020
67 0 942364
67 1 942492
69 0 942552
69 1 942700
73 0 942749
73 1 942884
32 0 942921
32 1 943089
77 0 943093
77 1 943222
65 0 943252
65 1 943384
73 0 943477
73 1 943553
32 0 943766
32 1 943878
66 0 944113
66 1 944236
85 0 944704
85 1 944795
78 0 944932
78 1 945051
73 0 945200
73 1 945382
32 0 945382
32 1 945508
67 0 945582
85 0 945686
67 1 945722
85 1 945845
82 0 946228
73 0 946344
82 1 946379
73 1 946485
69 0 946500
69 1 946599
82 0 946695
82 1 946822
73 0 946872
73 1 946991
32 0 947071
32 1 947198
68 0 947482
68 1 947611
73 0 947622
73 1 947717
78 0 947890
78 1 948029
32 0 948072
32 1 948239
76 0 948319
76 1 948490
85 0 948693
85 1 948784
77 0 948988
77 1 949111
69 0 949158
69 1 949277
190 0 949740
190 1 949895
32 0 951359
32 1 951561
20 0 952270
73 0 952397
20 1 952544
73 1 952544
78 0 952766
78 1 952888
32 0 953116
32 1 953279
80 0 953535
80 1 953670
79 0 953875
79 1 954051
79 0 954616
79 1 954792
8 0 956534
8 1 956642
8 0 956784
8 1 956873
8 0 957199
8 1 957355
65 0 957727
65 1 957878
67 0 958019
67 1 958066
69 0 958279
69 1 958418
65 0 958510
65 1 958621
83 0 958634
83 1 958777
84 0 958880
84 1 959000
65 0 959061
32 0 959167
65 1 959215
32 1 959283
80 0 959393
80 1 959556
79 0 959708
90 0 959836
79 1 959844
90 1 959963
65 0 960070
65 1 960213
32 0 960222
32 1 960325
77 0 960745
77 1 960949
65 0 961003
73 0 961039
65 1 961134
73 1 961167
32 0 961310
32 1 961451
77 0 961530
77 1 961589
8 0 961860
8 1 961943
80 0 962673
80 1 962803
85 0 963026
85 1 963149
84 0 963256
84 1 963359
69 0 963397
69 1 963516
77 0 963590
77 1 963695
32 0 963771
32 1 963898
83 0 963983
65 0 964099
32 0 964203
83 1 964207
65 1 964246
32 1 964334
79 0 964489
79 1 964643
66 0 964704
66 1 964860
83 0 965070
83 1 965188
69 0 965299
69 1 965422
82 0 965474
82 1 965569
86 0 965800
86 1 965899
65 0 966069
65 1 966197
77 0 966361
77 1 966524
32 0 966624
32 1 966787
67 0 967084
67 1 967231
85 0 967294
85 1 967443
77 0 967685
77 1 967804
32 0 967875
32 1 968034
80 0 968467
80 1 968616
82 0 968695
82 1 968807
73 0 968850
73 1 968989
78 0 969126
78 1 969242
77 0 969424
32 0 969529
77 1 969532
32 1 969684
8 0 969846
8 1 969936
8 0 970028
8 1 970131
32 0 970208
32 1 970388
77 0 970464
77 1 970594
73 0 970686
73 1 970806
74 0 970993
74 1 971136
76 0 971318
76 1 971442
79 0 971559
79 1 971690
67 0 971725
67 1 971868
32 0 971941
32 1 972100
84 0 972367
84 1 972482
82 0 972720
82 1 972848
69 0 972947
69 1 973055
67 0 973203
67 1 973339
32 0 973462
32 1 973609
79 0 973731
79 1 973854
65 0 973874
65 1 974013
77 0 974059
69 0 974167
77 1 974184
69 1 974291
78 0 974323
78 1 974418
73 0 974593
73 1 974713
73 0 974835
73 1 974930
32 0 974995
32 1 975142
68 0 975297
68 1 975421
73 0 975533
73 1 975643
78 0 976166
78 1 976341
32 0 976562
32 1 976775
66 0 977068
66 1 977200
73 0 977270
73 1 977397
82 0 977440
82 1 977587
79 0 977667
79 1 977770
85 0 978036
85 1 978175
76 0 978427
76 1 978566
32 0 978626
32 1 978769
68 0 978863
68 1 978998
69 0 979123
32 0 979248
69 1 979253
32 1 979348
67 0 979549
67 1 979681
79 0 979810
79 1 979905
78 0 980087
78 1 980214
68 0 980270
68 1 980393
85 0 980461
85 1 980588
67 0 980720
67 1 980863
69 0 980967
69 1 981067
82 0 981164
69 0 981324
82 1 981375
69 1 981443
188 0 981720
188 1 981923
32 0 981956
73 0 982121
32 1 982124
73 1 982243
65 0 982275
65 1 982398
82 0 982492
82 1 982591
32 0 982716
32 1 982831
67 0 983076
67 1 983255
69 0 983378
69 1 983488
73 0 983564
73 1 983683
32 0 983785
32 1 983920
68 0 984055
68 1 984174
69 0 984221
32 0 984385
69 1 984390
32 1 984529
80 0 984705
80 1 984840
69 0 984917
32 0 985064
69 1 985083
32 1 985172
77 0 985411
65 0 985523
77 1 985567
65 1 985667
82 0 985849
82 1 985992
71 0 986424
71 1 986611
73 0 986658
73 1 986778
78 0 986871
78 1 987002
69 0 987016
32 0 987144
69 1 987151
32 1 987271
76 0 987407
76 1 987575
69 0 987595
69 1 987695
32 0 987703
32 1 987795
70 0 987938
70 1 988086
65 0 988153
65 1 988268
67 0 988375
67 1 988498
32 0 988643
32 1 988771
67 0 989272
67 1 989396
8 0 989805
8 1 989936
76 0 990159
76 1 990315
79 0 990504
79 1 990660
82 0 990790
82 1 990953
32 0 991039
32 1 991170
8 0 991546
8 1 991605
8 0 991732
8 1 991829
67 0 991842
67 1 991989
32 0 992116
32 1 992280
83 0 992458
83 1 992617
73 0 992708
73 1 992855
32 0 993041
32 1 993220
73 0 993495
73 1 993606
73 0 993760
73 1 993871
32 0 994413
32 1 994639
85 0 996450
85 1 996627
82 0 996759
82 1 996922
77 0 997028
77 1 997171
65 0 997370
65 1 997497
82 0 997647
69 0 997809
82 1 997823
69 1 997896
83 0 998534
83 1 998715
67 0 999097
67 1 999244
32 0 999343
32 1 999478
68 0 999594
73 0 999718
68 1 999753
73 1 999837
78 0 999956
78 1 1000083
32 0 1000124
32 1 1000279
80 0 1000330
80 1 1000466
82 0 1000519
82 1 1000663
73 0 1000956
73 1 1001099
86 0 1001191
86 1 1001346
73 0 1001364
73 1 1001481
82 0 1001786
82 1 1001921
73 0 1002010
73 1 1002178
32 0 1002399
32 1 1002543
80 0 1002819
80 1 1003028
69 0 1003044
69 1 1003184
78 0 1003214
78 1 1003386
84 0 1003427
84 1 1003546
82 0 1003683
82 1 1003815
85 0 1003838
85 1 1003982
32 0 1004149
32 1 1004329
65 0 1004738
65 1 1004938
32 0 1005899
32 1 1006079
77 0 1006722
77 1 1006949
65 0 1007057
65 1 1007200
73 0 1007251
73 1 1007407
32 0 1007467
32 1 1007646
65 0 1007708
65 1 1007824
70 0 1007958
70 1 1008089
76 0 1008160
76 1 1008290
65 0 1008322
65 1 1008457
32 0 1008991
32 1 1009134
78 0 1009398
78 1 1009523
79 0 1009651
79 1 1009774
85 0 1009920
85 1 1010047
84 0 1010120
84 1 1010255
65 0 1010419
65 1 1010564
84 0 1010778
84 1 1010917
73 0 1010973
73 1 1011092
32 0 1011133
32 1 1011215
68 0 1011399
68 1 1011515
69 0 1011573
69 1 1011668
83 0 1011852
83 1 1012006
80 0 1012056
80 1 1012147
82 0 1012256
69 0 1012360
82 1 1012459
32 0 1012524
69 1 1012542
32 1 1012631
83 0 1012723
83 1 1012855
68 0 1013066
68 1 1013185
8 0 1013565
8 1 1013693
69 0 1013722
69 1 1013825
68 0 1013930
68 1 1014065
73 0 1014105
73 1 1014216
78 0 1014362
84 0 1014482
78 1 1014512
84 1 1014609
65 0 1014710
65 1 1014889
32 0 1014936
32 1 1015076
67 0 1015247
67 1 1015341
65 0 1015457
65 1 1015577
82 0 1015712
69 0 1015860
82 1 1015931
69 1 1016035
32 0 1016036
32 1 1016171
85 0 1016248
85 1 1016406
82 0 1016438
82 1 1016581
77 0 1016663
77 1 1016803
69 0 1016854
69 1 1016941
65 0 1017144
65 1 1017256
90 0 1017442
90 1 1017571
65 0 1017729
65 1 1017849
32 0 1017997
32 1 1018173
83 0 1018334
83 1 1018490
65 0 1018758
65 1 1018950
32 0 1019170
32 1 1019316
65 0 1019496
65 1 1019608
73 0 1019723
73 1 1019891
66 0 1019974
66 1 1020149
65 0 1020612
65 1 1020744
8 0 1021678
8 1 1021850
8 0 1021940
8 1 1022067
8 0 1022217
8 1 1022329
8 0 1022571
8 1 1022718
83 0 1022984
83 1 1023119
69 0 1023301
69 1 1023484
32 0 1023493
32 1 1023592
68 0 1023702
68 1 1023836
69 0 1023917
69 1 1024028
83 0 1024188
83 1 1024319
70 0 1024493
70 1 1024648
65 0 1024753
65 1 1024876
67 0 1024971
67 1 1025098
8 0 1025637
8 1 1025756
83 0 1025799
83 1 1025919
79 0 1025944
79 1 1026119
65 0 1026158
65 1 1026265
82 0 1026375
69 0 1026535
82 1 1026574
69 1 1026650
190 0 1026802
190 1 1026937
32 0 1027161
32 1 1027300
20 0 1027499
80 0 1027500
80 1 1027644
20 1 1027777
85 0 1027948
85 1 1028063
78 0 1028215
78 1 1028330
67 0 1028376
67 1 1028507
84 0 1028684
73 0 1028840
84 1 1028858
73 1 1028955
32 0 1029153
32 1 1029248
83 0 1029389
83 1 1029556
73 0 1029576
73 1 1029691
32 0 1029777
32 1 1029932
83 0 1031019
83 1 1031190
70 0 1031346
70 1 1031470
65 0 1031561
65 1 1031657
82 0 1031722
82 1 1031838
83 0 1032243
83 1 1032379
73 0 1032466
73 1 1032594
84 0 1032641
84 1 1032821
32 0 1032845
32 1 1032977
80 0 1033126
69 0 1033251
80 1 1033256
69 1 1033375
78 0 1033528
84 0 1033676
78 1 1033704
84 1 1033796
82 0 1033906
82 1 1034014
85 0 1034032
85 1 1034156
32 0 1034255
32 1 1034355
80 0 1034938
80 1 1035069
79 0 1035203
79 1 1035333
86 0 1035408
86 1 1035540
69 0 1035746
69 1 1035877
83 0 1036219
83 1 1036367
84 0 1036555
84 1 1036639
69 0 1036754
69 1 1036861
65 0 1036989
65 1 1037149
32 0 1037150
32 1 1037280
20 0 1039507
84 0 1039692
84 1 1039822
65 0 1039894
65 1 1040009
16 0 1040115
49 0 1040384
49 1 1040479
16 1 1040599
