16 0 165941
16 1 166065
69 0 166505
69 1 166569
8 0 167665
8 1 167721
20 0 168585
20 1 168761
69 0 169273
69 1 169337
32 0 169905
32 1 169953
73 0 171825
73 1 171889
65 0 172201
65 1 172305
82 0 172649
82 1 172713
78 0 173681
78 1 173737
65 0 174041
65 1 174121
8 0 175465
8 1 175521
8 0 175689
8 1 175737
8 0 175889
8 1 175945
8 0 176105
8 1 176153
8 0 176385
8 1 176433
20 0 177385
20 1 177569
73 0 178369
73 1 178417
8 0 179441
8 1 179497
8 0 179705
8 1 179753
73 0 180801
73 1 180857
65 0 181993
65 1 182065
82 0 182481
82 1 182545
78 0 183249
78 1 183305
65 0 183657
65 1 183729
32 0 202913
32 1 202961
188 0 204185
188 1 204233
8 0 206393
8 1 206465
8 0 206681
8 1 206769
32 0 207673
32 1 207713
190 0 208961
190 1 209033
65 0 209705
65 1 209809
70 0 210065
70 1 210145
65 0 211057
65 1 211153
82 0 211521
82 1 211585
8 0 212513
8 1 212561
8 0 212713
8 1 212761
8 0 212905
8 1 212953
8 0 213106
8 1 213153
8 0 213297
8 1 213353
8 0 213905
8 1 213945
188 0 215673
188 1 215729
32 0 224057
32 1 224129
8 0 227441
8 1 227505
32 0 228241
32 1 228313
188 0 229505
188 1 229569
65 0 231249
65 1 231353
70 0 231673
70 1 231745
65 0 232081
65 1 232225
82 0 232649
82 1 232713
65 0 232833
65 1 232961
32 0 233273
32 1 233337
69 0 234034
69 1 234097
32 0 234369
32 1 234417
86 0 237817
86 1 237873
82 0 238225
82 1 238273
69 0 238409
69 1 238473
77 0 239265
77 1 239321
65 0 239641
65 1 239745
69 0 240449
69 1 240513
8 0 244130
8 1 244193
8 0 245017
8 1 245073
8 0 249745
8 1 249793
8 0 249995
8 1 250033
8 0 250481
8 1 250521
8 0 251313
8 1 251345
73 0 252385
73 1 252433
78 0 252769
78 1 252817
79 0 253337
79 1 253393
82 0 253777
82 1 253833
65 0 254170
65 1 254289
84 0 254449
84 1 254497
32 0 255249
32 1 255281
83 0 256057
83 1 256129
73 0 256625
73 1 256681
73 0 256793
73 1 256841
32 0 257153
32 1 257201
8 0 258521
8 1 258577
8 0 258729
8 1 258785
32 0 259617
32 1 259649
80 0 260121
80 1 260185
76 0 260345
76 1 260401
79 0 260569
79 1 260625
85 0 261001
85 1 261065
65 0 261361
65 1 261473
32 0 261737
32 1 261785
77 0 262553
77 1 262601
65 0 262865
65 1 262945
82 0 263337
84 0 263345
84 1 263377
82 1 263385
85 0 263737
85 1 263793
78 0 264041
78 1 264097
84 0 264466
84 1 264545
32 0 264993
32 1 265041
190 0 268041
190 1 268089
65 0 276609
65 1 276721
82 0 277593
82 1 277665
65 0 277769
65 1 277889
8 0 278897
8 1 278961
8 0 279121
8 1 279169
8 0 279409
8 1 279465
20 0 280097
20 1 280217
80 0 281337
80 1 281385
20 0 281618
20 1 281729
65 0 282097
65 1 282177
82 0 283025
82 1 283081
69 0 283241
69 1 283289
32 0 283713
32 1 283776
65 0 284673
65 1 284745
32 0 284905
32 1 284952
70 0 285225
70 1 285321
73 0 285601
73 1 285665
73 0 285761
73 1 285801
32 0 286025
32 1 286072
77 0 287033
77 1 287081
65 0 287313
65 1 287377
73 0 287737
73 1 287793
32 0 288025
32 1 288064
77 0 288521
77 1 288569
85 0 288817
85 1 288865
76 0 289457
76 1 289521
84 0 290297
84 1 290385
32 0 290865
32 1 290920
80 0 291697
80 1 291753
82 0 292233
82 1 292297
73 0 292617
73 1 292681
77 0 292993
77 1 293041
65 0 293417
65 1 293489
8 0 305841
8 1 305881
8 0 306025
8 1 306089
8 0 306217
8 1 306273
8 0 306401
8 1 306457
8 0 306761
8 1 306825
84 0 309497
84 1 309545
79 0 310041
79 1 310081
65 0 310489
65 1 310561
77 0 310921
77 1 310977
78 0 311129
78 1 311201
65 0 311457
65 1 311537
32 0 314073
32 1 314113
68 0 320361
68 1 320425
69 0 320857
69 1 320921
67 0 321321
67 1 321385
65 0 321513
65 1 321601
84 0 321937
84 1 322001
32 0 322297
32 1 322360
77 0 323065
77 1 323105
73 0 324241
73 1 324297
69 0 324865
69 1 324921
90 0 325529
90 1 325577
85 0 325929
85 1 326001
76 0 326521
76 1 326592
32 0 326928
32 1 326984
73 0 328176
73 1 328232
69 0 328713
69 1 328776
82 0 329408
82 1 329480
78 0 330048
78 1 330096
73 0 330577
73 1 330632
73 0 330744
73 1 330800
32 0 331304
32 1 331322
16 0 351313
16 0 351812
16 0 351846
16 0 351878
16 0 351912
16 0 351944
16 0 351977
16 0 352010
16 0 352043
16 0 352077
16 0 352109
16 0 352142
16 0 352176
16 0 352208
16 0 352241
16 0 352274
16 0 352307
49 0 352312
49 1 352376
16 1 352568
73 0 363265
73 1 363305
78 0 363801
78 1 363857
32 0 364225
32 1 364280
8 0 365145
8 1 365209
8 0 365344
8 1 365400
8 0 365729
8 1 365784
20 0 366546
20 1 366649
73 0 367080
73 1 367145
20 0 367609
20 1 367744
78 0 368553
78 1 368601
32 0 369385
32 1 369424
76 0 370089
76 1 370145
79 0 370297
79 1 370353
67 0 371033
67 1 371097
85 0 371433
85 1 371489
76 0 372544
76 1 372592
32 0 372905
32 1 372944
70 0 380529
70 1 380593
85 0 381129
85 1 381192
76 0 381681
76 1 381737
71 0 382689
71 1 382769
73 0 383249
73 1 383305
76 0 383825
76 1 383889
79 0 384041
79 1 384113
69 0 384545
69 1 384609
8 0 386041
8 1 386104
82 0 386865
82 1 386944
32 0 387313
32 1 387360
74 0 388537
74 1 388593
85 0 389121
85 1 389185
67 0 389577
67 1 389649
65 0 389793
65 1 389881
85 0 390465
85 1 390521
83 0 391169
83 1 391241
73 0 391673
73 1 391721
73 0 391809
73 1 391865
32 0 392449
32 1 392496
67 0 393169
67 1 393233
65 0 393393
65 1 393457
68 0 393785
68 1 393841
32 0 394081
32 1 394121
80 0 395577
80 1 395633
8 0 396369
8 1 396433
83 0 396809
83 1 396896
84 0 397297
84 1 397369
82 0 397481
82 1 397569
79 0 399425
79 1 399489
80 0 399609
80 1 399672
73 0 399929
73 1 399984
73 0 400081
73 1 400137
32 0 400353
32 1 400392
68 0 400865
68 1 400960
69 0 401081
69 1 401153
32 0 401450
32 1 401489
80 0 402961
80 1 403016
76 0 403473
76 1 403529
79 0 403657
79 1 403721
65 0 404145
65 1 404233
73 0 404825
73 1 404880
69 0 405185
69 1 405273
32 0 405665
32 1 405720
82 0 406737
82 1 406785
69 0 407049
69 1 407105
67 0 407977
67 1 408025
73 0 408585
73 1 408641
73 0 408729
73 1 408793
32 0 409968
32 1 410008
67 0 467961
67 1 468025
65 0 468225
65 1 468313
82 0 468641
82 1 468713
69 0 468825
69 1 468889
32 0 469257
32 1 469304
65 0 470129
65 1 470209
82 0 470553
82 1 470617
32 0 470857
32 1 470896
84 0 471288
84 1 471353
82 0 471505
82 1 471577
69 0 471721
69 1 471769
66 0 472473
66 1 472561
85 0 472865
85 1 472929
73 0 473025
73 1 473097
32 0 473273
32 1 473320
83 0 473728
83 1 473793
65 0 473825
65 1 473913
32 0 474041
32 1 474096
67 0 474601
67 1 474665
65 0 474777
65 1 474841
68 0 475081
68 1 475137
65 0 475161
65 1 475233
32 0 475401
32 1 475448
83 0 493081
83 1 493145
8 0 496697
8 1 496760
8 0 502721
8 1 502785
8 0 502897
8 1 502961
8 0 503057
8 1 503121
8 0 503225
8 1 503280
8 0 503384
8 1 503440
8 0 503865
8 1 503921
8 0 504041
8 1 504104
83 0 509241
83 1 509313
65 0 509401
65 1 509473
32 0 509985
32 1 510040
67 0 510777
67 1 510857
65 0 511025
65 1 511129
68 0 511361
68 1 511417
65 0 511785
65 1 511841
32 0 512481
32 1 512536
80 0 513881
80 1 513937
69 0 514281
69 1 514361
78 0 514729
78 1 514793
84 0 515097
84 1 515153
82 0 515297
82 1 515353
85 0 515937
85 1 516001
32 0 516649
32 1 516696
65 0 517785
65 1 517841
32 0 518753
32 1 518793
70 0 519929
70 1 519985
65 0 520097
65 1 520169
67 0 520633
67 1 520689
69 0 521553
69 1 521617
32 0 521921
32 1 521953
79 0 523913
79 1 523977
65 0 524497
65 1 524561
77 0 525089
77 1 525129
69 0 525433
69 1 525513
78 0 525969
78 1 526017
73 0 526425
73 1 526481
73 0 526577
73 1 526633
8 0 528257
8 1 528305
8 0 528457
8 1 528497
73 0 533377
73 1 533441
32 0 533745
32 1 533793
68 0 534985
68 1 535057
69 0 535209
69 1 535265
32 0 535473
32 1 535505
90 0 535968
90 1 536032
65 0 536200
65 1 536265
80 0 536913
80 1 536977
65 0 537169
65 1 537225
68 0 537633
68 1 537705
65 0 537725
65 1 537801
32 0 538001
32 1 538056
83 0 538857
83 1 538913
73 0 539625
73 1 539681
73 0 539769
73 1 539825
32 0 540225
32 1 540272
65 0 541017
65 1 541065
8 0 541665
8 1 541713
8 0 541849
8 1 541905
8 0 542265
8 1 542321
109 0 543441
109 1 543489
73 0 544889
73 1 544953
32 0 545193
32 1 545232
65 0 546009
65 1 546097
32 0 546297
32 1 546344
78 0 546792
78 1 546848
69 0 547089
69 1 547161
32 0 547337
32 1 547377
77 0 548025
77 1 548073
65 0 548249
65 1 548321
78 0 548729
78 1 548785
71 0 549169
71 1 549225
65 0 549337
65 1 549417
73 0 550057
73 1 550113
65 0 550273
65 1 550337
32 0 550545
32 1 550585
79 0 552145
79 1 552201
66 0 553832
66 1 553889
82 0 554345
82 1 554409
65 0 554689
65 1 554745
74 0 555425
74 1 555465
73 0 555905
73 1 555961
73 0 556057
73 1 556113
32 0 568121
32 1 568168
188 0 571545
188 1 571601
32 0 571913
32 1 571960
65 0 572995
65 1 573089
32 0 574249
32 1 574280
84 0 575009
84 1 575073
82 0 575225
82 1 575289
65 0 575521
65 1 575649
78 0 576289
78 1 576345
83 0 576889
83 1 576977
70 0 577601
70 1 577697
79 0 578097
79 1 578153
82 0 578753
82 1 578841
77 0 579305
77 1 579345
65 0 579737
65 1 579825
32 0 579985
32 1 580025
84 0 581625
84 1 581705
79 0 582001
79 1 582065
84 0 582601
84 1 582681
85 0 583049
85 1 583105
76 0 583545
76 1 583601
188 0 583777
188 1 583817
73 0 585152
73 1 585208
78 0 585945
78 1 585993
84 0 586617
84 1 586681
82 0 589417
82 1 589489
109 0 590600
109 1 590664
85 0 591217
85 1 591273
78 0 591833
78 1 591881
32 0 592065
32 1 592097
8 0 597465
8 1 597529
8 0 597649
8 1 597713
8 0 597825
8 1 597889
8 0 597993
8 1 598057
8 0 598153
8 1 598217
8 0 598321
8 1 598385
8 0 598489
8 1 598545
8 0 598657
8 1 598721
8 0 598833
8 1 598889
8 0 598993
8 1 599057
8 0 599153
8 0 599653
8 0 599686
8 0 599719
8 1 599729
8 0 599888
8 1 599936
8 0 600056
8 1 600112
8 0 600216
8 1 600280
8 0 600368
8 1 600449
8 0 600537
8 1 600609
8 0 600697
8 1 600761
8 0 600849
8 1 600905
8 0 601009
8 1 601057
8 0 601185
8 1 601233
8 0 601441
8 1 601497
8 0 601681
8 1 601736
73 0 602593
73 1 602641
77 0 602953
77 1 602993
66 0 603705
66 1 603761
82 0 604049
82 1 604105
65 0 604385
65 1 604497
67 0 604841
67 1 604905
65 0 604977
67 0 605017
67 1 605057
65 1 605097
8 0 607000
8 1 607048
32 0 610177
32 1 610225
84 0 610680
84 1 610776
79 0 611824
79 1 611896
84 0 612577
84 1 612673
85 0 612889
85 1 612945
76 0 613433
76 1 613481
32 0 613697
32 1 613736
73 0 614048
73 1 614104
78 0 614344
78 1 614384
84 0 614937
84 1 615025
82 0 615265
82 1 615345
85 0 615569
85 1 615609
109 0 616601
109 1 616657
78 0 617712
78 1 617776
32 0 618032
32 1 618056
65 0 618912
65 1 619008
76 0 619841
76 1 619905
66 0 620593
66 1 620673
32 0 621049
32 1 621105
83 0 622097
83 1 622169
67 0 622385
67 1 622473
76 0 623536
76 1 623592
73 0 624233
73 1 624281
80 0 626289
80 1 626321
73 0 628641
73 1 628697
84 0 629489
84 1 629561
79 0 629833
79 1 629881
82 0 630281
82 1 630361
32 0 633145
32 1 633201
109 0 635897
109 1 635953
8 0 642209
8 1 642273
8 0 647849
8 1 647905
32 0 653561
32 1 653601
67 0 654545
67 1 654601
65 0 654889
65 1 654945
82 0 655273
82 1 655345
69 0 655465
69 1 655529
32 0 655825
32 1 655880
78 0 662129
78 1 662193
69 0 662561
69 1 662633
32 0 662825
32 1 662864
85 0 664641
85 1 664705
77 0 665145
77 1 665185
69 0 665473
69 1 665545
90 0 666225
90 1 666305
69 0 666657
69 1 666729
83 0 666945
83 1 667033
67 0 667233
67 1 667289
32 0 667537
32 1 667577
90 0 668216
90 1 668296
65 0 668464
65 1 668545
77 0 669153
77 1 669209
66 0 669545
66 1 669625
69 0 669889
69 1 669969
84 0 670217
84 1 670289
69 0 670497
69 1 670585
76 0 671193
76 1 671257
69 0 671473
69 1 671553
32 0 675025
32 1 675057
83 0 675793
83 1 675865
73 0 676313
73 1 676361
73 0 676473
73 1 676521
8 0 677665
8 1 677721
32 0 678769
32 1 678809
78 0 681337
78 1 681393
69 0 682632
69 1 682704
32 0 683529
32 1 683576
70 0 685465
70 1 685513
65 0 685705
65 1 685793
67 0 686065
67 1 686113
32 0 686297
32 1 686328
83 0 687040
83 1 687105
65 0 687145
65 1 687265
32 0 687449
32 1 687496
78 0 688385
78 1 688433
69 0 688825
69 1 688897
32 0 689457
32 1 689497
65 0 690224
65 1 690320
83 0 690465
83 1 690537
67 0 690785
67 1 690841
85 0 691225
85 1 691281
78 0 691793
78 1 691849
68 0 692225
68 1 692305
69 0 692425
69 1 692513
77 0 693017
77 1 693057
32 0 693249
32 1 693288
83 0 695001
83 1 695057
85 0 695353
85 1 695416
66 0 695808
66 1 695856
32 0 696024
32 1 696064
85 0 697065
85 1 697121
77 0 697641
77 1 697681
66 0 698049
66 1 698113
82 0 698513
82 1 698569
69 0 698713
69 1 698777
76 0 699577
76 1 699633
65 0 699969
65 1 700033
32 0 700217
32 1 700264
190 0 713369
190 1 713417
68 0 714704
68 1 714768
65 0 714832
65 1 714936
82 0 715273
82 1 715329
32 0 715593
32 1 715632
8 0 716617
8 1 716673
8 0 716793
8 1 716849
8 0 716977
8 1 717017
8 0 717473
8 1 717513
20 0 718153
20 1 718249
68 0 718896
68 1 718952
20 0 719633
20 1 719761
65 0 720105
65 1 720201
82 0 720737
82 1 720817
32 0 721113
32 1 721153
77 0 722617
77 1 722665
65 0 723065
65 1 723145
73 0 724177
73 1 724217
32 0 724465
32 1 724496
69 0 725208
69 1 725288
32 0 725481
32 1 725512
86 0 727681
86 1 727737
82 0 728105
82 1 728193
69 0 728297
69 1 728393
77 0 728985
77 1 729025
69 0 729377
69 1 729449
32 0 729625
32 1 729664
83 0 730593
83 1 730665
65 0 730809
65 1 730881
32 0 731073
32 1 731105
86 0 731512
86 1 731592
73 0 731912
73 1 731969
78 0 732273
78 1 732329
83 0 732665
83 1 732729
32 0 732889
32 1 732936
90 0 733664
90 1 733737
65 0 733793
65 1 733873
80 0 734825
80 1 734889
65 0 734969
65 1 735041
68 0 735417
68 1 735489
65 0 735689
65 1 735785
32 0 736025
32 1 736072
83 0 737217
83 1 737297
73 0 737649
73 1 737697
73 0 737785
73 1 737841
32 0 738057
32 1 738081
8 0 738928
8 1 738984
8 0 739122
8 1 739169
109 0 740129
109 1 740185
73 0 741217
73 1 741273
32 0 741529
32 1 741553
78 0 742537
78 1 742601
69 0 742913
69 1 743001
32 0 743305
32 1 743352
86 0 743624
86 1 743736
79 0 744072
79 1 744136
77 0 744489
77 1 744521
32 0 744697
32 1 744736
66 0 745793
66 1 745905
85 0 746121
85 1 746177
67 0 746785
67 1 746881
85 0 747065
85 1 747121
82 0 747457
82 1 747521
65 0 747689
65 1 747785
32 0 747929
32 1 747968
67 0 748448
67 1 748528
85 0 748952
85 1 749016
32 0 749240
32 1 749272
84 0 749664
84 1 749752
79 0 750216
79 1 750272
84 0 751016
84 1 751096
73 0 751456
73 1 751504
73 0 751600
73 1 751664
32 0 751992
32 1 752032
68 0 753448
68 1 753536
69 0 753672
69 1 753752
32 0 753984
32 1 754008
70 0 758617
70 1 758680
85 0 759256
85 1 759312
76 0 759825
76 1 759880
71 0 760824
71 1 760888
73 0 761440
73 1 761488
73 0 761576
73 1 761640
32 0 762104
32 1 762160
77 0 763185
77 1 763240
65 0 763464
65 1 763536
82 0 763880
82 1 763936
73 0 764264
73 1 764320
73 0 764408
73 1 764472
32 0 764736
32 1 764784
70 0 766200
70 1 766256
8 0 767024
8 1 767088
83 0 767448
83 1 767528
73 0 767992
73 1 768048
109 0 768769
109 1 768832
73 0 769432
73 1 769496
32 0 769728
32 1 769776
80 0 771032
80 1 771088
85 0 771432
85 1 771488
70 0 772720
70 1 772800
79 0 773368
79 1 773416
83 0 773888
83 1 773928
73 0 774416
73 1 774464
73 0 774560
73 1 774616
32 0 775256
32 1 775312
190 0 777984
190 1 778032
8 0 779424
8 1 779480
190 0 782088
190 1 782144
32 0 783024
32 1 783072
84 0 783448
84 1 783536
8 0 785200
8 1 785256
20 0 786016
20 1 786120
20 0 788401
20 1 788544
84 0 788696
84 1 788784
8 0 789633
8 1 789704
20 0 789985
20 1 790144
84 0 790648
84 1 790728
20 0 791217
20 1 791392
79 0 791960
79 1 792016
65 0 792400
65 1 792480
84 0 792824
84 1 792896
69 0 793104
69 1 793152
32 0 793808
32 1 793856
65 0 794344
65 1 794440
78 0 795264
78 1 795312
79 0 796096
79 1 796152
84 0 796544
84 1 796632
73 0 797064
73 1 797112
77 0 797544
77 1 797576
80 0 798384
80 1 798432
85 0 798832
85 1 798888
82 0 799304
82 1 799384
73 0 799761
73 1 799808
76 0 800656
76 1 800704
69 0 801368
69 1 801424
32 0 802096
32 1 802144
65 0 802792
65 1 802864
85 0 803208
85 1 803264
32 0 803544
32 1 803576
70 0 805537
70 1 805600
82 0 805752
82 1 805808
85 0 806280
85 1 806328
77 0 806752
77 1 806792
85 0 807024
85 1 807072
83 0 807528
83 1 807600
69 0 807792
69 1 807856
84 0 808216
84 1 808272
69 0 808681
69 1 808744
65 0 808881
65 1 808944
32 0 809121
32 1 809168
76 0 811337
76 1 811400
79 0 811536
79 1 811600
82 0 812400
82 1 812472
32 0 812800
32 1 812840
65 0 813272
65 1 813328
80 0 813728
80 1 813792
65 0 814000
65 1 814048
82 0 814641
82 1 814704
84 0 814968
84 1 815040
69 0 815448
69 1 815528
32 0 816296
32 1 816328
16 0 822609
16 1 822744
188 0 824280
188 1 824336
32 0 824616
32 1 824648
68 0 825656
68 1 825744
69 0 825872
69 1 825968
80 0 826424
80 1 826488
73 0 826752
73 1 826792
78 0 827192
78 1 827248
68 0 827600
68 1 827696
69 0 827808
69 1 827896
32 0 828072
32 1 828112
73 0 829200
73 1 829264
78 0 829616
78 1 829672
32 0 829816
32 1 829856
67 0 830400
67 1 830504
69 0 830680
69 1 830792
32 0 830984
32 1 831024
70 0 831768
70 1 831848
79 0 832256
79 1 832320
82 0 832713
82 1 832792
77 0 833256
77 1 833304
65 0 833760
65 1 833840
32 0 833992
32 1 834032
83 0 834824
83 1 834896
85 0 835240
85 1 835296
78 0 835785
78 1 835840
84 0 836272
84 1 836336
69 0 836640
69 1 836712
77 0 837344
77 1 837384
32 0 837544
32 1 837592
83 0 838648
83 1 838728
65 0 838792
65 1 838912
32 0 839064
32 1 839120
78 0 840288
78 1 840344
69 0 840640
69 1 840720
32 0 840912
32 1 840960
66 0 841464
66 1 841552
85 0 841744
85 1 841800
67 0 842256
67 1 842344
85 0 842536
85 1 842592
82 0 842961
82 1 843024
65 0 843264
65 1 843344
77 0 844080
77 1 844128
32 0 844320
32 1 844360
68 0 845376
68 1 845432
69 0 845592
69 1 845664
32 0 845952
32 1 846000
69 0 846472
69 1 846600
76 0 847680
76 1 847736
69 0 847880
69 1 847992
32 0 848760
32 1 848800
188 0 860457
188 1 860504
83 0 863256
83 1 863336
73 0 863936
73 1 863984
73 0 864088
73 1 864144
8 0 865272
8 1 865320
109 0 868168
109 1 868232
73 0 869696
73 1 869744
32 0 870088
32 1 870128
83 0 870848
83 1 870904
65 0 871016
65 1 871144
32 0 871312
32 1 871360
78 0 881657
78 1 881713
69 0 882609
69 1 882689
32 0 882857
32 1 882896
66 0 883848
66 1 883928
85 0 884129
85 1 884185
67 0 884721
67 1 884793
85 0 885041
85 1 885097
82 0 885481
82 1 885537
65 0 885729
65 1 885817
77 0 886713
77 1 886761
32 0 886953
32 1 887001
68 0 887792
68 1 887864
69 0 888024
69 1 888112
32 0 888217
32 1 888264
76 0 889144
76 1 889200
85 0 889521
85 1 889577
67 0 889953
67 1 890025
69 0 890369
69 1 890433
8 0 891273
8 1 891337
82 0 891761
82 1 891833
85 0 892201
85 1 892257
82 0 892625
82 1 892697
73 0 892905
73 1 892945
32 0 893793
32 1 893840
77 0 897385
77 1 897409
73 0 898520
73 1 898568
67 0 899648
67 1 899737
73 0 900177
73 1 900225
73 0 900329
73 1 900385
8 0 902200
8 1 902248
188 0 904360
188 1 904424
8 0 905680
8 1 905736
77 0 906464
77 1 906512
8 0 909441
8 1 909505
190 0 911336
190 1 911384
69 0 999817
69 1 999872
32 0 1000368
32 1 1000408
8 0 1001240
8 1 1001296
8 0 1001400
8 1 1001464
8 0 1001568
8 1 1001624
20 0 1002633
20 1 1002712
77 0 1003536
77 1 1003576
85 0 1004000
85 1 1004056
8 0 1005328
8 1 1005392
20 0 1006584
20 1 1006648
85 0 1007864
85 1 1007912
76 0 1008856
76 1 1008920
84 0 1009632
84 1 1009688
32 0 1010048
32 1 1010088
83 0 1010632
83 1 1010672
8 0 1012696
8 1 1012744
65 0 1013480
65 1 1013568
83 0 1013752
83 1 1013808
84 0 1014320
84 1 1014392
69 0 1014544
69 1 1014632
80 0 1015008
80 1 1015072
84 0 1015440
84 1 1015504
65 0 1015760
65 1 1015832
84 0 1016096
84 1 1016168
65 0 1016232
65 1 1016288
32 0 1016528
32 1 1016575
90 0 1017656
90 1 1017712
73 0 1018520
73 1 1018576
73 0 1018677
73 1 1018720
32 0 1018944
32 1 1018992
68 0 1019408
68 1 1019464
69 0 1019624
69 1 1019720
32 0 1019864
32 1 1019920
68 0 1020240
68 1 1020296
85 0 1020592
85 1 1020640
77 0 1021208
77 1 1021248
73 0 1021432
73 1 1021480
78 0 1022064
78 1 1022120
73 0 1022288
73 1 1022344
67 0 1023056
67 1 1023120
65 0 1023192
65 1 1023280
32 0 1023496
32 1 1023528
190 0 1028832
190 1 1028888
84 0 1029608
84 1 1029664
82 0 1029808
82 1 1029864
69 0 1030336
69 1 1030408
90 0 1030928
90 1 1030984
73 0 1031320
73 1 1031376
82 0 1031736
82 1 1031808
69 0 1031952
69 1 1032024
65 0 1032472
65 1 1032544
32 0 1032712
32 1 1032752
67 0 1034384
67 1 1034440
65 0 1034544
65 1 1034608
77 0 1035136
77 1 1035152
32 0 1035312
32 1 1035344
80 0 1036328
80 1 1036376
69 0 1036808
69 1 1036856
32 0 1037032
32 1 1037072
76 0 1037448
76 1 1037504
65 0 1037752
65 1 1037816
32 0 1037976
32 1 1038016
79 0 1038872
79 1 1038936
82 0 1039312
82 1 1039392
65 0 1040000
65 1 1040064
32 0 1040384
32 1 1040431
104 0 1041048
104 1 1041096
32 0 1042632
32 1 1042680
68 0 1043120
68 1 1043176
73 0 1043528
73 1 1043584
77 0 1043928
77 1 1043968
73 0 1044144
73 1 1044184
78 0 1044648
78 1 1044696
69 0 1045048
69 1 1045152
84 0 1045608
84 1 1045664
65 0 1045864
65 1 1045920
32 0 1046712
32 1 1046760
188 0 1057529
188 1 1057576
32 0 1057920
32 1 1057960
68 0 1063632
68 1 1063728
85 0 1065416
85 1 1065488
80 0 1065800
80 1 1065856
65 0 1066272
65 1 1066368
32 0 1066456
32 1 1066504
79 0 1066840
79 1 1066904
32 0 1067184
32 1 1067224
83 0 1067512
83 1 1067592
67 0 1067800
67 1 1067864
85 0 1068160
85 1 1068224
82 0 1068568
82 1 1068656
84 0 1068848
84 1 1068928
65 0 1069184
65 1 1069240
32 0 1069520
32 1 1069568
73 0 1070416
73 1 1070472
78 0 1070816
78 1 1070880
86 0 1071304
86 1 1071328
73 0 1071632
73 1 1071688
79 0 1071792
79 1 1071856
84 0 1072192
84 1 1072232
8 0 1073296
8 1 1073352
82 0 1074232
82 1 1074304
65 0 1074464
65 1 1074568
82 0 1074808
82 1 1074880
69 0 1075032
69 1 1075088
32 0 1075416
32 1 1075456
85 0 1078761
85 1 1078816
82 0 1079297
82 1 1079368
77 0 1080072
77 1 1080104
69 0 1080456
69 1 1080536
65 0 1081040
65 1 1081112
90 0 1081432
90 1 1081512
65 0 1081616
65 1 1081688
32 0 1081864
32 1 1081904
85 0 1083880
85 1 1083936
77 0 1084512
77 1 1084552
8 0 1086136
8 1 1086192
78 0 1086736
78 1 1086785
32 0 1086912
32 1 1086960
80 0 1087304
80 1 1087360
65 0 1087752
65 1 1087832
72 0 1088793
72 1 1088864
65 0 1088960
65 1 1089032
82 0 1089544
82 1 1089592
32 0 1089848
32 1 1089888
77 0 1090944
77 1 1090984
65 0 1091712
65 1 1091800
82 0 1092112
82 1 1092184
69 0 1092304
69 1 1092368
32 0 1092632
32 1 1092672
67 0 1094224
67 1 1094296
85 0 1094480
85 1 1094544
32 0 1094760
32 1 1094792
65 0 1096136
65 1 1096248
80 0 1096992
80 1 1097048
65 0 1097168
65 1 1097272
32 0 1097408
32 1 1097432
67 0 1098496
67 1 1098592
85 0 1098817
85 1 1098864
32 0 1099096
32 1 1099128
76 0 1099944
76 1 1099992
65 0 1100144
65 1 1100248
77 0 1101048
77 1 1101088
65 0 1101224
65 1 1101336
73 0 1101856
73 1 1101912
69 0 1102296
69 1 1102376
32 0 1102680
32 1 1102736
83 0 1105824
83 1 1105880
73 0 1106256
73 1 1106320
73 0 1106400
73 1 1106464
32 0 1106832
32 1 1106864
8 0 1107898
8 1 1107944
8 0 1108096
8 1 1108152
109 0 1109057
109 1 1109120
73 0 1109688
73 1 1109736
32 0 1109960
32 1 1110000
79 0 1121089
79 1 1121120
79 0 1121280
79 1 1121328
8 0 1122064
8 1 1122112
32 0 1122968
32 1 1123008
67 0 1123712
67 1 1123784
65 0 1123912
65 1 1124000
70 0 1124288
70 1 1124336
69 0 1124648
69 1 1124729
65 0 1125064
65 1 1125136
32 0 1125320
32 1 1125368
8 0 1128608
8 1 1128656
8 0 1128800
8 1 1128864
8 0 1128992
8 1 1129048
8 0 1129160
8 1 1129216
8 0 1129496
8 1 1129544
8 0 1129808
8 1 1129856
67 0 1138449
67 1 1138504
65 0 1138672
65 1 1138768
70 0 1139160
70 1 1139216
69 0 1139472
69 1 1139528
65 0 1139736
65 1 1139824
32 0 1140128
32 1 1140176
77 0 1141288
77 1 1141336
65 0 1141496
65 1 1141576
82 0 1142072
82 1 1142152
69 0 1142272
69 1 1142360
32 0 1142928
32 1 1142968
80 0 1149009
80 1 1149064
69 0 1149456
69 1 1149544
32 0 1150368
32 1 1150408
67 0 1151184
67 1 1151248
65 0 1151552
65 1 1151624
82 0 1151912
82 1 1151968
69 0 1152112
69 1 1152160
32 0 1152392
32 1 1152424
79 0 1153264
79 1 1153328
32 0 1153584
32 1 1153624
86 0 1153904
86 1 1154016
79 0 1154320
79 1 1154376
73 0 1154512
73 1 1154568
32 0 1154792
32 1 1154840
83 0 1155656
83 1 1155720
65 0 1155760
65 1 1155856
86 0 1156496
86 1 1156584
73 0 1156888
73 1 1156936
8 0 1158000
8 1 1158048
85 0 1160889
85 1 1160944
82 0 1161544
82 1 1161600
65 0 1161736
65 1 1161832
32 0 1162368
32 1 1162408
67 0 1162945
67 1 1163056
73 0 1163288
73 1 1163352
84 0 1163760
84 1 1163832
73 0 1164016
73 1 1164072
78 0 1164432
78 1 1164480
68 0 1164977
68 1 1165072
32 0 1165192
32 1 1165240
67 0 1169656
67 1 1169712
65 0 1169840
65 1 1169944
84 0 1170352
84 1 1170400
69 0 1170704
69 1 1170784
86 0 1171249
86 1 1171312
65 0 1171384
65 1 1171456
32 0 1171576
32 1 1171632
80 0 1176288
80 1 1176344
65 0 1176696
65 1 1176768
71 0 1180712
71 1 1180776
78 0 1182120
78 1 1182168
8 0 1184304
8 1 1184344
73 0 1184904
73 1 1184952
78 0 1185240
78 1 1185288
73 0 1185497
73 1 1185528
188 0 1192129
188 1 1192184
65 0 1193264
65 1 1193376
80 0 1193984
80 1 1194040
79 0 1194184
79 1 1194232
73 0 1194680
73 1 1194736
32 0 1195160
32 1 1195224
73 0 1197416
73 1 1197464
78 0 1197944
78 1 1198000
32 0 1198144
32 1 1198192
74 0 1198624
74 1 1198680
85 0 1198864
85 1 1198920
82 0 1199296
82 1 1199352
32 0 1199616
32 1 1199648
68 0 1200568
68 1 1200640
69 0 1200760
69 1 1200848
32 0 1201032
32 1 1201072
79 0 1201400
79 1 1201464
82 0 1201864
82 1 1201928
65 0 1201992
65 1 1202112
32 0 1202209
32 1 1202264
97 0 1202928
97 1 1202992
97 0 1203064
97 1 1203128
32 0 1204040
32 1 1204080
86 0 1205440
86 1 1205496
79 0 1205808
79 1 1205864
73 0 1206024
73 1 1206072
32 0 1206312
32 1 1206360
80 0 1206656
80 1 1206720
76 0 1206880
76 1 1206936
69 0 1207544
69 1 1207624
67 0 1208096
67 1 1208176
65 0 1208256
65 1 1208344
32 0 1208416
32 1 1208480
76 0 1208976
76 1 1209048
65 0 1209096
65 1 1209208
32 0 1209312
32 1 1209352
66 0 1210408
66 1 1210464
73 0 1210720
73 1 1210776
83 0 1211192
83 1 1211264
69 0 1211448
69 1 1211528
82 0 1211680
82 1 1211744
73 0 1211960
73 1 1212016
67 0 1212657
67 1 1212720
65 0 1212808
65 1 1212912
32 0 1213024
32 1 1213056
80 0 1216209
80 1 1216256
69 0 1216808
69 1 1216912
78 0 1218072
78 1 1218128
84 0 1218536
84 1 1218592
82 0 1218728
82 1 1218792
85 0 1219272
85 1 1219320
32 0 1219560
32 1 1219616
65 0 1220240
65 1 1220328
32 0 1220456
32 1 1220504
71 0 1221176
71 1 1221232
8 0 1222328
8 1 1222376
72 0 1223369
72 1 1223424
82 0 1223968
82 1 1224024
65 0 1224320
65 1 1224424
78 0 1225216
78 1 1225280
73 0 1225640
73 1 1225704
73 0 1225784
73 1 1225848
32 0 1226344
32 1 1226384
83 0 1227496
83 1 1227608
85 0 1228088
85 1 1228136
70 0 1228824
70 1 1228936
76 0 1229744
76 1 1229792
69 0 1230096
69 1 1230152
84 0 1230520
84 1 1230592
85 0 1230872
85 1 1230944
76 0 1231608
76 1 1231664
109 0 1242983
109 1 1243031
77 0 1243944
77 1 1243992
73 0 1244192
73 1 1244232
32 0 1245168
32 1 1245215
32 0 1256280
32 1 1256296
83 0 1265008
83 1 1265088
73 0 1265752
73 1 1265800
109 0 1266616
109 1 1266672
73 0 1267456
73 1 1267512
32 0 1267760
32 1 1267807
65 0 1268496
65 1 1268568
32 0 1268864
32 1 1268904
188 0 1269255
188 1 1269311
65 0 1269543
65 1 1269631
32 0 1269752
32 1 1269792
8 0 1272072
8 1 1272128
8 0 1272240
8 1 1272304
8 0 1272664
8 1 1272728
8 0 1273952
8 1 1274016
32 0 1275064
32 1 1275160
77 0 1275504
77 1 1275560
65 0 1275832
65 1 1275920
32 0 1276040
32 1 1276087
73 0 1276880
73 1 1276944
78 0 1277304
78 1 1277368
67 0 1277816
67 1 1277888
65 0 1278144
65 1 1278224
82 0 1278448
82 1 1278512
67 0 1278896
67 1 1278952
65 0 1279040
65 1 1279144
32 0 1279280
32 1 1279327
67 0 1280496
67 1 1280568
85 0 1280816
85 1 1280872
32 0 1281120
32 1 1281159
69 0 1282032
69 1 1282104
78 0 1282656
78 1 1282704
69 0 1282952
69 1 1283032
82 0 1283176
82 1 1283248
71 0 1284016
71 1 1284080
73 0 1284368
73 1 1284432
69 0 1284696
69 1 1284792
32 0 1285208
32 1 1285248
80 0 1289881
80 1 1289928
69 0 1290448
69 1 1290512
78 0 1290928
78 1 1290984
84 0 1291432
84 1 1291496
82 0 1291664
82 1 1291720
85 0 1292320
85 1 1292368
32 0 1293336
32 1 1293384
83 0 1294080
83 1 1294152
65 0 1294224
65 1 1294336
80 0 1294712
80 1 1294776
84 0 1295296
84 1 1295352
65 0 1295472
65 1 1295560
77 0 1296080
77 1 1296128
65 0 1296232
65 1 1296352
78 0 1296896
78 1 1296952
65 0 1297008
65 1 1297096
32 0 1297280
32 1 1297328
67 0 1298584
67 1 1298688
69 0 1298960
69 1 1299016
32 0 1300224
32 1 1300264
86 0 1301432
86 1 1301496
65 0 1301552
65 1 1301672
32 0 1301752
32 1 1301792
85 0 1302480
85 1 1302528
82 0 1302912
82 1 1302976
77 0 1303512
77 1 1303552
65 0 1303848
65 1 1303928
32 0 1304208
32 1 1304248
190 0 1437857
190 1 1437912
32 0 1438352
32 1 1438376
20 0 1449689
20 1 1449800
85 0 1450832
85 1 1450896
20 0 1451417
20 1 1451528
82 0 1452064
82 1 1452128
77 0 1453088
77 1 1453128
69 0 1453672
69 1 1453728
65 0 1454272
65 1 1454352
90 0 1454536
90 1 1454608
65 0 1454736
65 1 1454816
32 0 1455016
32 1 1455056
76 0 1457208
76 1 1457264
65 0 1457528
65 1 1457632
32 0 1457744
32 1 1457792
73 0 1458688
73 1 1458744
78 0 1459096
78 1 1459144
84 0 1459648
84 1 1459712
79 0 1459968
79 1 1460024
65 0 1460536
65 1 1460608
82 0 1461096
82 1 1461168
67 0 1461800
67 1 1461896
69 0 1462296
69 1 1462376
82 0 1462640
82 1 1462720
69 0 1462864
69 1 1462952
65 0 1463368
65 1 1463448
32 0 1463640
32 1 1463696
65 0 1464416
65 1 1464488
67 0 1464896
67 1 1464952
65 0 1465056
65 1 1465136
83 0 1465360
83 1 1465416
65 0 1465560
65 1 1465640
32 0 1465856
32 1 1465888
83 0 1468480
83 1 1468536
65 0 1468640
65 1 1468752
32 0 1468920
32 1 1468968
83 0 1469288
83 1 1469367
69 0 1469584
69 1 1469647
82 0 1469856
82 1 1469920
86 0 1470640
86 1 1470720
73 0 1471009
73 1 1471088
77 0 1471545
77 1 1471576
32 0 1471729
32 1 1471768
80 0 1472761
80 1 1472817
82 0 1473553
82 1 1473616
65 0 1474081
65 1 1474136
78 0 1474593
78 1 1474657
90 0 1475185
90 1 1475265
85 0 1475553
85 1 1475592
76 0 1476121
76 1 1476177
32 0 1477033
32 1 1477072
73 0 1477704
73 1 1477752
78 0 1478080
78 1 1478128
32 0 1478289
32 1 1478328
70 0 1478720
70 1 1478784
65 0 1478904
65 1 1478984
77 0 1479529
77 1 1479593
73 0 1479921
73 1 1479969
76 0 1480409
76 1 1480473
73 0 1480697
73 1 1480753
69 0 1481145
69 1 1481232
32 0 1481601
32 1 1481640
188 0 1490705
188 1 1490793
65 0 1491793
65 1 1491864
80 0 1492713
80 1 1492776
79 0 1493305
79 1 1493360
73 0 1493513
73 1 1493561
32 0 1494569
32 1 1494608
8 0 1495873
8 1 1495937
8 0 1496089
8 1 1496153
8 0 1496569
8 1 1496632
8 0 1496777
8 1 1496848
8 0 1497257
8 1 1497320
8 0 1497545
8 1 1497616
65 0 1498865
65 1 1498944
80 0 1499649
80 1 1499721
79 0 1499921
79 1 1499984
73 0 1500161
73 1 1500216
32 0 1501353
32 1 1501376
85 0 1503849
85 1 1503912
78 0 1504777
78 1 1504824
32 0 1504977
32 1 1505016
83 0 1506153
83 1 1506264
79 0 1506625
79 1 1506689
188 0 1507097
188 1 1507145
8 0 1508593
8 1 1508656
77 0 1509201
77 1 1509248
78 0 1509392
78 1 1509432
32 0 1509633
32 1 1509672
77 0 1510689
77 1 1510736
73 0 1511393
73 1 1511440
67 0 1512425
67 1 1512464
32 0 1512721
32 1 1512761
76 0 1513264
76 1 1513320
65 0 1513696
65 1 1513752
32 0 1513929
32 1 1513968
80 0 1514384
80 1 1514440
82 0 1515097
82 1 1515176
65 0 1515697
65 1 1515760
78 0 1516601
78 1 1516656
90 0 1516920
90 1 1516993
32 0 1517593
32 1 1517625
73 0 1521361
73 1 1521408
8 0 1522609
8 1 1522656
188 0 1523609
188 1 1523664
32 0 1524617
32 1 1524648
73 0 1525833
73 1 1525880
65 0 1526161
65 1 1526224
82 0 1526729
82 1 1526792
32 0 1527041
32 1 1527096
68 0 1528313
68 1 1528392
85 0 1529233
85 1 1529296
80 0 1529721
80 1 1529784
65 0 1530297
65 1 1530344
109 0 1532320
109 1 1532392
65 0 1533289
65 1 1533344
77 0 1534552
77 1 1534608
73 0 1534824
73 1 1534871
65 0 1535456
65 1 1535520
90 0 1535720
90 1 1535792
65 0 1535968
65 1 1536016
32 0 1537248
32 1 1537287
79 0 1540880
79 1 1540928
32 0 1541328
32 1 1541376
77 0 1542416
77 1 1542464
73 0 1542744
73 1 1542800
67 0 1543424
67 1 1543496
65 0 1543696
65 1 1543760
32 0 1543896
32 1 1543936
80 0 1545392
80 1 1545440
76 0 1545656
76 1 1545704
73 0 1545976
73 1 1546024
77 0 1546448
77 1 1546488
66 0 1546872
66 1 1546928
65 0 1547200
65 1 1547248
82 0 1547736
82 1 1547808
69 0 1547944
69 1 1548008
32 0 1548312
32 1 1548368
83 0 1550856
83 1 1550904
73 0 1552184
73 1 1552232
73 0 1552376
73 1 1552423
8 0 1553433
8 1 1553488
109 0 1554016
109 1 1554056
73 0 1555720
73 1 1555767
32 0 1556424
32 1 1556464
85 0 1569449
85 1 1569496
83 0 1570064
83 1 1570152
79 0 1570896
79 1 1570944
82 0 1571448
82 1 1571512
32 0 1571792
32 1 1571840
78 0 1573408
78 1 1573456
69 0 1573856
69 1 1573920
32 0 1574136
32 1 1574176
80 0 1574632
80 1 1574679
82 0 1575000
82 1 1575063
69 0 1575216
69 1 1575272
71 0 1575728
71 1 1575784
20 0 1576073
65 0 1576080
20 1 1576088
65 1 1576096
84 0 1576592
84 1 1576656
73 0 1576864
73 1 1576920
77 0 1577208
77 1 1577240
32 0 1577416
32 1 1577456
8 0 1578560
8 1 1578616
8 0 1578736
8 1 1578792
8 0 1578904
8 1 1578968
8 0 1579080
8 1 1579136
8 0 1579240
8 1 1579296
8 0 1579592
8 1 1579648
71 0 1581344
71 1 1581408
8 0 1582496
8 1 1582552
20 0 1582889
20 1 1583000
71 0 1585672
71 1 1585728
65 0 1585904
65 1 1585976
84 0 1586872
84 1 1586936
73 0 1587240
73 1 1587296
77 0 1587624
77 1 1587656
32 0 1587856
32 1 1587904
83 0 1588352
83 1 1588423
65 0 1588616
65 1 1588671
32 0 1588928
32 1 1588968
70 0 1589896
70 1 1589952
8 0 1593920
8 1 1593984
73 0 1596864
73 1 1596912
78 0 1598056
78 1 1598112
67 0 1598448
67 1 1598520
69 0 1598928
69 1 1599000
80 0 1599736
80 1 1599800
69 0 1600376
69 1 1600432
77 0 1600984
77 1 1601040
32 0 1601224
32 1 1601264
79 0 1601999
79 1 1602055
32 0 1602335
32 1 1602367
78 0 1602831
78 1 1602879
79 0 1603255
79 1 1603311
85 0 1603744
85 1 1603800
65 0 1605023
65 1 1605087
32 0 1605335
32 1 1605391
83 0 1606455
83 1 1606527
65 0 1606711
65 1 1606775
80 0 1607232
80 1 1607296
84 0 1607824
84 1 1607880
65 0 1608136
65 1 1608208
77 0 1608920
77 1 1608976
65 0 1609408
65 1 1609480
78 0 1609856
78 1 1609928
65 0 1610024
65 1 1610104
32 0 1610280
32 1 1610319
188 0 1619888
188 1 1619944
32 0 1620256
32 1 1620296
67 0 1621200
67 1 1621264
85 0 1622040
85 1 1622096
32 0 1622352
32 1 1622399
82 0 1623207
82 1 1623263
69 0 1623592
69 1 1623648
71 0 1623984
71 1 1624032
82 0 1624432
82 1 1624496
69 0 1624672
69 1 1624736
84 0 1625032
84 1 1625096
85 0 1625416
85 1 1625480
76 0 1626096
76 1 1626144
32 0 1626392
32 1 1626424
67 0 1627311
67 1 1627367
65 0 1627655
65 1 1627719
32 0 1627904
32 1 1627936
65 0 1628631
65 1 1628695
32 0 1629023
32 1 1629079
84 0 1629863
84 1 1629919
82 0 1630079
82 1 1630136
69 0 1630312
69 1 1630376
67 0 1630808
67 1 1630880
85 0 1631136
85 1 1631192
84 0 1631552
84 1 1631632
32 0 1632168
32 1 1632207
68 0 1632943
68 1 1632991
85 0 1633648
85 1 1633704
77 0 1634304
77 1 1634344
73 0 1634528
73 1 1634568
78 0 1634952
78 1 1635000
73 0 1635176
73 1 1635216
67 0 1635944
67 1 1636040
65 0 1636424
65 1 1636496
32 0 1636824
32 1 1636864
80 0 1637903
80 1 1637943
82 0 1638640
82 1 1638712
69 0 1638864
69 1 1638920
65 0 1639648
65 1 1639696
32 0 1640072
32 1 1640119
82 0 1640919
82 1 1640991
69 0 1641151
69 1 1641215
80 0 1641728
80 1 1641792
82 0 1642112
82 1 1642168
8 0 1643088
8 1 1643152
69 0 1644583
69 1 1644639
68 0 1644887
68 1 1644951
69 0 1645071
69 1 1645143
32 0 1650888
32 1 1650976
16 0 1678960
16 0 1679459
16 0 1679493
16 0 1679525
16 0 1679558
16 0 1679591
16 0 1679624
16 0 1679657
16 0 1679690
16 0 1679723
16 0 1679756
16 0 1679790
16 0 1679822
16 0 1679855
16 0 1679888
16 0 1679921
16 0 1679954
16 0 1679987
16 0 1680020
16 0 1680053
16 0 1680086
16 0 1680120
16 0 1680152
16 0 1680185
49 0 1680192
49 1 1680272
16 1 1680280
20 0 1713705
20 1 1713776
69 0 1714128
69 1 1714200
32 0 1715064
32 1 1715128
68 0 1715512
68 1 1715576
85 0 1715872
85 1 1715928
67 0 1716328
67 1 1716392
65 0 1716768
65 1 1716832
84 0 1717272
84 1 1717336
73 0 1717704
73 1 1717768
65 0 1718328
65 1 1718416
32 0 1718520
32 1 1718560
8 0 1719432
8 0 1719932
8 0 1719965
8 0 1719998
8 0 1720031
8 0 1720064
8 0 1720097
8 0 1720130
8 0 1720164
8 0 1720196
8 1 1720208
69 0 1721512
69 1 1721592
20 0 1722816
20 1 1722895
68 0 1723664
68 1 1723720
85 0 1724144
85 1 1724200
8 0 1726272
8 1 1726336
8 0 1726480
8 1 1726528
8 0 1726664
8 1 1726720
20 0 1728473
20 1 1728575
69 0 1728960
69 1 1729024
20 0 1730176
20 1 1730248
68 0 1730720
68 1 1730768
85 0 1731464
85 1 1731512
67 0 1732000
67 1 1732056
65 0 1732232
65 1 1732296
84 0 1733016
84 1 1733064
73 0 1734048
73 1 1734096
65 0 1734464
65 1 1734544
32 0 1734744
32 1 1734775
69 0 1735984
69 1 1736064
32 0 1736224
32 1 1736256
80 0 1769897
80 1 1769952
69 0 1770520
69 1 1770568
78 0 1770960
78 1 1771016
84 0 1772448
84 1 1772504
82 0 1772840
82 1 1772896
85 0 1773144
85 1 1773192
32 0 1773416
32 1 1773464
78 0 1774168
78 1 1774224
79 0 1774440
79 1 1774504
73 0 1774624
73 1 1774672
32 0 1774848
32 1 1774896
84 0 1775328
84 1 1775400
79 0 1775744
79 1 1775800
84 0 1776104
84 1 1776168
73 0 1776416
73 1 1776472
32 0 1776712
32 1 1776744
67 0 1779985
67 1 1780040
65 0 1780200
65 1 1780248
82 0 1782456
82 1 1782528
84 0 1783224
84 1 1783280
69 0 1783472
69 1 1783528
65 0 1783960
65 1 1784024
32 0 1784184
32 1 1784224
68 0 1784552
68 1 1784624
69 0 1784744
69 1 1784808
32 0 1785056
32 1 1785096
86 0 1786640
86 1 1786704
73 0 1787000
73 1 1787056
90 0 1787569
90 1 1787640
73 0 1787848
73 1 1787912
84 0 1788272
84 1 1788328
65 0 1788920
65 1 1788976
32 0 1789993
32 1 1790048
188 0 1792808
188 1 1792856
32 0 1793184
32 1 1793224
66 0 1794960
66 1 1795024
65 0 1795128
65 1 1795184
90 0 1795832
90 1 1795912
65 0 1796024
65 1 1796096
32 0 1796272
32 1 1796312
67 0 1802065
67 1 1802168
79 0 1802664
79 1 1802720
80 0 1802920
80 1 1802976
73 0 1803200
73 1 1803248
76 0 1803688
76 1 1803744
65 0 1804352
65 1 1804408
82 0 1804968
82 1 1805024
73 0 1805224
73 1 1805272
69 0 1805680
69 1 1805744
73 0 1806024
73 1 1806080
32 0 1806728
32 1 1806776
65 0 1807696
65 1 1807752
84 0 1808161
84 1 1808232
85 0 1808480
85 1 1808520
78 0 1808896
78 1 1808944
67 0 1809392
67 1 1809448
73 0 1809864
73 1 1809920
73 0 1810000
73 1 1810056
32 0 1810336
32 1 1810384
67 0 1811152
67 1 1811208
65 0 1811376
65 1 1811440
78 0 1812145
78 1 1812200
68 0 1812504
68 1 1812568
32 0 1812712
32 1 1812752
80 0 1813656
80 1 1813712
65 0 1814216
65 1 1814256
82 0 1814640
82 1 1814688
73 0 1814968
73 1 1815016
78 0 1815392
78 1 1815448
84 0 1815792
84 1 1815872
73 0 1816184
73 1 1816240
73 0 1816336
73 1 1816384
32 0 1816656
32 1 1816688
70 0 1817904
70 1 1817960
79 0 1818416
79 1 1818472
82 0 1819248
82 1 1819304
77 0 1819872
77 1 1819912
69 0 1820409
69 1 1820464
65 0 1820960
65 1 1821008
90 0 1821200
90 1 1821248
65 0 1821368
65 1 1821440
32 0 1821640
32 1 1821672
85 0 1822112
85 1 1822160
78 0 1822536
78 1 1822576
32 0 1822728
32 1 1822768
86 0 1823768
86 1 1823832
73 0 1824200
73 1 1824232
73 0 1824336
73 1 1824392
84 0 1824664
84 1 1824744
79 0 1825104
79 1 1825160
82 0 1825464
82 1 1825528
32 0 1825720
32 1 1825768
65 0 1826392
65 1 1826456
68 0 1826704
68 1 1826776
85 0 1827072
85 1 1827128
76 0 1827728
76 1 1827792
84 0 1828168
84 1 1828248
32 0 1828424
32 1 1828464
83 0 1829352
83 1 1829424
73 0 1829952
73 1 1830008
73 0 1830136
73 1 1830176
8 0 1831272
8 1 1831319
32 0 1831968
32 1 1832008
76 0 1866697
76 1 1866760
65 0 1867128
65 1 1867216
32 0 1867376
32 1 1867416
67 0 1868144
67 1 1868208
65 0 1868296
65 1 1868416
82 0 1868720
82 1 1868800
69 0 1869016
69 1 1869144
32 0 1869232
32 1 1869287
78 0 1870320
78 1 1870368
79 0 1870800
79 1 1870864
73 0 1870992
73 1 1871040
32 0 1871880
32 1 1871920
84 0 1872560
84 1 1872664
79 0 1873016
79 1 1873080
84 0 1873616
84 1 1873680
73 0 1873984
73 1 1874048
32 0 1874296
32 1 1874328
83 0 1875072
83 1 1875136
85 0 1875440
85 1 1875504
78 0 1875928
78 1 1875976
84 0 1876456
84 1 1876536
69 0 1877168
69 1 1877232
77 0 1877752
77 1 1877784
32 0 1877928
32 1 1877968
82 0 1878328
82 1 1878384
69 0 1878536
69 1 1878576
83 0 1879056
83 1 1879120
80 0 1880112
80 1 1880176
79 0 1880304
79 1 1880360
78 0 1880840
78 1 1880896
83 0 1881432
83 1 1881504
65 0 1881560
65 1 1881624
66 0 1882439
66 1 1882487
73 0 1882768
73 1 1882815
76 0 1883192
76 1 1883247
73 0 1883424
73 1 1883471
32 0 1883712
32 1 1883743
83 0 1884640
65 0 1884680
83 1 1884695
65 1 1884751
32 0 1884952
32 1 1884992
67 0 1887800
67 1 1887863
79 0 1888200
79 1 1888264
78 0 1888840
78 1 1888879
84 0 1889592
84 1 1889655
82 0 1889832
82 1 1889895
73 0 1890256
73 1 1890311
66 0 1890664
66 1 1890743
85 0 1891016
85 1 1891071
73 0 1891200
73 1 1891255
77 0 1891600
77 1 1891640
32 0 1892111
32 1 1892143
190 0 1895240
190 1 1895279
20 0 1936088
20 1 1936191
73 0 1936455
73 1 1936519
20 0 1937312
20 1 1937487
78 0 1938135
78 1 1938183
32 0 1938423
32 1 1938471
83 0 1939183
83 1 1939247
67 0 1939519
67 1 1939583
79 0 1942344
79 1 1942384
76 0 1942552
76 1 1942608
73 0 1942904
73 1 1942952
32 0 1945256
32 1 1945304
8 0 1947640
8 1 1947720
73 0 1949704
73 1 1949752
32 0 1950120
32 1 1950160
67 0 1951064
67 1 1951136
79 0 1951640
79 1 1951688
80 0 1952136
80 1 1952192
73 0 1952448
73 1 1952504
73 0 1952608
73 1 1952656
32 0 1952896
32 1 1952936
78 0 1953391
78 1 1953479
79 0 1953720
79 1 1953776
83 0 1954448
83 1 1954504
84 0 1954960
84 1 1955016
82 0 1955192
82 1 1955248
73 0 1955688
73 1 1955744
73 0 1957272
73 1 1957320
32 0 1957568
32 1 1957600
79 0 1958352
79 1 1958392
8 0 1959120
8 1 1959168
73 0 1959560
73 1 1959616
83 0 1960144
83 1 1960184
73 0 1960456
73 1 1960504
32 0 1960736
32 1 1960776
68 0 1961880
68 1 1961944
69 0 1962072
69 1 1962136
83 0 1962584
83 1 1962640
67 0 1963536
67 1 1963600
79 0 1963960
79 1 1964016
80 0 1964136
80 1 1964200
69 0 1965064
69 1 1965128
82 0 1965272
82 1 1965328
65 0 1965848
65 1 1965912
32 0 1966128
32 1 1966176
78 0 1968080
78 1 1968136
79 0 1968408
79 1 1968456
73 0 1968608
73 1 1968648
32 0 1968856
78 0 1968864
78 1 1968880
32 1 1968887
80 0 1969263
80 1 1969319
65 0 1969776
65 1 1969840
83 0 1970008
83 1 1970064
73 0 1970552
73 1 1970616
85 0 1970744
85 1 1970800
78 0 1971136
78 1 1971192
73 0 1971528
73 1 1971576
73 0 1971664
73 1 1971712
32 0 1971968
32 1 1971999
8 0 1976824
8 1 1976879
83 0 1979712
83 1 1979792
73 0 1980088
73 1 1980160
73 0 1980240
73 1 1980304
32 0 1980552
32 1 1980600
8 0 1981592
8 1 1981656
8 0 1981784
8 1 1981840
109 0 1983088
109 1 1983144
73 0 1984295
73 1 1984343
32 0 1984591
32 1 1984623
65 0 1985183
65 1 1985288
66 0 1985600
66 1 1985664
73 0 1985912
73 1 1985944
76 0 1986424
76 1 1986472
79 0 1986664
73 0 1986672
79 1 1986712
73 1 1986720
84 0 1987088
84 1 1987144
65 0 1987352
65 1 1987432
84 0 1987744
84 1 1987800
73 0 1988552
73 1 1988600
73 0 1988712
73 1 1988760
8 0 1991280
8 0 1991780
8 0 1991813
8 0 1991846
8 1 1991872
8 0 1992120
8 1 1992208
8 0 1992320
8 1 1992376
8 0 1992472
8 1 1992536
73 0 1993800
73 1 1993856
84 0 1994392
84 1 1994456
65 0 1994576
65 1 1994656
84 0 1994992
84 1 1995048
73 0 1995584
73 1 1995632
73 0 1995736
73 1 1995792
32 0 1998400
32 1 1998456
13 0 2010176
13 1 2010248
13 0 2010936
13 1 2011000
8 0 2013592
8 1 2013640
68 0 2016624
68 1 2016680
69 0 2016928
69 1 2017000
32 0 2017352
32 1 2017384
65 0 2018000
65 1 2018064
67 0 2018440
67 1 2018496
69 0 2018888
69 1 2018952
69 0 2019048
69 1 2019104
65 0 2019880
65 1 2019936
32 0 2020112
32 1 2020152
83 0 2020424
83 1 2020480
85 0 2021064
85 1 2021120
78 0 2022423
78 1 2022471
84 0 2022784
84 1 2022848
69 0 2023280
69 1 2023336
77 0 2023728
77 1 2023768
32 0 2023920
32 1 2023960
70 0 2024928
70 1 2024992
69 0 2025216
69 1 2025280
82 0 2025440
82 1 2025496
73 0 2025768
73 1 2025832
67 0 2026256
67 1 2026320
73 0 2026720
73 1 2026784
84 0 2027096
84 1 2027160
73 0 2027376
73 1 2027432
73 0 2027512
73 1 2027568
8 0 2029039
8 1 2029183
8 0 2030224
8 1 2030280
8 0 2030408
8 1 2030464
8 0 2030576
8 1 2030632
8 0 2030736
8 1 2030792
8 0 2030904
8 1 2030960
8 0 2031064
8 1 2031112
8 0 2031224
8 1 2031272
8 0 2031392
8 1 2031432
73 0 2032280
73 1 2032328
77 0 2032696
77 1 2032736
80 0 2033256
80 1 2033296
76 0 2033624
76 1 2033672
73 0 2033952
73 1 2034000
78 0 2034328
78 1 2034376
73 0 2034584
73 1 2034640
84 0 2035024
84 1 2035080
73 0 2035488
73 1 2035544
32 0 2035816
32 1 2035856
67 0 2036744
67 1 2036800
65 0 2036880
65 1 2036960
78 0 2037496
78 1 2037544
68 0 2037896
68 1 2037952
32 0 2038088
32 1 2038128
68 0 2038488
68 1 2038552
65 0 2038928
65 1 2039000
77 0 2039320
77 1 2039360
32 0 2039520
32 1 2039560
68 0 2039888
68 1 2039976
69 0 2040096
69 1 2040168
32 0 2040320
32 1 2040368
68 0 2040592
68 1 2040664
65 0 2040928
65 1 2040984
83 0 2041144
83 1 2041192
67 0 2041400
67 1 2041472
65 0 2041696
65 1 2041784
76 0 2042208
76 1 2042256
73 0 2042504
73 1 2042560
73 0 2042648
73 1 2042704
32 0 2042984
32 1 2043024
66 0 2044064
66 1 2044135
73 0 2044368
73 1 2044423
78 0 2044728
78 1 2044776
69 0 2045064
69 1 2045136
32 0 2045336
32 1 2045392
80 0 2053024
80 1 2053088
82 0 2053528
82 1 2053592
69 0 2053712
69 1 2053776
71 0 2055768
71 1 2055840
65 0 2056120
65 1 2056176
84 0 2056728
84 1 2056784
73 0 2057448
73 1 2057504
84 0 2057744
84 1 2057800
73 0 2058184
73 1 2058240
73 0 2058312
73 1 2058376
32 0 2058664
32 1 2058704
83 0 2059384
83 1 2059440
73 0 2059824
73 1 2059888
73 0 2059944
73 1 2060008
32 0 2060248
32 1 2060295
8 0 2061568
8 1 2061615
8 0 2061992
8 1 2062040
109 0 2063136
109 1 2063191
73 0 2068048
73 1 2068111
32 0 2068616
32 1 2068671
67 0 2080344
67 1 2080407
85 0 2080800
85 1 2080855
32 0 2081103
32 1 2081151
68 0 2082231
68 1 2082303
82 0 2082663
82 1 2082719
65 0 2082952
65 1 2083000
71 0 2083800
71 1 2083856
32 0 2084072
32 1 2084111
68 0 2085239
68 1 2085303
69 0 2085407
69 1 2085463
32 0 2085719
32 1 2085759
65 0 2104664
65 1 2104719
32 0 2105095
32 1 2105143
76 0 2105495
76 1 2105551
85 0 2105839
85 1 2105895
67 0 2106680
67 1 2106736
82 0 2107183
82 1 2107239
65 0 2107463
65 1 2107519
32 0 2107752
32 1 2107791
67 0 2108584
67 1 2108639
85 0 2109040
85 1 2109103
32 0 2109423
32 1 2109463
67 0 2110520
67 1 2110567
79 0 2111024
79 1 2111079
80 0 2111223
80 1 2111287
73 0 2111512
73 1 2111559
73 0 2111648
73 1 2111711
32 0 2112120
32 1 2112167
8 0 2119224
8 1 2119295
16 0 2124895
49 0 2125311
49 1 2125367
16 1 2125471
13 0 2131767
13 1 2131839
20 0 2132872
20 1 2132935
65 0 2152712
65 1 2152783
20 0 2153568
20 1 2153623
82 0 2154527
82 1 2154559
32 0 2155047
32 1 2155087
84 0 2155927
84 1 2155991
82 0 2156151
82 1 2156207
69 0 2156359
69 1 2156415
66 0 2157583
66 1 2157638
85 0 2157975
85 1 2158022
73 0 2158143
73 1 2158199
32 0 2158407
78 0 2158415
78 1 2158431
32 1 2158439
8 0 2159407
8 1 2159455
77 0 2160799
77 1 2160848
65 0 2161231
65 1 2161287
73 0 2161767
73 1 2161831
32 0 2162071
32 1 2162127
77 0 2162423
77 1 2162471
85 0 2162719
85 1 2162767
76 0 2163367
76 1 2163423
84 0 2163791
84 1 2163855
65 0 2164143
65 1 2164191
32 0 2164519
32 1 2164559
73 0 2165359
56 0 2165367
56 1 2165391
73 1 2165399
77 0 2166135
77 1 2166175
80 0 2166615
80 1 2166671
76 0 2166823
76 1 2166871
73 0 2167063
73 1 2167119
67 0 2167519
67 1 2167583
65 0 2167831
65 1 2167887
82 0 2168335
82 1 2168391
69 0 2168519
69 1 2168575
8 0 2174632
8 1 2174679
32 0 2177991
32 1 2178038
68 0 2179175
68 1 2179239
73 0 2179615
73 1 2179679
78 0 2180063
78 1 2180111
32 0 2180271
32 1 2180319
80 0 2180639
80 1 2180695
65 0 2181127
65 1 2181183
82 0 2183647
82 1 2183703
84 0 2183847
84 1 2183911
69 0 2184119
69 1 2184183
65 0 2184375
65 1 2184431
32 0 2186047
32 1 2186087
80 0 2227248
80 1 2227311
65 0 2227759
65 1 2227807
82 0 2228359
82 1 2228423
73 0 2228951
73 1 2228999
78 0 2229247
78 1 2229295
84 0 2229743
84 1 2229799
73 0 2230319
73 1 2230367
73 0 2230479
73 1 2230527
76 0 2231831
76 1 2231887
79 0 2232039
79 1 2232103
82 0 2233863
82 1 2233927
32 0 2234240
32 1 2234280
80 0 2235280
80 1 2235343
69 0 2235807
69 1 2235863
78 0 2237087
78 1 2237135
84 0 2237431
84 1 2237487
82 0 2237623
82 1 2237687
85 0 2238279
85 1 2238335
32 0 2238624
32 1 2238671
67 0 2239408
67 1 2239463
65 0 2239695
65 1 2239751
32 0 2240087
32 1 2240135
67 0 2240431
67 1 2240495
79 0 2241032
79 1 2241079
80 0 2241551
80 1 2241615
73 0 2241911
73 1 2241968
73 0 2242055
73 1 2242119
32 0 2242463
32 1 2242503
76 0 2243799
76 1 2243855
79 0 2243991
79 1 2244063
82 0 2244599
82 1 2244655
32 0 2244911
32 1 2244952
83 0 2245736
83 1 2245807
65 0 2245935
65 1 2245999
32 0 2246271
32 1 2246287
70 0 2247568
70 1 2247631
73 0 2248128
73 1 2248183
69 0 2248528
69 1 2248591
32 0 2248856
32 1 2248903
65 0 2253640
65 1 2253711
68 0 2254168
68 1 2254215
85 0 2254928
85 1 2254983
76 0 2255560
76 1 2255623
84 0 2256224
84 1 2256271
73 0 2256816
73 1 2256855
73 0 2256951
73 1 2257015
32 0 2257295
32 1 2257343
69 0 2259255
69 1 2259319
68 0 2260552
68 1 2260607
85 0 2261032
85 1 2261079
67 0 2261831
67 1 2261887
65 0 2262183
65 1 2262239
84 0 2262672
84 1 2262727
84 0 2262807
84 1 2262879
8 0 2265208
8 1 2265271
73 0 2266023
73 1 2266063
32 0 2267263
32 1 2267303
83 0 2268159
83 1 2268223
73 0 2268640
73 1 2268695
73 0 2268799
73 1 2268847
32 0 2269151
32 1 2269207
8 0 2270128
8 1 2270191
8 0 2270344
8 1 2270391
109 0 2271520
109 1 2271583
73 0 2274823
73 1 2274871
32 0 2275592
32 1 2275631
82 0 2277111
82 1 2277167
69 0 2277287
69 1 2277351
83 0 2277511
83 1 2277559
80 0 2278143
80 1 2278207
79 0 2278359
79 1 2278415
78 0 2278823
78 1 2278871
83 0 2279424
83 1 2279487
65 0 2279607
65 1 2279671
66 0 2280416
66 1 2280471
73 0 2280767
73 1 2280831
76 0 2281263
76 1 2281327
73 0 2281495
73 1 2281543
32 0 2282248
32 1 2282295
190 0 2283911
190 1 2283967
40 0 2361472
40 1 2361511
40 0 2361647
40 1 2361695
40 0 2361799
40 1 2361847
77 0 2404887
77 1 2404927
65 0 2405223
65 1 2405287
32 0 2405431
32 1 2405471
8 0 2406415
8 1 2406471
8 0 2406583
8 1 2406639
8 0 2406743
8 1 2406799
20 0 2407840
20 1 2407951
77 0 2408767
77 1 2408815
20 0 2409832
20 1 2409919
65 0 2410087
65 1 2410151
32 0 2410479
32 1 2410527
65 0 2411887
65 1 2411967
70 0 2412663
70 1 2412719
76 0 2413687
76 1 2413751
85 0 2414103
85 1 2414167
32 0 2414375
32 1 2414423
80 0 2415239
80 1 2415295
65 0 2415623
65 1 2415687
82 0 2416159
82 1 2416223
67 0 2416935
67 1 2416999
65 0 2417111
65 1 2417207
32 0 2417319
32 1 2417351
73 0 2419631
73 1 2419671
78 0 2420151
78 1 2420199
32 0 2420351
32 1 2420391
85 0 2421319
85 1 2421383
8 0 2422983
8 1 2423039
8 0 2423159
8 1 2423223
8 0 2423319
8 1 2423383
8 0 2423487
8 1 2423535
83 0 2424439
83 1 2424535
85 0 2424799
85 1 2424855
66 0 2427527
66 1 2427567
32 0 2427711
32 1 2427743
85 0 2429151
85 1 2429199
78 0 2429551
78 1 2429607
65 0 2429855
65 1 2429919
32 0 2430047
32 1 2430094
68 0 2430463
68 1 2430535
73 0 2430743
73 1 2430807
78 0 2431095
78 1 2431143
32 0 2431303
32 1 2431350
77 0 2434815
77 1 2434847
73 0 2435063
73 1 2435103
78 0 2435455
78 1 2435503
85 0 2435951
85 1 2436007
78 0 2436703
78 1 2436759
65 0 2437007
65 1 2437063
89 0 2437399
89 1 2437447
8 0 2438479
8 1 2438534
84 0 2439951
84 1 2440007
69 0 2440375
69 1 2440431
76 0 2441407
76 1 2441463
69 0 2441703
69 1 2441767
32 0 2441959
32 1 2442006
67 0 2443487
67 1 2443543
85 0 2443927
85 1 2443975
80 0 2444463
80 1 2444519
79 0 2444647
79 1 2444695
76 0 2445287
76 1 2445343
69 0 2445759
69 1 2445847
32 0 2445999
32 1 2446046
65 0 2447455
65 1 2447519
76 0 2448223
76 1 2448263
69 0 2448735
69 1 2448791
32 0 2448999
32 1 2449039
86 0 2450255
86 1 2450311
65 0 2450455
65 1 2450527
84 0 2450919
84 1 2450975
73 0 2451495
73 1 2451551
86 0 2452063
86 1 2452119
8 0 2452975
8 1 2453031
86 0 2454503
86 1 2454543
8 0 2455223
8 1 2455279
67 0 2455871
67 1 2455927
65 0 2456063
65 1 2456143
78 0 2456735
78 1 2456799
85 0 2456991
85 1 2457039
76 0 2460359
76 1 2460415
85 0 2460743
85 1 2460799
73 0 2460919
73 1 2460967
8 0 2465087
8 1 2465142
20 0 2466431
20 1 2466535
86 0 2467079
86 1 2467135
32 0 2478351
32 1 2478383
65 0 2481455
65 1 2481527
68 0 2481959
68 1 2482031
77 0 2482559
77 1 2482607
73 0 2482871
73 1 2482935
82 0 2483311
82 1 2483391
65 0 2483855
65 1 2483903
78 0 2484535
78 1 2484607
68 0 2485079
68 1 2485151
32 0 2485359
32 1 2485399
8 0 2486159
8 0 2486659
8 0 2486692
8 1 2486703
8 0 2486839
8 1 2486903
8 0 2486991
8 1 2487063
8 0 2487111
8 1 2487191
8 0 2487311
8 1 2487359
8 0 2487455
8 1 2487519
8 0 2487631
8 1 2487679
20 0 2488848
20 1 2488919
65 0 2489239
65 1 2489295
68 0 2489599
68 1 2489655
77 0 2490383
77 1 2490439
73 0 2490647
73 1 2490695
82 0 2491639
82 1 2491687
65 0 2492119
65 1 2492175
78 0 2492751
78 1 2492807
68 0 2494414
68 1 2494470
32 0 2494607
32 1 2494639
70 0 2503615
70 1 2503671
82 0 2504351
82 1 2504415
85 0 2504687
85 1 2504735
77 0 2505295
77 1 2505335
79 0 2505607
79 1 2505663
65 0 2506143
65 1 2506215
83 0 2506479
83 1 2506559
69 0 2506719
69 1 2506775
76 0 2507878
76 1 2507926
69 0 2508159
69 1 2508207
32 0 2508391
32 1 2508431
79 0 2509415
79 1 2509439
8 0 2510151
8 1 2510207
80 0 2510983
80 1 2511039
73 0 2511263
73 1 2511311
67 0 2512279
67 1 2512367
84 0 2512959
84 1 2513031
85 0 2513255
85 1 2513319
82 0 2513679
82 1 2513727
73 0 2514111
73 1 2514159
73 0 2514279
73 1 2514319
32 0 2514679
32 1 2514726
83 0 2515247
83 1 2515303
73 0 2515615
73 1 2515671
73 0 2515783
73 1 2515831
32 0 2516151
32 1 2516175
8 0 2517071
8 1 2517119
8 0 2517247
8 1 2517295
109 0 2518127
109 1 2518183
73 0 2520743
73 1 2520799
32 0 2521591
32 1 2521622
84 0 2532439
84 1 2532495
65 0 2532711
65 1 2532775
66 0 2533599
66 1 2533671
8 0 2535967
8 1 2536015
8 0 2536127
8 1 2536183
8 0 2536784
8 1 2536839
76 0 2538527
76 1 2538583
85 0 2538999
85 1 2539047
67 0 2539959
67 1 2540015
82 0 2540735
82 1 2540799
65 0 2543103
65 1 2543143
82 0 2544623
82 1 2544679
73 0 2545223
73 1 2545279
73 0 2545375
73 1 2545423
32 0 2545823
32 1 2545870
68 0 2547303
68 1 2547367
73 0 2547951
73 1 2547999
78 0 2548431
78 1 2548479
32 0 2548647
32 1 2548671
77 0 2549799
77 1 2549831
79 0 2550143
79 1 2550183
90 0 2551223
90 1 2551287
65 0 2551431
65 1 2551495
73 0 2552039
73 1 2552087
67 0 2553039
67 1 2553095
32 0 2553671
32 1 2553703
188 0 2568743
188 1 2568791
32 0 2569695
32 1 2569735
83 0 2570583
83 1 2570639
84 0 2571047
84 1 2571103
65 0 2571295
65 1 2571375
84 0 2571775
84 1 2571823
73 0 2572335
73 1 2572399
85 0 2572535
85 1 2572583
32 0 2572815
32 1 2572863
8 0 2575303
8 1 2575375
8 0 2577703
8 1 2577775
8 0 2577895
8 1 2577951
85 0 2579143
85 1 2579191
73 0 2579319
73 1 2579375
32 0 2579799
32 1 2579831
83 0 2580567
83 1 2580615
67 0 2580935
67 1 2580999
85 0 2581375
85 1 2581431
76 0 2582015
76 1 2582071
80 0 2582215
80 1 2582263
84 0 2582863
84 1 2582919
65 0 2583143
65 1 2583199
84 0 2583495
84 1 2583567
69 0 2583823
69 1 2583895
32 0 2585591
32 1 2585623
76 0 2594943
76 1 2594999
85 0 2595391
85 1 2595439
67 0 2595935
67 1 2595999
82 0 2596391
82 1 2596447
65 0 2596903
65 1 2596975
84 0 2597399
84 1 2597447
69 0 2597815
69 1 2597871
32 0 2598591
32 1 2598623
83 0 2599751
83 1 2599807
73 0 2600159
73 1 2600223
73 0 2600335
73 1 2600383
32 0 2600703
32 1 2600743
8 0 2601647
8 1 2601703
8 0 2602167
8 1 2602215
109 0 2603063
109 1 2603119
73 0 2604279
73 1 2604334
32 0 2604615
32 1 2604655
73 0 2605751
73 1 2605807
78 0 2606215
78 1 2606263
84 0 2606759
84 1 2606815
82 0 2606951
82 1 2607015
69 0 2607351
69 1 2607423
84 0 2608159
84 1 2608231
73 0 2608471
73 1 2608527
78 0 2608943
78 1 2608999
85 0 2609303
85 1 2609359
84 0 2609703
84 1 2609775
69 0 2610199
69 1 2610271
32 0 2610471
32 1 2610511
32 0 2614239
32 1 2614327
68 0 2621391
68 1 2621439
8 0 2623086
8 1 2623142
70 0 2629639
70 1 2629719
79 0 2630047
79 1 2630119
82 0 2632671
82 1 2632735
8 0 2633942
8 1 2634006
8 0 2634159
8 1 2634207
8 0 2634551
8 1 2634607
65 0 2644479
65 1 2644559
82 0 2645023
82 1 2645087
65 0 2645191
65 1 2645263
82 0 2645591
82 1 2645655
65 0 2646159
65 1 2646223
78 0 2647023
78 1 2647095
68 0 2647383
68 1 2647455
32 0 2648319
32 1 2648359
8 0 2651839
8 1 2651887
8 0 2652031
8 1 2652087
8 0 2652207
8 1 2652263
8 0 2652375
8 1 2652431
8 0 2652535
8 1 2652591
8 0 2652711
8 1 2652767
8 0 2652919
8 1 2652975
8 0 2653119
8 1 2653175
84 0 2654063
84 1 2654119
79 0 2654623
79 1 2654679
84 0 2655127
84 1 2655191
85 0 2655383
85 1 2655439
76 0 2656319
76 1 2656367
32 0 2656623
32 1 2656654
70 0 2657655
70 1 2657711
73 0 2658031
73 1 2658087
73 0 2658175
73 1 2658223
78 0 2658559
78 1 2658599
68 0 2659127
68 1 2659191
32 0 2659343
32 1 2659374
68 0 2660223
68 1 2660295
69 0 2660791
69 1 2660847
79 0 2661207
79 1 2661255
83 0 2661735
83 1 2661799
69 0 2662007
69 1 2662063
66 0 2662511
66 1 2662583
73 0 2662831
73 1 2662895
84 0 2663183
84 1 2663255
32 0 2664023
32 1 2664063
190 0 2665104
190 1 2665151
20 0 2678096
20 1 2678199
77 0 2678631
77 1 2678663
20 0 2680078
20 1 2680183
65 0 2680359
65 1 2680423
32 0 2680687
32 1 2680726
8 0 2684007
8 1 2684047
8 0 2684407
8 1 2684455
8 0 2684607
8 1 2684655
20 0 2686143
20 1 2686255
13 0 4761710
13 1 4761941
73 0 4767726
73 1 4767782
78 0 4768190
78 1 4768246
32 0 4768398
32 1 4768438
8 0 4769501
8 1 4769565
8 0 4769942
8 1 4770006
20 0 4770870
20 1 4770966
78 0 4771510
78 1 4771574
32 0 4771734
32 1 4771782
65 0 4772678
65 1 4772750
67 0 4773078
67 1 4773142
69 0 4773510
69 1 4773574
83 0 4773870
83 1 4773942
84 0 4774254
84 1 4774310
32 0 4775374
32 1 4775413
84 0 4775806
84 1 4775854
65 0 4776014
65 1 4776078
66 0 4776558
66 1 4776622
76 0 4777933
76 1 4777981
79 0 4778174
79 1 4778230
85 0 4778486
85 1 4778542
32 0 4778782
32 1 4778822
83 0 4780710
83 1 4780774
69 0 4780942
69 1 4781006
32 0 4781198
32 1 4781237
82 0 4781862
82 1 4781918
69 0 4782030
69 1 4782102
71 0 4782574
71 1 4782614
65 0 4782958
65 1 4783014
83 0 4783182
83 1 4783246
69 0 4783422
69 1 4783486
83 0 4783958
83 1 4784022
67 0 4784238
67 1 4784318
32 0 4784534
32 1 4784566
79 0 4785390
79 1 4785446
8 0 4786455
8 1 4786502
85 0 4786910
85 1 4786966
78 0 4787270
78 1 4787318
32 0 4787462
32 1 4787510
71 0 4791150
71 1 4791198
82 0 4792839
82 1 4792926
85 0 4793214
85 1 4793270
80 0 4793918
80 1 4793974
32 0 4794262
32 1 4794302
68 0 4794942
68 1 4795030
69 0 4795134
69 1 4795238
32 0 4795367
32 1 4795422
78 0 4796454
78 1 4796510
69 0 4796766
69 1 4796830
71 0 4797526
71 1 4797598
85 0 4797887
85 1 4797942
83 0 4798222
83 1 4798294
84 0 4798646
84 1 4798710
79 0 4799262
79 1 4799326
82 0 4799614
82 1 4799694
73 0 4800190
73 1 4800238
73 0 4800334
73 1 4800390
32 0 4800678
32 1 4800726
67 0 4804127
67 1 4804198
65 0 4804390
65 1 4804462
82 0 4804902
82 1 4804966
69 0 4805094
69 1 4805150
32 0 4805414
32 1 4805470
83 0 4806374
83 1 4806454
69 0 4806662
69 1 4806734
32 0 4806878
32 1 4806926
8 0 4808439
8 1 4808494
8 0 4808614
8 1 4808662
8 0 4808998
8 1 4809046
65 0 4809758
65 1 4809870
85 0 4810182
85 1 4810238
32 0 4810462
32 1 4810494
70 0 4811246
70 1 4811318
73 0 4812126
73 1 4812182
69 0 4812398
69 1 4812470
67 0 4812958
67 1 4813006
65 0 4813382
65 1 4813446
82 0 4813734
82 1 4813798
69 0 4813942
69 1 4813998
32 0 4814663
32 1 4814694
68 0 4815542
68 1 4815614
73 0 4816014
73 1 4816070
70 0 4816838
70 1 4816894
69 0 4817054
69 1 4817134
82 0 4817286
82 1 4817366
85 0 4817702
85 1 4817750
8 0 4819334
8 1 4819382
73 0 4821054
73 1 4821110
84 0 4821334
84 1 4821406
69 0 4821646
69 1 4821742
32 0 4821910
32 1 4821950
80 0 4822790
80 1 4822854
82 0 4823518
82 1 4823590
69 0 4823726
69 1 4823814
79 0 4825390
79 1 4825454
67 0 4826054
67 1 4826158
85 0 4826582
85 1 4826622
80 0 4827118
80 1 4827174
65 0 4827462
65 1 4827550
82 0 4827870
82 1 4827942
73 0 4828415
73 1 4828470
73 0 4828566
73 1 4828622
32 0 4829014
32 1 4829054
67 0 4838759
67 1 4838822
65 0 4839054
65 1 4839182
82 0 4839486
82 1 4839542
82 0 4839670
82 1 4839694
69 0 4840022
69 1 4840078
8 0 4841110
8 1 4841158
8 0 4841278
8 1 4841326
69 0 4842430
69 1 4842526
32 0 4842894
32 1 4842942
82 0 4843598
82 1 4843662
69 0 4843766
69 1 4843846
76 0 4844446
76 1 4844502
65 0 4844758
65 1 4844838
84 0 4845190
84 1 4845262
73 0 4845590
73 1 4845638
79 0 4845758
79 1 4845822
78 0 4846582
78 1 4846630
69 0 4847030
69 1 4847094
65 0 4847446
65 1 4847550
90 0 4847678
90 1 4847742
32 0 4848038
32 1 4848085
8 0 4849078
8 1 4849134
65 0 4850118
65 1 4850198
32 0 4850503
32 1 4850542
68 0 4852301
68 1 4852365
85 0 4853918
85 1 4853957
80 0 4854541
80 1 4854582
65 0 4855150
65 1 4855214
32 0 4855350
32 1 4855390
73 0 4856358
73 1 4856406
32 0 4856726
32 1 4856766
8 0 4857558
8 1 4857622
8 0 4857742
8 1 4857798
8 0 4857902
8 1 4857950
32 0 4858886
32 1 4858950
79 0 4859798
79 1 4859846
32 0 4860150
32 1 4860197
73 0 4860798
73 1 4860838
78 0 4861214
78 1 4861262
84 0 4861726
84 1 4861782
82 0 4861942
82 1 4861998
69 0 4862150
69 1 4862206
86 0 4863525
86 1 4863589
69 0 4863878
69 1 4863958
68 0 4864302
68 1 4864382
69 0 4864502
69 1 4864590
82 0 4864774
82 1 4864854
69 0 4864966
69 1 4865062
32 0 4865430
32 1 4865486
77 0 4866478
77 1 4866510
65 0 4867046
65 1 4867134
73 0 4867470
73 1 4867518
32 0 4867846
32 1 4867886
73 0 4868510
73 1 4868550
78 0 4868926
78 1 4868982
68 0 4869334
68 1 4869390
82 0 4869566
82 1 4869614
8 0 4870494
8 1 4870534
69 0 4870878
69 1 4870966
76 0 4871758
76 1 4871814
85 0 4872142
85 1 4872198
78 0 4872598
78 1 4872646
71 0 4873006
71 1 4873070
65 0 4873622
65 1 4873726
84 0 4874126
84 1 4874190
65 0 4874294
65 1 4874366
32 0 4874558
32 1 4874598
188 0 4879822
188 1 4879870
32 0 4880198
32 1 4880238
70 0 4881358
70 1 4881429
73 0 4881773
73 1 4881829
73 0 4881933
73 1 4881989
69 0 4882710
69 1 4882806
67 0 4883270
67 1 4883342
65 0 4883614
65 1 4883694
82 0 4884006
82 1 4884070
69 0 4884206
69 1 4884270
32 0 4884582
32 1 4884622
65 0 4888174
65 1 4888270
85 0 4888630
85 1 4888678
32 0 4888926
32 1 4888966
80 0 4889766
80 1 4889814
82 0 4890286
82 1 4890350
69 0 4890502
69 1 4890558
79 0 4890966
79 1 4891022
67 0 4891286
67 1 4891358
85 0 4891646
85 1 4891694
80 0 4892134
80 1 4892198
65 0 4892630
65 1 4892702
82 0 4893022
82 1 4893086
73 0 4893366
73 1 4893414
76 0 4894446
76 1 4894493
69 0 4895262
69 1 4895334
32 0 4895582
32 1 4895630
76 0 4903670
76 1 4903718
79 0 4903934
79 1 4903982
82 0 4904382
82 1 4904470
32 0 4904678
32 1 4904726
68 0 4905366
68 1 4905454
73 0 4905782
73 1 4905822
78 0 4906190
78 1 4906238
32 0 4906414
32 1 4906453
86 0 4906942
86 1 4906990
73 0 4907350
73 1 4907406
65 0 4907669
65 1 4907741
84 0 4908069
84 1 4908125
65 0 4908165
65 1 4908253
32 0 4908373
32 1 4908421
76 0 4910277
76 1 4910333
79 0 4910837
79 1 4910885
80 0 4911109
80 1 4911157
8 0 4912317
8 1 4912373
82 0 4912997
82 1 4913045
32 0 4913373
32 1 4913413
67 0 4913998
67 1 4914077
79 0 4914581
79 1 4914637
84 0 4914989
84 1 4915061
73 0 4915357
73 1 4915405
68 0 4916118
68 1 4916205
73 0 4916397
73 1 4916453
65 0 4916853
65 1 4916941
78 0 4917613
78 1 4917669
65 0 4917757
65 1 4917821
32 0 4918013
32 1 4918061
188 0 4924742
188 1 4924797
74 0 4926117
74 1 4926173
85 0 4926317
85 1 4926373
66 0 4927597
66 1 4927661
73 0 4927981
73 1 4928037
76 0 4928805
76 1 4928853
65 0 4929301
65 1 4929429
78 0 4929709
78 1 4929765
68 0 4930061
68 1 4930141
32 0 4930405
32 1 4930445
8 0 4942870
8 1 4942909
8 0 4943045
8 1 4943101
8 0 4943221
8 1 4943269
8 0 4943373
8 1 4943429
8 0 4943533
8 1 4943589
8 0 4943693
8 1 4943741
8 0 4943845
8 1 4943901
8 0 4943997
8 1 4944061
8 0 4944157
8 1 4944221
70 0 4945405
70 1 4945477
79 0 4945869
79 1 4945917
8 0 4946533
8 1 4946589
73 0 4947501
73 1 4947565
69 0 4947973
69 1 4948045
67 0 4948389
67 1 4948461
65 0 4948661
65 1 4948725
82 0 4948957
82 1 4949029
69 0 4949157
69 1 4949213
32 0 4949957
32 1 4950005
65 0 4952677
65 1 4952773
86 0 4953302
86 1 4953357
65 0 4953501
65 1 4953573
78 0 4954005
78 1 4954053
68 0 4954437
68 1 4954525
32 0 4954725
32 1 4954781
79 0 4968054
79 1 4968110
32 0 4968510
32 1 4968566
84 0 4968941
84 1 4969021
73 0 4969270
73 1 4969334
78 0 4969638
78 1 4969694
85 0 4969894
85 1 4969950
84 0 4970262
84 1 4970318
65 0 4970550
65 1 4970606
32 0 4970766
32 1 4970814
65 0 4972117
65 1 4972189
80 0 4972677
80 1 4972750
65 0 4972950
65 1 4973030
82 0 4973526
82 1 4973590
84 0 4973774
84 1 4973822
69 0 4974206
69 1 4974270
32 0 4974478
32 1 4974510
83 0 4975701
83 1 4975741
73 0 4976101
73 1 4976157
73 0 4976269
73 1 4976317
32 0 4976718
32 1 4976766
8 0 4981246
8 1 4981302
109 0 4982078
109 1 4982142
8 0 4982990
8 1 4983046
8 0 4983190
8 1 4983246
109 0 4984086
109 1 4984142
73 0 4986614
73 1 4986670
32 0 4986998
32 1 4987037
79 0 4989518
79 1 4989566
32 0 4989870
32 1 4989910
65 0 4990694
65 1 4990750
76 0 4991334
76 1 4991382
85 0 4991958
85 1 4992014
82 0 4992414
82 1 4992470
65 0 4992814
65 1 4992902
32 0 4993102
32 1 4993142
68 0 4993485
68 1 4993541
69 0 4993661
69 1 4993717
32 0 4993990
32 1 4994014
80 0 4995366
80 1 4995422
82 0 4996054
82 1 4996094
69 0 4996262
69 1 4996326
79 0 4996742
79 1 4996798
67 0 4997262
67 1 4997326
85 0 4997630
85 1 4997678
80 0 4998230
80 1 4998286
65 0 4998750
65 1 4998814
82 0 4999222
82 1 4999286
69 0 4999446
69 1 4999502
32 0 5000054
32 1 5000094
65 0 5000573
65 1 5000637
80 0 5001550
80 1 5001606
65 0 5002022
65 1 5002086
82 0 5005230
82 1 5005294
84 0 5005534
84 1 5005590
69 0 5005998
69 1 5006062
32 0 5007157
32 1 5007213
16 0 5010982
16 0 5011482
16 0 5011515
16 0 5011548
16 0 5011581
16 0 5011614
16 0 5011647
16 0 5011680
16 0 5011713
16 0 5011746
16 0 5011779
16 0 5011812
16 0 5011845
16 0 5011878
49 0 5011886
49 1 5011950
16 1 5011966
