16 0 165224
16 0 165738
16 0 165772
16 0 165806
16 0 165840
16 0 165875
16 0 165909
16 0 165943
16 0 165976
16 0 166010
16 0 166045
16 0 166080
65 0 166111
16 1 166236
65 1 166251
83 0 166379
83 1 166497
84 0 166647
65 0 166764
84 1 166844
65 1 166961
90 0 167388
73 0 167563
90 1 167567
73 1 167674
32 0 167799
32 1 167924
65 0 167957
65 1 168151
70 0 168211
65 0 168328
70 1 168384
65 1 168493
82 0 168539
65 0 168656
82 1 168720
65 1 168877
32 0 169245
32 1 169401
65 0 169466
32 0 169606
65 1 169624
32 1 169713
70 0 169817
70 1 169937
79 0 169994
83 0 170071
79 1 170160
83 1 170188
84 0 170278
32 0 170403
84 1 170404
32 1 170515
73 0 170701
73 1 170835
78 0 170961
73 0 171056
78 1 171158
73 1 171221
82 0 171386
82 1 171560
8 0 172155
8 1 172258
8 0 172358
8 1 172453
79 0 172674
79 1 172816
82 0 172900
65 0 172983
82 1 173049
65 1 173126
84 0 173179
84 1 173305
32 0 173335
32 1 173460
84 0 173501
79 0 173645
84 1 173647
79 1 173780
65 0 173781
65 1 173934
84 0 174050
65 0 174174
84 1 174270
65 1 174355
32 0 174386
32 1 174511
90 0 174593
73 0 174753
90 1 174755
85 0 174841
73 1 174989
85 1 174990
65 0 175025
32 0 175197
65 1 175198
32 1 175295
83 0 175367
73 0 175448
83 1 175493
73 1 175551
32 0 175669
32 1 175777
78 0 176052
85 0 176187
78 1 176289
85 1 176391
32 0 176906
32 1 177023
65 0 178063
65 1 178221
32 0 178260
32 1 178376
73 0 178546
69 0 178641
73 1 178697
69 1 178744
83 0 178918
73 0 179053
83 1 179056
73 1 179219
84 0 179516
84 1 179627
32 0 179690
32 1 179815
68 0 179869
68 1 179996
69 0 180160
32 0 180297
69 1 180300
32 1 180429
76 0 180494
76 1 180612
79 0 180756
79 1 180907
67 0 181383
67 1 181596
32 0 181800
32 1 181940
68 0 182335
68 1 182503
8 0 183790
8 1 183886
8 0 183981
8 1 184053
8 0 184161
8 1 184224
8 0 184338
8 1 184401
8 0 184514
8 1 184577
8 0 184690
8 1 184768
76 0 185437
76 1 185547
79 0 185637
79 1 185756
67 0 185791
67 1 185902
32 0 185976
32 1 186078
83 0 186182
79 0 186310
83 1 186313
79 1 186448
65 0 186449
65 1 186582
82 0 186684
69 0 186763
82 1 186848
69 1 186950
76 0 187337
69 0 187461
76 1 187478
69 1 187579
190 0 187710
190 1 187837
32 0 188650
32 1 188792
16 0 189038
16 0 189558
16 0 189592
16 0 189626
16 0 189660
16 0 189694
16 0 189730
16 0 189763
16 0 189797
16 0 189832
16 0 189866
16 0 189900
16 0 189935
73 0 189948
16 1 190094
73 1 190095
78 0 190197
78 1 190298
32 0 190415
32 1 190556
90 0 190773
73 0 190917
90 1 190954
73 1 191042
76 0 191196
69 0 191265
76 1 191314
69 1 191406
76 0 191455
69 0 191558
76 1 191598
69 1 191696
32 0 191943
32 1 192093
84 0 192128
82 0 192175
84 1 192253
82 1 192276
69 0 192405
69 1 192475
67 0 192652
85 0 192779
67 1 192783
85 1 192921
84 0 192952
69 0 193038
84 1 193141
32 0 193205
69 1 193208
32 1 193330
65 0 193395
32 0 193600
65 1 193600
32 1 193753
70 0 193837
70 1 193955
79 0 194061
83 0 194193
79 1 194218
83 1 194304
84 0 194396
84 1 194521
32 0 194577
32 1 194701
86 0 194815
86 1 194901
82 0 195151
69 0 195230
82 1 195307
69 1 195395
77 0 195795
69 0 195928
77 1 195945
65 0 195996
69 1 196092
65 1 196210
32 0 196285
32 1 196410
67 0 196477
65 0 196539
67 1 196627
77 0 196727
65 1 196728
77 1 196799
32 0 196915
32 1 197047
76 0 197117
76 1 197251
65 0 197251
32 0 197361
65 1 197388
32 1 197471
70 0 197659
69 0 197753
70 1 197800
69 1 197918
76 0 197952
76 1 198143
188 0 198619
188 1 198722
32 0 198840
32 1 198925
80 0 199053
79 0 199163
65 0 199230
80 1 199273
79 1 199295
65 1 199362
84 0 199438
69 0 199509
84 1 199581
32 0 199629
69 1 199681
32 1 199753
85 0 199985
78 0 200079
85 1 200150
78 1 200197
32 0 200275
32 1 200393
80 0 200722
73 0 200848
80 1 200990
73 1 201037
67 0 201158
67 1 201309
32 0 201336
32 1 201413
77 0 201558
77 1 201684
65 0 201739
73 0 201844
65 1 201896
73 1 201970
32 0 202084
32 1 202200
77 0 202367
77 1 202470
85 0 202667
85 1 202803
76 0 202925
76 1 203052
84 0 204164
84 1 204298
32 0 204392
32 1 204502
83 0 204648
83 1 204750
79 0 204771
79 1 204904
65 0 204904
65 1 205083
82 0 205474
69 0 205576
82 1 205639
69 1 205749
32 0 205978
32 1 206124
68 0 206125
68 1 206250
69 0 206335
69 1 206422
67 0 206588
65 0 206651
67 1 206722
65 1 206824
84 0 207071
84 1 207214
32 0 207406
32 1 207515
65 0 207821
83 0 207987
65 1 208099
83 1 208130
84 0 208281
65 0 208413
84 1 208446
65 1 208602
90 0 208841
90 1 208990
73 0 209070
73 1 209180
190 0 209829
190 1 209940
32 0 210196
32 1 210313
16 0 210361
86 0 210584
16 1 210707
86 1 210708
82 0 210907
69 0 210986
82 1 211075
69 1 211145
77 0 211765
77 1 211899
69 0 211900
65 0 211974
69 1 212078
65 1 212211
32 0 212328
32 1 212422
80 0 212615
80 1 212765
69 0 212791
69 1 213053
82 0 213170
82 1 213289
70 0 213502
69 0 213596
70 1 213667
69 1 213737
67 0 213920
67 1 213968
84 0 214163
65 0 214279
84 1 214351
65 1 214460
32 0 214479
32 1 214588
80 0 214731
69 0 214831
80 1 214856
78 0 214963
69 1 214964
84 0 215074
78 1 215097
82 0 215135
85 0 215299
84 1 215301
85 1 215303
82 1 215303
32 0 215371
32 1 215448
77 0 215593
77 1 215703
73 0 215718
78 0 215844
73 1 215955
69 0 216000
78 1 216016
32 0 216151
69 1 216152
32 1 216293
83 0 216456
83 1 216534
8 0 216997
69 0 217120
8 1 217146
83 0 217277
69 1 217324
83 1 217394
84 0 217503
69 0 217613
84 1 217692
69 1 217762
32 0 217836
32 1 218033
79 0 219482
79 1 219600
32 0 219694
32 1 219819
90 0 219935
73 0 220064
90 1 220100
73 1 220189
32 0 220293
32 1 220419
68 0 220502
68 1 220597
69 0 220728
32 0 220801
69 1 220837
32 1 220902
80 0 221035
80 1 221185
82 0 221211
73 0 221312
82 1 221313
73 1 221408
77 0 221536
77 1 221684
65 0 221684
65 1 221818
86 0 222001
65 0 222102
86 1 222166
65 1 222235
82 0 222420
65 0 222514
82 1 222608
65 1 222710
32 0 223000
32 1 223134
73 0 223229
78 0 223314
73 1 223345
78 1 223415
32 0 223527
32 1 223689
67 0 223689
65 0 223751
67 1 223814
65 1 223931
82 0 224051
69 0 224137
82 1 224208
69 1 224286
32 0 224355
32 1 224489
68 0 224696
68 1 224774
8 0 225141
8 1 225259
83 0 225381
83 1 225509
85 0 225524
78 0 225635
85 1 225705
84 0 225706
78 1 225751
84 1 225821
32 0 225851
32 1 225962
65 0 226207
80 0 226297
65 1 226341
80 1 226453
82 0 226453
79 0 226562
82 1 226563
79 1 226712
88 0 226775
88 1 226903
73 0 227140
73 1 227259
77 0 227365
77 1 227491
65 0 227492
65 1 227599
84 0 227636
84 1 227723
73 0 227771
73 1 227953
67 0 228000
67 1 228126
32 0 228175
32 1 228323
49 0 229179
48 0 229328
49 1 229330
48 1 229426
189 0 229559
189 1 229669
49 0 229700
49 1 229811
53 0 229941
53 1 230067
32 0 230202
32 1 230329
71 0 230385
82 0 230449
71 1 230519
82 1 230575
65 0 230941
65 1 231099
68 0 231190
68 1 231293
69 0 231449
69 1 231544
32 0 231591
32 1 231716
83 0 231745
73 0 231870
83 1 231871
73 1 231959
32 0 232065
32 1 232207
65 0 232207
65 1 232321
68 0 232385
68 1 232527
73 0 232589
73 1 232771
69 0 232818
32 0 232951
69 1 232952
32 1 233024
85 0 233171
85 1 233274
83 0 233334
79 0 233462
83 1 233463
79 1 233636
82 0 233675
82 1 233825
32 0 234075
32 1 234217
85 0 235153
78 0 235264
85 1 235327
78 1 235396
32 0 235502
32 1 235619
86 0 235901
65 0 235986
86 1 236042
78 0 236097
65 1 236150
78 1 236246
84 0 236458
84 1 236578
32 0 236600
32 1 236725
67 0 236880
65 0 236973
67 1 237053
76 0 237133
65 1 237169
76 1 237266
68 0 237290
68 1 237448
190 0 238112
190 1 238278
32 0 239166
32 1 239300
16 0 239385
16 0 239903
83 0 239917
83 1 240028
16 1 240065
85 0 240172
85 1 240282
78 0 240385
78 1 240512
65 0 240512
32 0 240658
65 1 240661
32 1 240779
65 0 240889
83 0 241159
65 1 241183
65 0 241292
83 1 241386
32 0 241468
65 1 241503
32 1 241578
80 0 241774
79 0 241939
80 1 242050
79 1 242081
69 0 242174
69 1 242292
84 0 242464
84 1 242584
73 0 242635
73 1 242770
67 0 242872
67 1 242990
188 0 243032
188 1 243119
32 0 243249
32 1 243335
80 0 243467
80 1 243592
65 0 244277
65 1 244451
82 0 244576
82 1 244663
8 0 245294
8 1 245387
8 0 245517
8 1 245580
8 0 245710
8 1 245828
65 0 246550
65 1 246717
82 0 246796
82 1 246906
32 0 246974
32 1 247100
84 0 247149
82 0 247212
84 1 247288
82 1 247288
69 0 247408
66 0 247448
85 0 247541
69 1 247543
66 1 247596
85 1 247627
73 0 247747
73 1 247897
32 0 248016
32 1 248127
83 0 248151
65 0 248237
32 0 248312
83 1 248332
32 1 248400
65 1 248402
77 0 248559
77 1 248693
65 0 248748
32 0 248839
65 1 248889
32 1 248964
65 0 249039
65 1 249158
80 0 249181
80 1 249284
85 0 249440
85 1 249590
67 0 249703
67 1 249822
32 0 249865
32 1 249995
68 0 249995
68 1 250089
69 0 250212
69 1 250306
32 0 250330
32 1 250424
83 0 250529
83 1 250608
67 0 250696
67 1 250774
82 0 250914
73 0 251056
82 1 251056
73 1 251196
83 0 251196
83 1 251314
32 0 251348
32 1 251474
83 0 251578
83 1 251673
8 0 251984
67 0 252075
8 1 252136
65 0 252136
67 1 252199
65 1 252316
82 0 252355
82 1 252476
84 0 252593
73 0 252711
84 1 252712
73 1 252790
190 0 253126
190 1 253220
32 0 253423
32 1 253539
16 0 253650
16 0 254169
16 0 254203
16 0 254237
16 0 254271
16 0 254306
16 0 254340
16 0 254374
16 0 254408
16 0 254443
16 0 254477
16 0 254511
16 0 254546
16 0 254581
16 0 254615
16 0 254649
16 0 254683
16 0 254718
16 0 254752
16 0 254786
67 0 254789
67 1 254892
16 1 254913
65 0 254999
77 0 255120
65 1 255149
77 1 255205
32 0 255301
32 1 255444
65 0 255445
65 1 255602
84 0 255663
84 1 255781
65 0 255802
84 0 255978
65 1 256047
84 1 256135
32 0 256925
32 1 257042
68 0 257135
68 1 257197
69 0 257313
83 0 257375
80 0 257453
69 1 257454
83 1 257500
80 1 257610
82 0 257610
69 0 257696
82 1 257775
69 1 257845
32 0 257921
32 1 258063
86 0 258277
86 1 258355
82 0 258539
69 0 258609
82 1 258664
69 1 258726
77 0 258742
69 0 258875
77 1 258907
69 1 259032
188 0 259208
188 1 259311
32 0 259447
32 1 259576
83 0 259576
65 0 259669
83 1 259772
32 0 259799
65 1 259833
32 1 259916
86 0 259984
69 0 260062
86 1 260109
69 1 260155
68 0 260266
68 1 260344
69 0 260430
77 0 260518
69 1 260571
77 1 260595
32 0 260687
32 1 260829
68 0 261358
68 1 261460
69 0 261571
83 0 261641
69 1 261696
80 0 261721
83 1 261765
80 1 261870
82 0 261870
69 0 261937
82 1 261993
69 1 262031
32 0 262092
32 1 262210
67 0 262266
69 0 262304
67 1 262351
69 1 262438
32 0 262475
32 1 262609
69 0 262714
83 0 262816
69 1 262864
83 1 262941
84 0 263051
69 0 263121
84 1 263200
32 0 263241
69 1 263270
32 1 263375
86 0 263496
79 0 263584
86 1 263606
82 0 263756
79 1 263772
66 0 263841
82 1 263896
66 1 263990
65 0 264021
32 0 264143
65 1 264170
32 1 264245
76 0 264350
65 0 264442
76 1 264468
32 0 264555
65 1 264598
32 1 264649
73 0 264741
78 0 264819
73 1 264906
84 0 264928
78 1 264967
82 0 264998
84 1 265068
82 1 265123
69 0 265252
69 1 265394
66 0 265467
65 0 265576
66 1 265593
65 1 265702
82 0 265787
69 0 265849
82 1 265936
69 1 265983
65 0 266071
65 1 266236
32 0 266298
32 1 266424
54 0 266889
54 1 266991
188 0 267816
188 1 267910
32 0 268061
32 1 268140
79 0 268314
79 1 268408
79 0 268513
79 1 268592
80 0 268743
80 1 268885
83 0 268974
83 1 269115
32 0 269257
32 1 269401
83 0 269402
83 1 269487
84 0 269600
84 1 269758
65 0 270007
73 0 270164
65 1 270165
73 1 270253
32 0 270378
32 1 270464
67 0 270492
65 0 270561
67 1 270617
32 0 270650
65 1 270709
32 1 270728
78 0 270854
85 0 270972
78 1 271027
85 1 271090
32 0 271157
32 1 271259
65 0 271290
77 0 271395
65 1 271447
77 1 271488
32 0 271593
32 1 271680
85 0 271806
85 1 271932
77 0 272065
77 1 272167
80 0 272802
76 0 272896
80 1 272967
76 1 273021
85 0 273205
85 1 273372
84 0 273373
84 1 273482
32 0 273538
32 1 273663
67 0 273750
65 0 273772
67 1 273812
65 1 273913
90 0 274182
90 1 274283
8 0 274563
8 1 274650
83 0 274728
83 1 274846
85 0 274863
85 1 274997
84 0 275196
65 0 275272
84 1 275368
65 1 275462
188 0 276913
188 1 277023
32 0 277128
32 1 277206
72 0 277363
72 1 277417
65 0 277500
73 0 277597
65 1 277641
73 1 277675
32 0 277787
32 1 277909
83 0 277909
65 0 277995
32 0 278045
83 1 278089
32 1 278131
65 1 278150
77 0 278246
77 1 278364
65 0 278443
73 0 278524
65 1 278584
73 1 278633
32 0 278724
32 1 278827
83 0 278911
83 1 279022
67 0 279091
67 1 279185
82 0 279313
73 0 279440
82 1 279462
73 1 279559
69 0 279622
77 0 279747
69 1 279748
77 1 279834
32 0 279982
32 1 280084
68 0 280300
68 1 280426
79 0 280444
65 0 280536
79 1 280569
82 0 280646
65 1 280739
82 1 280755
32 0 280782
32 1 280892
67 0 280961
65 0 280999
67 1 281047
65 1 281148
84 0 281227
69 0 281298
84 1 281369
69 1 281431
86 0 281547
86 1 281665
65 0 281697
32 0 281858
65 1 281858
32 1 281968
67 0 282401
85 0 282473
67 1 282495
85 1 282590
86 0 283047
73 0 283158
86 1 283180
78 0 283259
73 1 283330
78 1 283393
84 0 283501
69 0 283571
84 1 283642
32 0 283696
69 1 283698
32 1 283800
83 0 283838
73 0 283887
83 1 283947
73 1 283972
32 0 284036
71 0 284144
32 1 284177
65 0 284252
71 1 284308
65 1 284393
84 0 284498
65 0 284575
84 1 284663
190 0 284771
65 1 284772
190 1 284892
9 0 285972
9 1 286082
16 0 294553
79 0 294770
79 1 294881
16 1 294907
32 0 295005
32 1 295114
90 0 295601
90 1 295783
73 0 295815
73 1 295949
32 0 296096
32 1 296222
73 0 296419
73 1 296586
68 0 296612
68 1 296707
69 0 296835
65 0 296920
69 1 296985
76 0 297080
65 1 297082
76 1 297206
65 0 297963
65 1 298192
32 0 298811
32 1 298929
80 0 299241
80 1 299405
69 0 299406
78 0 299499
69 1 299561
84 0 299648
78 1 299663
82 0 299717
85 0 299919
84 1 299921
82 1 299924
85 1 299926
32 0 300003
32 1 300104
77 0 300232
73 0 300359
77 1 300362
78 0 300476
73 1 300577
78 1 300648
69 0 300650
69 1 300764
32 0 300786
32 1 300927
65 0 300953
65 1 301114
82 0 301197
32 0 301341
82 1 301343
32 1 301457
70 0 301553
70 1 301688
73 0 301704
73 1 301846
32 0 302002
32 1 302132
83 0 302249
65 0 302335
83 1 302438
32 0 302464
65 1 302507
32 1 302556
77 0 302700
77 1 302843
65 0 302903
32 0 303025
65 1 303053
32 1 303156
84 0 303322
82 0 303368
84 1 303447
82 1 303470
69 0 303596
69 1 303706
90 0 304066
69 0 304193
90 1 304254
69 1 304302
83 0 304450
83 1 304569
67 0 304709
67 1 304827
32 0 304959
32 1 305085
76 0 305187
76 1 305327
65 0 305327
32 0 305430
65 1 305465
32 1 305555
70 0 305671
69 0 305733
70 1 305789
76 0 305820
69 1 305874
76 1 305914
32 0 306012
32 1 306144
67 0 306237
65 0 306299
67 1 306372
32 0 306430
65 1 306456
32 1 306560
68 0 306640
68 1 306766
69 0 306915
69 1 307026
32 0 307052
32 1 307153
79 0 307298
79 1 307401
66 0 307517
73 0 307637
66 1 307683
73 1 307802
67 0 307871
69 0 307918
67 1 307957
69 1 308091
73 0 308286
73 1 308428
188 0 309101
188 1 309195
32 0 309318
32 1 309450
68 0 309450
65 0 309509
68 1 309572
82 0 309701
65 1 309770
82 1 309810
32 0 309848
32 1 309972
83 0 309997
65 0 310068
83 1 310171
32 0 310190
65 1 310249
32 1 310316
70 0 310510
70 1 310636
73 0 310683
73 1 310858
69 0 311258
69 1 311368
32 0 311436
32 1 311555
68 0 311625
85 0 311759
68 1 311762
85 1 311814
80 0 311953
80 1 312094
65 0 312095
32 0 312203
65 1 312238
32 1 312320
85 0 312449
78 0 312591
85 1 312673
78 1 312718
32 0 312820
32 1 312953
83 0 313035
83 1 313145
79 0 313196
77 0 313281
79 1 313353
77 1 313406
78 0 313656
78 1 313774
32 0 313861
32 1 313947
79 0 314219
79 1 314339
68 0 314475
68 1 314599
73 0 314698
73 1 314832
72 0 315170
72 1 315264
78 0 315432
73 0 315512
78 1 315589
73 1 315692
84 0 315832
84 1 315960
79 0 316011
79 1 316200
82 0 316383
82 1 316508
32 0 316721
32 1 316838
83 0 316952
73 0 317033
83 1 317077
73 1 317126
32 0 317230
32 1 317308
83 0 317392
65 0 317510
32 0 317552
83 1 317612
32 1 317679
65 1 317679
77 0 317831
77 1 317957
65 0 318017
32 0 318141
65 1 318161
32 1 318280
83 0 318915
73 0 319067
83 1 319069
77 0 319166
73 1 319247
77 1 319292
84 0 319293
84 1 319386
32 0 319403
32 1 319512
49 0 319628
49 1 319746
8 0 320502
8 1 320620
83 0 320710
83 1 320837
85 0 320885
85 1 321043
84 0 321324
65 0 321465
84 1 321522
32 0 321554
65 1 321643
32 1 321678
76 0 321731
65 0 321831
76 1 321857
32 0 321952
65 1 321971
32 1 322029
83 0 322113
85 0 322217
83 1 322238
85 1 322358
84 0 322386
65 0 322497
84 1 322577
32 0 322673
65 1 322701
32 1 322813
73 0 323212
78 0 323313
73 1 323432
78 1 323494
8 0 323838
8 1 323924
8 0 324004
8 1 324083
67 0 324205
85 0 324325
67 1 324327
85 1 324419
32 0 324485
32 1 324562
66 0 324681
65 0 324774
66 1 324806
65 1 324891
84 0 324960
69 0 325047
84 1 325118
69 1 325171
82 0 325270
82 1 325404
73 0 325420
73 1 325490
73 0 325572
73 1 325682
76 0 325952
69 0 326037
76 1 326077
69 1 326138
32 0 326179
32 1 326280
73 0 326349
78 0 326427
73 1 326521
67 0 326567
78 1 326583
65 0 326635
67 1 326667
65 1 326802
82 0 326818
82 1 326907
67 0 327091
65 0 327129
67 1 327169
65 1 327262
84 0 327359
69 0 327412
84 1 327476
69 1 327554
190 0 327987
190 1 328089
32 0 328202
16 0 328319
32 1 328320
68 0 328408
16 1 328547
68 1 328548
85 0 328608
85 1 328687
80 0 328849
80 1 329001
65 0 329003
32 0 329150
65 1 329185
32 1 329243
65 0 329369
65 1 329527
67 0 329617
69 0 329751
67 1 329806
69 1 329879
69 0 329977
69 1 330112
65 0 331459
65 1 331601
32 0 332641
32 1 332800
77 0 333237
77 1 333360
65 0 333409
32 0 333524
65 1 333553
32 1 333647
83 0 333750
80 0 333863
83 1 333864
80 1 333974
65 0 333994
76 0 334135
65 1 334136
76 1 334224
32 0 334305
32 1 334399
80 0 334546
69 0 334630
80 1 334671
69 1 334731
32 0 334825
32 1 334927
68 0 335013
73 0 335093
68 1 335138
78 0 335186
73 1 335249
78 1 335319
84 0 335369
73 0 335433
84 1 335479
73 1 335558
32 0 335639
32 1 335785
83 0 335786
73 0 335889
83 1 335926
73 1 335999
32 0 336071
32 1 336189
83 0 336560
65 0 336638
83 1 336725
65 1 336787
8 0 337805
8 1 337884
8 0 337960
8 1 338046
77 0 338175
77 1 338294
65 0 338315
32 0 338413
65 1 338432
32 1 338522
68 0 338629
85 0 338723
68 1 338724
85 1 338834
67 0 338892
32 0 338997
67 1 338998
32 1 339099
83 0 339118
65 0 339220
32 0 339255
83 1 339314
32 1 339364
65 1 339383
73 0 339494
73 1 339684
77 0 339684
73 0 339818
77 1 339881
73 1 339952
32 0 340003
32 1 340138
70 0 340169
65 0 340270
70 1 340310
65 1 340395
67 0 340464
32 0 340586
67 1 340623
32 1 340712
79 0 340739
79 1 340866
32 0 340938
32 1 341072
67 0 341287
67 1 341397
65 0 341581
65 1 341763
70 0 341926
70 1 342099
69 0 342100
69 1 342240
65 0 342342
32 0 342512
65 1 342516
32 1 342598
80 0 342714
80 1 342888
82 0 342923
82 1 343002
79 0 343211
79 1 343321
65 0 343385
65 1 343513
83 0 343603
83 1 343698
80 0 343922
65 0 344027
80 1 344069
65 1 344161
84 0 344628
65 0 344729
84 1 344787
65 1 344904
188 0 348471
188 1 348557
32 0 348692
32 1 348748
68 0 348774
68 1 348853
69 0 348985
69 1 349119
79 0 349304
79 1 349423
65 0 349446
65 1 349588
82 0 349672
69 0 349731
82 1 349770
69 1 349857
67 0 349994
69 0 350049
67 1 350096
69 1 350205
32 0 350264
32 1 350380
71 0 351486
71 1 351612
85 0 351699
85 1 351830
83 0 351853
83 1 351956
84 0 352049
85 0 352144
84 1 352170
85 1 352245
76 0 352347
76 1 352465
32 0 352574
32 1 352698
68 0 352755
68 1 352818
69 0 352923
32 0 353029
69 1 353048
32 1 353154
67 0 353694
65 0 353747
67 1 353787
65 1 353920
70 0 354132
69 0 354226
70 1 354289
69 1 354360
65 0 354465
32 0 354608
65 1 354610
32 1 354705
66 0 355886
85 0 356005
66 1 356043
85 1 356138
78 0 356181
78 1 356354
65 0 356412
32 0 356550
65 1 356573
32 1 356696
67 0 356825
85 0 356928
67 1 356966
85 1 357053
32 0 357121
32 1 357264
80 0 357626
65 0 357724
80 1 357743
83 0 357858
65 1 357912
83 1 357960
84 0 358068
65 0 358169
84 1 358233
32 0 358345
65 1 358346
32 1 358479
68 0 358520
68 1 358591
69 0 358692
32 0 358801
69 1 358802
32 1 358923
68 0 359046
73 0 359172
68 1 359173
78 0 359283
73 1 359392
84 0 359392
78 1 359447
73 0 359524
84 1 359525
73 1 359651
32 0 359714
32 1 359856
69 0 359902
83 0 360044
69 1 360131
83 1 360185
84 0 360277
69 0 360355
32 0 360442
84 1 360443
69 1 360512
32 1 360577
79 0 360654
79 1 360780
32 0 360838
32 1 360980
67 0 361106
67 1 361216
79 0 361233
77 0 361366
79 1 361430
77 1 361483
66 0 361641
73 0 361704
66 1 361726
73 1 361877
78 0 361989
78 1 362106
65 0 362106
65 1 362198
84 0 362307
84 1 362444
73 0 362459
73 1 362626
69 0 362936
69 1 363055
32 0 363096
32 1 363199
70 0 363256
79 0 363380
70 1 363381
65 0 363465
79 1 363491
82 0 363607
65 1 363676
82 1 363733
84 0 363848
69 0 363927
84 1 363990
32 0 364023
69 1 364059
32 1 364133
73 0 364225
78 0 364319
73 1 364390
84 0 364390
78 1 364451
69 0 364489
84 1 364528
69 1 364598
82 0 364698
69 0 364784
82 1 364855
69 1 364885
83 0 365049
65 0 365135
83 1 365246
78 0 365347
65 1 365348
78 1 365498
84 0 365499
65 0 365600
84 1 365658
65 1 365766
190 0 366327
190 1 366470
32 0 366632
32 1 366748
16 0 367020
16 0 367539
16 0 367573
16 0 367608
16 0 367642
16 0 367676
16 0 367710
16 0 367744
16 0 367779
16 0 367813
16 0 367847
16 0 367881
16 0 367915
68 0 367935
68 1 368047
16 1 368117
8 0 369739
8 1 369866
16 0 369969
79 0 370115
79 1 370218
16 1 370252
32 0 370365
32 1 370467
90 0 370590
73 0 370679
90 1 370731
73 1 370788
32 0 370877
32 1 370979
80 0 371094
69 0 371194
80 1 371212
69 1 371335
82 0 371433
82 1 371527
70 0 371685
69 0 371755
70 1 371826
69 1 371897
67 0 372025
67 1 372089
84 0 372220
65 0 372329
84 1 372362
32 0 372498
65 1 372500
32 1 372631
65 0 372689
65 1 372871
82 0 373004
82 1 373146
32 0 373257
32 1 373367
73 0 373508
78 0 373602
73 1 373704
78 1 373758
83 0 374064
69 0 374190
83 1 374253
69 1 374339
77 0 374372
77 1 374482
78 0 374578
65 0 374678
78 1 374712
65 1 374860
32 0 374912
32 1 375023
67 0 375090
65 0 375184
32 0 375257
67 1 375258
32 1 375378
65 1 375379
78 0 375515
85 0 375625
78 1 375656
85 1 375743
32 0 375824
32 1 375958
84 0 376004
82 0 376066
84 1 376129
82 1 376153
69 0 376275
66 0 376331
85 0 376417
69 1 376418
66 1 376494
85 1 376518
73 0 376637
69 0 376778
73 1 376802
69 1 376911
32 0 376969
32 1 377099
83 0 377099
65 0 377192
32 0 377275
83 1 377318
65 1 377372
32 1 377407
76 0 377489
76 1 377591
85 0 377734
85 1 377860
67 0 378446
67 1 378564
82 0 378733
69 0 378827
82 1 378883
69 1 378929
90 0 379227
90 1 379345
32 0 379365
32 1 379473
73 0 379569
78 0 379647
73 1 379734
78 1 379756
32 0 379832
32 1 379959
90 0 380137
73 0 380217
90 1 380294
85 0 380358
73 1 380413
85 1 380476
65 0 380666
65 1 380816
32 0 381101
32 1 381211
65 0 381279
73 0 381344
65 1 381412
73 1 381501
8 0 381908
8 1 382035
67 0 382055
69 0 382157
67 1 382196
69 1 382219
69 0 382338
69 1 382416
65 0 382523
65 1 382665
188 0 382806
188 1 382901
32 0 382987
68 0 383086
32 1 383112
68 1 383188
69 0 383315
32 0 383380
69 1 383409
32 1 383498
69 0 383594
69 1 383697
88 0 383829
88 1 383940
69 0 384037
69 1 384155
77 0 384171
77 1 384273
80 0 384375
76 0 384429
80 1 384500
76 1 384555
85 0 384708
85 1 384827
32 0 384894
32 1 385004
68 0 385058
73 0 385154
68 1 385183
73 1 385280
77 0 385356
73 0 385491
77 1 385545
73 1 385608
78 0 385707
73 0 385810
78 1 385912
73 1 385967
8 0 386154
8 1 386224
8 0 386321
8 1 386368
8 0 386470
8 1 386524
8 0 386630
8 1 386678
8 0 386781
8 1 386892
85 0 388275
85 1 388385
77 0 388535
73 0 388630
77 1 388676
73 1 388771
78 0 388851
73 0 388922
78 1 389016
73 1 389079
67 0 389168
65 0 389253
67 1 389333
65 1 389442
190 0 390247
190 1 390357
32 0 390502
16 0 390520
32 1 390637
68 0 390672
16 1 390812
68 1 390814
65 0 390919
65 1 391066
67 0 391190
65 0 391247
67 1 391286
32 0 391415
65 1 391419
32 1 391527
69 0 391558
83 0 391636
69 1 391684
83 1 391762
84 0 391862
69 0 391950
84 1 392018
32 0 392051
69 1 392077
32 1 392165
68 0 392238
68 1 392349
85 0 392373
85 1 392523
77 0 392730
73 0 392849
77 1 392903
73 1 392982
78 0 393061
73 0 393156
78 1 393242
73 1 393297
67 0 393354
65 0 393431
67 1 393503
65 1 393612
188 0 393765
188 1 393877
32 0 393980
32 1 394106
65 0 394166
83 0 394301
65 1 394427
83 1 394443
32 0 394480
32 1 394616
86 0 394813
86 1 394923
82 0 395116
69 0 395194
82 1 395257
69 1 395311
65 0 395428
32 0 395558
65 1 395585
32 1 395684
83 0 395733
65 0 395811
32 0 395862
83 1 395913
65 1 395967
32 1 395986
73 0 396143
73 1 396309
65 0 396366
65 1 396508
8 0 396969
69 0 397029
8 1 397130
83 0 397130
69 1 397177
83 1 397262
32 0 397341
32 1 397435
76 0 397630
76 1 397740
65 0 397741
32 0 397835
65 1 397870
32 1 397937
79 0 398004
79 1 398123
32 0 398178
32 1 398313
80 0 398441
80 1 398583
76 0 398739
76 1 398834
73 0 398970
73 1 399089
77 0 399184
77 1 399271
66 0 399424
66 1 399511
65 0 399546
65 1 399656
82 0 399896
69 0 399990
82 1 400045
69 1 400123
32 0 400160
32 1 400262
67 0 400393
85 0 400480
67 1 400518
85 1 400581
32 0 400671
32 1 400757
77 0 400897
77 1 401021
65 0 401021
65 1 401179
83 0 401268
73 0 401417
83 1 401418
78 0 401521
73 1 401600
78 1 401662
65 0 401696
65 1 401927
32 0 402041
32 1 402183
83 0 402423
73 0 402511
83 1 402564
73 1 402620
32 0 402747
32 1 402881
83 0 404088
65 0 404190
83 1 404309
65 1 404371
32 0 404476
32 1 404602
83 0 405465
83 1 405583
84 0 405697
65 0 405814
84 1 405909
65 1 406018
85 0 406177
85 1 406318
32 0 406400
32 1 406502
85 0 408457
78 0 408551
85 1 408630
78 1 408669
32 0 408745
32 1 408832
80 0 408938
73 0 409071
80 1 409199
67 0 409259
73 1 409275
67 1 409408
32 0 409443
32 1 409562
83 0 410302
65 0 410412
83 1 410491
32 0 410510
65 1 410560
32 1 410634
65 0 410818
65 1 410961
68 0 411025
77 0 411151
68 1 411152
73 0 411285
77 1 411339
73 1 411442
82 0 411715
82 1 411842
32 0 411975
32 1 412110
80 0 412733
80 1 412923
69 0 413090
69 1 413200
73 0 413634
73 1 413760
83 0 413841
65 0 413943
83 1 414038
65 1 414124
74 0 414211
74 1 414361
69 0 414383
69 1 414477
76 0 414503
69 0 414619
76 1 414636
69 1 414721
32 0 414768
32 1 414878
70 0 414966
70 1 415060
82 0 415186
82 1 415288
85 0 415323
85 1 415425
77 0 415561
79 0 415712
77 1 415781
79 1 415869
65 0 416438
65 1 416580
83 0 416743
69 0 416916
83 1 416917
69 1 417068
32 0 417121
32 1 417271
68 0 417290
73 0 417370
68 1 417431
78 0 417463
73 1 417518
78 1 417548
32 0 417611
32 1 417722
74 0 417790
74 1 417900
85 0 418115
85 1 418241
68 0 418333
68 1 418436
69 0 418537
69 1 418631
84 0 418750
85 0 418821
84 1 418884
85 1 418922
76 0 419026
76 1 419136
32 0 419226
16 0 419284
32 1 419335
84 0 419459
16 1 419574
84 1 419574
73 0 419613
73 1 419715
77 0 419828
73 0 419907
77 1 419977
73 1 420022
83 0 420022
83 1 420116
190 0 420194
190 1 420281
16 0 428148
16 0 428671
16 0 428701
16 0 428736
16 0 428768
16 0 428803
16 0 428837
16 0 428873
16 0 428905
16 0 428940
16 0 428974
16 0 429009
16 0 429043
16 0 429078
16 0 429113
16 0 429146
16 0 429180
16 0 429214
16 0 429247
16 0 429284
16 0 429316
16 0 429352
16 0 429386
16 0 429419
16 0 429454
16 0 429488
16 0 429522
16 0 429557
16 0 429590
16 0 429626
16 0 429660
16 0 429694
16 0 429728
16 0 429763
16 0 429797
16 0 429831
80 0 429860
16 1 429974
80 1 429976
65 0 430171
65 1 430337
82 0 430460
69 0 430539
82 1 430602
69 1 430693
82 0 430865
69 0 430974
82 1 431046
69 1 431101
65 0 431225
32 0 431331
65 1 431359
32 1 431454
77 0 431595
69 0 431681
77 1 431705
65 0 431773
69 1 431838
65 1 431963
32 0 432077
32 1 432132
68 0 432419
68 1 432499
69 0 432663
83 0 432748
69 1 432835
80 0 432897
83 1 432900
80 1 433050
82 0 433051
69 0 433132
82 1 433205
69 1 433240
32 0 433319
32 1 433390
83 0 433451
83 1 433563
73 0 433619
73 1 433784
83 0 433786
83 1 433901
84 0 434045
69 0 434112
84 1 434166
77 0 434189
69 1 434219
77 1 434299
85 0 434403
85 1 434513
76 0 434612
76 1 434730
32 0 434821
32 1 434924
69 0 435030
69 1 435102
68 0 435232
85 0 435342
68 1 435346
85 1 435453
67 0 435554
65 0 435614
67 1 435677
65 1 435773
84 0 435877
73 0 435949
84 1 435979
79 0 436034
79 1 436223
73 1 436225
78 0 436226
78 1 436331
65 0 436332
76 0 436467
65 1 436471
76 1 436559
32 0 436646
32 1 436766
68 0 436832
73 0 436966
68 1 436969
78 0 437062
73 1 437131
78 1 437133
32 0 437227
32 1 437351
16 0 437512
82 0 437733
16 1 437835
82 1 437836
79 0 437919
79 1 438014
77 0 438116
77 1 438232
65 0 438283
78 0 438387
65 1 438424
73 0 438466
78 1 438553
65 0 438613
73 1 438640
65 1 438771
32 0 438869
32 1 438999
69 0 439022
83 0 439123
69 1 439163
83 1 439226
84 0 439355
69 0 439433
84 1 439506
69 1 439560
32 0 439607
32 1 439750
67 0 439990
65 0 440076
67 1 440124
65 1 440226
32 0 440375
32 1 440520
73 0 441191
78 0 441284
73 1 441373
78 1 441395
32 0 441483
32 1 441569
77 0 441681
65 0 441779
77 1 441806
65 1 441937
82 0 442006
69 0 442093
82 1 442163
32 0 442196
69 1 442231
32 1 442312
80 0 442463
65 0 442546
80 1 442589
82 0 442708
65 1 442799
82 1 442823
84 0 442959
69 0 443022
84 1 443133
69 1 443179
32 0 443209
32 1 443335
67 0 443624
67 1 443719
82 0 443906
69 0 443992
82 1 444056
69 1 444102
69 0 444212
69 1 444322
65 0 444453
65 1 444580
90 0 444823
90 1 444949
65 0 445222
65 1 445403
32 0 445528
32 1 445667
79 0 445899
79 1 446036
65 0 446635
77 0 446792
65 1 446796
77 1 446906
69 0 447035
78 0 447091
69 1 447138
73 0 447187
78 1 447255
73 1 447327
32 0 447406
32 1 447546
68 0 448521
68 1 448624
69 0 448729
69 1 448800
32 0 448913
32 1 449036
86 0 449069
86 1 449163
73 0 449238
73 1 449316
73 0 449410
73 1 449545
84 0 449547
84 1 449654
79 0 449669
79 1 449801
82 0 449820
82 1 449931
32 0 449973
32 1 450121
68 0 450183
73 0 450271
68 1 450300
78 0 450356
73 1 450442
78 1 450442
32 0 450520
32 1 450645
67 0 450674
69 0 450753
67 1 450799
73 0 450816
69 1 450893
73 1 450909
32 0 450980
32 1 451114
67 0 451150
65 0 451204
67 1 451268
65 1 451354
82 0 451444
69 0 451499
82 1 451595
69 1 451640
32 0 451670
32 1 451795
68 0 451852
68 1 451941
69 0 452031
69 1 452142
74 0 452177
74 1 452308
65 0 452352
32 0 452443
65 1 452476
32 1 452566
83 0 452650
85 0 452772
83 1 452773
78 0 452907
85 1 452970
78 1 453135
84 0 453136
84 1 453272
32 0 453306
32 1 453447
80 0 453675
80 1 453844
69 0 454475
69 1 454584
32 0 454691
32 1 454793
79 0 454963
79 1 455056
32 0 455128
32 1 455270
67 0 455354
65 0 455408
67 1 455480
65 1 455581
82 0 455731
65 0 455840
82 1 455872
65 1 456039
82 0 456094
69 0 456245
82 1 456348
69 1 456434
8 0 456852
8 1 456956
69 0 457923
69 1 458043
32 0 458098
32 1 458197
66 0 458304
85 0 458391
66 1 458446
85 1 458525
78 0 458583
78 1 458721
65 0 458746
65 1 458945
32 0 458976
32 1 459163
83 0 459202
83 1 459344
73 0 459373
73 1 459492
32 0 459591
32 1 459691
65 0 459822
85 0 459919
65 1 459972
85 1 460021
32 0 460118
32 1 460244
83 0 460341
85 0 460460
83 1 460461
85 1 460554
80 0 460721
79 0 460846
80 1 460933
82 0 460934
79 1 460972
82 1 461022
84 0 461124
84 1 461235
85 0 461291
85 1 461427
76 0 461536
76 1 461663
32 0 461747
32 1 461871
70 0 461929
65 0 461998
70 1 462046
77 0 462146
65 1 462147
73 0 462235
77 1 462289
73 1 462352
76 0 462419
73 0 462563
76 1 462697
73 1 462743
69 0 462803
73 0 462937
69 1 462941
73 1 463080
32 0 463180
32 1 463306
83 0 463346
73 0 463442
83 1 463479
73 1 463544
32 0 463613
32 1 463739
85 0 467302
78 0 467393
85 1 467441
78 1 467506
32 0 467582
32 1 467659
77 0 467779
69 0 467857
77 1 467896
69 1 467926
68 0 468045
73 0 468165
68 1 468194
73 1 468274
85 0 468440
85 1 468569
32 0 468661
32 1 468785
67 0 468864
65 0 468965
67 1 469013
32 0 469054
65 1 469121
32 1 469156
76 0 469278
76 1 469373
85 0 469520
85 1 469598
77 0 469730
69 0 469823
77 1 469855
65 0 469916
69 1 469989
32 0 470039
65 1 470099
32 1 470146
73 0 470230
78 0 470332
73 1 470379
78 1 470402
32 0 470496
67 0 470587
32 1 470621
65 0 470647
67 1 470703
65 1 470797
82 0 470880
69 0 470958
82 1 471021
32 0 471083
69 1 471083
32 1 471196
83 0 471321
65 0 471407
83 1 471494
32 0 471575
65 1 471576
32 1 471701
83 0 471791
69 0 472005
83 1 472043
32 0 472169
69 1 472170
32 1 472306
68 0 472363
68 1 472433
69 0 472549
83 0 472706
69 1 472825
83 1 472926
8 0 473220
8 1 473345
90 0 473371
90 1 473497
86 0 473626
86 1 473741
79 0 473774
79 1 473877
76 0 473991
76 1 474125
84 0 474217
69 0 474294
84 1 474359
69 1 474437
190 0 474631
190 1 474749
32 0 474869
16 0 475008
32 1 475009
65 0 475170
16 1 475271
65 1 475319
82 0 475774
82 1 475892
32 0 475948
32 1 476079
84 0 476079
82 0 476139
84 1 476202
82 1 476224
69 0 476348
66 0 476364
85 0 476458
69 1 476459
66 1 476528
85 1 476551
73 0 476668
73 1 476821
32 0 477764
32 1 477887
73 0 477961
78 0 478063
73 1 478135
78 1 478156
32 0 478237
83 0 478352
32 1 478378
83 1 478453
67 0 478554
72 0 478642
67 1 478672
73 0 478704
72 1 478742
73 1 478837
77 0 478962
77 1 479064
66 0 479470
66 1 479587
32 0 479820
32 1 479927
83 0 480123
65 0 480209
83 1 480296
32 0 480314
65 1 480357
32 1 480392
78 0 480514
69 0 480631
78 1 480656
69 1 480741
32 0 480776
32 1 480894
65 0 480933
65 1 481067
83 0 481233
83 1 481343
73 0 481549
73 1 481706
71 0 481754
85 0 481864
71 1 481868
85 1 481974
82 0 482125
65 0 482218
82 1 482305
77 0 482367
65 1 482397
77 1 482446
32 0 482566
32 1 482710
67 0 482731
65 0 482785
67 1 482862
32 0 482914
65 1 482941
32 1 483030
65 0 483070
65 1 483212
69 0 483432
69 1 483549
8 0 484166
67 0 484273
8 1 484299
69 0 484357
67 1 484396
69 1 484439
83 0 484586
83 1 484706
84 0 484822
84 1 484956
32 0 485018
32 1 485190
76 0 485292
76 1 485410
85 0 485566
85 1 485693
67 0 485872
67 1 485934
82 0 486090
85 0 486239
82 1 486240
85 1 486350
32 0 486464
32 1 486591
69 0 486749
83 0 486843
69 1 486883
83 1 486945
84 0 487043
69 0 487121
84 1 487200
69 1 487247
32 0 487264
32 1 487382
68 0 487460
68 1 487578
73 0 487597
73 1 487739
83 0 487821
83 1 487987
80 0 488098
79 0 488240
80 1 488382
79 1 488413
78 0 488688
73 0 488830
78 1 488908
73 1 488964
66 0 489060
73 0 489163
66 1 489273
76 0 489368
73 1 489422
76 1 489549
32 0 489615
32 1 489701
80 0 489798
80 1 489916
69 0 489938
78 0 490040
69 1 490042
84 0 490142
78 1 490158
82 0 490204
85 0 490388
84 1 490389
82 1 490389
85 1 490389
32 0 490425
32 1 490527
79 0 490617
79 1 490748
82 0 490749
82 1 490851
73 0 490866
73 1 491001
67 0 491076
69 0 491179
67 1 491226
69 1 491328
32 0 491367
32 1 491485
67 0 491662
79 0 491749
67 1 491750
80 0 491876
79 1 491930
80 1 491994
73 0 492098
73 1 492224
76 0 492336
76 1 492446
32 0 492588
32 1 492714
68 0 492794
68 1 492913
73 0 492929
78 0 493023
73 1 493062
78 1 493084
32 0 493180
32 1 493274
82 0 493431
79 0 493487
82 1 493516
79 1 493580
77 0 493690
77 1 493777
65 0 493853
78 0 493942
65 1 493963
73 0 494020
78 1 494114
73 1 494177
17 0 494558
16 0 494558
37 0 494699
37 1 494841
16 1 494896
17 1 494920
16 0 495091
82 0 495212
16 1 495311
82 1 495337
79 0 495378
79 1 495480
77 0 495560
77 1 495670
65 0 495717
78 0 495797
65 1 495842
73 0 495899
78 1 495993
65 0 496022
73 1 496047
65 1 496157
188 0 496401
188 1 496482
32 0 496586
32 1 496676
77 0 496779
77 1 496902
65 0 496903
73 0 496975
65 1 497035
73 1 497084
32 0 497142
32 1 497236
65 0 497280
76 0 497377
65 1 497437
76 1 497518
69 0 497549
83 0 497636
69 1 497706
32 0 497803
83 1 497804
32 1 497913
83 0 498281
65 0 498383
32 0 498501
83 1 498502
65 1 498547
32 1 498606
65 0 498716
73 0 498797
65 1 498849
73 1 498906
66 0 498971
66 1 499129
65 0 499627
65 1 499777
32 0 499797
32 1 499915
70 0 499946
73 0 500075
70 1 500079
73 1 500225
69 0 500267
69 1 500376
67 0 500575
65 0 500638
67 1 500691
65 1 500794
69 0 500941
69 1 501161
32 0 501438
32 1 501596
67 0 501716
65 0 501776
67 1 501848
65 1 501909
8 0 502162
8 1 502248
8 0 502357
8 1 502404
8 0 502522
8 1 502561
8 0 502689
8 1 502736
8 0 502857
8 1 502920
65 0 503467
65 1 503617
82 0 503734
69 0 503811
82 1 503898
69 1 503969
32 0 504023
32 1 504158
67 0 504183
65 0 504244
67 1 504330
65 1 504409
83 0 504518
65 0 504604
32 0 504725
83 1 504729
65 1 504761
32 1 504864
67 0 504973
85 0 505045
67 1 505115
85 1 505130
32 0 505233
32 1 505367
69 0 505431
76 0 505551
69 1 505553
76 1 505669
69 0 505707
69 1 505801
86 0 506087
86 1 506206
32 0 506393
32 1 506519
73 0 506651
78 0 506753
73 1 506832
84 0 506878
78 1 506894
84 1 507002
69 0 507002
82 0 507153
69 1 507262
78 0 507285
82 1 507286
69 0 507410
78 1 507458
84 0 507528
69 1 507630
84 1 507653
32 0 507677
32 1 507827
68 0 507857
68 1 507935
69 0 508035
32 0 508117
69 1 508161
32 1 508186
77 0 508311
65 0 508435
77 1 508468
65 1 508576
82 0 508648
69 0 508734
82 1 508781
69 1 508843
32 0 508861
32 1 508987
86 0 509129
86 1 509240
73 0 509255
73 1 509382
84 0 509618
69 0 509696
84 1 509759
69 1 509813
90 0 510314
90 1 510393
65 0 510543
65 1 510670
32 0 510780
32 1 510882
83 0 510902
73 0 510990
83 1 511019
73 1 511076
32 0 511137
32 1 511240
85 0 511340
78 0 511418
85 1 511465
78 1 511536
32 0 511621
32 1 511771
67 0 511808
65 0 511885
67 1 511949
76 0 511966
65 1 512041
76 1 512083
67 0 512181
85 0 512284
67 1 512306
85 1 512378
76 0 512502
76 1 512619
65 0 512619
65 1 512694
84 0 512786
79 0 512880
84 1 512881
79 1 513007
82 0 513192
82 1 513326
32 0 513503
32 1 513654
16 0 513892
16 0 514411
16 0 514445
16 0 514479
16 0 514513
16 0 514548
16 0 514582
16 0 514616
16 0 514650
16 0 514685
16 0 514719
16 0 514753
16 0 514787
16 0 514822
16 0 514856
16 0 514890
57 0 514896
57 1 514991
16 1 515026
78 0 515188
85 0 515289
78 1 515336
85 1 515400
32 0 515455
32 1 515556
79 0 515617
79 1 515719
32 0 515800
32 1 515910
80 0 516065
80 1 516222
82 0 516222
82 1 516338
79 0 516365
79 1 516468
83 0 516495
83 1 516582
84 0 516674
73 0 516745
84 1 516783
73 1 516901
69 0 516902
69 1 517010
32 0 517041
32 1 517179
68 0 517180
68 1 517241
69 0 517338
32 0 517428
69 1 517448
32 1 517553
84 0 517591
65 0 517747
84 1 517772
66 0 517850
65 1 517903
76 0 517977
66 1 517998
76 1 518094
69 0 518221
69 1 518339
84 0 518520
65 0 518637
84 1 518717
65 1 518818
16 0 518920
48 0 519066
48 1 519193
16 1 519322
32 0 521939
32 1 522054
83 0 523277
83 1 523379
73 0 523397
73 1 523492
32 0 523573
32 1 523696
65 0 523696
65 1 523794
84 0 523852
85 0 523899
84 1 523954
78 0 524016
85 1 524063
78 1 524165
67 0 524165
73 0 524236
67 1 524273
73 1 524370
32 0 524453
32 1 524579
83 0 524605
65 0 524683
32 0 524741
83 1 524801
32 1 524835
65 1 524862
78 0 524958
78 1 525106
69 0 525106
32 0 525218
69 1 525219
32 1 525344
79 0 525427
79 1 525550
67 0 525550
67 1 525652
85 0 525668
85 1 525739
80 0 525861
80 1 526019
65 0 526019
77 0 526111
65 1 526148
77 1 526205
32 0 526305
32 1 526415
68 0 526445
68 1 526555
69 0 526648
32 0 526738
69 1 526758
32 1 526855
65 0 526955
65 1 527145
8 0 527466
8 1 527536
8 0 527637
8 1 527691
8 0 527800
8 1 527847
8 0 527955
8 1 528001
67 0 528300
67 1 528410
85 0 528460
85 1 528571
32 0 528658
32 1 528752
65 0 528841
68 0 529021
65 1 529022
68 1 529117
69 0 529212
69 1 529298
86 0 529489
86 1 529655
65 0 529656
65 1 529803
82 0 529915
65 0 529992
82 1 530073
65 1 530157
84 0 530197
32 0 530301
84 1 530302
32 1 530419
83 0 530441
73 0 530521
83 1 530558
73 1 530631
32 0 530695
68 0 530802
32 1 530820
68 1 530880
69 0 530998
32 0 531102
69 1 531103
32 1 531173
67 0 531263
79 0 531375
67 1 531376
80 0 531446
79 1 531477
80 1 531555
73 0 531763
73 1 531825
73 0 531937
73 1 532079
32 0 532626
32 1 532744
67 0 532779
65 0 532857
67 1 532897
65 1 533022
82 0 533235
69 0 533306
82 1 533361
69 1 533423
32 0 533492
32 1 533610
65 0 539332
85 0 539484
65 1 539486
85 1 539571
32 0 539658
32 1 539758
85 0 539869
78 0 539964
85 1 540003
78 1 540057
32 0 540128
32 1 540231
82 0 540274
73 0 540384
82 1 540385
73 1 540487
83 0 540927
83 1 541038
67 0 541530
32 0 541666
67 1 541667
32 1 541753
77 0 541864
77 1 541959
65 0 542155
65 1 542297
82 0 542392
69 0 542463
82 1 542542
32 0 542606
69 1 542607
32 1 542700
68 0 543024
68 1 543095
69 0 543189
32 0 543293
69 1 543294
32 1 543403
65 0 543451
65 1 543585
66 0 543651
66 1 543754
65 0 543785
65 1 543927
78 0 544491
78 1 544626
68 0 544753
79 0 544863
68 1 544864
78 0 544950
79 1 545006
78 1 545067
190 0 545336
190 1 545438
16 0 580971
16 0 581487
16 0 581521
16 0 581557
16 0 581594
16 0 581625
16 0 581660
16 0 581694
16 0 581729
16 0 581764
16 0 581799
16 0 581831
16 0 581865
16 0 581900
16 0 581934
16 0 581969
16 0 582006
16 0 582038
16 0 582072
16 0 582107
16 0 582141
16 0 582175
16 0 582212
16 0 582243
16 0 582277
16 0 582311
16 0 582346
16 0 582380
16 0 582416
16 0 582450
16 0 582482
16 0 582515
16 0 582550
16 0 582586
16 0 582620
16 0 582654
16 0 582689
16 0 582722
16 0 582756
16 0 582792
16 0 582825
16 0 582860
16 0 582893
16 0 582928
16 0 582963
16 0 582995
16 0 583029
16 0 583066
16 0 583099
16 0 583133
16 0 583169
16 0 583203
16 0 583236
16 0 583271
16 0 583306
16 0 583339
16 0 583375
16 0 583408
16 0 583443
16 0 583476
16 0 583511
16 0 583545
16 0 583579
16 0 583615
16 0 583647
16 0 583682
16 0 583716
16 0 583751
16 0 583785
16 0 583819
16 0 583853
16 0 583887
16 0 583922
16 0 583956
16 0 583990
16 0 584024
16 0 584058
16 0 584093
16 0 584127
16 0 584161
16 0 584196
16 0 584229
16 0 584264
16 0 584299
16 0 584332
73 0 584360
16 1 584552
73 1 584552
78 0 584655
78 1 584758
32 0 584850
32 1 584979
80 0 585233
79 0 585376
80 1 585463
79 1 585500
90 0 586079
90 1 586202
65 0 586311
65 1 586445
32 0 586466
32 1 586583
68 0 586585
68 1 586666
73 0 586700
78 0 586785
73 1 586824
78 1 586879
32 0 586934
32 1 587051
80 0 587125
65 0 587265
80 1 587292
82 0 587368
82 1 587436
65 1 587438
84 0 587598
69 0 587749
84 1 587820
69 1 587891
65 0 587993
65 1 588152
32 0 588187
32 1 588327
83 0 588449
83 1 588586
84 0 588656
65 0 588744
84 1 588813
78 0 588876
65 1 588903
78 1 589010
71 0 589083
65 0 589190
71 1 589223
65 1 589387
32 0 589528
32 1 589654
79 0 589811
79 1 589974
66 0 590099
66 1 590209
83 0 590265
69 0 590392
69 1 590503
83 1 590506
82 0 590699
82 1 590802
86 0 591043
65 0 591140
86 1 591199
77 0 591261
65 1 591315
77 1 591356
32 0 591446
32 1 591530
77 0 591672
77 1 591793
65 0 591795
73 0 591880
65 1 591938
73 1 591979
32 0 592058
32 1 592154
77 0 592337
77 1 592475
85 0 592903
85 1 593014
76 0 593127
76 1 593285
84 0 593335
69 0 593422
84 1 593486
32 0 593551
69 1 593553
32 1 593647
80 0 593773
69 0 593896
80 1 593946
82 0 594040
82 1 594190
69 1 594192
83 0 595111
79 0 595256
83 1 595259
79 1 595402
65 0 595403
78 0 595530
65 1 595606
78 1 595664
69 0 595809
69 1 595961
32 0 597412
32 1 597531
67 0 597598
65 0 597685
67 1 597727
65 1 597844
82 0 598077
69 0 598139
82 1 598200
69 1 598270
32 0 598298
32 1 598419
83 0 598464
69 0 598600
83 1 598653
69 1 598720
32 0 598754
32 1 598843
80 0 599030
80 1 599179
65 0 600076
65 1 600251
82 0 600579
69 0 600646
82 1 600704
69 1 600767
32 0 600820
32 1 600922
67 0 600993
65 0 601072
67 1 601116
32 0 601159
65 1 601205
32 1 601262
83 0 601317
69 0 601419
83 1 601489
32 0 601508
69 1 601528
32 1 601633
65 0 601736
65 1 601899
70 0 602016
70 1 602137
84 0 602374
65 0 602511
84 1 602607
32 0 602721
65 1 602724
32 1 602838
73 0 602944
78 0 603061
73 1 603117
78 1 603149
32 0 603263
32 1 603370
67 0 603749
69 0 603821
67 1 603882
69 1 603921
86 0 604034
65 0 604132
86 1 604206
65 1 604313
32 0 604350
32 1 604475
73 0 604647
78 0 604752
73 1 604839
78 1 604877
8 0 605496
8 1 605582
8 0 605654
8 1 605752
67 0 605819
67 1 605922
76 0 605988
76 1 606096
65 0 606116
65 1 606269
68 0 606878
68 1 606997
73 0 607042
73 1 607162
82 0 607324
69 0 607401
82 1 607464
32 0 607521
69 1 607526
32 1 607616
65 0 607706
32 0 607831
65 1 607832
32 1 607929
85 0 608121
78 0 608226
85 1 608273
78 1 608383
69 0 608412
73 0 608524
69 1 608527
73 1 608615
32 0 608680
32 1 608797
73 0 608915
78 0 609009
73 1 609090
78 1 609168
83 0 609233
83 1 609329
84 0 609458
84 1 609568
73 0 609621
73 1 609757
84 0 609891
84 1 609985
85 0 610080
85 1 610207
84 0 611117
84 1 611236
73 0 611938
73 1 612007
73 0 612115
73 1 612242
32 0 612286
32 1 612410
80 0 612512
80 1 612654
85 0 612767
66 0 612893
85 1 612933
66 1 613058
76 0 613112
73 0 613245
76 1 613380
73 1 613420
67 0 613650
69 0 613719
67 1 613759
69 1 613871
190 0 614947
190 1 615079
32 0 615235
32 1 615348
16 0 615386
78 0 615515
16 1 615670
78 1 615670
85 0 615671
85 1 615789
32 0 615867
32 1 615962
80 0 616083
82 0 616199
80 1 616240
69 0 616260
82 1 616353
69 1 616354
65 0 616465
32 0 616605
65 1 616608
32 1 616726
73 0 616863
73 1 617021
77 0 617103
73 0 617222
77 1 617284
73 1 617347
32 0 617436
32 1 617528
68 0 617883
65 0 617976
68 1 618040
85 0 618138
65 1 618167
85 1 618263
32 0 618356
32 1 618489
83 0 618537
83 1 618639
69 0 618814
65 0 618884
69 1 618942
77 0 619077
65 1 619080
77 1 619213
65 0 619235
32 0 619365
65 1 619401
32 1 619496
67 0 619603
69 0 619705
67 1 619751
69 1 619830
32 0 619860
32 1 620015
70 0 620016
65 0 620100
70 1 620132
65 1 620241
67 0 620430
69 0 620546
67 1 620594
69 1 620698
32 0 620750
32 1 620890
70 0 620968
70 1 621079
73 0 621108
73 1 621264
69 0 621264
69 1 621368
67 0 621582
65 0 621643
67 1 621689
65 1 621786
82 0 621908
69 0 621969
82 1 622052
69 1 622119
188 0 623137
188 1 623239
32 0 623386
32 1 623513
86 0 624385
65 0 624558
86 1 624585
65 1 624755
68 0 624830
68 1 624971
32 0 625044
32 1 625175
67 0 625176
65 0 625249
67 1 625313
32 0 625354
65 1 625413
32 1 625464
83 0 625573
83 1 625699
85 0 625727
78 0 625829
85 1 625908
84 0 625946
78 1 625977
84 1 626032
32 0 626118
32 1 626260
71 0 626507
82 0 626602
71 1 626657
82 1 626764
85 0 626776
85 1 626904
80 0 627057
80 1 627228
65 0 627230
65 1 627307
84 0 627402
73 0 627476
84 1 627515
73 1 627570
32 0 627639
32 1 627766
73 0 627848
78 0 627950
73 1 628005
78 1 628036
32 0 628121
32 1 628264
67 0 628370
65 0 628439
67 1 628487
65 1 628581
84 0 628715
69 0 628753
84 1 628792
69 1 628886
86 0 629178
65 0 629327
86 1 629368
65 1 629475
32 0 629580
32 1 629705
71 0 629979
82 0 630113
71 1 630160
82 1 630255
85 0 630291
85 1 630393
80 0 630558
80 1 630699
85 0 630795
85 1 630930
76 0 631080
76 1 631230
69 0 631231
69 1 631354
90 0 631799
69 0 631870
90 1 631932
69 1 631979
8 0 634800
8 1 634877
8 0 634955
84 0 635007
8 1 635050
69 0 635093
84 1 635157
69 1 635227
32 0 635492
32 1 635617
83 0 635784
73 0 635909
83 1 635910
73 1 635998
32 0 636098
32 1 636208
85 0 638148
78 0 638274
85 1 638321
78 1 638407
73 0 638765
73 1 638867
73 0 638979
73 1 639120
32 0 639369
32 1 639502
83 0 639548
69 0 639635
83 1 639713
32 0 639751
69 1 639752
32 1 639809
80 0 639963
65 0 640022
80 1 640088
65 1 640163
82 0 640216
69 0 640309
82 1 640365
69 1 640443
32 0 640492
32 1 640602
67 0 640680
65 0 640733
67 1 640813
32 0 640870
65 1 640905
32 1 640980
67 0 641093
67 1 641180
73 0 641196
73 1 641322
84 0 641411
69 0 641608
84 1 641679
69 1 641734
83 0 641956
83 1 642026
67 0 642176
67 1 642311
32 0 642387
32 1 642496
67 0 642533
69 0 642635
67 1 642674
69 1 642753
86 0 642864
86 1 642983
65 0 643021
65 1 643181
188 0 643561
188 1 643656
32 0 643783
32 1 643891
65 0 643923
65 1 644073
76 0 644090
76 1 644217
84 0 644269
84 1 644363
73 0 644406
73 1 644477
73 0 644574
73 1 644692
32 0 645113
32 1 645232
83 0 645324
69 0 645394
83 1 645447
32 0 645497
69 1 645498
32 1 645583
80 0 645706
65 0 645773
80 1 645855
65 1 645922
82 0 645981
69 0 646051
82 1 646106
69 1 646168
32 0 646186
32 1 646296
65 0 646491
65 1 646681
8 0 647020
8 1 647177
67 0 647177
65 0 647228
67 1 647283
65 1 647377
32 0 647398
32 1 647539
68 0 648431
68 1 648558
79 0 648575
65 0 648666
79 1 648708
82 0 648856
65 1 648902
82 1 648990
32 0 649007
32 1 649181
83 0 649247
83 1 649372
84 0 649511
65 0 649723
84 1 649811
65 1 649960
85 0 649983
85 1 650119
32 0 650225
68 0 650347
32 1 650373
68 1 650409
69 0 650537
32 0 650595
69 1 650639
32 1 650752
86 0 650825
86 1 650928
79 0 650963
79 1 651122
82 0 651170
66 0 651311
82 1 651311
66 1 651453
65 0 651486
65 1 651636
32 0 652494
32 1 652643
83 0 652681
73 0 652800
83 1 652801
73 1 652879
32 0 652955
32 1 653081
68 0 653158
73 0 653300
68 1 653301
73 1 653418
83 0 653418
83 1 653494
67 0 653589
85 0 653716
67 1 653717
85 1 653842
84 0 654053
65 0 654148
84 1 654228
65 1 654313
190 0 654966
190 1 655084
32 0 655257
32 1 655359
16 0 655407
85 0 655607
16 1 655737
85 1 655737
78 0 655843
78 1 655937
32 0 656047
32 1 656174
83 0 656220
73 0 656293
83 1 656353
78 0 656370
73 1 656425
78 1 656471
71 0 656671
71 1 656781
85 0 656796
85 1 656945
82 0 656946
82 1 657063
32 0 657096
32 1 657191
79 0 657369
78 0 657526
79 1 657652
78 1 657652
8 0 657947
8 1 658066
77 0 658245
77 1 658340
32 0 658461
32 1 658562
83 0 658628
83 1 658730
84 0 658837
65 0 658930
84 1 658978
32 0 659086
65 1 659087
32 1 659169
83 0 659251
73 0 659340
83 1 659361
78 0 659441
73 1 659504
71 0 659541
78 1 659573
71 1 659659
85 0 659687
85 1 659837
82 0 659931
82 1 660049
32 0 660075
32 1 660169
73 0 660264
78 0 660358
73 1 660435
78 1 660436
32 0 660527
32 1 660654
67 0 660753
69 0 660839
67 1 660870
78 0 660926
69 1 660947
78 1 661067
84 0 661108
82 0 661170
84 1 661249
85 0 661343
82 1 661344
85 1 661421
32 0 661593
32 1 661712
83 0 661869
83 1 661963
73 0 661984
73 1 662087
32 0 662207
32 1 662310
79 0 662929
79 1 663063
82 0 663112
82 1 663214
73 0 663245
73 1 663371
32 0 663478
32 1 663572
73 0 663696
73 1 663846
83 0 664256
83 1 664374
73 0 664392
73 1 664505
32 0 664596
32 1 664721
83 0 664751
83 1 664846
67 0 664933
67 1 665027
82 0 665163
82 1 665289
73 0 665305
73 1 665461
69 0 665461
69 1 665531
32 0 665570
32 1 665688
71 0 665818
71 1 665936
65 0 666066
65 1 666208
78 0 666342
78 1 666450
68 0 666451
68 1 666578
85 0 666620
85 1 666769
82 0 666868
82 1 666962
73 0 666978
73 1 667105
76 0 667195
69 0 667335
76 1 667368
32 0 667459
69 1 667462
32 1 667525
80 0 667642
80 1 667797
69 0 667797
69 1 667867
32 0 667885
32 1 667987
79 0 668069
79 1 668195
32 0 668255
32 1 668397
70 0 668527
70 1 668630
79 0 668675
79 1 668801
65 0 668801
65 1 668948
73 0 669029
69 0 669161
73 1 669194
69 1 669279
32 0 670069
32 1 670203
79 0 670362
79 1 670494
82 0 670494
82 1 670564
73 0 670602
73 1 670720
32 0 670834
32 1 670913
68 0 671185
68 1 671335
79 0 671369
65 0 671461
79 1 671487
82 0 671619
65 1 671648
82 1 671744
32 0 671766
32 1 671884
83 0 671919
83 1 672046
84 0 672141
65 0 672210
84 1 672274
65 1 672383
190 0 672755
190 1 672890
32 0 673059
32 1 673185
16 0 673222
83 0 673461
16 1 673570
83 1 673571
85 0 673666
78 0 673792
85 1 673839
84 0 673901
78 1 673948
84 1 674026
32 0 674064
32 1 674183
73 0 674290
78 0 674400
73 1 674479
78 1 674525
84 0 674549
82 0 674620
84 1 674674
82 1 674761
189 0 674792
79 0 674949
189 1 675052
79 1 675114
32 0 675274
32 1 675417
67 0 675542
76 0 675662
67 1 675662
65 0 675753
76 1 675787
65 1 675886
82 0 675967
82 1 676069
8 0 676411
8 1 676522
68 0 676631
68 1 676749
73 0 676765
73 1 676884
82 0 676968
69 0 677060
82 1 677140
32 0 677220
69 1 677222
32 1 677338
73 0 677419
73 1 677624
77 0 677624
77 1 677773
80 0 677848
79 0 678053
80 1 678140
79 1 678194
90 0 678395
90 1 678465
65 0 678586
78 0 678729
65 1 678732
78 1 678835
84 0 678858
65 0 678944
84 1 679024
65 1 679116
32 0 679168
32 1 679300
83 0 680169
73 0 680289
83 1 680289
73 1 680367
32 0 680479
32 1 680566
84 0 680643
79 0 680728
84 1 680729
79 1 680864
84 0 680896
84 1 681014
73 0 681154
73 1 681281
32 0 681417
32 1 681519
83 0 681623
85 0 681727
83 1 681727
78 0 681829
84 0 681859
85 1 681874
78 1 681929
84 1 681983
32 0 682049
32 1 682152
73 0 682246
73 1 682412
77 0 682631
77 1 682710
66 0 683193
66 1 683318
82 0 683318
69 0 683419
82 1 683538
69 1 683648
8 0 683937
8 1 684070
65 0 684071
65 1 684208
67 0 684414
65 0 684492
67 1 684547
65 1 684633
84 0 684730
73 0 684809
84 1 684854
73 1 684927
32 0 684984
32 1 685078
73 0 685154
78 0 685248
73 1 685303
78 1 685325
32 0 685424
32 1 685502
72 0 685603
72 1 685714
65 0 685734
73 0 685870
65 1 685871
78 0 685988
73 1 686067
69 0 686112
78 1 686128
32 0 686247
69 1 686248
32 1 686373
67 0 686512
79 0 686653
67 1 686654
79 1 686749
77 0 687318
79 0 687437
77 1 687483
79 1 687579
68 0 687764
68 1 687875
69 0 687989
69 1 688107
32 0 688808
32 1 688909
68 0 688982
68 1 689076
69 0 689197
32 0 689255
69 1 689283
32 1 689340
84 0 689486
73 0 689565
84 1 689595
80 0 689755
73 1 689825
80 1 689920
32 0 690064
32 1 690166
82 0 690291
82 1 690386
79 0 690409
79 1 690535
67 0 690601
67 1 690695
73 0 691119
69 0 691307
73 1 691355
69 1 691401
190 0 692860
190 1 692962
8 0 693377
8 1 693455
8 0 693553
8 1 693615
8 0 693717
8 1 693795
72 0 694424
73 0 694527
72 1 694581
69 0 694611
73 1 694652
69 1 694737
190 0 694928
190 1 695005
32 0 695216
32 1 695310
16 0 695363
84 0 695522
84 1 695624
16 1 695644
79 0 695745
79 1 695863
65 0 695988
65 1 696154
84 0 696216
65 0 696309
84 1 696412
32 0 696488
65 1 696489
32 1 696555
76 0 696643
76 1 696713
85 0 696821
85 1 696916
77 0 697074
77 1 697207
69 0 697208
65 0 697276
69 1 697372
32 0 697413
65 1 697457
32 1 697521
65 0 697568
65 1 697703
82 0 697784
65 0 697853
82 1 697925
65 1 697994
84 0 698078
84 1 698307
65 0 698844
65 1 699003
32 0 699066
32 1 699152
66 0 699303
73 0 699422
66 1 699460
73 1 699555
78 0 699653
78 1 699796
69 0 700063
69 1 700229
32 0 701378
32 1 701473
83 0 701536
73 0 701647
83 1 701648
73 1 701734
32 0 701811
32 1 701922
67 0 701967
76 0 702080
67 1 702081
76 1 702197
65 0 702198
65 1 702296
82 0 702367
82 1 702454
73 0 702476
73 1 702579
8 0 702801
8 1 702880
8 0 702958
8 1 703045
68 0 703074
68 1 703185
73 0 703254
73 1 703373
82 0 703409
69 0 703487
82 1 703550
69 1 703588
65 0 703713
32 0 703842
65 1 703843
32 1 703936
69 0 703971
32 0 704089
69 1 704090
32 1 704162
70 0 704346
70 1 704440
82 0 704555
82 1 704650
85 0 704777
85 1 704880
77 0 705059
77 1 705209
79 0 705350
79 1 705460
65 0 706096
65 1 706239
83 0 706874
65 0 706960
83 1 707030
65 1 707109
190 0 709371
190 1 709457
