16 0 37078
65 0 37236
16 1 37332
65 1 37371
67 0 38085
67 1 38204
85 0 38268
85 1 38348
77 0 38445
77 1 38540
32 0 38924
32 1 39004
86 0 39109
86 1 39204
82 0 39276
82 1 39348
69 0 39380
69 1 39476
77 0 39525
77 1 39604
69 0 39613
69 1 39692
65 0 39797
32 0 39925
65 1 39972
32 1 40012
69 0 40086
69 1 40180
83 0 40229
83 1 40348
69 0 40453
69 1 40524
8 0 40837
8 1 40932
84 0 41149
84 1 41252
69 0 41332
69 1 41412
32 0 41469
32 1 41556
80 0 41940
80 1 42044
76 0 42125
76 1 42188
79 0 42300
79 1 42372
65 0 42509
65 1 42620
8 0 43172
8 1 43268
73 0 43413
73 1 43500
79 0 43572
79 1 43660
65 0 43708
65 1 43836
67 0 43861
67 1 43948
65 0 43980
65 1 44060
8 0 44317
8 1 44372
8 0 44431
8 1 44487
83 0 44588
83 1 44678
65 0 44765
65 1 44876
77 0 54709
77 1 54748
32 0 54861
32 1 54964
73 0 55005
73 1 55093
65 0 55149
65 1 55244
82 0 55269
82 1 55348
32 0 55381
84 0 55501
32 1 55516
84 1 55597
69 0 55653
69 1 55756
77 0 55981
77 1 56044
80 0 56397
80 1 56508
69 0 56637
69 1 56725
82 0 57286
82 1 57356
65 0 57389
84 0 57469
65 1 57475
84 1 57541
85 0 57773
85 1 57844
82 0 57981
82 1 58060
65 0 58437
65 1 58549
32 0 58637
32 1 58733
69 0 58815
69 1 58909
83 0 59005
83 1 59125
84 0 59181
84 1 59268
69 0 59317
69 1 59412
32 0 59461
32 1 59548
68 0 59573
68 1 59675
69 0 59741
69 1 59837
32 0 59860
32 1 59956
53 0 60813
53 1 60884
32 0 64198
32 1 64268
71 0 64389
71 1 64469
82 0 64565
82 1 64637
65 0 64693
65 1 64765
68 0 65278
68 1 65373
69 0 65397
69 1 65501
190 0 66117
190 1 66189
32 0 66581
32 1 66645
16 0 68571
90 0 68837
90 1 68973
16 1 68981
73 0 69454
73 1 69541
76 0 69637
76 1 69725
69 0 69766
69 1 69854
76 0 69878
69 0 69933
76 1 69949
69 1 70029
32 0 70350
32 1 70437
84 0 70573
84 1 70645
82 0 70717
82 1 70797
69 0 70813
69 1 70893
67 0 70933
67 1 71004
85 0 71100
85 1 71189
84 0 71302
84 1 71389
69 0 71422
69 1 71493
32 0 71542
32 1 71621
86 0 73512
86 1 73597
82 0 73685
69 0 73749
82 1 73765
69 1 73852
77 0 73918
77 1 74005
69 0 74014
69 1 74117
65 0 74254
65 1 74357
32 0 74446
32 1 74533
65 0 74550
65 1 74637
32 0 74662
32 1 74741
70 0 75030
70 1 75133
73 0 75206
73 1 75285
8 0 75622
8 1 75710
79 0 75837
79 1 75925
83 0 75965
83 1 76053
84 0 76134
84 1 76213
32 0 78014
32 1 78060
76 0 78822
76 1 78933
65 0 78950
32 0 79046
65 1 79052
32 1 79149
70 0 79429
70 1 79501
69 0 79558
69 1 79629
75 0 79702
75 1 79741
8 0 80158
8 1 80237
76 0 80492
76 1 80573
188 0 80766
188 1 80837
32 0 81110
32 1 81165
80 0 82654
80 1 82717
79 0 82806
79 1 82877
65 0 82910
65 1 83021
84 0 83166
84 1 83261
69 0 83286
69 1 83373
32 0 83389
32 1 83469
73 0 83526
73 1 83581
78 0 83798
78 1 83893
32 0 83998
32 1 84093
85 0 84396
85 1 84485
78 0 84574
69 0 84654
78 1 84660
69 1 84757
76 0 84766
76 1 84844
69 0 84854
69 1 84957
32 0 84974
32 1 85077
90 0 85198
90 1 85325
73 0 85350
73 1 85429
76 0 85534
76 1 85589
69 0 85646
69 1 85733
32 0 88774
32 1 88877
85 0 88934
85 1 89013
83 0 89045
73 0 89126
83 1 89157
73 1 89214
8 0 89558
8 1 89661
79 0 89782
79 1 89877
82 0 89998
82 1 90085
32 0 90126
32 1 90222
77 0 90574
77 1 90685
65 0 90750
73 0 90838
65 1 90853
73 1 90941
32 0 91030
32 1 91118
67 0 91398
67 1 91485
65 0 91542
65 1 91645
76 0 91694
76 1 91782
68 0 91838
68 1 91950
65 0 92086
65 1 92206
188 0 95847
188 1 95893
32 0 96006
32 1 96109
67 0 98934
67 1 99029
72 0 99190
72 1 99270
73 0 99326
73 1 99437
65 0 99470
65 1 99565
82 0 99614
82 1 99710
32 0 99750
32 1 99845
85 0 100222
85 1 100302
83 0 100733
83 1 100822
73 0 100878
73 1 100934
8 0 101531
8 1 101613
79 0 101750
79 1 101846
82 0 101958
82 1 102038
32 0 102054
32 1 102142
77 0 102214
77 1 102301
65 0 102318
73 0 102414
65 1 102421
73 1 102502
32 0 102582
32 1 102678
67 0 102902
67 1 102981
65 0 103014
65 1 103134
76 0 103158
76 1 103230
68 0 103262
68 1 103342
65 0 103453
65 1 103549
32 0 103607
32 1 103693
80 0 106674
80 1 106750
69 0 106806
69 1 106902
78 0 106975
78 1 107046
84 0 107902
84 1 107990
82 0 108078
82 1 108142
85 0 108254
85 1 108342
32 0 108397
32 1 108486
68 0 108590
68 1 108688
65 0 108702
84 0 108734
65 1 108798
84 1 108814
65 0 108870
65 1 108966
32 0 109021
32 1 109126
68 0 109214
68 1 109302
73 0 109359
73 1 109430
32 0 109663
32 1 109758
8 0 110054
8 1 110134
78 0 110286
78 1 110382
32 0 110422
32 1 110518
67 0 110630
67 1 110718
65 0 112039
65 1 112142
76 0 112606
76 1 112694
69 0 112710
69 1 112813
78 0 112903
78 1 112990
68 0 113070
68 1 113166
65 0 113271
65 1 113365
82 0 113414
82 1 113486
190 0 117095
190 1 117102
32 0 117655
32 1 117726
16 0 117798
86 0 117967
86 1 118039
16 1 118045
82 0 118159
82 1 118230
69 0 118239
69 1 118358
77 0 118430
69 0 118438
77 1 118454
69 1 118534
65 0 118998
65 1 119102
32 0 119174
32 1 119262
79 0 119358
79 1 119446
69 0 119470
69 1 119574
82 0 119639
82 1 119734
70 0 119774
70 1 119846
69 0 120191
69 1 120294
187 0 120551
187 1 120590
8 0 120751
8 1 120798
8 0 120849
8 1 120918
8 0 120958
8 1 121014
8 0 121081
8 1 121142
8 0 121199
8 1 121286
8 0 121609
8 1 121662
80 0 122151
80 1 122222
69 0 122231
69 1 122326
82 0 122391
82 1 122494
70 0 122551
70 1 122622
69 0 122943
69 1 123030
67 0 123095
67 1 123190
84 0 123223
84 1 123310
65 0 123343
65 1 123422
32 0 123495
32 1 123574
79 0 123712
79 1 123790
69 0 123863
69 1 123942
78 0 124031
78 1 124102
84 0 124255
84 1 124318
82 0 124423
82 1 124478
85 0 124607
85 1 124681
8 0 124887
8 1 124950
8 0 125001
8 1 125054
8 0 125103
8 1 125174
8 0 125225
8 1 125294
8 0 125343
8 1 125406
8 0 125465
8 1 125544
80 0 125967
80 1 126038
69 0 126087
69 1 126166
78 0 126255
78 1 126326
84 0 126493
84 1 126550
82 0 126663
82 1 126695
85 0 126815
85 1 126894
32 0 127167
32 1 127238
77 0 127351
77 1 127414
73 0 127478
73 1 127558
78 0 127671
78 1 127757
69 0 127823
69 1 127894
32 0 127918
32 1 127974
69 0 134272
69 1 134342
83 0 134431
83 1 134535
84 0 134582
84 1 134655
69 0 134760
69 1 134855
32 0 135007
32 1 135103
67 0 135247
69 0 135303
67 1 135319
69 1 135391
65 0 135504
65 1 135615
32 0 135688
32 1 135775
84 0 136039
84 1 136119
8 0 136432
8 1 136535
68 0 137016
68 1 137151
73 0 137224
73 1 137335
78 0 137399
78 1 137511
32 0 137584
32 1 137679
84 0 137960
84 1 138055
73 0 138087
73 1 138174
77 0 138264
77 1 138342
80 0 138463
80 1 138534
85 0 138655
85 1 138719
76 0 138837
76 1 138909
32 0 138990
32 1 139085
76 0 139110
76 1 139198
85 0 139318
85 1 139398
78 0 139526
78 1 139637
75 0 139646
75 1 139749
8 0 140169
8 1 140255
73 0 140407
73 1 140487
76 0 140583
76 1 140663
79 0 140735
79 1 140815
82 0 140847
82 1 140927
32 0 140975
32 1 141079
68 0 141087
68 1 141167
69 0 141248
69 1 141326
32 0 141471
32 1 141551
86 0 141735
65 0 141808
86 1 141815
82 0 141903
65 1 141910
82 1 141983
65 0 141990
65 1 142079
188 0 142566
188 1 142622
32 0 142782
32 1 142877
67 0 143136
67 1 143214
85 0 143263
85 1 143350
77 0 143448
77 1 143534
32 0 143614
32 1 143710
65 0 144160
65 1 144231
82 0 144295
82 1 144367
32 0 144423
32 1 144519
70 0 144584
70 1 144639
85 0 144672
85 1 144750
32 0 144839
32 1 144919
8 0 145191
8 1 145240
8 0 145282
8 1 145343
79 0 145527
79 1 145575
8 0 145937
8 1 146007
73 0 146208
73 1 146302
32 0 146350
32 1 146430
73 0 146512
73 1 146550
85 0 146718
85 1 146806
78 0 147780
78 1 147862
73 0 147894
73 1 147982
69 0 148038
69 1 148134
188 0 148158
188 1 148230
32 0 148742
32 1 148822
73 0 148902
73 1 149020
85 0 149088
85 1 149158
76 0 149271
76 1 149342
73 0 149446
73 1 149510
69 0 149550
69 1 149646
188 0 149663
188 1 149758
32 0 149863
32 1 149950
65 0 150046
65 1 150158
85 0 150310
85 1 150390
71 0 150894
71 1 150966
85 0 151094
85 1 151174
83 0 151198
83 1 151302
84 0 151350
84 1 151430
77 0 155352
77 1 155407
8 0 155880
8 1 155959
188 0 156772
188 1 156862
32 0 156991
32 1 157094
67 0 157184
67 1 157311
85 0 157328
85 1 157423
32 0 157455
32 1 157535
84 0 157600
84 1 157687
69 0 157712
69 1 157807
77 0 157872
77 1 157959
80 0 158112
80 1 158199
69 0 158479
69 1 158575
84 0 159136
84 1 159231
8 0 159768
8 1 159887
82 0 160408
82 1 160488
65 0 160512
84 0 160600
65 1 160624
84 1 160695
85 0 161152
85 1 161247
82 0 161335
82 1 161415
73 0 161432
73 1 161511
32 0 161576
32 1 161663
68 0 161784
68 1 161856
69 0 161928
69 1 162031
32 0 162048
32 1 162143
80 0 164542
80 1 164623
69 0 164664
69 1 164751
83 0 165186
83 1 165296
84 0 165921
84 1 166016
69 0 166024
69 1 166112
32 0 166160
32 1 166263
50 0 166760
50 1 166880
53 0 167064
53 1 167176
32 0 167336
32 1 167440
70 0 167672
70 1 167736
8 0 168041
8 1 168152
71 0 168536
71 1 168607
82 0 168720
82 1 168792
65 0 168808
65 1 168920
68 0 168928
68 1 169008
69 0 169048
69 1 169144
190 0 173634
190 1 173683
32 0 173876
32 1 173939
16 0 175925
73 0 176140
16 1 176228
73 1 176234
78 0 176340
78 1 176427
83 0 176468
83 1 176571
65 0 176636
65 1 176731
32 0 176764
32 1 176827
73 0 176916
73 1 177012
77 0 177076
73 0 177180
77 1 177180
73 1 177307
32 0 177348
32 1 177459
79 0 177540
79 1 177628
76 0 177724
76 1 177780
8 0 178156
8 1 178219
8 0 178279
8 1 178364
80 0 178684
80 1 178755
76 0 178852
76 1 178932
65 0 178996
65 1 179092
67 0 179140
67 1 179220
32 0 179332
32 1 179403
83 0 179789
83 1 179883
73 0 179923
73 1 180012
32 0 180076
32 1 180164
90 0 180188
90 1 180276
73 0 180284
73 1 180355
76 0 180476
69 0 180532
76 1 180533
69 1 180620
76 0 180628
69 0 180676
76 1 180683
69 1 180763
32 0 183053
32 1 183139
68 0 183188
68 1 183260
69 0 183324
32 0 183388
69 1 183420
32 1 183468
73 0 183516
73 1 183611
65 0 183676
65 1 183772
82 0 183852
82 1 183924
78 0 184052
78 1 184132
65 0 184156
65 1 184252
32 0 184253
32 1 184348
73 0 184372
73 1 184444
78 0 184524
78 1 184596
32 0 184932
32 1 185020
67 0 185132
65 0 185220
67 1 185227
82 0 185284
65 1 185309
82 1 185364
69 0 185420
69 1 185508
32 0 185564
32 1 185652
78 0 188893
78 1 188955
73 0 188989
73 1 189068
83 0 189107
83 1 189228
73 0 189476
73 1 189556
8 0 189780
8 1 189836
8 0 189887
8 1 189972
78 0 190172
78 1 190212
71 0 190637
71 1 190724
69 0 190765
32 0 190820
69 1 190851
32 1 190916
83 0 190973
83 1 191075
73 0 191083
73 1 191108
32 0 191499
32 1 191580
84 0 191748
84 1 191852
79 0 191877
84 0 191949
79 1 191974
84 1 192052
85 0 192101
85 1 192180
76 0 192277
76 1 192364
32 0 192437
69 0 192525
32 1 192531
69 1 192604
83 0 192693
84 0 192801
83 1 192811
84 1 192884
69 0 192909
69 1 193004
32 0 193076
32 1 193172
65 0 193196
65 1 193292
76 0 193309
76 1 193387
66 0 193837
66 1 193900
190 0 197693
190 1 197764
32 0 197918
32 1 198005
16 0 198133
73 0 198302
16 1 198373
73 1 198388
77 0 198614
77 1 198709
73 0 198750
73 1 198845
32 0 198894
32 1 198997
80 0 199102
80 1 199197
76 0 199294
76 1 199365
65 0 199454
65 1 199541
67 0 199654
67 1 199741
32 0 199822
83 0 199926
32 1 199927
83 1 199998
85 0 200022
85 1 200093
32 0 200174
32 1 200245
8 0 200542
8 1 200580
8 0 200632
8 1 200709
73 0 200846
73 1 200925
32 0 201022
32 1 201117
90 0 201150
90 1 201245
73 0 201310
73 1 201349
75 0 201527
75 1 201604
8 0 202021
8 1 202101
76 0 202253
76 1 202325
69 0 202357
76 0 202419
69 1 202454
76 1 202477
69 0 202494
69 1 202582
32 0 202765
32 1 202868
68 0 206286
68 1 206358
69 0 206430
69 1 206519
32 0 206566
32 1 206653
73 0 206966
73 1 207046
65 0 207094
65 1 207182
82 0 207230
82 1 207285
78 0 207454
78 1 207526
65 0 207574
65 1 207669
32 0 207670
32 1 207774
73 0 207822
73 1 207910
78 0 208023
78 1 208126
32 0 208166
32 1 208262
67 0 208446
65 0 208534
67 1 208541
82 0 208606
65 1 208630
82 1 208701
69 0 208742
69 1 208830
32 0 208886
32 1 208974
83 0 211071
83 1 211198
79 0 211206
79 1 211286
65 0 211326
65 1 211421
82 0 211782
82 1 211870
69 0 211926
69 1 212046
75 0 212062
75 1 212141
69 0 212174
69 1 212270
8 0 212534
8 1 212573
8 0 212641
8 1 212710
76 0 212830
76 1 212918
69 0 212966
69 1 213054
32 0 213502
32 1 213588
70 0 213710
65 0 213782
70 1 213789
67 0 213886
65 1 213893
67 1 213965
69 0 214022
69 1 214102
32 0 214174
32 1 214238
90 0 214582
90 1 214646
65 0 214742
65 1 214830
80 0 214854
80 1 214902
65 0 214954
65 1 215046
68 0 215286
68 1 215382
65 0 215486
65 1 215614
32 0 217751
32 1 217846
83 0 217854
83 1 217926
65 0 218014
32 0 218094
65 1 218118
32 1 218182
83 0 218230
83 1 218326
84 0 218413
84 1 218502
82 0 218599
82 1 218678
65 0 218742
65 1 218838
76 0 219295
76 1 219381
85 0 219511
85 1 219574
67 0 219791
69 0 219855
67 1 219861
69 1 219934
65 0 220039
65 1 220110
83 0 220191
83 1 220286
67 0 220327
67 1 220414
65 0 220455
65 1 220558
32 0 220599
32 1 220694
8 0 223008
8 1 223110
188 0 223639
188 1 223742
32 0 223895
32 1 223990
73 0 224287
73 1 224373
65 0 224398
65 1 224526
82 0 224559
82 1 224654
32 0 224663
32 1 224742
73 0 224879
73 1 224950
78 0 225039
78 1 225118
84 0 225271
84 1 225342
82 0 225439
82 1 225510
69 0 225527
69 1 225590
65 0 225687
65 1 225790
71 0 225807
65 0 225863
71 1 225880
65 1 225958
32 0 226014
32 1 226118
78 0 226295
78 1 226382
65 0 226431
65 1 226534
83 0 226800
83 1 226878
8 0 227246
8 1 227350
84 0 227903
84 1 227974
85 0 228071
85 1 228150
82 0 228263
82 1 228342
65 0 228375
65 1 228486
32 0 228511
32 1 228606
80 0 231040
80 1 231110
65 0 231159
65 1 231278
82 0 231375
82 1 231454
69 0 231487
69 1 231582
32 0 231615
32 1 231694
73 0 232095
73 1 232182
77 0 232279
77 1 232358
80 0 233143
80 1 233238
79 0 233455
79 1 233550
68 0 234015
68 1 234126
79 0 234151
79 1 234270
66 0 234471
66 1 234566
73 0 234639
73 1 234726
84 0 234871
84 1 234959
65 0 235015
65 1 235126
32 0 235135
32 1 235230
73 0 235631
73 1 235726
78 0 235799
78 1 235894
32 0 235951
32 1 236054
83 0 236095
83 1 236215
84 0 236231
84 1 236326
82 0 236703
82 1 236799
65 0 237296
65 1 237406
73 0 237438
73 1 237534
69 0 237575
69 1 237671
32 0 237719
68 0 237783
32 1 237806
68 1 237870
69 0 237927
69 1 238031
32 0 238039
32 1 238134
83 0 238415
83 1 238503
65 0 238967
65 1 239086
82 0 239159
82 1 239247
66 0 239655
66 1 239743
65 0 239759
65 1 239862
84 0 239870
84 1 239950
79 0 240111
79 1 240199
65 0 240215
65 1 240319
82 0 240358
82 1 240438
69 0 240495
69 1 240583
190 0 241615
190 1 241686
8 0 247223
8 1 247311
188 0 247719
188 1 247791
78 0 264445
78 1 264491
69 0 264516
69 1 264636
79 0 265300
79 1 265380
66 0 265604
66 1 265683
73 0 265797
73 1 265900
83 0 266061
83 1 266180
78 0 266316
78 1 266420
85 0 266484
85 1 266556
73 0 266620
73 1 266700
84 0 266821
84 1 266916
32 0 266981
32 1 267084
68 0 267445
68 1 267540
69 0 267621
69 1 267719
39 0 268465
39 1 268515
39 0 268583
39 1 268724
39 0 268789
39 1 268860
39 0 269063
39 1 269140
8 0 269509
8 1 269612
8 0 269711
8 1 269795
8 0 269869
8 1 269947
8 0 270127
8 1 270212
16 0 303880
73 0 304182
73 1 304215
16 1 304374
8 0 305048
8 1 305143
79 0 305256
79 1 305311
8 0 305809
8 1 305935
16 0 306023
79 0 306128
79 1 306239
16 1 306295
32 0 306448
32 1 306559
90 0 306696
90 1 306815
73 0 306872
73 1 306975
32 0 307080
32 1 307183
73 0 307312
73 1 307415
68 0 307496
68 1 307591
69 0 307664
69 1 307759
65 0 307848
65 1 307943
65 0 308018
65 1 308103
8 0 308624
8 1 308703
76 0 308848
76 1 308927
65 0 309359
65 1 309463
32 0 309568
32 1 309671
80 0 310648
80 1 310727
69 0 310768
69 1 310855
78 0 310903
78 1 310975
84 0 311112
84 1 311151
82 0 311264
82 1 311327
85 0 311472
85 1 311551
32 0 311687
32 1 311759
77 0 311960
77 1 312063
73 0 312104
73 1 312175
78 0 312248
78 1 312327
69 0 312336
69 1 312415
32 0 312432
32 1 312520
65 0 312560
65 1 312687
82 0 312696
65 0 312768
82 1 312769
84 0 312864
65 1 312870
84 1 312935
65 0 312944
65 1 313031
32 0 313088
32 1 313175
73 0 313472
73 1 313551
78 0 313624
78 1 313719
32 0 313744
32 1 313815
70 0 313896
70 1 313967
69 0 313992
69 1 314071
76 0 314128
76 1 314191
85 0 314336
85 1 314383
76 0 314568
76 1 314639
32 0 314832
32 1 314919
85 0 315264
85 1 315335
82 0 315488
82 1 315567
65 0 315632
65 1 315719
77 0 315768
77 1 315839
8 0 316367
8 1 316423
8 0 316498
8 1 316559
77 0 316776
77 1 316847
65 0 316888
65 1 316991
84 0 317352
84 1 317431
79 0 317504
79 1 317591
82 0 317600
82 1 317703
16 0 317880
186 0 318592
16 1 318648
186 1 318675
32 0 318912
32 1 318975
77 0 319064
77 1 319159
48 0 319240
48 1 319319
65 0 319360
65 1 319455
8 0 319728
8 1 319775
8 0 319827
8 1 319911
189 0 319992
189 1 320071
65 0 320104
65 1 320175
83 0 320264
83 1 320352
32 0 320408
32 1 320503
84 0 320760
84 1 320847
82 0 320936
69 0 320991
82 1 321007
69 1 321055
90 0 321168
90 1 321272
73 0 321544
73 1 321656
32 0 321920
32 1 322008
76 0 322175
76 1 322263
65 0 322328
65 1 322415
32 0 322480
32 1 322567
56 0 322977
56 1 323071
8 0 324032
8 1 324080
8 0 324130
8 1 324215
32 0 324912
32 1 325008
79 0 325035
79 1 325111
82 0 325304
82 1 325392
65 0 325408
65 1 325512
32 0 325528
32 1 325616
56 0 326120
56 1 326208
188 0 326417
188 1 326487
32 0 326680
32 1 326768
65 0 326816
65 1 326896
83 0 326984
83 1 327080
32 0 327208
32 1 327296
86 0 327976
69 0 328048
86 1 328055
69 1 328135
8 0 328384
8 1 328456
8 0 328515
8 1 328600
66 0 328968
66 1 329056
69 0 329057
69 1 329152
65 0 329248
32 0 329344
65 1 329369
32 1 329415
85 0 329472
85 1 329568
78 0 329648
78 1 329728
32 0 329825
32 1 329903
67 0 330072
67 1 330144
65 0 330184
65 1 330288
80 0 330376
80 1 330464
80 0 330531
80 1 330599
85 0 330937
85 1 331024
67 0 331480
67 1 331560
73 0 331791
73 1 331872
78 0 332016
78 1 332104
79 0 332160
79 1 332264
32 0 333482
32 1 333560
83 0 333600
73 0 333680
83 1 333687
73 1 333768
32 0 333865
32 1 333952
65 0 333992
65 1 334096
83 0 334209
83 1 334296
32 0 334448
32 1 334520
67 0 334782
67 1 334872
73 0 335601
73 1 335687
84 0 335815
73 0 335905
84 1 335919
73 1 336000
32 0 336082
32 1 336168
67 0 336345
65 0 336407
67 1 336423
84 0 336473
65 1 336512
84 1 336568
86 0 336681
86 1 336768
8 0 337519
8 1 337608
69 0 337649
69 1 337736
86 0 337872
86 1 337944
65 0 338009
65 1 338088
32 0 338136
32 1 338232
80 0 338407
80 1 338496
65 0 338528
65 1 338608
71 0 338791
71 1 338880
73 0 338977
73 1 339072
78 0 339136
78 1 339224
65 0 339256
65 1 339344
32 0 339409
32 1 339512
8 0 339888
8 1 339944
8 0 339995
8 1 340079
73 0 340193
73 1 340280
32 0 340440
32 1 340536
68 0 340945
68 1 341040
73 0 341057
73 1 341152
78 0 341281
78 1 341376
84 0 342217
84 1 342312
82 0 342409
82 1 342488
189 0 342715
189 1 342776
79 0 343265
79 1 343368
32 0 343409
32 1 343488
67 0 343601
65 0 343697
67 1 343698
82 0 343777
65 1 343808
82 1 343848
84 0 343921
69 0 344009
84 1 344015
69 1 344096
32 0 344161
83 0 344249
32 1 344250
83 1 344336
65 0 344425
85 0 344489
65 1 344520
85 1 344591
32 0 344697
32 1 344784
8 0 347250
8 1 347312
32 0 347609
32 1 347672
77 0 348913
77 1 349000
189 0 349689
189 1 349784
65 0 349825
65 1 349920
83 0 350001
83 1 350080
32 0 350193
32 1 350280
85 0 350633
85 1 350689
8 0 350929
8 1 351032
80 0 351160
80 1 351256
85 0 351393
85 1 351464
78 0 351569
78 1 351665
69 0 351673
69 1 351760
32 0 351777
32 1 351864
76 0 351913
76 1 352016
65 0 352032
65 1 352136
32 0 352144
32 1 352239
67 0 352328
67 1 352424
85 0 352480
85 1 352559
82 0 352696
82 1 352785
69 0 352825
69 1 352927
78 0 352952
78 1 353032
84 0 353145
84 1 353232
32 0 353537
32 1 353617
67 0 353649
67 1 353752
85 0 353801
85 1 353905
32 0 353937
32 1 354033
83 0 354089
83 1 354184
84 0 354209
84 1 354289
8 0 354929
8 1 354992
8 0 355044
8 1 355096
8 0 355153
8 1 355233
32 0 355953
32 1 356057
85 0 356240
85 1 356312
76 0 356417
76 1 356481
84 0 356649
84 1 356712
73 0 356825
73 1 356905
77 0 357009
77 1 357089
69 0 357121
76 0 357209
69 1 357225
76 1 357257
69 0 357289
69 1 357385
32 0 357513
32 1 357617
83 0 357849
83 1 357961
84 0 358121
84 1 358185
73 0 358313
73 1 358409
84 0 358505
84 1 358593
73 0 358601
73 1 358684
8 0 358952
8 1 359000
8 0 359060
8 1 359153
82 0 359169
82 1 359257
73 0 359281
73 1 359374
32 0 359465
32 1 359552
68 0 359577
68 1 359649
69 0 359721
69 1 359809
32 0 359817
32 1 359912
76 0 360025
76 1 360073
187 0 360337
187 1 360401
79 0 360529
79 1 360593
8 0 360753
8 1 360817
8 0 360875
8 1 360929
8 0 360977
8 1 361048
79 0 361184
79 1 361249
69 0 361297
69 1 361393
8 0 361697
8 1 361745
8 0 361804
8 1 361873
80 0 361961
80 1 362049
69 0 362330
69 1 362409
32 0 362465
83 0 362554
32 1 362554
83 1 362649
73 0 363201
73 1 363305
84 0 363481
84 1 363545
69 0 363577
69 1 363665
189 0 363794
189 1 363873
85 0 364474
85 1 364561
82 0 364673
82 1 364769
73 0 364785
73 1 364865
76 0 364994
76 1 365081
69 0 365178
69 1 365265
32 0 365345
32 1 365433
82 0 365914
82 1 365993
8 0 366289
8 1 366377
80 0 366490
80 1 366584
82 0 366826
82 1 366889
69 0 366977
69 1 367113
70 0 367522
70 1 367625
69 0 367633
69 1 367729
82 0 367737
82 1 367825
65 0 367848
84 0 367946
65 1 367960
84 1 368025
69 0 368065
69 1 368145
188 0 368217
188 1 368289
8 0 368890
8 1 368985
190 0 369185
190 1 369265
32 0 369425
32 1 369497
16 0 374553
65 0 374692
16 1 374812
65 1 374828
80 0 374980
80 1 375060
79 0 375156
79 1 375228
73 0 375644
73 1 375732
32 0 375820
32 1 375916
65 0 376052
65 1 376140
83 0 376220
83 1 376316
32 0 376332
32 1 376436
76 0 376460
76 1 376548
85 0 376668
85 1 376740
65 0 376780
65 1 376884
32 0 376916
32 1 376996
77 0 377180
77 1 377268
73 0 377348
73 1 377436
67 0 377692
67 1 377788
85 0 377812
85 1 377892
32 0 378156
32 1 378252
8 0 378564
8 1 378690
76 0 378812
76 1 378908
32 0 379045
32 1 379124
68 0 379148
68 1 379196
69 0 379269
69 1 379380
74 0 379821
74 1 379892
85 0 379949
85 1 380036
78 0 380156
78 1 380243
32 0 380997
32 1 381084
65 0 381172
65 1 381276
76 0 381300
76 1 381381
65 0 381387
65 1 381483
84 0 381596
84 1 381676
85 0 381789
85 1 381876
82 0 381956
82 1 382060
73 0 382076
73 1 382173
32 0 382261
32 1 382356
68 0 382373
68 1 382444
69 0 382524
69 1 382604
32 0 382605
32 1 382692
79 0 382901
79 1 382996
8 0 383365
8 1 383468
80 0 383565
80 1 383660
69 0 383957
69 1 384068
82 0 384148
82 1 384244
83 0 384373
83 1 384452
79 0 384476
79 1 384573
65 0 384613
65 1 384716
78 0 384732
65 0 384797
78 1 384812
65 1 384876
32 0 384901
32 1 384996
73 0 385390
73 1 385476
85 0 385565
85 1 385636
66 0 385717
66 1 385788
73 0 385933
73 1 386036
82 0 386197
82 1 386244
65 0 386308
65 1 386396
8 0 386741
8 1 386796
8 0 386846
8 1 386916
84 0 387269
84 1 387348
65 0 387405
65 1 387500
188 0 393251
188 1 393321
32 0 393433
32 1 393537
73 0 394090
73 1 394178
65 0 394266
65 1 394377
82 0 394434
82 1 394513
32 0 394666
32 1 394770
68 0 394962
68 1 395058
85 0 395170
85 1 395241
80 0 395386
80 1 395473
65 0 395498
65 1 395609
32 0 395618
32 1 395697
78 0 395794
78 1 395890
69 0 396458
69 1 396545
189 0 396602
189 1 396698
65 0 396762
65 1 396857
77 0 396898
77 1 396994
32 0 397098
32 1 397194
85 0 397386
85 1 397465
82 0 397617
82 1 397697
67 0 397778
67 1 397865
65 0 397898
32 0 397954
65 1 397986
32 1 398042
73 0 398634
73 1 398717
78 0 398794
78 1 398890
32 0 398922
32 1 399010
77 0 399042
77 1 399146
65 0 399386
65 1 399490
83 0 399562
73 0 399618
83 1 399649
73 1 399714
78 0 399802
78 1 399881
65 0 399930
65 1 400026
32 0 400027
32 1 400105
83 0 406686
83 1 406750
73 0 406792
73 1 406895
32 0 406968
32 1 407055
65 0 407072
77 0 407152
65 1 407176
77 1 407263
32 0 407280
32 1 407375
80 0 407416
80 1 407511
76 0 407552
76 1 407623
69 0 408057
69 1 408119
67 0 408216
67 1 408295
65 0 408344
65 1 408438
32 0 408464
32 1 408551
73 0 408599
73 1 408695
78 0 408776
78 1 408879
84 0 409208
84 1 409304
82 0 409392
82 1 409479
48 0 409687
48 1 409783
8 0 410264
8 1 410367
189 0 410792
189 1 410911
85 0 411072
85 1 411152
78 0 411224
78 1 411320
32 0 411376
32 1 411479
82 0 411680
82 1 411775
79 0 411824
79 1 411895
65 0 411992
65 1 412095
68 0 412216
68 1 412303
84 0 412913
84 1 412983
82 0 413071
82 1 413152
73 0 413328
73 1 413407
80 0 413504
80 1 413607
32 0 413680
32 1 413800
76 0 414088
76 1 414191
65 0 414208
32 0 414328
65 1 414335
32 1 414439
77 0 414504
77 1 414584
85 0 414640
85 1 414728
78 0 414808
78 1 414896
84 0 415008
84 1 415087
69 0 415120
69 1 415207
190 0 419868
190 1 419947
32 0 420204
16 0 420316
32 1 420323
65 0 420484
65 1 420620
16 1 420636
77 0 420956
77 1 421020
32 0 421452
32 1 421555
76 0 421604
76 1 421692
85 0 421804
85 1 421875
65 0 421900
65 1 422011
32 0 422020
32 1 422108
75 0 422506
75 1 422603
65 0 422627
65 1 422734
32 0 422876
32 1 422947
187 0 423108
187 1 423171
8 0 423373
8 1 423451
8 0 423502
8 1 423563
8 0 423612
8 1 423684
8 0 423735
8 1 423819
8 0 424764
8 1 424844
32 0 425684
32 1 425772
75 0 425860
75 1 425956
8 0 426348
8 1 426444
189 0 428602
189 1 428724
8 0 429164
8 1 429228
8 0 429303
8 1 429388
32 0 430109
32 1 430196
76 0 430260
76 1 430364
65 0 430378
32 0 430444
65 1 430475
32 1 430532
78 0 430637
78 1 430716
79 0 430788
79 1 430868
85 0 430988
85 1 431060
32 0 431220
32 1 431308
8 0 431540
8 1 431588
8 0 431654
8 1 431724
85 0 432132
85 1 432196
8 0 432436
8 1 432532
73 0 432708
73 1 432796
32 0 432948
32 1 433044
79 0 434580
79 1 434659
32 0 434716
32 1 434836
80 0 434900
80 1 435004
8 0 435212
8 1 435259
8 0 435439
8 1 435508
8 0 435557
8 1 435620
8 0 435663
8 1 435732
8 0 435781
8 1 435860
8 0 435918
8 1 435980
8 0 436036
8 1 436100
8 0 436167
8 1 436236
8 0 436301
8 1 436372
8 0 436423
8 1 436508
8 0 436532
8 1 436620
8 0 436694
8 1 436756
8 0 436980
8 1 437044
8 0 437119
8 1 437180
8 0 437244
8 1 437332
32 0 437660
32 1 437772
76 0 438165
76 1 438260
85 0 438373
85 1 438452
65 0 438477
65 1 438572
32 0 438581
32 1 438676
65 0 438684
65 1 438780
76 0 439013
76 1 439108
8 0 439493
8 1 439556
8 0 439615
8 1 439692
76 0 439820
76 1 439908
65 0 439988
65 1 440092
32 0 440173
32 1 440252
78 0 440517
78 1 440580
79 0 440692
79 1 440764
73 0 440861
73 1 440972
32 0 441085
32 1 441180
79 0 446914
79 1 446959
32 0 447177
32 1 447271
80 0 447321
80 1 447417
65 0 447465
65 1 447584
84 0 448049
84 1 448152
85 0 448208
85 1 448296
82 0 448408
82 1 448488
65 0 448505
65 1 448600
32 0 448625
83 0 448705
32 1 448706
83 1 448792
73 0 449345
73 1 449448
32 0 449513
32 1 449612
78 0 449641
78 1 449728
69 0 449777
69 1 449856
189 0 452513
189 1 452624
65 0 452808
65 1 452920
77 0 452929
77 1 453017
32 0 453121
32 1 453216
65 0 453297
65 1 453407
83 0 453553
83 1 453648
69 0 453713
69 1 453784
90 0 453897
90 1 453984
65 0 454065
65 1 454160
32 0 454257
32 1 454328
85 0 457693
85 1 457792
78 0 457881
78 1 457993
68 0 458081
68 1 458161
69 0 458249
69 1 458321
86 0 458905
86 1 458993
65 0 459001
32 0 459081
65 1 459103
32 1 459169
73 0 459193
73 1 459288
78 0 459369
78 1 459457
32 0 459505
32 1 459616
78 0 459961
78 1 460048
65 0 460089
65 1 460193
84 0 460449
84 1 460537
85 0 460641
85 1 460717
82 0 460833
82 1 460921
65 0 460961
65 1 461057
32 0 461065
32 1 461145
76 0 471743
76 1 471814
65 0 471854
65 1 471941
78 0 471983
78 1 472062
71 0 472207
71 1 472278
65 0 472295
65 1 472390
32 0 472399
32 1 472486
85 0 472519
85 1 472622
78 0 472703
78 1 472822
32 0 472839
32 1 472934
76 0 473047
76 1 473126
65 0 473191
65 1 473278
67 0 473751
67 1 473859
190 0 474063
190 1 474151
187 0 478524
187 1 478578
8 0 479193
8 1 479263
8 0 479331
8 1 479416
32 0 480312
32 1 480416
80 0 480585
80 1 480687
69 0 480800
69 1 480896
78 0 480912
78 1 481008
84 0 481120
84 1 481184
82 0 481272
82 1 481361
85 0 481472
85 1 481560
32 0 481680
32 1 481783
65 0 481857
32 0 481945
65 1 481960
32 1 482039
65 0 482417
65 1 482472
68 0 482608
68 1 482720
77 0 482849
77 1 482945
73 0 483017
73 1 483089
82 0 483553
82 1 483633
65 0 483689
65 1 483777
32 0 484161
32 1 484257
80 0 489139
80 1 489193
82 0 489299
82 1 489370
73 0 489434
73 1 489506
86 0 490107
86 1 490194
69 0 490219
69 1 490298
83 0 490395
83 1 490522
76 0 490539
76 1 490626
73 0 490771
73 1 490850
83 0 490859
83 1 490954
84 0 491011
69 0 491059
84 1 491073
69 1 491130
65 0 491235
65 1 491345
190 0 496396
190 1 496485
32 0 496749
32 1 496853
16 0 496877
76 0 497038
16 1 497141
76 1 497149
65 0 497222
65 1 497341
32 0 497430
32 1 497533
80 0 497966
80 1 498045
82 0 498270
82 1 498317
65 0 498798
65 1 498909
78 0 498966
78 1 499061
90 0 499101
90 1 499205
32 0 499334
32 1 499429
65 0 499509
77 0 499598
65 1 499612
77 1 499717
32 0 499766
32 1 499861
79 0 500150
79 1 500229
82 0 500438
82 1 500517
71 0 500774
71 1 500845
78 0 500966
78 1 501061
65 0 501069
73 0 501102
65 1 501149
73 1 501197
90 0 501254
90 1 501325
65 0 501406
65 1 501493
8 0 501806
8 1 501901
8 0 501960
8 1 502013
8 0 502054
8 1 502117
8 0 502176
8 1 502245
8 0 502294
8 1 502373
65 0 502509
65 1 502597
78 0 502982
78 1 503061
73 0 503070
73 1 503173
90 0 503182
90 1 503261
65 0 503342
65 1 503428
32 0 505541
32 1 505613
85 0 506174
85 1 506269
78 0 506310
78 1 506396
32 0 506454
32 1 506549
79 0 506590
79 1 506693
73 0 506806
73 1 506893
8 0 507126
8 1 507205
8 0 507248
8 1 507341
77 0 507894
77 1 507997
73 0 508029
73 1 508117
67 0 508214
67 1 508333
32 0 508470
32 1 508557
80 0 508798
80 1 508910
73 0 509030
73 1 509125
78 0 509262
78 1 509357
67 0 509406
67 1 509509
8 0 510461
8 1 510565
8 0 511113
8 1 511221
67 0 511246
67 1 511374
78 0 511486
78 1 511573
73 0 511582
73 1 511677
67 0 511702
67 1 511796
32 0 511862
32 1 511950
80 0 512030
80 1 512093
69 0 512134
69 1 512245
32 0 512406
32 1 512493
77 0 512550
77 1 512645
65 0 512678
65 1 512766
82 0 512854
82 1 512925
71 0 513118
71 1 513189
73 0 513286
73 1 513380
78 0 513454
69 0 513518
78 1 513525
69 1 513589
65 0 513693
65 1 513813
32 0 513837
32 1 513933
76 0 514014
76 1 514037
65 0 514102
65 1 514181
67 0 514662
67 1 514741
85 0 514822
85 1 514902
76 0 515014
76 1 515085
85 0 515206
85 1 515262
73 0 515349
73 1 515437
32 0 515493
32 1 515580
8 0 519506
8 1 519586
77 0 520091
77 1 520178
32 0 520219
32 1 520315
73 0 520347
73 1 520442
65 0 520491
65 1 520594
82 0 520603
82 1 520683
32 0 520724
32 1 520803
83 0 520818
83 1 520931
79 0 520955
79 1 521026
82 0 521059
82 1 521146
69 0 521227
69 1 521323
8 0 521603
8 1 521643
8 0 521798
8 1 521874
8 0 521907
8 1 521970
80 0 522555
80 1 522635
82 0 522651
82 1 522730
69 0 522827
69 1 522923
32 0 523372
32 1 523450
83 0 523515
83 1 523594
69 0 523667
69 1 523731
65 0 523811
65 1 523907
82 0 523908
65 0 523971
82 1 523995
65 1 524075
32 0 524139
32 1 524235
65 0 524259
78 0 524339
65 1 524346
78 1 524427
8 0 525044
8 1 525131
77 0 525323
77 1 525427
32 0 525500
32 1 525603
70 0 525706
70 1 525794
65 0 525811
67 0 525883
65 1 525898
67 1 525970
69 0 526012
69 1 526082
32 0 526163
32 1 526236
85 0 531485
85 1 531531
78 0 531588
78 1 531684
32 0 531732
32 1 531836
70 0 532260
70 1 532379
79 0 532413
79 1 532492
67 0 532516
67 1 532636
32 0 532892
32 1 532979
77 0 533051
77 1 533148
65 0 533196
65 1 533292
82 0 533340
82 1 533411
69 0 533444
69 1 533532
32 0 533564
32 1 533662
68 0 533667
68 1 533788
69 0 533852
32 0 533965
69 1 533971
32 1 534076
84 0 534436
84 1 534516
65 0 534548
65 1 534684
66 0 534693
66 1 534772
65 0 534780
65 1 534924
82 0 535292
82 1 535387
65 0 535405
65 1 535524
32 0 537636
32 1 537716
83 0 537820
83 1 537868
73 0 537925
73 1 538004
32 0 538293
32 1 538396
65 0 538420
65 1 538508
77 0 538516
77 1 538604
32 0 538643
32 1 538732
80 0 539236
80 1 539340
82 0 539348
82 1 539444
73 0 540013
73 1 540116
86 0 540404
86 1 540492
73 0 540604
73 1 540676
32 0 540909
32 1 541028
76 0 541165
76 1 541252
73 0 541405
73 1 541500
78 0 541613
78 1 541724
73 0 541749
73 1 541852
83 0 541933
83 1 542044
84 0 542549
84 1 542636
73 0 542845
73 1 542932
84 0 543117
84 1 543187
73 0 543365
73 1 543460
32 0 544725
32 1 544820
65 0 544885
65 1 544996
80 0 545549
80 1 545661
85 0 545885
85 1 545980
83 0 546021
85 0 546101
83 1 546124
85 1 546196
76 0 546341
76 1 546436
190 0 546677
190 1 546748
8 0 550603
8 1 550700
84 0 551990
84 1 552052
16 0 577278
76 0 577518
76 1 577598
16 1 577614
65 0 577758
65 1 577862
32 0 578022
32 1 578134
79 0 578437
79 1 578510
82 0 578678
82 1 578750
65 0 578790
32 0 578878
65 1 578894
32 1 578974
65 0 578990
67 0 579070
65 1 579077
67 1 579150
84 0 579598
84 1 579670
85 0 579902
85 1 579974
65 0 580030
76 0 580126
65 1 580149
76 1 580222
65 0 580230
65 1 580326
32 0 580358
32 1 580446
67 0 584187
67 1 584249
79 0 584426
79 1 584498
78 0 584642
78 1 584722
83 0 584938
83 1 585042
73 0 585226
73 1 585314
68 0 585339
68 1 585426
69 0 585498
69 1 585586
82 0 585659
32 0 585739
82 1 585754
32 1 585842
67 0 586883
67 1 586978
65 0 586986
32 0 587058
65 1 587082
32 1 587162
83 0 587435
83 1 587538
73 0 587562
83 0 587642
73 1 587649
83 1 587754
84 0 587867
84 1 587946
69 0 587986
69 1 588058
77 0 588178
77 1 588258
85 0 588371
85 1 588434
76 0 588571
76 1 588642
32 0 588730
32 1 588810
69 0 595713
69 1 595766
68 0 595855
68 1 595958
85 0 596007
85 1 596094
67 0 596463
67 1 596534
65 0 596551
65 1 596646
84 0 597199
84 1 597263
73 0 597575
73 1 597607
79 0 597855
79 1 597942
78 0 598080
78 1 598150
65 0 598191
65 1 598270
76 0 598583
76 1 598734
32 0 598823
32 1 598950
68 0 599079
73 0 599167
68 1 599182
73 1 599278
78 0 599367
78 1 599454
32 0 599503
32 1 599590
16 0 599982
82 0 600247
82 1 600318
16 1 600343
79 0 600495
79 1 600588
77 0 600706
77 1 600798
65 0 600831
65 1 600934
78 0 601055
78 1 601150
73 0 601215
73 1 601302
65 0 601359
65 1 601463
32 0 601543
32 1 601646
65 0 603454
65 1 603542
82 0 603670
82 1 603759
69 0 603863
69 1 603950
32 0 604023
32 1 604111
79 0 604567
79 1 604702
32 0 604751
32 1 604878
8 0 605159
8 1 605231
8 0 605289
8 1 605358
78 0 605527
78 1 605615
69 0 605663
69 1 605791
86 0 606312
86 1 606383
79 0 606479
79 1 606567
73 0 606647
69 0 606744
73 1 606744
69 1 606847
32 0 606895
32 1 607007
68 0 607543
68 1 607631
69 0 607711
69 1 607807
32 0 607808
32 1 607902
79 0 607951
79 1 608047
32 0 608320
32 1 608414
82 0 608575
82 1 608655
69 0 608663
69 1 608759
70 0 608799
70 1 608879
79 0 609031
79 1 609087
82 0 609119
82 1 609222
77 0 609631
77 1 609711
65 0 609800
65 1 609903
188 0 611718
188 1 611807
32 0 611896
32 1 611999
73 0 612063
73 1 612159
83 0 612735
83 1 612815
32 0 612935
32 1 613023
8 0 613768
8 1 613823
8 0 613873
8 1 613966
78 0 614159
78 1 614223
32 0 614535
32 1 614623
83 0 614856
83 1 614959
80 0 615039
80 1 615151
69 0 615184
69 1 615271
67 0 615447
67 1 615527
73 0 615912
73 1 615991
65 0 616040
65 1 616143
76 0 616152
76 1 616231
32 0 616360
32 1 616455
76 0 617047
76 1 617151
65 0 617184
32 0 617240
65 1 617278
32 1 617327
78 0 617424
78 1 617494
73 0 617511
73 1 617639
86 0 617856
86 1 617943
69 0 618248
69 1 618335
76 0 618576
76 1 618663
85 0 618864
85 1 618943
76 0 619080
76 1 619175
32 0 619280
32 1 619391
80 0 619688
80 1 619791
82 0 620518
82 1 620655
79 0 620704
79 1 620799
71 0 621168
71 1 621263
82 0 621367
82 1 621439
65 0 621456
65 1 621559
77 0 621624
77 1 621727
69 0 621752
69 1 621831
76 0 621912
76 1 621999
79 0 622072
79 1 622151
82 0 622176
82 1 622287
32 0 623216
32 1 623319
83 0 623422
83 1 623519
67 0 623952
67 1 624063
79 0 624384
79 1 624487
76 0 625496
65 0 625568
76 1 625583
65 1 625687
82 0 625792
82 1 625855
69 0 625912
69 1 626015
32 0 626120
32 1 626215
65 0 626488
65 1 626591
76 0 627113
76 1 627191
69 0 627264
69 1 627351
32 0 627432
32 1 627511
77 0 627608
77 1 627703
65 0 627728
65 1 627815
84 0 628184
84 1 628271
69 0 628360
69 1 628487
82 0 628552
82 1 628647
73 0 628680
73 1 628719
73 0 628802
73 1 628887
76 0 629056
76 1 629151
79 0 629240
79 1 629319
82 0 629360
82 1 629455
190 0 630360
190 1 630431
32 0 638065
32 1 638127
16 0 638640
67 0 638856
67 1 638919
16 1 638928
79 0 639112
79 1 639215
78 0 639384
78 1 639471
83 0 640392
83 1 640503
73 0 640552
73 1 640631
68 0 640640
68 1 640727
69 0 640808
69 1 640903
82 0 640984
82 1 641079
32 0 641200
32 1 641287
67 0 641472
67 1 641568
65 0 641608
65 1 641695
32 0 641760
32 1 641847
73 0 642824
73 1 642911
78 0 642984
78 1 643071
32 0 643128
32 1 643215
77 0 643287
77 1 643359
79 0 643472
79 1 643584
77 0 643729
77 1 643807
69 0 644353
69 1 644431
78 0 644464
78 1 644536
84 0 644984
84 1 645055
85 0 645216
85 1 645288
76 0 645415
76 1 645510
32 0 645591
32 1 645671
68 0 645679
68 1 645744
69 0 645824
32 0 645904
69 1 645929
32 1 645991
70 0 646256
65 0 646328
70 1 646344
84 0 646375
65 1 646423
84 1 646464
65 0 646488
32 0 646568
65 1 646575
32 1 646663
85 0 646824
85 1 646895
8 0 647256
8 1 647335
73 0 647496
73 1 647536
78 0 647664
78 1 647744
32 0 648328
32 1 648407
8 0 648808
8 1 648904
67 0 649136
67 1 649208
65 0 649256
32 0 649336
65 1 649343
32 1 649424
83 0 649448
85 0 649504
83 1 649536
85 1 649600
78 0 649688
78 1 649744
82 0 649895
82 1 649976
32 0 650176
32 1 650264
8 0 650480
8 1 650528
8 0 650600
8 1 650672
84 0 651033
84 1 651112
32 0 651168
32 1 651256
65 0 651391
65 1 651527
66 0 651688
66 1 651775
79 0 651920
79 1 652024
82 0 652216
82 1 652304
68 0 652393
68 1 652488
65 0 652504
84 0 652553
65 1 652608
84 1 652664
69 0 652760
69 1 652871
32 0 653872
32 1 653959
66 0 654113
66 1 654191
73 0 654235
73 1 654339
78 0 654408
78 1 654487
69 0 654527
32 0 654615
69 1 654623
32 1 654695
77 0 655654
77 1 655744
65 0 655768
65 1 655872
84 0 655936
84 1 656032
69 0 656056
69 1 656160
82 0 656215
82 1 656295
73 0 656464
73 1 656528
73 0 656603
73 1 656680
32 0 657065
32 1 657168
69 0 657264
69 1 657352
88 0 657561
88 1 657632
65 0 657640
67 0 657720
65 1 657736
67 1 657824
84 0 657841
84 1 657936
69 0 658501
69 1 658600
32 0 658665
32 1 658776
80 0 659065
80 1 659184
82 0 659192
82 1 659280
69 0 659369
69 1 659480
88 0 659769
88 1 659863
85 0 659920
85 1 660016
8 0 660272
8 1 660464
67 0 660505
67 1 660607
8 0 660834
8 1 660912
8 0 660955
67 0 661049
8 1 661055
67 1 661160
85 0 661225
85 1 661296
77 0 661465
77 1 661544
32 0 662992
32 1 663106
77 0 665353
77 1 665432
65 0 665465
65 1 665567
84 0 665601
84 1 665704
69 0 665735
69 1 665824
77 0 665969
77 1 666064
65 0 666121
65 1 666216
84 0 666625
84 1 666704
73 0 666841
73 1 666912
67 0 667041
67 1 667128
65 0 667145
65 1 667240
77 0 667281
77 1 667376
32 0 667513
32 1 667608
8 0 667857
8 1 667912
8 0 667963
8 1 668032
188 0 668161
188 1 668240
32 0 668432
32 1 668528
70 0 668809
73 0 668889
70 1 668895
73 1 668960
67 0 669393
67 1 669504
73 0 669545
73 1 669632
8 0 669969
8 1 670024
8 0 670075
8 1 670176
90 0 670184
90 1 670296
73 0 670336
73 1 670424
67 0 670601
67 1 670680
65 0 670737
65 1 670824
77 0 670881
77 1 670960
32 0 671081
32 1 671176
8 0 671377
8 1 671416
8 0 671475
8 1 671560
190 0 671697
190 1 671768
8 0 672305
8 1 672386
188 0 672825
188 1 672904
32 0 673336
32 1 673431
73 0 673713
73 1 673785
78 0 673929
78 1 674033
70 0 674337
70 1 674448
79 0 674802
79 1 674880
82 0 675137
82 1 675240
77 0 675625
77 1 675712
65 0 675777
65 1 675880
84 0 676202
84 1 676280
73 0 676409
73 1 676496
67 0 676641
67 1 676720
65 0 676753
65 1 676872
77 0 686886
77 1 686964
8 0 687596
8 1 687709
188 0 687837
188 1 687949
32 0 688029
32 1 688141
73 0 688190
73 1 688277
78 0 688453
78 1 688541
83 0 688597
83 1 688685
65 0 688781
65 1 688869
32 0 688877
32 1 688949
75 0 689038
75 1 689125
65 0 689157
65 1 689237
8 0 689516
8 1 689565
8 0 689608
8 1 689685
76 0 689781
76 1 689869
65 0 689916
65 1 690004
32 0 690301
32 1 690389
80 0 690494
80 1 690573
79 0 690734
79 1 690818
76 0 691117
76 1 691189
85 0 691341
85 1 691405
76 0 691557
76 1 691637
32 0 691789
32 1 691869
79 0 692254
79 1 692333
80 0 692605
80 1 692693
85 0 692829
85 1 692917
83 0 692957
83 1 693061
32 0 696118
32 1 696197
83 0 696326
83 1 696413
69 0 696494
69 1 696573
32 0 696653
32 1 696732
65 0 696798
65 1 696885
70 0 697309
70 1 697389
76 0 697557
76 1 697629
65 0 697670
65 1 697765
32 0 697798
32 1 697901
77 0 697934
77 1 698013
65 0 698046
65 1 698149
84 0 698567
84 1 698645
69 0 698654
69 1 698749
82 0 698830
82 1 698925
73 0 698966
73 1 699021
73 0 699096
73 1 699180
32 0 699238
32 1 699325
80 0 699838
80 1 699941
82 0 700013
82 1 700117
69 0 700198
69 1 700293
67 0 700398
67 1 700508
85 0 700558
85 1 700645
77 0 700742
77 1 700829
32 0 700950
32 1 701029
76 0 705716
76 1 705766
73 0 705901
73 1 705973
77 0 706126
77 1 706214
66 0 706726
66 1 706806
65 0 706878
65 1 706998
32 0 707150
32 1 707222
82 0 707485
82 1 707590
79 0 707638
79 1 707734
77 0 707886
77 1 707974
65 0 708006
78 0 708094
65 1 708101
78 1 708166
65 0 708182
65 1 708278
32 0 711859
32 1 711907
67 0 712009
65 0 712074
67 1 712106
82 0 712170
65 1 712177
82 1 712250
69 0 712306
69 1 712392
32 0 712474
32 1 712554
83 0 712570
83 1 712666
85 0 712667
85 1 712754
78 0 712850
78 1 712922
84 0 713066
84 1 713138
32 0 713330
32 1 713417
84 0 713578
84 1 713690
79 0 713705
84 0 713770
79 1 713779
84 1 713858
65 0 714543
65 1 714626
76 0 714713
76 1 714802
32 0 714874
32 1 714962
68 0 715202
68 1 715290
69 0 715369
69 1 715458
80 0 715523
80 1 715658
65 0 715707
65 1 715797
83 0 715867
83 1 715962
73 0 716426
73 1 716498
84 0 716649
84 1 716730
69 0 716763
69 1 716850
32 0 716874
32 1 716946
68 0 724541
68 1 724582
69 0 724657
69 1 724750
32 0 724815
32 1 724895
69 0 724927
69 1 725023
80 0 725159
80 1 725255
79 0 725343
79 1 725415
67 0 725559
67 1 725647
65 0 725649
65 1 725743
32 0 725759
32 1 725831
73 0 726087
73 1 726183
78 0 726255
78 1 726351
32 0 726407
32 1 726504
67 0 726599
65 0 726671
67 1 726719
82 0 726743
65 1 726767
82 1 726847
69 0 726887
69 1 726959
32 0 726999
32 1 727087
84 0 727183
84 1 727287
82 0 727391
82 1 727503
65 0 727559
65 1 727623
73 0 727735
73 1 727823
77 0 727975
77 1 728055
32 0 728223
32 1 728295
68 0 728647
68 1 728759
73 0 728767
73 1 728846
78 0 728911
78 1 729007
32 0 729023
32 1 729111
80 0 730256
80 1 730350
85 0 730496
85 1 730567
67 0 730663
67 1 730767
78 0 730783
78 1 730863
84 0 730975
84 1 731055
32 0 731151
32 1 731247
68 0 731271
68 1 731359
8 0 731583
8 1 731663
8 0 731714
8 1 731767
8 0 731807
8 1 731880
8 0 731930
8 1 731991
8 0 732048
8 1 732111
78 0 732591
78 1 732671
67 0 732703
67 1 732799
84 0 732831
84 1 732903
32 0 733056
32 1 733143
68 0 733176
68 1 733263
69 0 733343
69 1 733430
32 0 733472
32 1 733543
86 0 733808
69 0 733880
86 1 733886
69 1 733975
68 0 734072
68 1 734159
69 0 734248
69 1 734343
82 0 734423
82 1 734519
69 0 734600
69 1 734703
32 0 734767
32 1 734855
65 0 737952
65 1 738062
76 0 738264
76 1 738359
32 0 738423
32 1 738519
80 0 738568
80 1 738671
82 0 738728
79 0 738824
82 1 738825
79 1 738895
71 0 739390
71 1 739471
82 0 739576
82 1 739647
65 0 739688
65 1 739799
77 0 739848
77 1 739927
69 0 739960
69 1 740047
73 0 740054
73 1 740167
32 0 740304
32 1 740415
83 0 740560
83 1 740679
67 0 740752
67 1 740880
79 0 740881
79 1 740959
76 0 741056
76 1 741143
65 0 741152
65 1 741247
82 0 741320
82 1 741391
69 0 741432
69 1 741511
190 0 742336
190 1 742407
32 0 742655
32 1 742727
16 0 745727
83 0 745848
16 1 745975
73 0 745992
83 1 745993
73 1 746088
83 0 746089
83 1 746207
84 0 746256
84 1 746326
69 0 746424
69 1 746543
77 0 746728
77 1 746815
85 0 746944
85 1 747007
76 0 747120
76 1 747207
32 0 747280
32 1 747359
73 0 747424
73 1 747495
78 0 747600
78 1 747679
32 0 747840
32 1 747928
65 0 748048
65 1 748151
75 0 748160
75 1 748207
8 0 748632
8 1 748727
76 0 748856
76 1 748942
84 0 749144
84 1 749231
69 0 749304
69 1 749391
32 0 749480
32 1 749567
84 0 749768
84 1 749871
65 0 749879
65 1 749967
82 0 749983
82 1 750063
73 0 750568
73 1 750655
32 0 750784
32 1 750872
83 0 750904
83 1 750991
69 0 751080
69 1 751167
32 0 751224
32 1 751311
66 0 751648
66 1 751729
65 0 751744
65 1 751823
90 0 751920
90 1 751991
69 0 752439
69 1 752527
65 0 753048
65 1 753135
90 0 753256
90 1 753335
65 0 753432
65 1 753511
32 0 753872
32 1 753952
77 0 754088
65 0 754177
77 1 754177
73 0 754248
65 1 754255
73 1 754336
32 0 754384
77 0 754424
32 1 754439
77 1 754520
85 0 754616
85 1 754679
76 0 754800
76 1 754863
84 0 755112
84 1 755216
32 0 756369
32 1 756440
80 0 756536
80 1 756648
69 0 756664
69 1 756744
32 0 756792
32 1 756888
65 0 756936
65 1 757040
8 0 757671
8 1 757775
80 0 758399
80 1 758495
85 0 758623
85 1 758704
78 0 758791
78 1 758888
69 0 758920
69 1 759040
82 0 759104
82 1 759208
69 0 759272
69 1 759344
65 0 759560
65 1 759672
32 0 759735
32 1 759824
73 0 759880
73 1 759944
78 0 760048
78 1 760160
32 0 760184
32 1 760288
79 0 760392
79 1 760417
8 0 761024
8 1 761136
80 0 761264
80 1 761360
82 0 761576
82 1 761624
65 0 761681
67 0 761752
65 1 761784
84 0 761856
67 1 761863
84 1 761952
73 0 762088
73 1 762160
67 0 762305
67 1 762392
65 0 762440
65 1 762536
32 0 762537
32 1 762640
65 0 762680
65 1 762800
32 0 762832
32 1 762928
67 0 763312
67 1 763432
85 0 763577
85 1 763656
78 0 763721
78 1 763800
79 0 763864
79 1 763960
83 0 763984
83 1 764096
84 0 764152
84 1 764232
73 0 765527
73 1 765607
78 0 765712
78 1 765792
84 0 765945
84 1 766032
69 0 766057
69 1 766176
76 0 766232
76 1 766328
79 0 766417
79 1 766496
82 0 767073
32 0 767184
82 1 767201
32 1 767296
68 0 767368
79 0 767441
68 1 767472
79 1 767552
66 0 768089
65 0 768168
66 1 768175
65 1 768280
78 0 768336
78 1 768447
68 0 768617
68 1 768704
73 0 768736
73 1 768840
84 0 769009
84 1 769103
69 0 769161
69 1 769295
188 0 814446
188 1 814486
32 0 814711
32 1 814799
76 0 815016
76 1 815078
8 0 815758
8 1 815839
76 0 816247
76 1 816351
85 0 816480
85 1 816559
67 0 816616
67 1 816735
85 0 816737
82 0 816824
85 1 816847
82 1 816951
85 0 816984
85 1 817063
32 0 817208
32 1 817295
8 0 818256
8 1 818367
8 0 818434
8 1 818495
8 0 818544
8 1 818729
8 0 818954
8 1 819031
82 0 819072
82 1 819167
85 0 819630
85 1 819719
32 0 819768
32 1 819854
67 0 819992
67 1 820079
69 0 820112
32 0 820216
69 1 820222
32 1 820311
65 0 820536
65 1 820647
82 0 820672
82 1 820749
32 0 820808
32 1 820911
84 0 820936
84 1 821031
82 0 821120
82 1 821199
69 0 821264
69 1 821343
66 0 821832
66 1 821903
85 0 822008
85 1 822070
73 0 822160
32 0 822272
73 1 822278
32 1 822391
65 0 822416
79 0 822488
65 1 822512
79 1 822583
8 0 823040
8 1 823143
80 0 823271
80 1 823351
76 0 823432
76 1 823511
73 0 823600
73 1 823663
67 0 823816
67 1 823887
65 0 823896
65 1 823984
84 0 823985
84 1 824079
32 0 824168
32 1 824279
83 0 824549
83 1 824647
73 0 824688
73 1 824783
32 0 824848
32 1 824943
73 0 825024
73 1 825119
78 0 825192
78 1 825303
32 0 825360
32 1 825455
83 0 826353
83 1 826463
73 0 826480
83 0 826576
73 1 826583
83 1 826672
84 0 826744
84 1 826831
69 0 826840
69 1 826912
77 0 826984
77 1 827063
85 0 827328
85 1 827399
76 0 827512
76 1 827584
32 0 827688
32 1 827791
69 0 828032
69 1 828119
68 0 828216
68 1 828304
85 0 828360
85 1 828439
67 0 828601
65 0 828680
67 1 828681
65 1 828760
84 0 828776
84 1 828864
73 0 829112
73 1 829183
79 0 829256
79 1 829336
78 0 829432
78 1 829520
65 0 829528
65 1 829631
76 0 829656
76 1 829743
32 0 829856
32 1 829944
68 0 830549
68 1 830624
73 0 830656
73 1 830744
78 0 830816
78 1 830904
32 0 830952
32 1 831048
16 0 831064
82 0 831192
16 1 831272
82 1 831279
77 0 832073
77 1 832118
8 0 832416
8 1 832519
79 0 832640
79 1 832728
77 0 833161
77 1 833256
65 0 833288
65 1 833391
78 0 833424
78 1 833512
73 0 833520
73 1 833616
65 0 833656
65 1 833768
191 0 834048
191 1 834160
8 0 834617
8 1 834687
190 0 834967
190 1 835032
32 0 846569
32 1 846636
16 0 846684
67 0 846804
67 1 846876
16 1 846892
79 0 847069
79 1 847172
78 0 847357
78 1 847381
83 0 848399
83 1 848524
73 0 848541
73 1 848644
68 0 848653
68 1 848756
69 0 848837
69 1 848940
82 0 849021
82 1 849140
32 0 853218
32 1 853264
67 0 853739
67 1 853825
65 0 853834
32 0 853905
65 1 853938
32 1 854018
65 0 854042
82 0 854122
65 1 854139
82 1 854218
32 0 854258
32 1 854377
84 0 854402
84 1 854529
82 0 854626
82 1 854697
69 0 854722
69 1 854809
66 0 855202
66 1 855273
85 0 855314
85 1 855393
73 0 855482
73 1 855577
32 0 855634
32 1 855729
82 0 859841
82 1 859886
69 0 859927
69 1 860031
73 0 860176
73 1 860263
78 0 860352
78 1 860439
84 0 860575
84 1 860647
82 0 860760
82 1 860830
79 0 861080
79 1 861143
68 0 862413
68 1 862527
85 0 862568
85 1 862647
83 0 862864
83 1 863007
32 0 871465
32 1 871528
73 0 871697
73 1 871785
78 0 871857
78 1 871953
32 0 872017
32 1 872121
83 0 872130
73 0 872209
83 1 872233
73 1 872273
83 0 872305
83 1 872417
82 0 872569
82 1 872642
8 0 873074
8 1 873145
84 0 874010
84 1 874088
69 0 874113
69 1 874209
77 0 874281
77 1 874369
85 0 874457
85 1 874529
76 0 874634
76 1 874721
32 0 874777
32 1 874873
68 0 874898
68 1 874968
69 0 875049
32 0 875121
69 1 875145
32 1 875217
73 0 875241
73 1 875345
78 0 875449
78 1 875545
86 0 875946
65 0 876025
86 1 876032
65 1 876161
84 0 876305
84 1 876417
65 0 876449
65 1 876553
77 0 876618
77 1 876713
65 0 876905
65 1 877017
78 0 877057
78 1 877145
84 0 877288
84 1 877361
32 0 877745
32 1 877833
68 0 877906
73 0 877970
68 1 877985
73 1 878057
78 0 878130
78 1 878241
32 0 878257
32 1 878369
16 0 878441
82 0 878641
16 1 878705
82 1 878713
79 0 878898
79 1 878993
77 0 879410
77 1 879521
65 0 879562
65 1 879657
78 0 879962
73 0 880114
78 1 880115
73 1 880209
65 0 880241
65 1 880353
188 0 889289
188 1 889374
37 0 895125
37 1 895179
65 0 895789
65 1 895876
39 0 900052
39 1 900164
32 0 901109
32 1 901188
83 0 901237
83 1 901332
67 0 901757
67 1 901828
79 0 902020
79 1 902116
65 0 902133
76 0 902213
65 1 902252
76 1 902301
65 0 902333
65 1 902444
32 0 902533
32 1 902636
68 0 902645
68 1 902708
69 0 902789
69 1 902876
32 0 902909
32 1 903004
65 0 903076
65 1 903188
82 0 903229
82 1 903292
84 0 903375
69 0 903437
84 1 903443
69 1 903524
32 0 903565
32 1 903655
83 0 903941
83 1 904044
73 0 904061
73 1 904156
32 0 904221
32 1 904300
77 0 904309
77 1 904404
69 0 904421
69 1 904524
83 0 904829
83 1 904916
69 0 905005
69 1 905124
82 0 905261
82 1 905348
73 0 905404
73 1 905485
73 0 905535
73 1 905604
188 0 939881
188 1 939950
32 0 940079
32 1 940175
68 0 940432
68 1 940542
69 0 940600
69 1 940703
79 0 940776
79 1 940895
65 0 941208
65 1 941311
82 0 941584
82 1 941679
69 0 941696
67 0 941768
69 1 941791
67 1 941855
69 0 941872
69 1 941967
32 0 941984
32 1 942071
73 0 962856
73 1 962917
78 0 962990
78 1 963077
32 0 963134
32 1 963237
82 0 963358
82 1 963461
73 0 963494
73 1 963589
84 0 963774
84 1 963846
77 0 964030
77 1 964110
85 0 964230
85 1 964302
76 0 964446
76 1 964533
32 0 964622
32 1 964717
65 0 964782
65 1 964886
67 0 964974
67 1 965054
84 0 965158
84 1 965189
85 0 965476
85 1 965574
65 0 965605
76 0 965694
65 1 965701
76 1 965790
32 0 965902
32 1 965989
73 0 969840
73 1 969886
78 0 969960
78 1 970047
32 0 970119
32 1 970215
85 0 970280
85 1 970367
82 0 970519
82 1 970591
77 0 970736
77 1 970815
65 0 970880
65 1 970999
84 0 971015
84 1 971087
79 0 971224
79 1 971319
82 0 971352
82 1 971447
85 0 971496
85 1 971551
8 0 971984
8 1 972087
73 0 972216
73 1 972279
73 0 972330
73 1 972415
32 0 972464
32 1 972559
65 0 972576
78 0 972648
65 1 972679
78 1 972736
73 0 972743
73 1 972839
188 0 978536
188 1 978599
32 0 978712
32 1 978800
67 0 979097
67 1 979208
8 0 979929
8 1 980080
86 0 980185
86 1 980272
79 0 980313
79 1 980399
77 0 980496
77 1 980584
32 0 980657
32 1 980752
65 0 980769
65 1 980880
86 0 980977
69 0 981024
86 1 981049
69 1 981104
65 0 981217
65 1 981320
32 0 981377
32 1 981456
84 0 984543
84 1 984631
79 0 984713
84 0 984769
79 1 984800
84 1 984872
32 0 984936
32 1 985024
77 0 985097
77 1 985176
65 0 985201
65 1 985280
73 0 985625
73 1 985720
32 0 985873
32 1 985984
80 0 986065
80 1 986136
85 0 986281
85 1 986368
84 0 986441
73 0 986545
84 1 986551
73 1 986640
78 0 986705
73 0 986800
78 1 986816
73 1 986912
32 0 990380
32 1 990458
79 0 990699
65 0 990787
79 1 990793
65 1 990890
77 0 991362
77 1 991457
69 0 991476
69 1 991561
78 0 991570
78 1 991674
73 0 991690
73 1 991810
32 0 991906
32 1 992002
67 0 992139
67 1 992218
65 0 992227
65 1 992314
76 0 992394
76 1 992490
73 0 992579
73 1 992673
70 0 992753
73 0 992841
70 1 992873
73 1 992929
67 0 993075
67 1 993170
65 0 993179
84 0 993234
65 1 993258
84 1 993330
73 0 993883
73 1 993978
32 0 994083
32 1 994178
73 0 997251
73 1 997338
78 0 997459
78 1 997562
32 0 997690
32 1 997778
78 0 997907
78 1 997994
85 0 998043
85 1 998114
77 0 998179
77 1 998282
69 0 998537
69 1 998634
82 0 998995
82 1 999106
79 0 999187
79 1 999282
65 0 999299
65 1 999403
83 0 999491
83 1 999562
69 0 999667
69 1 999730
32 0 999827
32 1 999922
68 0 1000107
68 1 1000209
79 0 1000243
79 1 1000330
69 0 1000347
69 1 1000442
77 0 1000451
77 1 1000538
8 0 1001155
8 1 1001218
8 0 1001278
8 1 1001346
77 0 1001507
77 1 1001586
69 0 1001596
69 1 1001674
78 0 1001707
78 1 1001779
73 0 1001811
73 1 1001890
73 0 1001949
73 1 1002026
190 0 1002259
190 1 1002322
9 0 1024375
16 0 1026543
85 0 1026746
85 1 1026807
16 1 1026815
78 0 1026880
78 1 1026967
32 0 1027016
32 1 1027119
68 0 1027144
68 1 1027223
69 0 1027296
69 1 1027383
84 0 1027407
84 1 1027487
65 0 1027528
65 1 1027616
76 0 1028039
76 1 1028128
73 0 1028217
73 1 1028288
85 0 1028377
85 1 1028455
32 0 1030314
32 1 1030402
67 0 1030498
65 0 1030570
67 1 1030584
82 0 1030642
65 1 1030666
82 1 1030737
69 0 1030778
32 0 1030858
69 1 1030865
32 1 1030946
73 0 1031026
73 1 1031105
83 0 1031418
83 1 1031497
69 0 1031578
69 1 1031658
8 0 1031883
8 1 1031938
8 0 1031989
69 0 1032067
8 1 1032073
69 1 1032146
83 0 1032243
83 1 1032322
69 0 1032411
69 1 1032474
32 0 1032508
32 1 1032594
73 0 1032819
73 1 1032866
8 0 1033163
8 1 1033267
73 0 1033412
73 1 1033490
78 0 1033659
78 1 1033763
32 0 1033884
32 1 1033971
69 0 1034380
69 1 1034467
86 0 1034716
86 1 1034795
73 0 1034932
73 1 1035027
68 0 1035036
68 1 1035123
69 0 1035211
78 0 1035260
69 1 1035291
78 1 1035366
84 0 1035492
84 1 1035556
65 0 1035603
65 1 1035691
32 0 1038318
32 1 1038411
69 0 1038485
69 1 1038573
84 0 1038757
84 1 1038845
8 0 1039254
8 1 1039365
83 0 1039381
83 1 1039485
84 0 1039622
84 1 1039693
69 0 1039718
69 1 1039805
32 0 1039901
32 1 1040005
65 0 1040694
65 1 1040781
67 0 1040830
67 1 1040901
82 0 1040934
82 1 1041053
68 0 1041134
68 1 1041238
65 0 1041286
65 1 1041381
8 0 1042767
8 1 1042830
8 0 1042897
8 1 1042950
8 0 1042998
8 1 1043062
8 0 1043304
8 1 1043390
82 0 1043831
82 1 1043910
67 0 1044102
67 1 1044173
65 0 1044182
65 1 1044278
68 0 1044295
65 0 1044350
68 1 1044357
65 1 1044453
32 0 1044487
32 1 1044598
32 0 1046681
32 1 1046743
67 0 1046887
67 1 1046951
76 0 1047184
65 0 1047272
76 1 1047272
65 1 1047375
68 0 1047471
68 1 1047575
73 0 1047631
73 1 1047727
82 0 1047783
73 0 1047864
82 1 1047887
73 1 1047943
73 0 1049057
73 1 1049119
188 0 1052741
188 1 1052819
32 0 1052876
32 1 1052979
85 0 1053044
85 1 1053131
78 0 1053212
78 1 1053307
32 0 1053380
32 1 1053467
83 0 1053588
83 1 1053707
69 0 1053772
69 1 1053876
77 0 1053908
77 1 1053987
73 0 1054052
73 1 1054139
67 0 1054203
67 1 1054259
69 0 1055235
69 1 1055347
82 0 1055444
82 1 1055532
67 0 1055580
67 1 1055668
32 0 1059373
32 1 1059443
67 0 1059589
65 0 1059635
67 1 1059700
65 1 1059740
82 0 1059773
82 1 1059860
69 0 1059877
69 1 1059972
32 0 1060045
32 1 1060148
69 0 1060173
69 1 1060268
83 0 1060349
84 0 1060453
83 1 1060468
84 1 1060532
69 0 1060541
69 1 1060628
32 0 1060701
32 1 1060796
68 0 1061157
68 1 1061268
69 0 1061349
69 1 1061436
67 0 1061845
67 1 1061924
79 0 1062157
79 1 1062236
82 0 1062413
82 1 1062484
65 0 1062493
65 1 1062588
84 0 1062605
84 1 1062692
32 0 1062765
32 1 1062852
67 0 1068137
67 1 1068264
85 0 1068337
85 1 1068431
32 0 1068471
32 1 1068568
78 0 1068632
78 1 1068728
85 0 1068785
85 1 1068856
77 0 1068968
77 1 1069048
69 0 1069097
69 1 1069184
82 0 1070298
82 1 1070415
79 0 1070441
79 1 1070512
65 0 1070913
65 1 1071015
83 0 1071089
83 1 1071192
69 0 1071305
69 1 1071400
68 0 1074202
68 1 1074280
69 0 1074353
69 1 1074448
84 0 1074489
84 1 1074576
65 0 1074641
65 1 1074744
76 0 1074793
76 1 1074872
73 0 1074993
73 1 1075056
73 0 1075122
73 1 1075208
32 0 1075313
32 1 1075408
8 0 1075585
8 1 1075664
8 0 1075716
8 1 1075744
8 0 1075777
8 1 1075864
8 0 1075899
8 1 1075968
8 0 1076025
8 1 1076088
8 0 1076155
8 1 1076217
8 0 1076273
8 1 1076345
8 0 1076402
8 1 1076488
32 0 1077321
32 1 1077415
68 0 1077472
68 1 1077560
69 0 1077624
69 1 1077728
84 0 1077769
84 1 1077856
65 0 1077888
65 1 1077992
76 0 1078040
76 1 1078120
73 0 1078240
73 1 1078304
73 0 1078363
73 1 1078448
32 0 1078496
32 1 1078577
65 0 1080178
65 1 1080288
82 0 1080448
82 1 1080520
72 0 1081169
72 1 1081233
79 0 1081672
79 1 1081728
8 0 1082088
8 1 1082184
73 0 1082657
73 1 1082737
84 0 1082897
84 1 1082977
69 0 1083009
69 1 1083113
67 0 1083120
67 1 1083201
84 0 1083289
84 1 1083377
85 0 1083578
85 1 1083657
82 0 1083786
65 0 1083857
82 1 1083864
65 1 1083945
76 0 1084073
76 1 1084145
69 0 1084201
69 1 1084305
190 0 1086673
190 1 1086769
32 0 1087025
32 1 1087113
16 0 1087177
80 0 1087314
16 1 1087417
80 1 1087418
73 0 1087545
73 1 1087633
67 0 1087650
67 1 1087753
84 0 1087857
84 1 1087937
85 0 1088050
85 1 1088121
82 0 1088250
82 1 1088321
65 0 1088329
65 1 1088425
32 0 1088426
32 1 1088521
83 0 1088553
83 1 1088641
85 0 1089090
85 1 1089169
82 0 1089306
82 1 1089369
80 0 1089546
80 1 1089641
82 0 1089760
82 1 1089889
85 0 1089905
85 1 1089953
8 0 1090778
8 1 1090873
73 0 1091330
73 1 1091410
78 0 1091490
68 0 1091570
78 1 1091571
68 1 1091649
69 0 1091730
69 1 1091833
32 0 1092306
32 1 1092369
77 0 1096353
77 1 1096424
65 0 1096465
73 0 1096513
65 1 1096576
73 1 1096616
32 0 1096657
32 1 1096728
77 0 1096745
77 1 1096848
85 0 1096945
85 1 1097016
76 0 1097137
76 1 1097216
69 0 1097569
69 1 1097632
8 0 1098578
8 1 1098696
84 0 1099065
84 1 1099160
69 0 1099193
32 0 1099273
69 1 1099289
32 1 1099376
73 0 1102600
73 1 1102664
80 0 1102801
80 1 1102896
79 0 1103017
79 1 1103088
83 0 1103121
83 1 1103248
84 0 1103337
84 1 1103423
65 0 1103456
65 1 1103560
90 0 1103649
90 1 1103761
69 0 1103849
69 1 1103968
32 0 1104065
32 1 1104168
83 0 1106337
83 1 1106456
80 0 1106584
80 1 1106671
69 0 1106729
69 1 1106832
67 0 1107169
67 1 1107263
73 0 1107320
73 1 1107415
70 0 1107513
73 0 1107601
70 1 1107608
73 1 1107689
67 0 1107825
67 1 1107905
69 0 1107937
69 1 1108008
32 0 1108081
32 1 1108177
65 0 1108452
65 1 1108561
67 0 1108633
67 1 1108720
84 0 1108777
84 1 1108881
73 0 1112120
73 1 1112233
86 0 1113377
86 1 1113448
73 0 1113664
73 1 1113737
84 0 1113920
84 1 1113993
65 0 1114025
84 0 1114104
65 1 1114136
84 1 1114176
73 0 1114537
73 1 1114609
76 0 1114713
76 1 1114809
79 0 1114905
79 1 1114985
82 0 1115041
82 1 1115120
32 0 1116905
32 1 1117001
80 0 1117121
80 1 1117233
69 0 1117273
69 1 1117353
32 0 1117361
32 1 1117473
67 0 1117689
65 0 1117761
67 1 1117793
82 0 1117841
65 1 1117848
82 1 1117945
69 0 1117978
69 1 1118041
32 0 1118049
32 1 1118121
79 0 1118578
79 1 1118641
8 0 1119050
8 1 1119161
79 0 1119429
79 1 1119537
65 0 1119753
65 1 1119881
77 0 1119930
77 1 1120033
69 0 1120066
78 0 1120145
69 1 1120152
78 1 1120241
73 0 1120266
73 1 1120361
73 0 1120412
73 1 1120481
32 0 1121456
32 1 1121513
68 0 1125546
73 0 1125602
68 1 1125609
73 1 1125698
78 0 1125762
78 1 1125858
32 0 1125906
32 1 1125994
69 0 1128795
69 1 1128890
80 0 1129034
80 1 1129122
79 0 1129186
79 1 1129258
67 0 1129402
67 1 1129490
65 0 1129506
32 0 1129603
65 1 1129609
32 1 1129706
82 0 1130002
82 1 1130090
69 0 1130178
69 1 1130258
83 0 1130322
83 1 1130426
80 0 1130553
80 1 1130634
69 0 1130674
69 1 1130762
67 0 1130881
67 1 1130954
84 0 1131010
84 1 1131082
73 0 1131210
73 1 1131298
86 0 1131435
86 1 1131514
65 0 1131538
65 1 1131652
32 0 1133907
32 1 1134034
76 0 1134058
69 0 1134170
76 1 1134177
69 1 1134274
32 0 1134299
32 1 1134417
82 0 1134626
82 1 1134706
69 0 1134802
69 1 1134882
65 0 1134914
65 1 1135026
76 0 1135114
76 1 1135210
85 0 1135339
85 1 1135418
8 0 1135866
8 1 1135962
73 0 1136098
73 1 1136194
90 0 1136203
90 1 1136281
65 0 1136587
65 1 1136673
85 0 1136691
85 1 1136770
190 0 1137363
190 1 1137433
32 0 1138194
32 1 1138274
16 0 1138442
73 0 1138586
73 1 1138674
16 1 1138698
78 0 1138737
78 1 1138834
32 0 1138850
32 1 1138954
80 0 1139034
80 1 1139130
65 0 1139163
65 1 1139266
82 0 1139315
82 1 1139378
84 0 1139450
69 0 1139523
84 1 1139538
69 1 1139610
65 0 1139715
65 1 1139826
32 0 1139898
32 1 1139985
68 0 1140429
68 1 1140515
82 0 1140515
82 1 1140602
69 0 1140667
69 1 1140745
65 0 1140803
65 1 1140898
80 0 1140970
80 1 1141034
84 0 1141195
84 1 1141274
65 0 1141331
65 1 1141426
32 0 1141467
32 1 1141546
65 0 1142611
65 1 1142714
32 0 1142723
32 1 1142810
80 0 1143275
80 1 1143346
73 0 1143434
73 1 1143529
67 0 1143562
67 1 1143666
84 0 1143813
84 1 1143898
85 0 1144027
85 1 1144106
82 0 1144115
82 1 1144210
73 0 1144235
73 1 1144298
73 0 1144357
73 1 1144442
32 0 1144483
32 1 1144570
85 0 1146060
85 1 1146146
78 0 1146211
78 1 1146298
32 0 1146347
32 1 1146433
71 0 1146618
71 1 1146706
82 0 1146811
82 1 1146874
85 0 1147051
85 1 1147130
80 0 1147251
80 1 1147314
32 0 1147419
32 1 1147498
82 0 1148772
82 1 1148842
69 0 1148883
69 1 1148985
68 0 1149083
68 1 1149170
65 0 1149219
67 0 1149299
65 1 1149316
67 1 1149370
84 0 1149483
84 1 1149538
69 0 1149571
69 1 1149658
65 0 1149811
65 1 1149835
8 0 1150659
8 1 1150681
8 0 1150765
8 1 1150858
8 0 1150915
8 1 1151002
84 0 1151635
84 1 1151730
69 0 1151843
69 1 1151906
65 0 1151915
65 1 1152003
90 0 1152075
90 1 1152178
65 0 1152251
65 1 1152347
32 0 1152411
32 1 1152515
85 0 1154075
85 1 1154163
78 0 1154211
78 1 1154314
32 0 1154355
32 1 1154442
84 0 1154515
84 1 1154602
69 0 1154610
69 1 1154699
88 0 1154851
88 1 1154962
84 0 1154971
84 1 1155066
32 0 1155115
32 1 1155210
83 0 1156003
83 1 1156114
73 0 1156179
73 1 1156283
32 0 1156315
32 1 1156418
68 0 1156531
68 1 1156651
73 0 1157275
73 1 1157371
83 0 1158188
83 1 1158283
67 0 1158387
67 1 1158473
85 0 1158595
85 1 1158674
84 0 1158787
65 0 1158876
84 1 1158877
65 1 1158995
32 0 1159139
32 1 1159259
68 0 1161172
68 1 1161283
73 0 1161395
73 1 1161475
86 0 1161651
69 0 1161740
86 1 1161741
69 1 1161819
83 0 1161907
83 1 1162019
69 0 1162107
69 1 1162195
8 0 1162586
8 1 1162715
8 0 1163750
8 1 1163843
82 0 1164323
82 1 1164427
83 0 1164491
83 1 1164579
69 0 1164667
69 1 1164747
32 0 1164875
32 1 1164987
73 0 1167004
73 1 1167115
68 0 1167124
68 1 1167203
69 0 1167283
69 1 1167371
73 0 1167748
73 1 1167835
188 0 1168252
188 1 1168379
32 0 1168443
32 1 1168555
73 0 1168612
73 1 1168714
65 0 1168763
65 1 1168867
82 0 1168940
82 1 1169019
32 0 1169227
32 1 1169314
73 0 1169547
73 1 1169643
78 0 1169691
78 1 1169795
32 0 1169811
32 1 1169922
80 0 1170018
80 1 1170123
65 0 1170204
65 1 1170323
82 0 1170332
82 1 1170403
84 0 1170476
69 0 1170547
84 1 1170565
69 1 1170635
65 0 1170740
65 1 1170867
32 0 1170892
32 1 1171003
83 0 1172276
83 1 1172395
85 0 1172556
85 1 1172635
80 0 1173060
80 1 1173139
69 0 1173188
69 1 1173307
82 0 1173786
82 1 1173883
73 0 1174076
73 1 1174155
79 0 1174236
65 0 1174316
79 1 1174331
65 1 1174435
82 0 1174996
82 1 1175083
65 0 1175116
65 1 1175227
32 0 1176556
32 1 1176643
65 0 1176692
65 1 1176819
32 0 1176868
32 1 1176955
83 0 1177460
83 1 1177571
67 0 1177588
67 1 1177676
69 0 1178156
69 1 1178259
78 0 1178356
78 1 1178451
69 0 1178556
69 1 1178635
73 0 1179285
73 1 1179363
188 0 1180716
188 1 1180803
32 0 1180964
32 1 1181051
80 0 1183356
80 1 1183451
65 0 1183500
65 1 1183635
82 0 1183692
82 1 1183771
69 0 1183820
69 1 1183923
32 0 1183956
32 1 1184051
65 0 1184396
65 1 1184484
86 0 1184508
86 1 1184587
69 0 1184612
69 1 1184683
65 0 1184812
65 1 1184939
32 0 1185900
32 1 1186011
8 0 1186524
8 1 1186603
8 0 1186671
8 1 1186726
8 0 1186772
8 1 1186819
8 0 1186886
8 1 1186955
65 0 1187076
65 1 1187195
32 0 1187283
32 1 1187380
8 0 1187668
8 1 1187723
8 0 1187782
8 1 1187852
32 0 1188020
32 1 1188123
65 0 1188180
65 1 1188300
86 0 1188427
69 0 1188500
86 1 1188507
69 1 1188580
65 0 1188676
32 0 1188780
65 1 1188798
32 1 1188859
76 0 1188987
76 1 1189075
79 0 1189156
79 1 1189244
67 0 1189674
67 1 1189763
32 0 1189868
32 1 1189964
80 0 1190068
80 1 1190132
32 0 1190780
32 1 1190868
8 0 1191573
8 1 1191627
8 0 1191679
8 1 1191779
79 0 1192140
79 1 1192220
32 0 1192284
32 1 1192356
68 0 1192404
68 1 1192484
69 0 1192548
69 1 1192636
90 0 1193211
90 1 1193308
66 0 1193852
66 1 1193932
65 0 1193948
65 1 1194052
84 0 1194068
84 1 1194156
69 0 1194196
69 1 1194324
82 0 1194388
82 1 1194492
69 0 1194572
69 1 1194676
32 0 1194748
32 1 1194844
73 0 1195340
73 1 1195436
78 0 1195516
78 1 1195588
84 0 1195692
84 1 1195763
82 0 1195852
82 1 1195940
69 0 1195964
69 1 1196052
32 0 1196124
32 1 1196204
80 0 1196596
80 1 1196676
69 0 1196693
69 1 1196788
82 0 1196852
82 1 1196948
83 0 1197140
83 1 1197188
79 0 1197500
79 1 1197596
78 0 1197764
78 1 1197860
65 0 1198188
65 1 1198276
74 0 1198493
74 1 1198588
69 0 1198788
69 1 1198892
190 0 1200758
190 1 1200844
32 0 1200996
32 1 1201091
16 0 1201180
73 0 1201468
16 1 1201523
73 1 1201548
78 0 1201613
78 1 1201708
32 0 1201741
32 1 1201844
80 0 1201957
80 1 1202052
65 0 1202125
65 1 1202220
82 0 1202245
82 1 1202308
84 0 1202365
84 1 1202444
69 0 1202870
69 1 1202947
65 0 1203052
65 1 1203172
32 0 1203229
32 1 1203332
83 0 1203733
83 1 1203812
84 0 1203900
84 1 1203988
65 0 1204061
65 1 1204172
78 0 1204236
78 1 1204315
71 0 1204437
71 1 1204515
65 0 1204557
32 0 1204651
65 1 1204659
32 1 1204740
85 0 1207452
85 1 1207540
78 0 1207605
78 1 1207708
32 0 1207757
32 1 1207852
79 0 1207925
79 1 1208020
77 0 1208117
77 1 1208204
32 0 1208317
32 1 1208420
68 0 1209628
68 1 1209732
69 0 1209797
69 1 1209892
83 0 1209989
83 1 1210084
69 0 1210149
69 1 1210236
78 0 1210423
78 1 1210492
69 0 1210509
69 1 1210604
65 0 1210709
65 1 1210820
90 0 1210909
90 1 1210996
65 0 1211085
65 1 1211172
32 0 1211701
32 1 1211796
67 0 1211853
67 1 1211964
85 0 1211997
85 1 1212084
32 0 1212101
32 1 1212212
65 0 1212237
74 0 1212318
65 1 1212339
74 1 1212388
85 0 1212461
85 1 1212548
84 0 1212653
84 1 1212724
79 0 1212869
79 1 1212964
82 0 1213109
82 1 1213156
85 0 1213181
85 1 1213252
76 0 1213405
76 1 1213460
32 0 1216085
32 1 1216172
85 0 1216349
85 1 1216428
78 0 1216476
85 0 1216597
78 1 1216604
85 1 1216684
73 0 1216757
32 0 1216861
73 1 1216868
32 1 1216956
67 0 1217197
67 1 1217300
79 0 1217517
79 1 1217604
80 0 1217701
80 1 1217788
77 0 1217933
77 1 1218044
8 0 1219061
8 1 1219268
77 0 1219429
77 1 1219532
8 0 1219717
8 1 1219781
8 0 1219831
8 1 1219892
77 0 1220069
77 1 1220140
80 0 1220653
80 1 1220732
65 0 1220773
65 1 1220876
83 0 1220957
83 1 1221061
32 0 1222515
32 1 1222629
79 0 1222661
79 1 1222749
32 0 1222821
32 1 1222925
70 0 1223213
70 1 1223301
73 0 1223405
73 1 1223525
71 0 1223677
71 1 1223749
85 0 1223773
85 1 1223876
82 0 1223989
82 1 1224077
65 0 1224117
32 0 1224213
65 1 1224229
32 1 1224332
71 0 1224517
71 1 1224597
69 0 1224637
69 1 1224725
79 0 1224829
79 1 1224932
77 0 1225077
77 1 1225165
69 0 1225557
69 1 1225661
84 0 1226116
84 1 1226197
82 0 1226269
82 1 1226357
73 0 1226493
73 1 1226589
67 0 1226733
67 1 1226821
65 0 1226877
65 1 1227013
188 0 1228166
188 1 1228261
32 0 1228365
32 1 1228468
67 0 1228509
67 1 1228605
69 0 1228709
69 1 1228869
76 0 1228965
76 1 1229005
8 0 1229540
8 1 1229629
73 0 1229756
73 1 1229837
76 0 1229940
76 1 1230012
65 0 1230045
76 0 1230093
65 1 1230157
76 1 1230173
84 0 1230661
84 1 1230749
73 0 1230893
73 1 1230989
32 0 1231117
32 1 1231229
70 0 1232429
70 1 1232509
73 0 1232597
73 1 1232669
73 0 1232728
73 1 1232813
78 0 1232886
78 1 1232973
68 0 1233157
68 1 1233237
32 0 1233365
32 1 1233469
73 0 1233974
73 1 1234069
78 0 1234149
78 1 1234229
84 0 1234349
69 0 1234421
84 1 1234428
69 1 1234541
82 0 1234693
82 1 1234805
69 0 1234909
69 1 1234997
83 0 1235454
83 1 1235532
65 0 1235622
65 1 1235725
84 0 1235765
84 1 1235853
73 0 1235982
73 1 1236093
32 0 1237612
32 1 1237701
68 0 1237798
68 1 1237869
32 0 1238086
32 1 1238189
8 0 1238478
8 1 1238573
69 0 1238630
69 1 1238749
32 0 1238790
32 1 1238893
67 0 1239053
67 1 1239142
69 0 1239142
67 0 1239230
69 1 1239246
67 1 1239285
8 0 1239638
8 1 1239732
69 0 1239798
69 1 1239876
69 0 1239944
69 1 1240029
65 0 1240150
65 1 1240229
32 0 1240301
32 1 1240389
8 0 1240974
8 1 1241037
8 0 1241097
8 1 1241141
8 0 1241198
8 1 1241285
65 0 1241414
65 1 1241525
32 0 1241582
32 1 1241669
67 0 1241822
67 1 1241909
69 0 1241918
69 1 1242013
32 0 1242078
32 1 1242165
76 0 1242699
76 1 1242805
69 0 1242862
69 1 1242989
32 0 1243037
32 1 1243125
69 0 1243670
69 1 1243756
88 0 1243942
88 1 1244005
80 0 1244278
80 1 1244381
76 0 1244502
76 1 1244589
73 0 1244670
73 1 1244749
67 0 1244894
67 1 1244973
65 0 1245006
32 0 1245086
65 1 1245117
32 1 1245181
65 0 1245221
67 0 1245326
65 1 1245332
67 1 1245405
69 0 1245446
69 1 1245501
83 0 1245598
83 1 1245709
84 0 1245726
84 1 1245805
65 0 1245837
65 1 1245941
188 0 1246046
188 1 1246109
8 0 1246620
8 1 1246701
190 0 1246926
190 1 1246997
8 0 1300035
8 1 1300105
39 0 1303522
39 1 1303578
39 0 1303686
39 1 1303755
39 0 1303931
39 1 1303971
39 0 1304062
39 1 1304107
39 0 1304187
39 1 1304251
39 0 1304462
39 1 1304522
37 0 1305307
37 1 1305378
8 0 1305571
8 1 1305651
8 0 1305718
8 1 1305778
8 0 1305827
8 1 1305867
8 0 1305934
8 1 1305994
8 0 1306051
8 1 1306123
8 0 1306174
8 1 1306235
8 0 1306291
8 1 1306363
8 0 1306421
8 1 1306482
8 0 1306531
8 1 1306626
8 0 1306750
8 1 1306859
8 0 1307219
8 1 1307283
79 0 1307932
79 1 1308019
32 0 1308531
32 1 1308627
8 0 1308875
8 1 1308931
8 0 1308990
8 1 1309042
8 0 1309083
8 1 1309163
8 0 1309742
8 1 1309811
65 0 1310518
65 1 1310611
32 0 1310818
32 1 1310907
79 0 1311555
79 1 1311643
32 0 1311692
32 1 1311779
67 0 1312428
65 0 1312515
67 1 1312522
65 1 1312619
70 0 1312628
70 1 1312707
69 0 1312747
69 1 1312835
65 0 1312972
65 1 1313083
8 0 1335362
8 1 1335448
188 0 1335697
188 1 1335768
