16 0 106744
65 0 107050
16 1 107150
65 1 107153
67 0 107330
67 1 107441
85 0 107515
85 1 107614
77 0 107689
77 1 107784
32 0 107866
32 1 107957
69 0 108155
69 1 108286
32 0 108340
32 1 108431
78 0 108532
78 1 108583
79 0 108764
79 1 108811
65 0 108897
65 1 108968
80 0 108981
80 1 109036
84 0 109241
84 1 109316
69 0 109450
69 1 109558
190 0 110148
190 1 110266
32 0 110699
32 1 110770
16 0 111687
65 0 112120
65 1 112183
16 1 112203
32 0 112326
32 1 112405
70 0 112506
70 1 112609
79 0 112646
79 1 112717
83 0 112800
83 1 112887
84 0 112929
84 1 113000
32 0 113099
32 1 113162
79 0 113268
79 1 113344
32 0 113420
32 1 113503
90 0 113542
90 1 113649
73 0 113654
73 1 113721
32 0 113793
32 1 113848
68 0 113944
68 1 114043
69 0 114158
69 1 114241
83 0 114367
84 0 114451
83 1 114455
84 1 114510
76 0 114938
76 1 115026
32 0 115132
32 1 115212
68 0 115250
68 1 115366
69 0 115437
32 0 115517
69 1 115539
32 1 115584
85 0 115667
85 1 115734
82 0 115871
82 1 115934
65 0 115984
65 1 116059
84 0 116087
84 1 116142
65 0 116155
65 1 116218
190 0 116891
190 1 116942
190 0 117039
190 1 117086
32 0 117278
32 1 117373
68 0 117422
68 1 117517
69 0 117618
32 0 117698
69 1 117712
32 1 117777
70 0 117822
70 1 117869
65 0 117962
65 1 118032
80 0 118200
80 1 118271
84 0 118511
84 1 118574
32 0 118650
32 1 118734
73 0 118856
73 1 118931
65 0 118978
65 1 119069
82 0 119158
82 1 119217
78 0 119413
78 1 119489
65 0 119527
65 1 119614
32 0 119630
32 1 119710
65 0 119730
65 1 119811
83 0 119913
83 1 120016
84 0 120069
84 1 120128
65 0 120183
65 1 120263
32 0 120373
32 1 120441
65 0 120524
65 1 120615
32 0 120650
32 1 120717
70 0 121017
70 1 121129
79 0 121159
79 1 121214
83 0 121313
83 1 121425
84 0 121438
84 1 121489
32 0 121573
32 1 121640
85 0 121719
85 1 121818
78 0 121839
78 1 121923
65 0 121985
65 1 122064
32 0 122104
32 1 122191
68 0 122642
68 1 122749
69 0 122841
69 1 122949
83 0 123085
83 1 123153
84 0 123179
84 1 123238
85 0 123510
85 1 123538
76 0 123753
76 1 123833
32 0 123903
32 1 123979
68 0 124031
68 1 124127
69 0 124259
69 1 124359
32 0 124636
32 1 124715
85 0 125011
85 1 125083
82 0 125283
82 1 125346
65 0 125374
65 1 125462
84 0 125488
84 1 125552
65 0 125576
65 1 125643
190 0 126005
190 1 126081
32 0 126221
32 1 126292
16 0 127813
78 0 128164
78 1 128272
16 1 128308
189 0 128511
189 1 128570
65 0 128937
65 1 129013
77 0 129050
77 1 129142
32 0 129230
32 1 129311
77 0 129431
77 1 129524
65 0 129542
65 1 129662
73 0 129663
73 1 129746
32 0 129835
32 1 129914
86 0 130016
86 1 130080
65 0 130137
65 1 130209
90 0 130342
90 1 130401
85 0 130440
85 1 130528
84 0 130685
84 1 130748
32 0 130828
32 1 130916
68 0 130955
68 1 131043
69 0 131164
32 0 131239
69 1 131280
32 1 131316
67 0 131389
69 0 131453
67 1 131457
69 1 131553
86 0 131569
86 1 131637
65 0 131695
65 1 131779
32 0 131821
32 1 131905
65 0 131944
78 0 132008
65 1 132019
78 1 132072
73 0 132196
73 1 132268
32 0 132333
32 1 132417
90 0 132574
90 1 132662
65 0 132781
65 1 132877
80 0 132920
80 1 132992
65 0 133027
65 1 133115
68 0 133256
68 1 133320
65 0 133454
65 1 133538
32 0 133614
32 1 133690
70 0 133969
70 1 134073
82 0 134214
82 1 134329
85 0 134405
85 1 134469
77 0 134588
77 1 134680
79 0 134761
79 1 134833
65 0 135409
65 1 135509
83 0 135613
83 1 135694
65 0 135792
32 0 135868
65 1 135880
32 1 135964
73 0 136078
73 1 136166
78 0 136226
78 1 136309
32 0 136387
32 1 136475
16 0 136597
84 0 136677
16 1 136753
84 1 136773
73 0 136951
73 1 137027
77 0 137066
77 1 137169
73 0 137174
73 1 137248
83 0 137301
79 0 137389
83 1 137404
79 1 137457
65 0 137543
65 1 137614
82 0 137654
82 1 137726
65 0 137769
65 1 137833
190 0 139087
190 1 139175
32 0 139458
32 1 139533
16 0 140697
83 0 141253
16 1 141345
83 1 141356
73 0 141507
73 1 141587
32 0 141665
32 1 141740
90 0 141893
90 1 141965
73 0 142015
73 1 142078
76 0 142211
76 1 142282
69 0 142299
69 1 142374
76 0 142391
69 0 142471
76 1 142472
69 1 142555
32 0 142577
32 1 142653
84 0 142810
84 1 142874
82 0 142992
82 1 143055
69 0 143122
69 1 143205
67 0 143346
85 0 143446
67 1 143453
85 1 143514
84 0 143647
84 1 143698
69 0 143784
69 1 143896
32 0 143940
32 1 144008
84 0 144141
84 1 144204
79 0 144453
79 1 144520
84 0 144739
84 1 144810
32 0 144888
32 1 144980
73 0 145084
73 1 145203
78 0 145282
78 1 145370
78 0 146106
78 1 146190
79 0 146258
79 1 146333
82 0 146498
82 1 146558
65 0 146640
65 1 146727
84 0 146740
84 1 146807
32 0 146895
32 1 146958
83 0 147241
83 1 147340
73 0 147373
73 1 147448
32 0 147555
32 1 147622
84 0 147786
84 1 147845
82 0 147942
82 1 148037
73 0 148088
73 1 148163
83 0 148252
83 1 148356
84 0 148373
84 1 148424
32 0 148503
32 1 148570
65 0 148601
65 1 148684
32 0 148697
32 1 148768
70 0 148845
70 1 148896
79 0 149182
79 1 149237
83 0 149335
83 1 149418
84 0 149455
84 1 149506
188 0 151478
188 1 151577
32 0 151696
32 1 151779
68 0 151883
68 1 151958
73 0 152014
73 1 152129
78 0 152189
78 1 152280
32 0 152702
32 1 152821
80 0 152960
80 1 153055
65 0 153365
65 1 153508
67 0 153544
67 1 153623
65 0 153689
65 1 153784
84 0 153789
84 1 153856
69 0 154014
69 1 154125
190 0 157252
190 1 157327
32 0 157497
32 1 157552
16 0 157993
67 0 158166
67 1 158277
16 1 158281
82 0 158522
82 1 158637
69 0 158775
69 1 158862
68 0 158992
68 1 159087
32 0 159147
32 1 159231
67 0 159298
67 1 159365
65 0 159404
65 1 159483
32 0 159485
32 1 159555
86 0 159621
86 1 159685
82 0 159770
82 1 159854
69 0 159978
69 1 160073
77 0 160122
77 1 160195
69 0 160210
69 1 160290
65 0 160439
65 1 160518
32 0 160582
32 1 160645
80 0 160791
80 1 160875
69 0 160921
69 1 161016
82 0 161148
82 1 161220
70 0 161318
70 1 161377
69 0 161386
69 1 161461
67 0 161525
67 1 161581
84 0 161990
84 1 162069
65 0 162119
65 1 162218
32 0 162249
32 1 162320
80 0 162702
80 1 162781
69 0 163052
69 1 163167
78 0 163316
78 1 163391
84 0 163523
84 1 163550
82 0 163653
82 1 163760
85 0 163782
85 1 163849
32 0 163929
32 1 164008
77 0 164123
77 1 164222
73 0 164273
73 1 164360
78 0 164424
78 1 164500
69 0 164585
69 1 164704
32 0 164838
32 1 164913
68 0 165029
68 1 165144
69 0 165261
69 1 165368
80 0 165405
80 1 165473
78 0 165752
78 1 165799
8 0 166140
8 1 166207
73 0 166625
73 1 166717
78 0 166780
78 1 166866
68 0 166888
68 1 166968
69 0 167091
69 1 167211
32 0 167253
32 1 167330
68 0 167371
68 1 167466
69 0 167650
69 1 167774
32 0 167787
32 1 167850
70 0 167941
70 1 168041
73 0 168058
73 1 168134
69 0 168195
69 1 168307
67 0 168335
67 1 168399
65 0 168471
65 1 168582
82 0 168604
82 1 168671
69 0 168795
69 1 168911
32 0 169063
32 1 169134
83 0 169444
83 1 169560
69 0 169684
69 1 169771
90 0 169922
90 1 170018
79 0 170059
79 1 170143
78 0 170228
78 1 170294
190 0 170680
190 1 170764
32 0 170892
32 1 170932
32 0 172022
32 1 172126
8 0 172536
8 1 172612
16 0 172804
90 0 172980
90 1 173092
16 1 173108
73 0 173503
73 1 173583
85 0 173666
85 1 173738
65 0 173801
65 1 173901
32 0 173971
32 1 174039
69 0 174553
69 1 174673
8 0 175268
8 1 175392
80 0 175800
80 1 175880
69 0 175896
69 1 176008
82 0 176122
82 1 176210
70 0 176271
70 1 176335
69 0 176357
69 1 176465
67 0 176473
67 1 176520
84 0 176655
84 1 176723
65 0 176773
65 1 176885
32 0 176958
32 1 177038
68 0 177087
68 1 177175
69 0 177281
32 0 177365
69 1 177408
32 1 177444
80 0 177547
80 1 177636
82 0 177709
82 1 177793
73 0 177814
73 1 177882
77 0 178144
77 1 178224
65 0 178271
65 1 178371
86 0 178414
86 1 178474
65 0 178513
65 1 178617
82 0 178670
82 1 178746
65 0 178758
65 1 178858
32 0 178883
32 1 178971
69 0 179187
69 1 179303
32 0 179442
32 1 179519
73 0 180146
73 1 180250
78 0 180353
78 1 180441
83 0 180723
83 1 180827
79 0 180889
79 1 180953
82 0 181146
82 1 181254
73 0 181278
73 1 181338
84 0 181559
84 1 181631
65 0 181727
65 1 181827
32 0 182580
32 1 182659
8 0 183239
8 1 183322
188 0 183694
188 1 183785
32 0 183897
32 1 183980
50 0 184256
50 1 184363
48 0 184464
48 1 184532
32 0 185456
32 1 185543
68 0 185579
68 1 185651
69 0 185764
69 1 185855
32 0 185856
32 1 185930
71 0 185998
71 1 186070
82 0 186198
82 1 186261
65 0 186309
65 1 186428
68 0 186460
68 1 186523
69 0 186703
69 1 186790
32 0 187400
32 1 187479
83 0 188338
83 1 188433
73 0 188556
73 1 188639
32 0 188848
32 1 188923
80 0 189328
80 1 189400
79 0 189493
79 1 189560
65 0 189626
65 1 189689
84 0 189766
84 1 189825
69 0 189925
69 1 190036
32 0 190108
32 1 190184
68 0 190247
68 1 190330
85 0 190343
85 1 190410
80 0 190567
80 1 190646
65 0 190683
65 1 190766
32 0 190801
32 1 190840
79 0 190941
79 1 191008
32 0 191149
32 1 191212
80 0 191570
80 1 191645
76 0 191744
76 1 191819
79 0 191914
79 1 191977
65 0 192054
65 1 192141
73 0 192324
73 1 192387
69 0 192699
69 1 192802
32 0 193346
32 1 193421
83 0 194004
83 1 194103
67 0 194232
67 1 194318
85 0 194336
85 1 194407
82 0 194575
82 1 194634
84 0 194724
84 1 194807
65 0 194820
65 1 194924
32 0 194925
32 1 195003
68 0 195067
68 1 195166
69 0 195274
69 1 195361
32 0 195423
68 0 195487
32 1 195498
68 1 195598
73 0 195662
73 1 195737
77 0 195784
77 1 195891
73 0 195916
73 1 196047
78 0 196308
78 1 196355
69 0 196451
69 1 196562
8 0 196947
8 1 197050
69 0 197442
69 1 197517
65 0 197663
65 1 197758
84 0 197790
84 1 197849
65 0 197870
65 1 197953
190 0 198508
190 1 198587
32 0 198756
32 1 198823
16 0 199302
86 0 199462
86 1 199553
16 1 199594
65 0 199794
65 1 199913
82 0 199937
82 1 200012
65 0 200049
65 1 200112
32 0 200274
32 1 200345
90 0 203007
90 1 203118
73 0 203141
73 1 203212
85 0 203299
85 1 203366
65 0 203420
65 1 203515
32 0 203535
32 1 203614
80 0 203775
80 1 203854
69 0 203897
69 1 204008
82 0 204141
82 1 204188
70 0 204285
70 1 204336
69 0 204365
69 1 204461
67 0 204465
67 1 204517
84 0 204641
84 1 204716
65 0 204766
65 1 204866
32 0 204883
32 1 204966
83 0 205011
83 1 205106
69 0 205239
69 1 205358
32 0 205375
32 1 205455
84 0 205538
84 1 205601
69 0 205638
69 1 205725
82 0 205856
82 1 205915
77 0 205980
77 1 206079
73 0 206146
73 1 206233
78 0 206283
78 1 206394
65 0 206437
65 1 206528
32 0 207271
32 1 207366
67 0 209399
67 1 209494
85 0 209567
85 1 209642
32 0 211305
32 1 211389
79 0 215393
79 1 215459
32 0 215559
32 1 215658
83 0 215678
83 1 215773
69 0 215893
69 1 215962
65 0 216126
65 1 216193
82 0 216258
82 1 216314
65 0 216330
65 1 216418
32 0 216465
32 1 216561
82 0 216797
82 1 216872
65 0 216926
65 1 217010
67 0 217055
67 1 217103
79 0 217425
79 1 217489
82 0 217696
82 1 217787
79 0 217841
79 1 217895
65 0 218022
65 1 218134
83 0 218260
83 1 218373
65 0 218517
65 1 218609
190 0 219229
190 1 219312
32 0 219433
32 1 219488
16 0 219709
84 0 219829
16 1 219885
84 1 219929
79 0 220095
79 1 220154
65 0 220221
65 1 220333
77 0 220376
77 1 220460
78 0 220556
78 1 220632
65 0 220693
65 1 220785
32 0 220833
32 1 220913
69 0 222115
69 1 222210
32 0 222394
32 1 222482
85 0 222645
85 1 222729
78 0 222806
78 1 222902
65 0 222973
65 1 223089
32 0 223141
32 1 223229
73 0 223378
73 1 223450
78 0 224287
78 1 224367
78 0 224437
78 1 224528
79 0 224625
79 1 224685
82 0 224902
82 1 224970
65 0 225039
65 1 225131
84 0 225135
84 1 225199
65 0 225246
65 1 225338
32 0 225900
32 1 225996
83 0 228909
83 1 229004
73 0 229048
73 1 229108
32 0 229290
32 1 229369
8 0 235504
8 1 235585
8 0 235660
8 1 235747
8 0 235825
8 1 235905
8 0 236000
8 1 236075
32 0 239112
32 1 239246
83 0 240858
83 1 240977
73 0 241106
73 1 241169
32 0 241388
32 1 241487
82 0 241649
82 1 241708
65 0 241807
65 1 241898
67 0 241911
67 1 241958
79 0 242281
79 1 242336
82 0 242546
82 1 242637
79 0 242650
79 1 242725
65 0 242841
65 1 242959
83 0 243026
83 1 243121
65 0 243216
65 1 243339
32 0 243374
32 1 243461
83 0 243492
83 1 243592
73 0 243614
73 1 243689
32 0 243811
32 1 243898
73 0 243987
73 1 244058
65 0 244142
65 1 244233
82 0 244351
82 1 244406
78 0 244661
78 1 244741
65 0 244831
65 1 244926
32 0 245022
32 1 245089
90 0 248407
90 1 248530
73 0 248585
73 1 248641
85 0 248725
85 1 248793
65 0 248862
65 1 248949
32 0 248966
32 1 249045
80 0 249263
80 1 249335
69 0 249398
69 1 249502
82 0 249616
82 1 249708
70 0 249811
70 1 249866
69 0 251372
69 1 251488
67 0 251660
67 1 251724
84 0 251897
84 1 251969
65 0 252071
65 1 252171
32 0 252223
32 1 252311
69 0 252617
69 1 252721
83 0 252843
83 1 252943
84 0 252986
84 1 253058
69 0 253499
69 1 253607
32 0 253730
32 1 253809
67 0 254740
67 1 254799
69 0 254850
69 1 254938
65 0 255095
65 1 255183
32 0 255221
32 1 255321
73 0 255417
73 1 255529
32 0 255749
32 1 255849
8 0 256194
8 1 256302
78 0 257160
78 1 257266
32 0 257395
32 1 257487
67 0 257580
67 1 257656
65 0 257715
65 1 257815
82 0 257836
82 1 257904
69 0 257994
32 0 258098
69 1 258106
32 1 258178
73 0 258467
73 1 258546
8 0 259011
8 1 259087
78 0 259422
78 1 259542
73 0 259569
73 1 259662
78 0 259709
78 1 259801
71 0 259965
71 1 260049
69 0 260240
69 1 260348
32 0 261148
32 1 261248
8 0 264475
8 1 264579
190 0 264863
190 1 264951
32 0 265109
32 1 265173
16 0 267418
16 1 267974
16 0 270848
67 0 271072
67 1 271204
16 1 271245
8 0 273831
8 1 273942
16 0 274683
83 0 274891
16 1 274982
83 1 275002
80 0 275135
80 1 275210
69 0 275296
69 1 275399
82 0 275517
82 1 275592
32 0 275656
32 1 275739
67 0 275823
67 1 275894
65 0 275955
32 0 276043
65 1 276053
32 1 276118
73 0 276228
73 1 276315
78 0 276366
78 1 276449
67 0 276581
67 1 276632
65 0 276714
65 1 276817
76 0 276920
76 1 276987
90 0 277085
90 1 277184
73 0 277209
73 1 277272
82 0 277542
82 1 277618
69 0 277752
69 1 277847
65 0 277997
65 1 278100
32 0 278128
32 1 278211
71 0 278304
71 1 278367
76 0 278602
76 1 278677
79 0 278747
79 1 278806
66 0 278979
66 1 279034
65 0 279098
65 1 279197
76 0 279232
76 1 279303
65 0 279320
65 1 279399
32 0 279460
32 1 279539
83 0 279680
83 1 279767
65 0 279908
65 1 279991
32 0 280038
32 1 280130
78 0 280217
78 1 280296
85 0 280434
85 1 280501
32 0 280585
32 1 280676
78 0 280756
78 1 280835
69 0 280910
69 1 280997
32 0 281054
32 1 281133
65 0 281633
65 1 281716
70 0 281788
70 1 281847
69 0 281929
67 0 282041
69 1 282044
67 1 282092
84 0 282262
84 1 282317
69 0 282364
69 1 282459
90 0 282731
90 1 282830
69 0 283077
69 1 283176
32 0 283345
32 1 283432
65 0 283561
65 1 283656
84 0 283689
84 1 283756
65 0 283785
65 1 283868
84 0 283870
84 1 283944
32 0 284066
32 1 284157
84 0 284207
84 1 284294
69 0 284460
69 1 284595
8 0 284787
8 1 284858
8 0 284924
8 1 285007
68 0 285050
68 1 285169
69 0 285240
69 1 285331
32 0 285365
32 1 285436
84 0 285490
84 1 285569
65 0 285615
65 1 285714
82 0 285719
82 1 285778
69 0 285928
69 1 286068
190 0 286582
190 1 286661
16 0 307486
90 0 307630
16 1 307693
90 1 307729
73 0 307921
73 1 307988
85 0 308078
85 1 308145
65 0 308218
65 1 308325
32 0 308329
32 1 308417
73 0 308489
73 1 308553
68 0 308636
68 1 308751
69 0 308875
69 1 308962
65 0 309104
65 1 309183
76 0 309239
65 0 309279
76 1 309310
65 1 309358
32 0 309444
32 1 309519
80 0 309591
80 1 309650
69 0 309711
69 1 309798
78 0 309838
78 1 309925
84 0 310061
84 1 310124
85 0 310380
85 1 310447
8 0 310745
8 1 310816
82 0 310893
82 1 310985
85 0 311348
85 1 311427
32 0 311502
32 1 311601
77 0 311747
77 1 311778
73 0 311847
73 1 311930
78 0 311981
78 1 312069
69 0 312181
69 1 312288
32 0 312431
32 1 312517
69 0 314526
69 1 314621
83 0 314784
83 1 314871
84 0 314908
84 1 314976
69 0 315056
69 1 315168
32 0 315284
32 1 315380
85 0 315661
85 1 315760
78 0 316224
78 1 316332
65 0 316414
65 1 316545
32 0 316721
32 1 316789
68 0 317000
68 1 317135
69 0 318151
69 1 318278
32 0 318322
32 1 318418
86 0 318515
86 1 318591
65 0 318658
65 1 318734
67 0 318742
67 1 318794
65 0 318837
65 1 318921
78 0 319026
78 1 319082
84 0 319253
84 1 319301
65 0 319390
65 1 319473
188 0 320185
188 1 320267
32 0 320375
32 1 320467
67 0 320529
79 0 320617
67 1 320633
79 1 320725
78 0 320761
78 1 320853
67 0 321027
67 1 321095
69 0 321589
69 1 321725
68 0 322281
68 1 322389
73 0 322451
73 1 322535
85 0 322626
85 1 322690
190 0 324902
190 1 324982
32 0 325139
32 1 325215
16 0 327410
68 0 327574
68 1 327669
16 1 327685
8 0 328293
8 1 328383
16 0 328731
73 0 329027
73 1 329122
16 1 329139
78 0 329299
78 1 329371
84 0 329637
84 1 329689
82 0 329851
82 1 329947
189 0 330176
189 1 330248
79 0 330533
79 1 330609
32 0 330699
32 1 330803
90 0 330852
73 0 330972
90 1 330977
73 1 331052
32 0 331157
32 1 331245
79 0 331591
79 1 331663
66 0 331849
66 1 331897
73 0 332063
73 1 332117
83 0 332209
83 1 332289
78 0 332305
78 1 332357
85 0 332479
85 1 332535
73 0 332629
73 1 332693
84 0 332840
84 1 332891
65 0 333004
65 1 333108
188 0 333155
188 1 333215
32 0 333307
32 1 333371
84 0 333543
84 1 333594
79 0 333919
79 1 333978
84 0 334193
84 1 334244
85 0 334497
85 1 334552
83 0 334643
83 1 334727
73 0 334770
73 1 334825
188 0 335281
188 1 335372
32 0 335481
32 1 335560
77 0 335695
77 1 335770
65 0 335810
32 0 335894
65 1 335901
32 1 335973
84 0 336109
84 1 336165
82 0 336263
82 1 336315
69 0 336406
69 1 336469
90 0 336753
90 1 336868
69 0 336927
69 1 337007
83 0 337154
83 1 337277
67 0 337467
67 1 337553
32 0 337691
32 1 337770
78 0 337976
78 1 338039
65 0 338099
65 1 338186
84 0 338226
84 1 338277
85 0 338452
85 1 338519
82 0 338682
82 1 338741
65 0 338834
65 1 338949
76 0 339009
76 1 339084
32 0 339175
32 1 339274
76 0 339325
76 1 339384
65 0 339456
32 0 339512
65 1 339563
32 1 339583
79 0 339648
79 1 339723
82 0 339924
82 1 339991
65 0 340050
65 1 340145
32 0 340175
32 1 340251
49 0 340475
49 1 340578
48 0 340706
48 1 340769
188 0 341457
188 1 341544
32 0 341668
32 1 341759
73 0 341849
73 1 341916
65 0 342017
65 1 342124
82 0 342223
82 1 342286
32 0 342384
32 1 342464
68 0 342578
68 1 342653
65 0 342750
65 1 342830
67 0 342831
67 1 342909
65 0 342954
65 1 343041
32 0 343073
32 1 343164
73 0 343285
73 1 343379
77 0 343438
77 1 343521
73 0 343530
73 1 343617
32 0 343676
32 1 343774
80 0 343836
80 1 343912
85 0 344084
85 1 344179
78 0 344221
78 1 344324
32 0 344411
32 1 344506
32 0 344793
32 1 344840
8 0 345138
8 1 345237
79 0 345648
79 1 345731
32 0 345816
32 1 345899
65 0 345982
65 1 346085
76 0 346102
76 1 346165
65 0 346188
65 1 346295
82 0 346363
82 1 346422
77 0 346647
77 1 346722
65 0 346766
32 0 346858
65 1 346866
32 1 346937
76 0 347010
76 1 347097
65 0 347151
65 1 347242
79 0 347394
79 1 347453
82 0 347681
82 1 347736
65 0 347829
65 1 347920
32 0 348014
32 1 348090
56 0 348378
56 1 348441
189 0 348905
189 1 348976
57 0 349227
57 1 349302
32 0 349556
32 1 349643
77 0 351581
77 1 351676
65 0 351708
65 1 351791
32 0 351853
32 1 351936
84 0 352069
84 1 352137
82 0 352215
82 1 352278
69 0 352318
69 1 352409
90 0 352589
90 1 352692
69 0 352876
69 1 352995
83 0 353143
83 1 353235
67 0 353664
67 1 353739
32 0 354328
32 1 354404
78 0 357854
78 1 357919
69 0 357998
69 1 358097
79 0 358214
79 1 358265
66 0 358495
66 1 358549
79 0 358763
79 1 358830
83 0 358910
73 0 359006
83 1 359007
73 1 359089
84 0 359267
84 1 359320
65 0 359599
65 1 359706
188 0 360627
188 1 360707
32 0 360855
32 1 360942
8 0 363397
8 1 363460
8 0 363597
8 1 363716
190 0 364651
190 1 364759
32 0 365140
32 1 365219
16 0 367331
68 0 367500
16 1 367575
68 1 367591
69 0 367711
69 1 367810
32 0 367829
32 1 367924
79 0 368018
79 1 368049
66 0 368236
66 1 368269
73 0 368466
73 1 368533
67 0 368608
67 1 368711
69 0 368844
69 1 368955
73 0 368998
73 1 369066
32 0 369186
32 1 369273
68 0 369353
68 1 369452
69 0 369556
69 1 369655
32 0 369701
68 0 369793
32 1 369794
68 1 369892
73 0 369931
73 1 370010
77 0 370059
77 1 370154
73 0 370159
73 1 370266
78 0 370317
78 1 370344
69 0 370447
69 1 370560
65 0 370752
65 1 370883
84 0 370963
84 1 371031
65 0 371102
65 1 371197
32 0 371325
32 1 371392
78 0 372777
78 1 372880
85 0 373784
85 1 373871
32 0 374211
32 1 374303
65 0 374370
77 0 374469
65 1 374477
77 1 374545
32 0 374638
32 1 374733
79 0 374809
79 1 374871
32 0 374935
32 1 375023
82 0 375183
82 1 375316
85 0 375346
85 1 375413
84 0 375645
84 1 375709
73 0 375896
73 1 375972
78 0 376073
78 1 376145
65 0 376207
65 1 376311
32 0 376348
32 1 376423
65 0 376461
65 1 376533
78 0 376574
78 1 376650
85 0 376709
85 1 376789
77 0 376871
77 1 376951
69 0 376995
69 1 377090
32 0 377107
32 1 377183
68 0 377290
68 1 377362
65 0 377430
67 0 377485
65 1 377496
67 1 377573
65 0 377600
65 1 377671
32 0 377737
32 1 377829
78 0 377957
78 1 378045
85 0 378139
85 1 378214
32 0 378285
32 1 378373
84 0 378469
84 1 378537
82 0 378614
82 1 378662
69 0 378753
69 1 378857
66 0 378869
66 1 378941
85 0 379080
85 1 379148
73 0 379230
73 1 379317
69 0 379352
32 0 379456
69 1 379460
32 1 379543
83 0 379594
83 1 379670
65 0 379790
65 1 379850
32 0 379866
32 1 379938
77 0 380026
77 1 380110
69 0 380160
69 1 380254
82 0 380416
82 1 380456
71 0 380543
71 1 380579
32 0 381177
32 1 381269
85 0 381366
85 1 381446
78 0 381496
78 1 381588
68 0 381630
68 1 381722
69 0 381848
86 0 381956
69 1 381984
86 1 382024
65 0 382163
65 1 382255
188 0 383226
188 1 383302
32 0 383449
32 1 383509
83 0 383829
83 1 383937
8 0 384548
8 1 384664
70 0 385050
70 1 385118
65 0 385192
67 0 385267
65 1 385298
67 1 385310
85 0 385571
85 1 385644
76 0 386050
76 1 386105
84 0 386309
84 1 386373
65 0 386434
84 0 386506
65 1 386525
84 1 386573
69 0 386719
69 1 386816
32 0 386936
32 1 387027
68 0 387556
68 1 387656
69 0 387774
32 0 387870
69 1 387880
32 1 387964
69 0 387993
69 1 388105
88 0 388240
88 1 388339
69 0 388466
69 1 388566
77 0 388657
77 1 388753
80 0 388847
80 1 388927
76 0 389022
76 1 389118
85 0 389268
85 1 389333
190 0 389966
190 1 390041
32 0 390222
32 1 390277
16 0 393449
77 0 393973
16 1 394073
77 1 394084
65 0 394138
65 1 394213
32 0 394325
32 1 394408
73 0 396769
73 1 396864
78 0 396898
78 1 396985
84 0 397093
84 1 397136
73 0 397325
73 1 397448
78 0 397457
78 1 397544
68 0 397691
68 1 397803
32 0 397894
32 1 397977
80 0 398700
80 1 398786
85 0 399006
85 1 399073
84 0 399227
84 1 399278
73 0 399486
73 1 399577
78 0 399656
78 1 399743
188 0 399978
188 1 400053
32 0 400173
32 1 400256
68 0 400708
68 1 400823
69 0 400938
69 1 401061
83 0 401214
83 1 401325
67 0 401438
67 1 401553
72 0 401571
72 1 401630
73 0 401759
73 1 401838
68 0 401886
68 1 402018
32 0 402107
32 1 402190
71 0 402603
71 1 402666
69 0 402746
69 1 402837
65 0 402984
65 1 403059
77 0 403106
77 1 403169
85 0 403238
85 1 403313
82 0 403374
82 1 403493
73 0 403513
73 1 403564
76 0 403740
76 1 403815
69 0 403994
69 1 404097
32 0 404548
32 1 404623
83 0 404762
83 1 404865
73 0 404924
73 1 405000
32 0 405194
32 1 405273
73 0 405727
73 1 405834
77 0 405885
77 1 405996
73 0 406006
73 1 406099
32 0 406155
32 1 406231
70 0 406335
70 1 406408
65 0 406476
67 0 406540
65 1 406575
67 1 406603
32 0 406679
32 1 406762
80 0 406923
80 1 407006
65 0 407070
65 1 407137
84 0 407241
84 1 407301
85 0 407458
85 1 407521
76 0 407707
76 1 407790
190 0 407972
190 1 408063
32 0 408306
32 1 408401
16 0 415069
68 0 415243
16 1 415331
68 1 415334
65 0 415512
65 1 415551
67 0 415585
67 1 415648
65 0 415678
65 1 415761
32 0 415785
32 1 415868
78 0 415940
78 1 416011
85 0 416120
85 1 416199
32 0 416274
32 1 416362
77 0 416410
77 1 416488
65 0 416546
32 0 416590
65 1 416627
32 1 416670
71 0 416751
71 1 416827
82 0 416934
82 1 416993
65 0 417058
65 1 417146
66 0 417182
66 1 417268
69 0 417369
69 1 417464
83 0 417586
83 1 417689
67 0 417722
67 1 417789
32 0 418445
32 1 418540
77 0 419504
77 1 419588
69 0 419649
69 1 419765
82 0 419890
82 1 419973
71 0 419999
71 1 420075
32 0 420161
32 1 420252
73 0 420361
73 1 420444
78 0 420743
78 1 420827
32 0 420911
32 1 421006
66 0 421125
66 1 421200
85 0 421302
85 1 421373
67 0 421508
67 1 421580
65 0 421634
65 1 421725
84 0 421727
84 1 421801
65 0 421819
65 1 421906
82 0 421925
82 1 421980
73 0 422193
73 1 422279
69 0 422320
32 0 422420
69 1 422431
32 1 422511
83 0 422567
73 0 422651
83 1 422665
73 1 422718
32 0 422778
32 1 422873
73 0 422941
77 0 423053
73 1 423056
73 0 423157
77 1 423158
73 1 423252
32 0 423285
32 1 423372
70 0 423845
70 1 423920
65 0 423967
65 1 424062
67 0 424067
67 1 424142
32 0 424264
32 1 424355
67 0 425179
67 1 425252
69 0 425308
86 0 425412
69 1 425415
86 1 425483
65 0 425565
65 1 425636
32 0 425649
32 1 425716
68 0 425812
68 1 425863
69 0 425918
69 1 426013
32 0 426026
32 1 426093
77 0 426211
77 1 426286
65 0 426350
65 1 426445
78 0 426450
78 1 426513
67 0 426677
67 1 426736
65 0 426781
65 1 426867
82 0 426912
82 1 426980
69 0 427089
69 1 427193
188 0 427534
188 1 427609
32 0 427703
32 1 427750
80 0 427952
80 1 428016
82 0 428088
82 1 428191
79 0 428195
79 1 428266
66 0 428433
66 1 428512
65 0 428567
66 0 428623
65 1 428662
66 1 428678
73 0 428848
73 1 428919
76 0 429025
76 1 429136
32 0 429189
32 1 429287
85 0 429360
85 1 429451
78 0 429544
78 1 429639
32 0 429777
32 1 429868
65 0 430342
65 1 430453
86 0 430484
86 1 430535
79 0 430832
79 1 430899
67 0 431140
67 1 431239
65 0 431393
65 1 431464
68 0 431603
68 1 431714
79 0 431763
79 1 431830
32 0 431920
32 1 431991
84 0 432107
84 1 432162
79 0 432394
79 1 432465
65 0 432526
65 1 432598
83 0 432707
83 1 432810
84 0 432841
84 1 432908
190 0 434097
190 1 434177
32 0 434310
32 1 434382
16 0 439162
86 0 441616
86 1 441711
16 1 441732
82 0 441879
82 1 441970
69 0 442076
69 1 442176
65 0 442320
65 1 442419
85 0 442456
85 1 442532
32 0 442602
32 1 442689
83 0 442772
83 1 442847
65 0 442974
65 1 443053
32 0 443066
32 1 443149
69 0 443441
69 1 443495
8 0 444132
8 1 444212
77 0 444811
77 1 444886
69 0 444951
69 1 445054
82 0 445172
82 1 445283
71 0 445300
71 1 445375
32 0 445446
32 1 445541
73 0 445691
73 1 445798
78 0 446054
78 1 446153
32 0 446657
32 1 446725
67 0 447803
67 1 447903
78 0 448242
78 1 448269
8 0 448734
8 1 448801
69 0 448979
69 1 449082
78 0 449193
78 1 449288
84 0 449396
84 1 449487
82 0 449614
82 1 449705
85 0 449729
85 1 449796
32 0 449883
32 1 449954
76 0 450022
76 1 450113
65 0 450154
32 0 450190
65 1 450244
32 1 450264
79 0 450370
79 1 450449
32 0 450536
32 1 450623
80 0 450744
80 1 450819
76 0 450922
76 1 451013
73 0 451155
73 1 451222
77 0 451354
77 1 451445
66 0 451574
66 1 451653
65 0 451718
65 1 451797
82 0 451851
82 1 451902
69 0 451980
69 1 452089
32 0 452098
32 1 452185
77 0 452288
77 1 452363
65 0 452464
65 1 452551
84 0 452665
84 1 452720
73 0 453006
73 1 453065
78 0 453231
78 1 453291
65 0 453347
65 1 453442
76 0 453494
76 1 453549
65 0 453676
65 1 453803
32 0 454024
32 1 454112
80 0 454418
80 1 454493
69 0 454538
69 1 454634
32 0 454669
32 1 454752
77 0 454838
77 1 454909
65 0 455016
65 1 455099
76 0 455161
76 1 455237
85 0 455631
85 1 455678
76 0 455852
76 1 455951
32 0 456016
32 1 456103
16 0 456226
16 1 456638
16 0 456693
66 0 456978
66 1 457081
16 1 457137
69 0 457492
69 1 457589
71 0 457666
71 1 457713
65 0 457806
65 1 457897
73 0 458041
73 1 458121
32 0 460526
32 1 460633
67 0 460953
67 1 461072
85 0 461307
85 1 461403
32 0 461561
32 1 461646
80 0 462647
80 1 462738
82 0 462953
82 1 463057
73 0 463133
73 1 463213
69 0 463371
69 1 463478
84 0 463685
84 1 463777
69 0 463858
69 1 463938
78 0 464030
78 1 464121
73 0 464308
73 1 464372
73 0 464440
73 1 464528
32 0 465116
32 1 465197
65 0 465253
65 1 465353
80 0 465373
80 1 465457
82 0 465546
79 0 465658
82 1 465659
79 1 465721
80 0 465811
80 1 465882
73 0 465984
73 1 466044
65 0 466126
65 1 466218
84 0 466286
84 1 466338
73 0 466637
73 1 466689
190 0 467017
190 1 467104
32 0 467288
32 1 467364
16 0 467897
73 0 468277
73 1 468392
16 1 468396
78 0 468594
78 1 468686
32 0 468767
32 1 468880
85 0 468964
85 1 469056
78 0 469078
78 1 469170
69 0 469243
69 1 469359
76 0 469375
76 1 469431
69 0 469473
69 1 469576
32 0 469603
32 1 469690
90 0 469832
90 1 469948
73 0 469984
73 1 470048
76 0 470214
76 1 470298
69 0 470384
69 1 470492
32 0 470605
32 1 470692
65 0 477041
65 1 477131
83 0 477233
83 1 477345
32 0 477375
32 1 477458
77 0 477553
77 1 477629
69 0 477689
69 1 477797
82 0 477929
82 1 478013
71 0 478080
71 1 478151
69 0 478175
69 1 478283
32 0 478370
32 1 478449
79 0 478897
79 1 478987
32 0 479097
32 1 479182
79 0 479253
79 1 479322
82 0 479528
82 1 479592
65 0 479656
32 0 479744
65 1 479752
32 1 479819
76 0 479911
76 1 479998
65 0 480031
65 1 480102
32 0 480111
32 1 480190
83 0 480255
83 1 480354
84 0 480371
84 1 480430
65 0 480482
65 1 480565
68 0 480613
68 1 480663
73 0 480986
73 1 481050
79 0 481157
79 1 481225
78 0 481422
78 1 481505
32 0 481664
32 1 481731
76 0 482385
76 1 482472
65 0 482513
65 1 482612
32 0 482633
32 1 482704
65 0 482755
65 1 482834
76 0 482869
76 1 482941
69 0 483029
69 1 483148
82 0 483267
82 1 483358
71 0 483396
71 1 483459
65 0 483547
65 1 483630
84 0 483652
84 1 483711
190 0 484770
190 1 484845
16 0 487988
76 0 489832
76 1 489943
16 1 489960
65 0 490220
65 1 490291
32 0 490354
32 1 490433
80 0 490534
80 1 490601
82 0 490828
82 1 490936
65 0 490959
65 1 491034
78 0 491093
78 1 491168
90 0 491216
90 1 491299
32 0 491449
32 1 491540
73 0 492779
73 1 492858
78 0 492974
78 1 493073
32 0 493143
32 1 493238
77 0 493338
77 1 493417
79 0 493452
79 1 493515
68 0 493585
32 0 493705
68 1 493709
32 1 493764
73 0 493843
73 1 493910
68 0 494061
68 1 494164
69 0 494297
69 1 494376
65 0 494530
65 1 494613
76 0 494666
76 1 494729
32 0 494804
32 1 494891
65 0 494940
65 1 495015
83 0 495116
83 1 495231
32 0 495244
32 1 495327
77 0 495423
77 1 495498
69 0 495551
69 1 495674
82 0 495791
82 1 495898
71 0 495953
71 1 496016
69 0 496063
69 1 496154
32 0 496241
32 1 496316
76 0 497266
76 1 497366
65 0 497482
65 1 497565
32 0 499344
32 1 499435
77 0 499577
77 1 499657
65 0 499698
65 1 499778
83 0 499859
83 1 499948
65 0 500057
65 1 500140
32 0 500224
32 1 500303
85 0 500432
85 1 500507
78 0 500565
78 1 500660
68 0 500692
68 1 500795
69 0 500907
69 1 501013
86 0 501017
86 1 501089
65 0 501159
65 1 501246
32 0 501288
32 1 501352
76 0 501569
76 1 501644
65 0 501783
65 1 501887
32 0 501917
32 1 502013
82 0 502972
82 1 503034
69 0 503084
69 1 503176
83 0 503288
83 1 503372
84 0 503410
84 1 503474
65 0 503509
65 1 503576
85 0 503761
85 1 503805
82 0 503967
82 1 504022
65 0 504076
65 1 504164
78 0 504231
78 1 504274
84 0 504852
84 1 504908
69 0 505402
69 1 505514
69 0 505651
69 1 505766
32 0 505770
32 1 505846
68 0 505910
68 1 506023
8 0 506655
8 1 506747
8 0 506811
8 1 506891
8 0 506947
8 1 507062
76 0 507510
76 1 507602
69 0 507614
69 1 507706
32 0 507723
32 1 507811
68 0 507827
73 0 507895
68 1 507932
73 1 508003
78 0 508030
78 1 508118
32 0 508187
32 1 508258
67 0 508354
67 1 508418
69 0 508462
69 1 508558
78 0 508595
78 1 508671
84 0 508813
84 1 508881
82 0 508919
82 1 509026
85 0 509074
85 1 509150
76 0 509297
76 1 509377
32 0 509439
32 1 509531
67 0 509712
67 1 509756
69 0 509879
69 1 510002
8 0 510478
8 1 510550
8 0 510612
8 1 510704
86 0 511004
86 1 511083
69 0 511115
69 1 511215
67 0 511333
72 0 511433
67 1 511448
72 1 511493
73 0 511625
73 1 511710
190 0 512273
190 1 512342
16 0 523786
80 0 523978
16 1 524074
80 1 524075
65 0 524170
65 1 524256
82 0 524345
82 1 524413
69 0 524489
69 1 524621
82 0 524625
82 1 524677
69 0 524712
69 1 524784
65 0 524916
65 1 524988
32 0 525015
32 1 525099
77 0 525170
77 1 525238
69 0 525264
69 1 525360
65 0 525494
65 1 525599
32 0 525611
32 1 525691
68 0 525818
68 1 525921
69 0 526306
69 1 526398
83 0 526526
83 1 526614
80 0 526697
80 1 526777
82 0 526839
82 1 526923
69 0 527038
69 1 527138
32 0 527154
32 1 527239
83 0 527258
73 0 527331
83 1 527335
73 1 527410
83 0 527444
83 1 527524
84 0 527565
84 1 527621
69 0 527685
69 1 527773
77 0 527818
77 1 527902
85 0 527968
85 1 528024
76 0 528191
76 1 528255
32 0 528345
32 1 528425
68 0 528478
68 1 528578
73 0 528579
73 1 528682
32 0 528885
32 1 528981
8 0 529730
8 1 529846
78 0 530685
78 1 530739
32 0 530833
32 1 530896
16 0 531177
82 0 531269
16 1 531301
82 1 531357
79 0 531462
79 1 531550
77 0 531609
77 1 531701
65 0 531729
65 1 531812
78 0 531829
78 1 531901
73 0 531963
73 1 532038
65 0 532094
65 1 532181
32 0 532198
32 1 532289
78 0 532405
78 1 532504
85 0 532524
85 1 532587
32 0 532699
32 1 532783
69 0 532847
69 1 532931
83 0 533053
83 1 533152
84 0 533171
84 1 533240
69 0 533338
69 1 533429
32 0 533520
32 1 533599
85 0 533760
85 1 533852
78 0 533902
78 1 533986
65 0 534053
65 1 534128
32 0 534174
32 1 534270
65 0 534509
65 1 534602
84 0 534627
84 1 534698
65 0 534715
65 1 534778
84 0 534833
84 1 534900
32 0 535001
32 1 535093
68 0 535222
68 1 535313
69 0 535448
69 1 535556
32 0 535585
32 1 535668
69 0 536104
69 1 536178
8 0 536549
8 1 536652
82 0 536702
82 1 536789
69 0 536904
69 1 536999
65 0 537164
65 1 537271
32 0 537284
32 1 537371
67 0 537480
67 1 537510
65 0 537581
65 1 537648
32 0 537681
32 1 537752
65 0 537798
65 1 537869
32 0 537943
32 1 538022
67 0 538808
67 1 538863
69 0 539070
69 1 539177
76 0 539231
76 1 539306
79 0 539397
79 1 539452
82 0 539559
82 1 539654
76 0 539976
76 1 540039
65 0 540091
65 1 540170
76 0 540216
76 1 540287
84 0 540475
84 1 540534
73 0 541076
73 1 541134
188 0 541932
188 1 541990
32 0 542203
32 1 542261
69 0 542762
69 1 542873
85 0 542927
85 1 543006
32 0 543099
32 1 543174
65 0 543681
65 1 543792
80 0 544367
80 1 544474
82 0 544552
82 1 544647
69 0 544758
69 1 544869
67 0 545109
67 1 545228
73 0 545279
73 1 545343
69 0 545433
69 1 545544
90 0 545741
90 1 545832
32 0 546047
32 1 546118
8 0 548033
8 0 548534
8 0 548618
8 0 548701
8 0 548785
8 0 548870
8 0 548954
8 0 549038
8 0 549123
8 0 549207
8 1 549252
8 0 549377
8 1 549464
8 0 549568
8 1 549651
8 0 549777
8 1 549884
8 0 553480
8 1 553603
190 0 554216
190 1 554319
8 0 555201
8 1 555292
188 0 555821
188 1 555909
32 0 556042
32 1 556121
68 0 556406
68 1 556493
65 0 556649
65 1 556721
82 0 556744
82 1 556796
32 0 556909
32 1 556980
83 0 557043
83 1 557122
85 0 557135
78 0 557234
85 1 557243
78 1 557338
84 0 557404
84 1 557467
32 0 557536
32 1 557623
68 0 557641
68 1 557717
69 0 557839
32 0 557936
69 1 557951
32 1 558019
65 0 558106
67 0 558165
65 1 558172
67 1 558213
79 0 558514
79 1 558569
82 0 558611
82 1 558707
68 0 558828
68 1 558912
32 0 558973
32 1 559069
67 0 559274
67 1 559338
65 0 559434
65 1 559526
32 0 559611
32 1 559695
73 0 561653
73 1 561732
78 0 561875
78 1 561945
32 0 562026
32 1 562106
69 0 562167
69 1 562260
83 0 562394
83 1 562478
69 0 562603
69 1 562699
78 0 562733
78 1 562777
84 0 562950
84 1 563006
65 0 563116
65 1 563188
32 0 563244
32 1 563330
65 0 563895
65 1 564030
82 0 564149
82 1 564217
69 0 564297
69 1 564373
32 0 564393
32 1 564485
67 0 565033
67 1 565101
65 0 565145
65 1 565249
84 0 565266
84 1 565330
69 0 565429
69 1 565517
86 0 565547
86 1 565623
65 0 565740
65 1 565796
32 0 566561
32 1 566645
66 0 570700
66 1 570746
8 0 571173
8 1 571244
80 0 576511
80 1 576604
82 0 576649
82 1 576733
79 0 576768
79 1 576836
66 0 577065
66 1 577124
76 0 577363
76 1 577431
69 0 577485
69 1 577572
77 0 577580
77 1 577652
69 0 577675
69 1 577747
32 0 577863
32 1 577948
8 0 579827
8 1 579899
190 0 581061
190 1 581177
32 0 581458
32 1 581526
16 0 582568
83 0 584688
16 1 584752
83 1 584788
85 0 584933
85 1 585037
78 0 585084
78 1 585204
84 0 585259
84 1 585327
32 0 585387
32 1 585487
68 0 585534
68 1 585618
69 0 585732
69 1 585828
32 0 585832
32 1 585904
80 0 586127
80 1 586191
65 0 586292
65 1 586368
82 0 586443
82 1 586499
69 0 586564
69 1 586647
82 0 586687
82 1 586755
69 0 586763
69 1 586815
32 0 586886
32 1 586974
67 0 587053
67 1 587109
65 0 587198
65 1 587264
32 0 587330
32 1 587406
86 0 589521
86 1 589573
79 0 589862
79 1 589918
76 0 590029
76 1 590105
85 0 590223
85 1 590291
77 0 590415
77 1 590518
85 0 590527
85 1 590603
76 0 590737
76 1 590825
32 0 590880
32 1 590968
69 0 591178
69 1 591258
8 0 591486
8 1 591582
68 0 591634
68 1 591722
69 0 591832
69 1 591920
32 0 591957
32 1 592053
73 0 592253
73 1 592373
78 0 592405
78 1 592480
70 0 592592
70 1 592720
79 0 592798
79 1 592898
82 0 592950
82 1 593022
77 0 593514
77 1 593606
65 0 593670
65 1 593729
84 0 593811
84 1 593866
73 0 594064
73 1 594140
69 0 594182
69 1 594278
32 0 594279
32 1 594361
69 0 594396
69 1 594463
83 0 594591
83 1 594675
84 0 594696
84 1 594748
69 0 594816
69 1 594883
32 0 594921
32 1 595020
85 0 595125
85 1 595212
78 0 595279
85 0 595367
78 1 595370
85 1 595438
76 0 595652
76 1 595731
32 0 595934
32 1 596013
65 0 598736
65 1 598798
68 0 598946
68 1 599005
69 0 599080
69 1 599155
67 0 599318
67 1 599381
86 0 600601
86 1 600680
65 0 600755
65 1 600818
84 0 600904
84 1 600959
32 0 607767
32 1 607850
80 0 608391
80 1 608466
82 0 608570
82 1 608665
69 0 608778
69 1 608857
68 0 608957
68 1 609028
65 0 609208
65 1 609239
84 0 609322
84 1 609397
32 0 609802
32 1 609881
188 0 612415
188 1 612510
32 0 613206
32 1 613273
68 0 619283
68 1 619369
69 0 619479
69 1 619572
79 0 619690
79 1 619758
65 0 619828
65 1 619896
82 0 619979
82 1 620034
69 0 620101
67 0 620205
69 1 620207
67 1 620259
69 0 620311
69 1 620391
32 0 620472
32 1 620556
68 0 621160
68 1 621263
73 0 621276
73 1 621360
78 0 621444
78 1 621524
32 0 621596
32 1 621680
76 0 621799
76 1 621875
73 0 621995
73 1 622055
67 0 622135
67 1 622219
69 0 622372
85 0 622484
69 1 622495
85 1 622535
188 0 622791
188 1 622854
32 0 622955
32 1 623043
68 0 623090
85 0 623194
68 1 623212
85 1 623247
80 0 623404
80 1 623467
65 0 623518
65 1 623586
32 0 623603
32 1 623679
80 0 623744
80 1 623812
65 0 623847
65 1 623911
82 0 624012
82 1 624067
69 0 624141
69 1 624235
82 0 624317
82 1 624373
69 0 624398
69 1 624493
65 0 624617
65 1 624696
32 0 624795
32 1 624874
77 0 624962
77 1 625017
69 0 625103
69 1 625175
65 0 625425
65 1 625477
188 0 625820
188 1 625895
32 0 626061
32 1 626112
84 0 626664
84 1 626739
82 0 626826
82 1 626877
69 0 626949
69 1 627016
66 0 627064
66 1 627147
85 0 627233
85 1 627285
73 0 627400
73 1 627479
32 0 627580
32 1 627635
8 0 627940
8 1 628007
69 0 628081
69 1 628160
32 0 628233
32 1 628309
83 0 628357
83 1 628424
65 0 628534
65 1 628613
32 0 628618
32 1 628677
73 0 628739
73 1 628810
69 0 628851
69 1 628934
83 0 629041
73 0 629129
83 1 629130
73 1 629200
32 0 629258
32 1 629346
67 0 629390
85 0 629449
67 1 629476
85 1 629525
32 0 629591
32 1 629674
85 0 629731
78 0 629863
85 1 629870
78 1 629934
32 0 630028
32 1 630099
66 0 630181
66 1 630240
65 0 630307
65 1 630407
71 0 630454
71 1 630505
65 0 630557
65 1 630620
74 0 630725
74 1 630800
32 0 630853
32 1 630924
68 0 630962
68 1 631046
69 0 631148
69 1 631235
32 0 631244
32 1 631328
67 0 631377
85 0 631441
67 1 631464
85 1 631532
78 0 631566
78 1 631641
79 0 631679
79 1 631750
83 0 631825
83 1 631928
84 0 631941
84 1 631984
73 0 632147
73 1 632226
78 0 632266
78 1 632355
84 0 632458
84 1 632513
69 0 632641
69 1 632724
32 0 632868
32 1 632939
67 0 633796
67 1 633859
65 0 633930
65 1 634009
84 0 634026
84 1 634097
32 0 634172
32 1 634251
77 0 634389
77 1 634476
65 0 634527
65 1 634601
73 0 634620
73 1 634684
32 0 634751
32 1 634822
86 0 634883
86 1 634946
65 0 635027
65 1 635098
82 0 635130
82 1 635173
73 0 635357
73 1 635432
65 0 635472
65 1 635548
84 0 635596
84 1 635651
32 0 635745
32 1 635832
83 0 635934
83 1 636005
73 0 636024
73 1 636107
32 0 636192
32 1 636279
83 0 636743
83 1 636810
65 0 636939
65 1 637012
32 0 637052
32 1 637147
65 0 637188
65 1 637259
73 0 637453
73 1 637528
32 0 637884
32 1 637967
73 0 639438
73 1 639585
78 0 639594
78 1 639673
70 0 639701
70 1 639784
79 0 639832
79 1 639895
82 0 639972
82 1 640059
77 0 640125
77 1 640192
65 0 640301
65 1 640372
84 0 640433
84 1 640476
73 0 640689
73 1 640760
73 0 640821
73 1 640908
32 0 640996
32 1 641091
68 0 641128
68 1 641215
69 0 641315
69 1 641410
32 0 641427
32 1 641506
66 0 641593
66 1 641636
65 0 641736
65 1 641843
90 0 641941
90 1 642048
65 0 642504
65 1 642567
32 0 642753
32 1 642836
73 0 644347
73 1 644454
78 0 644523
78 1 644619
32 0 644694
32 1 644777
76 0 644874
76 1 644942
69 0 644988
69 1 645078
71 0 645151
71 1 645211
65 0 645324
65 1 645397
8 0 645901
8 0 646403
8 0 646487
8 0 646571
8 0 646656
8 0 646739
8 0 646824
8 1 646825
8 0 646997
8 1 647029
32 0 647489
32 1 647581
68 0 647638
68 1 647750
69 0 647874
69 1 647970
83 0 648200
83 1 648291
80 0 648506
80 1 648573
82 0 648695
82 1 648802
69 0 649029
69 1 649108
32 0 649808
32 1 649907
70 0 651610
70 1 651710
73 0 651763
73 1 651834
69 0 651902
69 1 651994
67 0 652072
67 1 652140
65 0 652194
65 1 652270
82 0 652286
82 1 652342
69 0 652421
69 1 652501
32 0 652529
32 1 652601
68 0 652638
68 1 652714
79 0 652718
79 1 652778
77 0 652842
77 1 652943
69 0 652985
69 1 653073
78 0 653115
78 1 653171
73 0 653235
73 1 653327
85 0 653404
85 1 653464
188 0 653723
188 1 653799
32 0 653883
32 1 653947
78 0 654056
78 1 654124
85 0 654221
85 1 654297
32 0 654369
32 1 654457
68 0 654495
68 1 654575
79 0 654583
79 1 654639
65 0 654763
65 1 654839
82 0 654874
82 1 654938
32 0 655009
32 1 655101
67 0 655173
67 1 655237
69 0 655342
69 1 655429
76 0 655749
76 1 655822
32 0 655942
32 1 656018
80 0 658126
80 1 658202
69 0 658243
69 1 658319
32 0 658354
32 1 658426
67 0 658515
67 1 658566
65 0 658697
82 0 658737
82 1 658785
65 1 658817
69 0 659327
69 1 659399
32 0 659532
32 1 659616
73 0 659858
73 1 659925
8 0 660275
8 1 660343
68 0 660411
68 1 660539
79 0 660567
79 1 660611
82 0 661271
82 1 661347
69 0 661501
69 1 661593
83 0 661711
83 1 661795
84 0 661824
84 1 661872
73 0 662040
73 1 662123
32 0 662185
32 1 662271
83 0 662734
83 1 662849
65 0 663014
65 1 663114
32 0 663402
32 1 663478
73 0 663760
73 1 663824
76 0 663960
76 1 664056
32 0 664104
32 1 664192
65 0 664554
65 1 664670
80 0 665025
80 1 665113
82 0 665163
82 1 665257
79 0 665277
79 1 665362
70 0 665568
70 1 665656
85 0 665719
85 1 665789
78 0 665854
78 1 665938
68 0 665963
68 1 666047
69 0 666164
69 1 666236
90 0 666424
90 1 666520
73 0 666569
73 1 666645
32 0 666703
32 1 666791
77 0 666888
77 1 666987
65 0 667052
73 0 667116
65 1 667127
73 1 667200
32 0 667244
32 1 667311
68 0 667340
68 1 667427
69 0 667537
69 1 667636
80 0 667671
80 1 667735
65 0 667808
65 1 667884
82 0 667982
82 1 668038
84 0 668134
84 1 668214
69 0 668282
69 1 668367
32 0 668403
32 1 668490
73 0 668588
73 1 668691
78 0 668791
78 1 668850
32 0 668952
32 1 669052
70 0 669392
70 1 669455
65 0 669515
67 0 669579
65 1 669586
67 1 669622
85 0 669867
85 1 669937
76 0 670104
76 1 670168
84 0 670354
84 1 670426
65 0 670476
84 0 670552
65 1 670555
84 1 670619
69 0 670758
69 1 670853
190 0 671593
190 1 671677
32 0 671798
32 1 671833
16 0 672552
67 0 672689
67 1 672783
16 1 672804
85 0 672947
85 1 673034
32 0 673103
32 1 673194
84 0 673264
84 1 673327
79 0 673604
79 1 673672
65 0 673741
65 1 673820
84 0 673866
84 1 673921
69 0 674011
32 0 674103
69 1 674117
32 1 674183
65 0 674319
65 1 674382
67 0 674466
67 1 674525
69 0 674634
69 1 674729
83 0 674887
83 1 674966
84 0 675023
84 1 675095
69 0 675142
69 1 675217
65 0 675389
65 1 675436
188 0 675733
188 1 675828
32 0 675956
32 1 676060
76 0 676998
76 1 677085
73 0 677209
73 1 677267
80 0 677412
80 1 677499
83 0 677546
83 1 677641
69 0 677801
69 1 677900
83 0 678057
83 1 678128
67 0 678856
67 1 678963
32 0 679370
32 1 679445
65 0 679597
65 1 679688
8 0 680133
8 1 680239
77 0 680590
77 1 680677
65 0 680720
65 1 680803
84 0 680877
84 1 680920
69 0 681016
69 1 681121
82 0 681256
82 1 681308
73 0 681390
73 1 681465
73 0 681556
73 1 681619
32 0 681767
32 1 681846
67 0 682022
67 1 682093
69 0 682340
69 1 682439
32 0 682472
32 1 682543
84 0 682644
84 1 682707
73 0 682943
73 1 683054
78 0 683133
78 1 683228
32 0 683293
32 1 683396
68 0 683544
68 1 683655
69 0 683854
69 1 683953
32 0 684120
32 1 684203
86 0 686580
86 1 686636
73 0 687680
73 1 687815
8 0 688827
8 1 688890
8 0 688975
8 1 689106
69 0 690723
69 1 690806
68 0 690926
68 1 691013
85 0 691035
85 1 691107
8 0 691620
8 1 691692
67 0 691855
67 1 691950
65 0 692139
65 1 692219
84 0 692282
84 1 692338
73 0 692540
73 1 692624
65 0 692652
65 1 692735
32 0 692756
32 1 692855
67 0 692910
73 0 693002
67 1 693006
73 1 693082
86 0 693226
86 1 693281
73 0 693504
73 1 693568
67 0 693747
67 1 693839
65 0 694120
65 1 694207
188 0 697774
188 1 697854
32 0 698035
32 1 698111
69 0 698722
69 1 698814
67 0 699010
67 1 699101
79 0 699256
79 1 699360
78 0 699487
78 1 699583
79 0 699587
79 1 699687
77 0 699945
77 1 700025
73 0 700057
73 1 700149
67 0 700474
67 1 700558
65 0 700881
65 1 700968
32 0 702470
32 1 702590
83 0 703599
83 1 703719
65 0 703869
65 1 703965
85 0 704048
85 1 704124
32 0 704229
32 1 704333
67 0 704422
67 1 704530
72 0 704600
72 1 704652
73 0 704876
73 1 704944
8 0 705517
8 1 705601
8 0 705688
8 1 705776
8 0 705849
8 1 705965
8 0 706041
8 1 706141
8 0 706230
8 1 706342
8 0 706526
8 1 706634
73 0 707093
73 1 707193
32 0 707421
32 1 707504
83 0 708019
83 1 708102
85 0 708209
85 1 708272
80 0 708503
80 1 708587
79 0 708662
79 1 708730
82 0 708901
82 1 708993
84 0 709142
84 1 709226
85 0 709276
85 1 709322
76 0 709500
76 1 709576
32 0 709652
32 1 709736
80 0 709799
80 1 709871
69 0 709938
69 1 710021
78 0 710038
78 1 710118
84 0 710284
84 1 710317
82 0 710432
82 1 710527
85 0 710602
85 1 710670
32 0 710805
32 1 710877
84 0 712518
84 1 712592
82 0 712677
82 1 712740
65 0 712791
65 1 712886
83 0 713003
83 1 713078
69 0 713248
69 1 713331
69 0 713418
69 1 713506
76 0 713594
76 1 713665
69 0 713687
69 1 713763
32 0 713830
32 1 713913
69 0 713983
69 1 714070
68 0 714195
68 1 714271
85 0 714309
85 1 714377
67 0 714539
67 1 714594
65 0 714668
65 1 714728
84 0 714795
84 1 714838
73 0 715134
73 1 715185
79 0 715292
79 1 715356
78 0 715490
78 1 715561
65 0 715639
65 1 715718
76 0 715805
76 1 715865
69 0 715956
69 1 716055
32 0 716558
32 1 716673
67 0 724150
67 1 724211
69 0 724292
69 1 724387
32 0 724454
32 1 724557
78 0 724669
78 1 724740
85 0 724877
85 1 724952
32 0 725089
32 1 725172
67 0 726841
67 1 726964
79 0 726981
79 1 727068
78 0 727152
78 1 727231
84 0 727353
84 1 727404
73 0 727588
73 1 727668
78 0 727735
78 1 727830
8 0 728545
8 0 729046
8 0 729130
8 0 729215
8 0 729299
8 1 729340
8 0 729516
8 1 729603
73 0 731392
73 1 731491
77 0 731537
77 1 731632
80 0 731719
80 1 731783
76 0 731878
76 1 731962
73 0 732065
73 1 732121
67 0 732180
67 1 732276
65 0 732500
65 1 732591
32 0 732777
32 1 732856
83 0 732908
83 1 732987
84 0 733055
84 1 733110
85 0 733332
85 1 733400
68 0 733459
68 1 733546
73 0 733648
73 1 733694
73 0 733761
73 1 733828
76 0 733965
76 1 734041
69 0 734104
32 0 734168
69 1 734199
32 1 734262
85 0 734361
85 1 734429
78 0 734499
78 1 734574
73 0 734596
73 1 734676
86 0 735638
86 1 735729
69 0 735799
69 1 735903
82 0 736035
82 1 736099
83 0 736273
83 1 736365
73 0 736407
73 1 736471
84 0 736623
84 1 736682
65 0 736741
65 1 736816
82 0 736846
82 1 736906
69 0 736977
69 1 737069
32 0 737090
32 1 737190
69 0 739150
69 1 739238
83 0 739382
83 1 739486
84 0 739498
84 1 739574
69 0 739638
69 1 739730
32 0 739873
32 1 739949
76 0 742080
76 1 742116
73 0 742718
73 1 742846
77 0 742896
73 0 742996
77 1 743003
73 1 743132
84 0 743416
84 1 743500
65 0 743566
84 0 743650
65 1 743654
84 1 743714
190 0 745603
190 1 745710
32 0 745967
32 1 746071
16 0 746803
85 0 747395
85 1 747499
16 1 747523
78 0 747761
78 1 747841
32 0 747925
32 1 748029
65 0 748096
65 1 748192
76 0 748240
76 1 748288
84 0 748493
84 1 748565
32 0 748624
32 1 748716
68 0 748745
68 1 748853
69 0 748953
69 1 749068
90 0 749250
90 1 749338
65 0 749459
65 1 749551
86 0 749634
86 1 749686
65 0 749719
65 1 749803
78 0 749859
78 1 749926
84 0 750066
84 1 750118
65 0 750196
65 1 750296
74 0 750340
74 1 750412
32 0 750506
32 1 750598
69 0 751869
69 1 751969
83 0 752117
83 1 752217
84 0 752229
84 1 752297
69 0 752361
69 1 752461
32 0 752462
32 1 752537
70 0 752623
70 1 752674
65 0 752759
65 1 752814
8 0 753368
8 1 753463
8 0 753506
8 1 753606
83 0 753915
83 1 754039
73 0 754736
73 1 754799
83 0 755074
83 1 755221
84 0 755234
84 1 755302
69 0 755360
69 1 755463
77 0 755504
77 1 755587
85 0 755987
85 1 756054
76 0 756217
76 1 756317
32 0 756422
32 1 756497
68 0 756628
68 1 756724
69 0 756842
32 0 756931
69 1 756934
32 1 757005
78 0 757082
78 1 757145
79 0 757295
79 1 757347
84 0 758324
84 1 758382
65 0 758441
65 1 758533
82 0 758557
82 1 758617
69 0 758739
69 1 758834
32 0 758958
32 1 759037
65 0 762191
65 1 762296
78 0 762416
78 1 762471
67 0 762581
67 1 762684
79 0 762772
79 1 762835
82 0 763348
82 1 763443
65 0 763675
65 1 763786
84 0 763819
84 1 763890
32 0 763973
32 1 764084
73 0 764232
73 1 764383
78 0 764690
78 1 764769
32 0 764882
32 1 764970
67 0 765060
67 1 765171
79 0 765184
79 1 765231
78 0 765314
78 1 765413
69 0 765768
69 1 765895
8 0 766347
8 1 766442
67 0 766875
67 1 766979
69 0 767079
69 1 767202
80 0 767228
80 1 767299
84 0 768558
84 1 768649
85 0 768990
85 1 769053
76 0 769291
76 1 769378
32 0 769473
32 1 769552
68 0 769592
68 1 769675
69 0 769785
32 0 769868
69 1 769887
32 1 769964
78 0 770078
78 1 770137
79 0 770337
79 1 770404
84 0 772350
84 1 772465
69 0 772583
69 1 772702
32 0 772898
32 1 773017
67 0 774050
67 1 774182
85 0 774239
85 1 774359
32 0 774443
32 1 774546
67 0 774648
67 1 774708
65 0 774862
65 1 774934
84 0 774978
84 1 775070
8 0 775805
8 0 776307
8 0 776392
8 0 776475
8 0 776560
8 1 776568
65 0 777040
65 1 777148
84 0 777197
84 1 777276
32 0 777354
32 1 777454
77 0 777574
77 1 777682
65 0 777759
65 1 777826
73 0 777849
73 1 777933
32 0 778001
32 1 778089
69 0 778749
69 1 778857
88 0 779057
88 1 779117
65 0 779191
65 1 779269
67 0 779312
67 1 779363
84 0 779510
84 1 779574
69 0 779767
69 1 779859
188 0 780321
188 1 780401
32 0 780846
32 1 780925
67 0 781106
67 1 781158
65 0 781246
65 1 781334
82 0 781393
82 1 781453
69 0 781538
69 1 781626
32 0 781762
32 1 781842
80 0 783286
80 1 783370
79 0 783429
79 1 783509
84 0 783769
84 1 783836
32 0 783922
32 1 784014
68 0 784113
68 1 784225
85 0 784269
85 1 784337
67 0 784381
67 1 784493
69 0 784676
69 1 784772
32 0 784874
32 1 784946
69 0 785978
69 1 786118
76 0 786186
76 1 786262
69 0 786267
69 1 786366
86 0 786483
86 1 786526
73 0 786818
73 1 786866
73 0 786949
73 1 787024
32 0 787428
32 1 787504
76 0 787673
76 1 787765
65 0 787862
65 1 787938
32 0 788053
32 1 788113
8 0 792120
8 1 792190
8 0 792264
8 1 792342
8 0 792720
8 1 792807
73 0 793017
73 1 793117
78 0 793193
78 1 793292
32 0 793341
32 1 793443
83 0 793495
73 0 793595
83 1 793626
73 1 793666
84 0 793844
84 1 793899
85 0 794026
85 1 794094
65 0 794161
65 1 794236
84 0 794260
84 1 794313
73 0 794476
73 1 794543
65 0 794571
65 1 794654
32 0 794679
32 1 794762
68 0 794875
68 1 794990
69 0 795107
69 1 795207
32 0 795338
32 1 795409
65 0 795624
65 1 795724
32 0 795841
32 1 795933
73 0 796762
73 1 796877
78 0 796960
78 1 797051
86 0 797332
86 1 797395
65 0 797489
65 1 797572
8 0 798138
8 1 798233
8 0 798300
8 1 798392
8 0 798491
8 1 798566
8 0 798850
8 1 798952
83 0 799322
83 1 799417
69 0 799813
69 1 799916
32 0 800300
32 1 800416
65 0 801904
65 1 802007
71 0 802031
71 1 802091
73 0 802296
73 1 802383
84 0 802617
84 1 802684
65 0 802785
65 1 802860
32 0 803304
32 1 803372
80 0 803658
80 1 803741
69 0 803796
69 1 803887
78 0 803982
78 1 804069
84 0 804200
84 1 804255
82 0 804360
82 1 804428
85 0 804493
85 1 804564
32 0 804675
32 1 804766
65 0 805388
65 1 805479
32 0 805511
32 1 805586
79 0 805797
79 1 805872
66 0 806055
66 1 806126
84 0 806339
84 1 806398
73 0 806574
73 1 806661
78 0 806709
78 1 806791
69 0 806839
69 1 806946
32 0 806979
32 1 807062
83 0 807328
83 1 807416
73 0 807436
73 1 807503
32 0 807581
32 1 807660
86 0 807795
86 1 807846
65 0 807945
65 1 808024
78 0 808037
78 1 808100
65 0 808134
65 1 808205
32 0 808269
32 1 808328
78 0 808440
78 1 808503
79 0 809268
79 1 809353
84 0 810083
84 1 810154
69 0 810269
69 1 810368
188 0 812005
188 1 812100
32 0 812421
32 1 812532
78 0 812730
78 1 812833
85 0 812895
85 1 812994
32 0 813241
32 1 813336
8 0 818914
8 1 818983
8 0 819080
8 1 819175
8 0 819266
8 1 819354
8 0 819478
8 1 819566
8 0 819682
8 1 819806
190 0 824519
190 1 824653
32 0 826964
32 1 827096
73 0 827166
73 1 827264
78 0 827333
78 1 827429
32 0 827533
32 1 827624
76 0 827834
76 1 827914
79 0 828003
79 1 828078
67 0 828193
67 1 828309
32 0 828349
32 1 828437
68 0 828493
68 1 828597
69 0 828721
69 1 828813
32 0 828921
32 1 828996
85 0 833245
85 1 833355
78 0 833439
78 1 833582
32 0 833718
32 1 833850
73 0 834550
73 1 834677
78 0 834723
78 1 834816
84 0 834975
84 1 835046
69 0 835097
69 1 835196
82 0 835322
82 1 835401
86 0 835450
86 1 835525
65 0 835624
65 1 835687
76 0 835984
76 1 836063
32 0 836218
32 1 836293
8 0 837439
8 1 837558
82 0 844308
82 1 844407
69 0 844467
69 1 844554
90 0 844892
90 1 844983
85 0 845070
85 1 845125
76 0 845309
76 1 845372
84 0 845599
84 1 845666
65 0 845732
65 1 845807
84 0 845820
84 1 845879
69 0 846032
69 1 846136
32 0 847445
32 1 847524
80 0 847848
80 1 847916
69 0 847967
69 1 848062
32 0 848399
32 1 848466
16 0 888598
68 0 888766
16 1 888858
68 1 888859
69 0 888963
69 1 889063
83 0 889185
83 1 889285
73 0 889330
73 1 889414
32 0 889542
32 1 889606
78 0 889839
78 1 889963
85 0 890033
85 1 890105
32 0 890348
32 1 890421
80 0 890755
80 1 890819
79 0 890887
79 1 890955
84 0 891181
84 1 891245
32 0 891309
32 1 891393
83 0 891435
83 1 891518
65 0 891641
32 0 891733
65 1 891737
32 1 891805
90 0 891865
90 1 891945
73 0 891969
73 1 892045
67 0 892142
67 1 892250
32 0 892294
32 1 892378
67 0 892394
67 1 892482
65 0 892656
65 1 892728
32 0 892745
32 1 892836
77 0 892929
77 1 893008
65 0 893036
65 1 893116
32 0 893145
32 1 893221
80 0 893348
80 1 893412
82 0 893496
82 1 893588
73 0 893597
73 1 893652
67 0 893831
67 1 893931
69 0 894068
69 1 894184
80 0 894225
80 1 894289
188 0 894742
188 1 894843
32 0 894975
32 1 895071
68 0 896051
68 1 896159
85 0 896203
85 1 896255
80 0 896426
80 1 896498
65 0 896550
65 1 896654
32 0 896662
32 1 896734
80 0 896827
65 0 896896
80 1 896897
65 1 896967
82 0 897131
82 1 897179
69 0 897228
69 1 897300
82 0 897368
69 0 897432
82 1 897434
69 1 897512
65 0 897642
65 1 897726
32 0 897757
32 1 897845
77 0 897956
77 1 898059
69 0 898101
69 1 898208
65 0 898359
65 1 898439
37 0 899042
37 0 899543
37 0 899628
37 0 899712
37 0 899797
37 0 899881
37 0 899964
37 0 900048
37 0 900133
37 0 900217
37 0 900301
37 0 900386
37 0 900470
37 0 900553
37 0 900637
37 0 900721
37 0 900806
37 1 900886
37 0 901094
37 1 901209
32 0 901663
32 1 901722
76 0 902488
76 1 902580
65 0 902626
65 1 902734
8 0 903489
8 1 903581
8 0 903637
8 1 903752
73 0 904224
73 1 904344
78 0 904412
78 1 904508
32 0 904583
32 1 904678
65 0 904713
65 1 904809
67 0 904813
67 1 904875
69 0 904973
69 1 905072
83 0 905175
83 1 905259
84 0 905267
84 1 905327
32 0 905398
32 1 905470
68 0 905541
79 0 905640
68 1 905651
79 1 905747
77 0 905785
69 0 905807
77 1 905892
69 1 905896
78 0 906625
78 1 906756
73 0 906811
73 1 906902
85 0 906973
85 1 907044
32 0 909870
32 1 910010
73 0 910114
73 1 910229
78 0 910306
78 1 910393
32 0 910467
32 1 910554
65 0 910607
65 1 910703
67 0 910715
67 1 910778
69 0 910869
69 1 910976
65 0 911123
65 1 911166
83 0 911286
83 1 911352
84 0 911397
84 1 911464
65 0 911498
65 1 911557
32 0 911603
32 1 911682
80 0 911821
80 1 911908
8 0 912151
8 0 912652
8 0 912736
8 0 912821
8 0 912905
8 0 912989
8 0 913073
8 0 913158
8 0 913242
8 0 913327
8 0 913410
8 0 913495
8 1 913547
65 0 913930
65 1 914041
67 0 914166
67 1 914225
69 0 914280
69 1 914377
65 0 914508
65 1 914575
83 0 914665
84 0 914749
83 1 914759
84 1 914808
65 0 914858
65 1 914925
32 0 914938
32 1 915033
69 0 915073
69 1 915152
83 0 915282
83 1 915346
84 0 915365
84 1 915428
69 0 915478
69 1 915574
32 0 915595
32 1 915675
79 0 915757
79 1 915828
32 0 915933
32 1 916000
80 0 916080
80 1 916155
73 0 916274
73 1 916333
67 0 916415
67 1 916526
84 0 916632
84 1 916687
85 0 916863
85 1 916926
82 0 917107
82 1 917178
65 0 917221
32 0 917313
65 1 917316
32 1 917404
82 0 917498
82 1 917565
69 0 917626
69 1 917733
78 0 917826
78 1 917921
65 0 917973
65 1 918060
83 0 918168
83 1 918271
67 0 918320
67 1 918379
69 0 918438
69 1 918557
78 0 918688
78 1 918755
84 0 918850
84 1 918901
73 0 919110
73 1 919185
83 0 919256
83 1 919343
84 0 919457
84 1 919524
65 0 919612
65 1 919695
190 0 925648
190 1 925759
32 0 930694
32 1 930772
16 0 933541
83 0 933737
83 1 933856
16 1 933892
67 0 934018
67 1 934097
69 0 934269
69 1 934348
78 0 934369
78 1 934452
65 0 934524
65 1 934603
32 0 934660
32 1 934727
80 0 934992
80 1 935052
65 0 935137
65 1 935224
82 0 935332
82 1 935403
69 0 935448
69 1 935535
32 0 935537
32 1 935623
67 0 935681
67 1 935752
65 0 935858
65 1 935937
32 0 936030
32 1 936114
83 0 936202
83 1 936286
69 0 936433
69 1 936525
32 0 936534
32 1 936609
80 0 936775
80 1 936834
69 0 936892
69 1 936971
84 0 937095
84 1 937167
82 0 937286
82 1 937345
69 0 937392
69 1 937471
67 0 937510
67 1 937585
69 0 937615
69 1 937695
32 0 937768
32 1 937851
73 0 939192
73 1 939275
78 0 939521
78 1 939612
32 0 940057
32 1 940136
16 0 945556
82 0 945703
16 1 945754
82 1 945782
79 0 945937
79 1 946037
77 0 946163
77 1 946251
65 0 946342
65 1 946460
32 0 946536
32 1 946576
65 0 946763
65 1 946864
78 0 946900
78 1 946979
84 0 947183
84 1 947242
73 0 947486
73 1 947558
67 0 947621
67 1 947681
65 0 948032
65 1 948148
188 0 948757
188 1 948857
32 0 949076
32 1 949184
68 0 952397
68 1 952489
65 0 953531
65 1 953651
67 0 953680
67 1 953760
65 0 953805
65 1 953893
32 0 953935
32 1 954026
77 0 954332
77 1 954416
65 0 954523
65 1 954619
32 0 954654
32 1 954738
85 0 954841
85 1 954909
73 0 955038
73 1 955110
84 0 955354
84 1 955442
32 0 955535
32 1 955639
76 0 956172
76 1 956252
65 0 956361
65 1 956457
32 0 956525
32 1 956605
83 0 957052
83 1 957164
84 0 957205
84 1 957285
65 0 957336
84 0 957416
65 1 957427
84 1 957476
85 0 957733
85 1 957793
73 0 957921
73 1 957977
76 0 958145
76 1 958213
69 0 958287
69 1 958379
32 0 958422
32 1 958497
68 0 958552
68 1 958632
69 0 958747
69 1 958843
32 0 958864
32 1 958928
80 0 959080
80 1 959156
69 0 959214
69 1 959293
32 0 959294
32 1 959386
70 0 959773
70 1 959849
85 0 960028
85 1 960132
78 0 960144
78 1 960228
68 0 960308
68 1 960388
65 0 960579
65 1 960679
76 0 960680
76 1 960751
32 0 960825
32 1 960909
83 0 960954
73 0 961022
83 1 961032
73 1 961094
32 0 961138
32 1 961234
65 0 961706
65 1 961794
8 0 962125
8 1 962217
76 0 962785
76 1 962865
65 0 962930
65 1 963022
32 0 963064
32 1 963155
65 0 963222
65 1 963306
82 0 963387
82 1 963446
67 0 963670
67 1 963717
85 0 963825
85 1 963905
76 0 964154
76 1 964229
8 0 965170
8 1 965254
69 0 965489
69 1 965596
8 0 966004
8 1 966060
8 0 966148
8 1 966219
69 0 966349
69 1 966423
76 0 966447
76 1 966514
69 0 966567
69 1 966650
32 0 966843
32 1 966934
84 0 967302
84 1 967374
65 0 967417
65 1 967504
86 0 967546
86 1 967590
65 0 967647
65 1 967730
78 0 967850
78 1 967913
85 0 968038
85 1 968101
76 0 968268
76 1 968342
85 0 968474
85 1 968533
73 0 968624
73 1 968703
190 0 970983
190 1 971058
32 0 971341
32 1 971403
73 0 972330
73 1 972397
78 0 972486
78 1 972569
78 0 972675
78 1 972742
8 0 973167
8 1 973254
8 0 973472
8 1 973567
8 0 973632
8 1 973715
16 0 973923
73 0 974143
16 1 974214
73 1 974234
78 0 974413
78 1 974472
32 0 974574
32 1 974661
68 0 974757
68 1 974852
82 0 974949
82 1 975004
69 0 975120
69 1 975179
65 0 975438
65 1 975473
80 0 975534
80 1 975605
84 0 975852
84 1 975911
65 0 975998
65 1 976081
32 0 976548
32 1 976643
80 0 978263
80 1 978342
65 0 978390
65 1 978473
82 0 978641
82 1 978704
69 0 978725
69 1 978808
32 0 978853
32 1 978932
67 0 978974
67 1 979049
65 0 979111
32 0 979179
65 1 979186
32 1 979262
83 0 979313
83 1 979376
69 0 979502
69 1 979566
32 0 979595
32 1 979674
65 0 979736
65 1 979799
70 0 979868
70 1 979911
76 0 980188
76 1 980243
65 0 980347
65 1 980402
32 0 980475
32 1 980562
85 0 980743
85 1 980822
78 0 980887
78 1 980974
32 0 981044
32 1 981127
71 0 981227
71 1 981290
82 0 981385
82 1 981477
85 0 981526
85 1 981585
80 0 983308
80 1 983383
32 0 983683
32 1 983778
68 0 984224
68 1 984312
69 0 984433
69 1 984520
32 0 984555
32 1 984646
67 0 984687
67 1 984782
79 0 984832
79 1 984895
80 0 985024
80 1 985088
73 0 985249
73 1 985312
73 0 985403
73 1 985474
32 0 985643
32 1 985730
67 0 985970
67 1 986041
65 0 986125
65 1 986204
82 0 986234
82 1 986301
69 0 986381
69 1 986448
32 0 986540
32 1 986619
74 0 986917
74 1 986980
79 0 987104
79 1 987179
65 0 987236
65 1 987319
67 0 987378
67 1 987445
65 0 987454
65 1 987521
32 0 987537
32 1 987617
85 0 987724
85 1 987795
78 0 987825
78 1 987904
32 0 987973
32 1 988057
70 0 988134
70 1 988214
69 0 988352
69 1 988455
76 0 988468
76 1 988551
32 0 988707
32 1 988791
68 0 988829
68 1 988900
69 0 989035
69 1 989115
32 0 989124
32 1 989215
74 0 989292
74 1 989360
79 0 989511
79 1 989571
67 0 989659
67 1 989735
32 0 989849
32 1 989929
80 0 990106
80 1 990185
69 0 990325
69 1 990425
32 0 993470
32 1 993550
80 0 993831
80 1 993899
79 0 993970
79 1 994046
68 0 994106
68 1 994190
69 0 994322
69 1 994394
65 0 994598
65 1 994682
188 0 994864
188 1 994913
32 0 995397
32 1 995476
80 0 995619
80 1 995691
69 0 995722
69 1 995794
32 0 995836
32 1 995932
85 0 996017
85 1 996101
78 0 996159
78 1 996255
32 0 996327
32 1 996411
70 0 996529
70 1 996609
76 0 996809
76 1 996901
32 0 996965
32 1 997036
68 0 997054
68 1 997126
69 0 997268
69 1 997348
32 0 997397
32 1 997481
84 0 997697
84 1 997773
65 0 997853
65 1 997921
66 0 997950
66 1 998018
76 0 998222
76 1 998284
65 0 998363
65 1 998414
32 0 998537
32 1 998621
8 0 1001141
8 1 1001267
190 0 1002165
190 1 1002249
32 0 1002455
32 1 1002539
73 0 1004320
73 1 1004396
78 0 1004524
78 1 1004627
32 0 1004792
32 1 1004888
8 0 1006161
8 1 1006229
8 0 1006306
8 1 1006373
8 0 1006436
8 1 1006520
16 0 1006750
73 0 1006946
16 1 1007022
73 1 1007025
78 0 1007197
78 1 1007259
32 0 1007336
32 1 1007415
83 0 1007506
83 1 1007598
84 0 1007615
84 1 1007691
65 0 1007766
65 1 1007842
78 0 1007859
78 1 1007946
71 0 1008031
71 1 1008107
65 0 1008181
65 1 1008249
32 0 1008321
32 1 1008421
83 0 1008511
83 1 1008602
69 0 1008789
69 1 1008868
32 0 1008959
32 1 1009050
65 0 1009245
65 1 1009344
70 0 1010442
70 1 1010582
76 0 1010792
76 1 1010919
65 0 1011093
65 1 1011149
32 0 1011482
32 1 1011598
78 0 1014752
78 1 1014811
73 0 1014934
73 1 1014997
83 0 1015034
83 1 1015113
84 0 1015166
84 1 1015225
69 0 1015281
69 1 1015352
32 0 1015381
32 1 1015452
79 0 1015562
79 1 1015633
65 0 1015706
65 1 1015769
77 0 1015828
77 1 1015915
69 0 1015994
69 1 1016057
78 0 1016098
78 1 1016161
73 0 1016305
73 1 1016388
32 0 1016477
32 1 1016560
67 0 1016670
67 1 1016737
65 0 1016797
65 1 1016868
82 0 1016922
82 1 1016993
69 0 1017087
69 1 1017154
32 0 1017320
32 1 1017415
67 0 1021724
67 1 1021797
73 0 1021839
73 1 1021911
84 0 1022080
84 1 1022144
69 0 1022212
69 1 1022266
83 0 1022444
83 1 1022555
67 0 1022680
67 1 1022751
32 0 1022810
32 1 1022914
83 0 1022937
83 1 1023004
65 0 1023138
65 1 1023229
85 0 1023238
85 1 1023326
32 0 1023377
32 1 1023468
83 0 1023600
83 1 1023675
84 0 1023727
84 1 1023790
85 0 1023955
85 1 1024026
68 0 1024124
68 1 1024191
73 0 1024217
73 1 1024284
65 0 1024379
65 1 1024442
90 0 1024570
90 1 1024646
65 0 1024764
65 1 1024843
32 0 1024907
32 1 1025002
67 0 1025105
67 1 1025180
69 0 1025218
69 1 1025284
86 0 1025344
86 1 1025419
65 0 1025501
65 1 1025568
188 0 1028450
188 1 1028533
32 0 1028621
32 1 1028680
73 0 1028779
73 1 1028846
65 0 1029032
65 1 1029123
82 0 1029453
82 1 1029532
32 0 1029603
32 1 1029695
80 0 1031145
80 1 1031220
69 0 1031447
69 1 1031514
32 0 1031627
32 1 1031706
72 0 1032185
72 1 1032288
79 0 1032379
79 1 1032442
76 0 1032561
76 1 1032628
188 0 1032735
188 1 1032806
32 0 1032901
32 1 1032960
73 0 1033125
73 1 1033188
78 0 1033302
78 1 1033361
77 0 1033651
77 1 1033730
73 0 1033891
73 1 1033982
74 0 1034167
74 1 1034227
8 0 1034935
8 1 1035042
8 0 1035148
8 1 1035207
8 0 1035296
8 1 1035359
32 0 1036166
32 1 1036233
77 0 1036338
77 1 1036413
73 0 1036537
73 1 1036624
74 0 1036714
74 1 1036781
76 0 1036942
76 1 1037001
79 0 1037101
79 1 1037182
67 0 1037268
67 1 1037361
188 0 1038525
188 1 1038612
32 0 1039024
32 1 1039131
68 0 1042722
68 1 1042804
79 0 1042852
79 1 1042947
8 0 1043422
8 1 1043634
8 0 1044084
8 1 1044163
77 0 1044360
77 1 1044435
65 0 1044512
65 1 1044583
73 0 1044584
73 1 1044659
32 0 1044729
32 1 1044817
77 0 1044864
77 1 1044932
85 0 1045049
85 1 1045117
76 0 1045229
76 1 1045316
84 0 1045448
84 1 1045532
73 0 1045570
73 1 1045650
32 0 1045732
32 1 1045824
66 0 1045925
66 1 1045997
65 0 1046064
65 1 1046152
82 0 1046234
82 1 1046268
66 0 1046465
66 1 1046537
65 0 1046594
65 1 1046670
84 0 1046737
84 1 1046797
73 0 1047218
73 1 1047306
32 0 1047433
32 1 1047525
83 0 1047928
83 1 1048036
8 0 1048661
8 1 1048744
86 0 1049183
86 1 1049251
73 0 1049474
73 1 1049558
78 0 1049705
78 1 1049744
32 0 1049855
32 1 1049927
73 0 1053953
73 1 1054015
78 0 1054197
78 1 1054276
32 0 1054371
32 1 1054478
73 0 1054615
73 1 1054706
8 0 1055115
8 0 1055615
8 0 1055700
8 0 1055784
8 0 1055868
8 0 1055952
8 0 1056037
8 1 1056066
8 0 1056183
8 1 1056250
73 0 1056612
73 1 1056683
78 0 1056790
78 1 1056866
84 0 1057079
84 1 1057154
82 0 1057246
82 1 1057313
65 0 1057358
65 1 1057441
32 0 1057465
32 1 1057565
73 0 1057684
73 1 1057771
78 0 1057883
78 1 1057958
32 0 1058022
32 1 1058097
73 0 1058245
73 1 1058316
78 0 1058408
78 1 1058483
67 0 1058672
67 1 1058735
65 0 1058854
65 1 1058907
80 0 1059050
80 1 1059117
69 0 1059221
69 1 1059301
82 0 1059450
82 1 1059513
69 0 1059671
69 1 1059747
32 0 1060537
32 1 1060632
8 0 1061822
8 1 1061898
190 0 1062018
190 1 1062150
32 0 1062693
32 1 1062773
16 0 1067324
73 0 1067610
16 1 1067662
73 1 1067710
73 0 1068035
73 1 1068119
8 0 1068499
8 1 1068543
77 0 1069076
77 1 1069195
73 0 1069199
73 1 1069295
32 0 1069344
32 1 1069440
69 0 1069552
69 1 1069628
83 0 1069781
83 1 1069877
84 0 1069885
84 1 1069953
69 0 1070047
69 1 1070120
32 0 1070193
32 1 1070283
71 0 1071441
71 1 1071530
82 0 1071618
82 1 1071670
69 0 1071812
69 1 1071896
85 0 1071904
85 1 1071976
32 0 1072052
32 1 1072148
83 0 1072471
83 1 1072519
65 0 1072675
65 1 1072747
32 0 1072763
32 1 1072863
73 0 1072955
73 1 1073051
77 0 1073086
77 1 1073170
73 0 1073201
73 1 1073287
32 0 1073330
32 1 1073410
73 0 1073467
73 1 1073559
77 0 1073595
77 1 1073695
65 0 1073745
65 1 1073813
71 0 1073862
71 1 1073918
73 0 1074082
73 1 1074178
78 0 1074194
78 1 1074290
69 0 1074358
69 1 1074426
90 0 1074619
90 1 1074711
32 0 1074769
32 1 1074869
67 0 1074946
67 1 1075026
85 0 1075057
85 1 1075121
77 0 1075229
77 1 1075321
32 0 1075448
32 1 1075556
73 0 1076134
73 1 1076205
83 0 1076253
73 0 1076309
83 1 1076352
73 1 1076385
32 0 1076443
32 1 1076531
80 0 1076625
80 1 1076700
69 0 1076758
69 1 1076838
84 0 1076946
84 1 1077018
82 0 1077113
82 1 1077165
69 0 1077225
69 1 1077289
67 0 1077325
67 1 1077385
69 0 1077432
69 1 1077496
65 0 1077658
65 1 1077746
85 0 1077783
85 1 1077863
32 0 1077920
32 1 1078012
79 0 1078088
79 1 1078160
65 0 1078214
65 1 1078293
77 0 1078331
77 1 1078402
69 0 1078515
78 0 1078575
69 1 1078582
78 1 1078639
73 0 1078786
73 1 1078857
73 0 1078930
73 1 1079010
32 0 1079119
32 1 1079202
68 0 1079359
68 1 1079435
69 0 1079571
69 1 1079643
32 0 1079665
32 1 1079747
65 0 1079851
65 1 1079939
84 0 1080006
84 1 1080061
85 0 1080209
85 1 1080293
78 0 1080312
78 1 1080407
67 0 1080457
67 1 1080544
73 0 1080549
73 1 1080625
32 0 1080678
32 1 1080754
79 0 1080871
79 1 1080947
32 0 1081004
32 1 1081091
90 0 1081295
90 1 1081394
73 0 1081430
73 1 1081508
32 0 1081555
32 1 1081643
79 0 1081752
79 1 1081819
66 0 1082017
66 1 1082081
73 0 1082237
73 1 1082308
83 0 1082672
83 1 1082771
78 0 1082802
78 1 1082869
85 0 1083021
85 1 1083073
73 0 1083166
73 1 1083233
84 0 1083418
84 1 1083473
65 0 1083596
65 1 1083687
188 0 1084223
188 1 1084314
32 0 1084456
32 1 1084547
84 0 1087671
84 1 1087738
73 0 1087967
73 1 1088058
77 0 1088094
77 1 1088193
80 0 1088262
80 1 1088329
85 0 1088465
85 1 1088528
82 0 1088634
82 1 1088717
73 0 1088726
73 1 1088789
76 0 1088960
76 1 1089043
69 0 1089108
69 1 1089183
32 0 1089358
32 1 1089456
83 0 1089577
83 1 1089652
189 0 1089878
189 1 1089969
65 0 1090053
65 1 1090128
85 0 1090181
85 1 1090264
32 0 1090308
83 0 1090392
32 1 1090393
83 1 1090463
67 0 1090621
67 1 1090708
72 0 1090741
72 1 1090793
77 0 1091036
77 1 1091139
66 0 1091293
66 1 1091381
65 0 1091488
65 1 1091559
32 0 1091769
32 1 1091852
8 0 1092201
8 1 1092294
84 0 1092723
84 1 1092811
32 0 1092874
32 1 1092977
65 0 1093050
65 1 1093133
84 0 1093137
84 1 1093213
65 0 1093268
65 1 1093339
84 0 1093356
84 1 1093431
32 0 1093502
32 1 1093585
68 0 1093649
68 1 1093720
69 0 1093848
32 0 1093908
69 1 1093925
32 1 1093979
77 0 1094081
77 1 1094148
85 0 1094176
85 1 1094263
76 0 1094413
76 1 1094481
84 0 1094584
84 1 1094699
190 0 1094902
190 1 1094973
32 0 1095111
32 1 1095170
16 0 1095412
67 0 1095557
16 1 1095580
67 1 1095652
85 0 1095753
85 1 1095832
32 0 1095909
32 1 1095992
84 0 1096077
84 1 1096168
79 0 1096199
79 1 1096266
65 0 1096450
65 1 1096546
84 0 1096610
84 1 1096677
69 0 1097039
69 1 1097142
32 0 1097340
32 1 1097435
65 0 1097558
65 1 1097661
67 0 1098105
67 1 1098184
69 0 1098231
69 1 1098319
83 0 1098497
83 1 1098600
84 0 1098634
84 1 1098701
69 0 1098757
69 1 1098824
65 0 1099036
65 1 1099111
188 0 1099308
188 1 1099411
32 0 1099593
32 1 1099680
80 0 1100552
80 1 1100631
82 0 1100721
82 1 1100800
79 0 1100817
79 1 1100876
66 0 1101044
66 1 1101115
65 0 1101209
66 0 1101233
65 1 1101280
66 1 1101284
73 0 1101465
73 1 1101529
76 0 1101651
76 1 1101746
32 0 1101817
32 1 1101904
83 0 1101979
73 0 1102019
83 1 1102066
73 1 1102098
32 0 1102142
32 1 1102225
69 0 1102301
69 1 1102399
73 0 1102432
73 1 1102512
32 0 1102618
32 1 1102711
65 0 1103015
65 1 1103106
86 0 1103268
86 1 1103345
69 0 1103426
69 1 1103494
65 0 1103695
65 1 1103778
85 0 1103851
85 1 1103922
32 0 1104045
32 1 1104133
65 0 1104528
65 1 1104616
67 0 1104683
67 1 1104754
69 0 1104840
69 1 1104920
76 0 1105102
76 1 1105169
69 0 1105188
69 1 1105275
65 0 1105452
65 1 1105536
83 0 1105643
83 1 1105711
73 0 1105724
73 1 1105799
32 0 1105874
32 1 1105957
71 0 1106060
71 1 1106132
82 0 1106212
82 1 1106291
73 0 1106333
73 1 1106397
74 0 1106509
74 1 1106545
73 0 1106674
73 1 1106761
32 0 1106875
32 1 1106951
90 0 1107065
90 1 1107145
73 0 1107200
73 1 1107280
76 0 1107438
76 1 1107518
73 0 1108917
73 1 1108989
8 0 1109357
8 1 1109437
78 0 1109848
78 1 1109915
73 0 1110057
73 1 1110132
67 0 1110151
67 1 1110246
69 0 1110399
69 1 1110515
32 0 1110524
32 1 1110615
67 0 1110704
67 1 1110772
65 0 1110838
65 1 1110918
32 0 1110919
32 1 1111010
78 0 1111129
78 1 1111196
79 0 1111356
79 1 1111440
73 0 1111521
73 1 1111597
190 0 1113619
190 1 1113686
32 0 1113809
32 1 1113865
16 0 1114129
68 0 1114265
16 1 1114321
68 1 1114353
65 0 1114543
65 1 1114628
67 0 1114714
67 1 1114794
65 0 1114844
32 0 1114928
65 1 1114932
32 1 1115012
65 0 1115079
65 1 1115163
77 0 1115235
77 1 1115327
83 0 1115581
83 1 1115665
84 0 1115692
84 1 1115767
65 0 1115838
65 1 1115906
32 0 1115914
32 1 1115994
76 0 1116136
76 1 1116213
65 0 1116300
65 1 1116372
79 0 1116576
79 1 1116620
8 0 1117017
8 1 1117094
32 0 1117282
32 1 1117374
79 0 1117539
79 1 1117619
32 0 1117705
32 1 1117805
80 0 1117897
80 1 1117969
79 0 1118030
79 1 1118102
86 0 1118286
86 1 1118355
69 0 1118428
69 1 1118484
83 0 1118631
83 1 1118731
84 0 1118739
84 1 1118815
69 0 1118891
69 1 1118959
32 0 1119010
32 1 1119090
67 0 1119162
67 1 1119233
85 0 1119259
85 1 1119339
32 0 1119409
32 1 1119457
67 0 1119514
67 1 1119590
73 0 1119602
73 1 1119670
78 0 1119783
78 1 1119830
69 0 1119903
69 1 1119990
86 0 1120028
86 1 1120100
65 0 1120189
65 1 1120264
32 0 1120281
32 1 1120341
68 0 1120449
68 1 1120533
73 0 1120549
73 1 1120629
78 0 1120792
78 1 1120860
32 0 1120973
32 1 1121041
80 0 1121425
80 1 1121493
69 0 1121551
69 1 1121623
82 0 1121785
82 1 1121865
73 0 1121911
73 1 1121975
79 0 1122062
79 1 1122134
65 0 1122244
65 1 1122327
68 0 1122369
68 1 1122445
65 0 1122499
32 0 1122551
65 1 1122579
32 1 1122638
65 0 1122719
65 1 1122791
73 0 1122955
73 1 1123033
8 0 1123572
8 1 1123647
67 0 1123703
67 1 1123775
69 0 1124009
69 1 1124069
69 0 1124187
69 1 1124281
65 0 1124621
65 1 1124717
32 0 1124923
32 1 1125014
80 0 1125163
80 1 1125243
82 0 1125310
79 0 1125410
82 1 1125411
79 1 1125482
66 0 1125637
66 1 1125716
65 0 1125799
66 0 1125839
65 1 1125882
66 1 1125898
73 0 1126089
73 1 1126156
76 0 1126305
76 1 1126392
32 0 1126505
32 1 1126572
65 0 1126681
65 1 1126733
77 0 1126800
77 1 1126884
32 0 1126983
32 1 1127038
70 0 1127246
70 1 1127338
73 0 1127403
73 1 1127483
32 0 1127560
32 1 1127651
83 0 1127682
83 1 1127766
85 0 1127767
85 1 1127833
80 0 1128111
80 1 1128178
82 0 1128286
82 1 1128373
8 0 1128884
8 1 1128947
8 0 1129080
8 1 1129151
82 0 1129301
82 1 1129376
80 0 1129449
80 1 1129520
82 0 1130000
82 1 1130102
73 0 1130121
73 1 1130192
78 0 1130275
78 1 1130360
83 0 1130423
83 1 1130502
73 0 1130519
73 1 1130598
32 0 1130686
32 1 1130769
67 0 1130914
67 1 1130981
65 0 1131053
65 1 1131144
84 0 1131153
84 1 1131224
69 0 1131331
69 1 1131414
32 0 1131438
32 1 1131521
76 0 1131635
76 1 1131710
85 0 1131861
85 1 1131924
67 0 1132041
67 1 1132112
82 0 1132313
82 1 1132412
85 0 1132453
85 1 1132520
82 0 1132548
82 1 1132623
73 0 1132681
73 1 1132765
32 0 1132859
32 1 1132946
65 0 1133439
65 1 1133535
86 0 1133568
86 1 1133635
69 0 1133741
69 1 1133825
77 0 1133903
77 1 1133994
32 0 1134095
32 1 1134178
73 0 1134257
73 1 1134332
78 0 1134482
78 1 1134557
32 0 1134662
32 1 1134721
67 0 1134836
67 1 1134919
79 0 1134928
79 1 1135023
77 0 1135066
77 1 1135177
85 0 1135227
85 1 1135310
78 0 1135358
78 1 1135449
188 0 1135663
188 1 1135738
32 0 1135814
32 1 1135913
68 0 1135952
68 1 1136039
65 0 1136206
65 1 1136309
82 0 1136322
82 1 1136397
32 0 1136468
32 1 1136567
83 0 1136691
73 0 1136783
83 1 1136784
73 1 1136866
32 0 1136937
32 1 1137024
67 0 1137170
67 1 1137233
65 0 1137316
65 1 1137387
84 0 1137431
84 1 1137510
69 0 1137641
69 1 1137724
32 0 1137821
32 1 1137920
68 0 1138476
68 1 1138575
73 0 1138644
73 1 1138715
70 0 1138862
70 1 1138913
69 0 1139164
69 1 1139278
82 0 1139477
82 1 1139552
69 0 1139704
69 1 1139795
78 0 1139834
78 1 1139921
84 0 1140080
84 1 1140151
69 0 1140264
69 1 1140343
190 0 1140919
190 1 1141010
