20 0 80940
20 1 81016
86 0 81100
86 1 81146
20 0 81194
20 1 81240
82 0 81901
82 1 81962
69 0 82055
69 1 82080
77 0 82182
77 1 82237
69 0 82238
69 1 82281
65 0 82426
65 1 82499
32 0 82556
32 1 82626
65 0 82652
65 1 82708
67 0 82816
67 1 82894
85 0 82929
85 1 82975
77 0 83204
77 1 83266
32 0 84164
32 1 84233
69 0 84310
69 1 84368
83 0 84485
83 1 84555
84 0 84582
84 1 84643
69 0 84700
69 1 84728
32 0 84804
32 1 84874
68 0 86950
69 0 87021
68 1 87052
69 1 87073
83 0 87190
83 1 87252
84 0 87364
84 1 87418
85 0 87467
85 1 87522
76 0 87698
76 1 87751
32 0 87845
32 1 87924
68 0 87945
68 1 88032
69 0 88032
69 1 88086
32 0 88126
32 1 88181
82 0 88215
69 0 88278
82 1 88301
69 1 88348
67 0 88457
67 1 88544
69 0 88603
69 1 88684
188 0 88758
188 1 88812
32 0 88924
32 1 88989
80 0 89316
80 1 89355
76 0 89505
76 1 89534
79 0 89652
79 1 89707
65 0 90081
65 1 90140
85 0 90191
85 1 90240
65 0 90293
65 1 90340
8 0 90973
8 1 91053
8 0 91115
8 1 91176
8 0 91254
8 1 91307
85 0 91648
85 1 91705
65 0 91768
65 1 91833
32 0 91879
32 1 91940
65 0 91992
65 1 92059
70 0 92144
70 1 92198
65 0 92224
65 1 92289
82 0 92314
82 1 92360
65 0 92418
65 1 92489
188 0 92699
188 1 92755
32 0 92891
32 1 92927
73 0 93084
73 1 93122
78 0 93227
78 1 93275
32 0 93405
32 1 93444
85 0 93653
85 1 93708
76 0 93893
76 1 93948
84 0 93981
84 1 94043
73 0 94111
73 1 94154
77 0 94671
77 1 94712
69 0 94785
69 1 94839
76 0 94896
76 1 94949
69 0 94971
69 1 95009
32 0 95089
32 1 95141
90 0 95255
90 1 95308
73 0 95385
73 1 95415
76 0 95573
76 1 95634
69 0 95678
69 1 95722
32 0 95789
32 1 95853
84 0 96390
84 1 96443
79 0 96513
79 1 96565
84 0 96616
84 1 96678
32 0 96732
32 1 96786
67 0 96874
67 1 96945
65 0 97030
65 1 97110
77 0 97126
77 1 97167
32 0 97261
32 1 97334
65 0 97335
65 1 97388
83 0 97496
83 1 97548
65 0 97654
65 1 97708
32 0 97739
32 1 97784
65 0 97825
65 1 97882
32 0 97927
32 1 97966
70 0 98026
70 1 98073
79 0 98123
79 1 98178
83 0 98239
83 1 98283
84 0 98388
84 1 98447
188 0 98480
188 1 98521
32 0 98621
32 1 98663
65 0 98711
65 1 98780
32 0 98811
32 1 98847
80 0 99009
80 1 99031
76 0 99157
76 1 99202
79 0 99315
79 1 99367
65 0 99412
65 1 99486
8 0 99788
8 1 99849
85 0 100006
85 1 100041
65 0 100100
65 1 100168
84 0 100266
84 1 100321
32 0 100442
32 1 100496
8 0 101148
8 1 101195
8 0 101289
8 1 101350
8 0 101417
8 1 101496
8 0 101561
8 1 101634
65 0 101954
65 1 102016
84 0 102133
84 1 102204
32 0 102243
32 1 102308
83 0 102382
83 1 102429
73 0 102455
73 1 102487
32 0 102596
32 1 102660
65 0 102685
65 1 102766
32 0 102793
32 1 102847
70 0 102885
70 1 102929
79 0 102980
79 1 103033
83 0 103096
83 1 103142
84 0 103264
84 1 103309
32 0 103357
32 1 103400
73 0 103517
73 1 103562
78 0 103707
78 1 103734
78 0 103841
78 1 103889
8 0 105023
8 1 105101
78 0 105813
78 1 105871
79 0 105978
79 1 106051
82 0 106095
82 1 106149
65 0 106267
65 1 106338
84 0 106440
84 1 106507
190 0 106534
190 1 106588
32 0 106728
32 1 106779
20 0 107863
20 1 107953
20 0 108532
20 1 108584
20 0 111010
20 1 111074
80 0 111336
80 1 111400
20 0 111436
20 1 111516
69 0 111649
69 1 111701
78 0 111750
78 1 111821
84 0 111822
84 1 111900
82 0 111901
85 0 111969
82 1 111972
85 1 112008
32 0 112132
32 1 112172
77 0 112290
77 1 112349
73 0 112448
73 1 112501
78 0 112593
78 1 112639
69 0 112688
69 1 112737
188 0 112780
188 1 112825
32 0 112919
32 1 112984
86 0 113163
86 1 113211
82 0 113306
82 1 113359
69 0 113468
69 1 113515
77 0 113564
77 1 113595
69 0 113633
69 1 113674
65 0 113894
65 1 113965
32 0 114152
32 1 114198
80 0 114358
80 1 114397
69 0 114444
69 1 114497
82 0 114584
82 1 114654
70 0 114748
70 1 114846
69 0 114847
69 1 114912
67 0 115042
67 1 115072
84 0 115180
84 1 115237
65 0 115300
65 1 115369
32 0 115463
32 1 115524
65 0 115608
65 1 115687
82 0 116535
82 1 116588
32 0 116682
32 1 116765
70 0 116765
70 1 116826
73 0 116895
73 1 116941
32 0 117067
32 1 117146
83 0 117278
83 1 117341
65 0 117441
65 1 117528
32 0 117552
32 1 117606
70 0 117631
70 1 117686
73 0 117740
73 1 117779
69 0 117822
69 1 117869
32 0 117920
32 1 117975
83 0 118034
83 1 118089
79 0 118136
79 1 118188
65 0 118241
65 1 118304
82 0 118408
69 0 118462
82 1 118478
69 1 118540
188 0 118575
188 1 118606
32 0 118712
32 1 118767
78 0 118910
78 1 118957
85 0 119062
85 1 119101
32 0 119205
32 1 119268
80 0 119427
80 1 119475
82 0 119518
69 0 119572
82 1 119603
69 1 119642
65 0 119749
32 0 119863
65 1 119864
32 1 119893
77 0 120015
77 1 120053
85 0 120162
85 1 120211
76 0 120378
76 1 120441
84 0 120574
84 1 120631
8 0 120996
8 1 121054
84 0 121703
84 1 121763
188 0 122349
188 1 122420
32 0 122930
32 1 122978
78 0 123086
78 1 123125
8 0 124006
8 1 124100
80 0 124806
80 1 124853
85 0 125046
85 1 125091
8 0 125629
8 1 125692
8 0 125794
8 1 125850
67 0 126311
67 1 126358
65 0 126473
77 0 126538
65 1 126559
77 1 126576
32 0 126682
32 1 126753
86 0 127008
86 1 127047
82 0 127124
69 0 127181
82 1 127203
69 1 127243
77 0 127312
77 1 127368
69 0 127369
69 1 127403
32 0 127484
32 1 127535
68 0 127536
68 1 127603
69 0 127604
32 0 127668
69 1 127670
32 1 127714
80 0 127836
80 1 127882
82 0 127929
73 0 127998
82 1 128000
73 1 128036
77 0 128148
77 1 128203
65 0 128249
65 1 128306
86 0 128391
86 1 128422
65 0 128476
65 1 128514
82 0 128606
82 1 128661
65 0 128791
65 1 128837
188 0 128882
188 1 128921
32 0 129009
32 1 129079
80 0 130467
80 1 130522
8 0 130990
8 1 131052
67 0 131440
67 1 131510
32 0 131681
32 1 131720
8 0 132217
8 1 132279
85 0 132455
85 1 132506
32 0 132551
32 1 132606
79 0 132678
79 1 132724
32 0 132841
32 1 132897
77 0 133047
77 1 133092
73 0 133188
73 1 133252
67 0 133311
67 1 133369
65 0 133472
32 0 133571
65 1 133574
32 1 133633
66 0 133868
66 1 133922
82 0 133979
82 1 134041
73 0 134100
73 1 134163
90 0 134454
90 1 134517
65 0 134667
65 1 134724
188 0 136108
188 1 136171
32 0 136286
32 1 136355
70 0 136415
70 1 136476
8 0 136826
8 1 136901
8 0 136989
8 1 137027
8 0 137784
8 1 137870
190 0 147646
190 1 147710
32 0 148295
32 1 148373
20 0 148443
20 1 148511
70 0 148708
70 1 148778
8 0 149170
8 1 149241
80 0 149756
80 1 149808
20 0 149869
20 1 149948
79 0 150016
79 1 150070
77 0 150209
77 1 150265
73 0 150386
73 1 150450
32 0 150568
32 1 150647
83 0 151424
83 1 151487
73 0 151523
73 1 151579
32 0 151685
32 1 151748
70 0 151789
70 1 151852
76 0 151895
76 1 151949
79 0 152060
79 1 152116
82 0 152164
82 1 152212
73 0 152262
73 1 152316
32 0 152480
32 1 152541
80 0 155630
80 1 155669
69 0 155766
69 1 155828
32 0 155866
32 1 155921
8 0 156586
8 1 156630
8 0 156746
8 1 156792
8 0 156902
8 1 156955
8 0 157062
8 1 157126
188 0 159855
188 1 159898
32 0 160022
32 1 160086
83 0 160087
65 0 160150
83 1 160175
65 1 160244
32 0 160287
32 1 160342
70 0 160696
70 1 160763
73 0 160791
73 1 160857
69 0 160889
69 1 160944
32 0 161019
32 1 161091
84 0 161222
84 1 161260
79 0 161295
79 1 161349
84 0 161386
84 1 161448
85 0 161491
85 1 161529
76 0 161669
76 1 161725
32 0 161823
32 1 161880
86 0 161959
86 1 162004
69 0 162062
69 1 162110
82 0 162199
82 1 162262
68 0 162370
68 1 162433
69 0 162524
69 1 162593
188 0 163453
188 1 163499
32 0 163629
32 1 163659
80 0 163825
80 1 163863
76 0 163977
76 1 164037
65 0 164038
65 1 164091
67 0 164190
85 0 164274
67 1 164277
85 1 164303
84 0 164373
84 1 164452
32 0 164498
32 1 164567
80 0 164896
80 1 164933
69 0 164995
69 1 165047
78 0 165063
78 1 165119
84 0 165163
84 1 165216
82 0 165217
85 0 165255
82 1 165278
85 1 165293
32 0 165415
32 1 165485
79 0 165616
79 1 165662
32 0 165758
32 1 165819
80 0 165967
80 1 166015
76 0 166118
76 1 166165
73 0 166258
73 1 166305
77 0 166415
77 1 166462
66 0 166551
65 0 166581
66 1 166605
65 1 166658
82 0 166736
69 0 166797
82 1 166813
32 0 166878
69 1 166880
32 1 166924
80 0 167099
80 1 167142
69 0 167207
69 1 167250
32 0 167269
32 1 167315
74 0 167421
74 1 167468
79 0 167566
79 1 167621
83 0 167654
83 1 167728
190 0 167774
190 1 167813
32 0 167932
32 1 167979
20 0 168929
20 1 168998
78 0 169037
78 1 169096
20 0 169138
20 1 169185
85 0 169246
85 1 169302
32 0 169428
32 1 169508
70 0 169535
70 1 169586
79 0 169673
79 1 169728
8 0 170182
8 1 170245
79 0 170851
79 1 170897
65 0 170978
65 1 171025
82 0 171126
82 1 171181
84 0 171277
69 0 171331
84 1 171355
69 1 171417
32 0 171449
32 1 171524
70 0 171524
70 1 171586
79 0 171645
79 1 171707
65 0 171729
65 1 171792
82 0 171869
82 1 171916
84 0 172007
69 0 172077
84 1 172093
69 1 172155
32 0 172208
32 1 172277
67 0 172324
67 1 172386
65 0 172507
65 1 172600
76 0 172626
76 1 172681
68 0 172732
68 1 172780
32 0 173746
32 1 173801
83 0 173858
83 1 173928
73 0 173959
73 1 174013
32 0 174422
32 1 174468
78 0 174606
78 1 174653
73 0 174769
73 1 174832
67 0 174891
67 1 174953
73 0 174972
73 1 175027
32 0 175147
32 1 175219
70 0 175632
70 1 175703
82 0 176075
82 1 176137
73 0 176213
73 1 176268
71 0 176306
71 1 176377
190 0 176469
190 1 176508
32 0 176634
32 1 176697
20 0 177941
20 1 178020
68 0 178140
68 1 178203
20 0 178338
20 1 178433
69 0 178650
69 1 178698
32 0 178791
32 1 178843
84 0 178844
84 1 178921
82 0 178922
82 1 178983
73 0 179003
73 1 179058
79 0 179199
79 1 179254
8 0 179571
8 1 179626
67 0 179667
67 1 179747
79 0 179775
79 1 179838
85 0 179975
85 1 180020
190 0 180405
190 1 180434
32 0 182312
32 1 182365
20 0 183548
20 1 183627
67 0 183741
67 1 183807
20 0 183926
20 1 183991
82 0 184088
82 1 184180
69 0 184181
69 1 184216
68 0 184330
68 1 184383
32 0 184429
32 1 184498
86 0 184500
86 1 184534
8 0 184818
8 1 184879
67 0 184908
67 1 184962
65 0 185032
32 0 185147
65 1 185150
32 1 185208
83 0 185355
83 1 185416
65 0 185514
80 0 185598
65 1 185601
80 1 185641
84 0 185701
84 1 185748
65 0 185870
65 1 185931
77 0 185977
77 1 186043
65 0 186043
65 1 186098
78 0 186153
78 1 186204
65 0 186207
65 1 186283
32 0 186319
32 1 186379
65 0 187072
65 1 187142
83 0 187221
83 1 187298
84 0 187338
84 1 187383
65 0 187437
65 1 187516
32 0 187562
32 1 187638
8 0 188115
8 1 188163
188 0 188360
188 1 188407
32 0 188510
32 1 188571
8 0 189197
8 1 189233
8 0 189329
8 1 189391
188 0 190329
188 1 190375
32 0 190488
32 1 190555
83 0 190555
83 1 190671
65 0 190671
65 1 190693
32 0 190745
32 1 190800
8 0 191316
8 1 191373
8 0 191462
8 1 191517
8 0 191595
8 1 191649
68 0 191685
69 0 191756
68 1 191779
32 0 191829
69 1 191831
32 1 191906
83 0 191989
65 0 192053
83 1 192082
65 1 192168
77 0 192196
77 1 192244
66 0 192379
66 1 192416
65 0 192457
65 1 192519
84 0 192540
84 1 192595
65 0 192652
65 1 192723
188 0 192857
188 1 192920
32 0 193138
32 1 193209
86 0 193384
86 1 193425
65 0 193477
65 1 193545
32 0 193587
32 1 193648
73 0 193767
73 1 193813
78 0 193921
78 1 193975
67 0 193997
69 0 194037
67 1 194075
69 1 194138
80 0 194171
80 1 194210
69 0 194258
69 1 194329
32 0 194413
32 1 194468
83 0 194862
83 1 194942
65 0 195037
32 0 195136
65 1 195139
32 1 195173
78 0 195294
78 1 195339
73 0 195436
73 1 195492
78 0 195609
78 1 195631
71 0 195695
71 1 195755
65 0 195928
65 1 195994
188 0 197523
188 1 197562
32 0 197671
32 1 197717
67 0 197745
67 1 197790
69 0 197925
69 1 197981
69 0 198081
69 1 198120
65 0 198226
65 1 198311
32 0 198353
32 1 198409
67 0 198432
67 1 198506
69 0 198506
69 1 198591
32 0 198674
32 1 198722
69 0 198723
69 1 198756
83 0 198864
83 1 198919
84 0 198941
84 1 198997
69 0 199041
69 1 199107
32 0 199151
32 1 199223
73 0 199346
73 1 199393
78 0 199498
78 1 199562
84 0 199564
69 0 199622
84 1 199644
69 1 199699
82 0 199766
69 0 199836
82 1 199859
69 1 199897
83 0 200040
83 1 200097
65 0 200210
65 1 200261
78 0 200316
78 1 200363
84 0 200410
84 1 200450
32 0 200539
32 1 200586
83 0 202276
83 1 202356
73 0 202400
73 1 202470
32 0 202628
32 1 202690
80 0 202920
80 1 202967
76 0 203106
76 1 203154
65 0 203178
65 1 203240
67 0 203338
85 0 203434
67 1 203437
85 1 203471
84 0 203528
84 1 203582
32 0 203648
32 1 203710
68 0 203765
68 1 203862
65 0 203862
65 1 203944
82 0 204008
32 0 204070
82 1 204073
32 1 204126
79 0 204227
79 1 204269
32 0 204356
83 0 204391
32 1 204418
65 0 204460
83 1 204491
65 1 204556
32 0 204577
32 1 204644
70 0 204645
70 1 204721
73 0 204773
73 1 204836
69 0 204882
69 1 204927
32 0 205005
32 1 205064
70 0 205663
82 0 205719
70 1 205748
82 1 205811
73 0 205859
73 1 205926
71 0 205927
71 1 205968
32 0 206047
32 1 206102
83 0 206288
73 0 206369
83 1 206371
73 1 206409
32 0 206508
32 1 206562
78 0 206666
78 1 206711
85 0 206786
85 1 206834
32 0 206944
32 1 207014
77 0 207299
77 1 207330
8 0 207626
8 1 207697
79 0 208025
79 1 208061
32 0 208176
32 1 208234
83 0 208234
65 0 208307
83 1 208322
32 0 208363
65 1 208398
32 1 208417
73 0 208521
73 1 208559
77 0 208665
77 1 208712
73 0 208804
73 1 208837
32 0 208936
32 1 208983
80 0 209120
80 1 209177
76 0 209281
65 0 209307
76 1 209324
65 1 209369
67 0 209459
67 1 209519
65 0 209594
65 1 209682
190 0 209928
190 1 209981
20 0 231625
20 1 231704
66 0 231757
66 1 231820
20 0 231854
20 1 231914
85 0 231950
85 1 232012
78 0 232129
78 1 232167
65 0 232253
32 0 232287
32 1 232317
65 1 232317
73 0 232433
73 1 232479
78 0 232578
78 1 232627
84 0 232652
82 0 232683
84 1 232726
82 1 232745
69 0 232846
69 1 232919
66 0 232979
66 1 233042
65 0 233042
65 1 233103
82 0 233198
82 1 233260
69 0 233261
190 0 233333
69 1 233336
190 1 233355
32 0 233543
32 1 233587
20 0 234154
20 1 234244
79 0 234326
79 1 234397
20 0 234399
20 1 234464
32 0 234518
32 1 234587
90 0 234628
90 1 234700
73 0 234736
73 1 234784
32 0 234923
32 1 235009
73 0 235248
73 1 235307
68 0 235344
69 0 235416
68 1 235438
69 1 235494
65 0 235591
65 1 235655
76 0 235703
76 1 235740
65 0 235764
65 1 235802
32 0 235872
32 1 235926
65 0 235948
65 1 236018
82 0 236105
82 1 236136
32 0 236184
32 1 236239
70 0 236751
70 1 236807
73 0 236961
73 1 237029
32 0 237231
32 1 237310
83 0 237373
83 1 237444
65 0 237528
65 1 237609
32 0 237627
32 1 237665
77 0 237776
77 1 237845
65 0 238360
65 1 238410
32 0 238450
32 1 238497
84 0 238745
84 1 238850
82 0 238851
82 1 238900
69 0 239044
69 1 239092
90 0 239219
90 1 239291
69 0 239398
69 1 239451
83 0 239574
83 1 239644
67 0 239728
67 1 239802
32 0 239858
32 1 239960
83 0 239961
83 1 240026
65 0 240199
65 1 240257
32 0 240414
90 0 240465
32 1 240485
90 1 240538
73 0 240622
73 1 240668
67 0 240692
69 0 240745
67 1 240768
69 1 240831
32 0 240993
32 1 241047
8 0 241759
8 1 241814
77 0 242035
77 1 242073
32 0 242174
32 1 242211
73 0 242322
73 1 242373
78 0 242493
78 1 242524
32 0 242626
32 1 242679
74 0 242799
74 1 242846
85 0 242941
85 1 242993
82 0 242994
82 1 243047
32 0 243115
32 1 243185
68 0 243186
69 0 243227
68 1 243253
69 1 243307
32 0 243326
32 1 243371
79 0 243498
82 0 243532
79 1 243549
82 1 243606
65 0 243677
65 1 243760
32 0 243789
32 1 243854
57 0 244025
57 1 244080
72 0 244216
72 1 244259
188 0 244430
188 1 244477
32 0 244567
32 1 244612
77 0 244872
77 1 244927
8 0 245764
8 1 245825
70 0 246433
70 1 246504
8 0 246732
8 1 246787
83 0 246822
65 0 246890
83 1 246929
65 1 246991
32 0 247009
32 1 247064
70 0 247087
70 1 247150
65 0 247189
65 1 247257
67 0 247341
32 0 247438
67 1 247442
32 1 247485
80 0 247592
80 1 247668
65 0 247669
65 1 247722
84 0 247810
84 1 247872
85 0 247888
85 1 247936
76 0 248090
76 1 248143
188 0 248600
188 1 248645
32 0 248753
32 1 248806
70 0 249165
70 1 249206
65 0 249327
65 1 249390
67 0 249486
67 1 249559
32 0 249574
32 1 249621
85 0 249737
85 1 249780
78 0 249897
78 1 249935
32 0 250040
32 1 250068
68 0 250092
68 1 250137
85 0 250179
85 1 250210
83 0 250323
83 1 250371
32 0 250451
32 1 250508
83 0 250571
83 1 250625
73 0 250660
73 1 250712
32 0 251252
32 1 251299
77 0 251403
77 1 251465
65 0 251466
65 1 251535
32 0 251570
32 1 251633
83 0 251682
83 1 251744
80 0 251786
80 1 251825
65 0 251880
65 1 251942
76 0 251985
76 1 252024
32 0 252124
32 1 252207
68 0 252207
68 1 252296
8 0 252562
8 1 252606
80 0 252759
80 1 252807
69 0 252843
69 1 252900
32 0 252948
32 1 252999
68 0 253035
68 1 253082
73 0 253122
73 1 253159
78 0 253267
78 1 253313
84 0 253353
84 1 253417
73 0 253431
73 1 253486
190 0 253677
190 1 253726
32 0 256478
32 1 256553
65 0 256597
65 1 256652
69 0 256783
69 1 256837
82 0 257110
82 1 257181
73 0 257270
73 1 257332
83 0 257462
83 1 257525
69 0 257798
69 1 257852
83 0 257951
83 1 258013
67 0 258100
67 1 258173
32 0 258222
32 1 258313
67 0 258313
67 1 258368
65 0 258463
65 1 258540
77 0 258571
77 1 258626
69 0 258657
69 1 258717
82 0 258779
82 1 258827
65 0 258922
65 1 258975
188 0 259402
188 1 259464
32 0 260693
32 1 260754
77 0 260892
77 1 260955
69 0 260956
69 1 261008
82 0 261105
82 1 261139
71 0 261330
71 1 261384
32 0 261479
32 1 261544
73 0 261645
73 1 261698
78 0 261813
78 1 261858
32 0 261978
32 1 262037
66 0 262370
66 1 262419
85 0 262535
85 1 262598
67 0 262640
67 1 262705
85 0 262722
85 1 262769
84 0 262870
84 1 262913
65 0 263066
65 1 263135
82 0 263229
82 1 263292
65 0 263403
65 1 263482
84 0 263551
84 1 263614
73 0 263627
73 1 263682
69 0 263749
69 1 263790
32 0 263835
32 1 263905
83 0 263962
83 1 264021
73 0 264058
73 1 264105
8 0 265729
8 1 265789
8 0 265881
8 1 265941
8 0 266010
8 1 266082
8 0 266147
8 1 266209
8 0 266277
8 1 266339
8 0 266412
8 1 266473
8 0 266547
8 1 266591
73 0 267191
73 1 267247
69 0 267298
69 1 267354
32 0 267386
32 1 267457
83 0 267479
83 1 267550
73 0 267576
73 1 267616
32 0 267719
32 1 267782
73 0 267881
73 1 267927
77 0 268041
77 1 268088
73 0 268168
73 1 268215
32 0 268321
32 1 268352
80 0 268506
80 1 268527
82 0 268554
69 0 268618
82 1 268639
69 1 268681
71 0 268744
71 1 268797
65 0 268819
65 1 268872
84 0 268923
84 1 268975
69 0 269014
69 1 269062
83 0 269171
83 1 269228
67 0 269325
32 0 269391
67 1 269396
32 1 269436
85 0 269577
85 1 269624
78 0 269726
78 1 269764
32 0 269848
32 1 269895
77 0 270009
77 1 270055
73 0 270140
73 1 270198
67 0 270252
67 1 270316
32 0 270347
32 1 270403
68 0 270589
69 0 270635
68 1 270665
69 1 270720
74 0 270758
74 1 270804
85 0 270905
85 1 270959
78 0 271070
78 1 271110
32 0 271210
32 1 271326
66 0 271643
66 1 271698
65 0 271757
65 1 271813
90 0 271903
90 1 271976
65 0 272059
65 1 272117
84 0 272232
84 1 272292
32 0 272320
32 1 272391
68 0 272429
68 1 272516
69 0 272516
69 1 272577
32 0 272668
32 1 272742
8 0 273067
8 1 273114
8 0 273205
8 1 273248
8 0 273322
8 1 273377
80 0 273512
80 1 273558
69 0 273614
69 1 273677
32 0 273702
32 1 273782
70 0 274090
70 1 274186
82 0 274186
82 1 274240
85 0 274378
85 1 274433
67 0 274470
67 1 274531
84 0 274589
84 1 274644
69 0 274679
69 1 274728
32 0 275856
32 1 275924
83 0 276010
83 1 276065
73 0 276081
73 1 276128
32 0 276236
32 1 276306
79 0 276404
79 1 276452
32 0 276541
32 1 276623
67 0 276625
67 1 276684
65 0 276783
70 0 276858
65 1 276861
70 1 276897
69 0 276982
69 1 277038
65 0 277145
65 1 277225
32 0 277621
32 1 277699
8 0 278362
8 1 278424
32 0 279895
32 1 279922
76 0 280061
76 1 280116
85 0 280236
85 1 280274
78 0 280396
78 1 280459
71 0 280461
71 1 280503
65 0 280621
65 1 280684
190 0 280905
190 1 280958
32 0 281726
32 1 281802
20 0 281804
20 1 281872
65 0 281979
65 1 282041
20 0 282146
20 1 282208
80 0 282224
80 1 282272
79 0 282388
79 1 282426
73 0 282520
73 1 282564
32 0 282690
32 1 282729
77 0 282823
77 1 282869
65 0 282895
65 1 282956
32 0 282978
32 1 283023
73 0 283149
73 1 283191
77 0 283325
77 1 283370
66 0 283518
66 1 283562
82 0 283588
82 1 283650
65 0 283739
65 1 283809
67 0 283919
67 1 283995
32 0 284442
32 1 284488
83 0 284587
73 0 284669
83 1 284672
73 1 284706
32 0 284827
32 1 284881
77 0 285009
65 0 285037
77 1 285050
65 1 285103
32 0 285165
32 1 285219
80 0 285339
80 1 285406
82 0 285407
69 0 285468
82 1 285491
69 1 285537
71 0 285583
71 1 285639
65 0 285683
65 1 285742
84 0 285765
84 1 285811
69 0 285877
69 1 285924
83 0 286044
83 1 286089
67 0 286189
67 1 286252
32 0 286309
32 1 286362
83 0 286387
83 1 286450
65 0 286559
65 1 286638
32 0 286675
32 1 286712
73 0 286817
73 1 286869
69 0 286902
69 1 286943
83 0 287057
83 1 287103
32 0 287148
32 1 287184
73 0 287297
73 1 287343
78 0 287436
78 1 287478
32 0 287571
32 1 287617
82 0 287824
82 1 287879
65 0 287989
65 1 288067
83 0 288220
83 1 288290
8 0 288496
8 1 288552
8 0 288636
8 1 288682
8 0 288772
8 1 288818
79 0 288964
79 1 289009
82 0 289058
82 1 289117
65 0 289182
65 1 289244
83 0 289369
83 1 289458
190 0 289473
190 1 289512
32 0 289668
32 1 289721
20 0 289791
20 1 289870
73 0 289887
73 1 289923
20 0 289968
20 1 290020
77 0 290077
77 1 290121
73 0 290239
73 1 290292
32 0 290479
32 1 290551
82 0 290714
69 0 290788
82 1 290808
69 1 290855
90 0 291046
90 1 291100
79 0 291225
79 1 291260
76 0 291413
76 1 291466
86 0 291509
86 1 291572
32 0 291650
32 1 291719
84 0 293009
82 0 293086
84 1 293117
82 1 293158
69 0 293272
69 1 293324
66 0 293345
66 1 293409
85 0 293496
85 1 293567
82 0 293631
82 1 293701
73 0 293717
73 1 293773
76 0 293902
76 1 293966
69 0 294061
69 1 294108
32 0 294710
32 1 294763
76 0 295225
76 1 295277
65 0 295375
65 1 295438
32 0 296509
32 1 296540
76 0 298198
76 1 298262
85 0 298411
85 1 298461
67 0 298530
82 0 298599
67 1 298618
82 1 298671
85 0 298686
85 1 298717
188 0 298885
188 1 298940
32 0 299037
32 1 299103
70 0 299104
70 1 299167
65 0 299239
65 1 299316
67 0 299413
67 1 299492
85 0 299510
85 1 299548
76 0 299692
76 1 299754
84 0 299785
84 1 299816
65 0 299937
65 1 300041
84 0 300510
84 1 300575
69 0 302072
69 1 302118
188 0 302234
188 1 302279
32 0 302415
32 1 302473
83 0 302770
83 1 302826
69 0 302925
69 1 302980
68 0 303082
68 1 303121
73 0 303150
73 1 303208
78 0 303316
78 1 303361
84 0 303362
69 0 303421
84 1 303450
69 1 303500
188 0 303526
188 1 303582
32 0 303663
32 1 303726
73 0 303836
73 1 303885
78 0 303987
78 1 304050
84 0 304051
84 1 304102
65 0 304226
65 1 304306
76 0 304321
76 1 304377
78 0 304508
78 1 304549
73 0 304681
73 1 304734
82 0 304780
82 1 304827
73 0 304885
73 1 304933
73 0 305033
73 1 305085
32 0 305234
32 1 305297
8 0 305946
8 1 305999
188 0 306141
188 1 306188
32 0 306272
32 1 306335
77 0 306425
77 1 306473
69 0 306499
69 1 306546
8 0 306851
8 1 306894
8 0 306983
8 1 307054
83 0 307502
83 1 307569
73 0 307631
73 1 307689
32 0 307839
32 1 307908
84 0 307995
84 1 308033
79 0 308075
79 1 308137
84 0 308139
84 1 308199
32 0 308257
32 1 308319
67 0 308422
67 1 308526
69 0 308527
69 1 308598
32 0 308634
32 1 308681
65 0 308739
65 1 308803
77 0 308828
77 1 308868
188 0 309820
188 1 309867
32 0 309948
32 1 310004
68 0 310054
85 0 310119
68 1 310122
85 1 310164
80 0 310290
80 1 310341
65 0 310380
65 1 310435
32 0 310462
32 1 310518
67 0 310612
67 1 310669
65 0 310762
65 1 310833
82 0 310906
69 0 310976
82 1 310991
69 1 311056
32 0 311103
32 1 311155
77 0 311270
77 1 311339
65 0 311340
65 1 311410
8 0 311674
8 1 311726
8 0 311794
8 1 311856
83 0 311899
83 1 311970
84 0 312437
84 1 312499
65 0 312630
85 0 312718
65 1 312722
85 1 312748
32 0 312919
32 1 312941
76 0 313667
76 1 313725
65 0 313782
65 1 313845
32 0 313888
32 1 313953
85 0 314080
85 1 314118
78 0 314210
78 1 314264
32 0 314369
32 1 314432
83 0 314460
83 1 314513
85 0 314543
85 1 314594
67 0 314640
67 1 314709
32 0 314739
32 1 314804
83 0 315238
65 0 315309
83 1 315354
85 0 315424
65 1 315429
85 1 315450
32 0 315549
32 1 315619
85 0 315703
85 1 315760
78 0 315830
78 1 315895
32 0 316012
32 1 316069
67 0 316070
69 0 316114
67 1 316166
69 1 316192
65 0 316303
73 0 316398
65 1 316401
73 1 316445
32 0 316605
32 1 316664
80 0 317150
80 1 317198
69 0 317266
32 0 317342
69 1 317347
32 1 317395
79 0 317496
79 1 317544
32 0 317635
32 1 317712
84 0 317784
84 1 317849
69 0 318090
69 1 318146
82 0 318302
82 1 318357
65 0 318511
65 1 318584
83 0 318680
83 1 318733
65 0 318831
65 1 318928
190 0 318943
190 1 318982
32 0 319104
32 1 319153
20 0 319194
20 1 319252
65 0 319341
65 1 319403
20 0 319492
80 0 319570
20 1 319574
80 1 319620
79 0 319723
79 1 319786
73 0 319865
73 1 319926
32 0 320360
32 1 320438
77 0 320585
77 1 320653
69 0 320654
69 1 320707
82 0 320796
82 1 320868
71 0 320938
71 1 320999
32 0 321060
32 1 321122
65 0 321163
65 1 321226
67 0 321298
67 1 321384
65 0 321451
65 1 321498
83 0 321594
83 1 321648
65 0 321737
190 0 321832
65 1 321834
190 1 321865
32 0 321989
32 1 322060
20 0 322348
20 1 322418
73 0 322465
73 1 322519
20 0 322625
20 1 322672
77 0 322690
77 1 322745
73 0 322848
73 1 322895
32 0 323007
32 1 323085
73 0 323212
73 1 323267
65 0 323292
65 1 323364
85 0 323381
85 1 323428
32 0 323527
32 1 323621
72 0 323835
72 1 323880
65 0 323928
65 1 324007
78 0 324046
78 1 324099
73 0 324203
73 1 324266
8 0 325053
8 1 325115
8 0 325194
8 1 325240
73 0 325391
73 1 325444
78 0 325574
78 1 325628
69 0 325688
69 1 325743
76 0 325769
76 1 325809
69 0 325861
69 1 325906
32 0 325939
32 1 326004
68 0 326031
68 1 326093
69 0 326184
69 1 326231
32 0 326284
32 1 326331
83 0 326873
83 1 326944
80 0 326979
80 1 327032
79 0 327135
79 1 327196
82 0 327196
82 1 327258
84 0 327340
84 1 327412
32 0 327445
32 1 327515
83 0 327570
83 1 327634
73 0 327657
73 1 327695
32 0 327796
32 1 327848
77 0 327960
77 1 328023
69 0 328062
69 1 328117
82 0 328212
82 1 328272
71 0 328399
71 1 328486
32 0 328527
32 1 328575
76 0 328696
76 1 328751
65 0 328813
65 1 328871
32 0 328910
32 1 328962
83 0 329039
83 1 329091
65 0 329204
65 1 329261
76 0 329333
76 1 329379
65 0 329382
65 1 329430
32 0 329993
32 1 330071
80 0 330444
80 1 330482
69 0 330510
69 1 330575
78 0 330619
78 1 330684
84 0 330721
82 0 330775
84 1 330795
85 0 330859
82 1 330861
85 1 330889
32 0 330999
32 1 331068
49 0 331144
49 1 331232
72 0 331248
72 1 331288
189 0 331564
189 1 331644
50 0 331944
50 1 332005
72 0 332066
72 1 332122
188 0 332844
188 1 332915
32 0 333066
32 1 333104
68 0 333181
69 0 333233
68 1 333264
69 1 333319
80 0 333339
80 1 333386
73 0 333497
73 1 333549
78 0 333654
78 1 333709
68 0 333747
68 1 333810
69 0 333811
32 0 333863
69 1 333868
32 1 333945
68 0 333983
68 1 334060
69 0 334061
69 1 334091
32 0 334136
32 1 334182
83 0 334782
83 1 334847
84 0 335240
84 1 335307
65 0 335448
65 1 335529
82 0 335621
82 1 335686
69 0 335686
69 1 335744
190 0 335761
190 1 335801
32 0 335939
32 1 336000
20 0 336039
20 1 336106
83 0 336147
20 0 336222
83 1 336251
20 1 336315
69 0 336410
69 1 336465
65 0 336555
65 1 336635
82 0 336707
82 1 336760
65 0 336804
65 1 336880
32 0 337387
32 1 337466
67 0 337744
67 1 337821
73 0 337877
73 1 337940
84 0 337979
69 0 338048
84 1 338065
69 1 338119
83 0 338232
83 1 338258
67 0 338359
67 1 338447
32 0 338483
32 1 338541
80 0 338668
80 1 338716
85 0 338840
85 1 338888
84 0 338933
84 1 338981
73 0 339022
73 1 339075
78 0 339190
78 1 339236
32 0 339684
32 1 339757
83 0 339846
83 1 339903
73 0 339954
73 1 339998
32 0 340112
32 1 340178
77 0 340831
77 1 340871
65 0 340923
65 1 341002
32 0 341026
32 1 341078
80 0 341211
80 1 341238
85 0 341379
85 1 341424
78 0 341545
78 1 341604
32 0 341695
32 1 341771
83 0 341772
65 0 341835
83 1 341861
65 1 341926
32 0 341962
32 1 342010
68 0 342076
68 1 342124
79 0 342176
79 1 342215
82 0 342247
82 1 342293
77 0 342354
77 1 342401
190 0 342590
190 1 342638
20 0 352182
20 1 352247
83 0 352339
83 1 352423
20 0 352425
20 1 352494
73 0 352561
73 1 352605
83 0 352671
83 1 352742
84 0 352878
69 0 352950
84 1 352982
69 1 353044
77 0 353789
77 1 353841
85 0 353944
85 1 353999
76 0 354119
76 1 354165
32 0 354270
32 1 354340
69 0 354372
69 1 354418
68 0 354498
68 1 354573
85 0 354589
85 1 354636
67 0 354693
67 1 354763
65 0 354851
65 1 354914
84 0 355002
73 0 355083
84 1 355086
73 1 355129
79 0 355227
79 1 355281
78 0 355402
78 1 355437
65 0 355485
65 1 355548
76 0 355602
76 1 355650
32 0 355946
32 1 355984
73 0 356103
73 1 356161
78 0 356255
78 1 356298
32 0 356412
32 1 356470
20 0 356635
20 1 356696
82 0 356776
82 1 356831
20 0 356957
20 1 357028
8 0 357305
8 1 357351
8 0 357433
8 1 357488
8 0 357566
8 1 357605
8 0 357691
8 1 357757
68 0 357826
73 0 357904
68 1 357907
73 1 357959
78 0 358036
78 1 358092
32 0 358189
20 0 358225
32 1 358243
20 1 358270
82 0 358349
82 1 358415
20 0 358499
20 1 358563
79 0 358659
79 1 358726
77 0 358958
77 1 359011
65 0 359059
65 1 359139
78 0 359162
78 1 359207
73 0 359273
73 1 359334
65 0 359373
65 1 359429
32 0 359449
32 1 359513
69 0 359775
69 1 359820
83 0 359934
83 1 359985
84 0 360086
84 1 360165
69 0 360166
69 1 360203
190 0 360298
190 1 360337
190 0 360440
190 1 360494
190 0 360590
190 1 360633
80 0 360872
80 1 360927
82 0 360928
82 1 360969
65 0 361050
65 1 361119
70 0 361186
70 1 361231
190 0 361280
190 1 361319
32 0 361416
32 1 361480
20 0 363260
20 1 363353
77 0 363933
77 1 363995
20 0 364017
20 1 364088
79 0 364151
79 1 364207
84 0 364236
84 1 364295
73 0 364336
73 1 364390
86 0 364443
86 1 364483
85 0 364592
85 1 364636
76 0 364784
76 1 364835
32 0 364937
32 1 364983
80 0 365106
80 1 365164
82 0 365193
82 1 365244
73 0 365286
73 1 365322
78 0 365431
78 1 365478
67 0 365524
67 1 365570
73 0 365587
73 1 365634
80 0 365762
80 1 365809
65 0 365857
65 1 365929
76 0 365958
76 1 366001
32 0 366107
32 1 366181
69 0 367520
69 1 367582
83 0 367696
84 0 367764
83 1 367767
84 1 367799
69 0 367879
69 1 367913
32 0 367945
32 1 368009
80 0 368264
80 1 368311
69 0 368387
69 1 368434
78 0 368456
78 1 368512
84 0 368558
84 1 368632
82 0 368632
85 0 368698
82 1 368701
85 1 368709
32 0 368839
32 1 368900
67 0 369096
67 1 369151
65 0 369252
65 1 369349
8 0 372077
8 0 372578
8 0 372612
8 0 372644
8 0 372677
8 0 372711
8 0 372740
8 0 372773
8 0 372805
8 0 372838
8 0 372871
8 1 372882
8 0 373060
8 1 373090
8 0 373421
8 1 373492
83 0 373943
83 1 374014
84 0 374054
84 1 374093
69 0 374139
69 1 374178
32 0 374241
32 1 374311
70 0 374312
70 1 374371
65 0 374451
80 0 374545
65 1 374546
80 1 374572
84 0 374694
84 1 374753
85 0 374779
85 1 374825
76 0 374966
76 1 375020
32 0 375109
32 1 375181
67 0 375255
67 1 375311
65 0 375417
65 1 375500
32 0 375535
32 1 375587
83 0 376412
83 1 376468
69 0 376562
69 1 376628
32 0 376711
32 1 376780
8 0 377616
8 1 377672
8 0 377763
8 1 377810
8 0 377913
8 1 377957
69 0 378010
69 1 378068
83 0 378163
83 1 378225
84 0 378350
69 0 378411
84 1 378435
69 1 378491
32 0 378506
32 1 378547
66 0 378654
66 1 378710
65 0 378762
65 1 378823
90 0 378923
90 1 379003
65 0 379082
65 1 379133
84 0 379226
84 1 379296
32 0 379356
32 1 379414
80 0 379568
80 1 379622
69 0 379692
69 1 379746
32 0 379781
32 1 379840
84 0 379919
84 1 379977
79 0 380026
79 1 380081
67 0 380162
67 1 380225
73 0 380249
73 1 380296
65 0 380428
65 1 380476
8 0 380912
8 1 380979
8 0 381652
8 1 381692
8 0 381793
8 1 381818
8 0 381917
8 1 381979
8 0 382057
8 1 382129
83 0 382315
83 1 382369
84 0 382471
84 1 382543
73 0 382568
73 1 382623
85 0 382698
85 1 382756
84 0 382813
84 1 382858
32 0 382916
32 1 382973
68 0 383221
69 0 383298
68 1 383323
69 1 383388
70 0 383428
70 1 383497
73 0 383535
73 1 383598
78 0 383719
78 1 383767
73 0 383893
73 1 383952
84 0 383998
84 1 384055
73 0 384095
73 1 384160
73 0 384231
73 1 384290
32 0 384850
32 1 384917
80 0 385064
80 1 385120
69 0 385175
69 1 385206
32 0 385247
32 1 385311
68 0 385341
69 0 385405
68 1 385436
69 1 385491
32 0 385517
32 1 385564
82 0 385591
82 1 385652
79 0 385726
79 1 385777
83 0 385778
83 1 385851
84 0 385929
84 1 385979
190 0 386024
190 1 386062
32 0 386176
32 1 386230
20 0 386384
20 1 386463
73 0 386480
73 1 386526
20 0 386565
20 1 386619
65 0 386713
65 1 386762
82 0 386852
82 1 386912
32 0 386948
32 1 386996
67 0 387602
67 1 387680
65 0 387748
65 1 387826
78 0 387842
78 1 387898
68 0 387934
68 1 387996
32 0 388093
32 1 388154
8 0 388651
8 1 388706
8 0 388819
8 1 388872
8 0 388957
8 1 389019
8 0 389099
8 1 389151
8 0 389226
8 1 389265
68 0 389286
68 1 389324
65 0 389529
65 1 389592
67 0 389667
67 1 389740
65 0 389813
65 1 389893
32 0 389930
32 1 389992
83 0 390104
83 1 390167
84 0 390250
84 1 390312
73 0 390329
73 1 390378
73 0 390459
73 1 390499
32 0 390583
32 1 390675
67 0 390675
67 1 390735
69 0 390736
69 1 390797
86 0 390834
86 1 390880
65 0 390903
65 1 390983
32 0 391021
32 1 391094
80 0 391235
80 1 391273
69 0 391316
69 1 391362
32 0 391412
32 1 391473
68 0 391502
69 0 391576
68 1 391596
69 1 391651
32 0 391678
32 1 391733
82 0 391786
82 1 391838
79 0 391887
79 1 391944
83 0 391962
83 1 392027
84 0 392105
84 1 392166
188 0 392183
188 1 392212
32 0 392308
32 1 392353
78 0 392441
78 1 392485
85 0 392556
85 1 392596
32 0 392710
32 1 392764
73 0 393674
73 1 393729
78 0 393863
78 1 393910
83 0 394012
83 1 394050
69 0 394137
69 1 394195
65 0 394287
77 0 394394
65 1 394397
77 1 394429
78 0 394518
78 1 394564
65 0 394565
65 1 394635
32 0 394707
32 1 394763
67 0 394849
67 1 394910
65 0 395000
65 1 395072
32 0 395135
32 1 395186
65 0 395231
65 1 395288
73 0 395321
73 1 395361
32 0 395495
32 1 395563
73 0 395694
73 1 395731
78 0 395848
78 1 395910
84 0 395911
69 0 395967
84 1 395998
69 1 396044
76 0 396102
76 1 396149
69 0 396182
69 1 396228
83 0 396335
83 1 396391
190 0 397091
190 1 397146
32 0 397269
32 1 397324
20 0 397360
20 1 397429
67 0 397585
67 1 397606
20 0 397658
20 1 397711
65 0 397824
65 1 397902
32 0 397982
32 1 398051
65 0 398078
65 1 398124
73 0 398169
73 1 398225
32 0 398384
32 1 398463
71 0 398736
71 1 398781
65 0 398821
65 1 398889
78 0 398923
78 1 398973
68 0 399005
68 1 399060
73 0 399083
73 1 399135
84 0 399178
84 1 399232
32 0 399249
32 1 399289
80 0 399420
80 1 399477
82 0 399540
79 0 399603
82 1 399606
79 1 399638
66 0 399744
76 0 399789
66 1 399807
76 1 399830
69 0 399973
69 1 400025
77 0 400042
77 1 400090
65 0 400160
65 1 400225
190 0 400250
190 1 400296
32 0 400401
32 1 400480
68 0 401044
68 1 401090
79 0 401145
79 1 401192
65 0 401233
65 1 401301
82 0 401368
32 0 401450
82 1 401453
32 1 401507
65 0 401553
73 0 401618
65 1 401637
73 1 401655
32 0 401770
32 1 401841
73 0 402049
73 1 402096
78 0 402237
78 1 402293
86 0 402906
86 1 402973
65 0 403118
65 1 403178
84 0 403235
84 1 403279
65 0 403309
65 1 403371
84 0 403429
84 1 403477
32 0 403971
32 1 404030
67 0 404387
67 1 404443
85 0 404495
85 1 404541
77 0 404679
77 1 404724
32 0 404823
32 1 404882
83 0 404973
83 1 405025
69 0 405112
69 1 405161
32 0 405215
32 1 405281
82 0 405282
69 0 405343
82 1 405367
69 1 405404
90 0 405550
90 1 405630
79 0 405692
79 1 405730
76 0 405881
76 1 405908
86 0 405938
86 1 405985
65 0 406114
65 1 406181
32 0 406203
32 1 406250
85 0 407575
85 1 407629
78 0 407823
78 1 407850
32 0 407984
32 1 408055
65 0 408244
65 1 408307
78 0 408392
78 1 408437
85 0 408541
85 1 408580
77 0 408706
77 1 408757
73 0 408838
73 1 408903
84 0 408903
84 1 408965
32 0 409024
32 1 409087
69 0 409134
69 1 409181
88 0 409302
88 1 409363
69 0 409480
69 1 409535
82 0 409614
82 1 409676
67 0 409779
67 1 409831
73 0 409919
73 1 409958
67 0 410056
67 1 410122
73 0 410177
73 1 410231
8 0 410480
8 1 410552
8 0 410640
8 1 410695
84 0 411324
84 1 411395
73 0 411457
73 1 411520
85 0 411608
85 1 411652
32 0 411769
32 1 411844
80 0 411984
80 1 412040
69 0 412106
69 1 412147
32 0 412208
32 1 412255
68 0 412277
68 1 412364
69 0 412365
69 1 412426
32 0 412449
32 1 412495
82 0 412588
82 1 412644
79 0 412739
79 1 412786
83 0 413227
83 1 413266
84 0 413418
84 1 413461
190 0 413503
190 1 413540
32 0 413665
32 1 413716
20 0 415565
20 1 415645
73 0 415688
73 1 415743
20 0 415776
20 1 415840
78 0 415863
78 1 415918
32 0 416021
32 1 416068
83 0 416123
83 1 416185
84 0 416256
84 1 416313
82 0 416854
82 1 416909
65 0 417034
65 1 417092
73 0 417150
73 1 417196
78 0 417320
78 1 417390
65 0 417475
65 1 417569
84 0 418108
84 1 418219
65 0 419133
65 1 419181
84 0 419361
69 0 419425
84 1 419464
69 1 419518
188 0 419540
188 1 419598
32 0 419701
32 1 419772
83 0 420961
83 1 421016
69 0 421096
69 1 421153
32 0 421190
32 1 421262
73 0 421446
73 1 421491
78 0 421613
78 1 421675
86 0 421729
86 1 421778
65 0 421869
65 1 421949
84 0 421965
84 1 422011
65 0 422080
65 1 422139
84 0 422156
84 1 422195
32 0 422378
32 1 422440
8 0 422744
8 1 422801
8 0 422886
8 1 422956
32 0 423101
32 1 423153
83 0 423284
83 1 423322
84 0 423460
84 1 423520
85 0 423568
85 1 423615
68 0 423676
69 0 423739
68 1 423771
78 0 423836
69 1 423839
78 1 423872
84 0 423921
84 1 423981
85 0 423998
85 1 424043
76 0 424185
76 1 424231
32 0 424359
32 1 424404
83 0 426054
65 0 426122
83 1 426163
32 0 426231
65 1 426234
32 1 426258
71 0 426367
71 1 426413
65 0 426443
65 1 426506
78 0 426547
78 1 426624
68 0 426625
69 0 426687
68 1 426709
69 1 426771
65 0 426870
65 1 426948
83 0 427037
83 1 427108
67 0 427168
67 1 427238
65 0 427340
65 1 427419
188 0 427602
188 1 427641
32 0 427751
32 1 427819
83 0 427820
65 0 427896
83 1 427917
65 1 427955
32 0 428007
32 1 428046
65 0 428421
65 1 428468
73 0 428487
73 1 428541
66 0 428669
66 1 428700
65 0 428755
65 1 428816
32 0 428865
32 1 428912
83 0 428977
83 1 429030
80 0 429273
80 1 429312
73 0 429488
73 1 429527
82 0 429761
82 1 429832
73 0 429903
73 1 429941
84 0 429971
84 1 430024
32 0 430088
32 1 430152
67 0 430223
67 1 430273
82 0 430292
82 1 430387
73 0 430499
73 1 430543
84 0 430608
84 1 430646
73 0 430695
73 1 430742
67 0 430807
67 1 430861
188 0 431466
188 1 431507
32 0 431628
32 1 431684
78 0 431768
78 1 431811
85 0 431903
85 1 431950
32 0 432062
32 1 432116
78 0 432231
78 1 432287
69 0 432314
69 1 432418
65 0 432419
65 1 432479
80 0 432546
80 1 432577
65 0 432629
65 1 432699
82 0 432759
82 1 432822
65 0 432866
65 1 432962
84 0 433029
84 1 433083
32 0 433124
32 1 433186
83 0 433602
65 0 433672
83 1 433698
65 1 433767
32 0 434977
32 1 435035
67 0 435573
85 0 435665
67 1 435669
85 1 435691
78 0 435813
78 1 435859
79 0 435973
79 1 436042
65 0 436043
65 1 436069
83 0 436169
83 1 436256
67 0 436723
67 1 436793
65 0 436883
65 1 436967
32 0 436989
32 1 437043
84 0 438840
84 1 438894
79 0 438948
79 1 439009
84 0 439009
84 1 439063
32 0 439142
32 1 439187
80 0 439360
80 1 439406
69 0 439476
69 1 439524
32 0 439564
32 1 439608
68 0 439709
69 0 439779
68 1 439819
69 1 439867
32 0 439919
32 1 439991
82 0 439992
82 1 440061
79 0 440411
79 1 440458
83 0 440540
83 1 440584
84 0 440679
84 1 440733
190 0 440780
190 1 440810
32 0 440942
32 1 440995
20 0 441689
20 1 441770
78 0 441787
78 1 441830
20 0 441867
85 0 441952
20 1 441958
85 1 441983
32 0 442109
32 1 442173
78 0 442273
78 1 442336
69 0 442337
69 1 442390
65 0 442484
65 1 442555
80 0 442591
80 1 442637
65 0 442688
65 1 442753
82 0 442852
82 1 442909
84 0 443124
84 1 443187
32 0 443352
32 1 443419
8 0 443699
8 1 443746
8 0 443828
8 1 443892
65 0 443917
65 1 443976
84 0 444032
84 1 444096
32 0 444139
32 1 444202
83 0 444359
65 0 444445
83 1 444468
65 1 444531
32 0 444571
32 1 444650
65 0 445275
73 0 445362
65 1 445376
73 1 445397
66 0 445519
66 1 445559
65 0 445597
65 1 445636
32 0 445692
32 1 445761
49 0 445812
49 1 445872
48 0 445944
48 1 445982
188 0 446269
188 1 446322
32 0 446933
32 1 446985
83 0 447018
83 1 447080
73 0 447146
73 1 447184
32 0 447677
32 1 447752
83 0 447967
65 0 448069
83 1 448092
65 1 448180
32 0 448247
32 1 448318
73 0 448428
73 1 448481
78 0 448601
78 1 448671
84 0 448673
69 0 448733
84 1 448756
69 1 448802
76 0 448869
76 1 448925
69 0 448991
69 1 449054
65 0 449266
65 1 449330
71 0 449394
71 1 449441
65 0 449462
65 1 449532
32 0 449611
32 1 449671
83 0 450999
83 1 451081
73 0 451118
73 1 451173
32 0 451304
32 1 451372
83 0 451417
65 0 451497
83 1 451511
65 1 451575
32 0 452111
32 1 452141
71 0 452288
71 1 452330
65 0 452375
65 1 452436
78 0 452483
78 1 452545
68 0 452568
68 1 452716
69 0 452717
69 1 452758
65 0 452888
65 1 452967
83 0 453077
83 1 453146
67 0 453226
67 1 453278
65 0 453383
65 1 453456
32 0 453497
32 1 453527
65 0 453584
65 1 453647
76 0 453693
76 1 453743
84 0 453777
84 1 453840
69 0 453841
69 1 453902
32 0 453976
32 1 454031
77 0 454385
77 1 454437
69 0 454461
69 1 454514
84 0 454667
84 1 454730
79 0 454820
79 1 454867
68 0 454908
69 0 454984
68 1 455023
69 1 455062
188 0 455080
188 1 455130
32 0 455208
32 1 455265
80 0 455414
80 1 455460
79 0 455796
79 1 455852
73 0 456011
73 1 456067
83 0 456106
83 1 456168
73 0 456282
73 1 456327
66 0 456365
66 1 456434
73 0 456490
73 1 456537
76 0 456663
76 1 456717
73 0 456815
73 1 456871
84 0 456924
84 1 456986
65 0 457146
65 1 457216
84 0 457315
84 1 457401
69 0 457402
69 1 457472
73 0 457960
73 1 458073
8 0 474590
8 1 474676
17 0 494356
18 0 494577
46 1 494877
18 1 495054
17 1 495069
17 0 530744
18 0 530979
46 1 531583
18 1 531695
17 1 531759
8 0 537699
8 1 537762
73 0 538455
73 1 538494
32 0 540307
32 1 540353
80 0 540546
80 1 540601
69 0 540657
69 1 540712
78 0 540764
78 1 540819
84 0 540819
82 0 540872
84 1 540903
85 0 540975
82 1 540976
85 1 540996
32 0 541113
32 1 541176
65 0 541213
65 1 541267
32 0 541323
32 1 541380
82 0 541473
69 0 541525
82 1 541548
69 1 541586
90 0 541756
90 1 541811
79 0 541866
79 1 541919
76 0 542034
86 0 542072
76 1 542087
86 1 542133
65 0 542227
32 0 542318
65 1 542320
32 1 542368
65 0 542437
65 1 542500
67 0 542613
67 1 542664
67 0 542763
67 1 542825
69 0 542909
69 1 542960
65 0 543071
65 1 543134
83 0 543237
83 1 543305
73 0 543322
73 1 543370
32 0 543516
32 1 543577
82 0 543930
82 1 543978
8 0 544247
8 1 544313
80 0 544472
80 1 544535
82 0 544566
82 1 544628
79 0 544660
79 1 544713
66 0 544763
66 1 544842
76 0 544867
76 1 544924
69 0 544991
69 1 545044
77 0 545075
77 1 545108
65 0 545167
65 1 545247
32 0 545748
32 1 545816
83 0 545845
65 0 545941
83 1 545961
85 0 546001
65 1 546030
85 1 546047
32 0 546197
32 1 546274
69 0 546959
69 1 547022
88 0 547163
88 1 547211
69 0 547326
69 1 547396
82 0 547482
82 1 547541
67 0 547640
67 1 547696
73 0 547775
73 1 547836
84 0 548156
84 1 548219
73 0 548264
73 1 548327
85 0 548421
85 1 548475
190 0 548658
190 1 548711
20 0 571567
20 1 571631
73 0 571686
73 1 571742
20 0 571777
20 1 571838
77 0 571879
77 1 571945
65 0 571982
65 1 572013
71 0 572171
71 1 572250
73 0 572337
73 1 572392
78 0 573365
78 1 573421
69 0 573485
69 1 573538
65 0 573670
65 1 573756
32 0 573812
32 1 573857
69 0 573884
69 1 573934
83 0 574039
83 1 574084
84 0 574109
84 1 574166
69 0 574188
69 1 574259
32 0 574313
32 1 574394
70 0 574447
70 1 574497
79 0 574566
79 1 574620
65 0 574649
65 1 574697
82 0 574801
82 1 574820
84 0 574947
84 1 575040
69 0 575040
69 1 575109
32 0 575191
32 1 575238
73 0 576004
73 1 576063
78 0 576184
78 1 576256
84 0 576257
69 0 576337
84 1 576354
69 1 576407
82 0 576505
82 1 576597
83 0 576785
83 1 576844
65 0 576963
65 1 577010
78 0 577047
78 1 577114
84 0 577145
84 1 577208
65 0 577332
65 1 577428
190 0 579893
190 1 579931
8 0 581087
8 1 581150
8 0 581259
8 1 581305
8 0 581391
8 1 581455
8 0 581522
8 1 581591
8 0 581655
8 1 581727
8 0 581899
8 1 581963
69 0 582366
69 1 582428
83 0 582557
83 1 582601
65 0 582715
65 1 582784
78 0 582834
78 1 582890
84 0 582936
84 1 583001
65 0 583182
65 1 583277
190 0 583539
190 1 583631
32 0 584266
32 1 584362
71 0 586241
71 1 586327
20 0 586510
20 1 586587
82 0 586705
82 1 586774
85 0 587016
85 1 587071
80 0 587243
80 1 587315
85 0 587456
85 1 587505
76 0 587667
76 1 587731
32 0 587841
32 1 587915
68 0 588008
69 0 588059
68 1 588100
69 1 588149
32 0 588221
32 1 588274
79 0 588537
79 1 588572
65 0 588868
65 1 588951
8 0 591905
8 0 592404
8 0 592437
8 0 592470
8 0 592504
8 0 592537
8 0 592569
8 0 592603
8 0 592634
8 1 592654
8 0 592798
8 1 592848
8 0 592999
8 1 593063
8 0 593221
8 1 593274
71 0 593412
71 1 593481
20 0 593746
20 1 593825
82 0 594052
82 1 594107
85 0 594179
85 1 594227
80 0 594483
80 1 594538
85 0 594748
85 1 594795
76 0 594961
76 1 595014
32 0 595115
32 1 595192
68 0 595193
69 0 595247
68 1 595285
69 1 595334
32 0 595380
32 1 595433
79 0 595627
79 1 595683
65 0 595718
65 1 595797
77 0 595857
77 1 595919
69 0 596067
69 1 596124
78 0 596154
78 1 596202
73 0 596326
73 1 596388
32 0 596512
32 1 596590
71 0 599416
71 1 599473
65 0 599554
65 1 599645
78 0 599717
78 1 599777
68 0 599806
69 0 599878
68 1 599900
69 1 599931
83 0 600065
83 1 600130
67 0 600209
67 1 600308
32 0 600354
32 1 600404
83 0 600511
83 1 600578
73 0 600602
73 1 600655
8 0 601232
8 1 601297
8 0 601443
8 1 601472
8 0 603555
8 1 603688
32 0 611462
32 1 611531
83 0 612881
83 1 612952
73 0 613011
73 1 613065
32 0 613179
32 1 613244
68 0 613262
68 1 613327
73 0 613358
73 1 613444
83 0 613445
83 1 613504
67 0 613578
85 0 613631
67 1 613661
85 1 613686
84 0 613820
84 1 613876
65 0 613925
65 1 614013
32 0 614050
32 1 614123
65 0 614373
65 1 614435
78 0 614497
78 1 614554
85 0 614678
85 1 614714
77 0 614868
77 1 614906
73 0 615006
73 1 615066
84 0 615161
69 0 615214
84 1 615235
69 1 615309
32 0 615435
32 1 615507
83 0 615670
83 1 615728
85 0 615775
85 1 615830
66 0 615965
66 1 616017
73 0 616145
73 1 616211
69 0 616234
69 1 616280
67 0 616417
67 1 616458
84 0 616618
69 0 616701
84 1 616717
69 1 616780
32 0 616888
32 1 616944
69 0 617377
69 1 617431
8 0 617854
8 1 617917
80 0 618098
80 1 618134
69 0 618175
69 1 618222
32 0 618271
32 1 618334
65 0 618382
65 1 618422
84 0 618542
85 0 618612
84 1 618615
85 1 618635
78 0 618749
78 1 618820
67 0 618859
67 1 618915
73 0 618942
73 1 619006
32 0 619130
32 1 619185
82 0 619298
82 1 619363
69 0 619472
69 1 619526
76 0 619604
76 1 619656
69 0 619682
69 1 619744
86 0 619886
86 1 619939
65 0 620012
65 1 620045
78 0 620114
78 1 620170
84 0 620213
84 1 620251
69 0 620414
69 1 620464
188 0 620535
188 1 620574
32 0 620778
32 1 620834
83 0 620932
83 1 620994
73 0 621024
73 1 621067
32 0 621221
32 1 621276
80 0 621782
80 1 621831
79 0 621933
65 0 621975
79 1 621994
65 1 622048
84 0 622153
84 1 622243
69 0 622244
32 0 622311
69 1 622315
32 1 622357
83 0 622415
83 1 622467
73 0 622484
73 1 622531
32 0 622630
32 1 622689
73 0 622805
73 1 622849
78 0 622951
78 1 622998
67 0 623059
67 1 623111
79 0 623141
79 1 623207
8 0 623456
8 0 623952
8 0 623986
8 0 624019
8 0 624053
8 0 624088
8 1 624119
8 0 624244
8 1 624289
8 0 624388
8 1 624423
32 0 624806
32 1 624842
67 0 624941
67 1 625013
65 0 625107
65 1 625161
82 0 625245
69 0 625302
82 1 625315
69 1 625362
32 0 625398
32 1 625447
83 0 625489
83 1 625536
73 0 625557
73 1 625601
32 0 625726
32 1 625781
73 0 625915
73 1 625962
78 0 626059
78 1 626116
32 0 626200
32 1 626262
67 0 626334
67 1 626355
79 0 626390
79 1 626453
78 0 626577
78 1 626613
84 0 626701
84 1 626760
73 0 626794
73 1 626850
78 0 626950
78 1 627008
85 0 627097
85 1 627143
65 0 627193
65 1 627229
82 0 627324
69 0 627390
82 1 627406
69 1 627461
32 0 627513
32 1 627576
83 0 627639
83 1 627700
85 0 627728
85 1 627777
78 0 627892
78 1 627930
84 0 627931
84 1 627983
32 0 628057
32 1 628117
83 0 628193
83 1 628233
85 0 628311
85 1 628368
66 0 628512
66 1 628549
73 0 628687
73 1 628751
69 0 628804
69 1 628848
67 0 628975
67 1 629038
84 0 629088
84 1 629139
69 0 629188
69 1 629235
32 0 629322
32 1 629384
68 0 630433
69 0 630481
68 1 630514
69 1 630544
83 0 630675
83 1 630731
84 0 630806
84 1 630873
85 0 630892
85 1 630942
76 0 631078
76 1 631133
32 0 631249
32 1 631296
68 0 631354
69 0 631403
68 1 631428
32 0 631506
69 1 631509
32 1 631551
73 0 631689
73 1 631737
77 0 631857
77 1 631904
80 0 632036
80 1 632083
79 0 632215
79 1 632248
82 0 632276
82 1 632325
84 0 632435
84 1 632490
65 0 632608
65 1 632703
78 0 632727
78 1 632775
84 0 632817
69 0 632887
84 1 632900
69 1 632963
190 0 632990
190 1 633049
8 0 634207
8 1 634301
190 0 635378
190 1 635415
32 0 635801
32 1 635870
20 0 642882
20 1 642949
68 0 643437
68 1 643499
20 0 643644
20 1 643730
8 0 643897
8 1 643978
20 0 644236
20 1 644312
79 0 644488
79 1 644557
20 0 644558
20 1 644618
65 0 644710
65 1 644795
77 0 644820
77 1 644875
69 0 644938
69 1 644988
78 0 645043
78 1 645081
73 0 645171
73 1 645233
32 0 645350
32 1 645421
68 0 645445
68 1 645523
73 0 645558
73 1 645607
83 0 645656
83 1 645724
67 0 646251
67 1 646336
85 0 646367
85 1 646431
84 0 646575
84 1 646626
65 0 646658
65 1 646720
32 0 646787
32 1 646863
68 0 646883
69 0 646937
68 1 646968
69 1 647008
83 0 647123
83 1 647166
80 0 647197
80 1 647254
82 0 647301
82 1 647366
69 0 647367
69 1 647417
32 0 647467
32 1 647522
70 0 647569
70 1 647624
73 0 647697
73 1 647745
76 0 647882
76 1 647937
79 0 648025
79 1 648092
83 0 648093
83 1 648147
79 0 649346
79 1 649398
70 0 649470
70 1 649516
73 0 649563
73 1 649609
69 0 649639
69 1 649702
188 0 649809
188 1 649849
32 0 650875
32 1 650951
85 0 651097
85 1 651159
78 0 651279
78 1 651343
32 0 652920
32 1 652981
83 0 653140
83 1 653215
85 0 653294
85 1 653341
8 0 654148
8 1 654212
8 0 654354
8 1 654377
68 0 654572
68 1 654635
79 0 654679
79 1 654726
77 0 654887
77 1 654921
69 0 655000
69 1 655063
78 0 655099
78 1 655145
73 0 655233
73 1 655302
85 0 655384
85 1 655439
76 0 655598
76 1 655654
8 0 655981
8 1 656053
32 0 656285
32 1 656347
69 0 656841
69 1 656904
88 0 657033
88 1 657094
84 0 657252
82 0 657328
84 1 657368
82 1 657414
69 0 657519
69 1 657585
77 0 657601
77 1 657656
32 0 657756
32 1 657821
68 0 657848
69 0 657902
68 1 657932
69 1 657989
32 0 658055
32 1 658105
73 0 659500
73 1 659565
78 0 659692
78 1 659777
84 0 659777
82 0 659807
84 1 659837
82 1 659899
73 0 659961
73 1 660012
71 0 660077
71 1 660151
65 0 660291
65 1 660348
78 0 660402
78 1 660450
84 0 660497
84 1 660559
32 0 660621
32 1 660691
76 0 662841
76 1 662903
69 0 662924
69 1 662987
71 0 663084
71 1 663145
65 0 663146
65 1 663212
84 0 663300
84 1 663370
32 0 663388
32 1 663455
68 0 663537
69 0 663588
68 1 663619
69 1 663666
32 0 663713
32 1 663757
67 0 663898
79 0 663986
67 1 663990
79 1 664008
77 0 664189
77 1 664239
80 0 664603
80 1 664673
79 0 664816
79 1 664884
82 0 664886
82 1 664930
84 0 665039
84 1 665093
65 0 665215
65 1 665311
77 0 665353
77 1 665405
69 0 665478
69 1 665525
78 0 665550
78 1 665589
85 0 665698
85 1 665742
76 0 665870
76 1 665924
32 0 666025
32 1 666071
78 0 666166
78 1 666212
79 0 666328
79 1 666392
83 0 666393
83 1 666444
84 0 666546
84 1 666625
82 0 666626
85 0 666688
82 1 666691
85 1 666710
188 0 666884
188 1 666936
32 0 667035
32 1 667091
71 0 667390
71 1 667429
65 0 667537
65 1 667621
78 0 667649
78 1 667714
68 0 667715
68 1 667774
73 0 667816
73 1 667892
82 0 667893
82 1 667986
69 0 667989
69 1 668023
65 0 668283
65 1 668368
32 0 668477
32 1 668523
78 0 668638
78 1 668693
79 0 668826
79 1 668889
65 0 668951
65 1 669009
84 0 669252
84 1 669315
8 0 669740
8 1 669791
83 0 669852
83 1 669931
84 0 670029
82 0 670115
84 1 670142
82 1 670177
65 0 670551
65 1 670610
188 0 671151
188 1 671206
32 0 671336
32 1 671399
80 0 672070
80 1 672141
69 0 672241
69 1 672305
82 0 672396
82 1 672458
83 0 672571
83 1 672644
80 0 672684
80 1 672731
69 0 672768
69 1 672824
67 0 672936
67 1 672997
84 0 673084
84 1 673146
73 0 673184
73 1 673230
86 0 673279
86 1 673350
65 0 673472
65 1 673574
32 0 674051
32 1 674110
83 0 674159
83 1 674222
73 0 674277
73 1 674321
32 0 674495
32 1 674576
73 0 674702
73 1 674740
78 0 674887
84 0 674928
78 1 674940
84 1 675018
69 0 675020
69 1 675087
76 0 675209
69 0 675230
76 1 675256
69 1 675276
71 0 675371
71 1 675451
69 0 675531
69 1 675579
82 0 675622
82 1 675742
69 0 675743
69 1 675802
190 0 676149
190 1 676181
8 0 676945
8 1 677015
32 0 677176
32 1 677247
85 0 677345
85 1 677400
77 0 677546
77 1 677600
65 0 677648
65 1 677703
78 0 677720
78 1 677778
65 0 677869
65 1 677934
190 0 678000
190 1 678055
32 0 678184
32 1 678239
20 0 683975
20 1 684055
73 0 686563
73 1 686632
20 0 686712
20 1 686785
83 0 686930
83 1 686967
73 0 687054
73 1 687109
32 0 687526
32 1 687581
80 0 687768
80 1 687824
69 0 688050
69 1 688117
84 0 688303
82 0 688394
84 1 688433
82 1 688480
69 0 688650
69 1 688681
67 0 688836
69 0 688930
67 1 688950
69 1 689008
65 0 689145
65 1 689223
85 0 689246
85 1 689288
32 0 689420
32 1 689501
90 0 689524
90 1 689609
73 0 689649
73 1 689705
76 0 689878
76 1 689949
69 0 690066
69 1 690144
76 0 690201
76 1 690255
69 0 690295
69 1 690350
32 0 690450
32 1 690521
67 0 691271
67 1 691350
85 0 691383
85 1 691419
32 0 691554
32 1 691625
65 0 691644
65 1 691707
67 0 691778
67 1 691890
69 0 691918
69 1 691960
83 0 692085
83 1 692146
84 0 692164
84 1 692218
69 0 692269
69 1 692315
32 0 692383
32 1 692462
73 0 692674
73 1 692721
78 0 692854
78 1 692905
84 0 692963
84 1 693020
65 0 693566
65 1 693646
76 0 693718
76 1 693773
78 0 694185
78 1 694240
73 0 694393
73 1 694456
82 0 694536
82 1 694594
73 0 694632
73 1 694696
32 0 694826
32 1 694917
85 0 695414
85 1 695466
78 0 695588
78 1 695666
68 0 695667
68 1 695756
69 0 695757
32 0 695810
69 1 695814
32 1 695856
68 0 695938
73 0 696002
68 1 696006
73 1 696057
83 0 696117
83 1 696172
67 0 696265
67 1 696356
85 0 696370
85 1 696433
84 0 696495
84 1 696550
65 0 696687
85 0 696781
65 1 696784
85 1 696820
32 0 696969
32 1 697023
8 0 697900
8 1 697958
8 0 698061
8 1 698123
8 0 699066
8 1 699120
8 0 699212
8 1 699259
8 0 699355
8 1 699382
8 0 699479
8 1 699518
8 0 699600
8 1 699637
8 0 699723
8 1 699770
8 0 699859
8 1 699887
83 0 700048
83 1 700111
69 0 700223
69 1 700267
32 0 700299
32 1 700379
68 0 700411
68 1 700471
73 0 700514
73 1 700585
83 0 700586
83 1 700638
67 0 700718
85 0 700810
67 1 700814
85 1 700852
84 0 700983
84 1 701038
65 0 701060
65 1 701139
32 0 701190
32 1 701259
68 0 701377
68 1 701442
73 0 701467
73 1 701520
86 0 701607
86 1 701670
69 0 701788
69 1 701835
82 0 701924
82 1 701979
83 0 702120
83 1 702162
69 0 702238
69 1 702305
32 0 702355
32 1 702422
83 0 705124
83 1 705193
85 0 705236
85 1 705282
66 0 705399
66 1 705450
73 0 705581
73 1 705666
69 0 705666
69 1 705703
67 0 705831
67 1 705901
84 0 705937
84 1 705992
69 0 706062
69 1 706108
190 0 732347
190 1 732448
32 0 733951
32 1 734021
20 0 734192
20 1 734260
68 0 734368
68 1 734447
20 0 734541
73 0 734652
20 1 734654
73 1 734700
78 0 734807
78 1 734860
32 0 734973
32 1 735043
80 0 735221
80 1 735249
65 0 735723
65 1 735810
67 0 736238
67 1 736309
65 0 736428
65 1 736497
84 0 736538
84 1 736591
69 0 736656
69 1 736711
188 0 736819
188 1 736872
32 0 737000
32 1 737061
77 0 737170
77 1 737225
65 0 737260
65 1 737339
74 0 737400
74 1 737443
79 0 737554
79 1 737624
82 0 737727
82 1 737787
73 0 737832
73 1 737891
84 0 738075
84 1 738130
65 0 738171
65 1 738242
84 0 738271
84 1 738337
69 0 738385
69 1 738422
65 0 738692
65 1 738761
32 0 739327
32 1 739415
69 0 739454
69 1 739532
82 0 739620
82 1 739673
65 0 739790
65 1 739874
85 0 739896
85 1 739934
32 0 740056
32 1 740119
66 0 740198
66 1 740261
65 0 740295
65 1 740334
82 0 740435
82 1 740498
66 0 740575
66 1 740622
65 0 740647
65 1 740726
84 0 740813
73 0 740878
84 1 740880
73 1 740923
32 0 741062
32 1 741133
83 0 741207
83 1 741269
8 0 753936
8 1 754014
8 0 754211
8 1 754266
188 0 755116
188 1 755178
32 0 755564
32 1 755627
67 0 756922
67 1 757016
69 0 757402
69 1 757457
69 0 757932
69 1 757995
65 0 758191
65 1 758304
8 0 762393
8 1 762459
8 0 762546
8 1 762602
8 0 762678
8 1 762749
8 0 762812
8 1 762875
8 0 762935
8 1 762997
8 0 763032
8 1 763110
8 0 763187
8 1 763226
73 0 763961
73 1 764013
190 0 764221
190 1 764271
