20 0 143091
20 1 143254
86 0 143669
86 1 143799
20 0 143869
20 1 143966
82 0 144057
82 1 144140
69 0 144258
69 1 144341
77 0 144811
77 1 144869
69 0 144911
69 1 145033
65 0 145235
32 0 145342
65 1 145349
32 1 145444
65 0 145489
65 1 145552
67 0 145788
67 1 145914
85 0 145920
85 1 145987
77 0 146164
77 1 146227
32 0 146365
32 1 146436
69 0 146465
69 1 146560
83 0 146713
83 1 146842
84 0 146872
84 1 146947
69 0 147061
69 1 147161
32 0 147175
32 1 147249
77 0 147475
77 1 147531
85 0 147740
85 1 147802
76 0 147983
76 1 148055
84 0 148345
84 1 148418
32 0 148619
32 1 148658
77 0 149221
77 1 149294
65 0 149328
65 1 149451
73 0 149480
73 1 149537
32 0 149712
32 1 149783
67 0 150221
67 1 150286
65 0 150392
65 1 150421
76 0 150682
76 1 150755
68 0 150974
68 1 151043
65 0 151119
32 0 151221
65 1 151227
32 1 151297
68 0 151475
68 1 151527
69 0 151600
69 1 151708
67 0 152099
67 1 152172
65 0 152236
65 1 152344
84 0 152393
84 1 152466
32 0 152642
32 1 152699
65 0 152810
65 1 152915
82 0 152957
82 1 153009
32 0 153166
32 1 153259
84 0 153447
84 1 153512
82 0 153607
82 1 153666
69 0 153748
69 1 153833
66 0 153940
66 1 154010
85 0 154251
85 1 154313
73 0 154431
73 1 154493
32 0 154658
32 1 154743
83 0 154875
83 1 154992
65 0 155492
65 1 155599
32 0 155718
32 1 155815
70 0 156107
70 1 156191
73 0 156337
73 1 156399
69 0 156486
32 0 156587
69 1 156591
32 1 156663
73 0 156848
73 1 156902
78 0 157068
78 1 157122
32 0 157245
32 1 157317
77 0 157434
77 1 157516
79 0 157683
79 1 157766
68 0 157860
68 1 157964
32 0 158036
32 1 158111
78 0 158268
78 1 158322
79 0 158516
79 1 158591
82 0 158729
82 1 158842
77 0 158944
77 1 159030
65 0 159143
65 1 159269
76 0 159303
76 1 159363
190 0 159551
190 1 159624
32 0 159745
32 1 159822
20 0 160228
20 1 160344
65 0 160490
65 1 160594
20 0 160723
20 1 160813
83 0 161021
83 1 161151
84 0 161326
84 1 161398
65 0 161578
65 1 161693
90 0 162065
90 1 162181
73 0 162254
73 1 162306
32 0 162480
32 1 162553
65 0 162768
65 1 162889
85 0 162971
85 1 163019
32 0 163189
32 1 163246
70 0 163475
70 1 163580
79 0 163708
79 1 163788
83 0 163857
83 1 163976
84 0 164019
84 1 164080
32 0 164229
32 1 164316
84 0 164507
84 1 164561
69 0 164581
69 1 164686
77 0 164949
77 1 165023
80 0 165722
80 1 165816
69 0 165938
69 1 166032
82 0 166218
82 1 166282
65 0 166375
65 1 166471
84 0 166510
84 1 166588
85 0 166775
85 1 166856
82 0 167085
82 1 167169
73 0 167238
73 1 167295
32 0 167461
32 1 167538
70 0 167621
70 1 167725
79 0 167869
79 1 167952
65 0 168056
65 1 168181
82 0 168286
82 1 168318
84 0 168495
84 1 168581
69 0 168672
69 1 168767
32 0 168901
32 1 168975
82 0 169569
82 1 169677
73 0 169770
73 1 169833
68 0 170258
68 1 170362
73 0 170413
73 1 170477
67 0 170707
67 1 170780
65 0 170874
65 1 170968
84 0 171843
84 1 171973
69 0 172105
69 1 172202
32 0 172387
32 1 172470
83 0 173298
83 1 173410
73 0 173420
73 1 173483
32 0 173660
32 1 173764
83 0 174055
83 1 174161
79 0 174174
79 1 174245
65 0 174379
65 1 174485
82 0 174578
82 1 174620
69 0 174996
69 1 175112
190 0 175517
190 1 175574
32 0 175741
32 1 175812
20 0 182121
20 1 182313
90 0 182708
90 1 182769
20 0 182803
20 1 182950
73 0 183188
73 1 183251
76 0 183448
76 1 183536
69 0 183605
69 1 183692
76 0 183720
76 1 183786
69 0 183834
69 1 183940
32 0 184213
32 1 184307
84 0 184754
84 1 184826
82 0 184962
82 1 185033
69 0 185088
69 1 185181
67 0 185420
67 1 185534
85 0 185549
85 1 185620
84 0 185758
84 1 185828
69 0 185915
69 1 186008
32 0 186056
32 1 186134
65 0 186370
65 1 186475
32 0 186513
32 1 186599
70 0 186788
70 1 186851
79 0 187153
79 1 187236
83 0 187308
83 1 187434
84 0 187466
84 1 187539
32 0 187709
32 1 187789
76 0 188042
76 1 188134
65 0 188189
32 0 188301
65 1 188303
32 1 188383
70 0 188593
70 1 188658
69 0 188724
69 1 188822
76 0 188987
76 1 189044
32 0 189243
32 1 189323
68 0 189458
68 1 189563
69 0 189697
32 0 189775
69 1 189785
32 1 189857
67 0 190010
67 1 190074
65 0 190157
65 1 190255
76 0 190401
76 1 190481
68 0 190594
68 1 190690
188 0 190860
188 1 190910
32 0 191045
32 1 191128
65 0 191969
65 1 192098
85 0 192203
85 1 192276
32 0 192439
32 1 192519
70 0 192681
70 1 192780
79 0 192911
79 1 192985
83 0 193067
83 1 193187
84 0 193225
84 1 193288
32 0 193443
32 1 193530
84 0 193706
84 1 193758
69 0 193820
69 1 193906
77 0 194133
77 1 194194
80 0 194401
80 1 194478
69 0 194540
69 1 194626
82 0 194773
82 1 194843
65 0 195072
65 1 195165
84 0 195259
84 1 195329
85 0 195490
85 1 195563
82 0 195674
82 1 195774
73 0 195833
73 1 195889
32 0 196062
32 1 196140
68 0 196199
68 1 196283
69 0 196418
32 0 196495
69 1 196512
32 1 196557
80 0 196777
80 1 196857
65 0 196922
65 1 197058
78 0 197116
78 1 197172
65 0 197252
32 0 197325
65 1 197337
32 1 197388
76 0 197559
76 1 197639
65 0 197681
65 1 197796
32 0 197859
32 1 197953
49 0 198588
49 1 198685
53 0 198892
53 1 198978
189 0 199370
189 1 199459
49 0 199539
49 1 199633
54 0 199904
54 1 199948
32 0 200259
32 1 200363
71 0 200510
71 1 200591
82 0 200739
82 1 200784
65 0 200842
65 1 200949
68 0 201146
68 1 201220
69 0 201324
69 1 201418
32 0 201512
32 1 201609
67 0 203057
67 1 203150
69 0 203258
69 1 203362
69 0 203477
69 1 203568
65 0 203756
65 1 203873
32 0 203880
32 1 203954
67 0 204090
67 1 204145
69 0 204205
69 1 204288
32 0 204322
32 1 204424
69 0 204549
69 1 204643
83 0 204785
83 1 204915
84 0 204946
84 1 205029
69 0 205140
69 1 205249
32 0 205366
32 1 205437
77 0 207868
77 1 207962
85 0 208122
85 1 208163
76 0 208333
76 1 208411
84 0 208639
84 1 208696
32 0 208858
32 1 208932
80 0 210686
80 1 210769
69 0 210831
69 1 210945
84 0 211447
84 1 211524
82 0 211646
82 1 211709
85 0 211899
85 1 211962
32 0 212137
32 1 212216
76 0 212418
76 1 212485
85 0 212678
85 1 212732
78 0 212962
78 1 213033
65 0 213094
65 1 213232
32 0 213239
32 1 213316
20 0 213985
20 1 214110
73 0 214134
73 1 214214
20 0 214255
20 1 214308
65 0 214465
65 1 214590
78 0 214677
78 1 214768
85 0 214922
85 1 214977
65 0 215038
65 1 215135
82 0 215227
82 1 215289
73 0 215676
73 1 215749
69 0 215874
69 1 215979
190 0 216246
190 1 216313
32 0 216459
32 1 216532
20 0 220278
20 1 220447
86 0 220476
86 1 220572
20 0 220575
20 1 220697
82 0 220770
82 1 220833
69 0 220946
69 1 221021
77 0 221447
77 1 221532
69 0 221577
69 1 221664
65 0 221845
32 0 221953
65 1 221960
32 1 222026
80 0 222324
80 1 222399
69 0 222481
69 1 222555
82 0 222733
82 1 222806
70 0 222963
70 1 223017
69 0 223046
69 1 223153
67 0 223191
67 1 223266
84 0 223400
84 1 223474
65 0 223540
65 1 223654
32 0 223755
32 1 223828
80 0 224212
80 1 224289
69 0 224372
69 1 224466
78 0 224497
78 1 224563
84 0 224779
84 1 224834
82 0 224959
82 1 225030
85 0 225059
85 1 225123
32 0 225289
32 1 225364
77 0 225499
77 1 225574
73 0 225729
73 1 225781
78 0 225951
78 1 226001
69 0 226128
69 1 226230
32 0 226296
32 1 226386
69 0 226523
69 1 226594
83 0 226771
83 1 226919
84 0 227022
84 1 227096
69 0 227176
69 1 227266
32 0 227398
32 1 227451
67 0 228024
67 1 228120
69 0 228206
69 1 228287
65 0 228568
65 1 228697
32 0 228830
32 1 229017
68 0 229308
68 1 229406
73 0 229540
73 1 229595
78 0 231053
78 1 231129
32 0 231533
32 1 231606
80 0 231993
80 1 232066
69 0 232141
69 1 232273
82 0 232716
82 1 232869
73 0 232932
73 1 232985
79 0 233133
79 1 233203
65 0 233331
65 1 233467
68 0 233526
68 1 233592
65 0 233684
65 1 233812
32 0 235301
32 1 235376
80 0 235864
80 1 235951
82 0 236076
82 1 236198
73 0 236270
73 1 236334
77 0 236543
77 1 236668
65 0 236835
65 1 236970
83 0 241356
83 1 241493
70 0 241596
70 1 241705
65 0 241769
65 1 241880
82 0 241936
82 1 242005
83 0 242246
83 1 242370
73 0 242452
73 1 242517
84 0 242695
84 1 242749
85 0 242943
85 1 242997
76 0 244656
76 1 244741
85 0 244908
85 1 244962
73 0 245083
73 1 245151
32 0 245307
32 1 245377
80 0 245618
80 1 245691
82 0 245847
82 1 245952
73 0 246004
73 1 246057
77 0 246232
77 1 246317
65 0 246480
65 1 246599
86 0 246871
86 1 246975
69 0 247048
69 1 247156
82 0 247264
82 1 247320
73 0 247663
73 1 247719
73 0 247830
73 1 247908
32 0 250337
32 1 250431
189 0 250681
189 1 250754
32 0 250941
32 1 250984
73 0 251439
73 1 251474
78 0 252162
78 1 252226
67 0 252445
67 1 252520
69 0 252569
69 1 252665
80 0 252887
80 1 252960
85 0 253190
85 1 253258
84 0 253437
84 1 253514
85 0 253841
85 1 253897
76 0 254168
76 1 254241
32 0 254397
32 1 254484
86 0 254624
86 1 254690
69 0 254722
69 1 254837
82 0 254992
82 1 255087
73 0 255169
73 1 255223
73 0 255341
73 1 255400
32 0 255599
32 1 255641
83 0 255808
83 1 255923
65 0 256089
65 1 256152
85 0 256193
85 1 256257
32 0 256664
32 1 256737
67 0 259065
67 1 259149
69 0 259210
69 1 259316
65 0 259556
65 1 259660
32 0 259721
32 1 259796
68 0 259963
68 1 260067
73 0 260192
73 1 260255
78 0 260436
78 1 260495
32 0 260631
32 1 260726
76 0 261010
76 1 261091
85 0 261260
85 1 261310
78 0 261457
78 1 261519
65 0 261632
32 0 261696
65 1 261738
32 1 261792
83 0 261968
83 1 262054
69 0 262196
69 1 262311
80 0 262465
80 1 262532
84 0 262803
84 1 262869
69 0 262935
69 1 263042
77 0 263224
77 1 263305
66 0 263485
66 1 263554
82 0 263679
82 1 263775
73 0 263882
73 1 263952
69 0 264004
69 1 264129
32 0 264251
32 1 264318
67 0 264796
67 1 264863
65 0 264916
65 1 265017
78 0 265195
78 1 265261
68 0 265372
68 1 265466
32 0 265472
32 1 265539
85 0 266028
85 1 266085
32 0 266239
32 1 266304
77 0 266457
77 1 266533
65 0 266585
65 1 266700
73 0 266709
73 1 266743
32 0 266920
32 1 267024
69 0 267064
69 1 267139
83 0 267302
83 1 267389
84 0 267469
84 1 267543
69 0 267650
69 1 267772
32 0 267793
32 1 267887
83 0 268065
83 1 268193
79 0 268222
79 1 268297
65 0 268368
65 1 268483
82 0 268586
82 1 268639
69 0 268763
69 1 268872
76 0 269047
76 1 269151
69 0 269200
69 1 269289
32 0 269359
32 1 269449
65 0 269617
65 1 269687
84 0 269757
84 1 269843
65 0 270052
65 1 270185
84 0 270417
84 1 270519
32 0 270811
32 1 270905
68 0 271075
68 1 271187
69 0 271323
69 1 271430
32 0 271438
32 1 271531
80 0 271803
80 1 271866
85 0 272137
85 1 272210
84 0 272397
84 1 272464
69 0 272545
69 1 272631
82 0 272965
82 1 273038
78 0 273164
78 1 273234
73 0 273389
73 1 273453
67 0 274109
67 1 274236
32 0 274298
32 1 274406
190 0 277798
190 1 277871
32 0 278026
32 1 278069
91 0 313147
17 0 313148
8 1 313148
17 1 313148
91 1 313148
20 0 388980
20 1 389175
79 0 389351
79 1 389446
20 0 389532
20 1 389626
32 0 389685
32 1 389791
90 0 389929
90 1 390023
73 0 390106
73 1 390146
32 0 390292
32 1 390386
73 0 390535
73 1 390603
68 0 390910
68 1 391002
69 0 391123
69 1 391193
65 0 391252
65 1 391380
76 0 391524
76 1 391610
65 0 391634
65 1 391739
32 0 391774
32 1 391858
80 0 392065
80 1 392150
69 0 392264
69 1 392380
84 0 392717
84 1 392758
82 0 392863
82 1 392964
85 0 393009
85 1 393069
32 0 393246
32 1 393328
77 0 393977
77 1 394060
73 0 394196
73 1 394248
78 0 394397
78 1 394460
69 0 394551
69 1 394666
32 0 394693
32 1 394781
69 0 394873
69 1 395002
83 0 395136
83 1 395243
84 0 395301
84 1 395355
69 0 395448
69 1 395543
32 0 395584
32 1 395679
79 0 396109
79 1 396159
32 0 396324
32 1 396409
90 0 396617
90 1 396736
73 0 396784
73 1 396829
32 0 397007
32 1 397098
73 0 397515
73 1 397578
78 0 397777
78 1 397817
32 0 397936
32 1 398010
67 0 398187
67 1 398268
65 0 398297
65 1 398414
82 0 398454
82 1 398511
69 0 398642
32 0 398723
69 1 398737
32 1 398811
77 0 399009
77 1 399090
65 0 399322
65 1 399437
32 0 399456
32 1 399553
84 0 399790
84 1 399854
82 0 399958
82 1 400011
69 0 400063
69 1 400147
90 0 400390
90 1 400512
69 0 400638
69 1 400721
83 0 400825
83 1 400940
67 0 400975
67 1 401024
32 0 401158
32 1 401256
68 0 401378
68 1 401454
73 0 402191
73 1 402266
77 0 402401
77 1 402467
73 0 402600
73 1 402652
78 0 402790
78 1 402874
69 0 402892
69 1 402986
65 0 403176
65 1 403278
84 0 403312
84 1 403382
65 0 403434
65 1 403537
32 0 404175
32 1 404272
76 0 406210
76 1 406326
65 0 406436
65 1 406545
32 0 406590
32 1 406702
79 0 406951
79 1 407015
82 0 407316
82 1 407370
65 0 407464
65 1 407558
32 0 407575
32 1 407683
55 0 407895
55 1 407958
32 0 409018
32 1 409148
188 0 411519
188 1 411587
32 0 411702
32 1 411767
77 0 411891
77 1 411963
65 0 412184
65 1 412299
32 0 412338
32 1 412416
80 0 412767
80 1 412851
82 0 412986
82 1 413071
69 0 413216
69 1 413332
71 0 413445
71 1 413520
65 0 413593
65 1 413698
84 0 413756
84 1 413836
69 0 413940
69 1 414031
83 0 414191
83 1 414313
67 0 414351
67 1 414407
32 0 414587
32 1 414689
80 0 416655
80 1 416735
69 0 416787
69 1 416891
78 0 416942
78 1 417017
84 0 417224
84 1 417288
82 0 417433
82 1 417524
85 0 417610
85 1 417675
32 0 417842
32 1 417946
65 0 420149
65 1 420275
32 0 420323
32 1 420410
80 0 420640
80 1 420707
76 0 420828
76 1 420891
69 0 420962
69 1 421081
67 0 421193
67 1 421256
65 0 421381
32 0 421457
65 1 421475
32 1 421528
76 0 421760
76 1 421841
65 0 421965
32 0 422032
65 1 422063
32 1 422112
77 0 422248
77 1 422342
85 0 422509
85 1 422562
78 0 422697
78 1 422770
67 0 422958
67 1 423024
65 0 423115
65 1 423240
190 0 423441
190 1 423512
32 0 423650
32 1 423733
20 0 423980
20 1 424148
73 0 424251
73 1 424315
20 0 424361
77 0 424483
20 1 424485
77 1 424569
73 0 424726
73 1 424799
32 0 426345
32 1 426404
80 0 426737
80 1 426801
76 0 426919
76 1 426989
65 0 427093
65 1 427210
67 0 427336
67 1 427417
69 0 427541
69 1 427647
32 0 427764
32 1 427834
83 0 428230
83 1 428346
65 0 428561
65 1 428670
32 0 428767
32 1 428858
73 0 429044
73 1 429088
77 0 429222
77 1 429309
73 0 429442
73 1 429495
32 0 429636
32 1 429724
73 0 429880
73 1 429933
78 0 430067
78 1 430134
67 0 430340
67 1 430413
69 0 430489
69 1 430601
80 0 430756
80 1 430820
32 0 430978
32 1 431074
68 0 431189
68 1 431311
73 0 431351
73 1 431405
77 0 431539
77 1 431624
73 0 431749
73 1 431802
78 0 431944
78 1 432021
69 0 432056
69 1 432149
65 0 432330
65 1 432449
84 0 432480
84 1 432564
65 0 432598
65 1 432699
32 0 432762
32 1 432868
67 0 432974
67 1 433096
85 0 433137
85 1 433201
32 0 433357
32 1 433451
79 0 433691
79 1 433765
32 0 433913
32 1 433994
67 0 434211
67 1 434265
65 0 434315
65 1 434435
70 0 434514
70 1 434591
69 0 434755
69 1 434808
65 0 434880
65 1 434998
32 0 435468
32 1 435571
66 0 436018
66 1 436105
85 0 436254
85 1 436310
78 0 436444
78 1 436519
65 0 436623
65 1 436749
188 0 436999
188 1 437054
32 0 437166
32 1 437260
68 0 437279
68 1 437368
69 0 437503
69 1 437603
32 0 437655
32 1 437736
65 0 437785
65 1 437889
67 0 437952
67 1 438049
69 0 438233
69 1 438304
69 0 438380
69 1 438461
65 0 438533
65 1 438648
32 0 438707
32 1 438794
78 0 438993
78 1 439076
85 0 439239
85 1 439295
32 0 439463
32 1 439556
84 0 440087
84 1 440183
82 0 440285
82 1 440342
69 0 440394
69 1 440496
67 0 440562
67 1 440632
32 0 440760
32 1 440850
32 0 443452
32 1 443560
73 0 443789
73 1 443859
78 0 443988
78 1 444048
67 0 444249
67 1 444319
69 0 444382
69 1 444486
82 0 444672
82 1 444768
67 0 444989
67 1 445111
32 0 445771
32 1 445872
83 0 446062
83 1 446156
65 0 446301
65 1 446420
80 0 449233
80 1 449318
69 0 449446
69 1 449571
83 0 450049
83 1 450196
84 0 450227
84 1 450310
69 0 450382
69 1 450470
32 0 450528
32 1 450613
65 0 450724
65 1 450853
67 0 450896
67 1 450999
69 0 451138
65 0 451219
69 1 451221
65 1 451344
83 0 451457
83 1 451563
84 0 451614
84 1 451687
65 0 451762
65 1 451866
32 0 451921
32 1 452025
69 0 452086
69 1 452190
84 0 452505
84 1 452576
65 0 452637
65 1 452743
80 0 453027
80 1 453098
65 0 453159
65 1 453275
190 0 453327
190 1 453401
32 0 453555
32 1 453633
20 0 455383
20 1 455530
65 0 455791
65 1 455857
20 0 456011
20 1 456156
80 0 456635
80 1 456706
79 0 456835
79 1 456904
73 0 457026
73 1 457106
32 0 457303
32 1 457430
90 0 459246
90 1 459382
73 0 459413
73 1 459475
85 0 459580
85 1 459651
65 0 459726
65 1 459830
32 0 459862
32 1 459955
73 0 460152
73 1 460217
68 0 460488
68 1 460540
69 0 460697
69 1 460759
65 0 460789
65 1 460909
76 0 461083
76 1 461156
65 0 461198
65 1 461292
32 0 461333
32 1 461430
67 0 461580
67 1 461677
79 0 461743
79 1 461806
78 0 461959
78 1 462035
84 0 462258
84 1 462315
73 0 462526
73 1 462586
85 0 463049
85 1 463139
65 0 465100
65 1 465230
32 0 465373
32 1 465488
76 0 465927
76 1 466008
65 0 466092
32 0 466177
65 1 466187
32 1 466253
66 0 466483
66 1 466546
73 0 466731
73 1 466806
82 0 467042
82 1 467159
79 0 467203
79 1 467274
85 0 467429
85 1 467503
188 0 468296
188 1 468380
32 0 468502
32 1 468589
73 0 468975
73 1 469038
78 0 469183
78 1 469243
32 0 469362
32 1 469435
74 0 469581
74 1 469650
85 0 469799
85 1 469876
82 0 469998
82 1 470113
85 0 470161
85 1 470229
76 0 470418
76 1 470500
32 0 470631
32 1 470711
80 0 472556
80 1 472642
82 0 472932
82 1 472995
65 0 473095
65 1 473213
78 0 473377
78 1 473443
90 0 473676
90 1 473809
85 0 473872
85 1 473924
76 0 474090
76 1 474174
85 0 474331
85 1 474385
73 0 474508
73 1 474574
32 0 474801
32 1 474901
65 0 482769
65 1 482892
82 0 482943
82 1 483006
32 0 483145
32 1 483239
70 0 483301
70 1 483403
73 0 483443
73 1 483489
32 0 483632
32 1 483737
73 0 483990
73 1 484050
68 0 484332
68 1 484416
69 0 484550
69 1 484623
65 0 484675
65 1 484812
76 0 485084
76 1 485138
32 0 485281
32 1 485363
83 0 485438
83 1 485554
65 0 485761
65 1 485891
32 0 486055
32 1 486127
73 0 486721
73 1 486809
69 0 486867
69 1 486959
83 0 487203
83 1 487339
32 0 487853
32 1 487965
68 0 488059
68 1 488175
73 0 488261
73 1 488320
32 0 488719
32 1 488806
66 0 489427
66 1 489500
73 0 489728
73 1 489782
78 0 492846
78 1 492917
82 0 494681
82 1 494800
79 0 494882
79 1 494954
85 0 495099
85 1 495142
32 0 495309
32 1 495417
83 0 495537
73 0 495642
83 1 495660
73 1 495698
32 0 495861
32 1 495946
83 0 496040
83 1 496155
65 0 497475
65 1 497652
32 0 497879
32 1 497966
77 0 501326
77 1 501452
65 0 501494
65 1 501618
78 0 501670
78 1 501743
65 0 501778
65 1 501879
78 0 501891
78 1 501976
67 0 502206
67 1 502321
32 0 502338
32 1 502457
73 0 503607
73 1 503679
77 0 503811
77 1 503896
80 0 504062
80 1 504108
82 0 504292
82 1 504376
69 0 504512
69 1 504607
85 0 504648
85 1 504711
78 0 504881
78 1 504961
65 0 505055
65 1 505191
32 0 505232
32 1 505316
67 0 505618
67 1 505743
85 0 505795
85 1 505852
32 0 506037
32 1 506151
67 0 506450
67 1 506570
85 0 506620
85 1 506674
79 0 509309
79 1 509390
76 0 509503
76 1 509589
69 0 509703
69 1 509811
71 0 509984
71 1 510048
73 0 510257
73 1 510322
73 0 510424
73 1 510469
32 0 510664
32 1 510748
83 0 510967
83 1 511072
65 0 511263
65 1 511410
85 0 511438
85 1 511491
32 0 511668
32 1 511762
67 0 512429
67 1 512548
85 0 512849
85 1 512932
32 0 513871
32 1 513988
80 0 517163
80 1 517259
82 0 517405
82 1 517523
73 0 517582
73 1 517666
69 0 517735
69 1 517873
84 0 518051
84 1 518126
69 0 518218
69 1 518316
78 0 518397
78 1 518481
73 0 518648
73 1 518711
73 0 518814
73 1 518870
190 0 519108
190 1 519177
32 0 519441
32 1 519568
20 0 523956
20 1 524155
73 0 524322
73 1 524393
20 0 524416
20 1 524529
78 0 524550
78 1 524633
84 0 524833
84 1 524907
82 0 525020
82 1 525095
189 0 525694
189 1 525763
79 0 525939
79 1 526004
32 0 526174
32 1 526306
90 0 526432
90 1 526547
73 0 526555
73 1 526599
32 0 526766
32 1 526871
73 0 527037
73 1 527100
68 0 527392
68 1 527475
69 0 527594
69 1 527668
65 0 527715
65 1 527825
76 0 527976
76 1 528054
65 0 528093
65 1 528208
188 0 529084
188 1 529138
32 0 529276
32 1 529346
65 0 529485
65 1 529590
67 0 529635
67 1 529702
84 0 529859
84 1 529924
73 0 530244
73 1 530310
86 0 530381
86 1 530486
73 0 530495
73 1 530578
84 0 530771
84 1 530862
65 0 530904
65 1 531021
84 0 531102
84 1 531186
73 0 531435
73 1 531502
76 0 531658
76 1 531760
69 0 531854
69 1 531962
32 0 532003
32 1 532084
68 0 532146
68 1 532272
69 0 533547
69 1 533672
32 0 533766
32 1 533870
68 0 533915
68 1 534030
85 0 534110
85 1 534153
80 0 534378
80 1 534451
65 0 534521
65 1 534644
32 0 534645
32 1 534730
77 0 535001
77 1 535090
85 0 535239
85 1 535301
78 0 535425
78 1 535489
67 0 535686
67 1 535750
65 0 535806
65 1 535938
32 0 536063
32 1 536136
65 0 536375
65 1 536502
82 0 536647
82 1 536711
32 0 536877
32 1 536952
84 0 537159
84 1 537233
82 0 537340
82 1 537403
69 0 537497
69 1 537609
66 0 537777
66 1 537850
85 0 538002
85 1 538072
73 0 538193
73 1 538246
32 0 538424
32 1 538518
83 0 538608
83 1 538708
65 0 538862
65 1 538970
32 0 538986
32 1 539082
67 0 539281
67 1 539408
79 0 539482
79 1 539562
78 0 539738
78 1 539819
84 0 540192
84 1 540261
73 0 540446
73 1 540502
78 0 540699
78 1 540764
65 0 540856
65 1 540975
32 0 541129
32 1 541192
83 0 544912
83 1 545059
79 0 545118
79 1 545205
67 0 545344
67 1 545476
73 0 545521
73 1 545595
65 0 545726
65 1 545845
76 0 545851
76 1 545937
73 0 546054
73 1 546117
90 0 546284
90 1 546386
65 0 546524
65 1 546647
82 0 546678
82 1 546741
69 0 546859
69 1 546942
188 0 547465
188 1 547525
32 0 547640
32 1 547722
79 0 547898
79 1 547952
32 0 548086
32 1 548167
73 0 548341
73 1 548414
69 0 548506
69 1 548598
83 0 548727
83 1 548840
73 0 548911
73 1 548996
82 0 549237
82 1 549302
69 0 549392
69 1 549490
32 0 549508
32 1 549594
73 0 549841
73 1 549898
78 0 550034
78 1 550094
32 0 550219
32 1 550302
65 0 550344
65 1 550448
69 0 550637
69 1 550762
82 0 550950
82 1 551044
32 0 551183
32 1 551276
76 0 551555
76 1 551639
73 0 551767
73 1 551838
66 0 552007
66 1 552100
69 0 552130
69 1 552238
82 0 552363
82 1 552475
32 0 552588
32 1 552662
83 0 553160
83 1 553290
73 0 553373
73 1 553415
32 0 553643
32 1 553720
84 0 554983
84 1 555054
73 0 555399
73 1 555464
77 0 555616
77 1 555691
80 0 555851
80 1 555921
32 0 556065
32 1 556142
80 0 556380
80 1 556466
69 0 556589
69 1 556714
78 0 556746
78 1 556859
84 0 557538
84 1 557612
82 0 557738
82 1 557801
85 0 558281
85 1 558364
32 0 558674
32 1 558763
77 0 559752
77 1 559839
73 0 559984
73 1 560036
78 0 560192
78 1 560255
69 0 560300
69 1 560422
32 0 560438
32 1 560526
83 0 560842
83 1 560965
73 0 560987
73 1 561058
32 0 561215
32 1 561298
80 0 561506
80 1 561605
69 0 561674
69 1 561779
78 0 561852
78 1 561932
84 0 562126
84 1 562209
82 0 562325
82 1 562437
85 0 562489
85 1 562565
32 0 562748
32 1 562836
68 0 563033
68 1 563136
69 0 563244
69 1 563367
90 0 563627
90 1 563743
86 0 563941
86 1 564004
79 0 564254
79 1 564328
76 0 564445
76 1 564526
84 0 564759
84 1 564831
65 0 564890
65 1 565007
82 0 565048
82 1 565111
69 0 565226
69 1 565310
65 0 565383
65 1 565511
32 0 565647
32 1 565727
77 0 566103
77 1 566199
69 0 566242
69 1 566347
65 0 566553
32 0 566639
65 1 566673
32 1 566730
80 0 567046
80 1 567137
69 0 567200
69 1 567307
82 0 567472
82 1 567576
83 0 567815
83 1 567921
79 0 567983
79 1 568049
78 0 568205
78 1 568268
65 0 568305
65 1 568411
76 0 568457
76 1 568548
65 0 568589
65 1 568696
32 0 568746
32 1 568822
83 0 568934
83 1 569059
73 0 569087
73 1 569143
32 0 569287
32 1 569379
73 0 569543
73 1 569606
78 0 569751
78 1 569825
84 0 570006
84 1 570077
69 0 570128
69 1 570254
76 0 570434
76 1 570521
69 0 570546
69 1 570659
67 0 570879
67 1 570954
84 0 571114
84 1 571187
85 0 571347
85 1 571414
65 0 571479
65 1 571624
76 0 571706
76 1 571782
65 0 571832
65 1 571915
190 0 572011
190 1 572082
32 0 572217
32 1 572291
20 0 573368
20 1 573499
83 0 573543
83 1 573637
20 0 573648
20 1 573723
69 0 573796
69 1 573882
65 0 573986
65 1 574109
82 0 574130
82 1 574195
65 0 574275
65 1 574381
32 0 574443
32 1 574537
83 0 575068
83 1 575175
189 0 575425
189 1 575499
65 0 575580
65 1 575687
82 0 575839
82 1 575906
32 0 576073
32 1 576135
80 0 576552
80 1 576629
85 0 576817
85 1 576888
84 0 577044
84 1 577110
69 0 577183
69 1 577274
65 0 577483
65 1 577558
32 0 577587
32 1 577681
84 0 577967
84 1 578047
69 0 578078
69 1 578172
82 0 578332
82 1 578413
77 0 578474
77 1 578565
73 0 578703
73 1 578767
78 0 578893
78 1 578959
65 0 579014
32 0 579113
65 1 579115
32 1 579199
67 0 579351
67 1 579460
85 0 579466
85 1 579541
32 0 579717
32 1 579812
86 0 580345
86 1 580431
73 0 580630
73 1 580700
90 0 580857
90 1 580984
85 0 581013
85 1 581086
65 0 581189
65 1 581327
76 0 581390
76 1 581483
73 0 581612
73 1 581692
90 0 581890
90 1 581974
65 0 582162
65 1 582277
82 0 582353
82 1 582423
69 0 582527
69 1 582622
65 0 582655
65 1 582770
32 0 582987
32 1 583092
85 0 583665
85 1 583729
85 0 584105
85 1 584160
73 0 584693
73 1 584787
78 0 587649
78 1 587743
85 0 587908
85 1 587965
73 0 588117
73 1 588173
32 0 588443
32 1 588519
70 0 589174
70 1 589299
73 0 589329
73 1 589365
76 0 589539
76 1 589605
77 0 589790
77 1 589842
32 0 590054
32 1 590145
83 0 591890
83 1 592008
65 0 592182
65 1 592287
85 0 592369
85 1 592423
32 0 592672
32 1 592778
67 0 595661
67 1 595797
85 0 595879
85 1 595944
32 0 596119
32 1 596204
76 0 596946
76 1 596977
69 0 597422
69 1 597534
67 0 597885
67 1 597949
84 0 598108
84 1 598189
85 0 598338
85 1 598398
82 0 598584
82 1 598638
65 0 598704
65 1 598816
32 0 598845
32 1 598931
67 0 599905
67 1 599998
65 0 600057
65 1 600153
82 0 600243
82 1 600311
84 0 600448
84 1 600529
73 0 600788
73 1 600835
73 0 600939
73 1 601009
32 0 601156
32 1 601214
80 0 601425
80 1 601511
82 0 601812
82 1 601928
69 0 602136
69 1 602266
70 0 602767
70 1 602858
69 0 602890
69 1 602994
82 0 603126
82 1 603193
65 0 603373
65 1 603488
84 0 603997
84 1 604091
69 0 604269
69 1 604424
190 0 605335
190 1 605408
20 0 622468
20 1 622623
67 0 622663
67 1 622761
20 0 622790
20 1 622897
79 0 623072
79 1 623169
78 0 623513
78 1 623595
83 0 623722
83 1 623834
73 0 623897
73 1 623981
68 0 624127
68 1 624232
69 0 624356
69 1 624464
82 0 624495
82 1 624555
32 0 624721
32 1 624795
67 0 624948
67 1 625015
65 0 625164
32 0 625243
65 1 625247
32 1 625342
83 0 625432
83 1 625568
73 0 625692
73 1 625746
83 0 625791
83 1 625892
84 0 626016
84 1 626091
69 0 626174
69 1 626320
77 0 626486
77 1 626581
85 0 626741
85 1 626797
76 0 626968
76 1 627033
32 0 627229
32 1 627302
69 0 627647
69 1 627734
68 0 627885
68 1 628002
85 0 628172
85 1 628252
67 0 628524
67 1 628611
65 0 628679
65 1 628725
84 0 628816
84 1 628890
73 0 629128
73 1 629172
79 0 629306
79 1 629363
78 0 629580
78 1 629643
65 0 629758
65 1 629884
76 0 629915
76 1 629976
32 0 630196
32 1 630262
68 0 630677
68 1 630792
73 0 630868
73 1 630940
78 0 631098
78 1 631140
32 0 631268
32 1 631338
20 0 631442
20 1 631578
82 0 631605
82 1 631658
20 0 631714
20 1 631794
79 0 632193
79 1 632285
77 0 632445
77 1 632525
65 0 632576
65 1 632682
78 0 632699
78 1 632755
73 0 632910
73 1 632985
65 0 633026
65 1 633131
32 0 633256
32 1 633332
65 0 633716
65 1 633831
82 0 633917
82 1 633988
32 0 634155
32 1 634228
80 0 634610
80 1 634677
85 0 634876
85 1 634948
84 0 635104
84 1 635168
69 0 635210
69 1 635314
65 0 635540
65 1 635607
32 0 635647
32 1 635732
70 0 635933
70 1 636025
73 0 636027
73 1 636090
32 0 636286
32 1 636359
77 0 636859
77 1 636944
85 0 637086
85 1 637142
76 0 637320
76 1 637407
84 0 637626
84 1 637686
32 0 637855
32 1 637916
73 0 638155
73 1 638218
77 0 638365
77 1 638430
66 0 639005
66 1 639068
85 0 639234
85 1 639305
78 0 639481
78 1 639545
65 0 639638
65 1 639786
84 0 639838
84 1 639921
65 0 639951
65 1 640037
84 0 640245
84 1 640308
73 0 640534
73 1 640600
84 0 640776
84 1 640851
190 0 641288
190 1 641345
32 0 641474
32 1 641554
20 0 641888
20 1 642032
67 0 642118
67 1 642198
20 0 642208
20 1 642303
65 0 642510
65 1 642627
32 0 644119
32 1 644222
70 0 644380
70 1 644476
79 0 644589
79 1 644664
83 0 644862
83 1 644956
84 0 644986
84 1 645050
32 0 645240
32 1 645332
83 0 645523
83 1 645656
84 0 645792
84 1 645873
85 0 646042
85 1 646116
68 0 646327
68 1 646421
69 0 646557
69 1 646659
78 0 646707
78 1 646774
84 0 647005
84 1 647077
32 0 647226
32 1 647294
83 0 647411
73 0 647526
83 1 647530
73 1 647589
32 0 647738
32 1 647853
65 0 647874
65 1 647989
67 0 648051
67 1 648114
84 0 648287
84 1 648352
85 0 648500
85 1 648571
65 0 648663
65 1 648749
76 0 648822
76 1 648885
32 0 649041
32 1 649114
77 0 649249
65 0 649322
77 1 649329
65 1 649400
83 0 649575
83 1 649679
84 0 649765
84 1 649846
69 0 649880
69 1 649992
82 0 650055
82 1 650130
78 0 650901
78 1 651033
68 0 651127
68 1 651214
32 0 651499
32 1 651581
67 0 661608
67 1 661745
79 0 662186
79 1 662269
78 0 662479
78 1 662594
83 0 662792
83 1 662914
73 0 663071
73 1 663144
68 0 663466
68 1 663557
69 0 663656
69 1 663750
82 0 663876
82 1 663972
188 0 667012
188 1 667080
32 0 667228
32 1 667308
68 0 667404
68 1 667524
73 0 667582
73 1 667646
78 0 667813
78 1 667866
32 0 667994
32 1 668066
80 0 668325
80 1 668419
32 0 671355
32 1 671463
67 0 671743
67 1 671816
65 0 671858
65 1 671994
32 0 672059
32 1 672118
73 0 675014
73 1 675098
78 0 675245
78 1 675299
32 0 675404
32 1 675477
80 0 675663
80 1 675746
82 0 675891
82 1 675987
73 0 676000
73 1 676070
77 0 676204
77 1 676290
85 0 676425
85 1 676481
76 0 676643
76 1 676724
32 0 676852
32 1 676927
82 0 677145
82 1 677209
65 0 677316
65 1 677439
78 0 677535
78 1 677606
68 0 677740
68 1 677838
32 0 677860
32 1 677942
67 0 678139
67 1 678215
65 0 678514
65 1 678703
32 0 678849
32 1 678902
83 0 680553
83 1 680681
73 0 680699
73 1 680793
83 0 680856
83 1 680950
84 0 681044
84 1 681120
69 0 681232
69 1 681358
77 0 681496
77 1 681569
85 0 681753
85 1 681796
76 0 681988
76 1 682057
32 0 682234
32 1 682308
68 0 682426
68 1 682531
69 0 682663
32 0 682737
69 1 682771
32 1 682810
80 0 683063
80 1 683167
82 0 683251
82 1 683312
69 0 683453
69 1 683565
68 0 683853
68 1 683928
65 0 683980
65 1 684093
82 0 684137
82 1 684223
69 0 684344
69 1 684428
32 0 684624
32 1 684690
65 0 684785
65 1 684900
82 0 685021
82 1 685077
32 0 685253
32 1 685331
84 0 685514
84 1 685579
82 0 685682
82 1 685736
69 0 685797
69 1 685903
66 0 686021
66 1 686094
85 0 686272
85 1 686321
73 0 686449
73 1 686532
32 0 686728
32 1 686805
83 0 687316
83 1 687450
67 0 687490
67 1 687565
72 0 687741
72 1 687805
73 0 687981
73 1 688033
77 0 688173
77 1 688243
66 0 688388
66 1 688469
65 0 688546
65 1 688661
84 0 688693
84 1 688787
190 0 690170
190 1 690248
32 0 690430
32 1 690506
20 0 690632
20 1 690778
77 0 690801
77 1 690883
20 0 690915
20 1 691029
73 0 691060
73 1 691125
189 0 691288
189 1 691352
65 0 691489
65 1 691583
82 0 691662
82 1 691739
32 0 691885
32 1 691971
80 0 692229
80 1 692293
76 0 692424
76 1 692491
65 0 692563
65 1 692679
67 0 692734
67 1 692815
69 0 692972
69 1 693066
65 0 693100
65 1 693212
32 0 693315
32 1 693389
67 0 693798
67 1 693883
65 0 693977
65 1 694089
32 0 702515
32 1 702671
83 0 702810
83 1 702964
73 0 703050
73 1 703110
83 0 703141
83 1 703249
84 0 703371
84 1 703444
69 0 703510
69 1 703633
77 0 703894
77 1 703956
85 0 704155
85 1 704213
76 0 704468
76 1 704516
32 0 704920
32 1 705011
68 0 705377
68 1 705450
69 0 705543
32 0 705642
69 1 705668
32 1 705722
80 0 705940
80 1 706028
82 0 706112
82 1 706185
69 0 706321
69 1 706404
84 0 706519
84 1 706602
65 0 706797
65 1 706888
68 0 709132
68 1 709213
65 0 709234
65 1 709349
82 0 709362
82 1 709433
69 0 709527
69 1 709610
32 0 709843
32 1 709924
83 0 710122
83 1 710247
65 0 710403
65 1 710509
32 0 710522
32 1 710613
70 0 710828
70 1 710940
73 0 711008
73 1 711086
69 0 711177
32 0 711274
69 1 711292
32 1 711323
77 0 711465
77 1 711553
85 0 711720
85 1 711789
76 0 711939
76 1 712044
84 0 712180
84 1 712274
32 0 712287
32 1 712360
77 0 712481
77 1 712577
65 0 712705
73 0 712796
65 1 712809
73 1 712869
32 0 713026
32 1 713111
73 0 713259
73 1 713321
78 0 713450
78 1 713530
84 0 713735
84 1 713809
69 0 713849
69 1 713937
82 0 714069
82 1 714165
65 0 714405
65 1 714575
67 0 714701
67 1 714763
84 0 714928
84 1 715011
73 0 715176
73 1 715254
86 0 715418
86 1 715546
32 0 715678
32 1 715710
83 0 716608
83 1 716713
73 0 716754
73 1 716810
32 0 716985
32 1 717064
80 0 717695
80 1 717792
65 0 717861
65 1 717988
82 0 718080
82 1 718134
84 0 718248
84 1 718332
69 0 718461
69 1 718544
65 0 718613
65 1 718740
32 0 718803
32 1 718886
80 0 719244
80 1 719315
82 0 719576
82 1 719638
65 0 719704
65 1 719819
67 0 719835
67 1 719899
84 0 720065
84 1 720150
73 0 720338
73 1 720400
67 0 720779
67 1 720850
65 0 720912
32 0 721009
65 1 721027
32 1 721096
83 0 721195
83 1 721310
65 0 721444
65 1 721592
32 0 721644
32 1 721717
80 0 721945
80 1 722034
82 0 722134
82 1 722211
69 0 722344
69 1 722449
68 0 722603
68 1 722709
79 0 722814
79 1 722854
77 0 723642
77 1 723744
73 0 723935
73 1 724006
78 0 724157
78 1 724227
69 0 724290
32 0 724391
69 1 724396
32 1 724456
77 0 736165
77 1 736301
65 0 736343
73 0 736447
65 1 736478
73 1 736510
32 0 736666
32 1 736729
77 0 736855
77 1 736928
85 0 737098
85 1 737158
76 0 737303
76 1 737408
84 0 737501
32 0 737621
84 1 737628
32 1 737711
68 0 737887
68 1 737983
69 0 738099
69 1 738213
67 0 738274
67 1 738359
65 0 738488
84 0 738537
65 1 738579
84 1 738616
32 0 738746
32 1 738811
67 0 738953
67 1 739028
69 0 739060
69 1 739164
65 0 739362
32 0 739477
65 1 739486
32 1 739581
84 0 739843
84 1 739906
69 0 740228
69 1 740365
79 0 740804
79 1 740880
82 0 740991
82 1 741086
69 0 741211
69 1 741326
84 0 741573
84 1 741630
73 0 741827
73 1 741924
67 0 741988
67 1 742090
65 0 742380
65 1 742424
190 0 742537
190 1 742612
32 0 742778
32 1 742844
20 0 749338
20 1 749497
80 0 749561
80 1 749655
20 0 749672
20 1 749769
69 0 749996
69 1 750093
78 0 750401
78 1 750490
84 0 750666
84 1 750735
82 0 750834
85 0 750931
82 1 750938
85 1 750993
32 0 751168
32 1 751262
65 0 751356
32 0 751471
65 1 751473
32 1 751533
78 0 751682
78 1 751734
69 0 751808
69 1 751909
32 0 751920
32 1 752034
65 0 752152
65 1 752265
80 0 752440
80 1 752546
82 0 752682
82 1 752776
79 0 752842
79 1 752912
80 0 753058
80 1 753142
73 0 753312
73 1 753385
65 0 753667
65 1 753768
32 0 753863
32 1 753960
77 0 754356
77 1 754456
65 0 754550
65 1 754667
73 0 754686
73 1 754721
32 0 754918
32 1 755001
77 0 755221
77 1 755304
85 0 755522
85 1 755586
76 0 755753
76 1 755829
84 0 756059
84 1 756109
32 0 756276
32 1 756359
68 0 756527
68 1 756644
69 0 756738
32 0 756818
69 1 756838
32 1 756902
83 0 757020
83 1 757143
73 0 757175
73 1 757253
83 0 757320
83 1 757446
84 0 757540
84 1 757613
69 0 757674
69 1 757780
77 0 757888
77 1 757968
85 0 758125
85 1 758169
76 0 758326
76 1 758396
32 0 758545
32 1 758628
68 0 758639
68 1 758741
69 0 758854
69 1 758960
32 0 758969
32 1 759033
73 0 759232
73 1 759315
78 0 759454
78 1 759537
86 0 759700
86 1 759781
65 0 759849
65 1 759974
84 0 760088
84 1 760161
65 0 760223
65 1 760329
77 0 760547
77 1 760624
65 0 760676
65 1 760799
78 0 760822
78 1 760886
84 0 761123
84 1 761185
32 0 761501
32 1 761563
68 0 761789
68 1 761896
73 0 761979
73 1 762052
78 0 762218
78 1 762264
32 0 762417
32 1 762460
67 0 762661
67 1 762724
69 0 762772
69 1 762880
76 0 763069
76 1 763170
69 0 763200
69 1 763306
76 0 763382
76 1 763536
65 0 763628
65 1 763737
76 0 763765
76 1 763829
84 0 764058
84 1 764121
69 0 764204
69 1 764294
32 0 764351
32 1 764414
84 0 764726
84 1 764800
65 0 764844
65 1 764969
82 0 765001
82 1 765071
73 0 765467
73 1 765531
188 0 766668
188 1 766725
32 0 766826
32 1 766899
67 0 766992
67 1 767100
79 0 767122
79 1 767202
78 0 767557
78 1 767623
83 0 768078
83 1 768185
73 0 768237
73 1 768289
68 0 768551
68 1 768626
69 0 768747
69 1 768864
82 0 768979
82 1 769083
32 0 769643
32 1 769755
67 0 769970
67 1 770035
65 0 770095
65 1 770201
188 0 770524
188 1 770567
32 0 770692
32 1 770786
65 0 770862
65 1 770991
82 0 771087
82 1 771152
32 0 771298
32 1 771402
84 0 771573
84 1 771653
82 0 771754
82 1 771800
69 0 771871
69 1 771979
66 0 772151
66 1 772218
85 0 772377
85 1 772445
73 0 772571
73 1 772646
32 0 772907
32 1 773000
83 0 773888
83 1 773951
65 0 774754
65 1 774881
32 0 775134
32 1 775247
80 0 775799
80 1 775864
85 0 776065
85 1 776124
78 0 776284
78 1 776340
69 0 776395
69 1 776501
77 0 776545
77 1 776608
32 0 776733
32 1 776814
77 0 776939
77 1 777015
65 0 777068
65 1 777190
73 0 777199
73 1 777263
32 0 777441
32 1 777556
77 0 777962
77 1 778037
85 0 778225
85 1 778290
76 0 778472
76 1 778541
84 0 778779
84 1 778841
32 0 779029
32 1 779081
65 0 779238
65 1 779374
67 0 779510
67 1 779593
67 0 779694
67 1 779782
69 0 779899
69 1 780025
78 0 780370
78 1 780443
84 0 780662
84 1 780712
32 0 780892
32 1 780972
80 0 782279
80 1 782425
69 0 782533
69 1 782669
32 0 783627
32 1 783721
73 0 792930
73 1 793010
78 0 794275
78 1 794400
84 0 794829
84 1 794936
69 0 795007
69 1 795135
82 0 795727
82 1 795811
65 0 795978
65 1 796133
67 0 796218
67 1 796292
84 0 796436
84 1 796511
73 0 796729
73 1 796793
85 0 796896
85 1 796953
78 0 797099
78 1 797182
69 0 797213
69 1 797328
65 0 797493
65 1 797639
32 0 797677
32 1 797785
69 0 798339
69 1 798475
76 0 798599
76 1 798684
69 0 798687
69 1 798810
86 0 799050
86 1 799112
73 0 799317
73 1 799376
76 0 799509
76 1 799581
79 0 799700
79 1 799781
82 0 799868
82 1 799990
191 0 800345
191 1 800422
83 0 800648
83 1 800795
84 0 800955
84 1 801014
85 0 801303
85 1 801380
68 0 801494
68 1 801592
69 0 801721
69 1 801832
78 0 802059
78 1 802126
84 0 802339
84 1 802396
73 0 802573
73 1 802644
76 0 802822
76 1 802905
79 0 803033
79 1 803103
82 0 803238
82 1 803331
32 0 803459
32 1 803532
67 0 803684
67 1 803835
85 0 803856
85 1 803927
32 0 804068
32 1 804148
77 0 804273
77 1 804350
69 0 804420
69 1 804514
68 0 804660
68 1 804768
73 0 804786
73 1 804858
85 0 804953
85 1 805018
76 0 805164
76 1 805235
32 0 805390
32 1 805465
73 0 805881
73 1 805956
78 0 806084
78 1 806157
32 0 806280
32 1 806345
67 0 806509
67 1 806586
65 0 806627
65 1 806729
82 0 806759
82 1 806805
69 0 806928
69 1 807017
32 0 807198
32 1 807293
85 0 807512
85 1 807589
82 0 807777
82 1 807881
77 0 807954
77 1 808046
69 0 808117
69 1 808247
65 0 808433
65 1 808554
90 0 808734
90 1 808815
65 0 809047
65 1 809153
32 0 809282
32 1 809362
83 0 810003
83 1 810107
65 0 810270
65 1 810397
32 0 810498
32 1 810581
76 0 812580
76 1 812671
85 0 812845
85 1 812901
67 0 813035
67 1 813144
82 0 813248
82 1 813311
69 0 813451
69 1 813531
90 0 813823
90 1 813914
69 0 814134
69 1 814248
32 0 814552
32 1 814620
83 0 815292
83 1 815419
73 0 815481
73 1 815564
32 0 815837
32 1 815902
77 0 816088
77 1 816171
65 0 816266
65 1 816402
73 0 816431
73 1 816488
32 0 816655
32 1 816718
80 0 817303
80 1 817384
85 0 817581
85 1 817654
84 0 817800
84 1 817865
73 0 818097
73 1 818170
78 0 818333
78 1 818390
32 0 818553
32 1 818637
67 0 822138
67 1 822304
85 0 822434
85 1 822500
32 0 822711
32 1 822796
77 0 823046
77 1 823120
69 0 823193
69 1 823279
68 0 823416
68 1 823528
73 0 823537
73 1 823591
85 0 823698
85 1 823758
76 0 823925
76 1 823998
32 0 824186
32 1 824259
68 0 824643
68 1 824698
73 0 824761
73 1 824834
78 0 824981
78 1 825060
32 0 825201
32 1 825304
83 0 825355
83 1 825472
65 0 825621
65 1 825758
76 0 825851
76 1 825932
73 0 826068
73 1 826131
76 0 826291
76 1 826390
69 0 826453
69 1 826573
32 0 826625
32 1 826707
68 0 826799
68 1 826894
69 0 827009
69 1 827124
32 0 827137
32 1 827228
67 0 827415
67 1 827472
76 0 827730
65 0 827813
76 1 827816
65 1 827921
83 0 828043
83 1 828127
65 0 828255
65 1 828370
32 0 828900
32 1 829015
83 0 829070
83 1 829172
65 0 829340
85 0 829433
65 1 829439
85 1 829496
32 0 829872
32 1 829977
67 0 830498
67 1 830617
85 0 830690
85 1 830753
32 0 830945
32 1 831043
83 0 831174
83 1 831296
84 0 831349
84 1 831419
85 0 831599
85 1 831672
68 0 832059
68 1 832192
73 0 832286
73 1 832349
85 0 832464
85 1 832533
76 0 832705
76 1 832778
32 0 832914
32 1 833000
73 0 833173
73 1 833230
78 0 833365
78 1 833429
68 0 833558
68 1 833679
73 0 833753
73 1 833819
86 0 834014
86 1 834087
73 0 834272
73 1 834345
68 0 834511
68 1 834640
85 0 834672
85 1 834753
65 0 834923
65 1 835066
76 0 835090
76 1 835161
190 0 835326
190 1 835391
32 0 835528
32 1 835610
20 0 835746
20 1 835882
76 0 835892
76 1 835986
20 0 836007
20 1 836132
85 0 836194
85 1 836268
67 0 836425
67 1 836509
82 0 836665
82 1 836718
85 0 836908
85 1 836980
76 0 837209
76 1 837282
32 0 837449
32 1 837524
73 0 838034
73 1 838107
78 0 838246
78 1 838306
32 0 838442
32 1 838515
69 0 838651
69 1 838766
67 0 839068
67 1 839135
72 0 839413
72 1 839466
73 0 839612
73 1 839675
80 0 839852
80 1 839925
65 0 840012
65 1 840126
32 0 840148
32 1 840252
65 0 840354
65 1 840469
82 0 840531
82 1 840592
32 0 840782
32 1 840866
84 0 841036
84 1 841109
82 0 841219
82 1 841266
69 0 841367
69 1 841472
66 0 841621
66 1 841684
85 0 841846
85 1 841903
73 0 842039
73 1 842112
32 0 842402
32 1 842558
83 0 842579
83 1 842684
65 0 842820
65 1 842938
32 0 843000
32 1 843081
70 0 843468
70 1 843530
73 0 843752
73 1 843805
69 0 843852
69 1 843959
32 0 844051
32 1 844136
77 0 844254
77 1 844334
65 0 844397
73 0 844490
65 1 844523
73 1 844555
32 0 844704
32 1 844775
77 0 844896
77 1 844973
85 0 845107
85 1 845164
76 0 845326
76 1 845422
84 0 845506
84 1 845634
32 0 845655
32 1 845769
80 0 845997
80 1 846101
82 0 846279
82 1 846384
79 0 846455
79 1 846519
77 0 846742
77 1 846854
79 0 847003
79 1 847077
86 0 847272
86 1 847355
65 0 847417
65 1 847525
84 0 847556
84 1 847609
32 0 847763
32 1 847873
83 0 847909
83 1 848045
73 0 848096
73 1 848152
32 0 848294
32 1 848382
83 0 848400
83 1 848505
65 0 848641
65 1 848745
32 0 848779
32 1 848881
83 0 849006
83 1 849142
67 0 849271
67 1 849341
65 0 849393
65 1 849519
80 0 849720
80 1 849811
65 0 849886
65 1 850009
77 0 850260
77 1 850333
32 0 850448
32 1 850532
68 0 850634
68 1 850720
69 0 850827
69 1 850932
32 0 850938
32 1 851013
73 0 851199
73 1 851273
68 0 851503
68 1 851587
69 0 851729
69 1 851799
69 0 851901
69 1 851995
65 0 852087
65 1 852214
32 0 852311
32 1 852381
73 0 852715
73 1 852749
78 0 853404
78 1 853531
68 0 853757
68 1 853865
73 0 853959
73 1 854022
86 0 854226
86 1 854286
73 0 854471
73 1 854534
68 0 854825
68 1 854931
85 0 854934
85 1 855015
65 0 855149
65 1 855287
76 0 855329
76 1 855394
73 0 855546
73 1 855624
83 0 855780
83 1 855906
77 0 856008
77 1 856091
85 0 856236
85 1 856293
76 0 856447
76 1 856510
85 0 856687
85 1 856748
73 0 856853
73 1 856926
32 0 857084
32 1 857170
83 0 857239
83 1 857366
73 0 857387
73 1 857450
32 0 857607
32 1 857711
65 0 857773
65 1 857882
32 0 857954
32 1 858037
67 0 858348
67 1 858411
79 0 858734
79 1 858767
79 0 859449
79 1 859517
77 0 862079
77 1 862167
80 0 862344
80 1 862439
69 0 862532
69 1 862644
84 0 862758
84 1 862824
73 0 863005
73 1 863094
84 0 863386
84 1 863452
73 0 863675
73 1 863731
73 0 863839
73 1 863929
76 0 864090
76 1 864181
79 0 864296
79 1 864379
82 0 864473
82 1 864578
32 0 864671
32 1 864703
68 0 865454
68 1 865581
73 0 865643
73 1 865706
78 0 865872
78 1 865946
84 0 866168
84 1 866232
82 0 866336
82 1 866406
69 0 866470
69 1 866574
32 0 866729
32 1 866812
69 0 868915
69 1 869061
76 0 869179
76 1 869259
69 0 869301
69 1 869419
86 0 869534
86 1 869604
73 0 869780
73 1 869834
191 0 870297
191 1 870377
83 0 870697
83 1 870845
84 0 870921
84 1 870984
85 0 871165
85 1 871232
68 0 871562
68 1 871649
69 0 871775
69 1 871883
78 0 871973
78 1 872036
84 0 872235
84 1 872297
73 0 872474
73 1 872527
190 0 872875
190 1 872956
32 0 873071
32 1 873155
20 0 873487
20 1 873625
80 0 873719
80 1 873782
20 0 873789
20 1 873907
82 0 874064
82 1 874119
79 0 874398
79 1 874475
70 0 875693
70 1 875768
69 0 875810
69 1 875904
83 0 876280
83 1 876414
79 0 876749
79 1 876824
82 0 876949
82 1 877054
73 0 877073
73 1 877137
73 0 877244
73 1 877310
32 0 877501
32 1 877582
65 0 877735
65 1 877879
82 0 877983
82 1 878025
32 0 878206
32 1 878289
84 0 878483
84 1 878559
82 0 878651
82 1 878705
69 0 878778
69 1 878892
66 0 879016
66 1 879091
85 0 879258
85 1 879331
73 0 879460
73 1 879530
32 0 879773
32 1 879846
83 0 880008
83 1 880097
65 0 880330
65 1 880452
32 0 880542
32 1 880598
70 0 880762
70 1 880808
73 0 880909
73 1 881024
69 0 881254
69 1 881378
32 0 881566
32 1 881622
77 0 882069
77 1 882145
85 0 882302
85 1 882352
76 0 882511
76 1 882612
84 0 882740
84 1 882863
32 0 882870
32 1 882936
77 0 883085
77 1 883166
65 0 883248
73 0 883353
65 1 883396
73 1 883417
32 0 883574
32 1 883688
68 0 883772
68 1 883872
69 0 883992
69 1 884098
83 0 884232
83 1 884357
67 0 884503
67 1 884640
72 0 884662
72 1 884715
73 0 884872
73 1 885005
83 0 885151
73 0 885266
83 1 885301
73 1 885327
32 0 885632
32 1 885746
83 0 886126
83 1 886265
73 0 886411
73 1 886478
32 0 886686
32 1 886750
83 0 887000
83 1 887114
65 0 887337
65 1 887473
32 0 887581
32 1 887658
73 0 888181
73 1 888243
78 0 888402
78 1 888458
67 0 888661
67 1 888726
69 0 888764
69 1 888860
82 0 888931
82 1 888985
67 0 889131
67 1 889218
69 0 889235
69 1 889349
32 0 889363
32 1 889444
83 0 889557
83 1 889656
65 0 889821
65 1 889925
32 0 889965
32 1 890029
71 0 890353
71 1 890439
65 0 890471
65 1 890572
83 0 890687
83 1 890781
69 0 890905
69 1 891004
65 0 891157
65 1 891271
83 0 891396
83 1 891484
67 0 891533
67 1 891607
65 0 891689
65 1 891795
32 0 891798
32 1 891881
77 0 892056
77 1 892129
79 0 892307
79 1 892390
68 0 892442
68 1 892549
65 0 892765
65 1 892895
76 0 893017
76 1 893104
73 0 893258
73 1 893320
84 0 893550
84 1 893645
65 0 893668
65 1 893801
84 0 893853
84 1 893926
73 0 894106
73 1 894187
32 0 894379
32 1 894470
68 0 895619
68 1 895713
69 0 895831
32 0 895901
69 1 895932
32 1 895962
80 0 896190
80 1 896257
82 0 896405
82 1 896494
69 0 896602
69 1 896696
68 0 896893
68 1 896957
65 0 897013
65 1 897120
82 0 897158
82 1 897239
69 0 897332
69 1 897407
32 0 897572
32 1 897639
77 0 897915
77 1 898013
65 0 898044
73 0 898158
65 1 898169
73 1 898214
32 0 898377
32 1 898465
65 0 898496
65 1 898629
80 0 898734
80 1 898828
82 0 898994
82 1 899110
79 0 899130
79 1 899215
80 0 899383
80 1 899458
73 0 899612
73 1 899686
65 0 900389
65 1 900504
84 0 900614
84 1 900699
69 0 900794
69 1 900898
32 0 900964
32 1 901065
68 0 901235
68 1 901341
69 0 901758
69 1 901922
32 0 902187
32 1 902309
71 0 902511
71 1 902584
65 0 902634
65 1 902759
78 0 902820
78 1 902898
68 0 903062
68 1 903188
73 0 903282
73 1 903353
82 0 903595
82 1 903671
69 0 903780
69 1 903870
65 0 903916
65 1 904048
32 0 904187
32 1 904286
83 0 904441
83 1 904571
73 0 904693
73 1 904754
32 0 904976
32 1 905090
68 0 905773
68 1 905865
69 0 906073
69 1 906209
32 0 907004
32 1 907171
77 0 910525
77 1 910645
79 0 911038
79 1 911153
68 0 911269
68 1 911387
85 0 911519
85 1 911562
76 0 911771
76 1 911868
32 0 914373
32 1 914471
80 0 914772
80 1 914856
82 0 914981
82 1 915096
73 0 915157
73 1 915211
78 0 915369
78 1 915412
32 0 915556
32 1 915632
67 0 915985
67 1 916071
65 0 916079
65 1 916215
82 0 916267
82 1 916351
69 0 916454
69 1 916570
32 0 916652
32 1 916740
69 0 923848
69 1 923978
76 0 924041
76 1 924142
69 0 924156
69 1 924236
86 0 924407
86 1 924467
73 0 924653
73 1 924728
76 0 924927
76 1 924992
79 0 925115
79 1 925188
82 0 925272
82 1 925385
188 0 925646
188 1 925713
191 0 931024
191 1 931119
32 0 931285
32 1 931342
83 0 931925
83 1 932060
84 0 932259
84 1 932343
85 0 932512
85 1 932583
68 0 933373
68 1 933461
69 0 933579
69 1 933694
78 0 933802
78 1 933872
84 0 934078
84 1 934136
73 0 934318
73 1 934381
76 0 934534
76 1 934593
79 0 934715
79 1 934789
82 0 934872
82 1 934988
188 0 936398
188 1 936461
32 0 936711
32 1 936788
67 0 936970
67 1 937042
65 0 937077
65 1 937204
82 0 937236
82 1 937287
69 0 937374
69 1 937455
32 0 937612
83 0 937674
32 1 937708
83 1 937813
65 0 938043
65 1 938174
32 0 938197
32 1 938310
73 0 938475
73 1 938542
73 0 938625
73 1 938688
32 0 938843
32 1 938959
68 0 938963
68 1 939065
69 0 939193
69 1 939308
84 0 939659
84 1 939732
69 0 939776
69 1 939880
82 0 940120
82 1 940235
77 0 940432
77 1 940507
73 0 940653
73 1 940716
78 0 940854
78 1 940925
69 0 940945
69 1 941044
32 0 941093
32 1 941166
80 0 941354
80 1 941440
69 0 941500
69 1 941608
32 0 941657
32 1 941751
65 0 942149
65 1 942277
67 0 942336
67 1 942422
69 0 942587
69 1 942661
83 0 943266
83 1 943414
84 0 943462
84 1 943535
73 0 943897
73 1 943968
65 0 944054
65 1 944167
32 0 944250
32 1 944302
83 0 944667
83 1 944815
65 0 945043
65 1 945181
32 0 945277
32 1 945372
73 0 945559
73 1 945624
78 0 945759
78 1 945829
86 0 946003
86 1 946070
69 0 946152
69 1 946274
84 0 946425
84 1 946509
69 0 946542
69 1 946655
32 0 946734
32 1 946822
68 0 947149
68 1 947275
73 0 947337
73 1 947397
78 0 947554
78 1 947617
32 0 947762
32 1 947847
80 0 948288
80 1 948359
76 0 948473
76 1 948547
65 0 948603
65 1 948739
67 0 948836
67 1 948906
69 0 948999
69 1 949112
82 0 949343
82 1 949445
69 0 949565
69 1 949687
32 0 949805
32 1 949909
83 0 950011
83 1 950137
73 0 950147
73 1 950210
32 0 950357
32 1 950429
78 0 950544
78 1 950607
85 0 950754
85 1 950806
32 0 950956
32 1 951060
68 0 951141
68 1 951276
73 0 951338
73 1 951392
78 0 951559
78 1 951612
32 0 951726
32 1 951810
79 0 951978
79 1 952043
66 0 952378
66 1 952440
76 0 952635
76 1 952710
73 0 952827
73 1 952885
71 0 953176
71 1 953265
65 0 953274
65 1 953410
84 0 953452
84 1 953528
73 0 953758
73 1 953824
69 0 953891
69 1 954007
190 0 954195
190 1 954268
32 0 954371
32 1 954451
20 0 954592
20 1 954741
68 0 954796
20 0 954867
68 1 954879
20 1 954992
69 0 955022
69 1 955110
32 0 955265
32 1 955379
65 0 955434
65 1 955536
83 0 955649
83 1 955745
69 0 955860
69 1 955968
77 0 956017
77 1 956111
69 0 956214
69 1 956334
78 0 956352
78 1 956428
69 0 956467
69 1 956563
65 0 956760
65 1 956864
188 0 957658
188 1 957721
32 0 957832
32 1 957912
67 0 957958
67 1 958076
79 0 958129
79 1 958216
83 0 958425
83 1 958537
84 0 958778
84 1 958811
73 0 963099
73 1 963204
68 0 963350
68 1 963465
69 0 963587
69 1 963695
82 0 963808
82 1 963890
32 0 963980
32 1 964053
67 0 964331
67 1 964406
65 0 964507
65 1 964618
32 0 964687
32 1 964778
69 0 964869
69 1 964950
83 0 965097
83 1 965225
84 0 965246
84 1 965316
69 0 965388
69 1 965476
32 0 965528
32 1 965605
70 0 965912
70 1 965997
79 0 966122
79 1 966226
65 0 966319
65 1 966425
82 0 966502
82 1 966561
84 0 966685
84 1 966770
69 0 966800
69 1 966896
32 0 966936
32 1 967021
73 0 967210
73 1 967262
77 0 967397
77 1 967478
80 0 967627
80 1 967691
79 0 967795
79 1 967858
82 0 968087
82 1 968154
84 0 968296
84 1 968342
65 0 968468
65 1 968583
78 0 968746
78 1 968831
84 0 969030
84 1 969093
32 0 969608
32 1 969712
67 0 970358
67 1 970463
65 0 970612
65 1 970734
32 0 970776
32 1 970880
69 0 972186
69 1 972343
76 0 972347
76 1 972448
69 0 972512
69 1 972620
86 0 972897
86 1 972955
73 0 973167
73 1 973234
73 0 973337
73 1 973380
32 0 973558
32 1 973662
83 0 973702
83 1 973808
65 0 973953
32 0 974018
65 1 974068
32 1 974122
70 0 974293
70 1 974415
73 0 974502
73 1 974562
69 0 974636
69 1 974743
32 0 974771
32 1 974865
73 0 975087
73 1 975150
78 0 975327
78 1 975417
68 0 975572
68 1 975704
85 0 975847
85 1 975921
82 0 978129
82 1 978277
85 0 978299
85 1 978362
77 0 978522
77 1 978620
65 0 978749
65 1 978885
84 0 978932
84 1 979007
73 0 979206
73 1 979282
32 0 979426
32 1 979509
73 0 979675
73 1 979739
78 0 979875
78 1 979938
67 0 980135
67 1 980210
65 0 980262
32 0 980365
65 1 980387
32 1 980461
68 0 980620
68 1 980733
73 0 980825
73 1 980881
78 0 981049
78 1 981120
32 0 981247
32 1 981349
67 0 983640
67 1 983790
76 0 983879
76 1 983957
65 0 984097
65 1 984218
83 0 984344
83 1 984438
69 0 984561
69 1 984678
76 0 984738
76 1 984822
69 0 984843
69 1 984961
32 0 985031
32 1 985125
80 0 985606
80 1 985693
82 0 985797
82 1 985899
73 0 985986
73 1 986045
77 0 986195
77 1 986276
65 0 986352
65 1 986491
82 0 986592
82 1 986652
69 0 986786
69 1 986903
32 0 987132
32 1 987246
67 0 987687
67 1 987770
65 0 987825
65 1 987920
84 0 987965
84 1 988053
82 0 988168
82 1 988230
69 0 988348
69 1 988473
32 0 990481
32 1 990582
85 0 990823
85 1 990896
78 0 991042
78 1 991112
32 0 991244
32 1 991339
68 0 991433
68 1 991540
79 0 991610
79 1 991663
77 0 991823
77 1 991914
69 0 991983
69 1 992081
78 0 992095
78 1 992158
73 0 992344
73 1 992401
85 0 992524
85 1 992583
32 0 992948
32 1 993046
67 0 993690
67 1 993786
65 0 993796
65 1 993934
82 0 993993
82 1 994068
69 0 994276
69 1 994402
32 0 1002727
32 1 1002856
190 0 1005063
190 1 1005144
188 0 1010644
188 1 1010708
32 0 1010823
32 1 1010897
73 0 1011108
73 1 1011171
65 0 1011244
65 1 1011358
82 0 1011415
82 1 1011482
32 0 1011624
65 0 1011701
32 1 1011728
65 1 1011808
73 0 1011929
73 1 1012005
67 0 1012130
73 0 1012193
67 1 1012258
73 1 1012266
32 0 1012484
32 1 1012572
188 0 1015746
188 1 1015802
32 0 1015918
32 1 1015998
80 0 1017029
80 1 1017117
69 0 1017193
69 1 1017316
32 0 1017318
32 1 1017378
76 0 1017556
76 1 1017629
65 0 1017732
65 1 1017862
78 0 1017869
78 1 1017933
71 0 1018163
71 1 1018252
65 0 1018351
65 1 1018476
32 0 1018968
32 1 1019061
80 0 1019323
80 1 1019417
65 0 1019459
65 1 1019595
82 0 1019729
82 1 1019783
73 0 1019982
73 1 1020054
78 0 1020211
78 1 1020285
84 0 1020484
84 1 1020628
73 0 1020744
73 1 1020803
188 0 1021205
188 1 1021276
32 0 1022114
32 1 1022229
80 0 1022804
80 1 1022909
82 0 1022995
82 1 1023108
79 0 1023170
79 1 1023239
70 0 1023546
70 1 1023610
69 0 1023651
69 1 1023756
83 0 1024083
83 1 1024219
79 0 1024266
79 1 1024352
82 0 1024509
82 1 1024603
73 0 1024658
73 1 1024728
73 0 1024829
73 1 1024896
32 0 1025093
32 1 1025191
65 0 1025449
65 1 1025586
85 0 1025659
85 1 1025722
32 0 1025867
32 1 1025954
67 0 1027377
67 1 1027451
69 0 1027490
69 1 1027584
65 0 1027768
32 0 1027898
65 1 1027900
32 1 1027970
77 0 1028116
77 1 1028180
65 0 1028211
65 1 1028324
73 0 1028357
73 1 1028402
32 0 1028556
32 1 1028629
77 0 1028753
77 1 1028841
65 0 1028873
65 1 1029016
82 0 1029130
82 1 1029205
69 0 1029287
69 1 1029403
32 0 1029424
32 1 1029518
67 0 1029647
67 1 1029769
79 0 1029853
79 1 1029926
78 0 1030071
78 1 1030128
84 0 1030354
84 1 1030439
82 0 1030533
82 1 1030596
73 0 1030793
73 1 1030868
66 0 1031600
66 1 1031661
85 0 1031841
85 1 1031914
84 0 1032510
84 1 1032613
73 0 1032719
73 1 1032781
69 0 1033096
69 1 1033209
190 0 1033378
190 1 1033452
32 0 1033577
32 1 1033650
20 0 1033868
20 1 1034006
80 0 1034163
80 1 1034232
20 0 1034245
20 1 1034361
82 0 1034527
82 1 1034577
79 0 1034925
79 1 1035041
70 0 1035314
70 1 1035376
69 0 1035410
69 1 1035501
83 0 1035730
83 1 1035847
79 0 1036025
79 1 1036111
82 0 1036394
82 1 1036516
73 0 1036558
73 1 1036621
73 0 1036724
73 1 1036788
32 0 1036958
32 1 1037056
65 0 1037133
65 1 1037258
82 0 1037307
82 1 1037363
32 0 1037508
32 1 1037589
84 0 1037740
84 1 1037813
82 0 1037903
82 1 1037962
69 0 1038060
69 1 1038164
66 0 1038412
66 1 1038492
85 0 1038648
85 1 1038723
73 0 1038820
73 1 1038901
32 0 1039077
32 1 1039165
83 0 1039361
83 1 1039478
65 0 1039793
65 1 1039898
32 0 1039977
32 1 1040072
79 0 1040483
79 1 1040588
83 0 1040792
83 1 1040919
66 0 1043843
66 1 1043923
83 0 1044133
83 1 1044248
69 0 1044363
69 1 1044471
82 0 1044593
82 1 1044656
86 0 1044832
86 1 1044917
69 0 1044959
69 1 1045059
32 0 1045104
32 1 1045168
67 0 1046390
67 1 1046516
65 0 1046590
65 1 1046726
84 0 1046831
84 1 1046915
82 0 1047040
82 1 1047103
69 0 1047263
69 1 1047394
32 0 1049459
32 1 1049592
67 0 1056361
67 1 1056454
69 0 1056505
69 1 1056700
32 0 1056701
32 1 1056737
77 0 1057006
65 0 1057104
77 1 1057122
65 1 1057231
84 0 1057335
84 1 1057426
69 0 1057667
69 1 1057803
82 0 1057938
82 1 1057991
73 0 1058304
73 1 1058368
69 0 1058441
69 1 1058556
32 0 1058612
32 1 1058713
83 0 1059433
83 1 1059550
69 0 1059747
69 1 1059867
32 0 1059925
32 1 1060010
73 0 1060471
73 1 1060523
78 0 1060682
78 1 1060766
67 0 1060878
67 1 1061004
76 0 1061223
76 1 1061308
73 0 1061450
73 1 1061507
78 0 1061766
78 1 1061841
65 0 1061910
65 1 1062039
32 0 1062053
32 1 1062157
69 0 1063914
69 1 1064060
76 0 1064130
76 1 1064215
69 0 1064223
69 1 1064330
86 0 1064486
86 1 1064549
73 0 1064757
73 1 1064821
73 0 1064925
73 1 1064989
32 0 1065197
32 1 1065291
83 0 1065574
83 1 1065682
73 0 1065720
73 1 1065783
32 0 1065938
32 1 1066034
83 0 1066054
83 1 1066159
65 0 1066337
65 1 1066444
32 0 1066532
32 1 1066612
73 0 1066956
73 1 1067027
78 0 1067162
78 1 1067226
67 0 1067413
67 1 1067488
69 0 1067519
69 1 1067599
82 0 1067679
82 1 1067729
67 0 1067878
67 1 1067958
69 0 1067979
69 1 1068084
32 0 1068142
32 1 1068212
83 0 1068630
83 1 1068753
65 0 1068877
65 1 1069015
32 0 1069035
32 1 1069118
76 0 1069289
76 1 1069370
69 0 1069452
69 1 1069557
32 0 1069571
32 1 1069673
68 0 1069735
68 1 1069861
69 0 1069976
69 1 1070077
90 0 1070843
90 1 1070990
86 0 1071219
86 1 1071276
79 0 1071514
79 1 1071576
76 0 1071705
76 1 1071778
84 0 1072018
84 1 1072089
69 0 1072133
69 1 1072235
32 0 1072287
32 1 1072384
65 0 1072516
65 1 1072654
67 0 1072995
67 1 1073074
69 0 1073113
69 1 1073197
83 0 1073346
83 1 1073472
84 0 1073542
84 1 1073605
79 0 1073888
79 1 1073961
82 0 1074231
82 1 1074295
65 0 1074389
65 1 1074482
32 0 1075354
32 1 1075466
65 0 1075562
65 1 1075650
66 0 1075732
66 1 1075799
73 0 1075988
73 1 1076031
76 0 1076198
76 1 1076282
73 0 1076407
73 1 1076484
84 0 1076745
84 1 1076826
65 0 1076878
65 1 1076996
84 0 1077065
84 1 1077132
73 0 1077349
73 1 1077422
76 0 1077603
76 1 1077694
69 0 1077788
69 1 1077895
32 0 1081556
32 1 1081647
78 0 1081835
78 1 1081867
69 0 1081950
69 1 1082066
69 0 1082379
69 1 1082421
67 0 1085841
67 1 1085979
69 0 1086020
69 1 1086124
83 0 1086374
83 1 1086480
65 0 1086609
82 0 1086730
65 1 1086734
82 1 1086804
69 0 1086909
69 1 1087003
78 0 1090677
78 1 1090763
69 0 1090819
69 1 1090886
67 0 1091647
67 1 1091754
69 0 1091762
69 1 1091858
83 0 1092212
83 1 1092324
65 0 1092454
65 1 1092572
82 0 1092580
82 1 1092653
69 0 1092777
69 1 1092875
32 0 1093147
32 1 1093259
83 0 1104171
83 1 1104348
73 0 1104484
73 1 1104528
32 0 1104723
32 1 1104822
68 0 1105110
68 1 1105230
79 0 1105345
79 1 1105434
82 0 1105622
82 1 1105728
73 0 1105770
73 1 1105815
78 0 1105982
78 1 1106063
84 0 1106262
84 1 1106325
65 0 1106383
65 1 1106505
32 0 1106575
32 1 1106659
68 0 1107217
68 1 1107331
69 0 1107454
69 1 1107579
32 0 1107652
32 1 1107760
65 0 1108427
65 1 1108582
32 0 1108848
32 1 1109022
69 0 1112839
69 1 1112996
86 0 1113394
86 1 1113467
79 0 1113793
79 1 1113854
76 0 1113999
76 1 1114073
85 0 1114254
85 1 1114322
65 0 1114470
65 1 1114596
32 0 1114751
32 1 1114847
190 0 1127552
190 1 1127636
32 0 1127738
32 1 1127843
20 0 1128060
20 1 1128222
68 0 1128260
68 1 1128355
20 0 1128368
69 0 1128491
20 1 1128493
69 1 1128567
32 0 1128703
32 1 1128825
69 0 1128877
69 1 1129024
88 0 1129110
88 1 1129191
69 0 1129225
69 1 1129348
77 0 1129630
77 1 1129724
80 0 1129884
80 1 1129953
76 0 1130047
76 1 1130123
85 0 1130280
85 1 1130344
188 0 1131168
188 1 1131233
32 0 1131379
32 1 1131473
68 0 1134450
68 1 1134534
65 0 1134564
65 1 1134691
67 0 1134710
67 1 1134799
65 0 1134827
65 1 1134903
32 0 1135133
32 1 1135235
85 0 1135538
85 1 1135590
78 0 1135747
78 1 1135821
85 0 1135965
85 1 1136019
73 0 1136134
73 1 1136197
32 0 1136364
32 1 1136447
67 0 1136594
67 1 1136730
79 0 1136770
79 1 1136827
80 0 1136970
80 1 1137033
73 0 1137190
73 1 1137252
76 0 1137405
76 1 1137483
32 0 1138419
32 1 1138562
73 0 1139186
73 1 1139259
73 0 1139374
73 1 1139461
32 0 1139667
32 1 1139761
80 0 1139949
80 1 1140022
76 0 1140147
76 1 1140231
65 0 1140315
65 1 1140430
67 0 1140517
67 1 1140587
69 0 1140690
32 0 1140754
69 1 1140806
32 1 1140837
77 0 1141049
77 1 1141154
65 0 1141196
65 1 1141308
73 0 1141329
73 1 1141391
32 0 1141538
32 1 1141600
77 0 1141714
77 1 1141797
85 0 1141933
85 1 1141977
76 0 1142161
76 1 1142241
84 0 1142477
84 1 1142533
32 0 1142687
32 1 1142750
77 0 1143052
77 1 1143150
65 0 1143158
65 1 1143276
84 0 1143467
84 1 1143545
69 0 1143597
69 1 1143722
77 0 1144172
77 1 1144255
65 0 1144324
65 1 1144433
84 0 1144509
84 1 1144579
73 0 1144745
73 1 1144809
67 0 1145008
67 1 1145070
65 0 1145121
65 1 1145238
32 0 1145246
32 1 1145331
68 0 1145460
68 1 1145557
69 0 1145687
69 1 1145781
67 0 1145812
67 1 1145917
65 0 1146032
84 0 1146136
65 1 1146164
84 1 1146210
32 0 1146387
32 1 1146452
76 0 1146850
76 1 1146931
73 0 1147065
73 1 1147119
77 0 1147286
77 1 1147359
66 0 1147850
66 1 1147926
65 0 1148553
65 1 1148665
32 0 1149188
32 1 1149293
82 0 1149449
82 1 1149554
79 0 1149595
79 1 1149659
77 0 1149797
77 1 1149867
65 0 1149922
65 1 1150034
78 0 1150066
78 1 1150153
65 0 1150191
65 1 1150287
188 0 1150631
188 1 1150696
32 0 1150811
32 1 1150902
80 0 1151404
80 1 1151501
82 0 1151603
82 1 1151710
79 0 1151749
79 1 1151812
70 0 1152366
70 1 1152449
69 0 1152521
69 1 1152627
83 0 1153058
83 1 1153191
79 0 1153274
79 1 1153360
82 0 1153505
82 1 1153620
85 0 1153685
85 1 1153735
76 0 1153965
76 1 1154017
32 0 1154402
32 1 1154479
65 0 1154709
65 1 1154835
82 0 1154883
82 1 1154936
32 0 1155092
32 1 1155177
84 0 1155354
84 1 1155420
82 0 1155532
82 1 1155595
69 0 1155660
69 1 1155786
66 0 1155932
66 1 1156023
85 0 1156172
85 1 1156235
73 0 1156378
73 1 1156431
32 0 1157029
32 1 1157152
83 0 1157286
83 1 1157382
65 0 1157576
65 1 1157706
32 0 1157735
32 1 1157823
32 0 1164404
32 1 1164534
