16 0 53227
86 0 53530
86 1 53635
16 1 53719
82 0 54946
69 0 55071
82 1 55220
69 1 55270
77 0 55505
77 1 55614
69 0 55639
65 0 55724
69 1 55854
32 0 55859
65 1 55884
32 1 55985
68 0 56033
68 1 56119
69 0 56243
32 0 56293
69 1 56318
32 1 56442
65 0 56483
65 1 56592
70 0 56672
65 0 56776
70 1 56841
65 1 56886
82 0 56976
65 0 57076
32 0 57177
82 1 57190
65 1 57240
32 1 57300
69 0 57504
32 0 57580
69 1 57649
32 1 57719
73 0 57854
73 1 57984
78 0 58124
78 1 58228
84 0 58322
84 1 58372
82 0 58522
69 0 58637
82 1 58771
69 1 58796
32 0 58811
32 1 58931
82 0 63549
65 0 63704
82 1 63773
85 0 63818
65 1 63838
32 0 63913
85 1 63923
32 1 64028
83 0 64043
83 1 64172
73 0 64247
32 0 64357
73 1 64372
32 1 64471
77 0 64546
77 1 64656
65 0 64661
65 1 64756
73 0 64816
73 1 64910
32 0 64915
82 0 65015
32 1 65061
65 0 65141
82 1 65215
65 1 65259
85 0 65275
85 1 65405
188 0 66148
188 1 66252
32 0 66805
32 1 66925
80 0 67524
80 1 67649
69 0 67673
32 0 67728
69 1 67783
32 1 67848
76 0 67949
76 1 68042
65 0 68302
65 1 68411
78 0 68457
78 1 68566
71 0 68636
65 0 68721
32 0 68776
71 1 68790
65 1 68840
32 1 68880
70 0 69454
65 0 69534
70 1 69609
65 1 69663
80 0 69738
80 1 69852
84 0 69878
84 1 69952
85 0 70027
85 1 70103
65 0 70157
65 1 70177
76 0 70217
32 0 70282
76 1 70316
32 1 70396
8 0 70586
8 1 70686
8 0 70761
8 1 70850
8 0 71041
8 1 71120
76 0 72212
76 1 72311
32 0 72316
32 1 72436
67 0 72511
65 0 72571
67 1 72655
32 0 72665
65 1 72710
32 1 72755
78 0 72835
78 1 72936
85 0 73015
85 1 73100
32 0 73116
69 0 73209
32 1 73239
69 1 73339
32 0 73343
32 1 73443
90 0 73528
90 1 73683
65 0 73733
65 1 73872
80 0 73947
80 1 74073
65 0 74078
65 1 74196
68 0 74237
65 0 74351
68 1 74426
65 1 74486
32 0 74501
32 1 74645
83 0 74790
83 1 74925
8 0 75050
8 1 75164
69 0 75189
32 0 75249
69 1 75299
32 1 75373
83 0 75454
83 1 75583
73 0 75598
73 1 75707
32 0 75717
32 1 75827
8 0 77588
8 1 77667
8 0 77763
8 1 77837
8 0 77912
8 1 77982
8 0 78062
8 1 78126
32 0 78460
32 1 78571
77 0 78620
77 1 78715
8 0 79014
8 1 79095
8 0 79189
8 1 79269
8 0 79354
8 1 79448
8 0 79548
8 1 79632
32 0 79882
32 1 80018
69 0 81612
69 1 81742
32 0 81747
32 1 81877
8 0 82630
8 1 82694
8 0 82804
8 1 82884
8 0 83011
8 1 83064
32 0 83403
32 1 83522
190 0 83682
190 1 83742
190 0 83832
190 1 83891
190 0 83966
190 1 84052
32 0 84062
32 1 84166
69 0 84261
69 1 84380
32 0 84391
32 1 84470
77 0 84600
77 1 84699
85 0 84839
85 1 84889
76 0 85025
84 0 85089
76 1 85123
65 0 85168
32 0 85213
84 1 85238
65 1 85298
32 1 85328
67 0 85407
67 1 85502
69 0 85652
65 0 85782
69 1 85871
65 1 85902
84 0 85961
65 0 86072
84 1 86151
65 1 86195
188 0 86584
188 1 86699
32 0 86814
32 1 86918
83 0 91417
73 0 91517
83 1 91532
32 0 91582
73 1 91606
32 1 91686
90 0 91997
90 1 92105
73 0 92140
73 1 92235
76 0 92385
76 1 92489
69 0 92494
69 1 92589
76 0 92594
69 0 92654
76 1 92674
32 0 92733
69 1 92749
32 1 92858
84 0 92984
84 1 93068
82 0 93187
82 1 93307
69 0 93407
69 1 93487
67 0 93661
67 1 93776
85 0 93836
85 1 93965
84 0 94006
84 1 94110
69 0 94214
32 0 94294
69 1 94319
32 1 94399
84 0 94629
84 1 94738
79 0 94749
79 1 94898
84 0 94903
32 0 94908
84 1 94973
32 1 95013
78 0 95132
78 1 95232
65 0 95287
65 1 95391
83 0 95561
83 1 95661
80 0 95677
80 1 95786
65 0 95790
65 1 95895
188 0 96115
188 1 96199
32 0 96639
32 1 96753
83 0 96883
73 0 96938
83 1 96993
73 1 97048
32 0 97152
32 1 97262
65 0 97322
65 1 97451
90 0 97536
73 0 97636
90 1 97661
73 1 97755
32 0 97780
32 1 97905
65 0 97910
65 1 98011
77 0 98080
77 1 98184
32 0 98229
32 1 98364
65 0 98563
65 1 98668
86 0 98698
86 1 98778
85 0 98869
84 0 98974
85 1 98993
84 1 99058
32 0 99082
32 1 99177
50 0 99251
32 0 99356
50 1 99381
32 1 99471
84 0 99626
84 1 99735
69 0 99845
69 1 99945
83 0 100045
83 1 100144
84 0 100229
84 1 100289
69 0 100408
69 1 100483
32 0 100503
32 1 100643
83 0 100882
83 1 100993
73 0 101008
32 0 101117
73 1 101137
32 1 101201
73 0 107311
73 1 107385
78 0 107495
67 0 107560
78 1 107595
65 0 107624
32 0 107659
67 1 107679
65 1 107734
32 1 107769
80 0 107864
69 0 107950
80 1 107990
32 0 108029
69 1 108068
32 1 108163
86 0 108552
86 1 108627
82 0 108687
69 0 108806
82 1 108851
69 1 108982
77 0 109161
77 1 109265
69 0 109290
65 0 109400
69 1 109505
32 0 109510
65 1 109545
32 1 109599
65 0 109664
65 1 109789
83 0 109869
83 1 109974
84 0 110093
65 0 110183
84 1 110258
65 1 110302
32 0 110307
32 1 110407
8 0 110801
8 1 110947
188 0 111141
188 1 111235
32 0 111250
32 1 111375
68 0 111395
68 1 111504
69 0 111589
69 1 111664
83 0 111759
83 1 111853
84 0 111949
84 1 112034
85 0 112038
85 1 112113
76 0 112252
32 0 112337
76 1 112372
32 1 112472
68 0 112497
69 0 112566
32 0 112656
68 1 112676
69 1 112691
32 1 112711
78 0 112816
78 1 112916
65 0 112921
65 1 113011
83 0 113075
83 1 113195
80 0 113205
80 1 113325
65 0 113330
32 0 113400
65 1 113430
32 1 113524
190 0 114157
190 1 114227
190 0 114297
190 1 114372
190 0 114437
32 0 114501
190 1 114516
32 1 114596
90 0 114726
90 1 114856
73 0 114860
73 1 114966
69 0 115040
69 1 115145
8 0 115314
67 0 115424
8 1 115439
32 0 115449
67 1 115504
32 1 115569
69 0 115663
69 1 115753
85 0 115774
85 1 115883
188 0 116142
188 1 116237
32 0 116397
32 1 116476
79 0 116905
79 1 117006
82 0 117011
82 1 117080
73 0 117140
73 1 117234
67 0 117284
67 1 117364
85 0 117379
85 1 117439
77 0 117589
77 1 117658
32 0 117663
32 1 117768
8 0 118262
8 1 118351
8 0 118416
8 1 118496
8 0 118571
8 1 118660
8 0 118731
8 1 118810
8 0 118916
8 1 118956
8 0 119030
8 1 119104
8 0 119184
8 1 119294
68 0 119488
65 0 119548
68 1 119588
65 1 119653
67 0 119713
65 0 119787
32 0 119827
67 1 119837
65 1 119892
32 1 119973
84 0 121518
84 1 121618
79 0 121628
79 1 121732
84 0 121747
32 0 121817
84 1 121852
32 1 121953
86 0 122456
86 1 122535
66 0 122590
32 0 122670
66 1 122690
32 1 122765
68 0 123154
68 1 123243
69 0 123353
32 0 123423
69 1 123438
32 1 123563
8 0 126121
8 0 126620
8 0 126649
8 0 126679
8 0 126709
8 1 126724
8 0 126874
8 1 126980
8 0 127059
8 1 127158
8 0 127238
8 1 127328
8 0 127403
8 1 127488
8 0 127562
8 1 127662
8 0 127737
8 1 127816
8 0 127882
8 1 127967
8 0 128046
8 1 128121
8 0 128201
8 1 128290
8 0 128365
8 1 128455
83 0 128485
65 0 128560
83 1 128684
32 0 128689
65 1 128704
32 1 128779
83 0 128824
83 1 128925
84 0 129043
84 1 129153
73 0 129173
73 1 129278
84 0 129283
84 1 129377
73 0 129393
32 0 129457
73 1 129492
32 1 129562
67 0 129742
65 0 129831
67 1 129893
32 0 129902
65 1 129967
32 1 130041
65 0 130430
65 1 130540
84 0 130790
84 1 130869
73 0 130890
73 1 130979
32 0 130984
32 1 131088
70 0 131183
70 1 131273
79 0 131278
79 1 131367
83 0 131642
83 1 131741
84 0 131816
84 1 131922
32 0 131927
32 1 132006
85 0 132614
85 1 132704
78 0 132804
78 1 132899
32 0 132934
32 1 133033
80 0 133088
80 1 133213
82 0 133218
82 1 133283
79 0 133337
79 1 133447
70 0 133497
69 0 133632
70 1 133691
69 1 133726
83 0 133851
83 1 133952
79 0 133961
79 1 134065
82 0 134085
82 1 134195
32 0 134215
32 1 134345
66 0 134649
66 1 134734
85 0 134839
85 1 134934
78 0 135003
78 1 135088
188 0 135298
188 1 135437
32 0 135806
32 1 135941
68 0 136061
68 1 136190
85 0 136202
85 1 136275
80 0 136395
65 0 136475
80 1 136504
32 0 136549
65 1 136584
32 1 136674
65 0 136689
65 1 136768
32 0 136834
32 1 136884
70 0 136978
70 1 137103
79 0 137123
79 1 137237
83 0 137247
83 1 137357
84 0 137408
32 0 137472
84 1 137512
32 1 137587
67 0 137706
65 0 137766
67 1 137831
65 1 137892
77 0 138140
77 1 138225
32 0 138260
32 1 138379
78 0 138395
78 1 138479
65 0 138499
65 1 138609
83 0 138664
83 1 138783
80 0 138818
65 0 138919
80 1 138934
65 1 139028
188 0 139232
188 1 139352
32 0 139417
32 1 139521
77 0 139576
77 1 139696
73 0 139791
73 1 139851
189 0 140130
189 1 140215
79 0 140329
32 0 140409
79 1 140424
32 1 140524
70 0 140813
70 1 140914
79 0 140924
79 1 141048
83 0 141052
83 1 141167
84 0 141257
32 0 141322
84 1 141342
32 1 141431
71 0 141771
71 1 141862
82 0 141867
69 0 141917
82 1 142005
69 1 142045
85 0 142055
85 1 142175
32 0 142180
32 1 142279
83 0 142364
65 0 142419
83 1 142559
32 0 142579
65 1 142594
32 1 142668
73 0 142788
73 1 142899
78 0 142968
78 1 143067
84 0 143072
69 0 143177
84 1 143242
69 1 143317
76 0 143322
76 1 143451
69 0 143456
69 1 143551
71 0 143636
32 0 143701
71 1 143731
32 1 143830
16 0 144105
67 0 144279
16 1 144414
32 0 144444
67 1 144459
32 1 144564
8 0 144828
8 1 144957
188 0 145182
188 1 145297
32 0 145327
32 1 145381
68 0 145511
65 0 145616
68 1 145691
65 1 145710
82 0 145835
82 1 145931
32 0 145970
32 1 146030
65 0 146075
65 1 146164
67 0 146219
67 1 146284
85 0 146294
85 1 146374
77 0 146508
77 1 146603
32 0 146608
32 1 146718
73 0 146793
73 1 146868
76 0 147018
76 1 147097
32 0 147137
32 1 147242
83 0 147736
83 1 147871
84 0 148169
65 0 148279
84 1 148349
65 1 148398
80 0 148463
80 1 148528
8 0 148918
8 0 149416
8 0 149446
8 0 149476
8 0 149506
8 0 149536
8 0 149566
8 0 149596
8 0 149625
8 0 149656
8 0 149685
8 0 149715
8 0 149745
8 0 149775
8 0 149805
8 0 149835
8 0 149866
8 0 149896
8 0 149926
8 0 149954
8 0 149984
8 0 150014
8 0 150044
8 0 150074
8 0 150104
8 0 150134
8 0 150164
8 0 150194
8 0 150224
8 0 150254
8 0 150284
8 0 150314
8 0 150344
8 0 150374
8 0 150403
8 1 150413
8 0 150543
8 0 151042
8 0 151072
8 0 151102
8 0 151131
8 0 151161
8 0 151191
8 0 151221
8 0 151251
8 0 151281
8 1 151296
8 0 151416
8 0 151915
8 0 151944
8 0 151974
8 0 152004
8 0 152034
8 1 152049
8 0 152139
8 1 152269
8 0 152349
8 1 152448
8 0 152538
8 1 152638
8 0 152722
8 1 152838
8 0 153082
8 1 153186
8 0 153660
8 0 154159
8 0 154189
8 0 154219
8 0 154249
8 1 154264
8 0 154388
8 1 154478
8 0 154822
8 1 154937
78 0 155366
78 1 155470
73 0 155560
73 1 155655
77 0 155749
77 1 155840
69 0 155845
69 1 155959
78 0 155979
78 1 156059
73 0 156124
32 0 156193
73 1 156213
78 0 156298
32 1 156318
78 1 156413
85 0 156458
85 1 156538
32 0 156582
32 1 156702
83 0 156792
83 1 156912
189 0 156996
189 1 157086
79 0 157196
79 1 157296
32 0 157326
32 1 157435
77 0 157465
77 1 157595
65 0 157625
65 1 157739
73 0 157750
73 1 157850
32 0 157905
32 1 157984
38 0 159076
38 1 159176
39 0 159320
39 0 159820
39 0 159850
39 0 159880
39 0 159910
39 0 159939
39 0 159969
39 0 159998
39 0 160029
39 0 160058
39 0 160088
39 0 160118
39 0 160149
39 0 160178
39 0 160208
39 0 160238
39 0 160268
39 0 160298
39 0 160328
39 0 160358
39 0 160388
39 1 160402
39 0 160572
39 1 160657
68 0 160902
69 0 160981
69 1 161131
68 1 161141
32 0 161146
32 1 161211
80 0 161629
80 1 161694
82 0 161880
82 1 161968
79 0 161974
79 1 162088
71 0 162118
71 1 162233
82 0 162353
65 0 162467
82 1 162532
77 0 162587
65 1 162612
77 1 162686
65 0 162696
65 1 162822
82 0 162837
82 1 162926
69 0 163021
69 1 163115
32 0 163425
32 1 163519
40 0 164013
40 1 164128
37 0 165839
37 0 166337
37 0 166367
37 0 166397
37 0 166427
37 0 166457
37 0 166487
37 0 166517
39 0 166536
37 1 166551
39 0 167045
39 0 167075
39 0 167105
39 0 167135
39 1 167155
39 0 167359
39 1 167489
39 0 167589
39 1 167688
8 0 167933
8 0 168432
8 0 168462
8 0 168492
8 0 168524
8 0 168552
8 0 168581
8 0 168611
8 0 168641
8 0 168671
8 0 168701
8 0 168731
8 0 168761
8 0 168792
8 0 168821
8 0 168851
8 1 168861
8 0 168975
8 1 169070
8 0 169150
8 1 169229
8 0 169314
8 1 169394
8 0 169484
8 1 169563
8 0 169644
8 1 169723
8 0 169983
8 1 170072
85 0 170422
85 1 170491
82 0 170531
82 1 170651
77 0 170711
65 0 170806
77 1 170826
65 1 170915
84 0 170930
84 1 171050
79 0 171100
79 1 171219
82 0 171279
82 1 171434
85 0 171484
85 1 171563
76 0 171693
76 1 171784
32 0 171809
32 1 171903
80 0 172122
80 1 172232
82 0 172262
82 1 172346
79 0 172367
79 1 172456
70 0 172501
32 0 172586
70 1 172601
32 1 172690
65 0 172755
32 0 172856
65 1 172910
32 1 172970
68 0 173050
68 1 173169
73 0 173219
73 1 173324
83 0 173359
83 1 173464
80 0 173638
80 1 173733
65 0 173799
65 1 173897
82 0 174022
82 1 174161
85 0 174217
84 0 174321
85 1 174336
32 0 174381
84 1 174406
32 1 174516
67 0 175025
65 0 175109
67 1 175199
78 0 175209
65 1 175254
78 1 175304
68 0 175348
68 1 175413
32 0 175423
32 1 175538
65 0 175563
65 1 175668
32 0 175674
32 1 175743
73 0 175788
73 1 175892
78 0 175997
78 1 176077
67 0 176081
67 1 176131
69 0 176361
69 1 176476
80 0 176531
80 1 176640
85 0 176801
85 1 176900
84 0 176905
84 1 176969
32 0 176974
32 1 177074
67 0 177224
65 0 177299
67 1 177373
65 1 177413
82 0 177568
65 0 177737
82 1 177798
65 1 177872
78 0 177942
78 1 178042
84 0 178246
84 1 178336
73 0 178391
73 1 178486
78 0 178566
65 0 178650
78 1 178666
65 1 178760
32 0 178766
32 1 178869
83 0 178889
83 1 178989
73 0 178994
73 1 179074
32 0 179079
32 1 179219
65 0 179244
32 0 179298
65 1 179368
32 1 179418
65 0 179608
65 1 179742
80 0 179764
65 0 179848
80 1 179867
65 1 179952
82 0 180017
82 1 180111
85 0 180156
85 1 180261
84 0 180286
32 0 180341
84 1 180370
32 1 180405
76 0 180550
65 0 180635
76 1 180665
32 0 180710
65 1 180745
32 1 180820
83 0 180869
83 1 180924
70 0 181059
65 0 181154
70 1 181213
65 1 181263
82 0 181353
82 1 181418
83 0 181538
83 1 181617
73 0 181697
73 1 181808
84 0 181818
84 1 181887
32 0 181892
32 1 181996
83 0 182273
65 0 182361
32 0 182410
83 1 182480
65 1 182515
32 1 182530
78 0 182679
78 1 182770
69 0 182775
32 0 182850
69 1 182869
32 1 182964
68 0 183094
68 1 183218
65 0 183348
65 1 183472
8 0 183636
8 1 183757
69 0 183762
65 0 183847
32 0 183901
69 1 183936
65 1 183980
32 1 184020
85 0 184145
85 1 184245
78 0 184354
78 1 184459
32 0 184589
84 0 184684
32 1 184750
69 0 184794
84 1 184868
69 1 184908
83 0 185033
83 1 185142
84 0 185232
84 1 185332
32 0 185397
32 1 185466
8 0 185691
8 1 185796
188 0 186000
188 1 186100
32 0 186125
32 1 186234
86 0 190015
82 0 190085
86 1 190109
82 1 190179
69 0 190264
69 1 190383
77 0 190388
77 1 190513
69 0 190538
65 0 190638
32 0 190713
69 1 190739
65 1 190763
32 1 190833
8 0 191276
8 1 191401
8 0 191875
8 0 192373
8 0 192403
8 0 192433
8 0 192463
8 0 192493
8 0 192523
8 1 192543
8 0 192712
8 1 192842
190 0 193381
190 1 193485
32 0 193541
32 1 193645
16 0 193832
86 0 193929
86 1 194019
16 1 194049
82 0 194169
82 1 194273
69 0 194368
69 1 194483
77 0 194488
77 1 194607
69 0 194612
65 0 194728
32 0 194788
69 1 194803
65 1 194852
32 1 194893
80 0 195086
80 1 195201
69 0 195216
69 1 195320
82 0 195405
82 1 195485
70 0 195590
69 0 195721
70 1 195785
69 1 195834
67 0 195929
67 1 196018
84 0 196178
65 0 196343
84 1 196403
32 0 196423
65 1 196462
32 1 196512
80 0 196612
80 1 196727
69 0 196743
69 1 196871
78 0 196921
78 1 197011
84 0 197026
84 1 197096
82 0 197215
82 1 197345
85 0 197350
85 1 197425
32 0 197429
32 1 197524
77 0 197649
77 1 197730
73 0 197854
73 1 197933
78 0 198034
78 1 198103
69 0 198133
69 1 198213
32 0 198243
32 1 198307
69 0 200871
69 1 200985
32 0 201006
32 1 201090
84 0 202556
84 1 202666
79 0 202771
79 1 202885
65 0 202940
65 1 203020
77 0 203085
77 1 203164
78 0 203264
65 0 203334
78 1 203344
65 1 203434
188 0 203744
188 1 203848
32 0 203942
32 1 204037
78 0 204067
78 1 204162
73 0 204252
73 1 204336
67 0 204347
67 1 204411
73 0 204436
73 1 204511
32 0 204536
32 1 204625
80 0 204666
80 1 204771
69 0 204781
69 1 204910
8 0 205428
82 0 205518
8 1 205553
82 1 205583
69 0 205754
65 0 205837
69 1 205962
32 0 205967
65 1 206002
32 1 206072
67 0 206276
65 0 206326
67 1 206411
76 0 206461
65 1 206471
76 1 206570
68 0 206592
32 0 206680
68 1 206711
32 1 206805
8 0 207054
8 1 207159
188 0 207368
188 1 207458
32 0 207503
32 1 207603
78 0 207657
78 1 207758
73 0 207847
73 1 207922
67 0 208041
73 0 208146
67 1 208156
73 1 208226
32 0 208256
32 1 208360
80 0 208435
80 1 208530
82 0 208560
82 1 208660
69 0 208809
65 0 209024
69 1 209193
65 1 209233
32 0 209308
32 1 209428
70 0 209537
70 1 209688
8 0 210410
86 0 210500
8 1 210515
86 1 210581
70 0 210879
70 1 210973
82 0 211083
82 1 211168
73 0 211178
73 1 211267
71 0 211323
71 1 211397
188 0 211578
188 1 211682
32 0 211757
32 1 211851
8 0 212090
8 1 212175
8 0 212255
8 1 212344
8 0 212400
8 1 212475
8 0 212544
8 1 212634
8 0 212705
8 1 212783
8 0 212868
8 1 212943
8 0 213043
8 1 213132
70 0 213551
70 1 213631
82 0 213816
82 1 213925
73 0 214035
73 1 214160
71 0 214194
71 1 214289
32 0 214294
32 1 214394
8 0 214674
8 1 214769
188 0 214908
188 1 215002
32 0 215008
32 1 215112
67 0 215127
67 1 215227
69 0 215381
69 1 215461
86 0 215466
86 1 215541
65 0 215611
32 0 215661
65 1 215731
32 1 215756
73 0 215860
73 1 215965
78 0 216080
84 0 216135
78 1 216174
84 1 216249
82 0 216359
69 0 216504
82 1 216593
69 1 216679
32 0 216694
32 1 216758
77 0 216893
77 1 216997
69 0 217002
69 1 217082
68 0 217212
73 0 217297
68 1 217326
73 1 217396
85 0 217501
85 1 217580
188 0 217756
188 1 217875
32 0 217925
32 1 218034
83 0 218144
83 1 218254
73 0 218259
73 1 218343
32 0 218458
32 1 218588
69 0 218767
69 1 218872
32 0 218877
32 1 218997
79 0 219092
79 1 219176
75 0 219261
65 0 219326
75 1 219366
65 1 219415
89 0 219556
89 1 219635
188 0 219835
188 1 219929
8 0 221666
8 1 221789
8 0 221839
8 1 221949
8 0 222003
8 1 222108
8 0 222153
8 1 222248
8 0 222322
8 1 222417
8 0 222477
8 1 222557
8 0 222642
8 1 222742
73 0 223046
73 1 223150
77 0 223225
77 1 223350
73 0 223355
73 1 223454
32 0 223465
32 1 223564
80 0 223609
80 1 223735
76 0 223818
76 1 223923
65 0 224028
65 1 224158
67 0 224183
67 1 224297
69 0 224437
69 1 224547
188 0 226682
188 1 226775
32 0 227478
32 1 227598
78 0 227639
78 1 227734
85 0 227793
85 1 227877
32 0 227892
32 1 227992
77 0 227997
65 0 228083
77 1 228107
65 1 228207
73 0 228242
73 1 228351
32 0 228371
32 1 228501
83 0 228516
83 1 228621
84 0 228706
84 1 228815
73 0 228835
73 1 228930
85 0 229035
85 1 229119
32 0 229149
32 1 229244
67 0 229294
67 1 229394
69 0 229529
69 1 229639
32 0 229644
32 1 229743
83 0 229798
65 0 229872
32 0 229922
83 1 229977
65 1 230002
32 1 230022
83 0 230112
83 1 230206
67 0 230466
67 1 230565
82 0 230716
82 1 230800
73 0 230835
73 1 230919
85 0 231024
85 1 231099
32 0 231139
32 1 231224
67 0 231299
65 0 231374
32 0 231424
67 1 231438
65 1 231503
32 1 231538
83 0 231629
83 1 231782
65 0 231793
32 0 231882
65 1 231937
32 1 232012
85 0 232191
85 1 232271
77 0 232415
77 1 232510
80 0 232676
80 1 232794
76 0 232809
76 1 232914
85 0 233044
85 1 233114
32 0 233169
32 1 233278
8 0 239462
8 0 239961
8 0 239990
8 0 240020
8 0 240050
8 0 240080
8 1 240095
83 0 240440
83 1 240664
69 0 240793
32 0 240873
69 1 240923
32 1 240988
85 0 241177
85 1 241262
77 0 241407
77 1 241491
80 0 241598
76 0 241711
80 1 241726
69 0 241811
76 1 241856
69 1 241910
32 0 241935
32 1 242055
70 0 242314
69 0 242414
70 1 242499
69 1 242538
82 0 242655
69 0 242738
82 1 242858
69 1 242997
65 0 243197
65 1 243326
83 0 243561
83 1 243736
84 0 243821
84 1 243961
82 0 244071
65 0 244186
82 1 244275
65 1 244310
188 0 244465
188 1 244554
32 0 244665
32 1 244764
77 0 244794
77 1 244908
65 0 244918
65 1 245033
73 0 245038
32 0 245123
73 1 245143
32 1 245242
65 0 245453
65 1 245572
77 0 245618
77 1 245726
32 0 245746
32 1 245866
85 0 245901
85 1 246001
78 0 246056
32 0 246125
78 1 246155
32 1 246230
80 0 246295
80 1 246419
73 0 246494
73 1 246574
67 0 246586
67 1 246660
188 0 246734
188 1 246833
32 0 246848
32 1 246983
73 0 247028
73 1 247113
78 0 247163
78 1 247252
67 0 247257
65 0 247317
67 1 247397
32 0 247422
65 1 247462
32 1 247522
85 0 247686
85 1 247786
78 0 247876
78 1 247966
32 0 247970
32 1 248095
80 0 248155
80 1 248285
73 0 248404
73 1 248514
67 0 248569
32 0 248615
67 1 248675
32 1 248743
83 0 248848
83 1 248963
73 0 248968
32 0 249043
73 1 249057
32 1 249162
73 0 249521
73 1 249622
78 0 249691
67 0 249746
78 1 249771
65 0 249821
67 1 249900
32 0 249905
65 1 249955
32 1 249965
85 0 250090
85 1 250175
78 0 250249
32 0 250334
78 1 250349
32 1 250454
80 0 250494
80 1 250604
73 0 250728
73 1 250813
67 0 250818
32 0 250858
67 1 250888
32 1 250977
83 0 251027
83 1 251112
73 0 251132
73 1 251227
32 0 251232
32 1 251327
73 0 251431
73 1 251521
78 0 251607
67 0 251667
78 1 251686
65 0 251756
32 0 251810
67 1 251845
65 1 251890
32 1 251900
85 0 252035
85 1 252109
78 0 252199
78 1 252304
32 0 252329
32 1 252424
80 0 252489
80 1 252604
73 0 252718
73 1 252832
67 0 252843
67 1 252917
16 0 265823
77 0 265953
77 1 266068
16 1 266152
65 0 266167
65 1 266292
32 0 266342
32 1 266466
8 0 266731
8 1 266840
8 0 266931
8 1 267010
8 0 267080
8 1 267170
16 0 267544
79 0 267658
16 1 267748
79 1 267768
32 0 267773
32 1 267913
90 0 267982
90 1 268092
73 0 268107
73 1 268207
32 0 268257
32 1 268366
73 0 268461
73 1 268557
68 0 268582
68 1 268685
69 0 268805
65 0 268950
69 1 269025
76 0 269065
65 1 269080
76 1 269189
65 0 269194
32 0 269244
65 1 269299
32 1 269359
80 0 269419
80 1 269513
69 0 269619
69 1 269728
78 0 269753
78 1 269837
84 0 269867
84 1 269957
82 0 270047
85 0 270117
82 1 270147
85 1 270216
32 0 270221
32 1 270321
77 0 271313
77 1 271419
73 0 272411
73 1 272526
78 0 272750
78 1 272854
69 0 272914
69 1 273039
32 0 273044
32 1 273104
69 0 274106
32 0 274171
69 1 274221
32 1 274316
79 0 274814
79 1 274929
32 0 274934
32 1 275019
90 0 275976
90 1 276101
73 0 276116
73 1 276225
32 0 276261
32 1 276400
73 0 276415
73 1 276531
67 0 276809
67 1 276918
8 0 277158
8 1 277263
78 0 277508
78 1 277627
32 0 277722
32 1 277851
67 0 278126
65 0 278220
67 1 278295
65 1 278340
8 0 278769
8 0 279268
8 0 279298
8 0 279327
8 0 279357
8 0 279387
8 0 279417
8 1 279432
8 0 279598
8 1 279711
8 0 280001
8 1 280095
8 0 281293
8 1 281412
79 0 281926
79 1 282030
32 0 282035
32 1 282145
90 0 282309
90 1 282424
73 0 282469
73 1 282604
32 0 282898
32 1 282993
68 0 283083
68 1 283182
69 0 283292
32 0 283327
69 1 283396
32 1 283436
83 0 283547
65 0 283646
83 1 283736
65 1 283775
77 0 283796
77 1 283890
66 0 284075
66 1 284165
65 0 284259
65 1 284374
84 0 284485
65 0 284589
84 1 284659
65 1 284708
188 0 284903
188 1 285032
32 0 285082
32 1 285192
77 0 287102
77 1 287207
65 0 287237
65 1 287321
32 0 287346
32 1 287502
84 0 287581
84 1 287675
82 0 287795
82 1 287905
69 0 288019
69 1 288135
90 0 288393
90 1 288549
69 0 288638
69 1 288782
83 0 288947
83 1 289042
67 0 289092
32 0 289152
67 1 289197
32 1 289272
76 0 290079
76 1 290204
65 0 290209
32 0 290244
65 1 290314
32 1 290363
57 0 291477
57 1 291567
32 0 291715
32 1 291810
8 0 292015
8 1 292134
188 0 292388
188 1 292479
32 0 292484
32 1 292572
66 0 292842
69 0 292912
66 1 292927
65 0 293012
69 1 293086
65 1 293126
85 0 293171
85 1 293276
32 0 293296
32 1 293420
85 0 293526
85 1 293610
78 0 293690
32 0 293764
78 1 293789
32 1 293884
67 0 293924
67 1 294024
69 0 294178
65 0 294308
69 1 294403
65 1 294443
73 0 294707
73 1 294812
32 0 294872
32 1 294981
8 0 295206
8 1 295315
188 0 295481
188 1 295605
32 0 295615
32 1 295719
73 0 295760
73 1 295834
77 0 295939
77 1 296069
73 0 296079
73 1 296148
32 0 296159
32 1 296273
84 0 296313
69 0 296468
84 1 296523
69 1 296587
82 0 296657
82 1 296762
77 0 296971
77 1 297061
73 0 297151
73 1 297221
78 0 297301
32 0 297375
78 1 297415
32 1 297486
67 0 297605
65 0 297665
67 1 297754
65 1 297784
82 0 297949
82 1 298058
84 0 298163
84 1 298243
69 0 298358
65 0 298483
69 1 298538
32 0 298543
65 1 298617
32 1 298632
80 0 298692
69 0 298786
80 1 298816
69 1 298881
32 0 298886
32 1 299021
67 0 299026
65 0 299110
67 1 299170
65 1 299230
82 0 299330
82 1 299415
69 0 299491
69 1 299589
32 0 299594
32 1 299679
65 0 299714
65 1 299824
77 0 299859
32 0 299908
77 1 299948
32 1 300023
73 0 300098
73 1 300173
78 0 300243
78 1 300332
67 0 300367
67 1 300432
69 0 300587
69 1 300686
80 0 300691
80 1 300766
85 0 300906
85 1 300980
84 0 301025
84 1 301135
189 0 301240
189 1 301325
79 0 301446
32 0 301500
79 1 301535
32 1 301619
83 0 301709
73 0 301813
83 1 301823
73 1 301893
32 0 301933
32 1 302013
65 0 302631
65 1 302741
83 0 302756
32 0 302851
83 1 302876
32 1 302961
86 0 303310
86 1 303394
82 0 303399
82 1 303475
69 0 303564
65 0 303688
32 0 303749
69 1 303779
65 1 303818
32 1 303883
83 0 303968
83 1 304117
189 0 304546
189 1 304636
79 0 304761
32 0 304841
79 1 304861
32 1 304920
84 0 305060
84 1 305180
69 0 305294
69 1 305424
82 0 305455
82 1 305554
77 0 305594
77 1 305698
73 0 305789
73 1 305883
78 0 305943
32 0 306018
78 1 306048
32 1 306132
68 0 306267
65 0 306352
68 1 306411
65 1 306452
82 0 306557
82 1 306651
32 0 306656
32 1 306750
67 0 307159
65 0 307234
67 1 307294
77 0 307349
65 1 307364
77 1 307444
32 0 307460
32 1 307573
78 0 307613
78 1 307703
65 0 307718
65 1 307833
83 0 307882
83 1 307997
80 0 308012
80 1 308122
65 0 308132
65 1 308227
32 0 308751
32 1 308880
67 0 309489
65 0 309553
67 1 309623
65 1 309682
32 0 309693
32 1 309787
73 0 310117
73 1 310206
83 0 310251
32 0 310291
83 1 310336
32 1 310401
70 0 310526
70 1 310635
85 0 311224
85 1 311299
76 0 311499
76 1 311612
8 0 311922
8 1 312007
8 0 312082
8 1 312162
8 0 312241
8 1 312326
8 0 312391
8 1 312466
8 0 312535
8 1 312630
8 0 312695
8 1 312779
69 0 312859
32 0 312955
69 1 312979
32 1 313074
70 0 313414
70 1 313504
85 0 313593
85 1 313647
76 0 313807
76 1 313877
76 0 313931
32 0 313986
76 1 314006
32 1 314076
68 0 314126
69 0 314216
32 0 314271
68 1 314307
69 1 314330
32 1 314400
84 0 314530
69 0 314645
84 1 314689
69 1 314784
83 0 314909
83 1 315048
84 0 315118
84 1 315198
69 0 315288
32 0 315358
69 1 315398
32 1 315463
76 0 315527
65 0 315617
76 1 315667
32 0 315682
65 1 315727
32 1 315811
77 0 315896
77 1 315996
79 0 316101
79 1 316185
77 0 316265
77 1 316380
69 0 316385
69 1 316481
78 0 316501
78 1 316619
84 0 316624
84 1 316719
188 0 316894
188 1 316998
32 0 318426
32 1 318544
67 0 318744
65 0 318828
67 1 318888
65 1 318938
82 0 319068
82 1 319143
84 0 319243
84 1 319312
69 0 319418
65 0 319561
69 1 319686
65 1 319766
32 0 319896
32 1 320040
69 0 320055
69 1 320175
32 0 320180
32 1 320275
65 0 320460
65 1 320564
80 0 320589
80 1 320689
82 0 320748
79 0 320823
82 1 320848
79 1 320878
80 0 320973
80 1 321047
79 0 321142
79 1 321217
32 0 321222
32 1 321288
67 0 321393
67 1 321452
69 0 321591
69 1 321676
86 0 321855
86 1 321955
65 0 322010
32 0 322125
65 1 322150
32 1 322234
66 0 322593
65 0 322653
66 1 322678
65 1 322758
83 0 322803
83 1 322882
73 0 322952
73 1 323072
67 0 323087
67 1 323162
32 0 323187
32 1 323286
73 0 323418
73 1 323511
78 0 323591
32 0 323660
78 1 323675
32 1 323785
76 0 323865
76 1 323955
73 0 324079
73 1 324149
84 0 324294
69 0 324460
84 1 324508
69 1 324593
82 0 324623
69 0 324743
65 0 324812
82 1 324832
69 1 324852
65 1 324927
84 0 324992
84 1 325067
85 0 325112
82 0 325191
85 1 325206
65 0 325316
82 1 325392
65 1 325477
32 0 325480
32 1 325570
82 0 325720
82 1 325835
79 0 325860
79 1 325954
77 0 326099
77 1 326194
65 0 326229
65 1 326323
78 0 326328
78 1 326424
65 0 326429
65 1 326523
32 0 327531
32 1 327625
16 0 327894
57 0 327959
57 1 328059
16 1 328109
86 0 328508
86 1 328612
73 0 328717
73 1 328827
65 0 328831
65 1 328916
84 0 329011
65 0 329121
84 1 329176
32 0 329211
65 1 329226
32 1 329315
67 0 329451
65 0 329515
67 1 329580
32 0 329610
65 1 329640
32 1 329704
79 0 329759
79 1 329874
32 0 329884
32 1 330014
80 0 330044
80 1 330153
82 0 330168
65 0 330283
82 1 330364
65 1 330409
68 0 330532
65 0 330597
68 1 330667
65 1 330742
16 0 331146
48 0 331366
48 1 331461
16 1 331525
188 0 332024
188 1 332108
32 0 332359
32 1 332472
82 0 332961
82 1 333051
69 0 333146
69 1 333211
67 0 333361
67 1 333426
79 0 333470
79 1 333554
77 0 333659
77 1 333769
65 0 333779
65 1 333873
78 0 333918
78 1 333998
68 0 334003
68 1 334098
188 0 334457
188 1 334586
8 0 335211
8 1 335320
32 0 335431
32 1 335554
190 0 335718
190 1 335788
190 0 335873
190 1 335928
190 0 336013
190 1 336088
32 0 336127
32 1 336217
80 0 336521
80 1 336626
82 0 336711
82 1 336800
8 0 337100
8 1 337170
8 0 337294
8 1 337385
188 0 338835
188 1 338915
32 0 338970
32 1 339064
78 0 342422
78 1 342521
85 0 342590
32 0 342670
85 1 342685
32 1 342790
77 0 342840
77 1 342939
189 0 343230
189 1 343330
65 0 343344
65 1 343453
83 0 343498
32 0 343563
83 1 343612
32 1 343692
73 0 343782
73 1 343882
78 0 343967
78 1 344086
84 0 344131
65 0 344232
84 1 344306
65 1 344352
76 0 344372
76 1 344475
78 0 344570
78 1 344660
73 0 344720
32 0 344790
73 1 344809
32 1 344889
67 0 344979
67 1 345064
85 0 345069
85 1 345168
8 0 345642
8 0 346141
8 0 346171
8 0 346201
8 0 346231
8 0 346260
8 0 346290
8 0 346322
8 0 346351
8 0 346381
8 0 346411
8 0 346440
8 0 346470
8 0 346500
8 0 346530
8 0 346560
8 0 346590
8 1 346599
8 0 346769
8 1 346874
77 0 347183
77 1 347273
189 0 347557
189 1 347652
65 0 347682
65 1 347792
83 0 347891
32 0 348051
83 1 348066
32 1 348166
73 0 348300
73 1 348391
78 0 348485
78 1 348579
84 0 348715
65 0 348849
84 1 348928
65 1 348973
76 0 348998
76 1 349098
78 0 349193
78 1 349277
73 0 349353
73 1 349432
32 0 349447
32 1 349537
67 0 349587
85 0 349657
67 1 349692
85 1 349731
32 0 349796
32 1 349871
79 0 350026
79 1 350125
82 0 350185
82 1 350265
73 0 350341
73 1 350434
67 0 350504
67 1 350584
73 0 350604
73 1 350689
78 0 350783
78 1 350878
69 0 350883
69 1 350983
188 0 351178
188 1 351297
32 0 351398
32 1 351492
69 0 352559
32 0 352639
69 1 352659
32 1 352753
78 0 353566
78 1 353676
65 0 353771
65 1 353870
83 0 353991
83 1 354080
80 0 354115
80 1 354205
65 0 354220
65 1 354345
32 0 354350
32 1 354459
80 0 354644
65 0 354738
80 1 354758
65 1 354838
82 0 354878
82 1 354992
84 0 355098
84 1 355187
69 0 355303
65 0 355442
69 1 355501
32 0 355506
65 1 355581
32 1 355606
83 0 355870
83 1 355985
8 0 356320
65 0 356429
8 1 356459
65 1 356548
83 0 356623
83 1 356723
84 0 356858
65 0 356963
84 1 357012
32 0 357067
65 1 357082
32 1 357202
68 0 357686
68 1 357820
69 0 357905
32 0 357965
69 1 357980
32 1 358099
67 0 358135
65 0 358264
67 1 358305
65 1 358380
82 0 358494
65 0 358633
82 1 358673
65 1 358762
78 0 358917
78 1 359032
84 0 359037
84 1 359092
73 0 359147
73 1 359226
78 0 359293
78 1 359377
65 0 359382
65 1 359466
32 0 359491
32 1 359600
67 0 359621
65 0 359676
67 1 359710
32 0 359770
65 1 359805
32 1 359860
80 0 360633
80 1 360732
65 0 360737
65 1 360842
82 0 360862
82 1 360942
67 0 361106
65 0 361146
67 1 361216
32 0 361246
65 1 361287
32 1 361352
84 0 361451
84 1 361565
8 0 362285
8 0 362782
8 0 362812
8 0 362842
8 0 362872
8 0 362901
8 1 362926
8 0 363081
8 1 363151
73 0 370640
73 1 370705
78 0 370905
78 1 371029
32 0 371034
32 1 371150
83 0 371368
83 1 371493
73 0 371543
73 1 371632
78 0 371727
78 1 371817
69 0 371822
69 1 371901
32 0 371961
32 1 372066
80 0 372312
80 1 372420
65 0 372425
65 1 372500
82 0 372535
82 1 372610
67 0 372749
65 0 372829
67 1 372884
32 0 372909
65 1 372954
32 1 373014
65 0 373044
65 1 373123
73 0 373163
73 1 373274
32 0 373294
32 1 373388
85 0 373482
85 1 373552
73 0 373647
84 0 373717
73 1 373737
65 0 373822
84 1 373891
65 1 373926
84 0 373986
32 0 374071
84 1 374086
32 1 374205
83 0 374993
65 0 375088
32 0 375208
65 1 375218
83 1 375228
32 1 375308
83 0 375388
83 1 375512
79 0 375572
79 1 375687
67 0 375692
67 1 375801
73 0 375916
73 1 376001
65 0 376106
65 1 376246
76 0 376306
76 1 376414
73 0 376554
73 1 376624
90 0 376689
90 1 376834
69 0 376858
69 1 376993
90 0 377063
90 1 377178
73 0 377234
73 1 377337
32 0 377388
32 1 377512
83 0 377686
83 1 377806
73 0 377811
73 1 377891
32 0 377895
32 1 377990
80 0 378331
80 1 378429
69 0 378534
69 1 378649
78 0 378664
78 1 378783
84 0 378788
84 1 378858
82 0 378948
85 0 379033
82 1 379053
85 1 379132
32 0 379137
32 1 379238
67 0 381278
67 1 381367
82 0 381611
69 0 381780
82 1 381815
69 1 381905
73 0 381970
73 1 382075
69 0 382084
69 1 382230
82 0 382235
32 0 382334
82 1 382354
32 1 382449
83 0 382539
73 0 382643
83 1 382658
73 1 382743
32 0 382748
32 1 382818
8 0 383536
8 1 383630
8 0 383710
8 1 383795
8 0 383865
8 1 383959
70 0 384129
65 0 384216
70 1 384289
65 1 384323
67 0 384408
67 1 384483
69 0 384628
32 0 384682
69 1 384717
32 1 384802
66 0 384967
66 1 385041
73 0 385146
73 1 385237
78 0 385307
78 1 385406
69 0 385411
69 1 385510
188 0 385660
188 1 385824
32 0 386438
32 1 386562
76 0 387091
76 1 387227
65 0 387237
32 0 387307
65 1 387350
32 1 387435
80 0 387734
80 1 387850
82 0 387854
65 0 387959
82 1 388009
65 1 388073
78 0 388224
78 1 388308
90 0 388358
90 1 388472
32 0 388497
32 1 388582
65 0 388946
65 1 389076
83 0 389180
32 0 389276
83 1 389296
32 1 389395
80 0 389589
80 1 389729
82 0 390178
69 0 390317
82 1 390412
69 1 390502
8 0 390686
8 1 390776
8 0 390866
8 1 390946
8 0 391015
8 1 391096
86 0 391460
86 1 391564
82 0 391569
69 0 391604
65 0 391689
82 1 391743
32 0 391768
69 1 391788
65 1 391808
32 1 391888
83 0 391943
65 0 392038
32 0 392088
83 1 392147
32 1 392167
65 1 392177
73 0 392258
73 1 392367
78 0 392521
78 1 392626
86 0 392821
86 1 392895
65 0 393060
84 0 393175
65 1 393196
84 1 393280
32 0 393285
32 1 393404
67 0 393743
67 1 393828
69 0 393967
86 0 394047
69 1 394072
86 1 394137
65 0 394162
32 0 394233
65 1 394268
32 1 394332
73 0 394422
73 1 394516
78 0 394586
32 0 394666
78 1 394681
32 1 394765
16 0 394960
67 0 395105
16 1 395160
67 1 395186
32 0 395216
32 1 395334
83 0 395389
65 0 395504
83 1 395598
65 1 395613
85 0 395618
85 1 395703
32 0 395713
32 1 395813
16 0 396326
74 0 396481
74 1 396576
16 1 396601
65 0 396695
65 1 396815
86 0 396820
86 1 396890
65 0 396895
65 1 397009
32 0 397014
32 1 397124
83 0 397155
65 0 397255
83 1 397304
65 1 397388
85 0 397458
85 1 397553
8 0 397867
8 1 397957
85 0 398411
85 1 398485
32 0 398530
32 1 398640
80 0 398705
80 1 398814
89 0 398964
89 1 399039
84 0 399139
72 0 399239
84 1 399264
72 1 399328
79 0 400192
79 1 400291
78 0 400436
78 1 400495
32 0 400525
32 1 400620
188 0 400750
188 1 400834
32 0 400914
32 1 401024
32 0 401224
32 1 401343
8 0 401552
8 1 401662
8 0 401817
8 1 401896
8 0 401976
8 1 402056
8 0 402146
8 1 402246
188 0 402570
188 1 402704
32 0 403153
32 1 403272
79 0 403452
79 1 403547
32 0 403562
32 1 403676
73 0 403711
73 1 403776
78 0 403876
78 1 403951
67 0 403976
67 1 404026
69 0 404206
80 0 404261
69 1 404295
80 1 404349
85 0 404479
84 0 404514
85 1 404564
84 1 404599
32 0 404604
32 1 404719
83 0 404798
65 0 404873
83 1 404988
32 0 404993
65 1 405018
32 1 405098
8 0 405352
8 1 405457
189 0 405631
189 1 405706
77 0 405915
77 1 406025
73 0 406076
73 1 406150
32 0 406156
32 1 406285
80 0 406289
80 1 406424
76 0 406504
76 1 406634
65 0 406649
65 1 406788
67 0 406808
65 0 406898
67 1 406973
65 1 407042
188 0 407426
188 1 407531
32 0 407611
32 1 407720
68 0 407830
65 0 407920
68 1 408020
65 1 408052
82 0 408151
82 1 408245
32 0 408259
32 1 408364
80 0 416861
80 1 416995
82 0 417136
82 1 417275
69 0 417355
65 0 417469
69 1 417569
32 0 417599
65 1 417619
32 1 417678
77 0 417808
77 1 417903
85 0 418053
85 1 418128
76 0 418262
84 0 418327
76 1 418362
65 0 418436
32 0 418526
84 1 418541
65 1 418586
32 1 418651
8 0 419633
8 0 420133
8 0 420163
8 0 420193
8 0 420222
8 0 420252
8 0 420281
8 0 420311
8 0 420341
8 1 420351
8 0 420476
8 1 420571
8 0 420730
8 1 420835
8 0 422138
8 1 422291
8 0 422391
8 1 422476
8 0 422730
8 1 422834
8 0 422899
8 1 423004
83 0 423169
83 1 423333
69 0 423363
65 0 423478
69 1 423567
65 1 423597
82 0 423647
65 0 423727
82 1 423816
65 1 423856
32 0 424350
32 1 424470
190 0 424599
190 1 424679
190 0 424754
190 1 424829
190 0 424884
190 1 424973
32 0 425033
32 1 425134
78 0 425189
78 1 425268
189 0 425467
189 1 425597
65 0 425631
65 1 425766
77 0 425771
77 1 425866
32 0 425876
32 1 425961
73 0 425996
73 1 426102
68 0 426132
69 0 426225
68 1 426295
69 1 426340
69 0 426415
69 1 426544
188 0 427517
32 0 427606
188 1 427656
32 1 427721
65 0 427761
65 1 427896
83 0 427950
32 0 428055
83 1 428085
32 1 428171
80 0 428275
82 0 428379
80 1 428389
82 1 428484
69 0 428589
69 1 428718
70 0 429007
70 1 429113
69 0 429262
82 0 429431
69 1 429461
65 0 429576
82 1 429666
65 1 429730
32 0 429735
32 1 429770
83 0 429970
65 0 430025
32 0 430110
83 1 430125
65 1 430170
32 1 430190
83 0 430369
83 1 430448
84 0 430583
65 0 430696
84 1 430730
65 1 430795
85 0 430825
32 0 430895
85 1 430905
32 1 431015
83 0 431170
65 0 431264
83 1 431374
65 1 431414
32 0 431528
32 1 431673
83 0 432705
65 0 432780
83 1 432855
65 1 432909
86 0 433049
86 1 433135
85 0 433155
85 1 433234
82 0 433338
82 1 433423
69 0 433528
69 1 433623
90 0 433727
32 0 433807
90 1 433832
32 1 433962
76 0 435742
76 1 435847
73 0 435996
73 1 436102
78 0 436211
78 1 436315
73 0 436380
73 1 436505
83 0 436530
83 1 436639
84 0 436759
84 1 436879
69 0 437008
65 0 437134
69 1 437253
65 1 437298
188 0 438231
188 1 438365
32 0 438459
32 1 438569
83 0 438769
65 0 438854
83 1 438968
65 1 438998
85 0 439018
85 1 439108
32 0 439118
32 1 439227
8 0 439706
8 1 439836
8 0 439900
8 0 440399
8 0 440429
8 0 440459
8 0 440489
8 0 440519
8 0 440549
8 0 440578
8 0 440609
8 0 440638
8 0 440668
8 0 440698
8 0 440728
8 1 440748
90 0 441566
90 1 441671
71 0 441890
71 1 441990
79 0 442040
79 1 442120
77 0 442239
77 1 442324
79 0 442404
79 1 442508
84 0 442518
84 1 442603
85 0 442653
85 1 442722
76 0 442827
32 0 442917
76 1 442937
32 1 443022
68 0 443027
69 0 443083
68 1 443191
32 0 443196
69 1 443221
32 1 443316
65 0 443406
65 1 443535
70 0 443845
65 0 443999
70 1 444039
65 1 444135
8 0 444468
8 1 444712
8 0 444792
8 1 444872
8 0 444956
8 1 445041
8 0 445122
8 1 445211
8 0 445306
8 1 445405
69 0 447799
32 0 447898
69 1 447928
32 1 448013
80 0 448028
69 0 448129
80 1 448153
32 0 448198
69 1 448227
32 1 448297
71 0 449649
71 1 449723
69 0 449728
65 0 449793
69 1 449868
65 1 449918
77 0 449923
77 1 450034
16 0 457138
78 0 457312
16 1 457397
78 1 457432
85 0 457482
85 1 457572
32 0 457602
32 1 457731
80 0 457776
80 1 457881
82 0 457912
69 0 458037
65 0 458141
82 1 458170
32 0 458206
69 1 458235
65 1 458260
32 1 458335
83 0 458430
83 1 458539
84 0 458664
84 1 458764
73 0 458769
73 1 458848
85 0 458948
32 0 459024
85 1 459039
32 1 459109
67 0 460669
67 1 460753
85 0 460758
85 1 460828
77 0 460933
77 1 461029
32 0 461033
69 0 461142
32 1 461152
32 0 461227
69 1 461272
32 1 461352
83 0 461472
83 1 461581
73 0 461586
73 1 461661
83 0 461725
83 1 461835
84 0 461930
84 1 462006
69 0 462109
77 0 462205
69 1 462219
77 1 462284
85 0 462409
85 1 462464
76 0 462589
32 0 462668
76 1 462683
32 1 462788
68 0 462808
69 0 462872
32 0 462957
68 1 462982
69 1 462992
32 1 463063
73 0 463098
73 1 463206
78 0 463307
78 1 463412
86 0 463586
86 1 463675
65 0 463685
65 1 463790
84 0 463896
65 0 464020
84 1 464080
65 1 464144
77 0 464229
77 1 464334
65 0 464384
65 1 464503
78 0 464558
84 0 464623
78 1 464662
84 1 464747
32 0 464768
32 1 464907
68 0 464987
73 0 465062
68 1 465087
73 1 465156
78 0 465226
32 0 465296
78 1 465311
32 1 465420
82 0 465456
82 1 465540
8 0 465810
16 0 465829
8 1 465909
82 0 465991
16 1 466104
82 1 466113
79 0 466164
79 1 466283
77 0 466403
77 1 466523
65 0 466672
65 1 466772
78 0 466807
78 1 466911
73 0 466976
65 0 467037
73 1 467096
65 1 467156
32 0 467336
32 1 467440
68 0 467520
65 0 467610
68 1 467699
65 1 467744
82 0 467850
32 0 467919
82 1 467944
32 1 468019
86 0 468233
82 0 468318
86 1 468352
82 1 468422
69 0 468523
65 0 468608
69 1 468672
65 1 468732
85 0 468737
85 1 468791
32 0 468821
32 1 468916
83 0 468936
65 0 468998
32 0 469057
83 1 469096
65 1 469130
32 1 469170
86 0 469624
65 0 469664
86 1 469719
65 1 469779
32 0 469839
32 1 469938
90 0 469948
90 1 470054
73 0 470098
73 1 470198
67 0 470202
32 0 470268
67 1 470288
32 1 470377
67 0 470472
65 0 470582
67 1 470646
32 0 470671
65 1 470716
32 1 470781
73 0 470877
73 1 470966
78 0 471056
78 1 471140
32 0 471155
32 1 471245
79 0 471305
82 0 471414
79 1 471429
82 1 471504
73 0 471589
73 1 471669
67 0 471689
67 1 471753
69 0 471898
32 0 471918
69 1 471953
32 1 472044
67 0 472182
65 0 472262
67 1 472312
65 1 472367
65 0 472447
65 1 472501
8 0 472801
8 1 472920
90 0 473165
90 1 473324
32 0 473339
32 1 473404
69 0 473544
32 0 473613
69 1 473658
32 1 473693
77 0 473833
65 0 473928
77 1 473943
65 1 474038
73 0 474058
73 1 474152
32 0 474172
32 1 474272
66 0 474277
66 1 474341
85 0 474416
85 1 474506
78 0 474571
78 1 474670
32 0 474681
32 1 474785
68 0 474866
69 0 474950
68 1 475045
69 1 475060
67 0 475169
65 0 475249
67 1 475304
65 1 475374
84 0 475489
84 1 475578
32 0 475583
32 1 475653
76 0 475728
65 0 475812
76 1 475832
32 0 475887
65 1 475922
32 1 475978
78 0 476067
78 1 476162
79 0 476281
79 1 476386
73 0 476515
73 1 476590
188 0 476835
188 1 476961
32 0 477020
32 1 477149
65 0 477274
65 1 477408
77 0 477573
77 1 477638
32 0 477707
32 1 477827
79 0 477932
79 1 478032
66 0 478276
66 1 478351
83 0 478381
83 1 478480
69 0 478555
69 1 478655
82 0 478745
82 1 478839
86 0 478859
86 1 478934
65 0 478939
65 1 479035
84 0 479089
84 1 479173
189 0 479308
189 1 479393
79 0 479498
32 0 479573
79 1 479588
32 1 479677
68 0 479722
85 0 479822
68 1 479842
85 1 479901
80 0 480066
65 0 480136
80 1 480156
65 1 480221
32 0 480226
32 1 480351
67 0 480370
67 1 480455
79 0 480505
79 1 480580
76 0 480720
76 1 480824
69 0 480829
69 1 480884
71 0 481030
71 1 481098
73 0 481113
73 1 481178
73 0 481263
73 1 481333
32 0 483058
32 1 483173
16 0 483592
16 1 483856
16 0 484095
16 1 484310
8 0 485039
8 1 485127
8 0 485252
8 1 485332
188 0 485825
188 1 485895
32 0 486239
32 1 486349
83 0 487332
83 1 487451
85 0 487456
85 1 487506
78 0 487626
84 0 487671
78 1 487705
84 1 487750
32 0 487810
32 1 487920
69 0 488444
69 1 488568
76 0 488588
76 1 488683
69 0 488748
69 1 488802
86 0 488958
86 1 489032
73 0 489057
73 1 489121
32 0 489152
32 1 489256
66 0 489341
66 1 489431
85 0 489506
85 1 489580
78 0 489635
78 1 489735
73 0 489800
73 1 489909
32 0 489941
83 0 490026
32 1 490074
73 0 490159
83 1 490179
73 1 490273
32 0 490299
32 1 490403
73 0 490488
73 1 490558
78 0 490648
78 1 490746
32 0 490756
32 1 490841
16 0 491265
77 0 491454
77 1 491534
16 1 491614
8 0 492652
8 1 492726
16 0 492751
82 0 492971
82 1 493120
77 0 493130
16 1 493209
77 1 493234
32 0 493409
32 1 493538
68 0 493598
65 0 493684
68 1 493753
65 1 493788
82 0 493902
82 1 493993
32 0 494003
32 1 494112
73 0 495363
73 1 495453
78 0 495528
78 1 495613
32 0 495617
32 1 495733
77 0 495993
77 1 496072
65 0 496076
65 1 496171
82 0 496211
82 1 496296
69 0 496381
69 1 496515
32 0 496540
32 1 496605
80 0 496760
80 1 496874
65 0 496879
65 1 496990
82 0 497019
82 1 497119
84 0 497204
84 1 497298
69 0 497403
32 0 497493
69 1 497518
32 1 497587
84 0 497703
84 1 497792
79 0 497822
84 0 497908
79 1 497922
84 1 497987
85 0 498051
85 1 498111
76 0 498236
32 0 498296
76 1 498316
32 1 498400
69 0 498450
32 0 498520
69 1 498555
32 1 498625
68 0 498691
65 0 498779
68 1 498854
65 1 498899
84 0 499009
84 1 499094
79 0 499104
79 1 499218
82 0 499223
82 1 499303
73 0 499363
73 1 499452
84 0 499457
65 0 499562
84 1 499647
32 0 499652
65 1 499692
32 1 499737
76 0 499852
76 1 499922
79 0 500046
79 1 500116
82 0 500126
82 1 500255
188 0 501019
188 1 501108
32 0 501143
32 1 501213
78 0 501322
78 1 501422
85 0 501497
32 0 501532
85 1 501562
32 1 501661
80 0 505317
80 1 505416
82 0 505456
82 1 505536
79 0 505576
79 1 505666
8 0 506813
8 1 506928
8 0 507581
8 1 507680
8 0 507770
8 1 507840
8 0 507926
8 1 508004
32 0 508463
32 1 508603
65 0 508628
32 0 508717
65 1 508757
32 1 508842
83 0 508898
83 1 509017
73 0 509067
73 1 509151
83 0 509181
83 1 509276
84 0 509376
84 1 509440
69 0 509555
69 1 509655
77 0 509665
77 1 509740
85 0 509876
85 1 509920
76 0 510049
76 1 510133
85 0 510263
85 1 510328
73 0 510413
73 1 510488
188 0 510657
188 1 510767
32 0 510807
32 1 510917
65 0 510963
65 1 511056
67 0 511156
67 1 511236
85 0 511246
85 1 511325
77 0 511455
77 1 511535
32 0 511550
32 1 511650
78 0 511699
78 1 511794
85 0 511875
85 1 511960
32 0 511965
32 1 512063
71 0 512228
71 1 512298
69 0 512353
69 1 512442
78 0 512492
78 1 512602
69 0 512607
69 1 512687
82 0 512772
65 0 512897
82 1 512957
65 1 513006
76 0 513016
76 1 513105
73 0 513210
73 1 513285
90 0 513360
90 1 513479
69 0 513520
69 1 513664
90 0 513724
90 1 513853
188 0 514143
188 1 514262
32 0 514307
32 1 514402
83 0 514572
83 1 514662
85 0 514731
85 1 514801
78 0 514902
84 0 514965
78 1 515000
84 1 515035
32 0 515061
32 1 515175
83 0 515195
83 1 515300
73 0 515514
73 1 515599
32 0 515634
32 1 515743
80 0 515819
80 1 515934
82 0 515963
82 1 516058
79 0 516067
79 1 516142
70 0 516192
70 1 516272
73 0 516626
73 1 516701
32 0 516811
32 1 516901
66 0 517070
66 1 517170
85 0 517275
85 1 517354
78 0 517439
78 1 517518
188 0 517668
188 1 517808
32 0 517859
32 1 517957
65 0 518012
77 0 518087
65 1 518137
77 1 518187
32 0 518222
32 1 518326
8 0 519005
8 1 519104
8 0 519184
8 1 519274
8 0 519349
8 1 519433
8 0 519499
8 1 519598
8 0 519653
8 1 519742
32 0 519842
32 1 519972
190 0 519992
190 1 520076
190 0 520181
190 1 520281
190 0 520341
190 1 520446
32 0 520451
32 1 520560
68 0 520760
68 1 520839
69 0 520954
32 0 521004
69 1 521064
32 1 521119
69 0 521174
69 1 521308
88 0 521318
88 1 521448
69 0 521468
69 1 521587
77 0 521603
77 1 521707
80 0 521837
80 1 521951
76 0 522535
76 1 522645
85 0 522789
85 1 522870
32 0 523412
32 1 523567
65 0 524784
65 1 524894
77 0 524963
77 1 525073
32 0 525083
32 1 525188
65 0 525208
65 1 525322
86 0 525532
86 1 525612
85 0 525733
85 1 525833
84 0 525857
84 1 525961
32 0 525965
32 1 526080
79 0 527237
79 1 527342
32 0 527367
32 1 527482
80 0 527532
80 1 527641
82 0 527721
82 1 527776
79 0 527811
79 1 527862
70 0 528399
69 0 528509
70 1 528584
69 1 528633
83 0 528778
83 1 528889
79 0 528899
79 1 529012
65 0 529017
65 1 529102
82 0 529187
65 0 529317
82 1 529382
32 0 529386
65 1 529461
32 1 529521
70 0 529676
70 1 529715
8 0 530089
68 0 530189
8 1 530214
68 1 530299
69 0 530404
32 0 530459
69 1 530488
32 1 530558
77 0 530653
77 1 530758
65 0 530788
65 1 530873
84 0 530947
84 1 531042
69 0 531162
69 1 531261
32 0 531317
32 1 531416
67 0 533081
65 0 533141
67 1 533211
65 1 533261
82 0 533386
82 1 533455
69 0 533550
32 0 533580
69 1 533630
32 1 533675
77 0 533785
77 1 533870
189 0 534313
189 1 534393
79 0 534487
79 1 534582
32 0 534587
32 1 534697
70 0 534787
65 0 534893
70 1 534936
65 1 534996
67 0 535061
67 1 535151
85 0 535176
85 1 535275
32 0 535410
32 1 535539
8 0 535729
84 0 535810
8 1 535885
84 1 535924
32 0 535929
32 1 536053
83 0 536098
65 0 536193
32 0 536238
83 1 536293
65 1 536332
32 1 536362
73 0 536462
73 1 536577
78 0 536721
78 1 536822
68 0 536867
68 1 536961
82 0 537090
82 1 537285
65 0 537754
65 1 537874
71 0 537913
71 1 537953
69 0 538153
69 1 538238
83 0 538347
83 1 538427
67 0 538482
32 0 538511
67 1 538571
32 1 538621
77 0 538746
77 1 538852
65 0 538861
65 1 538985
84 0 539400
84 1 539479
69 0 539611
69 1 539678
77 0 539703
77 1 539768
65 0 539889
65 1 539987
84 0 540342
84 1 540416
73 0 540467
73 1 540566
67 0 540636
65 0 540705
67 1 540775
65 1 540826
32 0 541010
32 1 541094
83 0 541144
73 0 541234
83 1 541269
73 1 541334
32 0 541344
32 1 541448
73 0 541513
73 1 541618
73 0 541693
73 1 541773
32 0 541804
32 1 541922
83 0 541952
83 1 542077
85 0 542087
85 1 542162
78 0 542251
84 0 542306
78 1 542351
84 1 542406
32 0 542466
32 1 542556
8 0 543558
8 1 543873
32 0 544072
32 1 544196
82 0 544475
82 1 544615
69 0 544625
69 1 544735
67 0 544855
67 1 544924
85 0 544969
85 1 545044
78 0 545154
78 1 545238
79 0 545328
79 1 545442
83 0 545488
83 1 545582
67 0 545627
65 0 545712
67 1 545778
65 1 545827
84 0 545936
84 1 546016
79 0 546046
79 1 546146
82 0 546151
82 1 546255
188 0 546370
188 1 546505
32 0 546580
32 1 546684
83 0 546800
83 1 546919
80 0 546998
80 1 547103
82 0 547108
82 1 547188
69 0 547288
69 1 547388
32 0 547438
32 1 547517
8 0 547673
8 1 547751
8 0 547847
8 1 547921
8 0 547996
8 1 548086
69 0 548101
69 1 548166
82 0 548260
32 0 548300
82 1 548325
32 1 548410
67 0 548815
65 0 548879
67 1 548938
32 0 548958
65 1 549018
32 1 549103
78 0 549482
78 1 549582
85 0 549691
85 1 549812
32 0 549847
32 1 549955
69 0 550065
32 0 550125
69 1 550155
32 1 550230
70 0 550334
70 1 550394
79 0 550449
79 1 550554
65 0 550614
65 1 550728
82 0 550773
82 1 550863
84 0 550952
84 1 551027
69 0 551147
69 1 551261
32 0 551291
32 1 551381
66 0 551551
66 1 551635
65 0 551660
65 1 551755
78 0 551796
78 1 551885
65 0 551890
65 1 551974
76 0 552049
32 0 552104
76 1 552164
32 1 552189
67 0 552268
67 1 552323
69 0 552448
32 0 552488
69 1 552518
32 1 552607
83 0 552638
83 1 552722
67 0 552808
67 1 552892
82 0 553046
82 1 553136
73 0 553141
73 1 553221
85 0 553356
85 1 553445
32 0 553450
32 1 553550
188 0 553700
188 1 553815
8 0 554014
8 1 554098
8 0 554178
8 1 554263
188 0 554437
188 1 554558
32 0 554562
32 1 554658
83 0 554727
83 1 554837
67 0 554907
67 1 554981
82 0 555111
82 1 555185
73 0 555230
73 1 555295
85 0 555395
32 0 555435
85 1 555470
32 1 555569
83 0 555605
83 1 555729
73 0 555734
73 1 555815
32 0 555845
69 0 555949
32 1 555973
85 0 556068
69 1 556083
32 0 556138
85 1 556158
32 1 556257
67 0 556372
67 1 556447
69 0 556577
32 0 556632
69 1 556657
32 1 556762
73 0 557135
73 1 557215
77 0 557310
77 1 557444
73 0 557449
32 0 557539
73 1 557564
32 1 557659
86 0 557830
86 1 557908
73 0 557913
73 1 558018
78 0 558083
69 0 558153
78 1 558197
69 1 558287
32 0 558322
32 1 558442
73 0 558487
73 1 558571
78 0 558621
78 1 558711
32 0 558716
32 1 558817
67 0 558885
65 0 558975
67 1 559025
80 0 559065
65 1 559085
80 1 559195
32 0 559225
32 1 559329
190 0 559524
190 1 559553
8 0 559829
8 1 559898
8 0 559978
8 1 560067
188 0 560611
188 1 560691
32 0 560710
32 1 560801
77 0 564974
77 1 565088
73 0 565163
73 1 565263
69 0 565268
69 1 565377
32 0 565402
32 1 565497
73 0 565537
73 1 565612
77 0 565687
77 1 565836
73 0 565841
73 1 565926
32 0 565931
32 1 566031
80 0 566101
80 1 566230
65 0 566235
65 1 566350
82 0 566355
82 1 566449
69 0 566539
32 0 566589
69 1 566634
32 1 566699
79 0 566825
79 1 566923
75 0 567013
75 1 567118
65 0 567123
65 1 567222
89 0 567302
89 1 567402
32 0 569267
32 1 569391
8 0 569915
8 1 570015
83 0 570633
83 1 570715
8 0 570873
8 1 570982
32 0 570993
83 0 571112
32 1 571122
65 0 571197
83 1 571306
65 1 571321
32 0 571331
32 1 571421
73 0 571536
73 1 571635
78 0 571786
78 1 571905
86 0 572104
65 0 572254
86 1 572274
65 1 572378
84 0 572513
65 0 572618
84 1 572677
65 1 572758
77 0 572768
77 1 572887
32 0 572892
32 1 573007
77 0 573919
65 0 573999
77 1 574024
65 1 574098
84 0 574153
84 1 574223
69 0 574343
69 1 574433
188 0 574652
188 1 574758
32 0 574763
32 1 574861
70 0 574921
70 1 574996
73 0 575056
73 1 575156
90 0 575186
90 1 575310
73 0 575330
73 1 575430
67 0 575515
65 0 575629
67 1 575720
32 0 575725
65 1 575785
32 1 575844
83 0 576432
65 0 576537
83 1 576617
65 1 576642
85 0 576646
85 1 576737
32 0 576797
32 1 576861
69 0 576966
69 1 577075
84 0 577879
84 1 577958
67 0 578108
67 1 578187
32 0 578247
32 1 578347
8 0 578742
8 1 578860
188 0 579035
188 1 579125
32 0 579140
32 1 579249
83 0 579759
83 1 579868
84 0 580018
84 1 580092
73 0 580142
73 1 580217
85 0 580322
32 0 580337
85 1 580381
32 1 580451
67 0 580536
65 0 580591
67 1 580675
32 0 580680
65 1 580736
32 1 580790
77 0 582825
77 1 582894
85 0 583029
85 1 583099
76 0 583244
84 0 583278
76 1 583328
84 1 583363
73 0 583468
32 0 583493
73 1 583548
32 1 583622
68 0 583782
68 1 583917
8 0 584146
83 0 584241
8 1 584266
83 1 584340
69 0 584390
32 0 584420
69 1 584525
32 1 584540
80 0 584600
80 1 584710
76 0 584809
76 1 584904
65 0 584909
65 1 585003
78 0 585053
78 1 585148
71 0 585163
71 1 585238
32 0 585288
32 1 585373
67 0 586460
65 0 586524
67 1 586624
32 0 586639
65 1 586680
32 1 586770
69 0 588639
32 0 588729
69 1 588739
32 1 588828
73 0 588943
73 1 589022
78 0 589112
78 1 589227
85 0 589272
85 1 589347
84 0 589392
84 1 589481
73 0 589531
73 1 589606
76 0 589751
76 1 589860
188 0 590055
188 1 590169
32 0 590468
32 1 590583
8 0 590893
8 1 590992
8 0 591072
8 1 591142
32 0 591252
32 1 591361
190 0 591576
190 1 591640
190 0 591711
190 1 591835
32 0 591870
68 0 591980
32 1 592009
65 0 592089
68 1 592174
65 1 592224
82 0 592329
82 1 592433
32 0 592454
32 1 592573
78 0 592664
78 1 592762
85 0 592842
85 1 592947
32 0 592957
32 1 593106
65 0 593116
65 1 593241
77 0 593246
77 1 593351
32 0 593366
32 1 593490
86 0 594228
65 0 594293
86 1 594308
65 1 594403
90 0 594468
90 1 594552
85 0 594557
85 1 594653
84 0 594723
32 0 594782
84 1 594802
32 1 594921
86 0 595490
86 1 595565
82 0 595600
69 0 595715
82 1 595799
69 1 595839
85 0 596088
85 1 596158
78 0 596253
78 1 596338
32 0 596342
32 1 596442
77 0 596502
65 0 596557
77 1 596592
65 1 596677
84 0 596861
84 1 596981
73 0 597101
73 1 597195
8 0 598218
8 1 598337
8 0 598437
8 1 598522
8 0 598607
8 1 598707
8 0 599075
8 1 599170
70 0 599685
70 1 599783
73 0 599843
73 1 599943
90 0 600013
90 1 600127
73 0 600147
73 1 600247
67 0 600557
67 1 600682
73 0 600707
73 1 600801
65 0 600850
65 1 600960
78 0 600990
78 1 601080
32 0 601085
32 1 601200
80 0 601304
80 1 601419
82 0 601429
82 1 601524
79 0 601574
79 1 601674
83 0 601684
83 1 601768
84 0 601853
84 1 601933
32 0 601943
32 1 602062
8 0 602601
8 1 602745
32 0 603254
32 1 603344
83 0 603583
73 0 603654
83 1 603689
73 1 603757
32 0 603782
73 0 603862
32 1 603877
73 1 603947
78 0 604057
32 0 604117
78 1 604157
32 1 604226
86 0 604312
86 1 604386
73 0 604511
73 1 604631
65 0 604636
65 1 604730
84 0 604805
65 0 604910
84 1 604984
65 1 605039
8 0 605259
8 0 605758
8 0 605787
8 0 605817
8 0 605847
8 0 605877
8 0 605907
8 0 605937
8 0 605967
8 0 605997
8 0 606027
8 0 606057
8 1 606071
8 0 606206
8 1 606291
8 0 606530
8 1 606575
83 0 607099
83 1 607183
84 0 607258
32 0 607328
84 1 607353
32 1 607447
73 0 607503
73 1 607618
66 0 607787
78 0 607792
66 1 607842
78 1 607861
32 0 607897
32 1 608016
8 0 608296
8 1 608400
8 0 608515
8 1 608590
32 0 608824
32 1 608944
8 0 609308
8 1 609392
8 0 609482
8 1 609552
77 0 609777
32 0 609866
77 1 609896
32 1 609991
8 0 610355
8 1 610489
8 0 610539
8 1 610610
78 0 610786
78 1 610881
32 0 610886
32 1 611011
86 0 611310
86 1 611439
73 0 611480
65 0 611564
73 1 611589
65 1 611665
84 0 611764
65 0 611904
84 1 611983
65 1 612043
190 0 612906
190 1 612975
16 0 623826
70 0 624195
16 1 624290
70 1 624329
79 0 624370
79 1 624479
65 0 624565
65 1 624723
82 0 624828
82 1 624947
84 0 625097
84 1 625147
32 0 625391
32 1 625506
8 0 625756
8 1 625870
69 0 625895
32 0 625970
69 1 625980
32 1 626085
68 0 626668
68 1 626748
85 0 626838
85 1 626927
86 0 626982
86 1 627047
8 0 627361
8 1 627466
66 0 627516
66 1 627606
73 0 627627
73 1 627710
79 0 627795
79 1 627895
65 0 627915
65 1 628014
83 0 628064
65 0 628189
32 0 628264
83 1 628299
65 1 628328
32 1 628383
80 0 628508
80 1 628609
73 0 628758
73 1 628827
67 0 628832
67 1 628882
84 0 629062
84 1 629166
85 0 629186
82 0 629261
85 1 629276
65 0 629381
82 1 629466
65 1 629500
188 0 630109
188 1 630218
32 0 630393
32 1 630513
90 0 636816
73 0 636896
90 1 636935
73 1 637015
67 0 637110
67 1 637235
73 0 637240
73 1 637337
32 0 637365
32 1 637464
67 0 637535
65 0 637575
67 1 637654
32 0 637674
65 1 637709
32 1 637778
84 0 637883
79 0 637983
84 1 637993
79 1 638088
84 0 638093
84 1 638177
73 0 638217
32 0 638272
73 1 638292
32 1 638417
83 0 638423
83 1 638567
69 0 638607
32 0 638686
69 1 638721
32 1 638776
83 0 638926
73 0 639030
83 1 639050
73 1 639105
77 0 639245
84 0 639320
77 1 639339
84 1 639379
32 0 639454
32 1 639535
70 0 639585
70 1 639708
79 0 639743
65 0 639833
79 1 639858
65 1 639937
82 0 640008
82 1 640132
84 0 640247
84 1 640317
69 0 640431
32 0 640487
69 1 640527
32 1 640607
76 0 640711
76 1 640815
73 0 640965
73 1 641070
66 0 641275
66 1 641364
69 0 641369
69 1 641449
82 0 641549
32 0 641628
82 1 641643
32 1 641743
8 0 642032
8 1 642122
73 0 642282
73 1 642381
32 0 642406
32 1 642527
83 0 642655
73 0 642795
83 1 642805
73 1 642875
32 0 642890
32 1 643004
80 0 643159
80 1 643239
8 0 643559
8 1 643648
76 0 643797
76 1 643897
73 0 644032
73 1 644091
80 0 644221
80 1 644321
83 0 644356
83 1 644466
73 0 644491
73 1 644596
84 0 644640
84 1 644745
73 0 644780
32 0 644830
73 1 644869
32 1 644954
68 0 645069
68 1 645169
69 0 645268
32 0 645343
69 1 645383
32 1 645453
71 0 645589
71 1 645663
82 0 645677
82 1 645782
73 0 645852
73 1 645952
74 0 646116
74 1 646231
73 0 646346
73 1 646465
32 0 646480
32 1 646571
8 0 647837
8 1 647947
188 0 648250
188 1 648365
32 0 648435
32 1 648546
67 0 649128
67 1 649213
69 0 649358
32 0 649422
69 1 649457
32 1 649533
69 0 649632
69 1 649746
85 0 649751
85 1 649842
32 0 649846
32 1 649976
8 0 650170
8 1 650250
8 0 650345
8 1 650440
32 0 650480
32 1 650590
67 0 651048
67 1 651153
73 0 651188
73 1 651257
85 0 651352
68 0 651372
85 1 651452
65 0 651477
68 1 651533
65 1 651596
82 0 651686
84 0 651701
84 1 651756
32 0 651761
82 1 651771
32 1 651881
8 0 652110
8 1 652190
8 0 652290
8 1 652359
8 0 652434
8 1 652525
84 0 652530
84 1 652609
32 0 652644
32 1 652769
80 0 652893
80 1 652993
69 0 653003
69 1 653108
78 0 653711
78 1 653841
82 0 653940
82 1 654080
8 0 654838
8 1 654953
84 0 654958
84 1 655022
82 0 655122
85 0 655217
82 1 655227
32 0 655272
85 1 655317
32 1 655391
67 0 655507
67 1 655577
73 0 655586
73 1 655691
78 0 655840
69 0 655940
78 1 655950
69 1 656060
86 0 656105
86 1 656209
65 0 656235
65 1 656319
32 0 656329
32 1 656469
67 0 656718
65 0 656862
67 1 656893
65 1 656987
82 0 657093
82 1 657182
69 0 657267
32 0 657336
69 1 657356
32 1 657451
86 0 657780
86 1 657845
73 0 658259
73 1 658344
78 0 658489
78 1 658578
69 0 658598
69 1 658742
8 0 662005
8 0 662504
8 0 662534
8 0 662562
8 0 662592
8 0 662622
8 0 662652
8 0 662682
8 0 662712
8 0 662742
8 0 662772
8 0 662803
8 0 662832
8 1 662841
8 0 662971
8 1 663076
8 0 663181
8 1 663245
8 0 663321
8 1 663395
77 0 663625
77 1 663754
73 0 663834
73 1 663914
78 0 663974
69 0 664024
78 1 664063
69 1 664103
32 0 664123
32 1 664238
67 0 664263
65 0 664333
67 1 664397
65 1 664468
82 0 664567
82 1 664642
69 0 664717
69 1 664801
32 0 664806
32 1 664896
86 0 664951
73 0 665016
86 1 665041
73 1 665105
78 0 665185
32 0 665240
78 1 665265
32 1 665345
68 0 665476
68 1 665589
73 0 665599
73 1 665694
78 0 665779
84 0 665849
78 1 665873
84 1 665923
82 0 666018
82 1 666113
189 0 666158
189 1 666258
79 0 666363
32 0 666453
79 1 666473
32 1 666548
69 0 666622
69 1 666716
82 0 666791
65 0 666901
82 1 666971
32 0 666990
65 1 667030
32 1 667085
65 0 667774
32 0 667843
65 1 667898
32 1 667968
8 0 668637
8 1 668721
8 0 668816
8 1 668890
8 0 669738
8 1 669838
8 0 669933
8 1 669997
8 0 670087
8 1 670167
8 0 670292
8 1 670416
83 0 672077
83 1 672181
79 0 672386
79 1 672501
67 0 672561
67 1 672650
73 0 672690
73 1 672790
69 0 672895
69 1 673044
84 0 673189
65 0 673318
84 1 673398
65 1 673423
84 0 673484
84 1 673563
69 0 673677
32 0 673772
69 1 673832
32 1 673887
70 0 674067
79 0 674151
70 1 674176
79 1 674261
65 0 674296
65 1 674405
82 0 674441
82 1 674530
84 0 674630
84 1 674689
69 0 674819
69 1 674979
32 0 675054
32 1 675139
65 0 675233
65 1 675333
76 0 675368
76 1 675488
65 0 675498
65 1 675612
82 0 675662
82 1 675762
77 0 675797
77 1 675901
65 0 675911
65 1 676016
78 0 676071
78 1 676156
84 0 676211
65 0 676325
84 1 676422
65 1 676481
188 0 676649
188 1 676779
32 0 676983
32 1 677103
73 0 682953
82 0 683027
73 1 683067
82 1 683102
67 0 683292
67 1 683412
85 0 683442
85 1 683576
8 0 683920
8 1 683984
8 0 684089
8 1 684184
8 0 684264
8 1 684389
8 0 684928
8 1 685066
73 0 687041
73 1 687121
77 0 687216
77 1 687366
73 0 687381
73 1 687487
32 0 687496
32 1 687615
8 0 688373
8 1 688492
8 0 688562
8 1 688662
8 0 688747
8 1 688856
8 0 688956
8 1 689066
78 0 690113
78 1 690218
85 0 690323
85 1 690408
32 0 690444
32 1 690567
77 0 690622
77 1 690687
65 0 690776
65 1 690871
8 0 691994
8 1 692403
8 0 692537
8 1 692641
8 0 692741
8 1 692856
8 0 692926
8 1 693025
8 0 693105
8 1 693185
83 0 693300
83 1 693410
67 0 693514
67 1 693624
69 0 693779
69 1 693878
78 0 693883
78 1 693963
65 0 694302
32 0 694388
65 1 694438
32 1 694506
83 0 694716
83 1 694835
69 0 694890
32 0 694975
69 1 695010
32 1 695045
80 0 695170
80 1 695270
69 0 695299
69 1 695405
84 0 695574
84 1 695698
82 0 695783
69 0 695873
82 1 695948
69 1 696002
67 0 696157
69 0 696272
67 1 696326
69 1 696422
32 0 696427
32 1 696531
73 0 696621
73 1 696720
78 0 696875
78 1 696965
84 0 696985
84 1 697099
82 0 697189
82 1 697314
48 0 697375
48 1 697464
8 0 697788
8 1 697868
189 0 698002
189 1 698092
85 0 698271
85 1 698372
78 0 698521
78 1 698625
32 0 698635
32 1 698775
67 0 699389
65 0 699503
67 1 699598
65 1 699667
83 0 699782
83 1 699897
84 0 700052
84 1 700171
69 0 700296
69 1 700436
76 0 700441
32 0 700525
76 1 700542
32 1 700625
68 0 700725
65 0 700775
68 1 700864
65 1 700904
82 0 701004
82 1 701099
32 0 701119
32 1 701234
83 0 701338
85 0 701434
83 1 701458
85 1 701518
78 0 701657
84 0 701702
78 1 701752
84 1 701802
32 0 701837
32 1 701941
77 0 702051
77 1 702126
85 0 702291
85 1 702330
76 0 702475
76 1 702575
84 0 702630
84 1 702724
73 0 702739
32 0 702804
73 1 702819
32 1 702914
79 0 703019
79 1 703123
65 0 703149
65 1 703273
77 0 703333
77 1 703443
69 0 703467
69 1 703577
78 0 703592
78 1 703677
73 0 703787
73 1 703886
188 0 704146
188 1 704270
32 0 704310
32 1 704411
67 0 704530
67 1 704599
82 0 704993
82 1 705083
69 0 705188
69 1 705277
68 0 705403
68 1 705487
32 0 705522
32 1 705597
67 0 705632
65 0 705736
32 0 705791
67 1 705810
65 1 705871
32 1 705901
69 0 706036
32 0 706085
69 1 706145
32 1 706205
67 0 706804
67 1 706898
69 0 706903
69 1 706993
86 0 707003
86 1 707098
65 0 707368
65 1 707477
32 0 707672
32 1 707781
82 0 707931
82 1 708040
73 0 708100
73 1 708215
68 0 708275
68 1 708345
73 0 708410
73 1 708499
67 0 708504
65 0 708594
67 1 708643
65 1 708713
84 0 708823
32 0 708883
84 1 708913
32 1 709008
80 0 709107
80 1 709233
69 0 709257
69 1 709363
78 0 709417
78 1 709526
84 0 709531
84 1 709616
82 0 709716
82 1 709815
85 0 709825
32 0 709890
85 1 709910
32 1 710000
86 0 710095
86 1 710180
82 0 710200
82 1 710309
69 0 710395
69 1 710514
79 0 710569
79 1 710668
32 0 710673
32 1 710758
90 0 710957
90 1 711067
73 0 711097
73 1 711197
8 0 711960
8 1 712074
69 0 712104
69 1 712219
73 0 712309
73 1 712444
84 0 712474
65 0 712603
84 1 712663
65 1 712698
84 0 712763
84 1 712837
69 0 712957
69 1 713072
188 0 713382
188 1 713496
32 0 713521
32 1 713610
83 0 714010
80 0 714109
83 1 714129
80 1 714224
69 0 714239
69 1 714349
82 0 714453
32 0 714533
82 1 714543
32 1 714653
67 0 714743
65 0 714832
67 1 714902
32 0 714952
65 1 714972
32 1 715002
80 0 715318
80 1 715397
69 0 715431
69 1 715560
78 0 715595
78 1 715680
84 0 715705
84 1 715785
82 0 715879
85 0 715964
82 1 715979
85 1 716044
32 0 716049
32 1 716145
16 0 716364
68 0 716483
16 1 716597
68 1 716617
73 0 716643
73 1 716717
79 0 716812
79 1 716886
78 0 717031
78 1 717121
73 0 717216
73 1 717305
83 0 717321
83 1 717440
79 0 717485
79 1 717610
83 0 717684
83 1 717814
32 0 718139
32 1 718253
16 0 718283
57 0 718587
57 1 718662
57 0 718737
57 1 718836
57 0 718936
57 1 718986
8 0 719270
8 1 719361
8 0 719425
8 1 719499
8 0 719570
8 1 719679
48 0 719944
48 1 720023
48 0 720098
48 1 720173
48 0 720243
48 1 720323
16 1 720365
32 0 720532
32 1 720656
78 0 722686
78 1 722791
85 0 722866
32 0 722930
85 1 722945
32 1 723045
77 0 723100
77 1 723175
65 0 723180
65 1 723300
73 0 723355
32 0 723396
73 1 723424
83 0 723509
32 1 723524
83 1 723614
84 0 723689
73 0 723754
84 1 723783
73 1 723828
85 0 723943
32 0 724008
85 1 724023
32 1 724102
67 0 724177
67 1 724257
85 0 724287
85 1 724353
77 0 724492
32 0 724537
77 1 724561
32 1 724676
83 0 724681
83 1 724786
69 0 724840
32 0 724895
69 1 724935
32 1 725000
83 0 725070
83 1 725160
67 0 725274
67 1 725340
82 0 725514
82 1 725598
73 0 725623
69 0 725723
73 1 725738
69 1 725798
32 0 725813
32 1 725928
67 0 725973
67 1 726042
79 0 726082
79 1 726172
82 0 726227
82 1 726298
69 0 726406
69 1 726471
67 0 726606
67 1 726691
84 0 726860
84 1 726940
32 0 726980
32 1 727045
83 0 727114
83 1 727229
73 0 727234
73 1 727305
32 0 727310
32 1 727414
77 0 728172
77 1 728302
73 0 728328
73 1 728421
69 0 728426
32 0 728486
69 1 728551
32 1 728610
76 0 728690
76 1 728815
69 0 728820
69 1 728920
78 0 728940
69 0 729010
78 1 729049
69 1 729089
32 0 729119
32 1 729229
83 0 729239
65 0 729320
83 1 729428
32 0 729448
65 1 729463
32 1 729493
67 0 729708
65 0 729778
67 1 729842
85 0 729892
65 1 729902
85 1 730007
84 0 730082
84 1 730201
32 0 730206
32 1 730327
8 0 731139
8 1 731229
188 0 731408
188 1 731508
32 0 731548
32 1 731648
83 0 737173
83 1 737313
67 0 737407
67 1 737522
69 0 737687
69 1 737806
78 0 737811
78 1 737911
65 0 738036
32 0 738131
65 1 738190
32 1 738230
83 0 738415
83 1 738529
69 0 738624
32 0 738669
69 1 738734
32 1 738784
80 0 740225
80 1 740345
69 0 740384
69 1 740489
84 0 740689
84 1 740818
69 0 740898
69 1 741083
8 0 741333
82 0 741392
8 1 741456
69 0 741476
82 1 741566
69 1 741611
67 0 741756
69 0 741891
67 1 741920
69 1 742080
32 0 742085
32 1 742160
65 0 742195
65 1 742285
67 0 742399
67 1 742469
85 0 742474
85 1 742534
77 0 742668
32 0 742723
77 1 742783
32 1 742833
67 0 742858
65 0 742942
67 1 743002
65 1 743067
84 0 743187
84 1 743278
73 0 743298
73 1 743381
86 0 743436
66 0 743446
66 1 743466
86 1 743536
65 0 743651
32 0 743701
65 1 743765
32 1 743810
65 0 743880
65 1 743960
8 0 744246
8 1 744315
8 0 744439
8 1 744508
8 0 744588
8 1 744678
8 0 744842
8 1 744927
65 0 746100
65 1 746234
32 0 746250
32 1 746363
65 0 746443
65 1 746563
78 0 746568
78 1 746653
73 0 746763
73 1 746857
8 0 747925
8 1 748129
65 0 748638
65 1 748762
37 0 748832
37 0 749332
37 0 749361
37 0 749391
37 0 749420
37 0 749450
37 0 749480
37 0 749510
37 0 749540
37 0 749570
37 1 749585
190 0 750448
190 1 750477
190 0 750573
190 1 750627
190 0 750707
190 1 750772
190 0 750832
190 1 750886
32 0 750931
32 1 751036
39 0 751210
39 0 751709
39 0 751739
39 0 751769
39 0 751799
39 0 751829
39 0 751859
39 0 751889
39 0 751919
39 1 751934
39 0 752063
39 1 752163
8 0 752512
8 1 752646
73 0 752891
73 1 752976
32 0 753340
32 1 753400
8 0 753744
8 1 753843
188 0 754013
188 1 754143
32 0 754173
32 1 754303
73 0 756273
73 1 756376
77 0 756447
77 1 756576
73 0 756591
73 1 756686
32 0 756701
32 1 756825
80 0 756900
80 1 757035
76 0 757060
76 1 757194
65 0 757204
65 1 757310
67 0 757369
67 1 757454
69 0 757593
69 1 757678
32 0 757818
32 1 757972
65 0 788584
65 1 788713
65 0 788828
65 1 788938
8 0 789138
8 1 789232
76 0 789342
65 0 789427
76 1 789466
65 1 789547
32 0 789576
32 1 789661
68 0 789666
68 1 789755
69 0 789861
69 1 789940
32 0 789945
32 1 790040
74 0 790185
74 1 790259
79 0 790354
79 1 790459
83 0 790464
32 0 790534
83 1 790573
32 1 790688
73 0 790693
73 1 790823
78 0 790903
32 0 790967
78 1 791012
32 1 791097
65 0 791203
65 1 791336
76 0 791391
76 1 791546
66 0 791715
66 1 791825
65 0 791830
65 1 791915
83 0 791995
83 1 792104
84 0 792205
84 1 792294
82 0 792668
85 0 792787
82 1 792807
85 1 792892
188 0 793625
188 1 793700
32 0 793740
32 1 793844
90 0 794029
90 1 794130
73 0 794165
73 1 794243
67 0 794363
67 1 794493
73 0 794533
73 1 794647
32 0 794752
32 1 794862
67 0 794872
65 0 794927
67 1 795001
32 0 795008
65 1 795056
32 1 795117
69 0 795331
69 1 795455
32 0 795460
32 1 795595
68 0 795685
68 1 795789
89 0 795934
89 1 796029
79 0 796184
79 1 796298
71 0 796328
71 1 796398
69 0 796528
69 1 796617
78 0 796652
69 0 796727
78 1 796751
69 1 796811
220 0 803107
220 1 803535
8 0 803670
8 0 804169
8 0 804198
8 0 804228
8 0 804258
8 0 804288
8 0 804318
8 1 804338
73 0 804926
73 1 804983
79 0 805071
79 1 805161
71 0 805221
71 1 805290
69 0 805415
69 1 805510
78 0 805540
78 1 805624
69 0 805629
69 1 805709
188 0 805899
188 1 805999
32 0 806105
32 1 806188
78 0 811049
78 1 811174
32 0 811224
85 0 811244
85 1 811358
32 1 811374
83 0 811388
83 1 811533
8 0 811827
8 1 811912
8 0 812017
8 1 812107
8 0 812182
8 1 812256
85 0 812760
32 0 812800
85 1 812835
32 1 812934
83 0 812939
83 1 813039
84 0 813140
84 1 813233
73 0 813238
73 1 813308
85 0 813413
85 1 813498
32 0 813503
32 1 813577
65 0 813707
65 1 813817
67 0 813852
67 1 813936
85 0 813952
85 1 814021
77 0 814147
77 1 814241
32 0 814261
68 0 814360
32 1 814410
65 0 814435
68 1 814495
65 1 814570
67 0 814610
65 0 814709
32 0 814729
67 1 814744
65 1 814804
32 1 814879
86 0 815038
86 1 815134
73 0 815188
73 1 815278
65 0 815393
65 1 815527
84 0 816166
65 0 816265
32 0 816300
84 1 816325
65 1 816365
32 1 816410
76 0 816519
76 1 816629
85 0 816789
85 1 816849
73 0 816943
73 1 817028
32 0 817104
32 1 817252
65 0 817342
65 1 817472
86 0 817631
86 1 817736
69 0 817741
65 0 817811
69 1 817886
32 0 817891
65 1 817916
32 1 818020
86 0 818160
82 0 818220
86 1 818245
82 1 818294
69 0 818389
69 1 818479
79 0 818499
79 1 818599
32 0 818604
32 1 818703
70 0 818798
70 1 818873
69 0 818998
69 1 819088
82 0 819207
82 1 819277
73 0 819337
73 1 819412
67 0 819481
67 1 819566
73 0 819621
73 1 819701
82 0 819756
82 1 819850
69 0 819950
69 1 820046
188 0 820185
188 1 820289
32 0 820404
32 1 820499
73 0 820848
73 1 820897
77 0 821002
73 0 821142
77 1 821172
73 1 821231
32 0 821237
32 1 821346
80 0 821401
80 1 821531
65 0 821611
65 1 821700
8 0 822299
8 0 822797
8 0 822827
8 0 822857
8 0 822887
8 1 822897
8 0 823206
8 1 823316
68 0 824338
65 0 824433
68 1 824552
65 1 824592
82 0 824772
82 1 824862
32 0 824912
32 1 825016
83 0 825072
83 1 825156
84 0 825310
84 1 825400
73 0 825405
73 1 825480
85 0 825595
85 1 825679
32 0 825704
32 1 825799
67 0 825889
65 0 825969
32 0 825999
67 1 826055
32 1 826109
65 1 826119
77 0 826218
77 1 826308
85 0 826452
85 1 826517
76 0 826645
76 1 826742
84 0 826772
84 1 826876
73 0 826881
73 1 826946
32 0 826956
32 1 827052
70 0 827215
70 1 827325
79 0 827445
79 1 827534
8 0 827929
8 1 828044
73 0 828153
73 1 828228
76 0 828357
76 1 828447
79 0 828552
79 1 828636
90 0 828851
90 1 828955
79 0 829021
79 1 829125
70 0 829390
70 1 829504
73 0 829509
73 1 829584
32 0 829614
32 1 829738
73 0 829828
73 1 829893
76 0 830008
76 1 830098
32 0 830103
32 1 830247
65 0 830332
65 1 830412
80 0 830442
80 1 830586
82 0 830656
82 1 830771
79 0 830801
79 1 830911
66 0 831140
66 1 831229
65 0 831250
65 1 831369
85 0 831374
85 1 831454
32 0 831514
32 1 831608
83 0 831833
73 0 831918
83 1 831942
73 1 832023
32 0 832053
32 1 832152
73 0 832351
73 1 832431
8 0 832850
8 1 832960
8 0 833065
8 1 833139
8 0 833239
8 1 833329
73 0 833827
73 1 833917
32 0 833952
32 1 834057
86 0 834186
86 1 834266
69 0 834296
69 1 834386
78 0 834436
69 0 834511
78 1 834555
69 1 834615
82 0 834725
65 0 834880
82 1 834964
65 1 835001
85 0 835040
85 1 835139
32 0 835239
32 1 835303
8 0 835563
8 1 835662
188 0 836126
32 0 836211
188 1 836246
32 1 836326
78 0 836620
78 1 836739
73 0 836844
73 1 836924
83 0 836974
83 1 837080
84 0 837173
84 1 837243
69 0 837343
69 1 837448
32 0 837452
32 1 837587
8 0 838485
8 0 838983
8 0 839014
8 1 839034
8 0 839183
8 1 839297
8 0 839387
8 1 839482
8 0 839611
8 1 839701
79 0 847620
79 1 847719
77 0 847829
77 1 847919
85 0 848068
85 1 848123
76 0 848248
76 1 848337
32 0 848348
32 1 848447
73 0 848567
73 1 848657
68 0 848737
69 0 848831
65 0 848931
68 1 848956
69 1 849027
65 1 849062
76 0 849120
76 1 849220
190 0 849385
190 1 849484
32 0 849674
32 1 849794
8 0 849953
8 1 850063
8 0 850143
8 1 850223
188 0 850417
188 1 850517
32 0 850532
32 1 850636
68 0 853075
65 0 853160
68 1 853234
65 1 853289
67 0 853374
65 0 853439
67 1 853494
65 1 853574
32 0 853578
32 1 853653
78 0 853743
78 1 853858
85 0 853908
32 0 853998
85 1 854018
32 1 854102
83 0 854122
73 0 854197
83 1 854232
73 1 854287
77 0 854366
77 1 854486
84 0 854491
84 1 854601
73 0 854646
32 0 854721
73 1 854746
32 1 854820
78 0 854930
78 1 855055
85 0 855115
32 0 855209
85 1 855234
32 1 855304
84 0 855563
84 1 855688
82 0 855773
65 0 855892
82 1 855963
65 1 856018
73 0 856067
73 1 856152
69 0 856172
69 1 856256
83 0 856361
83 1 856461
73 0 856481
73 1 856585
8 0 857234
8 1 857339
8 0 857433
8 1 857518
8 0 857613
8 1 857702
8 0 857798
8 1 857897
8 0 858007
8 1 858106
8 0 858545
8 1 858620
8 0 858710
8 1 858824
8 0 859782
8 1 859887
8 0 859957
8 1 860046
85 0 861083
32 0 861178
85 1 861195
32 1 861277
69 0 861288
69 1 861412
83 0 861472
83 1 861592
84 0 861692
84 1 861771
73 0 861781
73 1 861876
32 0 861921
32 1 862007
86 0 862100
86 1 862199
73 0 862309
73 1 862419
85 0 862509
85 1 862603
190 0 863317
190 1 863411
32 0 865481
32 1 865570
83 0 865700
80 0 865745
83 1 865820
80 1 865850
69 0 865904
69 1 866015
82 0 866104
32 0 866169
82 1 866199
32 1 866293
67 0 866383
65 0 866438
32 0 866473
67 1 866518
65 1 866563
32 1 866587
69 0 866692
32 0 866757
69 1 866792
32 1 866862
66 0 866998
66 1 867086
73 0 867196
73 1 867286
78 0 867351
78 1 867445
69 0 867450
69 1 867575
190 0 867710
190 1 867854
