16 0 290039
69 0 290166
16 1 290238
69 1 290246
32 0 290306
32 1 290448
86 0 290448
86 1 290547
82 0 290646
82 1 290757
69 0 290826
69 1 290937
77 0 290937
69 0 291016
77 1 291046
69 1 291157
32 0 291246
32 1 291406
82 0 291426
82 1 291537
69 0 291606
76 0 291716
69 1 291746
76 1 291836
65 0 291866
65 1 291997
84 0 292146
73 0 292286
84 1 292296
73 1 292416
66 0 292477
66 1 292556
32 0 292567
32 1 292687
85 0 292716
85 1 292806
8 0 293076
8 1 293156
8 0 293236
8 1 293306
8 0 293365
8 1 293458
86 0 293496
86 1 293586
32 0 293626
32 1 293767
66 0 293856
85 0 293946
66 1 293986
85 1 294037
78 0 294126
78 1 294226
65 0 294336
188 0 294417
65 1 294421
188 1 294516
32 0 294556
32 1 294636
77 0 294666
65 0 294777
77 1 294778
73 0 294856
65 1 294897
73 1 294936
32 0 295016
32 1 295127
65 0 295127
65 1 295258
76 0 295258
76 1 295357
69 0 295386
69 1 295506
83 0 295597
32 0 295686
83 1 295716
32 1 295796
80 0 295806
69 0 295886
80 1 295896
69 1 296007
78 0 296046
78 1 296146
84 0 296176
84 1 296247
82 0 296346
82 1 296476
85 0 297136
85 1 297277
32 0 297326
32 1 297416
73 0 297445
73 1 297557
65 0 297566
78 0 297667
65 1 297668
78 1 297747
85 0 297836
65 0 297886
85 1 297916
65 1 297996
82 0 298156
82 1 298227
73 0 298227
73 1 298306
69 0 298516
69 1 298617
188 0 298626
188 1 298746
32 0 298935
32 1 299065
8 0 299246
8 1 299326
8 0 299416
8 1 299486
188 0 300026
188 1 300136
32 0 300216
32 1 300336
8 0 301017
8 1 301097
8 0 301166
8 1 301246
190 0 301496
190 1 301616
32 0 301716
32 1 301826
16 0 302886
65 0 303146
65 1 303296
16 1 303326
90 0 303516
73 0 303605
90 1 303658
73 1 303726
32 0 303776
65 0 303866
32 1 303878
77 0 303936
65 1 303976
77 1 304056
32 0 304096
80 0 304176
32 1 304187
82 0 304275
80 1 304318
73 0 304356
82 1 304377
73 1 304436
77 0 304516
77 1 304606
73 0 304666
84 0 304726
73 1 304767
84 1 304837
32 0 304876
32 1 304987
71 0 306266
71 1 306347
72 0 306348
72 1 306436
73 0 306526
73 1 306617
79 0 306707
67 0 306797
79 1 306817
67 1 306896
69 0 306996
73 0 307056
69 1 307107
73 1 307136
188 0 307286
188 1 307386
32 0 307476
32 1 307567
66 0 307686
66 1 307746
8 0 308296
8 1 308407
67 0 309076
67 1 309177
82 0 309317
82 1 309407
69 0 309496
69 1 309607
68 0 309707
68 1 309807
32 0 309817
67 0 309926
32 1 309966
67 1 310016
65 0 310116
32 0 310196
65 1 310225
32 1 310318
69 0 310486
69 1 310597
32 0 310626
83 0 310716
32 1 310747
83 1 310845
69 0 310936
77 0 311006
69 1 311036
77 1 311097
78 0 311156
78 1 311246
32 0 311318
67 0 311395
32 1 311437
67 1 311506
65 0 311676
32 0 311746
65 1 311757
32 1 311845
73 0 311856
73 1 311937
78 0 312036
67 0 312116
78 1 312126
67 1 312216
69 0 312346
80 0 312416
69 1 312457
80 1 312527
69 0 312546
69 1 312637
32 0 312746
32 1 312847
80 0 312886
82 0 312955
80 1 312986
82 1 313046
73 0 313065
73 1 313147
77 0 313236
77 1 313327
65 0 313436
65 1 313527
86 0 313546
86 1 313627
65 0 313656
65 1 313747
82 0 313946
82 1 314076
65 0 314315
65 1 314416
190 0 314426
190 1 314516
32 0 314826
32 1 315007
16 0 318306
69 0 318426
16 1 318507
69 1 318526
32 0 318586
32 1 318687
77 0 318819
77 1 318927
65 0 318927
73 0 319027
65 1 319028
73 1 319106
32 0 319146
32 1 319256
67 0 319276
67 1 319355
65 0 319476
65 1 319597
76 0 319597
76 1 319667
68 0 319706
68 1 319807
32 0 319826
68 0 319886
32 1 319937
68 1 319988
69 0 320056
69 1 320146
67 0 320246
67 1 320367
65 0 320476
65 1 320587
84 0 320587
84 1 320697
32 0 321246
65 0 321406
32 1 321416
65 1 321536
83 0 321596
32 0 321716
83 1 321737
32 1 321806
66 0 321915
66 1 322017
65 0 322066
65 1 322167
78 0 322186
78 1 322277
85 0 322386
85 1 322487
73 0 322536
73 1 322657
32 0 322696
67 0 322805
32 1 322837
67 1 322909
65 0 323056
32 0 323177
65 1 323178
65 0 323267
32 1 323296
65 1 323355
82 0 323477
82 1 323616
32 0 323636
32 1 323766
82 0 323866
82 1 324047
8 0 324457
8 1 324547
84 0 325306
84 1 325417
82 0 325536
82 1 325616
69 0 325697
69 1 325827
66 0 326296
66 1 326376
85 0 326496
85 1 326577
73 0 326666
73 1 326767
32 0 327347
83 0 327426
32 1 327487
83 1 327536
65 0 327605
65 1 327707
32 0 327726
32 1 327855
70 0 327876
73 0 327995
70 1 327996
73 1 328107
69 0 328126
69 1 328247
32 0 328256
32 1 328395
65 0 328446
65 1 328567
67 0 328726
85 0 328776
67 1 328807
85 1 328857
77 0 328976
77 1 329076
190 0 329286
190 1 329417
32 0 329546
32 1 329636
16 0 338787
76 0 338946
16 1 339047
76 1 339048
65 0 339086
65 1 339157
32 0 339256
32 1 339375
77 0 339456
69 0 339526
77 1 339566
69 1 339617
84 0 339706
69 0 339826
84 1 339867
79 0 339926
69 1 339947
79 1 340047
32 0 340076
83 0 340176
32 1 340207
83 1 340316
69 0 340356
32 0 340456
69 1 340496
32 1 340556
65 0 340566
65 1 340667
78 0 340987
78 1 341077
85 0 341166
85 1 341237
78 0 341366
84 0 341456
78 1 341466
84 1 341566
65 0 341746
65 1 341847
32 0 341866
90 0 341966
32 1 341986
90 1 342067
65 0 342136
65 1 342245
80 0 342267
65 0 342346
80 1 342357
65 1 342477
68 0 342526
65 0 342646
68 1 342717
188 0 342756
65 1 342787
188 1 342857
32 0 342916
65 0 342936
32 1 343006
65 1 343067
83 0 343108
83 1 343226
84 0 343277
69 0 343387
84 1 343427
80 0 343446
69 1 343497
80 1 343567
84 0 343586
84 1 343688
32 0 343688
83 0 343776
32 1 343807
83 1 343866
65 0 343926
32 0 344027
65 1 344028
32 1 344126
86 0 344135
86 1 344246
65 0 344306
65 1 344429
68 0 344429
68 1 344586
32 0 344716
68 0 344826
32 1 344857
65 0 344936
68 1 345007
65 1 345057
67 0 345136
65 0 345236
67 1 345337
65 1 345408
32 0 345486
67 0 345586
32 1 345607
67 1 345728
72 0 345728
72 1 345837
73 0 345936
65 0 346026
73 1 346069
65 1 346116
82 0 346206
32 0 346296
82 1 346317
32 1 346436
79 0 346446
79 1 346577
32 0 346596
83 0 346686
32 1 346697
83 1 346786
65 0 346836
32 0 346886
65 1 346967
32 1 346987
78 0 347036
78 1 347146
73 0 347236
73 1 347327
78 0 347416
71 0 347516
78 1 347537
71 1 347626
65 0 347746
190 0 347826
65 1 347857
190 1 347946
32 0 348056
32 1 348156
16 0 352866
73 0 352977
16 1 353018
73 1 353076
77 0 353177
77 1 353268
73 0 353347
73 1 353417
32 0 353466
79 0 353566
32 1 353586
79 1 353656
8 0 353996
8 1 354077
80 0 354176
80 1 354287
76 0 354366
76 1 354467
65 0 354497
65 1 354597
67 0 354746
67 1 354857
69 0 354956
69 1 355057
32 0 355076
80 0 355166
32 1 355166
80 1 355287
69 0 355298
78 0 355386
69 1 355427
78 1 355506
84 0 355586
84 1 355687
82 0 355766
85 0 355827
82 1 355887
85 1 355947
32 0 356056
67 0 356128
32 1 356159
67 1 356269
65 0 356437
32 0 356546
65 1 356555
32 1 356647
78 0 356686
78 1 356788
85 0 356856
85 1 356977
32 0 357057
69 0 357096
32 1 357175
69 1 357216
32 0 357236
32 1 357377
65 0 357497
65 1 357616
83 0 357676
83 1 357786
65 0 357816
32 0 357948
65 1 357949
32 1 358077
70 0 358436
70 1 358486
82 0 358777
82 1 358887
73 0 358917
71 0 359018
73 1 359025
71 1 359117
32 0 359146
84 0 359246
32 1 359255
84 1 359337
79 0 359366
84 0 359436
79 1 359458
84 1 359537
85 0 359546
85 1 359667
83 0 359786
73 0 359906
83 1 359917
73 1 360017
190 0 360216
190 1 360317
32 0 360417
32 1 360508
16 0 360659
16 1 360788
8 0 361076
8 1 361157
8 0 361226
8 1 361297
188 0 361896
188 1 361997
32 0 362126
68 0 362186
32 1 362205
68 1 362306
65 0 362396
65 1 362509
82 0 362627
32 0 362727
82 1 362735
32 1 362806
78 0 362848
78 1 362947
85 0 363026
85 1 363135
32 0 363176
32 1 363257
73 0 363269
73 1 363336
77 0 363406
77 1 363496
73 0 363556
73 1 363657
32 0 363686
32 1 363768
80 0 363776
80 1 363876
76 0 363936
65 0 363996
76 1 364066
65 1 364116
67 0 364256
67 1 364357
69 0 364448
32 0 364527
69 1 364576
32 1 364617
78 0 364665
69 0 364727
78 1 364777
69 1 364846
65 0 364916
65 1 365028
80 0 365036
65 0 365107
80 1 365136
65 1 365245
82 0 365386
82 1 365477
65 0 365546
65 1 365677
84 0 365677
84 1 365757
32 0 365886
67 0 365986
32 1 366007
67 1 366086
65 0 366206
78 0 366306
65 1 366376
78 1 366412
68 0 366509
32 0 366607
68 1 366626
32 1 366737
80 0 366806
80 1 366876
76 0 366988
76 1 367107
79 0 367176
79 1 367267
85 0 367337
65 0 367437
85 1 367457
65 1 367557
32 0 367687
32 1 367865
77 0 369097
77 1 369197
85 0 369346
85 1 369427
76 0 369576
84 0 369727
76 1 369767
84 1 369927
190 0 370258
190 1 370437
32 0 370696
32 1 370987
16 0 372377
80 0 372477
16 1 372578
69 0 372586
80 1 372607
69 1 372697
78 0 372787
78 1 372877
84 0 372887
84 1 372957
82 0 373037
85 0 373116
82 1 373137
85 1 373238
32 0 373268
32 1 373367
77 0 373446
77 1 373547
73 0 373606
73 1 373696
78 0 373766
69 0 373856
78 1 373865
69 1 373957
32 0 373996
32 1 374107
86 0 374506
86 1 374597
82 0 374606
82 1 374737
69 0 374837
69 1 374917
77 0 374977
69 0 375017
77 1 375026
69 1 375117
65 0 375318
65 1 375477
32 0 375496
32 1 375606
80 0 375656
69 0 375707
80 1 375778
69 1 375817
70 0 375916
70 1 376019
69 0 376136
69 1 376198
82 0 376277
82 1 376387
8 0 376476
8 1 376567
8 0 376637
8 1 376717
8 0 376777
82 0 376858
8 1 376859
82 1 376947
70 0 377077
70 1 377147
69 0 377257
69 1 377317
67 0 377446
84 0 377537
67 1 377577
84 1 377647
65 0 377786
65 1 377947
32 0 377967
32 1 378067
69 0 378096
69 1 378217
32 0 378237
32 1 378357
65 0 378556
65 1 378677
84 0 378829
84 1 378898
85 0 379006
85 1 379106
78 0 379186
78 1 379267
67 0 379276
73 0 379376
67 1 379386
73 1 379476
32 0 379508
67 0 379616
32 1 379626
67 1 379705
65 0 379857
78 0 379947
65 1 379948
78 1 380026
68 0 380087
32 0 380178
68 1 380186
32 1 380266
69 0 380345
69 1 380376
32 0 380616
32 1 380716
67 0 380747
67 1 380837
65 0 380977
76 0 381046
65 1 381076
76 1 381126
68 0 381216
188 0 381286
68 1 381328
188 1 381406
32 0 381477
68 0 381526
32 1 381566
68 1 381656
65 0 381756
65 1 381867
82 0 382007
32 0 382096
82 1 382126
32 1 382187
78 0 382216
78 1 382316
85 0 382386
32 0 382476
85 1 382477
67 0 382586
32 1 382606
67 1 382706
65 0 382816
78 0 382887
65 1 382917
78 1 382977
73 0 383056
67 0 383156
73 1 383176
85 0 383266
67 1 383267
85 1 383346
76 0 383456
76 1 383557
65 0 383587
65 1 383687
190 0 383747
190 1 383857
32 0 384627
32 1 384776
8 0 389518
8 1 389617
8 0 389687
8 1 389777
188 0 390597
188 1 390697
32 0 390788
32 1 390887
67 0 390996
67 1 391107
65 0 391246
77 0 391327
65 1 391347
77 1 391426
32 0 391458
67 0 391537
32 1 391576
85 0 391606
67 1 391636
85 1 391696
77 0 391807
77 1 391906
32 0 391946
32 1 392037
65 0 392066
65 1 392179
32 0 392179
32 1 392307
70 0 392347
79 0 392437
70 1 392467
79 1 392547
83 0 392586
83 1 392675
84 0 392807
84 1 392898
32 0 392927
32 1 393028
65 0 393086
78 0 393168
65 1 393206
78 1 393277
85 0 393366
85 1 393467
76 0 393597
76 1 393687
32 0 393697
84 0 393777
32 1 393816
84 1 393898
82 0 393976
82 1 394097
69 0 394146
69 1 394256
67 0 394357
85 0 394449
67 1 394497
85 1 394548
84 0 394617
32 0 394747
84 1 394777
73 0 394827
32 1 394857
73 1 394937
78 0 395027
78 1 395097
32 0 395147
32 1 395239
77 0 395269
65 0 395347
77 1 395387
65 1 395457
82 0 395607
82 1 395677
84 0 395817
84 1 396019
73 0 396019
73 1 396116
69 0 396177
69 1 396297
32 0 396307
32 1 396438
83 0 396466
73 0 396516
83 1 396598
32 0 396636
73 1 396656
32 1 396747
65 0 396796
80 0 396867
65 1 396917
80 1 396986
82 0 397057
73 0 397136
82 1 397176
73 1 397236
76 0 397336
76 1 397396
73 0 397436
69 0 397546
73 1 397555
69 1 397656
32 0 397667
32 1 397770
67 0 397797
67 1 397908
65 0 398036
65 1 398138
78 0 398157
78 1 398227
68 0 398287
68 1 398418
32 0 398427
32 1 398507
65 0 398536
77 0 398616
65 1 398636
77 1 398747
32 0 398807
70 0 398906
32 1 398916
70 1 399048
79 0 399048
79 1 399198
83 0 399198
83 1 399389
84 0 399617
84 1 399957
32 0 401208
84 0 401367
32 1 401385
84 1 401479
79 0 401479
84 0 401587
79 1 401596
73 0 401666
84 1 401686
73 1 401788
32 0 401957
73 0 402067
32 1 402076
73 1 402158
78 0 402247
78 1 402326
32 0 402386
32 1 402468
76 0 402837
76 1 402936
79 0 403027
79 1 403118
67 0 403136
75 0 403226
67 1 403267
75 1 403327
68 0 403386
79 0 403487
68 1 403538
79 1 403586
87 0 403637
78 0 403717
87 1 403736
78 1 403797
32 0 403876
83 0 403987
32 1 403996
73 0 404047
83 1 404118
32 0 404197
73 1 404206
32 1 404306
78 0 404356
78 1 404477
85 0 404536
32 0 404647
85 1 404656
32 1 404756
78 0 404837
69 0 404907
78 1 404926
69 1 405038
189 0 405077
189 1 405136
65 0 405237
77 0 405336
65 1 405366
77 1 405437
32 0 405507
80 0 405567
32 1 405587
80 1 405687
85 0 405756
84 0 405848
85 1 405856
85 0 405936
84 1 405948
84 0 406038
85 1 406038
84 1 406138
32 0 406157
32 1 406258
66 0 406356
66 1 406469
85 0 406566
85 1 406677
86 0 406877
86 1 406987
8 0 407207
8 1 407298
67 0 407327
67 1 407417
85 0 407447
85 1 407548
82 0 407549
82 1 407668
65 0 407867
65 1 408008
32 0 408037
32 1 408186
68 0 408246
68 1 408357
69 0 408438
32 0 408496
69 1 408538
32 1 408618
86 0 408667
86 1 408776
82 0 408877
82 1 408977
69 0 409057
69 1 409205
77 0 409227
69 0 409308
77 1 409326
69 1 409460
65 0 409617
65 1 409767
32 0 409886
32 1 410007
66 0 410036
85 0 410166
66 1 410196
85 1 410268
78 0 410357
78 1 410456
65 0 410537
190 0 410657
65 1 410666
190 1 410767
32 0 410826
32 1 410946
16 0 413306
73 0 413415
16 1 413496
73 1 413526
78 0 413665
78 1 413736
32 0 413826
32 1 413946
82 0 414035
82 1 414097
69 0 414186
69 1 414355
83 0 414536
83 1 414666
84 0 414705
84 1 414795
188 0 415175
188 1 415297
32 0 415326
32 1 415417
78 0 415436
78 1 415527
85 0 415587
85 1 415697
32 0 415705
32 1 415806
80 0 415826
82 0 415926
80 1 415965
82 1 416029
69 0 416087
69 1 416207
65 0 416296
32 0 416386
65 1 416415
32 1 416477
77 0 416538
65 0 416616
77 1 416626
73 0 416706
65 1 416726
73 1 416799
32 0 416896
32 1 416998
65 0 417026
65 1 417148
77 0 417148
77 1 417247
32 0 417336
32 1 417457
67 0 417496
67 1 417615
69 0 417736
32 0 417836
69 1 417837
32 1 417936
83 0 417976
83 1 418045
65 0 418126
65 1 418196
32 0 418236
32 1 418326
83 0 418507
80 0 418607
83 1 418616
80 1 418686
85 0 418767
85 1 418846
78 0 418936
78 1 419017
190 0 419146
190 1 419227
32 0 419306
32 1 419396
16 0 430007
73 0 430147
16 1 430188
73 1 430237
77 0 430348
77 1 430447
74 0 430527
74 1 430637
8 0 430937
8 1 431037
73 0 431157
73 1 431247
32 0 431317
32 1 431397
80 0 431417
80 1 431497
76 0 431567
65 0 431627
76 1 431687
65 1 431737
67 0 431867
67 1 431967
32 0 431977
32 1 432087
90 0 432098
73 0 432187
90 1 432207
73 1 432268
76 0 432357
69 0 432447
76 1 432467
69 1 432540
76 0 432540
76 1 432627
69 0 432627
69 1 432717
32 0 432737
68 0 432848
32 1 432849
68 1 432927
69 0 433007
32 0 433067
69 1 433097
87 0 433196
32 1 433206
87 1 433277
69 0 433377
69 1 433447
69 0 433519
69 1 433618
75 0 433618
75 1 433697
69 0 433717
69 1 433818
78 0 433818
78 1 433898
68 0 433958
188 0 434018
68 1 434038
188 1 434108
32 0 434137
32 1 434238
77 0 434246
65 0 434337
77 1 434367
73 0 434427
65 1 434447
73 1 434537
32 0 434547
65 0 434617
32 1 434677
76 0 434717
65 1 434737
69 0 434837
76 1 434847
69 1 434957
83 0 435047
32 0 435127
83 1 435157
83 0 435227
32 1 435237
83 1 435327
65 0 435387
77 0 435457
65 1 435496
77 1 435547
66 0 435627
65 0 435728
66 1 435729
65 1 435828
84 0 435867
65 0 435967
84 1 435977
65 1 436077
32 0 436217
32 1 436308
80 0 436337
69 0 436447
80 1 436458
69 1 436558
78 0 436558
78 1 436668
84 0 436668
84 1 436737
82 0 436847
85 0 436917
82 1 436967
85 1 437037
32 0 437087
67 0 437146
32 1 437207
67 1 437257
65 0 437357
32 0 437427
65 1 437467
32 1 437526
80 0 437566
80 1 437678
79 0 437678
79 1 437797
84 0 437817
84 1 437938
32 0 437967
32 1 438088
83 0 438106
83 1 438207
65 0 438257
65 1 438407
32 0 438426
68 0 438536
32 1 438546
79 0 438658
68 1 438659
79 1 438727
82 0 438757
77 0 438857
82 1 438867
77 1 438967
77 0 439137
77 1 439247
8 0 439477
8 1 439577
32 0 439597
32 1 439736
77 0 439767
77 1 439887
85 0 439947
85 1 440028
76 0 440097
84 0 440227
76 1 440238
84 1 440327
32 0 440337
68 0 440479
32 1 440480
68 1 440627
69 0 440717
32 0 440777
69 1 440807
32 1 440916
84 0 440957
84 1 441068
79 0 441068
84 0 441167
79 1 441176
84 1 441288
190 0 441327
190 1 441427
32 0 441497
32 1 441597
16 0 441777
68 0 441877
68 1 441988
16 1 441998
69 0 442097
32 0 442178
69 1 442186
32 1 442289
79 0 442437
66 0 442537
79 1 442547
66 1 442687
73 0 442697
73 1 442808
67 0 442997
67 1 443127
69 0 443237
73 0 443297
69 1 443368
73 1 443447
188 0 443997
188 1 444088
32 0 444177
32 1 444277
77 0 444326
65 0 444407
77 1 444458
65 1 444537
32 0 444637
32 1 444787
84 0 444827
84 1 444958
82 0 445018
82 1 445137
69 0 445177
69 1 445337
90 0 445457
90 1 445578
69 0 445677
69 1 445807
83 0 445867
83 1 445988
67 0 446065
67 1 446317
32 0 446357
68 0 446457
32 1 446508
68 1 446557
69 0 446637
69 1 446757
83 0 446827
83 1 446958
84 0 447097
85 0 447177
84 1 447217
85 1 447258
76 0 447377
76 1 447478
32 0 447497
68 0 447569
32 1 447617
68 1 447658
69 0 447708
32 0 447818
69 1 447867
32 1 447927
84 0 448207
65 0 448297
84 1 448318
65 1 448427
82 0 448447
82 1 448547
90 0 448567
90 1 448739
73 0 448768
73 1 448868
85 0 448927
85 1 449007
32 0 449068
32 1 449168
76 0 449217
76 1 449337
65 0 449347
32 0 449417
65 1 449458
32 1 449528
83 0 449596
83 1 449647
70 0 450318
65 0 450387
70 1 450397
65 1 450507
82 0 451077
82 1 451208
83 0 451327
73 0 451429
83 1 451429
73 1 451527
84 0 451597
84 1 451709
32 0 451737
32 1 451827
68 0 451837
68 1 451957
69 0 452027
32 0 452117
69 1 452158
32 1 452258
83 0 452287
83 1 452357
65 0 452617
65 1 452718
80 0 452795
80 1 452885
84 0 452987
84 1 453088
65 0 453327
65 1 453428
77 0 453428
77 1 453537
65 0 453547
78 0 453627
65 1 453648
78 1 453718
65 0 453747
65 1 453857
188 0 455108
188 1 455338
32 0 455807
65 0 455937
32 1 455977
65 1 456057
83 0 456137
32 0 456187
83 1 456258
32 1 456287
80 0 456317
80 1 456417
82 0 456426
82 1 456498
69 0 456577
69 1 456678
69 0 457057
69 1 457147
8 0 457327
8 1 457428
70 0 457428
70 1 457537
69 0 457607
69 1 457698
82 0 457738
82 1 457847
65 0 457988
65 1 458087
32 0 458127
83 0 458207
32 1 458227
83 1 458308
65 0 458357
32 0 458437
65 1 458466
32 1 458518
85 0 458728
85 1 458827
32 0 458927
32 1 458976
8 0 459168
8 1 459248
8 0 459317
8 1 459387
78 0 459519
78 1 459618
85 0 459697
85 1 459798
32 0 459837
83 0 459877
32 1 459918
80 0 459986
83 1 460007
80 1 460086
85 0 460147
85 1 460238
78 0 460307
78 1 460407
32 0 460467
67 0 460537
32 1 460546
72 0 460627
67 1 460677
72 1 460706
73 0 460807
65 0 460847
73 1 460888
65 1 460967
82 0 461127
82 1 461238
32 0 461238
32 1 461327
76 0 461357
65 0 461477
76 1 461486
65 1 461607
32 0 461637
32 1 461727
67 0 462097
67 1 462198
69 0 462307
32 0 462367
69 1 462407
32 1 462487
79 0 462497
82 0 462577
79 1 462618
82 1 462689
65 0 462917
190 0 463018
65 1 463058
190 1 463138
32 0 463247
32 1 463348
16 0 485659
73 0 485769
16 1 485808
73 1 485877
77 0 485989
77 1 486078
73 0 486327
73 1 486418
32 0 486527
32 1 486618
66 0 486717
66 1 486789
69 0 486797
69 1 486917
65 0 487048
85 0 487117
65 1 487128
85 1 487208
32 0 487258
67 0 487347
32 1 487418
67 1 487508
65 0 487607
70 0 487687
65 1 487728
70 1 487818
69 0 487898
69 1 488008
65 0 488137
65 1 488269
85 0 488377
85 1 488488
65 0 488547
188 0 488648
65 1 488678
188 1 488788
32 0 488847
65 0 488908
32 1 488938
65 1 489028
80 0 489257
80 1 489348
79 0 489387
79 1 489489
32 0 489747
32 1 489838
8 0 490007
8 1 490078
73 0 490167
73 1 490267
32 0 490297
32 1 490367
77 0 490427
65 0 490519
77 1 490527
73 0 490608
65 1 490648
73 1 490688
32 0 490697
32 1 490798
66 0 490868
69 0 490937
66 1 490948
69 1 491070
65 0 491188
85 0 491258
65 1 491308
85 1 491368
32 0 491418
32 1 491498
79 0 491507
32 0 491628
79 1 491629
67 0 491727
32 1 491747
67 1 491836
65 0 491967
65 1 492068
70 0 492077
70 1 492167
69 0 492227
69 1 492338
65 0 492477
188 0 492567
65 1 492586
188 1 492668
32 0 492748
32 1 492828
80 0 492838
80 1 492937
65 0 492948
78 0 493049
65 1 493058
78 1 493138
65 0 493148
32 0 493227
65 1 493247
32 1 493307
76 0 493337
65 0 493417
76 1 493458
32 0 493519
65 1 493558
85 0 493577
32 1 493587
85 1 493687
82 0 493747
77 0 493857
82 1 493867
77 1 493967
65 0 494057
32 0 494157
65 1 494167
83 0 494268
32 1 494287
83 1 494387
69 0 494427
32 0 494520
69 1 494558
32 1 494667
70 0 494677
70 1 494797
65 0 494917
65 1 495017
67 0 495138
67 1 495238
69 0 495338
32 0 495417
69 1 495448
79 0 495548
32 1 495567
82 0 495627
79 1 495658
82 1 495757
65 0 495938
65 1 496039
32 0 496067
32 1 496208
77 0 496337
69 0 496417
77 1 496437
69 1 496567
83 0 496707
83 1 496819
69 0 496917
73 0 497008
69 1 497048
73 1 497158
32 0 498997
32 1 499168
83 0 499228
83 1 499348
73 0 499358
73 1 499459
32 0 499508
65 0 499587
32 1 499628
65 1 499699
84 0 499777
84 1 499879
85 0 499979
85 1 500068
78 0 500157
78 1 500259
67 0 500269
73 0 500358
67 1 500368
73 1 500438
32 0 500518
32 1 500629
77 0 501319
77 1 501418
65 0 501498
78 0 501578
65 1 501588
78 1 501668
65 0 501688
78 0 501777
65 1 501788
78 1 501868
67 0 501947
67 1 502048
32 0 502207
32 1 502319
67 0 502587
67 1 502688
69 0 502777
86 0 502867
69 1 502888
86 1 502987
65 0 503027
32 0 503109
65 1 503137
32 1 503208
73 0 503217
73 1 503278
8 0 503587
67 0 503658
8 1 503667
67 1 503748
69 0 503827
32 0 503918
69 1 503948
73 0 503989
32 1 503996
73 1 504068
77 0 504167
77 1 504248
73 0 504307
73 1 504388
32 0 504427
80 0 504509
32 1 504510
80 1 504598
76 0 504677
65 0 504767
76 1 504788
65 1 504848
67 0 504978
67 1 505059
69 0 505167
69 1 505259
32 0 505328
32 1 505477
8 0 505727
8 1 505787
188 0 505937
188 1 506058
32 0 506109
32 1 506178
72 0 506218
72 1 506308
65 0 506327
65 1 506428
77 0 506438
77 1 506529
66 0 506628
66 1 506708
85 0 506817
82 0 506887
85 1 506909
82 1 506988
71 0 507069
71 1 507168
69 0 507288
69 1 507368
82 0 507428
82 1 507528
73 0 507538
73 1 507638
32 0 507697
83 0 507787
32 1 507838
83 1 507898
65 0 507967
85 0 508027
65 1 508068
85 1 508138
32 0 508147
32 1 508268
67 0 508277
67 1 508388
65 0 508487
65 1 508587
82 0 508817
82 1 508857
84 0 508967
79 0 509068
84 1 509099
79 1 509178
70 0 509208
73 0 509298
70 1 509318
73 1 509378
32 0 509429
32 1 509528
80 0 509558
80 1 509668
82 0 509698
82 1 509818
65 0 509967
74 0 510058
65 1 510068
74 1 510149
73 0 510208
73 1 510308
84 0 510338
73 0 510438
84 1 510459
73 1 510520
188 0 510647
188 1 510748
32 0 510778
83 0 510847
32 1 510878
83 1 510968
65 0 511007
85 0 511098
65 1 511118
85 1 511188
32 0 511228
32 1 511330
65 0 511348
65 1 511458
77 0 511577
65 0 511707
77 1 511719
78 0 511817
65 1 511827
78 1 511908
68 0 511958
79 0 512068
68 1 512070
79 1 512139
85 0 512227
85 1 512328
65 0 512378
65 1 512489
190 0 512508
190 1 512598
32 0 512688
32 1 512789
16 0 514808
73 0 514917
16 1 514998
73 1 515048
69 0 516837
69 1 516958
83 0 517038
32 0 517128
83 1 517147
32 1 517227
76 0 517277
65 0 517397
76 1 517406
32 0 517477
65 1 517487
32 1 517580
79 0 517580
79 1 517678
32 0 517687
80 0 517797
32 1 517817
80 1 517897
76 0 517987
76 1 518070
73 0 518117
73 1 518207
77 0 518287
77 1 518387
66 0 518510
66 1 518587
65 0 518597
65 1 518688
82 0 518856
82 1 518949
69 0 519019
69 1 519118
32 0 519137
32 1 519249
67 0 519337
85 0 519448
67 1 519469
85 1 519570
32 0 519817
83 0 519958
32 1 519967
83 1 520087
65 0 520137
85 0 520227
65 1 520269
85 1 520337
32 0 520367
32 1 520497
70 0 520657
70 1 520788
65 0 520917
65 1 521008
82 0 521138
82 1 521258
65 0 521397
65 1 521549
32 0 521558
32 1 521669
67 0 521717
67 1 521818
65 0 521948
73 0 521988
65 1 522048
73 1 522087
78 0 522160
78 1 522258
73 0 522337
73 1 522408
188 0 522538
188 1 522638
32 0 522698
67 0 522798
32 1 522807
67 1 522899
65 0 522997
32 0 523078
65 1 523086
65 0 523179
32 1 523187
65 1 523269
67 0 523398
85 0 523467
67 1 523498
85 1 523548
77 0 523677
77 1 523748
32 0 523807
32 1 523879
77 0 523907
65 0 524007
77 1 524027
32 0 524098
65 1 524118
32 1 524198
71 0 524331
65 0 524397
71 1 524418
65 1 524529
78 0 524557
68 0 524618
78 1 524647
68 1 524730
69 0 524818
69 1 524918
83 0 524998
83 1 525098
67 0 525198
32 0 525288
67 1 525318
32 1 525398
76 0 525458
65 0 525548
76 1 525558
65 1 525659
32 0 525659
73 0 525747
32 1 525757
73 1 525838
78 0 525917
84 0 525978
78 1 526008
84 1 526087
82 0 526137
82 1 526268
69 0 526318
69 1 526468
66 0 526487
66 1 526589
65 0 526597
65 1 526678
82 0 526848
82 1 526948
69 0 527019
69 1 527120
65 0 527219
32 0 527299
65 1 527330
65 0 527407
32 1 527427
78 0 527498
65 1 527527
78 1 527608
84 0 527728
84 1 527848
69 0 527969
69 1 528027
82 0 528117
73 0 528208
82 1 528229
73 1 528288
79 0 528378
79 1 528469
65 0 528488
65 1 528569
82 0 528698
82 1 528799
65 0 528958
32 0 529048
65 1 529057
32 1 529177
67 0 529196
85 0 529288
67 1 529338
85 1 529397
32 0 529468
32 1 529577
86 0 529667
86 1 529789
82 0 529907
82 1 530017
69 0 530098
69 1 530208
77 0 530238
69 0 530327
77 1 530337
69 1 530449
65 0 530628
65 1 530758
188 0 530837
188 1 530998
32 0 531138
68 0 531188
32 1 531248
68 1 531300
65 0 531418
65 1 531558
67 0 531668
67 1 531757
65 0 531867
32 0 531957
65 1 531967
32 1 532058
80 0 532067
80 1 532168
76 0 532247
76 1 532348
79 0 532408
79 1 532508
85 0 532588
65 0 532678
85 1 532706
65 1 532797
32 0 532827
32 1 532989
73 0 533157
73 1 533289
69 0 533289
69 1 533408
83 0 533508
32 0 533577
83 1 533628
32 1 533688
68 0 533707
79 0 533787
68 1 533839
79 1 533897
65 0 533998
65 1 534108
82 0 534298
82 1 534399
32 0 534400
69 0 534488
32 1 534507
85 0 534567
69 1 534597
85 1 534678
190 0 534888
190 1 534997
32 0 535088
32 1 535198
16 0 539528
73 0 539658
16 1 539728
73 1 539757
78 0 539877
78 1 539958
67 0 539998
67 1 540088
69 0 540217
69 1 540288
82 0 540367
82 1 540469
67 0 540587
32 0 540717
67 1 540727
83 0 540827
32 1 540836
83 1 540958
65 0 541007
32 0 541117
65 1 541158
32 1 541258
70 0 541299
70 1 541408
65 0 541527
65 1 541617
67 0 541717
67 1 541808
32 0 541827
32 1 541959
49 0 542027
49 1 542127
48 0 542137
48 1 542248
32 0 542457
32 1 542588
48 0 542667
48 1 542757
48 0 542807
48 1 542908
48 0 542957
48 1 543058
32 0 543227
32 1 543358
80 0 543417
65 0 543488
80 1 543548
65 1 543608
83 0 543697
73 0 543757
83 1 543818
73 1 543858
32 0 543897
32 1 544028
80 0 544067
69 0 544137
80 1 544178
32 0 544258
69 1 544266
32 1 544377
90 0 544447
73 0 544517
90 1 544567
73 1 544618
188 0 544727
188 1 544818
32 0 544868
68 0 544927
32 1 544988
68 1 545028
65 0 545127
65 1 545208
82 0 545337
32 0 545438
82 1 545448
32 1 545527
78 0 545567
78 1 545648
85 0 545727
85 1 545808
189 0 545948
189 1 546028
77 0 546167
77 1 546257
73 0 546329
73 1 546419
32 0 546477
32 1 546598
82 0 546658
82 1 546728
69 0 546797
85 0 546907
69 1 546928
85 1 547008
83 0 547037
83 1 547148
69 0 547227
69 1 547337
83 0 547397
83 1 547520
84 0 547647
84 1 547748
32 0 547947
69 0 548027
32 1 548057
69 1 548067
8 0 548237
8 1 548307
8 0 548397
8 1 548477
69 0 548528
32 0 548647
69 1 548669
73 0 548757
32 1 548768
73 1 548857
84 0 548937
78 0 548947
84 1 549048
78 1 549057
8 0 549438
8 1 549521
8 0 549577
8 1 549647
78 0 549777
78 1 549869
84 0 549869
84 1 549968
79 0 549989
84 0 550067
79 1 550078
84 1 550188
68 0 550337
68 1 550428
69 0 550497
69 1 550598
65 0 550748
65 1 550860
85 0 550861
85 1 550928
78 0 551007
65 0 551078
78 1 551109
65 1 551188
190 0 551247
190 1 551338
32 0 551419
32 1 551508
16 0 551527
83 0 551590
83 1 551681
16 1 551681
69 0 551889
69 1 551998
65 0 552168
65 1 552218
82 0 552567
82 1 552668
65 0 552828
65 1 552978
32 0 553059
32 1 553279
77 0 553398
65 0 553577
77 1 553608
73 0 553687
65 1 553747
73 1 553907
8 0 554580
8 1 554668
8 0 554759
8 1 554848
8 0 554918
8 1 555019
86 0 555047
79 0 555158
86 1 555199
79 1 555247
66 0 555427
66 1 555508
8 0 555759
8 1 555828
82 0 555839
82 1 555948
66 0 556008
66 1 556128
69 0 556138
69 1 556259
83 0 556347
83 1 556479
8 0 556828
8 1 556908
8 0 556987
8 1 557059
8 0 557128
8 1 557208
8 0 557279
8 1 557348
8 0 557427
8 1 557508
8 0 557587
8 1 557679
77 0 557848
77 1 557948
65 0 557968
65 1 558078
32 0 558088
32 1 558169
73 0 558169
73 1 558259
78 0 558338
84 0 558398
78 1 558427
84 1 558528
65 0 558748
76 0 558838
65 1 558866
76 1 558947
78 0 558997
69 0 559067
78 1 559108
69 1 559167
83 0 559259
83 1 559379
67 0 559487
67 1 559588
32 0 559659
32 1 559810
67 0 559810
85 0 559858
67 1 559928
85 1 559988
32 0 560007
32 1 560100
80 0 560158
82 0 560218
80 1 560269
73 0 560327
82 1 560359
73 1 560440
69 0 560487
69 1 560559
84 0 560681
84 1 560779
69 0 560907
78 0 560987
69 1 561019
78 1 561087
73 0 561198
73 1 561268
190 0 561418
190 1 561508
32 0 561578
32 1 561679
16 0 569169
78 0 569279
16 1 569369
78 1 569399
85 0 569508
85 1 569580
32 0 569648
32 1 569770
65 0 570721
65 1 570829
77 0 570838
77 1 570929
32 0 570969
32 1 571059
86 0 571138
86 1 571229
82 0 571239
82 1 571320
69 0 571408
69 1 571489
32 0 571599
32 1 571679
8 0 571879
8 1 571969
79 0 572038
79 1 572149
32 0 572199
32 1 572310
80 0 572319
65 0 572409
80 1 572429
65 1 572509
82 0 572658
82 1 572709
69 0 572828
69 1 572929
82 0 572989
82 1 573069
69 0 573119
69 1 573227
32 0 573237
32 1 573359
67 0 573369
67 1 573470
76 0 573470
65 0 573589
76 1 573591
65 1 573699
82 0 573829
82 1 573940
65 0 574099
65 1 574189
32 0 574229
68 0 574338
32 1 574359
68 1 574429
69 0 574498
69 1 574580
83 0 574659
83 1 574760
80 0 574768
82 0 574889
80 1 574899
82 1 574999
69 0 575079
69 1 575180
32 0 575180
83 0 575290
32 1 575291
73 0 575359
83 1 575399
83 0 575449
73 1 575470
83 1 575559
84 0 575719
84 1 575829
69 0 575948
77 0 576019
69 1 576050
77 1 576109
85 0 576189
85 1 576269
76 0 576349
76 1 576469
32 0 576489
69 0 576538
32 1 576599
69 1 576638
68 0 576729
85 0 576800
68 1 576839
85 1 576889
67 0 576938
67 1 577030
65 0 577129
65 1 577239
84 0 577409
73 0 577509
84 1 577559
73 1 577609
79 0 577689
79 1 577749
78 0 577831
78 1 577909
65 0 577939
65 1 578039
76 0 578050
76 1 578129
32 0 578168
68 0 578248
32 1 578268
73 0 578298
68 1 578369
73 1 578379
78 0 578459
78 1 578530
32 0 578599
32 1 578699
16 0 578719
82 0 578778
16 1 578861
82 1 578889
79 0 578899
79 1 578999
77 0 579081
77 1 579180
65 0 579219
78 0 579308
65 1 579328
78 1 579409
73 0 579489
65 0 579579
73 1 579589
65 1 579679
32 0 579718
32 1 579810
80 0 579818
69 0 579908
80 1 579929
69 1 580030
78 0 580030
78 1 580129
84 0 580179
84 1 580249
82 0 580318
82 1 580389
89 0 580399
89 1 580469
32 0 580529
67 0 580639
32 1 580649
67 1 580729
8 0 580939
8 1 581029
8 0 581088
8 1 581169
8 0 581229
8 1 581329
85 0 581499
85 1 581589
32 0 581689
67 0 581773
32 1 581790
67 1 581878
65 0 582009
32 0 582099
65 1 582119
32 1 582179
78 0 582238
78 1 582309
85 0 582389
85 1 582479
32 0 582499
32 1 582619
65 0 582688
65 1 582769
77 0 582789
77 1 582889
32 0 582949
32 1 583049
77 0 583138
65 0 583250
77 1 583251
65 1 583331
73 0 583349
73 1 583439
32 0 583518
32 1 583649
65 0 583689
65 1 583779
86 0 583919
85 0 584019
86 1 584028
85 1 584129
84 0 584159
84 1 584289
32 0 584319
32 1 584428
84 0 584448
84 1 584549
82 0 584619
82 1 584739
69 0 584819
69 1 584909
65 0 585049
65 1 585129
66 0 585139
66 1 585230
65 0 585230
65 1 585339
32 0 585369
32 1 585469
67 0 585648
85 0 585729
67 1 585779
85 1 585849
32 0 585869
69 0 585959
32 1 585979
69 1 586082
76 0 586082
76 1 586189
32 0 586209
68 0 586299
32 1 586318
68 1 586389
69 0 586448
32 0 586509
69 1 586580
32 1 586610
77 0 586658
77 1 586749
85 0 586829
85 1 586899
76 0 586979
84 0 587049
76 1 587089
73 0 587149
84 1 587159
73 1 587259
32 0 587289
32 1 587389
65 0 587468
78 0 587549
65 1 587619
78 1 587639
73 0 587729
73 1 587800
190 0 587948
190 1 588030
32 0 588089
32 1 588209
16 0 588360
66 0 588600
16 1 588690
66 1 588729
65 0 588809
78 0 588908
65 1 588918
78 1 588999
85 0 589089
85 1 589169
73 0 589229
69 0 589320
73 1 589339
69 1 589409
83 0 589519
83 1 589630
67 0 589779
32 0 589819
67 1 589850
32 1 589929
67 0 590079
67 1 590209
65 0 590409
65 1 590529
32 0 590609
65 0 590699
32 1 590739
65 1 590831
82 0 590979
32 0 591139
82 1 591149
70 0 591280
32 1 591300
73 0 591349
70 1 591401
73 1 591459
32 0 591460
32 1 591569
76 0 591589
76 1 591699
85 0 591759
67 0 591830
85 1 591860
67 1 591929
82 0 592001
85 0 592079
82 1 592089
82 0 592159
85 1 592189
73 0 592279
82 1 592289
73 1 592400
32 0 592409
68 0 592469
32 1 592530
68 1 592582
69 0 592658
32 0 592708
69 1 592769
73 0 592788
32 1 592809
73 1 592889
77 0 593220
77 1 593299
66 0 593458
66 1 593549
85 0 593660
85 1 593739
78 0 593839
78 1 593930
65 0 593949
65 1 594049
84 0 594259
84 1 594369
65 0 594539
65 1 594629
84 0 594799
84 1 594910
73 0 594910
73 1 595000
84 0 595359
84 1 595479
188 0 595559
188 1 595649
32 0 595699
32 1 595799
67 0 596049
67 1 596129
65 0 596249
32 0 596348
65 1 596369
32 1 596469
80 0 596489
69 0 596558
80 1 596580
69 1 596649
83 0 596759
83 1 596860
84 0 597318
84 1 597429
69 0 597569
69 1 597669
32 0 597699
84 0 597790
32 1 597820
84 1 597879
79 0 597898
79 1 597989
84 0 598019
84 1 598110
188 0 598139
188 1 598239
32 0 598319
32 1 598420
68 0 603587
68 1 603697
65 0 603817
65 1 603897
82 0 604096
82 1 604187
32 0 604356
65 0 604456
32 1 604477
65 1 604546
82 0 604717
82 1 604807
32 0 604847
84 0 604927
32 1 604946
84 1 605037
82 0 605097
82 1 605195
69 0 605266
66 0 605356
69 1 605387
66 1 605435
85 0 605526
85 1 605627
73 0 605706
73 1 605807
32 0 605926
32 1 606058
83 0 606077
83 1 606176
65 0 606246
32 0 606347
65 1 606348
32 1 606470
70 0 606470
73 0 606537
70 1 606578
73 1 606646
85 0 606696
85 1 606786
32 0 606847
32 1 606936
73 0 606947
73 1 607046
78 0 607107
78 1 607206
32 0 607245
32 1 607357
67 0 607376
85 0 607426
67 1 607496
85 1 607517
78 0 607595
78 1 607677
79 0 607747
83 0 607807
79 1 607858
83 1 607897
84 0 608026
73 0 608098
84 1 608136
73 1 608177
78 0 608257
78 1 608358
84 0 608626
84 1 608767
65 0 608956
65 1 609037
32 0 609086
68 0 609176
32 1 609196
68 1 609286
69 0 609386
32 0 609466
69 1 609497
32 1 609647
67 0 609647
67 1 609757
65 0 609875
85 0 609967
65 1 609975
85 1 610078
90 0 610086
90 1 610187
65 0 610256
32 0 610317
65 1 610347
32 1 610447
67 0 610515
67 1 610616
65 0 610726
65 1 610818
32 0 610836
32 1 610947
83 0 611406
83 1 611527
65 0 611576
32 0 611676
65 1 611697
32 1 611770
73 0 611778
73 1 611859
77 0 611955
77 1 612048
73 0 612115
73 1 612197
32 0 612236
68 0 612316
32 1 612357
68 1 612436
65 0 612546
85 0 612627
65 1 612726
85 1 612747
32 0 612877
32 1 612997
67 0 613017
85 0 613106
67 1 613136
85 1 613237
32 0 613676
32 1 613800
80 0 613866
65 0 613936
80 1 613966
65 1 614037
82 0 614226
82 1 614306
69 0 614556
69 1 614687
82 0 614766
82 1 614847
69 0 614957
69 1 615068
65 0 615218
65 1 615306
190 0 615356
190 1 615477
32 0 615567
32 1 615717
16 0 615766
73 0 615827
16 1 615887
73 1 615957
78 0 616055
78 1 616157
32 0 616217
32 1 616348
65 0 616377
76 0 616488
65 1 616489
76 1 616607
84 0 616696
84 1 616798
69 0 616926
69 1 617017
32 0 617046
32 1 617187
84 0 617206
84 1 617337
65 0 617586
65 1 617707
82 0 617837
73 0 617947
82 1 617975
73 1 618147
32 0 620397
32 1 620657
78 0 625477
78 1 625607
8 0 626157
8 1 626377
65 0 626777
77 0 626867
65 1 626907
77 1 626977
32 0 627037
32 1 627125
76 0 627146
76 1 627247
85 0 627316
67 0 627366
85 1 627397
67 1 627467
82 0 627556
82 1 627647
65 0 627817
84 0 627917
65 1 627957
84 1 628027
32 0 628137
68 0 628206
32 1 628216
68 1 628317
65 0 628436
65 1 628549
82 0 628696
32 0 628817
82 1 628847
32 1 628947
78 0 629007
78 1 629067
85 0 629136
85 1 629237
32 0 629246
65 0 629355
32 1 629356
77 0 629446
65 1 629477
77 1 629557
32 0 629587
83 0 629666
32 1 629717
83 1 629767
84 0 629876
85 0 629977
84 1 629996
85 1 630047
68 0 630146
73 0 630256
68 1 630276
73 1 630377
65 0 630427
65 1 630548
84 0 630756
84 1 630877
188 0 632296
188 1 632417
32 0 632578
67 0 632678
32 1 632680
79 0 632737
67 1 632797
79 1 632857
80 0 632926
80 1 633027
73 0 633108
73 1 633197
73 0 633227
73 1 633365
32 0 633375
32 1 633475
78 0 633485
78 1 633616
85 0 633686
85 1 633806
32 0 633816
32 1 633917
65 0 633926
65 1 634027
77 0 634028
77 1 634117
188 0 634246
188 1 634367
32 0 634417
32 1 634547
73 0 634616
73 1 634717
78 0 634787
78 1 634867
32 0 634946
70 0 634996
32 1 635057
73 0 635096
70 1 635156
73 1 635187
78 0 635257
69 0 635336
78 1 635366
69 1 635517
8 0 636037
8 1 636137
8 0 636207
8 1 636297
8 0 636367
8 1 636477
8 0 636537
8 1 636627
8 0 636696
8 1 636777
8 0 636847
8 1 636937
8 0 637007
8 1 637097
68 0 637237
68 1 637347
69 0 637457
32 0 637527
69 1 637616
32 1 637637
65 0 637806
65 1 637916
67 0 638517
69 0 638617
67 1 638627
69 1 638717
69 0 638777
69 1 638906
65 0 638997
32 0 639086
65 1 639117
32 1 639187
78 0 639226
78 1 639316
85 0 639396
85 1 639476
32 0 639496
32 1 639608
80 0 639616
82 0 639697
80 1 639737
82 1 639796
69 0 639846
69 1 639967
65 0 640078
32 0 640156
65 1 640197
32 1 640266
65 0 640276
77 0 640336
65 1 640397
77 1 640447
32 0 640486
80 0 640546
32 1 640579
65 0 640656
80 1 640687
65 1 640757
82 0 640865
82 1 640947
69 0 641047
69 1 641148
82 0 641217
82 1 641356
73 0 641435
73 1 641567
190 0 641727
190 1 641838
32 0 641877
32 1 642017
16 0 647206
83 0 647387
16 1 647477
83 1 647488
84 0 647737
73 0 647838
84 1 647839
73 1 647948
85 0 647987
32 0 648098
85 1 648107
67 0 648217
32 1 648248
67 1 648327
65 0 648448
32 0 648567
65 1 648568
73 0 648657
32 1 648666
73 1 648746
78 0 648826
78 1 648916
32 0 648977
32 1 649058
16 0 649137
70 0 649156
16 1 649287
70 1 649306
73 0 649367
73 1 649447
78 0 649527
78 1 649599
76 0 649698
76 1 649797
65 0 649806
78 0 649906
65 1 649916
78 1 650016
68 0 650026
68 1 650148
65 0 650237
65 1 650359
32 0 650437
32 1 650608
83 0 650706
83 1 650827
69 0 650897
32 0 651007
69 1 651037
73 0 651116
32 1 651136
73 1 651207
78 0 651299
86 0 651367
78 1 651397
86 1 651446
65 0 651606
84 0 651687
65 1 651718
65 0 651816
84 1 651828
65 1 651938
32 0 652457
32 1 652577
77 0 652656
77 1 652777
65 0 652797
73 0 652877
65 1 652917
73 1 653017
32 0 653107
32 1 653258
85 0 653266
83 0 653398
85 1 653399
83 1 653527
79 0 653548
79 1 653687
82 0 653737
32 0 653887
82 1 653927
32 1 654046
83 0 654056
73 0 654126
83 1 654177
32 0 654227
73 1 654246
32 1 654328
77 0 654377
65 0 654456
77 1 654487
65 1 654547
73 0 654556
73 1 654677
32 0 654718
66 0 654747
32 1 654827
73 0 654889
66 1 654907
73 1 655007
78 0 655066
69 0 655147
78 1 655165
69 1 655288
188 0 655316
188 1 655437
32 0 655477
32 1 655557
79 0 655578
82 0 655678
79 1 655696
73 0 655757
82 1 655766
73 1 655896
67 0 655906
85 0 655988
67 1 656047
85 1 656087
77 0 656187
77 1 656287
32 0 656337
83 0 656417
32 1 656446
85 0 656486
83 1 656516
85 1 656578
78 0 656657
78 1 656766
8 0 657006
8 1 657096
8 0 657167
8 1 657257
8 0 657307
69 0 657387
8 1 657397
69 1 657497
85 0 657537
73 0 657597
85 1 657599
73 1 657637
8 0 657987
8 1 658079
8 0 658155
8 1 658238
73 0 658347
73 1 658447
32 0 658477
67 0 658567
32 1 658587
67 1 658677
65 0 658837
32 0 658907
65 1 658958
32 1 659027
78 0 659066
65 0 659107
78 1 659187
65 1 659238
84 0 659397
73 0 659507
84 1 659537
73 1 659607
69 0 659656
32 0 659777
69 1 659787
32 1 659948
83 0 660066
85 0 660156
83 1 660185
85 1 660259
78 0 660346
78 1 660467
84 0 660476
32 0 660617
84 1 660637
70 0 660747
32 1 660756
79 0 660828
70 1 660866
79 1 660957
65 0 661046
65 1 661136
82 0 661257
82 1 661357
84 0 661447
84 1 661537
69 0 661637
69 1 661818
32 0 662407
32 1 662667
69 0 663017
69 1 663137
68 0 663226
85 0 663317
68 1 663347
85 1 663427
67 0 663447
67 1 663537
65 0 663645
84 0 663716
65 1 663776
84 1 663815
73 0 663995
73 1 664106
188 0 664255
188 1 664356
32 0 664425
32 1 664528
80 0 664535
80 1 664647
85 0 664705
85 1 664785
78 0 664875
78 1 664975
32 0 665015
32 1 665105
80 0 665155
80 1 665226
8 0 666215
8 1 666295
80 0 666775
80 1 666886
82 0 666935
82 1 667045
69 0 667185
69 1 667306
84 0 667425
32 0 667525
84 1 667535
32 1 667616
77 0 667665
65 0 667765
77 1 667785
65 1 667895
82 0 668005
82 1 668085
69 0 668175
32 0 668255
69 1 668274
32 1 668386
80 0 668386
69 0 668485
80 1 668504
32 0 668585
69 1 668595
69 0 668675
32 1 668726
69 1 668774
68 0 668845
85 0 668935
68 1 668967
85 1 669037
67 0 669065
67 1 669156
65 0 669244
65 1 669375
84 0 669565
84 1 669675
73 0 669685
73 1 669806
69 0 669845
190 0 669975
69 1 669986
190 1 670077
32 0 670135
32 1 670225
16 0 670275
82 0 670405
16 1 670497
82 1 670516
69 0 670595
69 1 670705
86 0 670826
86 1 670926
8 0 671365
8 1 671456
8 0 671535
8 1 671606
8 0 671675
8 1 671756
8 0 671846
8 1 671916
8 0 671985
8 1 672066
190 0 672635
190 1 672766
32 0 672855
32 1 672996
16 0 673716
68 0 673806
16 1 673888
68 1 673906
65 0 674035
65 1 674116
82 0 674305
82 1 674526
32 0 674685
32 1 674875
83 0 676795
73 0 676896
83 1 676926
73 1 676996
32 0 677055
65 0 677125
32 1 677175
65 1 677205
67 0 677326
67 1 677446
69 0 677525
69 1 677636
83 0 677745
84 0 677785
83 1 677836
84 1 677886
32 0 677955
32 1 678106
76 0 678145
76 1 678266
85 0 678305
67 0 678405
85 1 678415
67 1 678487
82 0 678595
85 0 678645
82 1 678696
85 1 678765
32 0 678795
32 1 678906
73 0 678935
73 1 679065
79 0 679165
79 1 679247
8 0 679595
8 1 679676
76 0 679805
76 1 679887
32 0 679955
83 0 680025
32 1 680065
83 1 680126
84 0 680275
73 0 680345
84 1 680386
73 1 680456
85 0 680485
85 1 680575
32 0 680607
32 1 680725
77 0 680894
77 1 681006
65 0 681055
73 0 681125
65 1 681186
73 1 681245
8 0 681497
8 1 681556
8 0 681635
8 1 681725
8 0 681786
8 1 681876
68 0 681905
73 0 682006
68 1 682026
73 1 682097
78 0 682175
78 1 682256
32 0 682305
65 0 682365
32 1 682415
65 1 682465
85 0 682487
90 0 682596
85 1 682596
73 0 682685
90 1 682705
73 1 682805
84 0 683135
84 1 683286
69 0 683405
188 0 683535
69 1 683546
188 1 683636
32 0 683665
68 0 683745
32 1 683776
68 1 683845
69 0 683907
32 0 683975
69 1 684056
32 1 684085
76 0 684107
65 0 684215
76 1 684224
32 0 684285
65 1 684327
32 1 684415
67 0 684435
79 0 684505
67 1 684566
79 1 684605
76 0 684674
69 0 684735
76 1 684795
69 1 684855
71 0 684965
71 1 685078
73 0 685084
73 1 685246
73 0 685315
73 1 685447
32 0 685495
32 1 685637
67 0 685675
67 1 685805
65 0 685895
65 1 686015
82 0 686135
82 1 686225
69 0 686295
32 0 686385
69 1 686406
32 1 686515
65 0 686525
85 0 686625
65 1 686676
85 1 686748
32 0 686775
32 1 686907
67 0 686907
79 0 686955
67 1 687046
79 1 687077
80 0 687165
80 1 687255
73 0 687336
73 1 687415
73 0 687455
73 1 687556
32 0 687576
32 1 687675
76 0 687705
65 0 687785
76 1 687836
65 1 687896
32 0 687915
83 0 687975
32 1 688026
83 1 688076
67 0 688185
79 0 688266
67 1 688305
79 1 688355
65 0 688435
76 0 688515
65 1 688526
65 0 688605
76 1 688614
32 0 688685
65 1 688726
73 0 688726
32 1 688746
73 1 688827
78 0 688905
78 1 689005
32 0 689055
32 1 689156
16 0 689185
70 0 689215
16 1 689316
70 1 689335
73 0 689385
73 1 689456
78 0 689545
78 1 689616
76 0 689706
65 0 689816
76 1 689817
65 1 689916
78 0 689945
78 1 690026
68 0 690078
68 1 690175
65 0 690295
190 0 690345
65 1 690405
190 1 690446
32 0 690525
32 1 690635
16 0 704406
69 0 704516
16 1 704596
69 1 704616
32 0 704666
68 0 704756
32 1 704837
68 1 704838
82 0 704936
82 1 705036
65 0 705166
71 0 705255
65 1 705276
71 1 705325
85 0 705415
85 1 705536
84 0 705556
84 1 705626
32 0 705655
84 0 705736
32 1 705766
84 1 705827
65 0 706016
66 0 706096
65 1 706126
66 1 706186
76 0 706385
76 1 706496
79 0 706605
79 1 706746
85 0 706865
85 1 706946
76 0 707085
76 1 707196
188 0 707305
188 1 707436
32 0 707455
32 1 707636
80 0 711926
80 1 711966
8 0 712385
8 1 712486
73 0 712575
73 1 712666
77 0 712765
77 1 712846
73 0 712905
73 1 712986
32 0 713026
32 1 713116
80 0 713116
80 1 713217
76 0 713266
65 0 713376
76 1 713386
65 1 713495
67 0 713636
67 1 713765
32 0 714015
32 1 714146
8 0 714315
69 0 714406
8 1 714416
69 1 714526
32 0 714545
32 1 714645
65 0 714676
65 1 714766
82 0 714896
72 0 714996
82 1 715016
72 1 715086
73 0 715166
84 0 715226
73 1 715276
84 1 715326
69 0 715426
69 1 715506
67 0 715625
67 1 715716
84 0 715876
84 1 715987
85 0 715987
82 0 716076
85 1 716077
82 1 716196
65 0 716346
65 1 716426
188 0 716447
65 0 716448
65 1 716496
188 1 716556
32 0 716665
69 0 716705
32 1 716756
69 1 716805
8 0 717016
8 1 717107
8 0 717176
8 1 717246
8 0 717305
8 1 717406
69 0 717565
69 1 717646
8 0 717866
8 1 717986
32 0 718046
69 0 718135
32 1 718166
69 1 718257
32 0 718257
32 1 718347
80 0 718355
80 1 718446
76 0 718515
76 1 718616
73 0 718665
73 1 718736
78 0 718816
78 1 718907
32 0 718975
68 0 719035
32 1 719068
68 1 719126
69 0 719195
32 0 719286
69 1 719316
32 1 719376
79 0 719406
79 1 719496
65 0 719536
77 0 719636
65 1 719646
77 1 719766
69 0 719806
78 0 719866
69 1 719936
78 1 719957
73 0 720036
73 1 720126
188 0 720245
188 1 720346
32 0 720396
68 0 720445
32 1 720497
68 1 720545
69 0 720666
69 1 720726
83 0 720827
73 0 720876
83 1 720966
73 1 721006
32 0 721036
32 1 721126
78 0 721156
78 1 721256
85 0 721335
85 1 721446
32 0 722455
32 1 722645
86 0 722696
86 1 722846
65 0 722976
65 1 723086
68 0 723175
32 0 723346
68 1 723366
70 0 723535
32 1 723546
79 0 723665
70 1 723675
79 1 723785
65 0 723827
65 1 723955
82 0 724115
82 1 724235
84 0 724314
84 1 724415
69 0 724525
69 1 724645
32 0 724674
32 1 724785
66 0 724794
73 0 724884
66 1 724905
73 1 724955
78 0 725055
69 0 725134
78 1 725155
69 1 725235
32 0 725274
32 1 725374
67 0 725415
67 1 725515
69 0 725605
32 0 725685
69 1 725705
70 0 725794
32 1 725815
70 1 725904
65 0 726045
65 1 726126
67 0 726265
67 1 726385
69 0 726474
69 1 726565
32 0 726574
70 0 726684
32 1 726714
70 1 726805
73 0 726844
69 0 726935
73 1 726936
69 1 727035
67 0 727354
67 1 727475
65 0 727595
65 1 727705
82 0 727905
82 1 727995
69 0 728075
69 1 728255
190 0 728315
190 1 728475
32 0 728615
32 1 728826
16 0 730085
77 0 730185
16 1 730255
77 1 730305
189 0 730444
189 1 730535
65 0 730574
77 0 730674
65 1 730695
77 1 730775
32 0 730835
32 1 730934
71 0 731034
71 1 731156
65 0 731225
78 0 731325
65 1 731334
78 1 731434
68 0 731465
73 0 731565
68 1 731585
73 1 731695
84 0 731775
84 1 731895
32 0 731925
32 1 732085
76 0 732164
65 0 732275
76 1 732296
65 1 732385
32 0 733075
32 1 733204
67 0 733745
67 1 733885
8 0 734405
8 1 734475
86 0 734525
86 1 734636
82 0 734775
82 1 734855
69 0 734965
79 0 735065
69 1 735097
79 1 735185
32 0 735235
83 0 735345
32 1 735364
83 1 735455
67 0 735554
67 1 735656
69 0 735755
78 0 735834
69 1 735865
78 1 735945
65 0 736025
65 1 736125
32 0 736184
68 0 736267
32 1 736326
73 0 736344
68 1 736395
73 1 736435
78 0 736494
78 1 736595
32 0 736626
32 1 736727
16 0 736746
65 0 736835
16 1 736888
65 1 736945
78 0 736995
78 1 737095
84 0 737115
84 1 737226
73 0 737226
73 1 737325
67 0 737395
72 0 737475
67 1 737525
72 1 737585
73 0 737655
73 1 737755
84 0 737825
84 1 737935
65 0 738115
65 1 738215
84 0 738365
84 1 738465
69 0 738576
69 1 738675
188 0 738695
188 1 738795
32 0 738887
32 1 738996
80 0 739244
80 1 739356
79 0 739415
65 0 739495
79 1 739545
65 1 739614
84 0 739954
84 1 740145
69 0 740345
69 1 740465
32 0 740505
32 1 740646
68 0 740825
73 0 740914
68 1 740965
73 1 741015
78 0 741096
78 1 741196
32 0 741255
32 1 741357
16 0 741424
66 0 741515
16 1 741578
66 1 741635
73 0 741664
73 1 741785
66 0 741805
66 1 741915
76 0 741925
76 1 742085
73 0 742435
73 1 742545
69 0 742565
69 1 742745
188 0 743015
188 1 743165
32 0 743285
32 1 743555
8 0 749775
8 1 749876
8 0 750245
8 1 750335
190 0 750655
190 1 750685
32 0 751095
32 1 751186
16 0 751225
83 0 751314
16 1 751376
83 1 751426
80 0 751426
69 0 751535
80 1 751545
69 1 751635
82 0 751705
32 0 751827
82 1 751834
83 0 751953
32 1 751974
83 1 752053
65 0 752107
32 0 752165
65 1 752204
32 1 752265
78 0 752295
78 1 752396
85 0 752465
85 1 752553
32 0 752584
70 0 752665
32 1 752717
73 0 752744
70 1 752775
73 1 752865
69 0 752884
32 0 752964
69 1 752985
32 1 753094
86 0 753165
86 1 753286
82 0 753376
82 1 753485
69 0 753566
79 0 753655
69 1 753686
79 1 753773
32 0 753793
80 0 753884
32 1 753894
80 1 754006
73 0 754055
67 0 754115
73 1 754165
67 1 754215
85 0 754395
85 1 754505
8 0 754785
84 0 754865
8 1 754895
84 1 754965
85 0 755015
82 0 755095
85 1 755115
82 1 755235
65 0 755355
65 1 755456
32 0 755465
32 1 755595
70 0 755604
70 1 755695
65 0 755815
73 0 755864
65 1 755915
73 1 755955
77 0 756035
77 1 756125
79 0 756204
65 0 756265
79 1 756296
65 1 756365
83 0 756415
83 1 756526
65 0 756555
32 0 756635
65 1 756665
32 1 756735
80 0 756755
69 0 756845
80 1 756864
69 1 756945
32 0 756975
67 0 757078
32 1 757079
67 1 757164
65 0 757255
65 1 757365
82 0 757527
82 1 757605
69 0 757705
69 1 757796
32 0 757805
68 0 757914
32 1 757924
73 0 757954
68 1 758025
73 1 758055
78 0 758145
78 1 758214
32 0 758275
73 0 758354
32 1 758364
73 1 758456
78 0 758525
84 0 758585
78 1 758614
84 1 758684
65 0 758875
77 0 758965
65 1 759006
77 1 759055
80 0 759145
80 1 759235
76 0 759326
65 0 759385
76 1 759426
65 1 759496
82 0 759925
82 1 759996
69 0 760125
69 1 760235
32 0 760295
32 1 760415
69 0 760485
85 0 760546
69 1 760565
85 1 760656
32 0 760704
32 1 760784
78 0 760825
78 1 760916
85 0 760985
85 1 761096
32 0 761115
32 1 761215
79 0 761244
79 1 761356
32 0 761365
32 1 761474
82 0 761475
82 1 761566
69 0 761634
69 1 761725
67 0 761845
85 0 761906
67 1 761956
85 1 761997
78 0 762085
78 1 762155
79 0 762245
83 0 762336
79 1 762337
83 1 762436
67 0 762555
67 1 762646
190 0 762656
190 1 762755
32 0 762856
32 1 762964
16 0 763344
79 0 763625
16 1 763694
79 1 763734
65 0 763805
65 1 763917
77 0 763917
77 1 764026
69 0 764095
69 1 764206
78 0 764225
78 1 764335
73 0 764445
73 1 764545
73 0 764595
73 1 764715
32 0 764785
83 0 764885
32 1 764926
83 1 764994
84 0 765215
84 1 765364
65 0 765695
65 1 765815
85 0 765885
85 1 766006
8 0 767285
8 0 767784
8 0 767818
8 0 767851
8 0 767884
8 0 767916
8 0 767951
8 0 767982
8 0 768015
8 0 768048
8 0 768081
8 1 768083
8 0 768493
8 1 768575
16 0 768735
67 0 768826
16 1 768846
67 1 768925
65 0 769065
84 0 769115
65 1 769165
84 1 769215
73 0 769355
73 1 769456
86 0 769456
86 1 769576
65 0 769765
65 1 769895
32 0 770437
32 1 770565
79 0 770576
79 1 770686
65 0 770935
77 0 771035
65 1 771045
77 1 771145
69 0 771185
78 0 771265
69 1 771295
78 1 771357
73 0 771425
73 1 771566
32 0 771575
83 0 771665
32 1 771685
83 1 771804
85 0 771955
85 1 772054
78 0 772165
78 1 772265
84 0 772326
84 1 772455
32 0 772485
73 0 772545
32 1 772566
73 1 772655
78 0 772714
78 1 772815
32 0 772835
32 1 772925
80 0 772935
80 1 773046
73 0 773083
73 1 773175
67 0 773214
73 0 773255
67 1 773355
73 1 773364
79 0 773475
79 1 773607
65 0 773607
65 1 773726
82 0 773887
82 1 773986
69 0 774075
188 0 774125
69 1 774175
188 1 774246
32 0 774296
32 1 774386
66 0 774515
66 1 774625
65 0 774685
78 0 774775
65 1 774794
78 1 774886
85 0 774985
85 1 775056
73 0 775165
73 1 775266
69 0 775275
69 1 775426
83 0 775515
83 1 775637
67 0 775785
67 1 775916
32 0 775935
32 1 776065
67 0 776085
67 1 776216
65 0 776335
32 0 776435
65 1 776465
73 0 776545
32 1 776576
73 1 776645
78 0 776744
84 0 776814
78 1 776837
84 1 776924
82 0 776995
82 1 777115
65 0 777244
32 0 777386
65 1 777394
73 0 777465
32 1 777474
73 1 777555
78 0 777625
78 1 777736
32 0 777785
83 0 777875
32 1 777884
83 1 777965
65 0 778054
65 1 778146
76 0 778165
65 0 778244
76 1 778254
65 1 778355
188 0 778364
188 1 778445
32 0 778505
65 0 778595
32 1 778604
76 0 778665
65 1 778695
76 1 778774
84 0 778945
84 1 779066
73 0 779085
73 1 779165
73 0 779234
73 1 779326
32 0 779415
83 0 779505
32 1 779536
83 1 779606
84 0 779745
84 1 779855
65 0 780045
85 0 780135
65 1 780176
85 1 780255
32 0 780305
32 1 780416
74 0 780444
74 1 780567
79 0 780655
83 0 780764
79 1 780786
83 1 780878
32 0 780878
32 1 780975
80 0 780994
69 0 781107
80 1 781108
32 0 781196
69 1 781226
32 1 781315
84 0 781345
84 1 781475
82 0 781555
82 1 781686
69 0 781735
69 1 781875
80 0 781925
80 1 782046
84 0 782255
84 1 782355
69 0 782505
190 0 782567
69 1 782626
190 1 782675
32 0 782775
32 1 782866
16 0 782945
80 0 783216
16 1 783326
80 1 783335
82 0 783663
73 0 783723
82 1 783754
73 1 783853
77 0 783963
77 1 784063
85 0 784473
85 1 784563
76 0 784713
76 1 784813
32 0 784903
32 1 784985
76 0 785013
76 1 785103
189 0 785202
189 1 785314
65 0 785333
65 1 785444
77 0 785463
77 1 785543
32 0 785713
32 1 785803
66 0 785943
66 1 786007
65 0 786007
65 1 786114
8 0 786462
8 1 786564
8 0 786632
8 1 786734
86 0 786934
65 0 787003
86 1 787042
65 1 787094
90 0 787203
85 0 787273
90 1 787294
85 1 787364
84 0 787453
84 1 787524
32 0 787613
32 1 787704
80 0 787763
69 0 787853
80 1 787873
69 1 787954
32 0 787963
32 1 788064
66 0 788193
65 0 788293
66 1 788302
65 1 788394
82 0 788512
82 1 788633
66 0 788653
66 1 788735
65 0 788803
65 1 788882
84 0 789083
85 0 789194
84 1 789195
85 1 789284
76 0 789423
76 1 789533
32 0 789613
32 1 789724
67 0 789763
67 1 789864
65 0 790003
65 1 790114
82 0 790273
82 1 790354
69 0 790443
32 0 790533
69 1 790544
83 0 790643
32 1 790664
83 1 790734
84 0 790923
84 1 791054
65 0 791233
32 0 791354
65 1 791364
32 1 791463
80 0 791513
69 0 791574
80 1 791614
69 1 791695
32 0 791695
32 1 791813
84 0 791903
84 1 792044
82 0 792093
82 1 792214
69 0 792283
69 1 792433
80 0 792434
80 1 792544
82 0 793003
82 1 793053
8 0 793433
8 1 793544
84 0 793563
84 1 793684
69 0 793794
32 0 793893
69 1 793903
32 1 794024
8 0 796273
8 1 796384
188 0 796613
188 1 796714
32 0 796823
32 1 796904
82 0 799512
82 1 799624
69 0 799713
69 1 799824
90 0 799943
90 1 800024
69 0 800143
69 1 800234
77 0 800243
77 1 800355
65 0 800383
65 1 800484
84 0 800694
84 1 800814
32 0 800833
73 0 800924
32 1 800932
73 1 801023
78 0 801143
78 1 801203
32 0 801413
32 1 801513
67 0 801523
67 1 801613
79 0 801663
79 1 801733
84 0 801833
84 1 801923
188 0 801983
188 1 802093
32 0 802193
32 1 802314
67 0 802693
67 1 802813
82 0 802933
82 1 803054
69 0 803123
69 1 803213
68 0 803313
68 1 803404
32 0 803424
32 1 803534
67 0 803654
67 1 803783
65 0 803902
32 0 804013
65 1 804033
32 1 804175
69 0 805713
69 1 805834
32 0 805843
67 0 805973
32 1 805984
85 0 806054
67 1 806114
85 1 806165
32 0 806193
67 0 806274
32 1 806304
79 0 806394
67 1 806413
79 1 806484
84 0 806584
85 0 806664
84 1 806684
85 1 806754
76 0 806864
76 1 806964
32 0 807003
32 1 807083
80 0 807113
80 1 807225
69 0 807235
69 1 807313
32 0 807343
32 1 807463
79 0 807493
79 1 807614
32 0 807623
32 1 807734
67 0 807743
85 0 807854
67 1 807862
85 1 807962
84 0 808053
73 0 808163
84 1 808245
73 1 808283
69 0 808433
190 0 808543
69 1 808562
190 1 808644
32 0 808713
32 1 808822
16 0 808873
16 1 809136
16 0 809263
78 0 809473
16 1 809526
78 1 809563
85 0 809713
85 1 809804
32 0 809893
32 1 809994
80 0 810013
80 1 810133
82 0 810142
82 1 810253
69 0 810353
69 1 810454
65 0 810603
65 1 810724
32 0 810743
32 1 810864
86 0 810932
86 1 811023
65 0 811163
65 1 811274
68 0 811373
68 1 811504
32 0 811543
32 1 811674
70 0 811703
70 1 811815
69 0 811923
69 1 812026
77 0 812026
69 0 812123
77 1 812143
69 1 812223
73 0 812293
73 1 812404
32 0 812594
32 1 812724
83 0 816533
73 0 816603
83 1 816664
73 1 816714
32 0 816934
32 1 817044
78 0 817083
78 1 817184
73 0 817293
67 0 817385
73 1 817393
73 0 817474
67 1 817503
73 1 817575
32 0 817624
32 1 817713
67 0 817773
79 0 817853
67 1 817883
79 1 817965
80 0 818073
80 1 818194
73 0 818303
73 1 818414
73 0 818463
73 1 818554
190 0 819105
190 1 819284
32 0 819464
32 1 819714
8 0 821363
8 1 821444
8 0 821524
8 1 821593
188 0 821743
188 1 821875
32 0 821964
32 1 822132
86 0 822313
86 1 822444
65 0 822624
65 1 822754
68 0 822833
68 1 822954
32 0 822993
32 1 823154
77 0 823303
77 1 823405
85 0 823494
85 1 823575
76 0 823673
84 0 823763
76 1 823782
73 0 823863
84 1 823872
73 1 823983
32 0 824023
32 1 824113
66 0 824193
65 0 824303
66 1 824312
65 1 824403
82 0 824533
82 1 824635
66 0 824654
66 1 824744
65 0 824803
65 1 824875
84 0 825084
73 0 825164
84 1 825174
73 1 825294
190 0 825544
190 1 825685
32 0 829314
32 1 829465
16 0 829584
68 0 829644
16 1 829704
68 1 829734
69 0 829813
69 1 829924
83 0 830024
73 0 830075
83 1 830142
73 1 830194
32 0 830223
68 0 830283
32 1 830344
68 1 830394
65 0 830513
65 1 830606
67 0 830606
67 1 830694
65 0 830704
65 1 830803
32 0 830833
32 1 830923
77 0 830963
65 0 831033
77 1 831084
65 1 831133
32 0 831153
32 1 831223
85 0 831253
85 1 831325
73 0 831403
84 0 831493
73 1 831513
84 1 831625
32 0 831625
32 1 831725
77 0 831975
65 0 832083
77 1 832092
73 0 832173
65 1 832193
73 1 832263
32 0 832293
32 1 832403
66 0 832433
73 0 832523
66 1 832543
73 1 832615
78 0 832683
78 1 832784
69 0 832813
69 1 832924
32 0 832943
32 1 833043
73 0 833043
73 1 833136
78 0 833203
78 1 833284
32 0 833334
68 0 833393
32 1 833465
68 1 833504
82 0 833613
82 1 833734
69 0 833813
69 1 833964
65 0 834063
65 1 834155
80 0 834513
80 1 834614
84 0 834683
84 1 834805
65 0 835084
32 0 835204
65 1 835233
32 1 835424
67 0 838204
67 1 838314
82 0 838453
82 1 838524
69 0 838614
69 1 838704
68 0 838784
68 1 838886
32 0 838886
67 0 838994
32 1 839034
67 1 839094
65 0 839203
32 0 839293
65 1 839303
32 1 839415
84 0 839486
79 0 839563
84 1 839573
84 0 839653
79 1 839672
84 1 839753
85 0 839763
85 1 839844
83 0 839913
73 0 839983
83 1 840003
73 1 840083
32 0 840103
32 1 840214
83 0 840243
85 0 840323
83 1 840352
85 1 840403
78 0 840474
84 0 840553
78 1 840572
32 0 840654
84 1 840654
32 1 840724
78 0 840743
78 1 840843
73 0 840913
83 0 840953
73 1 841003
83 1 841045
84 0 841174
84 1 841274
32 0 841473
32 1 841594
8 0 841803
8 1 841876
69 0 841913
32 0 842023
69 1 842033
32 1 842135
70 0 842163
70 1 842294
69 0 842463
69 1 842564
77 0 842573
69 0 842653
77 1 842673
69 1 842763
73 0 842794
73 1 842886
190 0 843223
190 1 843326
32 0 843423
32 1 843524
