16 0 64541
86 0 64736
16 1 64798
86 1 64798
82 0 64978
82 1 65049
69 0 65144
69 1 65271
77 0 65272
77 1 65337
69 0 65361
69 1 65448
65 0 65577
32 0 65645
65 1 65680
32 1 65720
69 0 65797
69 1 65897
83 0 66010
83 1 66073
84 0 66237
84 1 66299
69 0 66425
69 1 66537
32 0 66582
32 1 66682
70 0 66887
70 1 67001
79 0 67037
79 1 67154
65 0 67171
65 1 67282
8 0 67500
8 1 67518
8 0 67994
8 1 68074
8 0 68516
8 1 68544
83 0 68719
83 1 68883
80 0 69039
80 1 69204
69 0 69253
69 1 69419
67 0 69884
67 1 69995
73 0 70019
73 1 70067
70 0 70127
70 1 70235
73 0 70259
73 1 70331
67 0 70355
67 1 70427
65 0 70555
65 1 70692
32 0 70692
32 1 70720
65 0 70905
65 1 71004
78 0 71048
78 1 71116
73 0 71184
73 1 71292
8 0 72100
8 1 72111
8 0 72228
8 1 72256
8 0 72400
8 1 72408
65 0 74429
65 1 74465
78 0 74642
78 1 74734
79 0 75486
79 1 75646
84 0 75862
84 1 75966
80 0 75990
80 1 76021
73 0 76454
73 1 76470
77 0 76543
77 1 76622
80 0 76718
80 1 76766
85 0 76910
85 1 76959
76 0 77103
76 1 77139
85 0 77270
85 1 77287
73 0 77375
73 1 77456
32 0 77523
32 1 77604
8 0 78118
8 0 78619
8 0 78649
8 0 78679
8 0 78710
8 0 78741
8 0 78771
8 0 78801
8 0 78831
8 1 78847
8 0 78959
8 1 79008
8 0 79076
8 1 79139
8 0 79168
8 1 79232
8 0 79362
8 1 79380
65 0 79792
65 1 79920
78 0 79945
78 1 80056
84 0 80221
84 1 80289
8 0 80992
8 1 81040
79 0 81826
79 1 81874
84 0 82038
84 1 82138
73 0 82145
73 1 82192
77 0 82234
77 1 82305
80 0 82383
80 1 82451
85 0 82618
85 1 82645
76 0 82754
76 1 82817
85 0 82945
85 1 82982
73 0 83074
73 1 83138
32 0 83194
32 1 83265
65 0 83309
65 1 83417
67 0 83562
67 1 83578
84 0 83735
84 1 83766
85 0 83799
85 1 83859
65 0 83971
76 0 84055
65 1 84078
76 1 84114
188 0 84547
188 1 84586
32 0 84707
32 1 84754
73 0 84919
73 1 84967
65 0 85015
65 1 85075
82 0 85238
82 1 85378
78 0 85424
66 0 85425
78 1 85475
66 1 85475
65 0 85595
65 1 85655
61 0 85924
61 1 85959
61 0 86052
61 1 86100
61 0 86168
61 1 86216
8 0 86708
8 1 86727
8 0 86824
8 1 86859
8 0 86928
8 1 86980
8 0 87048
8 1 87095
8 0 87204
8 1 87240
8 0 87364
8 1 87400
8 0 87491
8 1 87539
8 0 87684
8 1 87719
65 0 88261
65 1 88325
82 0 88521
82 1 88536
78 0 88717
78 1 88789
65 0 88866
65 1 88948
190 0 89540
190 1 89588
16 0 90086
13 0 90138
16 1 90246
13 1 90246
16 0 92198
90 0 93087
90 1 93223
16 1 93243
73 0 93343
73 1 93382
32 0 93479
32 1 93543
68 0 93663
68 1 93750
69 0 93871
69 1 93943
32 0 93967
32 1 94047
90 0 94135
90 1 94263
73 0 94288
73 1 94319
32 0 94776
32 1 94799
80 0 95097
80 1 95131
76 0 95241
76 1 95304
79 0 95400
79 1 95464
85 0 95592
85 1 95655
65 0 95692
65 1 95800
32 0 95964
32 1 96023
8 0 99682
8 1 99698
188 0 100042
188 1 100090
32 0 100255
32 1 100306
69 0 103597
69 1 103632
83 0 103757
83 1 103836
84 0 103981
84 1 104028
69 0 104140
69 1 104253
32 0 104277
32 1 104364
70 0 104400
70 1 104460
82 0 104556
82 1 104676
73 0 104685
73 1 104745
71 0 104810
71 1 104932
188 0 104940
188 1 105061
32 0 105120
32 1 105261
69 0 106029
69 1 106157
8 0 106734
8 1 106797
67 0 107189
67 1 107327
69 0 107566
69 1 107630
65 0 107757
65 1 107878
84 0 108007
84 1 108055
65 0 108243
32 0 108351
65 1 108374
32 1 108422
83 0 108471
83 1 108607
73 0 108630
73 1 108718
32 0 108787
32 1 108902
77 0 109295
77 1 109359
85 0 109486
85 1 109526
76 0 109647
76 1 109727
84 0 109739
84 1 109839
32 0 109876
32 1 109936
78 0 110132
78 1 110248
79 0 110276
79 1 110484
82 0 110568
82 1 110720
79 0 110743
79 1 110911
73 0 111108
73 1 111208
32 0 111316
32 1 111359
73 0 112384
73 1 112432
78 0 112488
78 1 112545
32 0 112656
32 1 112709
8 0 114323
8 1 114358
8 0 114397
8 1 114465
8 0 114561
8 1 114610
80 0 115186
80 1 115233
69 0 115270
69 1 115385
32 0 115402
32 1 115449
83 0 115498
83 1 115602
84 0 115730
84 1 115798
82 0 115923
82 1 116035
65 0 116199
65 1 116246
90 0 116370
90 1 116498
73 0 116499
73 1 116552
76 0 116660
76 1 116711
69 0 116730
69 1 116842
32 0 116850
32 1 116903
85 0 117011
85 1 117075
78 0 117099
78 1 117203
68 0 117228
68 1 117275
69 0 117377
32 0 117491
69 1 117514
32 1 117566
65 0 118019
65 1 118066
83 0 118145
83 1 118276
70 0 118387
70 1 118452
65 0 118580
65 1 118699
76 0 118786
76 1 118850
84 0 118965
84 1 119028
85 0 119052
85 1 119123
76 0 119236
76 1 119304
32 0 119404
32 1 119436
78 0 119684
78 1 119764
85 0 119820
85 1 119923
32 0 119960
32 1 120051
73 0 121197
73 1 121245
83 0 121315
73 0 121413
83 1 121436
73 1 121469
32 0 121517
32 1 121589
70 0 121613
70 1 121685
65 0 121821
65 1 121877
67 0 122005
67 1 122040
69 0 122165
69 1 122201
32 0 122294
32 1 122329
67 0 122336
67 1 122454
85 0 122454
85 1 122517
78 0 122542
78 1 122614
80 0 122734
79 0 122735
80 1 122742
79 1 122761
83 0 122762
83 1 122838
67 0 122932
67 1 123077
8 0 123283
8 1 123350
8 0 123426
8 1 123574
8 0 123651
8 1 123702
8 0 123958
8 1 124022
79 0 124743
79 1 124811
83 0 124811
83 1 124887
67 0 125015
67 1 125095
85 0 125151
85 1 125255
84 0 125279
84 1 125375
65 0 125495
32 0 125579
65 1 125615
32 1 125659
80 0 125783
80 1 125852
82 0 125852
82 1 125915
69 0 125988
69 1 126087
90 0 126191
90 1 126279
69 0 126391
69 1 126455
78 0 126507
78 1 126567
84 0 126608
84 1 126655
65 0 126812
65 1 126936
190 0 127432
190 1 127483
16 0 127704
13 0 127857
13 1 127944
16 1 128072
16 0 128393
16 1 128456
16 0 128970
13 0 129082
13 1 129225
16 1 129245
16 0 133884
90 0 134112
16 1 134228
90 1 134239
73 0 134619
73 1 134668
76 0 134796
76 1 134844
69 0 134887
69 1 134987
76 0 134988
76 1 135052
69 0 135075
69 1 135195
32 0 135240
32 1 135307
84 0 135677
84 1 135728
82 0 135860
82 1 135900
69 0 135997
69 1 136077
67 0 136205
67 1 136284
85 0 136321
85 1 136436
84 0 136445
84 1 136505
69 0 136637
69 1 136720
32 0 136721
32 1 136796
65 0 136865
32 0 136957
65 1 136981
32 1 137028
70 0 137097
70 1 137204
79 0 137233
79 1 137308
83 0 137333
83 1 137419
84 0 137548
84 1 137633
32 0 137634
32 1 137725
76 0 137802
76 1 137858
65 0 137910
32 0 137986
65 1 138005
32 1 138061
70 0 138172
70 1 138210
69 0 138318
76 0 138402
69 1 138421
76 1 138462
32 0 138590
32 1 138637
86 0 138801
86 1 138849
82 0 138890
82 1 138945
69 0 139038
69 1 139166
77 0 139166
77 1 139229
69 0 139254
69 1 139358
65 0 139486
65 1 139597
188 0 140614
188 1 140627
32 0 140703
32 1 140751
76 0 140828
76 1 140894
65 0 140951
65 1 140983
32 0 140983
32 1 141055
70 0 141199
70 1 141342
69 0 142016
69 1 142160
76 0 142204
76 1 142303
32 0 142360
32 1 142432
68 0 142559
68 1 142640
69 0 142736
69 1 142848
32 0 142848
32 1 142896
73 0 142992
73 1 143055
78 0 143111
78 1 143184
67 0 143228
72 0 143360
67 1 143383
72 1 143431
73 0 143460
73 1 143567
83 0 143567
83 1 143648
65 0 143744
65 1 143880
32 0 143888
32 1 143948
8 0 144440
8 1 144497
190 0 146978
190 1 147025
16 0 148450
13 0 148491
13 1 148666
16 1 148678
86 0 149203
86 1 149267
82 0 149411
82 1 149491
69 0 149568
69 1 149699
77 0 149699
77 1 149763
69 0 149787
69 1 149883
65 0 149987
32 0 150072
65 1 150107
32 1 150134
8 0 150604
8 1 150616
8 0 150733
8 1 150744
8 0 150820
8 1 150856
8 0 150905
8 1 150948
8 0 151017
8 1 151076
8 0 151144
8 1 151192
8 0 151428
8 1 151492
16 0 151656
86 0 151892
16 1 151956
86 1 151956
82 0 152140
82 1 152212
69 0 152289
69 1 152405
77 0 152428
77 1 152480
69 0 152481
69 1 152595
65 0 152726
32 0 152810
65 1 152816
32 1 152901
80 0 153541
80 1 153661
82 0 153749
82 1 153796
69 0 153893
69 1 154005
70 0 154083
70 1 154180
69 0 154258
69 1 154364
82 0 154453
82 1 154521
65 0 154661
65 1 154728
84 0 154894
84 1 154938
65 0 155098
32 0 155214
32 1 155226
65 1 155226
80 0 155334
80 1 155386
69 0 155407
69 1 155518
78 0 155558
78 1 155610
84 0 155683
84 1 155750
82 0 155862
85 0 155930
82 1 155951
85 1 156029
32 0 156058
32 1 156133
77 0 156302
77 1 156438
73 0 156506
73 1 156582
78 0 156618
78 1 156758
69 0 157079
69 1 157207
32 0 157207
32 1 157271
69 0 157399
69 1 157479
83 0 157607
83 1 157686
84 0 157851
84 1 157899
69 0 158143
69 1 158248
32 0 158291
32 1 158359
65 0 158395
65 1 158527
84 0 158683
84 1 158744
85 0 158767
85 1 158871
78 0 158895
78 1 158975
67 0 158984
67 1 159103
73 0 159103
73 1 159163
32 0 159204
32 1 159276
67 0 159305
67 1 159368
65 0 159512
65 1 159592
78 0 159616
78 1 159688
68 0 159712
32 0 159816
68 1 159840
32 1 159872
69 0 159900
69 1 160000
83 0 160104
83 1 160152
84 0 160297
84 1 160360
69 0 160488
69 1 160616
32 0 160617
32 1 160664
80 0 160792
80 1 160828
85 0 161005
85 1 161036
84 0 161100
73 0 161165
84 1 161184
73 1 161255
78 0 161292
78 1 161385
32 0 161441
32 1 161513
79 0 162026
79 1 162061
8 0 162370
8 1 162397
83 0 162521
83 1 162649
79 0 162650
79 1 162729
65 0 162753
65 1 162825
82 0 162970
82 1 163017
69 0 163154
69 1 163214
188 0 163214
188 1 163289
32 0 163345
32 1 163417
78 0 163583
78 1 163619
85 0 163714
85 1 163803
32 0 163847
32 1 163914
69 0 164058
69 1 164139
32 0 164182
32 1 164251
78 0 164327
78 1 164441
73 0 164466
73 1 164570
67 0 164606
73 0 164659
67 1 164718
73 1 164734
32 0 164782
32 1 164858
80 0 164954
80 1 165022
82 0 165063
82 1 165130
69 0 165210
69 1 165278
65 0 165423
32 0 165507
65 1 165518
32 1 165561
70 0 165676
70 1 165712
73 0 165897
73 1 166019
8 0 166252
8 1 166316
82 0 166339
82 1 166484
73 0 166500
73 1 166619
71 0 166664
71 1 166797
32 0 166820
32 1 166915
78 0 167044
78 1 167116
73 0 167171
73 1 167248
67 0 167556
67 1 167644
73 0 167720
73 1 167819
32 0 167876
32 1 167948
80 0 168093
80 1 168173
82 0 168216
82 1 168324
69 0 168385
69 1 168492
65 0 168661
32 0 168705
65 1 168725
32 1 168812
67 0 168908
67 1 168972
65 0 169101
65 1 169220
76 0 169221
76 1 169280
68 0 169333
68 1 169477
32 0 169493
32 1 169581
73 0 171022
73 1 171086
65 0 171110
65 1 171222
82 0 171342
82 1 171389
32 0 171446
32 1 171517
65 0 171822
65 1 171886
68 0 172014
68 1 172094
73 0 172137
69 0 172247
73 1 172263
69 1 172278
82 0 172406
82 1 172434
69 0 172551
69 1 172638
65 0 172935
65 1 173007
32 0 173171
32 1 173218
86 0 173871
86 1 173918
65 0 173964
65 1 174063
78 0 174087
78 1 174174
68 0 174198
68 1 174294
8 0 174792
8 1 174832
8 0 174900
8 1 174976
78 0 175696
78 1 175760
84 0 175888
84 1 175968
85 0 176004
85 1 176064
76 0 176176
76 1 176240
85 0 176352
85 1 176399
73 0 176497
73 1 176565
32 0 176651
32 1 176737
69 0 181675
69 1 181715
83 0 181843
83 1 181923
84 0 182051
84 1 182115
69 0 182242
69 1 182371
32 0 182371
32 1 182391
77 0 182515
77 1 182550
79 0 182611
79 1 182695
68 0 182722
68 1 182787
69 0 182884
69 1 182996
82 0 183053
82 1 183155
65 0 183284
65 1 183348
84 0 183545
84 1 183576
65 0 183830
65 1 183948
188 0 184628
188 1 184664
32 0 184712
32 1 184820
80 0 184949
80 1 184996
82 0 185064
82 1 185124
69 0 185202
69 1 185273
83 0 185397
83 1 185481
73 0 185481
73 1 185541
85 0 185653
85 1 185705
78 0 185757
78 1 185813
8 0 186085
8 1 186133
8 0 186210
8 1 186245
8 0 186313
8 1 186361
8 0 186453
8 1 186477
8 0 186533
8 1 186581
8 0 186659
8 1 186709
8 0 186766
8 1 186821
8 0 186882
8 1 186933
8 0 187012
8 1 187062
32 0 187558
32 1 187582
73 0 188839
73 1 188886
65 0 188911
65 1 189019
82 0 189142
82 1 189210
32 0 189211
32 1 189287
80 0 189414
80 1 189480
82 0 189504
82 1 189583
69 0 189644
69 1 189775
90 0 190248
90 1 190391
73 0 190415
73 1 190464
85 0 190606
85 1 190666
78 0 190707
78 1 190779
69 0 190780
69 1 190871
65 0 190991
32 0 191068
65 1 191104
32 1 191131
8 0 191464
8 1 191499
8 0 191574
8 1 191720
8 0 191777
8 1 191816
8 0 191885
8 1 191928
8 0 192006
8 1 192045
8 0 192118
8 1 192152
8 0 192229
8 1 192269
83 0 192632
83 1 192745
73 0 192873
73 1 192920
85 0 193016
85 1 193080
78 0 193116
78 1 193208
69 0 193232
69 1 193304
65 0 193432
32 0 193561
65 1 193584
32 1 193616
65 0 193850
65 1 193962
84 0 194126
84 1 194217
77 0 194382
77 1 194429
79 0 194478
79 1 194601
83 0 194729
83 1 194809
70 0 194962
70 1 194994
69 0 195114
69 1 195177
82 0 195250
82 1 195370
73 0 195394
73 1 195473
67 0 195485
67 1 195578
65 0 195673
65 1 195801
32 0 195802
32 1 195850
69 0 195918
69 1 195994
83 0 196154
83 1 196170
84 0 196315
84 1 196362
69 0 196475
69 1 196627
32 0 196643
32 1 196714
73 0 196911
73 1 197010
78 0 197027
78 1 197139
32 0 197226
32 1 197277
76 0 197470
76 1 197530
73 0 197659
73 1 197723
77 0 197779
73 0 197883
77 1 197906
73 1 198011
84 0 198055
84 1 198122
69 0 198236
69 1 198372
76 0 198372
76 1 198416
69 0 198416
32 0 198549
69 1 198560
32 1 198587
78 0 198689
78 1 198748
79 0 198784
79 1 198891
82 0 198916
82 1 199019
77 0 199044
77 1 199092
65 0 199212
65 1 199323
76 0 199401
76 1 199468
69 0 199536
69 1 199611
32 0 199764
32 1 199804
8 0 202494
8 1 202533
188 0 202942
188 1 203006
32 0 203065
32 1 203166
67 0 203234
67 1 203309
65 0 203437
65 1 203502
32 0 203526
32 1 203613
67 0 203649
67 1 203765
79 0 203782
79 1 203817
78 0 203874
78 1 203949
67 0 203993
76 0 204093
67 1 204117
76 1 204133
85 0 204254
85 1 204317
90 0 204341
90 1 204462
73 0 204462
73 1 204526
69 0 204583
69 1 204695
32 0 204703
32 1 204798
80 0 207858
80 1 207880
82 0 208000
82 1 208067
73 0 208068
73 1 208128
77 0 208184
77 1 208290
65 0 208290
65 1 208416
86 0 208440
86 1 208536
65 0 208544
65 1 208604
82 0 208755
82 1 208804
65 0 208949
65 1 209057
32 0 209081
32 1 209132
83 0 209132
83 1 209201
65 0 209278
85 0 209378
65 1 209401
85 1 209449
32 0 209509
32 1 209585
84 0 209842
84 1 209953
79 0 210073
79 1 210105
65 0 210166
65 1 210289
77 0 210314
77 1 210400
78 0 210545
78 1 210569
65 0 210614
65 1 210721
32 0 210757
32 1 210849
8 0 216292
8 1 216341
32 0 230051
32 1 230139
69 0 230303
69 1 230378
83 0 230507
83 1 230588
84 0 230732
84 1 230779
69 0 230908
69 1 230988
32 0 231012
32 1 231060
86 0 231180
86 1 231244
82 0 231268
82 1 231340
69 0 231408
69 1 231532
77 0 231555
77 1 231607
69 0 231608
69 1 231715
65 0 231820
32 0 231888
65 1 231936
32 1 231951
80 0 232876
80 1 232924
69 0 232969
69 1 233037
82 0 233114
82 1 233253
70 0 233341
70 1 233408
69 0 233509
69 1 233569
67 0 233709
67 1 233757
84 0 233893
84 1 233945
65 0 234129
65 1 234237
190 0 235183
190 1 235230
16 0 236558
65 0 236750
65 1 236846
16 1 236910
77 0 236955
77 1 237023
32 0 237119
32 1 237183
65 0 237219
65 1 237336
74 0 237351
74 1 237398
85 0 237468
85 1 237567
78 0 237591
78 1 237623
83 0 237651
32 0 237760
83 1 237785
32 1 237798
76 0 237887
76 1 237951
65 0 237987
32 0 238023
32 1 238087
65 1 238099
85 0 238223
85 1 238287
76 0 238399
76 1 238450
84 0 238491
73 0 238592
84 1 238615
73 1 238663
77 0 238699
77 1 238767
65 0 238811
32 0 238884
65 1 238923
32 1 238946
76 0 239039
76 1 239103
73 0 239232
73 1 239280
78 0 239336
78 1 239411
73 0 239412
73 1 239504
69 0 239528
69 1 239633
188 0 239633
188 1 239712
32 0 239768
32 1 239840
65 0 240232
65 1 240336
77 0 240360
77 1 240432
32 0 240509
32 1 240632
83 0 240633
83 1 240704
73 0 240761
73 1 240832
32 0 240888
32 1 240960
67 0 241004
67 1 241088
72 0 241124
72 1 241216
8 0 241961
8 1 241983
8 0 242066
8 1 242113
8 0 242158
8 1 242225
8 0 242281
8 0 242781
8 0 242812
8 0 242841
8 1 242858
8 0 242994
8 1 243014
8 0 243189
8 1 243205
32 0 243626
32 1 243674
67 0 243794
67 1 243906
72 0 243931
72 1 244010
73 0 244018
73 1 244115
65 0 244138
65 1 244211
82 0 244339
82 1 244417
32 0 244441
32 1 244490
65 0 244610
77 0 244663
65 1 244685
77 1 244713
32 0 244819
32 1 244870
83 0 244871
83 1 244994
73 0 245019
73 1 245050
32 0 245086
32 1 245186
68 0 245243
68 1 245314
69 0 245391
69 1 245507
80 0 245530
80 1 245627
65 0 245644
65 1 245715
83 0 245772
73 0 245876
83 1 245902
73 1 245947
84 0 246058
84 1 246147
32 0 246172
32 1 246267
8 0 246764
8 1 246819
16 0 247043
59 0 247211
16 1 247248
59 1 247255
32 0 247419
32 1 247491
16 0 247527
16 1 247924
8 0 247981
8 1 248036
32 0 248308
32 1 248357
8 0 248628
8 1 248676
8 0 248713
8 1 248828
32 0 249133
32 1 249165
16 0 249429
59 0 249596
16 1 249641
59 1 249642
32 0 249805
32 1 249845
16 0 249869
68 0 250028
68 1 250132
16 1 250152
32 0 250343
32 1 250454
8 0 251053
8 1 251085
8 0 251190
8 1 251229
8 0 251510
8 1 251574
16 0 251702
68 0 251928
68 1 251966
16 1 251993
32 0 252139
32 1 252247
16 0 252303
59 0 252463
59 1 252551
48 0 252855
48 1 252878
48 0 252975
48 1 252996
16 1 253111
32 0 253274
32 1 253335
40 0 257881
40 1 258033
8 0 258488
8 1 258569
16 0 268087
59 0 268238
16 1 268291
59 1 268306
173 0 268491
173 1 268558
80 0 268703
80 1 268750
32 0 268955
32 1 269070
59 0 270007
59 1 270019
16 0 270264
48 0 270495
48 1 270607
16 1 270654
32 0 270820
32 1 270851
16 0 282246
90 0 282446
16 1 282534
90 1 282534
73 0 282702
73 1 282742
85 0 282854
85 1 282917
65 0 282942
32 0 283047
65 1 283070
32 1 283101
73 0 283258
73 1 283317
68 0 283454
68 1 283558
8 0 283758
8 1 283813
68 0 284438
68 1 284485
69 0 284607
69 1 284659
65 0 284815
76 0 284875
65 1 284900
76 1 284967
65 0 284991
32 0 285079
65 1 285103
32 1 285151
80 0 285270
80 1 285334
69 0 285834
69 1 285915
78 0 285956
78 1 286055
84 0 286182
84 1 286246
82 0 286340
85 0 286479
82 1 286494
85 1 286510
32 0 286599
32 1 286635
77 0 286760
77 1 286816
73 0 286876
73 1 286936
78 0 286960
78 1 287040
69 0 287041
69 1 287099
32 0 287140
32 1 287256
69 0 288392
69 1 288427
83 0 288572
83 1 288632
84 0 288768
84 1 288808
69 0 288901
69 1 289025
32 0 289057
32 1 289128
83 0 289153
83 1 289225
65 0 289321
32 0 289394
65 1 289408
32 1 289428
77 0 289561
77 1 289596
65 0 289645
32 0 289726
65 1 289745
32 1 289773
84 0 290074
84 1 290137
82 0 290173
82 1 290265
69 0 290309
69 1 290433
90 0 290561
90 1 290616
69 0 290753
69 1 290800
83 0 290922
83 1 290969
67 0 291098
67 1 291162
32 0 291206
32 1 291274
68 0 291439
68 1 291498
69 0 291566
69 1 291674
32 0 291698
32 1 291786
68 0 291822
68 1 291938
73 0 291955
73 1 292049
77 0 292057
77 1 292138
73 0 292162
73 1 292234
78 0 292270
69 0 292322
78 1 292337
69 1 292418
65 0 292546
65 1 292606
84 0 292783
84 1 292841
65 0 293038
65 1 293162
188 0 293188
188 1 293235
32 0 293283
32 1 293355
73 0 294187
73 1 294235
8 0 294676
8 1 294703
85 0 295196
85 1 295275
78 0 295311
78 1 295404
8 0 295692
8 1 295740
8 0 295807
8 1 295883
80 0 296940
80 1 296987
69 0 297045
32 0 297155
69 1 297163
32 1 297195
76 0 297272
76 1 297339
65 0 297396
32 0 297471
65 1 297479
32 1 297513
79 0 297822
79 1 297902
82 0 297999
82 1 298061
65 0 298189
65 1 298308
32 0 298324
32 1 298380
54 0 298773
54 1 298801
32 0 299245
32 1 299281
65 0 299413
65 1 299485
80 0 299509
80 1 299597
82 0 299654
82 1 299731
79 0 299731
79 1 299822
88 0 299899
88 1 300037
73 0 300070
73 1 300102
77 0 300150
65 0 300226
77 1 300233
65 1 300318
84 0 300463
84 1 300534
73 0 300535
73 1 300606
86 0 300684
86 1 300806
188 0 300822
188 1 300895
32 0 301214
32 1 301294
83 0 302103
83 1 302131
65 0 302239
32 0 302324
65 1 302329
32 1 302363
77 0 302479
77 1 302548
69 0 302548
69 1 302623
82 0 302701
82 1 302814
71 0 303010
71 1 303070
32 0 303096
32 1 303175
76 0 303263
76 1 303328
65 0 303351
32 0 303440
65 1 303465
32 1 303511
83 0 304465
83 1 304528
65 0 304673
65 1 304897
76 0 305060
76 1 305168
65 0 305193
65 1 305297
32 0 305321
32 1 305392
83 0 310299
83 1 310326
65 0 310417
65 1 310483
32 0 310552
32 1 310628
86 0 310684
86 1 310812
73 0 310813
73 1 310851
78 0 310875
78 1 310964
32 0 311020
32 1 311140
65 0 311163
65 1 311284
67 0 311411
67 1 311480
65 0 311604
65 1 311683
83 0 311780
83 1 311831
65 0 311995
65 1 312007
32 0 312114
32 1 312163
83 0 312821
83 1 312885
65 0 312996
65 1 313077
32 0 313101
32 1 313173
73 0 313250
73 1 313372
77 0 313389
77 1 313500
73 0 313517
73 1 313565
32 0 313624
32 1 313668
67 0 313746
67 1 313845
79 0 313869
79 1 313957
78 0 314001
78 1 314101
84 0 314125
84 1 314213
8 0 314516
8 1 314553
8 0 314730
8 1 314777
8 0 314838
8 1 314877
8 0 315214
8 1 315318
70 0 316085
70 1 316134
65 0 316298
65 1 316389
67 0 316983
67 1 317047
32 0 317142
32 1 317222
74 0 317583
74 1 317598
79 0 317671
79 1 317735
66 0 317899
66 1 317947
85 0 318091
85 1 318122
173 0 318543
173 1 318631
76 0 318943
76 1 318971
32 0 319097
32 1 319160
8 0 319671
8 1 319708
8 0 319825
8 1 319856
8 0 320120
8 1 320168
8 0 320280
8 1 320320
48 0 320920
173 0 320921
173 1 320960
48 1 320971
8 0 321465
8 1 321529
8 0 321597
8 1 321673
8 0 321713
8 0 322213
8 0 322243
8 0 322274
8 0 322303
8 0 322333
8 0 322364
8 0 322393
8 1 322408
8 0 322521
8 1 322641
8 0 322649
8 1 322793
8 0 322861
8 1 322968
8 0 322993
8 1 323065
32 0 323610
32 1 323646
76 0 324186
76 1 324222
85 0 324414
85 1 324474
67 0 324686
67 1 324746
82 0 324890
82 1 324938
69 0 325015
69 1 325114
90 0 325282
32 0 325343
90 1 325377
32 1 325405
76 0 325530
76 1 325570
65 0 325631
32 0 325679
65 1 325728
32 1 325758
84 0 326011
84 1 326062
65 0 326071
65 1 326179
83 0 326227
83 1 326355
75 0 326395
75 1 326459
85 0 326612
85 1 326659
82 0 326719
73 0 326812
82 1 326835
73 1 326882
76 0 326995
76 1 327056
69 0 327088
69 1 327195
32 0 327195
32 1 327258
67 0 327868
67 1 327932
65 0 328060
65 1 328140
82 0 328285
82 1 328336
69 0 328429
69 1 328540
32 0 328564
32 1 328612
65 0 328740
65 1 328752
82 0 328904
82 1 329005
32 0 329028
32 1 329076
70 0 329136
73 0 329260
70 1 329285
73 1 329315
32 0 329377
32 1 329452
73 0 329530
73 1 329645
68 0 329772
68 1 329820
69 0 329949
69 1 329997
65 0 330142
65 1 330262
76 0 330278
76 1 330349
32 0 330426
32 1 330494
83 0 330518
83 1 330589
65 0 330657
65 1 330734
32 0 330758
32 1 330838
70 0 330886
70 1 330957
73 0 330993
73 1 331053
69 0 331077
32 0 331166
69 1 331189
32 1 331204
77 0 331334
77 1 331374
65 0 331397
73 0 331478
65 1 331498
73 1 331521
32 0 331582
32 1 331645
80 0 331723
80 1 331790
85 0 331933
85 1 331981
84 0 332038
73 0 332115
84 1 332121
73 1 332206
78 0 332243
78 1 332302
32 0 332398
32 1 332478
83 0 332590
83 1 332671
84 0 332866
84 1 332882
82 0 332990
82 1 333070
69 0 333148
69 1 333246
83 0 333358
83 1 333410
65 0 333503
65 1 333614
78 0 333639
78 1 333727
84 0 333771
84 1 333839
69 0 333935
69 1 334014
32 0 334071
32 1 334143
8 0 334487
8 1 334515
190 0 334848
190 1 334870
16 0 337289
36 0 337408
36 1 337520
16 1 337540
16 0 340251
13 0 340418
16 1 340514
13 1 340514
16 0 340770
68 0 340963
16 1 341047
68 1 341048
85 0 341231
85 1 341299
80 0 341463
80 1 341506
65 0 341531
65 1 341635
32 0 341635
32 1 341699
77 0 341776
77 1 341847
85 0 341955
85 1 341991
78 0 342007
78 1 342115
67 0 342139
67 1 342211
65 0 342339
32 0 342423
65 1 342429
32 1 342514
83 0 342699
83 1 342819
65 0 342897
32 0 343013
65 1 343037
32 1 343055
77 0 343240
77 1 343340
69 0 343340
69 1 343379
82 0 343477
82 1 343556
71 0 343668
71 1 343747
32 0 343772
32 1 343823
83 0 343889
83 1 344004
65 0 344100
65 1 344183
32 0 344184
32 1 344283
86 0 344332
86 1 344436
73 0 344460
73 1 344516
90 0 344584
90 1 344731
73 0 344732
73 1 344820
8 0 345125
8 1 345164
8 0 345234
8 1 345284
8 0 345341
8 1 345396
8 0 345474
8 1 345509
8 0 345821
8 1 345829
8 0 346155
8 1 346167
8 0 346244
8 1 346280
73 0 346885
73 1 346953
69 0 346953
69 1 347012
83 0 347125
83 1 347254
32 0 347322
32 1 347434
73 0 347594
73 1 347642
78 0 347682
78 1 347734
32 0 347846
32 1 347894
79 0 347998
79 1 348086
82 0 348087
82 1 348166
65 0 348334
65 1 348378
83 0 348451
83 1 348582
188 0 348974
188 1 349014
32 0 349110
32 1 349191
67 0 349388
67 1 349447
76 0 349471
76 1 349559
85 0 349703
85 1 349767
66 0 349835
66 1 349895
188 0 350303
188 1 350391
32 0 350447
32 1 350559
79 0 352744
79 1 352792
82 0 352837
82 1 352944
73 0 352960
73 1 353008
8 0 353256
8 1 353320
8 0 353388
8 1 353552
8 0 353589
8 1 353656
8 0 353714
8 1 353769
8 0 353825
8 1 353898
32 0 354297
32 1 354332
83 0 354392
83 1 354461
65 0 354594
65 1 354697
85 0 354893
85 1 354902
32 0 354938
32 1 355049
79 0 355118
79 1 355176
82 0 355201
82 1 355305
73 0 355305
73 1 355385
67 0 355421
67 1 355481
69 0 355618
69 1 355661
32 0 355662
32 1 355737
65 0 355793
65 1 355898
76 0 355922
76 1 356018
84 0 356067
84 1 356170
69 0 356338
69 1 356450
32 0 356578
32 1 356639
84 0 357306
84 1 357354
73 0 357410
73 1 357466
80 0 357578
80 1 357626
85 0 357791
85 1 357898
82 0 358012
82 1 358123
73 0 358148
73 1 358195
32 0 358232
32 1 358331
68 0 358356
68 1 358403
69 0 358499
32 0 358604
69 1 358629
32 1 358659
80 0 358779
65 0 358848
80 1 358867
65 1 358962
82 0 359532
82 1 359596
84 0 359908
84 1 359955
89 0 360115
89 1 360145
32 0 360253
32 1 360332
67 0 361228
67 1 361293
85 0 361361
85 1 361453
32 0 361476
32 1 361548
80 0 361677
80 1 361740
82 0 361777
82 1 361900
73 0 361925
73 1 362060
8 0 362686
8 1 362721
73 0 363573
73 1 363612
69 0 363649
69 1 363757
84 0 363885
84 1 363965
69 0 364129
69 1 364334
78 0 364369
78 1 364462
65 0 364487
32 0 364591
65 1 364614
32 1 364630
77 0 364734
77 1 364814
69 0 364851
69 1 364910
65 0 365031
65 1 365158
32 0 365166
32 1 365214
8 0 368000
8 1 368023
190 0 368656
190 1 368704
16 0 368945
13 0 369105
13 1 369200
16 1 369221
68 0 369617
68 1 369680
69 0 369777
69 1 369856
32 0 369880
32 1 369969
73 0 370046
73 1 370116
78 0 370165
78 1 370280
84 0 370329
84 1 370369
65 0 370533
65 1 370665
8 0 370769
8 1 370809
8 0 370897
8 1 371050
8 0 371098
8 1 371137
8 0 371214
8 1 371249
8 0 371346
8 1 371393
8 0 371522
8 1 371570
8 0 371753
8 1 371825
16 0 371922
68 0 372114
16 1 372179
68 1 372179
69 0 372305
69 1 372418
32 0 372530
32 1 372577
73 0 372714
73 1 372762
78 0 372798
78 1 372914
84 0 373571
84 1 373635
65 0 373840
65 1 373955
76 0 374068
76 1 374187
78 0 374315
78 1 374386
73 0 374444
73 1 374547
84 0 374607
84 1 374706
32 0 374731
32 1 374803
83 0 379334
83 1 379373
65 0 379476
32 0 379545
32 1 379606
65 1 379606
77 0 379682
77 1 379734
65 0 379770
32 0 379824
32 1 379878
65 1 379878
73 0 379991
73 1 380026
78 0 380066
78 1 380166
84 0 380203
84 1 380263
65 0 380425
76 0 380503
65 1 380526
76 1 380573
78 0 380662
78 1 380742
69 0 380766
69 1 380814
83 0 380934
83 1 381014
67 0 381127
67 1 381207
32 0 381230
32 1 381319
67 0 381343
67 1 381446
85 0 381490
85 1 381590
32 0 381635
32 1 381701
8 0 381888
8 0 382388
8 0 382417
8 0 382448
8 0 382479
8 0 382508
8 0 382540
8 0 382570
8 0 382600
8 0 382630
8 0 382660
8 0 382691
8 1 382702
78 0 383416
78 1 383454
84 0 383575
84 1 383623
76 0 383896
76 1 383960
8 0 384201
8 1 384280
65 0 384316
65 1 384408
76 0 384953
76 1 385096
78 0 385260
78 1 385368
69 0 385393
69 1 385428
83 0 385545
83 1 385609
67 0 385721
67 1 385788
32 0 385789
32 1 385865
8 0 386122
8 1 386170
8 0 386365
8 1 386382
8 0 386445
8 1 386493
8 0 386558
8 1 386593
8 0 386697
8 1 386717
8 0 386810
8 1 386857
8 0 386914
8 1 386969
8 0 387046
8 1 387081
8 0 401152
8 1 401232
78 0 401730
78 1 401793
84 0 401998
84 1 402064
65 0 402177
65 1 402297
76 0 402313
76 1 402449
78 0 402517
78 1 402625
69 0 402625
69 1 402673
83 0 402809
83 1 402869
67 0 402958
67 1 403073
32 0 403097
32 1 403169
67 0 403225
67 1 403284
85 0 403394
85 1 403474
32 0 403531
32 1 403650
80 0 403815
80 1 404018
82 0 404223
82 1 404345
73 0 404386
69 0 404443
73 1 404474
69 1 404530
84 0 404674
84 1 404722
69 0 404818
78 0 404931
69 1 404954
78 1 404986
73 0 405074
73 1 405126
73 0 405218
73 1 405282
188 0 405498
188 1 405627
32 0 405667
32 1 405746
70 0 407043
70 1 407107
79 0 407185
83 0 407239
79 1 407259
83 1 407370
84 0 407440
84 1 407547
73 0 407555
73 1 407591
73 0 407665
73 1 407764
32 0 407800
32 1 407876
67 0 407932
79 0 407977
67 1 408012
79 1 408039
76 0 408100
76 1 408212
69 0 408212
69 1 408276
71 0 408404
71 1 408516
73 0 408540
73 1 408576
188 0 408770
188 1 408900
32 0 408944
32 1 409044
67 0 409364
67 1 409448
79 0 409449
79 1 409507
76 0 409587
69 0 409657
76 1 409675
69 1 409732
73 0 409990
73 1 410037
8 0 410342
8 1 410405
71 0 410701
73 0 410746
71 1 410764
73 1 410853
32 0 410897
32 1 411005
68 0 411006
68 1 411053
69 0 411157
69 1 411237
32 0 411262
32 1 411333
76 0 411410
76 1 411517
65 0 411534
65 1 411646
32 0 411646
32 1 411693
76 0 411973
76 1 412022
79 0 412134
79 1 412198
67 0 412242
67 1 412358
85 0 412359
85 1 412406
76 0 412518
76 1 412582
32 0 412660
32 1 412726
65 0 413055
65 1 413086
67 0 413207
67 1 413286
84 0 413439
84 1 413499
85 0 413539
85 1 413606
65 0 413678
76 0 413799
65 1 413822
76 1 413854
32 0 413959
32 1 413994
68 0 414001
68 1 414087
69 0 414155
32 0 414220
69 1 414269
32 1 414283
77 0 414415
77 1 414443
85 0 414536
85 1 414571
78 0 414619
67 0 414684
78 1 414703
67 1 414739
65 0 414856
65 1 414984
32 0 415008
32 1 415055
83 0 415243
83 1 415259
65 0 415368
65 1 415448
85 0 415484
85 1 415575
32 0 415619
32 1 415691
68 0 415783
68 1 415831
69 0 415944
32 0 416028
69 1 416051
32 1 416119
76 0 416197
76 1 416263
65 0 416320
32 0 416465
65 1 416485
32 1 416486
68 0 417176
68 1 417211
65 0 417344
65 1 417400
78 0 417437
78 1 417537
83 0 417537
83 1 417641
85 0 417664
85 1 417713
82 0 417760
73 0 417821
82 1 417856
73 1 417883
76 0 418008
76 1 418077
69 0 418077
69 1 418199
32 0 418224
32 1 418256
80 0 418413
80 1 418474
69 0 418529
69 1 418633
32 0 418657
32 1 418680
67 0 418778
67 1 418826
65 0 418954
65 1 419017
82 0 419162
82 1 419209
69 0 419287
32 0 419410
32 1 419421
69 1 419421
76 0 419546
76 1 419585
69 0 419633
32 0 419738
69 1 419761
32 1 419777
80 0 420098
80 1 420145
82 0 420482
82 1 420513
65 0 420670
65 1 420762
67 0 420890
67 1 420939
84 0 421083
84 1 421135
73 0 421187
73 1 421258
67 0 421423
67 1 421546
32 0 421615
32 1 421675
83 0 422274
83 1 422323
65 0 422411
65 1 422555
85 0 422691
85 1 422762
32 0 422931
32 1 422992
67 0 423644
67 1 423712
85 0 423856
85 1 423948
32 0 423991
32 1 424060
79 0 425477
79 1 425564
82 0 426309
82 1 426384
73 0 426437
73 1 426573
67 0 426616
67 1 426732
69 0 426811
69 1 426925
32 0 426949
32 1 427020
65 0 427057
65 1 427230
76 0 427254
76 1 427350
84 0 427385
84 1 427453
69 0 427597
69 1 427725
32 0 427726
32 1 427774
80 0 427958
80 1 428102
69 0 428510
69 1 428545
82 0 428679
82 1 428710
83 0 429062
83 1 429149
79 0 429206
79 1 429267
65 0 429299
65 1 429391
78 0 429447
78 1 429519
69 0 429563
69 1 429663
32 0 429687
32 1 429734
80 0 439092
80 1 439154
69 0 439191
69 1 439307
78 0 439315
78 1 439434
84 0 439484
84 1 439555
82 0 439651
82 1 439763
85 0 439788
85 1 439859
32 0 439915
32 1 439987
65 0 440157
65 1 440277
32 0 440301
32 1 440348
68 0 441044
68 1 441108
73 0 441205
83 0 441261
73 1 441292
83 1 441336
67 0 441460
67 1 441524
85 0 441561
85 1 441676
84 0 441704
84 1 441828
8 0 467098
8 1 467129
8 0 467225
8 1 467257
8 0 467433
8 1 467461
8 0 467570
8 1 467589
8 0 467681
8 1 467729
73 0 468594
73 1 468678
83 0 468707
83 1 468770
67 0 468898
67 1 468962
85 0 468987
85 1 469090
84 0 469126
84 1 469218
65 0 469382
65 1 469507
32 0 469507
32 1 469571
68 0 469626
68 1 469762
73 0 469787
73 1 469915
82 0 469943
82 1 470050
69 0 470094
69 1 470210
67 0 470306
67 1 470371
84 0 470516
84 1 470600
73 0 470600
73 1 470659
73 0 470705
73 1 470835
32 0 470880
32 1 470947
68 0 470971
68 1 471043
69 0 471121
32 0 471192
69 1 471227
32 1 471283
68 0 471588
68 1 471607
69 0 471732
69 1 471795
90 0 472051
90 1 472163
86 0 472336
86 1 472452
79 0 472476
79 1 472525
76 0 472612
76 1 472676
84 0 472841
84 1 472901
65 0 472924
65 1 472997
82 0 473125
82 1 473180
69 0 473269
69 1 473380
32 0 473382
32 1 473445
65 0 473789
65 1 473909
84 0 473964
84 1 474020
65 0 474064
65 1 474132
84 0 474329
84 1 474360
32 0 474380
32 1 474477
80 0 474565
80 1 474628
69 0 474697
69 1 474758
82 0 474834
82 1 474933
83 0 475061
83 1 475141
79 0 475165
79 1 475253
65 0 475298
65 1 475422
78 0 475422
78 1 475454
65 0 475502
76 0 475578
65 1 475602
76 1 475654
65 0 475722
65 1 475846
32 0 475889
32 1 475957
67 0 476013
67 1 476085
65 0 476213
65 1 476294
84 0 476462
84 1 476489
32 0 476582
32 1 476646
83 0 476790
83 1 476919
73 0 476943
73 1 477039
32 0 477066
32 1 477159
67 0 477179
67 1 477254
69 0 477382
69 1 477463
32 0 477486
32 1 477574
84 0 477599
84 1 477702
73 0 477703
73 1 477767
78 0 477803
69 0 477855
78 1 477871
69 1 477994
32 0 478015
32 1 478110
68 0 478112
68 1 478158
69 0 478247
69 1 478331
32 0 478331
32 1 478447
69 0 478463
69 1 478534
68 0 478879
68 1 478939
85 0 478992
85 1 479068
67 0 479068
67 1 479144
65 0 479264
65 1 479324
84 0 479483
84 1 479544
73 0 479568
73 1 479648
65 0 479736
65 1 479848
32 0 479884
32 1 479943
70 0 480824
70 1 480888
73 0 480956
73 1 481063
78 0 481100
78 1 481161
65 0 481217
78 0 481277
65 1 481299
78 1 481400
67 0 482337
67 1 482376
73 0 482437
73 1 482505
65 0 482541
65 1 482681
82 0 482809
82 1 482873
65 0 483037
65 1 483169
32 0 483197
32 1 483272
83 0 483771
83 1 483833
65 0 483946
65 1 484025
85 0 484071
85 1 484153
32 0 484230
32 1 484330
83 0 485931
83 1 486051
84 0 486196
84 1 486307
85 0 486322
85 1 486394
68 0 486438
68 1 486563
73 0 486579
73 1 486622
73 0 486655
73 1 486779
32 0 486983
32 1 487139
80 0 487275
80 1 487327
69 0 487391
69 1 487499
32 0 487524
32 1 487571
67 0 487632
67 1 487692
65 0 487821
65 1 487900
82 0 488036
82 1 488092
69 0 488160
69 1 488308
32 0 488308
32 1 488347
76 0 488484
76 1 488516
69 0 488545
32 0 488621
69 1 488644
32 1 488660
80 0 488996
80 1 489028
79 0 489132
79 1 489212
84 0 489268
32 0 489381
84 1 489387
32 1 489484
65 0 489596
65 1 489708
80 0 489732
80 1 489805
82 0 489862
82 1 489937
79 0 489937
79 1 490029
70 0 490193
70 1 490277
85 0 490277
85 1 490348
78 0 490405
78 1 490509
68 0 490554
68 1 490661
65 0 490765
32 0 490834
65 1 490853
32 1 490925
83 0 491261
83 1 491326
65 0 491437
65 1 491517
85 0 491553
85 1 491645
32 0 491701
32 1 491772
188 0 499394
188 1 499418
32 0 499506
32 1 499542
68 0 499590
68 1 499633
69 0 499710
69 1 499818
32 0 499833
32 1 499881
67 0 499918
67 1 499969
69 0 500106
32 0 500138
69 1 500153
32 1 500173
78 0 500273
85 0 500402
78 1 500425
85 1 500473
188 0 500631
188 1 500738
32 0 500867
32 1 500902
80 0 501163
80 1 501179
32 0 501334
32 1 501382
8 0 501715
8 1 501751
8 0 501843
8 1 501879
79 0 502402
79 1 502442
32 0 502503
32 1 502635
82 0 502663
82 1 502711
69 0 502828
69 1 502899
79 0 503083
79 1 503219
8 0 503391
8 1 503459
8 0 503537
8 1 503604
69 0 504067
69 1 504132
79 0 504244
79 1 504323
82 0 504392
82 1 504467
73 0 504491
73 1 504595
69 0 504620
69 1 504723
78 0 504748
78 1 504836
84 0 504881
84 1 504981
65 0 505133
65 1 505221
82 0 505349
82 1 505396
69 0 505474
69 1 505588
32 0 505613
32 1 505665
73 0 505782
73 1 505845
78 0 505881
78 1 505932
32 0 506053
32 1 506088
68 0 506136
68 1 506244
79 0 506269
79 1 506317
77 0 506365
77 1 506477
69 0 506505
69 1 506612
78 0 506613
78 1 506677
73 0 506721
73 1 506788
85 0 506924
85 1 507012
8 0 507209
8 1 507270
8 0 507347
8 1 507369
8 0 507462
8 1 507484
8 0 507574
8 1 507594
8 0 507717
8 1 507737
8 0 507829
8 1 507851
8 0 507950
8 1 507952
8 0 508078
8 1 508081
8 0 508206
8 1 508210
8 0 508334
8 1 508352
68 0 508886
68 1 508925
69 0 509046
69 1 509110
32 0 509188
32 1 509254
68 0 511544
68 1 511612
79 0 511684
79 1 511792
77 0 512376
77 1 512440
69 0 512484
69 1 512584
78 0 512584
78 1 512632
73 0 512700
73 1 512760
85 0 512888
85 1 512936
190 0 513713
190 1 513773
16 0 524166
83 0 524359
83 1 524470
16 1 524474
73 0 524646
73 1 524767
83 0 524767
83 1 524835
84 0 525010
84 1 525110
69 0 525238
69 1 525287
77 0 525391
77 1 525454
85 0 525566
85 1 525614
76 0 525750
76 1 525802
32 0 525867
32 1 525966
68 0 525991
68 1 526026
69 0 526134
69 1 526238
32 0 526262
32 1 526350
8 0 527160
8 1 527208
8 0 527276
8 1 527415
8 0 527743
8 1 527812
69 0 527928
69 1 528031
68 0 528376
68 1 528431
85 0 528500
67 0 528563
85 1 528600
67 1 528631
65 0 528776
65 1 528817
84 0 528981
73 0 529057
84 1 529082
73 1 529084
79 0 529185
79 1 529220
78 0 529281
78 1 529345
65 0 529389
76 0 529487
65 1 529511
76 1 529543
32 0 529614
32 1 529679
68 0 529725
68 1 529848
73 0 529909
73 1 529985
78 0 530384
78 1 530432
32 0 530568
32 1 530580
16 0 530705
82 0 530961
82 1 531073
16 1 531093
79 0 531218
79 1 531253
77 0 531770
77 1 531818
65 0 531854
65 1 531969
78 0 531994
78 1 532041
73 0 532089
73 1 532234
65 0 532234
65 1 532306
32 0 532330
32 1 532433
8 0 533594
8 1 533606
8 0 533730
8 1 533754
65 0 534867
65 1 534946
188 0 535148
188 1 535219
32 0 535276
32 1 535348
80 0 535484
80 1 535531
69 0 535560
69 1 535652
32 0 535652
32 1 535715
79 0 535892
79 1 535940
32 0 536017
32 1 536123
83 0 536124
83 1 536171
67 0 536292
67 1 536340
65 0 536468
65 1 536531
82 0 536660
82 1 536724
65 0 536887
32 0 536980
65 1 537004
32 1 537019
76 0 537148
76 1 537179
65 0 537228
32 0 537318
65 1 537341
32 1 537372
8 0 537861
8 1 537896
8 0 537988
8 1 538024
8 0 538053
8 1 538093
8 0 538301
8 1 538313
68 0 538437
68 1 538485
8 0 538749
8 1 538781
32 0 539013
32 1 539037
68 0 539108
68 1 539144
69 0 539277
32 0 539321
69 1 539357
32 1 539368
76 0 539462
76 1 539525
65 0 539562
32 0 539671
65 1 539695
32 1 539725
49 0 539846
49 1 539966
32 0 539974
32 1 540053
76 0 540166
76 1 540213
65 0 540270
65 1 540414
32 0 540429
32 1 540478
49 0 540887
49 1 540966
48 0 541247
48 1 541294
32 0 541416
32 1 541461
188 0 542407
188 1 542470
32 0 542539
32 1 542655
68 0 542664
68 1 542743
73 0 542767
73 1 542863
78 0 542879
78 1 542983
32 0 543007
32 1 543055
80 0 543211
80 1 543271
85 0 543439
85 1 543511
67 0 543555
67 1 543655
84 0 543784
84 1 543848
85 0 543884
85 1 543944
76 0 544072
76 1 544136
32 0 544204
32 1 544248
77 0 544360
77 1 544444
69 0 544444
69 1 544552
85 0 544576
85 1 544624
32 0 544660
32 1 544784
68 0 544784
68 1 544812
69 0 544920
32 0 544945
69 1 544996
32 1 545023
86 0 545197
69 0 545208
86 1 545240
69 1 545276
68 0 545408
68 1 545448
69 0 545545
69 1 545624
82 0 545728
82 1 545776
69 0 545864
69 1 545985
32 0 545985
32 1 546044
83 0 546118
83 1 546185
69 0 546350
69 1 546473
32 0 546497
32 1 546584
65 0 546621
65 1 546713
70 0 546877
70 1 547010
76 0 547026
76 1 547137
65 0 547177
65 1 547305
32 0 547306
32 1 547330
85 0 547466
85 1 547513
78 0 547612
78 1 547721
8 0 548490
8 1 548538
8 0 548762
8 1 548842
85 0 549187
85 1 549209
78 0 549262
78 1 549386
68 0 549410
68 1 549456
69 0 549583
69 1 549658
86 0 549962
86 1 550003
65 0 550003
65 1 550162
32 0 550163
32 1 550174
76 0 550283
76 1 550346
65 0 550387
32 0 550492
65 1 550515
32 1 550563
54 0 550995
54 1 551011
190 0 551708
190 1 551771
16 0 552183
16 1 552493
16 0 552972
13 0 553040
16 1 553164
13 1 553165
16 0 557679
83 0 557871
83 1 557983
16 1 558002
69 0 558145
69 1 558254
32 0 558920
32 1 558967
70 0 559216
70 1 559280
65 0 559448
65 1 559504
67 0 559632
67 1 559679
69 0 559776
69 1 559855
32 0 559880
32 1 559952
66 0 560071
66 1 560103
73 0 560164
73 1 560239
78 0 560275
69 0 560352
78 1 560375
69 1 560455
32 0 560544
32 1 560607
8 0 561736
8 0 562239
8 0 562269
8 0 562299
8 0 562329
8 0 562359
8 1 562385
8 0 562547
8 1 562595
8 0 562703
8 1 562723
8 0 562840
8 1 562852
8 0 562913
8 1 562960
8 0 563080
8 1 563097
8 0 563353
8 1 563365
8 0 563505
8 1 563542
16 0 564114
83 0 564298
16 1 564402
83 1 564402
84 0 564603
84 1 564706
85 0 564778
85 1 564898
68 0 564967
68 1 565090
73 0 565134
73 1 565202
73 0 565226
73 1 565346
76 0 565425
76 1 565555
69 0 565579
69 1 565667
32 0 565690
32 1 565786
8 0 568100
8 0 568601
8 0 568631
8 0 568660
8 0 568689
8 0 568719
8 1 568731
8 0 568860
8 1 568875
8 0 568988
8 1 568999
8 0 569244
8 1 569255
16 0 569420
69 0 569741
69 1 569773
16 1 569800
88 0 570342
88 1 570405
73 0 570429
73 1 570557
83 0 570573
83 1 570620
84 0 570781
84 1 570825
65 0 570993
32 0 571125
65 1 571150
32 1 571197
79 0 571301
79 1 571365
32 0 571435
32 1 571493
77 0 571605
77 1 571669
85 0 571746
85 1 571797
76 0 571926
76 1 571990
82 0 572046
82 1 572089
73 0 572182
73 1 572301
8 0 572558
8 1 572589
8 0 572659
8 1 572815
84 0 573526
84 1 573573
73 0 573670
73 1 573846
84 0 573975
84 1 574119
85 0 574283
85 1 574374
68 0 574519
73 0 574588
68 1 574610
73 1 574654
78 0 574715
78 1 574774
69 0 574800
69 1 574903
8 0 576296
8 1 576331
8 0 576392
8 0 576893
8 0 576923
8 0 576953
8 0 576984
8 1 577000
8 0 577104
8 1 577152
8 0 577256
8 1 577276
84 0 577960
84 1 578024
73 0 578080
73 1 578256
68 0 578513
68 1 578573
85 0 578626
85 1 578697
78 0 578753
78 1 578897
73 0 578898
73 1 578985
69 0 579063
69 1 579162
8 0 579474
8 1 579513
8 0 579681
8 1 579721
8 0 579799
8 1 579821
8 0 579921
8 1 579954
85 0 580703
85 1 580762
68 0 580859
68 1 581010
73 0 581026
73 1 581098
78 0 581139
78 1 581226
69 0 581250
69 1 581338
32 0 581362
32 1 581467
68 0 581650
68 1 581726
69 0 581843
69 1 581894
32 0 581918
32 1 582050
83 0 582067
83 1 582114
84 0 582251
84 1 582319
85 0 582338
85 1 582442
68 0 582478
68 1 582611
73 0 582627
73 1 582667
73 0 582745
73 1 582844
32 0 582912
32 1 582987
83 0 584275
83 1 584336
73 0 584400
73 1 584476
32 0 584552
32 1 584659
82 0 585197
82 1 585244
65 0 585408
77 0 585505
65 1 585524
77 1 585544
85 0 585645
85 1 585725
82 0 585769
82 1 585884
73 0 585909
73 1 585956
32 0 586026
32 1 586133
67 0 586288
67 1 586349
65 0 586477
65 1 586540
82 0 586668
82 1 586717
69 0 586813
69 1 586924
32 0 586949
32 1 586981
83 0 587041
83 1 587117
69 0 587222
32 0 587310
69 1 587334
32 1 587349
80 0 587522
80 1 587553
79 0 587677
79 1 587742
84 0 587998
84 1 588117
32 0 588178
32 1 588237
83 0 588382
83 1 588502
85 0 589279
85 1 589422
8 0 590254
8 1 590306
8 0 590624
8 1 590687
83 0 590807
83 1 590934
84 0 591400
84 1 591412
85 0 591528
85 1 591572
68 0 591628
68 1 591775
73 0 591801
73 1 591872
65 0 591896
65 1 592040
32 0 592068
32 1 592175
8 0 592576
8 1 592599
190 0 593089
190 1 593136
32 0 593204
32 1 593280
84 0 593408
84 1 593473
79 0 593497
79 1 593585
84 0 593609
84 1 593712
8 0 593985
8 1 594021
8 0 594305
8 1 594340
8 0 594432
8 1 594452
8 0 594513
8 1 594577
8 0 594649
8 1 594721
32 0 595185
32 1 595221
68 0 596274
68 1 596310
8 0 596698
8 1 596746
70 0 596815
70 1 596914
65 0 597042
65 1 597106
82 0 597250
82 1 597314
65 0 597466
32 0 597555
65 1 597577
32 1 597625
83 0 597746
83 1 597827
65 0 597939
65 1 598018
32 0 598062
32 1 598130
70 0 598295
70 1 598403
73 0 598439
73 1 598499
32 0 598567
32 1 598643
78 0 598755
78 1 598835
69 0 598860
69 1 598906
86 0 599063
86 1 599171
8 0 599375
8 1 599443
8 0 599515
8 1 599571
8 0 599627
8 1 599667
8 0 599771
8 1 599802
73 0 601500
73 1 601540
32 0 603310
32 1 603337
78 0 604903
69 0 604955
78 1 604980
69 1 605046
86 0 605210
86 1 605270
79 0 605295
79 1 605346
73 0 605471
73 1 605527
84 0 605570
84 1 605670
32 0 605694
32 1 605742
83 0 605815
83 1 605942
65 0 606019
65 1 606135
32 0 606159
32 1 606194
67 0 606855
67 1 606923
65 0 607047
65 1 607159
76 0 607184
76 1 607271
65 0 607272
65 1 607351
84 0 607515
84 1 607623
79 0 607647
79 1 607735
82 0 607760
82 1 607863
69 0 607941
69 1 608043
83 0 608175
83 1 608215
84 0 608380
84 1 608439
32 0 608483
32 1 608556
73 0 608688
73 1 608744
78 0 608789
78 1 608856
32 0 608968
32 1 609048
83 0 609352
83 1 609433
84 0 609577
84 1 609641
82 0 609737
82 1 609801
65 0 609952
65 1 610025
73 0 610048
73 1 610145
78 0 610204
78 1 610264
65 0 610300
65 1 610440
84 0 610737
84 1 610753
65 0 610826
65 1 610894
84 0 610894
84 1 610954
69 0 611031
69 1 611137
32 0 611154
32 1 611257
83 0 611562
83 1 611610
65 0 611721
65 1 611833
85 0 611858
85 1 611938
32 0 611985
32 1 612089
8 0 614283
8 1 614410
8 0 614435
8 1 614570
8 0 614638
8 1 614714
8 0 614783
8 1 614843
8 0 615083
8 1 615132
190 0 615756
190 1 615836
16 0 616300
16 1 616875
16 0 617276
13 0 617469
13 1 617580
16 1 617600
16 0 618123
67 0 618277
67 1 618336
16 1 618380
79 0 618493
79 1 618556
78 0 618728
78 1 618853
83 0 618913
83 1 619020
73 0 619045
73 1 619132
68 0 619157
68 1 619236
69 0 619325
69 1 619389
82 0 619502
82 1 619585
32 0 619612
32 1 619677
67 0 619774
67 1 619837
65 0 620002
65 1 620061
32 0 620106
32 1 620173
76 0 621350
76 1 621406
65 0 621518
65 1 621656
32 0 621656
32 1 621683
78 0 621775
78 1 621854
73 0 621891
73 1 622007
86 0 622128
86 1 622162
69 0 622202
69 1 622311
76 0 622327
76 1 622399
32 0 622511
32 1 622535
78 0 622640
78 1 622723
65 0 622723
65 1 622783
84 0 622947
73 0 623040
84 1 623064
73 1 623079
79 0 623184
79 1 623231
78 0 623267
78 1 623359
65 0 623427
65 1 623502
76 0 623527
76 1 623599
32 0 623667
32 1 623743
69 0 624048
69 1 624111
88 0 624276
88 1 624336
73 0 625296
73 1 625364
83 0 625404
83 1 625512
84 0 625640
84 1 625692
65 0 625877
65 1 626000
32 0 626025
32 1 626057
77 0 626705
77 1 626741
85 0 626873
85 1 626885
76 0 627030
76 1 627089
84 0 627113
84 1 627185
69 0 627281
32 0 627333
69 1 627385
32 1 627396
79 0 627521
79 1 627584
80 0 628482
80 1 628533
8 0 629610
8 1 629670
80 0 629939
80 1 629986
8 0 630251
8 1 630299
80 0 630579
80 1 630659
79 0 631179
79 1 631284
82 0 631603
82 1 631651
84 0 631764
84 1 631875
85 0 631900
85 1 631935
78 0 632000
78 1 632123
73 0 632139
73 1 632171
84 0 632187
84 1 632276
65 0 632444
65 1 632500
84 0 632644
84 1 632712
73 0 632744
73 1 632836
32 0 632892
32 1 633004
68 0 633220
68 1 633288
69 0 633396
69 1 633480
32 0 633481
32 1 633588
68 0 633685
68 1 633748
69 0 633825
69 1 633924
90 0 634245
90 1 634308
86 0 634481
86 1 634605
79 0 634614
79 1 634674
76 0 634739
76 1 634861
84 0 634965
84 1 635029
65 0 635198
65 1 635269
82 0 635397
82 1 635445
69 0 635514
69 1 635630
32 0 635637
32 1 635697
83 0 635741
83 1 635861
73 0 635862
73 1 635909
32 0 635977
32 1 636041
68 0 636057
68 1 636133
69 0 636229
32 0 636270
69 1 636314
32 1 636329
80 0 636422
80 1 636485
85 0 636650
85 1 636686
78 0 636746
78 1 636854
69 0 636856
69 1 637014
82 0 637127
82 1 637190
69 0 637267
69 1 637399
32 0 637399
32 1 637447
73 0 637550
73 1 637598
78 0 637635
78 1 637702
32 0 637770
32 1 637851
80 0 638063
80 1 638123
82 0 638291
82 1 638390
65 0 638535
65 1 638583
67 0 638726
67 1 638790
84 0 638920
84 1 638971
73 0 639045
73 1 639112
67 0 639135
67 1 639223
65 0 639351
32 0 639448
65 1 639471
32 1 639518
65 0 639800
65 1 639943
32 0 640012
32 1 640087
67 0 645723
67 1 645791
85 0 645898
85 1 645946
78 0 646002
78 1 646058
79 0 646195
79 1 646267
83 0 646311
83 1 646410
84 0 646539
73 0 646591
84 1 646614
73 1 646683
78 0 646719
78 1 646795
84 0 646819
84 1 646907
69 0 647002
76 0 647115
69 1 647139
76 1 647170
79 0 647291
79 1 647370
82 0 647439
82 1 647548
32 0 647572
32 1 647619
65 0 647708
65 1 647772
67 0 647900
85 0 647968
67 1 647988
85 1 648060
77 0 648104
77 1 648220
85 0 648264
85 1 648372
76 0 648477
76 1 648515
65 0 648515
65 1 648572
84 0 648736
84 1 648796
69 0 648908
69 1 649020
32 0 649045
32 1 649096
73 0 649805
73 1 649869
78 0 649925
78 1 649997
32 0 650074
65 0 650173
32 1 650197
65 1 650244
67 0 650365
67 1 650412
69 0 650557
69 1 650593
83 0 650717
83 1 650829
84 0 650957
84 1 651021
32 0 651058
32 1 651149
83 0 651217
83 1 651325
73 0 651349
83 0 651421
73 1 651446
83 1 651493
84 0 651670
84 1 651680
69 0 651847
69 1 651886
77 0 651931
77 1 651986
32 0 652110
32 1 652174
68 0 652242
68 1 652301
8 0 652670
8 1 652733
69 0 652802
69 1 652918
68 0 653246
68 1 653310
85 0 653353
67 0 653455
85 1 653477
67 1 653510
65 0 654008
65 1 654111
84 0 654239
84 1 654318
73 0 654343
73 1 654415
79 0 654459
79 1 654559
78 0 654595
78 1 654687
65 0 654739
65 1 654863
76 0 654888
76 1 654919
32 0 654988
32 1 655055
65 0 655479
65 1 655567
76 0 655679
76 1 655719
32 0 655879
32 1 655895
16 0 656016
82 0 656288
82 1 656399
16 1 656436
79 0 656612
79 1 656672
77 0 656868
77 1 656984
65 0 657012
78 0 657144
65 1 657154
78 1 657199
8 0 657488
8 1 657508
8 0 657952
8 1 657975
8 0 658064
8 1 658116
77 0 659265
77 1 659449
8 0 660225
8 1 660273
77 0 661074
77 1 661123
65 0 661190
78 0 661323
65 1 661338
78 1 661341
73 0 661409
73 1 661474
69 0 661518
69 1 661586
73 0 661663
73 1 661762
190 0 662338
190 1 662378
16 0 662788
13 0 662932
13 1 663040
16 1 663041
16 0 664548
80 0 664854
80 1 664905
16 1 664947
82 0 665213
82 1 665301
79 0 665301
79 1 665380
70 0 665493
70 1 665556
69 0 665684
69 1 665768
83 0 665892
83 1 666004
79 0 666029
79 1 666109
82 0 666157
82 1 666260
73 0 666285
73 1 666332
73 0 666401
73 1 666532
32 0 666569
32 1 666660
83 0 666685
83 1 666812
85 0 666813
85 1 666868
78 0 666893
78 1 667005
84 0 667034
84 1 667141
32 0 667185
32 1 667285
79 0 667398
79 1 667477
75 0 667590
75 1 667625
188 0 668358
188 1 668410
32 0 668474
32 1 668549
65 0 668593
65 1 668694
82 0 668822
82 1 668869
32 0 668925
32 1 668997
70 0 669022
70 1 669127
73 0 669150
73 1 669254
32 0 669311
32 1 669382
82 0 670182
82 1 670218
69 0 670335
69 1 670382
67 0 670503
67 1 670582
79 0 670607
79 1 670694
77 0 670750
77 1 670822
8 0 671166
8 1 671180
8 0 671367
8 1 671403
8 0 671432
8 1 671552
8 0 671567
8 1 672040
8 0 672336
8 1 672363
8 0 672424
8 1 672488
8 0 672556
8 1 672604
8 0 672677
8 1 672731
8 0 672752
8 1 672856
8 0 672912
8 1 672967
8 0 673045
8 1 673095
68 0 673896
68 1 673932
69 0 674049
69 1 674096
83 0 674217
83 1 674297
73 0 674353
73 1 674456
32 0 675049
32 1 675097
80 0 675537
80 1 675550
79 0 675675
65 0 675698
79 1 675733
65 1 675785
84 0 675950
84 1 676009
69 0 676554
69 1 676682
32 0 676738
32 1 676842
67 0 676970
67 1 677018
69 0 677146
69 1 677210
73 0 677531
73 1 677614
32 0 677739
32 1 677775
77 0 677899
77 1 678019
65 0 678027
65 1 678145
73 0 678174
73 1 678314
32 0 678392
32 1 678490
73 0 678675
73 1 678746
78 0 678791
78 1 678915
65 0 678931
73 0 679007
65 1 679043
73 1 679071
78 0 679120
78 1 679243
84 0 679267
84 1 679379
65 0 679535
65 1 679583
84 0 679759
84 1 679818
73 0 679888
73 1 680004
32 0 680032
32 1 680092
73 0 680169
73 1 680236
78 0 680280
78 1 680348
32 0 680416
32 1 680492
86 0 680663
65 0 680693
86 1 680708
65 1 680779
82 0 680944
82 1 681004
83 0 681172
83 1 681283
84 0 681412
84 1 681455
65 0 681620
32 0 681697
65 1 681731
32 1 681760
80 0 681904
80 1 681951
69 0 682012
32 0 682065
69 1 682114
32 1 682132
76 0 682245
76 1 682293
65 0 682629
65 1 682717
78 0 682718
78 1 682781
71 0 682909
71 1 682957
65 0 683001
32 0 683102
65 1 683125
32 1 683173
70 0 683329
70 1 683377
65 0 683521
65 1 683629
80 0 683654
80 1 683725
84 0 683821
84 1 683933
85 0 683957
85 1 684005
76 0 684126
76 1 684205
32 0 684283
32 1 684350
67 0 684406
67 1 684510
65 0 684622
65 1 684702
32 0 684758
32 1 684830
85 0 695028
85 1 695067
78 0 695111
78 1 695188
69 0 695223
69 1 695284
76 0 695308
76 1 695379
69 0 695404
69 1 695508
32 0 695532
32 1 695563
67 0 695923
67 1 695987
85 0 696044
85 1 696115
78 0 696151
78 1 696243
79 0 696300
79 1 696371
83 0 696408
83 1 696499
84 0 696628
73 0 696667
84 1 696699
73 1 696739
78 0 696784
84 0 696857
78 1 696882
84 1 696932
69 0 697060
69 1 697139
32 0 697164
32 1 697268
67 0 697313
67 1 697365
69 0 697493
69 1 697561
32 0 697561
32 1 697609
76 0 697741
76 1 697789
69 0 697817
32 0 697881
69 1 697930
32 1 697944
80 0 698089
80 1 698148
82 0 698185
82 1 698244
69 0 698329
69 1 698445
68 0 698514
68 1 698612
65 0 698725
65 1 698788
85 0 698833
85 1 698916
32 0 698994
32 1 699061
83 0 699189
83 1 699272
85 0 699314
85 1 699414
78 0 699438
78 1 699509
84 0 699534
84 1 699621
32 0 699678
32 1 699748
80 0 701014
80 1 701039
85 0 701199
85 1 701245
84 0 701350
73 0 701390
84 1 701438
73 1 701466
78 0 701507
78 1 701579
32 0 701711
32 1 701742
69 0 701992
69 1 702055
8 0 702310
8 1 702377
68 0 702547
68 1 702614
69 0 702710
69 1 702822
80 0 702879
80 1 702951
65 0 702975
65 1 703094
83 0 703131
83 1 703271
73 0 703294
73 1 703407
84 0 703422
84 1 703502
69 0 703607
69 1 703692
32 0 703693
32 1 703752
8 0 704439
8 1 704488
32 0 704793
32 1 704815
65 0 709266
65 1 709305
85 0 709502
85 1 709562
32 0 709631
32 1 709705
8 0 710123
8 1 710175
8 0 710248
8 1 710395
8 0 710451
8 1 710507
8 0 710584
8 1 710651
188 0 711263
188 1 711311
32 0 711351
32 1 711467
65 0 711503
85 0 711596
65 1 711635
85 1 711650
32 0 711723
32 1 711786
85 0 711865
85 1 711931
78 0 711967
78 1 712059
32 0 712137
32 1 712202
71 0 712813
71 1 712848
82 0 713071
82 1 713116
65 0 713281
65 1 713372
68 0 713468
68 1 713532
32 0 713556
32 1 713660
68 0 713684
68 1 713756
69 0 713824
69 1 713940
32 0 713956
32 1 714084
8 0 714733
8 1 714797
8 0 714821
8 1 714902
8 0 715046
8 1 715085
8 0 715162
8 1 715197
8 0 715274
8 1 715310
8 0 715377
8 1 715421
8 0 715498
8 1 715523
8 0 715861
8 1 715917
78 0 716142
78 1 716254
73 0 716289
73 1 716381
86 0 716509
86 1 716573
69 0 716611
69 1 716694
76 0 716823
76 1 716883
32 0 717015
32 1 717071
68 0 717335
68 1 717382
69 0 717487
69 1 717566
32 0 717602
32 1 717718
69 0 718784
69 1 718863
88 0 719087
88 1 719199
73 0 719244
73 1 719311
71 0 719455
71 1 719475
69 0 719524
69 1 719639
78 0 719640
78 1 719690
84 0 719757
84 1 719823
65 0 719995
65 1 720111
32 0 720112
32 1 720159
80 0 720324
80 1 720371
82 0 720471
82 1 720500
69 0 720616
69 1 720687
65 0 720815
32 0 720945
65 1 720971
32 1 720985
77 0 721121
65 0 721161
77 1 721176
65 1 721264
82 0 721392
82 1 721456
69 0 721534
69 1 721648
190 0 722353
190 1 722388
32 0 722480
32 1 722533
16 0 722573
83 0 722788
83 1 722880
16 1 722900
84 0 723078
84 1 723125
73 0 723174
73 1 723233
85 0 723353
85 1 723401
188 0 723562
188 1 723617
32 0 723695
32 1 723746
69 0 723841
69 1 723954
32 0 723954
32 1 723994
77 0 724130
77 1 724165
85 0 724290
85 1 724337
76 0 724465
76 1 724514
84 0 724538
84 1 724657
32 0 724682
32 1 724762
68 0 724801
68 1 724866
69 0 724943
69 1 725058
32 0 725058
32 1 725137
67 0 725162
67 1 725233
65 0 725370
65 1 725442
78 0 725467
78 1 725539
68 0 725563
68 1 725683
32 0 725707
32 1 725755
65 0 725815
65 1 725939
85 0 725940
85 1 725987
32 0 726043
32 1 726103
70 0 726123
70 1 726211
79 0 726247
79 1 726338
83 0 726362
83 1 726415
84 0 726571
84 1 726643
32 0 726679
32 1 726739
83 0 726835
73 0 726919
83 1 726925
73 1 727010
32 0 727079
32 1 727139
69 0 727175
69 1 727282
73 0 727306
73 1 727355
32 0 727407
32 1 727475
83 0 727500
83 1 727579
84 0 727724
84 1 727783
85 0 727784
85 1 727864
68 0 727963
68 1 728004
69 0 728081
69 1 728179
78 0 728216
78 1 728264
84 0 728348
84 1 728396
73 0 728515
73 1 728564
190 0 729204
190 1 729244
16 0 756594
73 0 756794
73 1 756854
16 1 756886
78 0 756978
78 1 757013
32 0 757138
32 1 757185
80 0 759723
80 1 759755
73 0 759912
73 1 760004
67 0 760048
67 1 760116
84 0 760280
84 1 760340
85 0 760376
85 1 760468
82 0 760508
82 1 760579
65 0 760820
65 1 760980
32 0 761556
32 1 761636
8 0 761940
8 1 761962
8 0 762096
8 1 762104
8 0 762198
8 1 762217
8 0 762309
8 1 762361
8 0 762773
8 1 762885
84 0 763902
84 1 763918
85 0 764038
85 1 764101
82 0 764214
82 1 764262
65 0 764426
65 1 764550
32 0 764551
32 1 764630
70 0 764698
70 1 764822
8 0 765174
8 1 765215
65 0 765614
65 1 765662
70 0 765850
70 1 765882
73 0 765946
73 1 766022
83 0 766046
83 1 766150
65 0 766254
65 1 766315
84 0 766476
84 1 766523
65 0 766667
65 1 766830
32 0 766848
32 1 766895
83 0 770761
83 1 770905
85 0 770929
85 1 771001
78 0 771025
78 1 771121
84 0 771138
84 1 771249
32 0 771257
32 1 771353
78 0 771706
78 1 771769
73 0 771825
83 0 771886
73 1 771906
83 1 771993
84 0 772122
84 1 772169
69 0 772298
69 1 772377
32 0 772413
32 1 772529
80 0 773195
80 1 773274
69 0 773298
69 1 773351
82 0 773466
82 1 773530
83 0 773658
83 1 773771
79 0 773795
79 1 773846
65 0 773871
65 1 773978
78 0 774002
78 1 774091
69 0 774159
69 1 774266
32 0 774323
32 1 774394
67 0 775540
67 1 775611
65 0 775740
65 1 775820
82 0 775984
82 1 776031
69 0 776140
69 1 776251
32 0 776276
32 1 776348
78 0 779518
78 1 779598
85 0 779642
85 1 779766
32 0 779794
32 1 779902
73 0 779946
73 1 780013
78 0 780050
78 1 780166
84 0 780182
84 1 780213
69 0 780342
69 1 780429
76 0 780454
76 1 780542
69 0 780543
69 1 780621
71 0 781438
71 1 781474
32 0 781481
32 1 781599
67 0 781655
67 1 781699
69 0 781823
69 1 781903
32 0 781927
32 1 782030
70 0 782055
70 1 782103
65 0 782260
65 1 782351
67 0 782479
67 1 782559
32 0 782615
32 1 782719
8 0 783543
8 1 783591
190 0 784128
190 1 784192
32 0 784312
32 1 784344
8 0 785408
8 1 785427
8 0 785552
8 1 785572
188 0 786273
188 1 786308
32 0 786400
32 1 786449
83 0 786578
83 1 786625
69 0 786745
32 0 786818
69 1 786841
32 1 786861
79 0 787017
79 1 787029
65 0 787057
65 1 787121
82 0 787265
82 1 787313
69 0 787425
69 1 787553
8 0 787841
8 1 787906
8 0 787983
8 1 788050
8 0 788074
8 1 788154
8 0 788195
8 1 788242
80 0 788795
80 1 788846
65 0 788847
65 1 788946
82 0 789074
82 1 789138
69 0 789216
69 1 789314
32 0 789314
32 1 789378
67 0 789414
67 1 789474
65 0 789642
65 1 789670
32 0 789690
32 1 789762
80 0 790339
80 1 790387
79 0 790499
79 1 790547
86 0 790947
86 1 790983
69 0 791031
69 1 791090
83 0 791239
83 1 791355
84 0 791371
84 1 791483
69 0 791491
69 1 791538
83 0 791683
83 1 791749
67 0 791875
67 1 791939
32 0 791975
32 1 792038
188 0 794308
188 1 794344
32 0 794405
32 1 794469
65 0 794505
65 1 794621
76 0 794637
76 1 794685
84 0 794754
84 1 794853
73 0 794877
73 1 794925
73 0 794985
73 1 795109
32 0 795149
32 1 795237
83 0 795293
83 1 795365
67 0 795493
67 1 795558
82 0 795710
82 1 795769
73 0 795789
73 1 795837
85 0 795974
85 1 796037
32 0 796081
32 1 796181
190 0 799247
190 1 799259
32 0 799424
32 1 799434
78 0 799528
78 1 799592
85 0 799635
85 1 799743
32 0 799760
32 1 799887
83 0 799902
83 1 799974
84 0 800104
73 0 800172
84 1 800191
73 1 800222
85 0 800344
85 1 800407
190 0 801000
190 1 801080
16 0 802697
13 0 802941
13 1 803138
16 1 803141
78 0 803602
78 1 803629
85 0 803722
85 1 803770
32 0 803813
32 1 803914
83 0 803938
83 1 804033
84 0 804161
73 0 804213
84 1 804226
73 1 804258
85 0 804378
85 1 804442
32 0 804498
32 1 804569
85 0 804647
85 1 804713
78 0 804758
78 1 804873
68 0 804910
68 1 804970
69 0 805066
32 0 805134
69 1 805157
32 1 805203
83 0 805291
83 1 805371
69 0 805466
32 0 805535
69 1 805557
32 1 805602
80 0 805767
80 1 805890
69 0 805919
69 1 806035
84 0 806155
84 1 806203
82 0 806315
82 1 806378
69 0 806475
69 1 806555
67 0 806683
67 1 806723
69 0 806850
69 1 806938
32 0 806975
32 1 807035
83 0 807079
83 1 807194
67 0 807273
67 1 807324
69 0 807436
69 1 807563
78 0 807600
78 1 807692
65 0 807716
65 1 807820
32 0 807820
32 1 807899
8 0 808268
8 1 808304
188 0 808540
188 1 808603
32 0 808716
32 1 808795
68 0 811141
68 1 811181
65 0 811309
65 1 811373
82 0 811569
82 1 811662
32 0 811730
32 1 811774
69 0 811886
69 1 811998
32 0 812022
32 1 812045
79 0 812194
79 1 812270
32 0 812326
32 1 812382
80 0 812510
80 1 812545
73 0 812694
73 1 812734
67 0 812759
67 1 812829
84 0 812974
84 1 813022
85 0 813059
85 1 813150
82 0 813174
82 1 813278
65 0 813442
65 1 813534
32 0 813558
32 1 813610
73 0 813726
73 1 813774
78 0 813820
78 1 813887
84 0 814191
84 1 814239
69 0 814283
69 1 814351
82 0 814487
82 1 814527
69 0 814623
69 1 814847
65 0 815119
65 1 815166
8 0 815391
8 1 815439
83 0 815484
83 1 815550
65 0 815663
65 1 815731
78 0 815732
78 1 815807
84 0 815919
84 1 815968
65 0 816133
65 1 816280
190 0 816993
190 1 817056
16 0 817520
13 0 817712
13 1 817779
16 1 817840
16 0 818610
73 0 818849
73 1 818917
16 1 818933
78 0 818973
78 1 819028
32 0 819153
65 0 819178
32 1 819197
65 1 819233
67 0 819378
67 1 819457
69 0 819569
69 1 819634
65 0 819761
65 1 819873
32 0 819897
32 1 819993
86 0 820242
86 1 820290
82 0 820334
82 1 820402
69 0 820479
69 1 820594
77 0 820618
77 1 820650
69 0 820666
69 1 820786
32 0 820811
32 1 820842
79 0 821715
79 1 821750
65 0 821927
65 1 822034
77 0 822058
77 1 822170
69 0 822199
69 1 822290
78 0 822315
78 1 822362
73 0 822475
73 1 822507
73 0 822604
73 1 822662
32 0 822736
32 1 822835
84 0 823332
84 1 823355
82 0 823475
82 1 823523
65 0 823719
65 1 823859
73 0 823955
73 1 824035
65 0 824080
65 1 824211
8 0 824852
8 1 824876
8 0 824989
8 1 825123
8 0 825148
8 1 825236
8 0 825292
8 1 825348
82 0 825932
82 1 825981
65 0 826141
73 0 826268
65 1 826284
73 1 826300
65 0 826361
65 1 826468
85 0 826596
85 1 826659
32 0 826774
32 1 826809
68 0 830374
68 1 830422
69 0 830519
69 1 830567
83 0 830695
83 1 830775
84 0 830926
84 1 830986
85 0 831006
85 1 831055
76 0 831191
76 1 831260
32 0 831392
32 1 831464
8 0 831896
8 1 831931
8 0 832040
8 1 832059
8 0 832151
8 1 832171
8 0 832272
8 1 832303
8 0 832339
8 1 832408
8 0 836122
8 1 836250
8 0 836562
8 1 836621
68 0 845350
68 1 845378
85 0 845503
85 1 845550
80 0 845678
80 1 845730
65 0 845770
65 1 845870
32 0 845895
32 1 845925
78 0 846062
78 1 846141
79 0 846167
79 1 846254
82 0 846291
82 1 846383
77 0 846407
77 1 846454
69 0 846491
69 1 846631
76 0 846632
76 1 846659
69 0 846700
32 0 846772
69 1 846806
32 1 846851
86 0 847231
86 1 847295
73 0 847339
73 1 847422
69 0 847459
69 1 847576
84 0 847680
84 1 847747
73 0 847783
73 1 847815
73 0 847904
73 1 848032
32 0 848087
32 1 848143
68 0 848212
68 1 848368
73 0 848472
73 1 848576
78 0 848600
78 1 848672
32 0 848769
32 1 848837
65 0 848857
65 1 848929
67 0 849057
67 1 849108
69 0 849248
69 1 849312
65 0 849440
65 1 849569
32 0 849569
32 1 849616
80 0 849780
69 0 849857
80 1 849880
69 1 849951
82 0 850048
73 0 850117
82 1 850165
73 1 850180
79 0 850304
79 1 850353
65 0 850376
65 1 850464
68 0 850601
68 1 850629
65 0 850754
65 1 850833
32 0 850869
32 1 850929
83 0 853723
83 1 853826
73 0 854179
73 1 854259
32 0 854327
32 1 854442
69 0 854459
69 1 854490
82 0 854618
82 1 854658
65 0 854835
65 1 854883
32 0 855003
32 1 855063
8 0 855347
8 1 855396
85 0 856067
85 1 856115
32 0 856160
32 1 856259
80 0 856427
80 1 856483
82 0 856648
82 1 856699
69 0 856820
69 1 856931
79 0 857061
79 1 857140
67 0 857208
67 1 857316
85 0 857317
85 1 857353
80 0 857497
80 1 857557
65 0 857593
65 1 857692
84 0 857837
84 1 857948
73 0 857957
73 1 858016
32 0 858116
32 1 858180
70 0 859238
70 1 859317
73 0 859362
69 0 859418
73 1 859454
69 1 859497
67 0 859641
67 1 859690
65 0 859813
65 1 859893
82 0 860038
82 1 860085
69 0 860154
69 1 860230
32 0 860274
32 1 860326
68 0 860350
68 1 860420
69 0 860518
69 1 860597
32 0 860621
32 1 860717
68 0 861431
68 1 861494
79 0 861550
79 1 861663
77 0 861710
77 1 861783
69 0 861839
69 1 861915
78 0 861915
78 1 861975
73 0 862031
73 1 862074
73 0 862183
73 1 862247
76 0 862390
76 1 862455
69 0 862523
69 1 862603
32 0 862604
32 1 862651
76 0 862775
76 1 862810
85 0 862960
85 1 862986
73 0 863110
73 1 863159
190 0 863801
190 1 863836
16 0 864201
13 0 864300
13 1 864432
16 1 864443
16 0 864649
70 0 864876
70 1 864928
16 1 864960
73 0 865985
73 1 866024
76 0 866121
76 1 866169
79 0 866282
79 1 866345
90 0 866381
90 1 866505
73 0 866658
73 1 866745
61 0 867010
61 1 867020
8 0 867434
8 1 867484
8 0 867557
8 1 867609
8 0 867685
8 1 867736
8 0 867806
8 1 867849
8 0 867946
8 1 867966
76 0 868602
76 1 868653
79 0 868786
79 1 868974
8 0 873084
8 1 873120
8 0 873269
8 1 873280
76 0 874173
76 1 874208
79 0 874318
79 1 874429
90 0 874702
90 1 874769
79 0 874913
79 1 875118
8 0 875374
8 1 875438
8 0 875514
8 1 875565
83 0 876142
83 1 876285
8 0 876902
8 1 876962
83 0 878062
83 1 878142
79 0 878254
79 1 878334
70 0 878478
70 1 878542
73 0 878671
73 1 878720
73 0 878787
73 1 878863
32 0 880231
32 1 880291
83 0 881104
83 1 881256
73 0 881361
73 1 881440
32 0 881509
32 1 881584
79 0 882001
79 1 882048
65 0 882105
65 1 882224
77 0 882249
77 1 882264
69 0 882385
69 1 882436
78 0 882457
78 1 882504
73 0 882573
73 1 882624
73 0 882741
73 1 882800
32 0 882878
32 1 882945
73 0 883050
73 1 883097
78 0 883134
78 1 883201
86 0 883314
86 1 883381
65 0 883382
65 1 883505
84 0 883530
84 1 883602
65 0 883646
65 1 883713
84 0 883877
84 1 883969
73 0 883993
73 1 884041
32 0 884110
32 1 884177
83 0 884202
83 1 884306
69 0 884383
69 1 884522
32 0 884522
32 1 884562
79 0 885435
79 1 885507
67 0 885563
67 1 885683
85 0 885683
85 1 885730
80 0 885875
80 1 885955
65 0 885979
65 1 886075
84 0 886211
32 0 886263
84 1 886286
32 1 886354
83 0 886483
83 1 886545
65 0 886675
32 0 886744
65 1 886767
32 1 886867
83 0 887055
83 1 887171
67 0 887307
67 1 887336
82 0 887476
82 1 887540
73 0 887576
73 1 887667
69 0 887692
69 1 887796
32 0 887820
32 1 887891
83 0 888468
83 1 888579
73 0 888604
73 1 888715
32 0 888743
32 1 888804
83 0 888844
83 1 888915
65 0 889012
65 1 889096
32 0 889097
32 1 889156
83 0 889200
83 1 889323
84 0 889469
84 1 889524
85 0 889593
85 1 889652
68 0 889709
68 1 889837
73 0 889837
73 1 889884
69 0 889921
69 1 890053
90 0 890292
90 1 890341
69 0 890553
69 1 890685
188 0 891189
188 1 891237
32 0 891273
32 1 891373
73 0 891477
73 1 891541
65 0 891566
65 1 891638
82 0 891782
82 1 891845
32 0 891870
32 1 891966
79 0 892678
79 1 892725
65 0 892770
65 1 892910
77 0 892942
77 1 892974
69 0 893044
69 1 893142
78 0 893166
78 1 893214
73 0 893283
73 1 893338
73 0 893411
73 1 893510
32 0 893554
32 1 893654
8 0 899057
8 0 899557
8 0 899587
8 0 899618
8 0 899647
8 0 899678
8 0 899707
8 0 899737
8 0 899768
8 0 899798
8 0 899829
8 0 899859
8 1 899889
8 0 900045
8 1 900077
32 0 900682
32 1 900734
69 0 900859
69 1 900938
82 0 901066
82 1 901145
65 0 901342
65 1 901442
85 0 901443
85 1 901482
32 0 901526
32 1 901626
83 0 901650
83 1 901754
73 0 901799
73 1 901899
32 0 901943
32 1 902010
79 0 902427
79 1 902496
65 0 902568
65 1 902707
77 0 902708
77 1 902747
69 0 902843
69 1 902923
78 0 902948
78 1 902995
73 0 903100
73 1 903135
73 0 903227
73 1 903291
32 0 903368
32 1 903435
65 0 903539
65 1 903628
73 0 903651
73 1 903755
32 0 903807
32 1 903923
8 0 904524
8 1 904572
8 0 904692
8 1 904765
8 0 904832
8 1 904876
8 0 904972
8 1 904996
32 0 905357
32 1 905392
80 0 905569
80 1 905676
82 0 905721
82 1 905788
69 0 905925
69 1 905996
79 0 906125
79 1 906188
67 0 906300
85 0 906357
67 1 906401
85 1 906416
80 0 906593
80 1 906624
65 0 906645
65 1 906749
84 0 906913
84 1 906974
73 0 906998
73 1 907086
32 0 907142
32 1 907253
68 0 907262
68 1 907357
69 0 907435
69 1 907549
32 0 907574
32 1 907717
82 0 909647
82 1 909682
69 0 909814
69 1 909854
73 0 910051
73 1 910098
8 0 910399
8 1 910435
76 0 911168
76 1 911215
73 0 911359
73 1 911455
71 0 911583
71 1 911647
73 0 911672
73 1 911744
69 0 911775
69 1 911888
32 0 914809
32 1 914837
83 0 915329
83 1 915353
65 0 915474
65 1 915586
85 0 915610
85 1 915705
32 0 915766
32 1 915826
8 0 916730
8 1 916746
8 0 916874
8 1 916877
8 0 916962
8 1 916997
8 0 917379
8 1 917441
8 0 917795
8 1 917875
32 0 918395
32 1 918467
83 0 919171
65 0 919300
83 1 919443
65 1 919491
8 0 919995
8 1 920023
8 0 920316
8 1 920363
188 0 921420
188 1 921476
32 0 921520
32 1 921619
73 0 921748
73 1 921817
65 0 921817
65 1 921893
82 0 922061
32 0 922093
82 1 922108
32 1 922205
82 0 922258
82 1 922364
69 0 922453
69 1 922517
83 0 922646
83 1 922709
84 0 922853
84 1 922921
85 0 922941
85 1 922989
76 0 923133
76 1 923165
188 0 923301
188 1 923380
32 0 923437
32 1 923509
80 0 924614
80 1 924650
69 0 924698
69 1 924821
78 0 924846
78 1 924926
84 0 924954
84 1 925014
82 0 925126
85 0 925211
82 1 925222
85 1 925286
32 0 925398
32 1 925461
65 0 926054
65 1 926135
32 0 926213
32 1 926279
65 0 926443
65 1 926648
83 0 926725
83 1 926847
73 0 926875
73 1 926952
71 0 927047
71 1 927095
85 0 927131
85 1 927231
82 0 927239
82 1 927335
65 0 927463
65 1 927591
32 0 927591
32 1 927627
72 0 927772
72 1 927831
82 0 927887
82 1 927959
65 0 928088
65 1 928167
78 0 928192
78 1 928239
65 0 928267
32 0 928384
65 1 928391
32 1 928439
78 0 928552
78 1 928616
69 0 928640
69 1 928688
67 0 929489
67 1 929527
69 0 929672
69 1 929725
83 0 929857
83 1 929917
65 0 930008
65 1 930088
82 0 930257
82 1 930296
65 0 930462
65 1 930570
32 0 930753
32 1 930809
69 0 931657
69 1 931693
8 0 931946
8 1 931982
68 0 932126
68 1 932225
69 0 932314
69 1 932377
76 0 932810
76 1 932835
79 0 932955
79 1 933018
82 0 933096
82 1 933195
8 0 935243
8 1 935279
8 0 935403
8 1 935428
8 0 936684
8 1 936708
8 0 937005
8 1 937068
8 0 937325
8 1 937373
67 0 937965
67 1 937989
69 0 938125
69 1 938173
76 0 938241
76 1 938301
79 0 938437
79 1 938589
82 0 938752
82 1 938908
76 0 938953
76 1 939053
65 0 939077
65 1 939182
76 0 939205
76 1 939293
84 0 939338
84 1 939437
73 0 939473
73 1 939534
32 0 939660
32 1 939708
66 0 943792
66 1 943827
65 0 943920
78 0 943944
78 1 944016
65 1 944016
85 0 944092
85 1 944143
73 0 944240
69 0 944280
73 1 944311
69 1 944340
83 0 944472
83 1 944512
67 0 944605
67 1 944720
32 0 944744
32 1 944776
67 0 944804
67 1 944920
65 0 945008
65 1 945136
32 0 945136
32 1 945171
80 0 946208
80 1 946257
82 0 946385
82 1 946432
65 0 946777
65 1 946897
67 0 947025
67 1 947104
84 0 947249
84 1 947297
73 0 947364
73 1 947497
67 0 947497
67 1 947553
65 0 947718
85 0 947795
65 1 947818
85 1 947865
32 0 947935
32 1 948002
65 0 948058
65 1 948178
71 0 948342
71 1 948390
82 0 948514
82 1 948626
73 0 948650
73 1 948754
67 0 949330
67 1 949526
8 0 964666
8 1 964730
8 0 964858
8 1 964905
8 0 965035
8 1 965057
8 0 965163
8 1 965211
8 0 965563
8 1 965598
65 0 966203
65 1 966285
71 0 966470
71 1 966585
82 0 966714
82 1 966763
73 0 966875
73 1 966994
8 0 967260
8 1 967299
8 0 967387
8 1 967427
73 0 968635
73 1 968700
67 0 968756
67 1 968876
85 0 968877
85 1 968924
76 0 969052
76 1 969188
84 0 969493
84 1 969552
85 0 969661
85 1 969821
82 0 969957
82 1 969996
65 0 970202
65 1 970412
32 0 970449
32 1 970557
8 0 978401
8 1 978449
190 0 979489
190 1 979553
