16 0 64026
16 0 64523
16 0 64555
16 0 64587
16 0 64621
16 0 64655
16 0 64687
16 0 64720
16 0 64754
16 0 64786
16 0 64820
16 0 64851
16 0 64884
16 0 64918
16 0 64951
16 0 64984
16 0 65017
16 0 65050
16 0 65083
16 0 65116
16 0 65150
16 0 65182
16 0 65215
16 0 65248
16 0 65281
16 0 65315
16 0 65348
16 0 65380
16 0 65413
16 0 65446
16 0 65480
16 0 65512
16 0 65545
16 0 65578
16 0 65611
16 0 65645
67 0 65662
67 1 65743
16 1 65798
72 0 65877
72 1 65990
73 0 66030
73 1 66134
65 0 66205
65 1 66293
82 0 66382
82 1 66454
32 0 66470
32 1 66573
65 0 66598
65 1 66669
67 0 66837
67 1 66933
85 0 67030
85 1 67118
77 0 67238
77 1 67325
32 0 67406
32 1 67501
78 0 67638
78 1 67718
85 0 67837
85 1 67926
190 0 69214
190 1 69270
32 0 69494
32 1 69574
16 0 70094
68 0 70334
16 1 70414
68 1 70438
65 0 70518
82 0 70630
65 1 70653
82 1 70726
32 0 78727
32 1 78806
90 0 79214
90 1 79318
73 0 79382
73 1 79454
76 0 79574
76 1 79662
69 0 79694
76 0 79766
69 1 79790
76 1 79853
69 0 79877
69 1 79949
32 0 80054
32 1 80125
84 0 80317
84 1 80406
82 0 80453
82 1 80557
69 0 80581
69 1 80677
67 0 80821
67 1 80893
85 0 80989
85 1 81077
84 0 81197
84 1 81277
69 0 81317
69 1 81405
32 0 81429
32 1 81525
65 0 81637
65 1 81733
85 0 81782
32 0 81853
85 1 81877
32 1 81925
70 0 82077
70 1 82149
79 0 82293
79 1 82365
83 0 82462
83 1 82550
84 0 82654
84 1 82733
32 0 83542
32 1 83606
83 0 83781
83 1 83853
73 0 84054
73 1 84142
32 0 84182
32 1 84261
80 0 84837
80 1 84925
69 0 84982
69 1 85070
82 0 85166
82 1 85262
73 0 85302
73 1 85381
79 0 85493
79 1 85573
65 0 85670
65 1 85765
68 0 85925
68 1 86013
65 0 86182
65 1 86285
32 0 86461
32 1 86557
70 0 87054
70 1 87126
65 0 87174
65 1 87278
73 0 87294
73 1 87382
78 0 87558
78 1 87621
69 0 87741
69 1 87813
190 0 88277
190 1 88325
32 0 88726
32 1 88797
16 0 89198
73 0 89341
16 1 89422
73 1 89446
78 0 89518
78 1 89605
32 0 89710
32 1 89813
67 0 89966
67 1 90045
65 0 90117
82 0 90181
65 1 90213
82 1 90261
69 0 90334
69 1 90422
32 0 90470
32 1 90581
65 0 90622
65 1 90718
32 0 90734
32 1 90821
70 0 91182
70 1 91270
79 0 91469
79 1 91550
83 0 91605
83 1 91686
84 0 91797
32 0 91885
84 1 91901
32 1 91974
67 0 92094
67 1 92173
65 0 92205
65 1 92302
76 0 92374
76 1 92462
68 0 92518
68 1 92605
85 0 92702
85 1 92789
84 0 92917
84 1 93006
32 0 93069
32 1 93174
80 0 93270
80 1 93358
69 0 93582
69 1 93669
78 0 93806
78 1 93893
84 0 94070
84 1 94157
82 0 94254
82 1 94350
85 0 94374
85 1 94454
32 0 94470
32 1 94525
73 0 94621
73 1 94701
65 0 94774
65 1 94869
78 0 94893
78 1 94982
85 0 95094
85 1 95190
65 0 95238
65 1 95358
82 0 95382
82 1 95478
73 0 95598
73 1 95685
69 0 95742
69 1 95813
32 0 101663
32 1 101742
83 0 101909
83 1 101974
73 0 102213
73 1 102309
32 0 102334
32 1 102390
76 0 102494
76 1 102598
85 0 102758
85 1 102845
77 0 103126
77 1 103206
73 0 103326
73 1 103414
78 0 103509
78 1 103614
79 0 103646
79 1 103742
83 0 103829
83 1 103909
190 0 105197
190 1 105309
32 0 106430
32 1 106510
16 0 108142
16 0 108643
16 0 108676
16 0 108708
16 0 108741
16 0 108774
16 0 108806
16 0 108839
16 0 108872
16 0 108905
16 0 108939
16 0 108972
16 0 109005
16 0 109038
16 0 109072
16 0 109105
16 0 109137
16 0 109170
16 0 109203
16 0 109236
16 0 109270
16 0 109302
16 0 109335
16 0 109367
16 0 109401
16 0 109434
16 0 109467
16 0 109500
16 0 109533
16 0 109565
16 0 109598
16 0 109632
16 0 109665
16 0 109698
16 0 109732
16 0 109764
16 0 109798
16 0 109830
16 0 109862
16 0 109896
16 0 109929
16 0 109962
16 0 109995
16 0 110028
16 0 110061
16 0 110095
16 0 110127
16 0 110160
16 0 110193
16 0 110225
16 0 110258
16 0 110292
16 0 110324
16 0 110357
16 0 110391
16 0 110424
16 0 110457
16 0 110490
16 0 110523
16 0 110556
16 0 110589
16 0 110622
16 0 110655
16 0 110688
16 0 110721
16 0 110754
16 0 110788
16 0 110820
16 0 110852
16 0 110885
16 0 110919
16 0 110953
16 0 110985
16 0 111018
16 0 111051
77 0 111070
77 1 111174
16 1 111254
65 0 111470
65 1 111549
32 0 111733
32 1 111821
82 0 112118
82 1 112213
69 0 112269
69 1 112374
70 0 112502
70 1 112573
69 0 112654
69 1 112750
82 0 112822
82 1 112917
32 0 112982
32 1 113077
76 0 113237
76 1 113310
65 0 113438
65 1 113510
32 0 113534
32 1 113638
16 0 113686
66 0 113909
16 1 113981
66 1 114021
85 0 114038
85 1 114142
67 0 114261
67 1 114342
85 0 114430
85 1 114517
82 0 114550
82 1 114630
69 0 114718
69 1 114782
83 0 114885
83 1 114974
84 0 115085
84 1 115158
73 0 115230
73 1 115317
190 0 115861
190 1 115925
32 0 116062
32 1 116157
16 0 116197
68 0 116341
68 1 116414
16 1 116430
65 0 116518
82 0 116605
65 1 116629
82 1 116686
32 0 116718
32 1 116813
65 0 116909
65 1 116998
77 0 117150
77 1 117213
32 0 117293
32 1 117389
70 0 117549
70 1 117630
79 0 117782
79 1 117877
83 0 117917
83 1 118006
84 0 118085
84 1 118182
32 0 118197
32 1 118309
83 0 118694
83 1 118782
73 0 118814
32 0 118885
73 1 118901
32 1 118974
76 0 119054
76 1 119125
65 0 119182
65 1 119261
32 0 119294
32 1 119381
16 0 119421
83 0 119598
16 1 119669
83 1 119686
73 0 119942
73 1 120013
78 0 120245
78 1 120318
65 0 120414
65 1 120493
73 0 120654
73 1 120725
65 0 120829
65 1 120901
32 0 120982
32 1 121085
83 0 121229
83 1 121301
73 0 121325
73 1 121414
32 0 121438
32 1 121509
16 0 121573
76 0 121685
76 1 121773
16 1 121790
65 0 121877
65 1 121974
32 0 123077
32 1 123181
16 0 123261
84 0 123486
16 1 123541
84 1 123581
65 0 123646
82 0 123725
65 1 123749
82 1 123813
71 0 124518
71 1 124574
79 0 124734
79 1 124823
86 0 125262
86 1 125350
73 0 125438
73 1 125526
83 0 125573
83 1 125654
84 0 125742
84 1 125829
69 0 125885
69 1 125966
190 0 126134
190 1 126205
32 0 134479
32 1 134598
16 0 135318
16 0 135818
16 0 135852
16 0 135884
16 0 135917
16 0 135950
16 0 135983
16 0 136016
16 0 136050
16 0 136082
16 0 136115
16 0 136149
16 0 136182
16 0 136214
16 0 136247
86 0 136261
16 1 136358
86 1 136374
82 0 136518
82 1 136605
69 0 136670
69 1 136758
77 0 137293
77 1 137357
69 0 137454
69 1 137550
65 0 137718
65 1 137813
32 0 138077
32 1 138173
80 0 138998
80 1 139078
69 0 139158
69 1 139270
82 0 139341
82 1 139454
70 0 139581
70 1 139670
69 0 139694
69 1 139798
67 0 139823
67 1 139933
84 0 139949
84 1 140046
65 0 140078
65 1 140182
32 0 140213
32 1 140325
69 0 140445
69 1 140533
83 0 140630
83 1 140750
84 0 140766
84 1 140830
69 0 140845
69 1 140942
32 0 140966
32 1 141062
80 0 143038
80 1 143109
69 0 143158
69 1 143262
78 0 143494
78 1 143566
84 0 143686
84 1 143766
82 0 143837
82 1 143950
85 0 143982
85 1 144062
32 0 144078
32 1 144141
77 0 144269
77 1 144333
73 0 144453
73 1 144526
78 0 144638
78 1 144718
69 0 144750
69 1 144837
32 0 144861
32 1 144925
76 0 145069
76 1 145125
65 0 145165
65 1 145270
32 0 145406
32 1 145485
83 0 145934
83 1 146021
70 0 146182
70 1 146269
65 0 146326
65 1 146406
82 0 146510
82 1 146589
83 0 146798
83 1 146861
73 0 147102
73 1 147190
84 0 147414
84 1 147486
85 0 147590
85 1 147670
76 0 147829
76 1 147893
32 0 147909
32 1 148038
80 0 148061
80 1 148149
82 0 148277
82 1 148350
73 0 148390
73 1 148486
77 0 148599
77 1 148686
65 0 148718
65 1 148806
86 0 149086
86 1 149166
69 0 149214
69 1 149302
82 0 149422
82 1 149510
73 0 149590
73 1 149678
73 0 149750
73 1 149854
32 0 150038
32 1 150126
189 0 151870
189 1 151966
32 0 152853
32 1 152918
83 0 153405
83 1 153510
70 0 153646
70 1 153734
65 0 153758
82 0 153863
65 1 153886
82 1 153942
83 0 154014
83 1 154102
73 0 154382
73 1 154478
84 0 154638
84 1 154710
85 0 154822
85 1 154909
76 0 155078
76 1 155174
32 0 155214
32 1 155309
76 0 155421
76 1 155501
85 0 155637
85 1 155734
78 0 155837
78 1 155934
73 0 156014
73 1 156086
73 0 156166
73 1 156270
32 0 156478
32 1 156573
77 0 156974
77 1 157062
65 0 157142
73 0 157206
65 1 157229
73 1 157294
188 0 157574
188 1 157637
32 0 157734
32 1 157823
73 0 157941
73 1 158021
78 0 158069
78 1 158165
67 0 158261
69 0 158341
67 1 158389
80 0 158429
69 1 158470
80 1 158526
85 0 158686
85 1 158774
84 0 158885
84 1 158966
85 0 159061
85 1 159141
76 0 159286
76 1 159382
32 0 159414
32 1 159510
76 0 159581
76 1 159677
85 0 159789
85 1 159877
78 0 159973
78 1 160078
73 0 160142
73 1 160222
73 0 160302
73 1 160398
32 0 160478
32 1 160589
73 0 161342
73 1 161422
85 0 161502
85 1 161598
78 0 161686
78 1 161782
73 0 161806
73 1 161893
69 0 161982
69 1 162070
190 0 162141
190 1 162230
32 0 163165
32 1 163253
16 0 163493
83 0 163958
83 1 164038
16 1 164070
65 0 164182
65 1 164269
32 0 164366
32 1 164454
78 0 164629
78 1 164717
85 0 164869
85 1 164957
32 0 164981
32 1 165101
70 0 165413
70 1 165501
73 0 165549
73 1 165629
69 0 165701
69 1 165798
32 0 165861
32 1 165981
70 0 166109
70 1 166189
82 0 166261
82 1 166349
73 0 166381
73 1 166462
71 0 166877
71 1 166966
32 0 167022
32 1 167125
68 0 167301
68 1 167373
65 0 167405
82 0 167501
65 1 167525
82 1 167573
32 0 167597
32 1 167669
78 0 168021
78 1 168125
73 0 168149
73 1 168238
67 0 168325
67 1 168406
73 0 168421
73 1 168502
32 0 168534
32 1 168654
69 0 168797
69 1 168877
88 0 169005
88 1 169101
65 0 169214
65 1 169317
71 0 169406
71 1 169494
69 0 169534
69 1 169622
82 0 169694
82 1 169774
65 0 169813
65 1 169926
84 0 169950
84 1 170030
32 0 170046
32 1 170165
68 0 170237
69 0 170309
68 1 170365
32 0 170437
69 1 170461
32 1 170549
67 0 170637
67 1 170725
65 0 170877
65 1 170989
76 0 171101
76 1 171165
68 0 171245
68 1 171325
190 0 171549
190 1 171605
32 0 171741
32 1 171829
16 0 172005
69 0 172181
69 1 172253
16 1 172277
85 0 172742
85 1 172829
32 0 172861
32 1 172950
68 0 173869
69 0 173934
68 1 173974
69 1 174054
32 0 174078
32 1 174157
65 0 174238
76 0 174341
65 1 174365
76 1 174437
70 0 174813
70 1 174885
8 0 176165
8 1 176245
84 0 176533
84 1 176613
70 0 176742
70 1 176829
69 0 176902
69 1 176982
76 0 177070
76 1 177158
32 0 177286
32 1 177374
77 0 177533
77 1 177605
65 0 177645
65 1 177749
32 0 177789
32 1 177893
83 0 177925
83 1 178021
73 0 178061
73 1 178165
32 0 178181
32 1 178221
16 0 178574
222 0 178821
222 1 178885
16 1 178925
80 0 180406
80 1 180486
82 0 180582
82 1 180670
65 0 180862
65 1 180982
74 0 181350
74 1 181446
69 0 181501
69 1 181589
83 0 181686
83 1 181790
67 0 181902
67 1 181982
16 0 182550
222 0 182742
222 1 182813
16 1 182862
32 0 182957
32 1 183061
76 0 183093
76 1 183189
65 0 183253
65 1 183365
32 0 183381
32 1 183485
83 0 183517
83 1 183614
79 0 183669
79 1 183765
65 0 183789
65 1 183902
82 0 184013
82 1 184118
69 0 184181
69 1 184277
188 0 185406
188 1 185486
32 0 185582
32 1 185662
78 0 185999
78 1 186086
85 0 186206
32 0 186286
85 1 186310
32 1 186415
83 0 186526
83 1 186614
84 0 186630
84 1 186702
65 0 186774
65 1 186862
85 0 186934
85 1 187014
32 0 187070
32 1 187150
76 0 187214
76 1 187302
65 0 187382
32 0 187454
65 1 187478
32 1 187558
80 0 188022
80 1 188094
76 0 188190
76 1 188286
65 0 188366
65 1 188454
74 0 188846
74 1 188927
65 0 188991
65 1 189078
190 0 189223
190 1 189294
32 0 191854
32 1 191926
16 0 192102
78 0 192302
16 1 192399
78 1 192423
73 0 192447
73 1 192551
67 0 192647
67 1 192775
73 0 193415
73 1 193510
32 0 193559
32 1 193670
73 0 193766
73 1 193854
65 0 193910
65 1 194006
82 0 194543
82 1 194622
78 0 195007
78 1 195078
65 0 195135
32 0 195214
65 1 195238
32 1 195302
78 0 195398
78 1 195494
85 0 195614
85 1 195686
189 0 195822
189 1 195894
77 0 196071
77 1 196159
73 0 196262
73 1 196351
32 0 196367
32 1 196438
80 0 196556
76 0 196655
80 1 196686
76 1 196775
65 0 196878
65 1 196967
67 0 197063
67 1 197119
69 0 197199
69 1 197286
32 0 199295
32 1 199366
188 0 200135
188 1 200198
32 0 200318
32 1 200382
78 0 200726
78 1 200799
85 0 200894
85 1 200990
32 0 201006
32 1 201118
83 0 201270
83 1 201350
85 0 201534
85 1 201622
80 0 201734
79 0 201855
80 1 201902
79 1 201959
82 0 202183
82 1 202263
84 0 202335
84 1 202446
32 0 202519
32 1 202638
70 0 203479
70 1 203575
82 0 203687
82 1 203782
73 0 204047
73 1 204135
71 0 204327
71 1 204407
85 0 204511
85 1 204599
76 0 204767
76 1 204846
190 0 205014
190 1 205078
32 0 205423
32 1 205518
16 0 205654
68 0 205886
68 1 205966
16 1 205982
65 0 206070
82 0 206158
65 1 206174
82 1 206238
32 0 208414
32 1 208494
80 0 208623
80 1 208719
87 0 208943
87 1 209023
87 0 209479
87 1 209582
78 0 209695
78 1 209774
8 0 210222
8 1 210302
8 0 210375
8 1 210487
8 0 211119
8 1 211198
69 0 211463
69 1 211550
78 0 212550
78 1 212606
84 0 212726
84 1 212806
82 0 212886
82 1 212990
85 0 213030
85 1 213118
32 0 213134
32 1 213190
77 0 213286
77 1 213374
73 0 213478
73 1 213558
78 0 213654
78 1 213742
69 0 213806
69 1 213886
32 0 213990
32 1 214094
69 0 214150
69 1 214254
83 0 214366
84 0 214470
83 1 214486
84 1 214558
69 0 214574
69 1 214646
32 0 214694
32 1 214782
86 0 215342
86 1 215414
82 0 215478
82 1 215574
69 0 215654
69 1 215758
77 0 216214
77 1 216270
69 0 216358
69 1 216462
32 0 216486
32 1 216582
66 0 216902
66 1 217006
85 0 217030
85 1 217126
78 0 217150
78 1 217230
65 0 217310
65 1 217414
32 0 217502
32 1 217582
83 0 217710
83 1 217806
73 0 217958
73 1 218038
32 0 218062
32 1 218174
68 0 219591
68 1 219662
65 0 219678
65 1 219799
67 0 219838
67 1 219910
65 0 219934
65 1 220039
32 0 220102
32 1 220198
69 0 220286
69 1 220367
83 0 220462
83 1 220566
84 0 220647
69 0 220670
84 1 220718
69 1 220758
32 0 220910
32 1 220998
76 0 221774
76 1 221846
85 0 222015
85 1 222086
77 0 222199
77 1 222310
73 0 222391
73 1 222462
78 0 222719
78 1 222806
79 0 222886
79 1 222983
83 0 223062
83 1 223143
32 0 223239
32 1 223350
65 0 224470
65 1 224574
70 0 224703
70 1 224790
65 0 224846
65 1 224951
82 0 224975
82 1 225046
65 0 225086
65 1 225182
190 0 228167
190 1 228222
32 0 228423
32 1 228502
16 0 228639
83 0 228783
83 1 228854
16 1 228878
65 0 228967
32 0 229054
65 1 229078
32 1 229159
78 0 229302
78 1 229390
85 0 229518
32 0 229590
85 1 229614
32 1 229694
70 0 230254
70 1 230350
73 0 230390
73 1 230478
69 0 230566
69 1 230662
32 0 230750
32 1 230854
73 0 230990
73 1 231062
78 0 231310
78 1 231382
78 0 231494
78 1 231566
79 0 231806
79 1 231878
82 0 232055
82 1 232134
65 0 232503
65 1 232591
84 0 232719
84 1 232823
190 0 233735
190 1 233798
16 0 242606
77 0 242727
77 1 242807
16 1 242830
65 0 242927
32 0 242999
65 1 243023
32 1 243102
84 0 243318
84 1 243415
82 0 243479
82 1 243566
69 0 243606
69 1 243687
90 0 243830
90 1 243911
69 0 244039
69 1 244119
83 0 244231
83 1 244335
67 0 244463
67 1 244534
32 0 244615
32 1 244727
68 0 244807
69 0 244919
68 1 244951
32 0 244991
32 1 245046
69 1 245062
32 0 245775
32 1 245823
68 0 245967
68 1 246047
73 0 246167
73 1 246247
77 0 246351
77 1 246423
73 0 246503
73 1 246566
78 0 246663
78 1 246751
69 0 246775
69 1 246855
65 0 246983
65 1 247070
84 0 247087
84 1 247159
65 0 247183
65 1 247271
188 0 247775
188 1 247830
32 0 247934
32 1 248023
80 0 248111
80 1 248183
69 0 248246
69 1 248327
32 0 248367
32 1 248422
76 0 248879
76 1 248951
65 0 249015
65 1 249095
32 0 249215
32 1 249319
79 0 249999
79 1 250095
82 0 250262
82 1 250334
65 0 250350
65 1 250439
32 0 250527
32 1 250615
53 0 252039
53 1 252119
190 0 253384
190 1 253455
51 0 254119
51 1 254199
48 0 254415
48 1 254495
190 0 254815
190 1 254895
32 0 255342
32 1 255447
16 0 255719
16 0 256219
16 0 256252
16 0 256285
16 0 256319
16 0 256351
16 0 256384
16 0 256417
16 0 256451
16 0 256484
16 0 256516
16 0 256549
16 0 256582
16 0 256616
16 0 256648
16 0 256681
16 0 256715
16 0 256748
16 0 256780
16 0 256814
16 0 256846
16 0 256879
16 0 256912
16 0 256945
16 0 256978
16 0 257012
16 0 257044
16 0 257077
16 0 257111
16 0 257143
16 0 257177
16 0 257210
16 0 257242
16 0 257276
16 0 257309
16 0 257342
16 0 257374
16 0 257407
16 0 257440
16 0 257474
16 0 257506
16 0 257539
16 0 257572
16 0 257605
16 0 257638
16 0 257671
16 0 257704
16 0 257737
16 0 257770
16 0 257803
16 0 257836
16 0 257869
16 0 257902
16 0 257935
16 0 257968
80 0 257990
16 1 258046
80 1 258070
69 0 258270
69 1 258359
32 0 258407
32 1 258519
76 0 258551
76 1 258639
65 0 258719
65 1 258830
32 0 258903
32 1 259007
55 0 261119
55 1 261199
190 0 261503
190 1 261591
51 0 261886
51 1 261983
48 0 262175
48 1 262262
32 0 262286
32 1 262375
80 0 262503
80 1 262583
76 0 262671
76 1 262775
69 0 262830
69 1 262911
67 0 263031
67 1 263119
32 0 263191
32 1 263303
83 0 263480
83 1 263567
80 0 263687
80 1 263767
82 0 263854
82 1 263951
69 0 264039
69 1 264135
32 0 264159
32 1 264247
16 0 264582
222 0 264799
222 1 264871
16 1 264895
80 0 265070
80 1 265159
82 0 265287
82 1 265375
79 0 265439
79 1 265535
68 0 265751
68 1 265830
85 0 265999
85 1 266079
67 0 266103
67 1 266183
84 0 266335
84 1 266415
73 0 266519
73 1 266615
69 0 266639
69 1 266687
16 0 266951
222 0 267111
222 1 267175
16 1 267367
32 0 268047
32 1 268110
190 0 269311
190 1 269375
32 0 270110
32 1 270191
16 0 277936
68 0 278399
16 1 278462
68 1 278487
85 0 279103
85 1 279183
80 0 279279
80 1 279375
65 0 279415
65 1 279495
32 0 279535
32 1 279647
65 0 279703
65 1 279807
77 0 279824
77 1 279911
73 0 280015
73 1 280095
65 0 280198
65 1 280295
90 0 280679
65 0 280767
90 1 280830
65 1 280927
32 0 281103
32 1 281214
65 0 281407
65 1 281495
83 0 281607
83 1 281702
32 0 281767
32 1 281862
86 0 282007
86 1 282111
82 0 282191
82 1 282279
69 0 282367
69 1 282479
65 0 282631
65 1 282735
32 0 282830
32 1 282927
83 0 282950
83 1 283055
65 0 283135
32 0 283263
65 1 283294
32 1 283358
77 0 283495
77 1 283591
65 0 283687
65 1 283791
32 0 283943
32 1 284054
73 0 284143
73 1 284230
78 0 284286
78 1 284375
84 0 284487
84 1 284567
65 0 284615
65 1 284719
76 0 284735
76 1 284815
78 0 284991
78 1 285079
69 0 285174
69 1 285255
83 0 285351
83 1 285455
67 0 285575
67 1 285647
32 0 285687
32 1 285807
67 0 285862
67 1 285951
85 0 285991
32 0 286063
85 1 286086
32 1 286182
80 0 286294
80 1 286375
82 0 286439
82 1 286535
73 0 286583
73 1 286671
69 0 286727
69 1 286824
84 0 286895
84 1 286975
69 0 287023
69 1 287111
78 0 287271
78 1 287359
73 0 287439
73 1 287527
73 0 288024
73 1 288087
188 0 288615
188 1 288679
32 0 288791
32 1 288862
83 0 288950
83 1 289038
65 0 289127
32 0 289247
65 1 289263
32 1 289318
8 0 290055
8 1 290127
8 0 290198
8 1 290303
65 0 290814
65 1 290895
85 0 291087
85 1 291175
32 0 291199
32 1 291302
83 0 291350
83 1 291430
65 0 291527
32 0 291574
32 1 291663
65 1 291686
77 0 291751
77 1 291855
69 0 291895
69 1 291999
82 0 292095
82 1 292207
71 0 292238
71 1 292335
32 0 292360
32 1 292471
76 0 292607
76 1 292687
65 0 292758
65 1 292855
32 0 293031
32 1 293111
80 0 293670
80 1 293758
73 0 293847
73 1 293919
83 0 294007
83 1 294087
67 0 294247
73 0 294367
67 1 294382
73 1 294455
78 0 294574
78 1 294663
65 0 294695
32 0 294783
65 1 294800
32 1 294870
83 0 294934
83 1 295030
65 0 295119
65 1 295255
32 0 295279
32 1 295350
73 0 295494
73 1 295566
78 0 295671
78 1 295751
79 0 296015
79 1 296087
84 0 297703
84 1 297775
188 0 298368
188 1 298422
32 0 298535
32 1 298614
83 0 299103
83 1 299207
65 0 299303
65 1 299455
85 0 299479
85 1 299551
32 0 299735
32 1 299846
83 0 300551
83 1 300630
65 0 300719
32 0 300846
65 1 300870
32 1 300934
77 0 301142
77 1 301231
69 0 301343
69 1 301439
82 0 301551
82 1 301631
71 0 301727
71 1 301831
32 0 301887
32 1 301999
76 0 302118
76 1 302182
65 0 302255
65 1 302334
32 0 302374
32 1 302470
67 0 303007
67 1 303095
79 0 305175
79 1 305262
78 0 305391
78 1 305479
67 0 305615
67 1 305711
85 0 305839
85 1 305927
82 0 306080
82 1 306159
83 0 306295
83 1 306407
85 0 306448
85 1 306528
82 0 306575
82 1 306672
73 0 306703
73 1 306791
32 0 306815
32 1 306935
68 0 307336
69 0 307391
68 1 307440
32 0 307535
69 1 307551
32 1 307623
83 0 307688
83 1 307807
65 0 307903
65 1 308032
72 0 308120
72 1 308207
190 0 308504
190 1 308559
32 0 310487
32 1 310551
16 0 310727
68 0 310903
68 1 310975
16 1 310992
73 0 311376
73 1 311456
78 0 311551
78 1 311655
80 0 311744
80 1 311839
65 0 311943
65 1 312039
67 0 312071
67 1 312159
65 0 312223
84 0 312287
65 1 312327
84 1 312383
69 0 312543
69 1 312623
32 0 312751
32 1 312847
73 0 314839
73 1 314928
78 0 315055
78 1 315135
32 0 315232
32 1 315327
65 0 315663
65 1 315815
78 0 317568
78 1 317647
85 0 317751
85 1 317831
76 0 317976
76 1 318071
32 0 318128
32 1 318223
50 0 318831
50 1 318920
48 0 319447
48 1 319527
50 0 319648
50 1 319744
48 0 319791
48 1 319895
32 0 319944
32 1 320047
84 0 320688
84 1 320775
79 0 320887
79 1 320975
65 0 321015
65 1 321111
84 0 321144
84 1 321223
69 0 321272
69 1 321351
32 0 321375
32 1 321479
65 0 321535
65 1 321679
67 0 321742
67 1 321830
69 0 321879
69 1 321976
83 0 322071
83 1 322191
84 0 322591
84 1 322672
69 0 322736
69 1 322823
65 0 322943
65 1 323039
32 0 323096
32 1 323175
78 0 323311
78 1 323407
85 0 323503
85 1 323591
32 0 323616
32 1 323687
65 0 323751
65 1 323839
85 0 323863
32 0 323919
85 1 323943
32 1 324007
70 0 324278
70 1 324375
79 0 324527
79 1 324616
83 0 324640
83 1 324720
84 0 324800
84 1 324887
32 0 324911
32 1 325007
80 0 325183
80 1 325271
79 0 325383
79 1 325463
83 0 325551
83 1 325640
73 0 325743
73 1 325831
66 0 325968
66 1 326048
73 0 326128
73 1 326223
76 0 326368
76 1 326448
69 0 326535
69 1 326607
32 0 327319
32 1 327398
68 0 327487
68 1 327567
73 0 327615
73 1 327695
78 0 327807
78 1 327894
32 0 327976
32 1 328071
67 0 328223
67 1 328295
65 0 328319
65 1 328423
85 0 328703
85 1 328775
90 0 328887
65 0 328960
90 1 328999
65 1 329104
32 0 329120
32 1 329199
80 0 329407
80 1 329478
65 0 329831
65 1 329927
78 0 331335
78 1 331407
68 0 332143
69 0 332191
68 1 332247
69 1 332335
77 0 332376
77 1 332463
73 0 332592
73 1 332663
69 0 332744
69 1 332839
32 0 333399
32 1 333487
16 0 333631
67 0 333799
67 1 333863
79 0 334352
79 1 334432
66 0 334656
66 1 334703
8 0 335040
8 1 335119
86 0 335400
86 1 335488
73 0 335583
73 1 335679
68 0 335855
68 1 335936
16 1 336127
188 0 336231
188 1 336279
8 0 337311
8 1 337407
190 0 337839
190 1 337903
32 0 338056
32 1 338135
16 0 338952
16 0 339452
16 0 339484
16 0 339517
16 0 339550
16 0 339583
16 0 339616
16 0 339649
16 0 339682
16 0 339715
16 0 339749
16 0 339781
83 0 339791
83 1 339871
16 1 339887
69 0 340207
69 1 340295
65 0 340448
65 1 340535
82 0 340655
82 1 340735
65 0 340816
65 1 340895
32 0 341103
32 1 341215
77 0 341871
77 1 341951
65 0 341991
65 1 342071
32 0 342223
32 1 342311
85 0 342639
85 1 342695
73 0 342791
73 1 342879
84 0 343016
84 1 343094
32 0 343119
32 1 343215
76 0 343359
76 1 343415
65 0 343615
65 1 343687
32 0 343736
32 1 343847
84 0 344207
84 1 344279
69 0 344375
69 1 344471
76 0 344487
76 1 344567
69 0 344608
69 1 344711
86 0 344863
86 1 344944
73 0 345048
73 1 345111
90 0 345168
90 1 345248
79 0 345343
79 1 345424
82 0 345583
82 1 345655
32 0 345776
32 1 345879
68 0 346143
68 1 346239
65 0 346367
82 0 346504
65 1 346518
82 1 346599
32 0 346623
32 1 346727
77 0 346911
77 1 346991
65 0 347063
73 0 347143
65 1 347166
73 1 347223
32 0 347248
32 1 347327
77 0 347423
77 1 347503
85 0 347615
85 1 347687
76 0 347831
76 1 347895
84 0 347992
84 1 348071
32 0 348103
32 1 348215
66 0 348527
66 1 348623
85 0 348687
85 1 348783
84 0 348855
84 1 348943
79 0 349071
79 1 349151
78 0 349311
78 1 349383
69 0 349512
69 1 349583
90 0 350008
90 1 350079
32 0 350215
32 1 350295
80 0 350439
80 1 350519
69 0 350607
69 1 350687
32 0 350711
32 1 350839
16 0 351311
73 0 351496
73 1 351575
78 0 351656
78 1 351751
84 0 351911
84 1 352007
69 0 352111
69 1 352199
82 0 352247
82 1 352327
78 0 352720
78 1 352815
69 0 353000
69 1 353079
84 0 353192
84 1 353279
16 1 353536
190 0 353575
190 1 353656
32 0 354048
32 1 354159
16 0 354431
16 0 354931
16 0 354964
16 0 354997
16 0 355030
16 0 355062
16 0 355095
16 0 355129
16 0 355161
16 0 355195
16 0 355228
16 0 355261
16 0 355294
16 0 355327
16 0 355361
16 0 355393
16 0 355426
16 0 355459
16 0 355493
16 0 355525
16 0 355558
16 0 355590
16 0 355623
16 0 355657
16 0 355690
16 0 355723
16 0 355756
16 0 355789
16 0 355821
16 0 355854
16 0 355887
16 0 355921
16 0 355954
16 0 355988
16 0 356020
16 0 356054
16 0 356086
16 0 356118
77 0 356135
77 1 356199
16 1 356222
65 0 356374
65 1 356456
32 0 356712
32 1 356823
85 0 356943
85 1 357023
73 0 357110
73 1 357183
84 0 357287
84 1 357375
32 0 357431
32 1 357543
76 0 357615
76 1 357703
65 0 357783
32 0 357847
65 1 357871
32 1 357959
70 0 358183
70 1 358263
73 0 358287
73 1 358366
76 0 358479
76 1 358551
77 0 358663
77 1 358735
69 0 358808
69 1 358895
32 0 358911
32 1 359023
80 0 359511
80 1 359600
69 0 359672
32 0 359735
69 1 359767
32 1 359839
78 0 359975
78 1 360063
69 0 360103
69 1 360207
84 0 360335
84 1 360431
188 0 361463
188 1 361519
32 0 361631
32 1 361695
85 0 362718
85 1 362799
78 0 362895
78 1 362992
69 0 363736
69 1 363831
79 0 363943
79 1 364024
82 0 364088
73 0 364168
82 1 364191
73 1 364271
32 0 364295
32 1 364391
67 0 364567
73 0 364655
67 1 364679
73 1 364743
84 0 364871
84 1 364959
69 0 365007
69 1 365094
83 0 365191
83 1 365287
67 0 365352
67 1 365447
188 0 366311
188 1 366375
32 0 366464
32 1 366551
65 0 366695
65 1 366783
76 0 366799
76 1 366879
84 0 367047
84 1 367119
69 0 367199
69 1 367287
79 0 367312
79 1 367399
82 0 367543
82 1 367623
73 0 367672
73 1 367759
32 0 367776
32 1 367879
74 0 368399
74 1 368495
79 0 368536
79 1 368640
67 0 368728
67 1 368807
32 0 368871
32 1 368976
83 0 369167
83 1 369255
65 0 369375
65 1 369495
72 0 369567
72 1 369655
32 0 369791
32 1 369895
80 0 370783
80 1 370847
8 0 371935
8 1 372031
79 0 372616
79 1 372695
78 0 372855
78 1 372928
189 0 373088
189 1 373167
76 0 373567
76 1 373655
73 0 373759
73 1 373839
78 0 373952
78 1 374047
69 0 374144
69 1 374215
32 0 374231
32 1 374311
80 0 374367
80 1 374455
69 0 374543
69 1 374631
32 0 374727
32 1 374823
73 0 375207
73 1 375295
78 0 375391
78 1 375487
84 0 375632
84 1 375719
69 0 375791
82 0 375871
69 1 375887
82 1 375943
78 0 376279
78 1 376360
69 0 376448
69 1 376527
84 0 376551
84 1 376623
190 0 377584
190 1 377655
32 0 377799
32 1 377903
16 0 378584
16 0 379083
16 0 379118
16 0 379150
16 0 379183
16 0 379216
16 0 379250
16 0 379281
16 0 379314
16 0 379347
16 0 379381
16 0 379414
16 0 379447
82 0 379472
16 1 379535
82 1 379551
65 0 379664
65 1 379751
82 0 379839
82 1 379911
69 0 380207
69 1 380303
79 0 380655
79 1 380727
82 0 380847
82 1 380935
73 0 380952
73 1 381039
32 0 381072
32 1 381175
77 0 381311
77 1 381391
65 0 381431
65 1 381519
32 0 381623
32 1 381703
73 0 382847
73 1 382927
78 0 383040
78 1 383111
84 0 383231
84 1 383303
65 0 383367
65 1 383456
76 0 383488
76 1 383559
78 0 383704
78 1 383792
69 0 383847
69 1 383936
83 0 384048
83 1 384111
67 0 384199
67 1 384295
32 0 384327
32 1 384423
80 0 384471
80 1 384559
69 0 384631
69 1 384711
32 0 384735
32 1 384823
84 0 386415
84 1 386504
69 0 386568
69 1 386647
82 0 386696
82 1 386776
65 0 387336
65 1 387432
83 0 387512
83 1 387608
69 0 387696
69 1 387799
32 0 387823
32 1 387935
67 0 387983
67 1 388079
85 0 388183
32 0 388255
85 1 388279
32 1 388351
80 0 388423
80 1 388511
82 0 388567
82 1 388663
73 0 388703
73 1 388791
69 0 388872
69 1 388967
84 0 389080
84 1 389152
69 0 389200
69 1 389304
78 0 389535
78 1 389616
73 0 389712
73 1 389791
73 0 389847
73 1 389919
188 0 390303
188 1 390367
32 0 390472
32 1 390551
68 0 390687
68 1 390767
65 0 390895
65 1 391031
82 0 391047
82 1 391143
32 0 391167
32 1 391295
65 0 391967
65 1 392063
67 0 392215
67 1 392303
85 0 392392
85 1 392487
77 0 392616
77 1 392695
32 0 392783
32 1 392895
68 0 393039
69 0 393103
68 1 393159
69 1 393247
75 0 393343
75 1 393431
65 0 393447
65 1 393551
8 0 393839
8 1 393919
74 0 394160
74 1 394239
65 0 394391
65 1 394455
8 0 395224
8 1 395303
8 0 395384
8 1 395463
8 0 395544
8 1 395624
75 0 396184
75 1 396255
65 0 396319
65 1 396375
8 0 396631
8 1 396703
8 0 396776
8 1 396863
74 0 397303
74 1 397383
65 0 397520
65 1 397599
32 0 397728
32 1 397831
69 0 398071
69 1 398151
83 0 398271
84 0 398375
83 1 398391
84 1 398463
69 0 398479
69 1 398567
32 0 398599
32 1 398695
70 0 398863
82 0 398967
70 1 399031
82 1 399127
73 0 399527
73 1 399615
71 0 399992
71 1 400087
32 0 400199
32 1 400295
80 0 402656
80 1 402728
69 0 402776
32 0 402863
69 1 402879
32 1 402975
84 0 403167
84 1 403263
69 0 403343
69 1 403439
82 0 403511
82 1 403599
65 0 403775
65 1 403879
83 0 403992
83 1 404104
69 0 404184
69 1 404295
190 0 404423
190 1 404503
32 0 405159
32 1 405239
16 0 405399
85 0 405591
85 1 405679
16 1 405703
78 0 405783
78 1 405879
32 0 405959
32 1 406071
65 0 406287
65 1 406375
78 0 406415
78 1 406495
32 0 406575
32 1 406671
80 0 406815
80 1 406911
82 0 407095
82 1 407167
79 0 407239
79 1 407343
83 0 407431
83 1 407519
84 0 407647
84 1 407743
32 0 407767
32 1 407871
65 0 408287
65 1 408383
78 0 408519
78 1 408607
85 0 408703
85 1 408791
76 0 408944
76 1 409024
32 0 409040
32 1 409135
50 0 409271
50 1 409359
48 0 409463
48 1 409543
50 0 409631
50 1 409727
48 0 409759
48 1 409847
16 0 540354
77 0 540706
77 1 540801
16 1 540849
85 0 540929
85 1 541018
76 0 541138
76 1 541234
84 0 541282
84 1 541378
73 0 541449
73 1 541546
32 0 541562
32 1 541673
67 0 542281
67 1 542378
79 0 542434
79 1 542522
77 0 542618
77 1 542729
80 0 542778
80 1 542873
65 0 542921
65 1 543026
82 0 543122
82 1 543202
65 0 543241
65 1 543353
32 0 543377
32 1 543474
73 0 544049
73 1 544130
78 0 544233
78 1 544329
86 0 544449
86 1 544529
65 0 544593
65 1 544689
84 0 544737
84 1 544809
65 0 544865
65 1 544978
77 0 545106
77 1 545169
65 0 545218
65 1 545321
78 0 545362
78 1 545433
84 0 545738
84 1 545818
85 0 545954
85 1 546026
76 0 546169
76 1 546257
32 0 546289
32 1 546418
68 0 546577
69 0 546657
68 1 546698
69 1 546818
32 0 546954
32 1 547041
65 0 547409
65 1 547506
83 0 547625
83 1 547746
84 0 547994
84 1 548082
65 0 548169
65 1 548257
90 0 548354
90 1 548466
73 0 548545
32 0 548625
73 1 548649
32 1 548777
67 0 548889
67 1 548978
85 0 549074
85 1 549162
32 0 549185
32 1 549233
67 0 549690
69 0 549762
67 1 549810
69 1 549922
76 0 549954
76 1 550033
32 0 550097
32 1 550177
16 0 550402
222 0 550650
16 1 550714
222 1 550730
68 0 551042
69 0 551114
68 1 551153
32 0 551234
69 1 551257
32 1 551321
80 0 551337
80 1 551434
69 0 551490
69 1 551562
32 0 551617
32 1 551713
66 0 551810
66 1 551881
8 0 552185
8 1 552281
86 0 552506
86 1 552578
82 0 552633
82 1 552714
69 0 552810
69 1 552913
77 0 552962
77 1 553034
69 0 553090
69 1 553153
65 0 553282
65 1 553353
32 0 554106
32 1 554202
78 0 554337
78 1 554417
79 0 554489
79 1 554578
65 0 554618
65 1 554714
83 0 554794
83 1 554889
84 0 554914
84 1 554994
82 0 555050
82 1 555154
65 0 555178
65 1 555258
16 0 555426
222 0 555554
222 1 555626
16 1 555881
191 0 558305
191 1 558354
32 0 558625
32 1 558714
8 0 559002
8 1 559066
8 0 559146
8 1 559242
190 0 560002
190 1 560042
190 0 560233
190 1 560289
190 0 560386
190 1 560458
32 0 560690
32 1 560762
16 0 561066
67 0 561385
67 1 561466
16 1 561490
85 0 561865
32 0 561938
85 1 561961
32 1 562034
78 0 562289
78 1 562378
79 0 562434
79 1 562530
83 0 562578
83 1 562657
84 0 562746
84 1 562818
65 0 562873
65 1 562970
76 0 563026
76 1 563114
71 0 563506
71 1 563586
73 0 563665
73 1 563753
69 0 563841
69 1 563930
32 0 564026
32 1 564097
190 0 564881
190 1 564922
190 0 565026
190 1 565097
190 0 565218
190 1 565281
32 0 565818
32 1 565889
16 0 566810
16 0 567311
68 0 567314
68 1 567385
16 1 567409
65 0 567514
65 1 567594
82 0 567618
82 1 567698
32 0 567841
32 1 567929
69 0 568641
69 1 568722
85 0 568833
32 0 568914
85 1 568930
32 1 568985
67 0 569129
67 1 569218
82 0 569306
82 1 569402
69 0 569490
69 1 569602
68 0 569665
68 1 569778
32 0 569794
32 1 569913
67 0 569993
67 1 570089
65 0 570241
32 0 570386
65 1 570400
32 1 570457
86 0 570561
86 1 570649
82 0 570722
82 1 570818
69 0 570906
69 1 571026
77 0 571066
77 1 571162
85 0 571266
85 1 571354
82 0 571450
82 1 571546
73 0 571578
73 1 571658
76 0 571770
76 1 571857
69 0 571881
69 1 571970
32 0 571986
32 1 572081
83 0 572169
83 1 572265
189 0 572649
189 1 572729
65 0 572818
65 1 572905
85 0 573042
32 0 573113
85 1 573129
32 1 573217
83 0 573321
83 1 573393
67 0 573538
67 1 573633
72 0 573786
72 1 573857
73 0 573986
73 1 574065
77 0 574186
77 1 574265
66 0 574394
66 1 574466
65 0 574553
65 1 574642
84 0 574666
84 1 574729
190 0 574978
190 1 575058
32 0 575777
32 1 575849
16 0 576009
16 1 576417
16 0 576770
73 0 577241
73 1 577322
16 1 577338
78 0 577617
78 1 577674
84 0 578378
84 1 578466
82 0 578522
82 1 578634
189 0 578938
189 1 579034
65 0 579218
65 1 579322
68 0 579530
69 0 579585
68 1 579650
69 1 579730
86 0 579762
86 1 579849
65 0 579881
65 1 579977
82 0 580010
82 1 580097
32 0 580114
32 1 580217
67 0 580881
67 1 580978
82 0 581170
82 1 581274
69 0 581401
69 1 581513
68 0 581649
68 1 581746
32 0 581826
32 1 581937
67 0 581953
67 1 582033
65 0 582201
65 1 582321
32 0 582450
32 1 582545
78 0 583458
78 1 583537
85 0 583690
85 1 583777
77 0 584026
77 1 584098
65 0 584202
65 1 584265
73 0 584289
73 1 584369
32 0 584394
32 1 584529
69 0 585450
69 1 585530
83 0 585633
83 1 585746
84 0 585770
84 1 585833
69 0 585865
69 1 585954
32 0 585994
32 1 586065
79 0 586346
79 1 586425
65 0 586474
65 1 586570
82 0 586754
82 1 586841
69 0 587074
69 1 587162
67 0 587305
67 1 587401
65 0 587458
82 0 587546
65 1 587562
82 1 587634
69 0 587706
69 1 587809
32 0 587986
32 1 588081
16 0 589506
222 0 589738
222 1 589801
16 1 589826
67 0 590121
67 1 590209
85 0 590297
85 1 590386
76 0 590505
76 1 590602
84 0 590706
84 1 590786
85 0 590826
85 1 590905
82 0 590994
82 1 591074
65 0 591426
65 1 591506
32 0 591682
32 1 591777
71 0 592082
71 1 592145
69 0 592233
69 1 592321
78 0 592345
78 1 592434
69 0 592490
69 1 592610
82 0 592746
82 1 592849
65 0 593010
65 1 593106
76 0 593186
76 1 593242
65 0 593298
65 1 593386
16 0 593577
222 0 593729
222 1 593793
16 1 594034
32 0 594273
32 1 594369
32 0 594706
32 1 594785
189 0 595978
189 1 596074
32 0 596106
32 1 596217
73 0 596474
73 1 596570
83 0 596633
83 1 596714
84 0 596770
84 1 596849
79 0 596986
79 1 597065
82 0 597154
82 1 597241
73 0 597274
73 1 597353
69 0 597418
69 1 597514
188 0 597818
188 1 597881
32 0 597977
32 1 598073
71 0 598216
71 1 598297
69 0 598369
69 1 598465
79 0 598538
79 1 598617
82 0 598722
82 1 598761
8 0 599346
8 1 599433
71 0 600794
71 1 600873
82 0 600994
82 1 601066
65 0 601259
65 1 601377
70 0 601442
70 1 601521
73 0 601633
73 1 601714
69 0 601754
69 1 601833
188 0 602466
188 1 602537
32 0 602625
32 1 602706
76 0 602810
76 1 602897
73 0 603010
73 1 603089
84 0 603250
84 1 603338
69 0 603393
69 1 603474
82 0 603490
82 1 603570
65 0 603682
65 1 603770
84 0 604121
84 1 604202
85 0 604346
85 1 604426
82 0 604578
82 1 604657
65 0 604833
65 1 604914
190 0 605121
190 1 605186
32 0 605594
32 1 605657
32 0 605961
32 1 606017
16 0 606210
68 0 606393
16 1 606458
68 1 606482
65 0 606562
82 0 606617
65 1 606657
82 1 606698
32 0 606754
32 1 606841
65 0 606953
65 1 607113
67 0 607298
67 1 607386
85 0 607441
85 1 607530
77 0 607649
77 1 607730
32 0 607818
32 1 607906
69 0 607937
69 1 608033
83 0 608129
84 0 608209
83 1 608233
84 1 608298
69 0 608322
69 1 608418
32 0 608434
32 1 608513
77 0 608649
77 1 608737
65 0 608769
65 1 608865
73 0 608889
73 1 608962
32 0 608978
32 1 609057
83 0 609145
83 1 609233
73 0 609377
73 1 609466
77 0 609578
77 1 609674
80 0 609754
76 0 609849
80 1 609889
76 1 609954
85 0 610082
85 1 610161
32 0 610186
32 1 610305
83 0 610345
83 1 610425
65 0 610521
32 0 610609
65 1 610657
32 1 610697
86 0 611610
86 1 611690
73 0 611826
73 1 611898
90 0 611962
90 1 612050
73 0 612178
73 1 612249
79 0 612378
79 1 612457
78 0 612610
78 1 612673
69 0 612802
69 1 612873
90 0 613026
90 1 613113
73 0 613186
73 1 613289
32 0 613385
32 1 613473
85 0 613609
85 1 613689
78 0 613809
78 1 613881
32 0 613978
32 1 614065
70 0 614321
70 1 614401
73 0 614457
73 1 614538
76 0 614650
76 1 614729
77 0 614857
77 1 614929
32 0 615026
32 1 615121
80 0 615489
80 1 615562
69 0 615626
69 1 615714
32 0 615881
32 1 615977
78 0 616425
78 1 616506
69 0 616578
69 1 616666
84 0 616698
32 0 616786
84 1 616809
32 1 616905
68 0 617073
69 0 617137
68 1 617185
69 1 617273
67 0 617306
67 1 617402
65 0 617434
84 0 617546
65 1 617569
84 1 617642
32 0 617793
32 1 617897
83 0 619058
83 1 619138
65 0 619258
65 1 619362
32 0 619385
32 1 619473
67 0 620354
67 1 620434
73 0 620570
73 1 620657
84 0 620786
84 1 620857
69 0 620914
69 1 620977
83 0 621090
83 1 621186
84 0 621218
84 1 621298
73 0 621394
73 1 621490
32 0 621514
32 1 621633
85 0 621705
85 1 621785
78 0 621905
78 1 621985
32 0 622057
32 1 622161
82 0 622313
82 1 622409
79 0 622425
79 1 622489
77 0 622601
77 1 622682
65 0 622762
65 1 622849
78 0 622906
78 1 622977
32 0 623059
32 1 623161
68 0 623273
69 0 623345
68 1 623393
32 0 623457
69 1 623482
32 1 623545
83 0 623609
83 1 623705
85 0 623777
85 1 623881
84 0 623945
84 1 624025
69 0 624105
69 1 624186
32 0 624210
32 1 624313
68 0 624393
69 0 624449
68 1 624497
32 0 624569
69 1 624593
32 1 624673
80 0 624817
80 1 624897
65 0 625009
65 1 625097
71 0 625418
71 1 625497
73 0 625570
73 1 625650
78 0 625906
78 1 626002
73 0 626034
73 1 626113
190 0 626530
190 1 626586
32 0 626722
32 1 626785
16 0 626865
73 0 626993
16 1 627073
73 1 627089
65 0 627177
65 1 627273
82 0 627297
82 1 627377
32 0 627401
32 1 627521
73 0 628682
73 1 628762
83 0 628841
83 1 628930
84 0 629002
84 1 629090
79 0 629218
79 1 629290
82 0 629362
82 1 629458
73 0 629474
73 1 629546
69 0 629586
69 1 629682
32 0 629722
32 1 629826
83 0 629914
83 1 630018
73 0 630058
32 0 630121
73 1 630153
32 1 630225
71 0 630425
71 1 630505
69 0 630577
69 1 630673
79 0 630713
79 1 630794
82 0 630810
82 1 630889
71 0 631114
71 1 631186
65 0 631466
65 1 631546
8 0 631987
8 1 632074
82 0 632297
82 1 632378
65 0 632441
70 0 632497
65 1 632529
70 1 632586
73 0 632714
73 1 632777
69 0 632818
69 1 632905
32 0 632962
32 1 633057
83 0 633073
83 1 633169
69 0 633249
32 0 633321
69 1 633345
32 1 633417
80 0 633465
79 0 633569
80 1 633617
79 1 633665
65 0 633729
65 1 633833
84 0 633873
84 1 633961
69 0 633977
69 1 634065
32 0 634089
32 1 634177
73 0 634593
73 1 634673
78 0 634785
78 1 634873
86 0 634986
86 1 635066
65 0 635098
65 1 635210
84 0 635242
84 1 635330
65 0 635346
65 1 635458
32 0 635570
32 1 635657
16 0 636682
222 0 636873
222 1 636937
16 1 636954
80 0 637322
80 1 637394
69 0 637458
69 1 637554
32 0 637570
32 1 637641
84 0 637849
84 1 637929
69 0 637993
82 0 638073
69 1 638097
82 1 638169
69 0 638209
69 1 638314
78 0 638386
78 1 638474
16 0 638833
222 0 638993
222 1 639057
16 1 639314
32 0 640249
32 1 640305
80 0 641386
80 1 641466
82 0 641570
82 1 641658
73 0 641690
73 1 641786
78 0 641914
78 1 641993
32 0 642059
32 1 642177
69 0 642313
69 1 642393
88 0 642585
88 1 642681
67 0 642810
67 1 642922
85 0 643058
85 1 643137
82 0 643234
82 1 643322
83 0 643458
83 1 643570
73 0 643690
73 1 643762
73 0 643818
73 1 643922
188 0 644329
188 1 644377
32 0 644482
32 1 644561
83 0 645802
83 1 645922
67 0 646090
67 1 646177
72 0 646337
72 1 646418
73 0 646522
73 1 646618
77 0 647018
77 1 647106
66 0 647242
66 1 647346
85 0 647396
85 1 647490
82 0 647625
82 1 647706
73 0 647746
73 1 647841
32 0 647890
32 1 648010
73 0 648074
73 1 648162
78 0 648226
78 1 648329
84 0 648458
84 1 648545
69 0 648650
82 0 648706
69 1 648729
82 1 648786
78 0 649137
78 1 649209
65 0 649338
65 1 649410
84 0 649970
84 1 650033
73 0 650362
73 1 650425
79 0 650522
79 1 650610
78 0 650714
78 1 650794
65 0 650841
76 0 650946
65 1 650969
76 1 651025
69 0 651114
69 1 651186
32 0 651210
32 1 651305
188 0 651945
188 1 652010
32 0 652121
32 1 652185
80 0 652354
80 1 652433
65 0 652498
65 1 652602
82 0 652690
82 1 652761
84 0 652841
84 1 652922
69 0 652938
69 1 653033
78 0 653194
78 1 653273
82 0 653570
82 1 653658
73 0 653753
73 1 653857
65 0 653938
84 0 654074
65 1 654090
84 1 654169
69 0 654226
69 1 654313
190 0 654458
190 1 654538
32 0 654978
32 1 655057
16 0 657458
67 0 657889
16 1 657962
67 1 657978
82 0 658114
82 1 658210
69 0 658289
69 1 658394
68 0 658482
68 1 658578
32 0 658778
32 1 658865
67 0 658985
67 1 659057
65 0 659121
65 1 659217
32 0 659305
32 1 659401
83 0 659657
83 1 659745
69 0 659841
69 1 659937
32 0 659953
32 1 660025
70 0 660178
70 1 660257
65 0 660337
67 0 660425
65 1 660441
67 1 660521
69 0 660561
69 1 660657
32 0 660753
32 1 660833
8 0 662739
8 1 662801
65 0 663714
65 1 663785
32 0 663873
32 1 663969
80 0 664049
80 1 664129
69 0 664209
32 0 664289
69 1 664305
32 1 664385
86 0 664609
86 1 664681
82 0 664753
82 1 664833
69 0 664929
69 1 665041
77 0 665081
77 1 665153
69 0 665177
69 1 665265
65 0 665401
65 1 665497
32 0 665538
32 1 665618
77 0 665737
77 1 665809
69 0 666018
69 1 666089
65 0 666225
65 1 666321
32 0 666362
32 1 666465
80 0 666529
80 1 666617
82 0 666737
82 1 666825
69 0 666897
69 1 667033
65 0 667161
65 1 667258
32 0 667274
32 1 667354
77 0 667458
77 1 667546
85 0 667649
85 1 667738
76 0 667857
76 1 667937
84 0 668098
84 1 668178
65 0 668226
65 1 668337
32 0 668378
32 1 668473
77 0 668929
77 1 669018
65 0 669033
65 1 669153
84 0 669201
84 1 669282
69 0 669330
69 1 669426
77 0 669586
77 1 669665
65 0 669754
65 1 669849
84 0 669922
84 1 670009
73 0 670098
73 1 670186
67 0 670329
67 1 670394
65 0 670451
65 1 670529
190 0 670818
190 1 670881
32 0 671002
32 1 671073
16 0 671178
69 0 671353
69 1 671417
16 1 671457
85 0 671873
85 1 671961
32 0 672017
32 1 672105
73 0 672209
73 1 672297
78 0 672377
78 1 672465
32 0 672561
32 1 672657
65 0 674755
65 1 674833
80 0 674922
80 1 675002
82 0 675194
82 1 675289
79 0 675442
79 1 675522
65 0 675626
65 1 675730
80 0 675778
80 1 675849
69 0 675914
69 1 675985
32 0 676066
32 1 676161
52 0 676425
52 1 676505
48 0 676609
48 1 676697
32 0 676737
32 1 676849
68 0 676977
69 0 677042
68 1 677073
32 0 677145
69 1 677169
32 1 677265
65 0 677329
65 1 677433
78 0 677465
78 1 677577
73 0 677609
73 1 677714
32 0 677729
32 1 677833
68 0 677889
69 0 677929
68 1 677985
32 0 678009
69 1 678089
32 1 678105
77 0 678249
77 1 678353
85 0 678465
85 1 678553
78 0 678641
78 1 678737
67 0 678857
67 1 678937
65 0 678969
65 1 679074
32 0 679098
32 1 679201
78 0 680562
78 1 680658
85 0 680770
32 0 680849
85 1 680873
32 1 680945
65 0 681097
65 1 681169
77 0 681209
77 1 681289
32 0 681377
32 1 681473
84 0 681953
84 1 682041
82 0 682105
82 1 682193
69 0 682233
69 1 682321
67 0 682457
67 1 682561
85 0 682577
85 1 682657
84 0 682762
84 1 682857
32 0 682881
32 1 682985
68 0 683033
69 0 683097
32 0 683154
68 1 683177
69 1 683249
32 1 683265
73 0 683601
73 1 683681
78 0 683793
78 1 683889
77 0 684001
77 1 684089
85 0 684217
85 1 684289
76 0 684409
76 1 684497
84 0 684689
84 1 684777
73 0 684866
73 1 684954
82 0 685114
82 1 685194
73 0 685282
73 1 685370
32 0 685402
32 1 685529
83 0 685569
83 1 685673
73 0 685689
32 0 685745
73 1 685769
32 1 685865
73 0 686193
73 1 686281
77 0 686457
77 1 686537
80 0 687217
80 1 687297
65 0 687361
65 1 687458
82 0 687538
82 1 687617
84 0 687690
84 1 687802
73 0 687922
73 1 688010
82 0 688178
82 1 688249
73 0 688458
73 1 688537
190 0 689242
190 1 689314
32 0 689426
32 1 689497
16 0 689657
78 0 689777
78 1 689865
16 1 689889
73 0 689937
73 1 690025
67 0 690114
67 1 690193
73 0 690209
73 1 690297
32 0 690337
32 1 690441
86 0 690649
86 1 690729
79 0 690849
79 1 690929
82 0 690993
82 1 691081
66 0 691209
66 1 691281
65 0 691377
65 1 691481
32 0 691554
32 1 691633
68 0 691697
69 0 691753
68 1 691793
32 0 691849
69 1 691897
32 1 691929
76 0 692249
76 1 692321
79 0 692393
79 1 692521
71 0 692737
71 1 692817
65 0 692889
65 1 692985
82 0 693033
82 1 693122
73 0 693881
73 1 693970
84 0 694114
84 1 694185
77 0 694450
77 1 694530
73 0 694657
73 1 694746
32 0 695107
32 1 695226
83 0 695321
83 1 695401
73 0 695441
32 0 695497
73 1 695513
32 1 695577
73 0 695721
73 1 695801
78 0 695921
78 1 696009
84 0 696129
84 1 696217
69 0 696569
69 1 696649
71 0 696793
71 1 696881
82 0 696969
82 1 697057
65 0 697105
65 1 697209
76 0 697321
76 1 697401
69 0 697530
69 1 697602
190 0 698498
190 1 698561
190 0 698665
190 1 698729
190 0 698857
190 1 698889
13 0 700065
13 1 700137
16 0 707113
69 0 707346
16 1 707434
69 1 707450
83 0 707514
83 1 707634
84 0 707706
84 1 707786
69 0 707873
69 1 707962
32 0 708225
32 1 708313
79 0 710450
32 0 710546
79 1 710561
32 1 710642
32 0 710722
80 0 710738
32 1 710802
80 1 710818
73 0 711121
73 1 711202
67 0 711362
67 1 711458
84 0 711682
84 1 711770
85 0 711986
85 1 712065
82 0 712202
82 1 712274
65 0 712417
65 1 712522
32 0 712586
32 1 712674
67 0 712849
67 1 712938
76 0 713018
76 1 713098
65 0 713202
65 1 713306
83 0 713393
83 1 713506
73 0 713554
73 1 713634
67 0 713857
67 1 713962
65 0 714114
65 1 714210
188 0 714617
188 1 714674
32 0 714778
32 1 714857
83 0 717419
83 1 717522
67 0 717706
67 1 717802
79 0 718897
79 1 718970
65 0 719058
65 1 719145
76 0 719170
76 1 719258
65 0 719298
65 1 719394
32 0 719458
32 1 719546
76 0 719889
76 1 719978
85 0 720186
85 1 720257
73 0 720338
32 0 720426
73 1 720449
32 1 720521
16 0 720602
80 0 720722
80 1 720826
16 1 720858
76 0 720890
76 1 720979
65 0 721091
65 1 721195
84 0 721283
84 1 721363
79 0 721515
79 1 721603
78 0 722763
78 1 722834
32 0 722907
32 1 723003
83 0 723067
83 1 723163
73 0 723235
73 1 723315
32 0 723331
32 1 723434
16 0 723482
65 0 723707
65 1 723787
16 1 723811
82 0 723907
82 1 723987
73 0 724371
73 1 724459
83 0 724546
83 1 724626
84 0 724658
84 1 724730
79 0 724866
79 1 724954
84 0 725115
84 1 725186
69 0 725267
69 1 725355
76 0 725395
76 1 725474
190 0 725739
190 1 725818
32 0 726179
32 1 726290
16 0 728490
69 0 728771
69 1 728842
16 1 728858
73 0 729330
73 1 729411
32 0 729435
32 1 729546
83 0 729675
83 1 729771
85 0 729787
85 1 729874
78 0 729987
78 1 730083
84 0 730203
84 1 730282
32 0 730330
32 1 730442
73 0 730490
73 1 730586
78 0 730723
78 1 730795
32 0 730874
32 1 730978
67 0 731115
69 0 731163
67 1 731242
69 1 731315
78 0 731395
78 1 731482
84 0 731627
84 1 731706
82 0 731779
82 1 731867
85 0 732274
85 1 732346
76 0 732482
76 1 732563
32 0 732579
32 1 732666
80 0 732698
80 1 732795
73 0 733155
73 1 733235
67 0 733347
67 1 733427
84 0 733667
84 1 733755
85 0 733915
85 1 733995
82 0 734099
82 1 734187
73 0 734274
73 1 734363
73 0 734443
32 0 734530
73 1 734546
32 1 734682
83 0 734810
83 1 734906
73 0 735034
73 1 735123
32 0 735219
32 1 735314
73 0 736219
73 1 736306
78 0 736403
78 1 736499
32 0 736578
32 1 736674
74 0 736810
74 1 736882
85 0 736963
85 1 737059
82 0 737155
82 1 737251
85 0 737275
85 1 737371
76 0 737515
76 1 737602
32 0 737619
32 1 737698
76 0 737786
76 1 737874
79 0 737963
79 1 738051
82 0 738211
82 1 738298
32 0 738395
32 1 738490
16 0 738715
222 0 738818
222 1 738882
16 1 739011
73 0 739667
73 1 739747
78 0 739923
78 1 739994
86 0 740187
86 1 740258
65 0 740354
65 1 740419
84 0 740522
84 1 740595
65 0 740667
65 1 740754
67 0 740979
69 0 741075
67 1 741131
69 1 741227
73 0 741379
73 1 741442
73 0 741523
73 1 741611
16 0 741842
222 0 741979
222 1 742050
16 1 742290
32 0 742563
32 1 742626
189 0 743658
189 1 743730
32 0 743850
32 1 743938
69 0 744691
69 1 744786
76 0 744906
76 1 744970
69 0 745002
69 1 745098
86 0 745578
86 1 745643
73 0 745803
73 1 745882
73 0 745955
73 1 746035
191 0 746731
191 1 746786
83 0 746946
83 1 747034
84 0 747250
84 1 747330
85 0 748011
85 1 748091
68 0 748179
69 0 748234
68 1 748298
69 1 748403
78 0 748419
78 1 748506
84 0 748659
84 1 748739
73 0 748858
73 1 748939
73 0 749019
73 1 749099
190 0 749419
190 1 749475
32 0 750666
32 1 750730
16 0 751019
80 0 751283
16 1 751322
80 1 751362
69 0 751507
69 1 751603
32 0 751635
32 1 751730
65 0 751794
65 1 751930
84 0 751986
84 1 752074
85 0 752179
85 1 752258
78 0 752346
78 1 752443
67 0 752483
73 0 752570
67 1 752595
73 1 752667
32 0 752699
32 1 752826
78 0 752938
78 1 753018
85 0 753131
32 0 753211
85 1 753226
32 1 753346
69 0 754419
69 1 754523
82 0 754603
82 1 754699
65 0 754858
65 1 754955
85 0 755035
32 0 755122
85 1 755138
32 1 755226
84 0 756635
84 1 756707
65 0 756755
65 1 756850
66 0 756987
66 1 757074
76 0 757211
76 1 757298
69 0 757354
69 1 757467
84 0 757531
84 1 757611
69 0 757667
69 1 757755
32 0 757890
32 1 758010
83 0 758146
83 1 758226
73 0 758371
32 0 758426
73 1 758450
32 1 758506
73 0 758634
73 1 758714
78 0 758842
78 1 758914
86 0 759059
86 1 759130
65 0 759203
65 1 759306
84 0 759339
84 1 759410
65 0 759443
65 1 759555
77 0 759715
77 1 759786
65 0 759850
65 1 759931
78 0 759979
78 1 760050
84 0 760203
84 1 760266
32 0 760306
32 1 760386
79 0 760819
79 1 760898
78 0 761074
78 1 761138
189 0 761603
189 1 761675
76 0 761915
76 1 762011
73 0 762147
73 1 762218
78 0 762338
78 1 762411
69 0 762490
69 1 762579
190 0 762779
190 1 762834
32 0 764250
32 1 764342
16 0 771651
83 0 772003
83 1 772090
16 1 772115
67 0 772219
67 1 772306
69 0 772459
69 1 772546
78 0 772971
78 1 773034
65 0 773131
32 0 773187
65 1 773218
32 1 773306
83 0 773426
83 1 773530
69 0 773643
69 1 773731
32 0 773755
32 1 773842
80 0 773882
80 1 773978
69 0 774034
69 1 774146
84 0 774242
84 1 774338
82 0 774387
82 1 774491
69 0 774523
69 1 774627
67 0 774651
67 1 774755
69 0 774786
69 1 774882
32 0 774915
32 1 775018
76 0 775130
76 1 775202
65 0 775274
65 1 775354
32 0 775403
16 0 775490
32 1 775506
65 0 775738
65 1 775818
16 1 775834
84 0 775995
84 1 776074
69 0 776163
69 1 776250
78 0 776715
78 1 776787
65 0 776850
65 1 776931
188 0 782116
188 1 782195
32 0 782355
32 1 782444
73 0 783116
73 1 783187
78 0 783284
78 1 783364
65 0 783444
65 1 783515
73 0 783580
73 1 783675
78 0 783732
78 1 783835
84 0 784012
84 1 784083
69 0 784228
69 1 784315
32 0 784859
32 1 784971
68 0 785083
69 0 785171
68 1 785219
69 1 785315
32 0 785524
32 1 785620
78 0 786732
78 1 786803
65 0 786867
65 1 786972
83 0 787051
83 1 787172
84 0 787291
84 1 787372
69 0 787428
69 1 787523
82 0 787548
82 1 787627
69 0 787676
69 1 787772
65 0 787891
65 1 787987
32 0 788036
32 1 788123
76 0 788195
76 1 788291
85 0 788435
85 1 788515
73 0 788579
73 1 788684
32 0 788700
32 1 788795
16 0 788883
67 0 788987
67 1 789075
16 1 789115
82 0 789179
82 1 789259
83 0 789516
83 1 789603
8 0 790140
8 1 790236
73 0 791092
73 1 791179
83 0 791252
83 1 791339
84 0 791404
84 1 791492
79 0 791612
79 1 791692
83 0 791780
83 1 791867
190 0 792004
190 1 792083
32 0 792700
32 1 792795
16 0 803412
16 0 803912
16 0 803945
16 0 803978
16 0 804011
16 0 804044
16 0 804078
16 0 804109
16 0 804142
16 0 804175
16 0 804209
16 0 804241
16 0 804275
16 0 804307
16 0 804341
16 0 804374
16 0 804407
16 0 804441
16 0 804473
16 0 804506
16 0 804539
16 0 804571
16 0 804604
16 0 804638
16 0 804671
16 0 804704
16 0 804738
16 0 804770
16 0 804803
16 0 804835
16 0 804868
16 0 804901
16 0 804935
16 0 804969
16 0 805002
16 0 805035
16 0 805066
16 0 805100
16 0 805133
16 0 805166
16 0 805200
16 0 805232
16 0 805265
16 0 805297
16 0 805330
16 0 805364
16 0 805397
16 0 805431
16 0 805463
16 0 805496
16 0 805529
16 0 805561
16 0 805595
16 0 805628
16 0 805661
16 0 805694
16 0 805727
16 0 805760
16 0 805792
16 0 805825
16 0 805858
16 0 805891
16 0 805925
16 0 805958
16 0 805991
16 0 806025
16 0 806057
16 0 806090
16 0 806123
16 0 806155
16 0 806188
16 0 806222
16 0 806255
16 0 806288
16 0 806320
16 0 806354
16 0 806387
16 0 806420
16 0 806453
16 0 806487
16 0 806520
16 0 806553
16 0 806585
79 0 806612
16 1 806675
79 1 806699
66 0 807012
66 1 807099
83 0 807220
83 1 807332
69 0 807420
69 1 807532
82 0 807548
82 1 807644
86 0 807740
86 1 807820
65 0 807859
65 1 807963
77 0 808100
77 1 808180
32 0 808267
32 1 808363
67 0 808515
67 1 808595
65 0 808611
65 1 808715
32 0 808747
32 1 808851
78 0 808995
78 1 809075
85 0 809187
32 0 809259
85 1 809275
32 1 809363
67 0 809507
67 1 809595
72 0 809627
72 1 809723
79 0 809819
73 0 809843
79 1 809859
73 1 809883
65 0 809899
65 1 810003
8 0 810819
8 1 810891
8 0 811307
8 1 811412
8 0 811484
8 1 811580
73 0 812188
73 1 812267
65 0 812331
65 1 812420
82 0 812508
82 1 812596
32 0 812620
32 1 812731
84 0 813107
84 1 813195
79 0 813356
79 1 813428
84 0 813636
84 1 813716
73 0 813819
73 1 813899
32 0 813923
32 1 814051
83 0 815164
83 1 815276
84 0 815364
84 1 815443
85 0 815548
85 1 815620
68 0 815668
69 0 815715
68 1 815787
69 1 815859
78 0 815883
78 1 815964
84 0 816124
84 1 816196
73 0 816331
73 1 816403
73 0 816484
32 0 816579
73 1 816603
32 1 816731
69 0 816803
69 1 816907
82 0 817019
82 1 817107
65 0 817235
65 1 817356
85 0 817404
32 0 817492
85 1 817507
32 1 817620
65 0 817644
65 1 817748
84 0 817811
84 1 817883
69 0 817940
69 1 818020
78 0 818076
78 1 818171
84 0 818323
84 1 818412
73 0 818492
73 1 818579
32 0 818612
32 1 818715
76 0 818771
76 1 818851
65 0 818963
65 1 819051
32 0 819075
32 1 819179
80 0 819251
80 1 819363
82 0 819491
79 0 819555
82 1 819579
79 1 819651
70 0 819819
70 1 819891
69 0 819915
69 1 819996
83 0 820092
83 1 820212
79 0 820299
79 1 820388
82 0 820500
73 0 820579
82 1 820595
73 1 820668
188 0 821027
188 1 821092
32 0 821228
32 1 821291
77 0 823051
77 1 823123
65 0 823187
65 1 823268
73 0 823284
73 1 823364
32 0 823388
32 1 823435
76 0 823515
76 1 823603
85 0 823731
85 1 823811
67 0 823939
67 1 824027
82 0 824132
82 1 824211
65 0 824283
65 1 824371
85 0 824539
85 1 824652
32 0 824692
32 1 824828
83 0 824995
83 1 825083
73 0 825131
32 0 825203
73 1 825227
32 1 825291
80 0 825371
80 1 825443
69 0 825563
69 1 825643
32 0 825795
32 1 825875
16 0 826259
222 0 826451
16 1 826491
222 1 826515
71 0 827612
71 1 827708
82 0 828124
82 1 828220
73 0 828404
73 1 828483
80 0 829348
80 1 829436
85 0 829571
85 1 829643
82 0 829787
82 1 829867
73 0 829907
73 1 829987
16 0 830396
222 0 830580
222 1 830660
16 1 830740
32 0 830811
32 1 830923
77 0 831043
77 1 831123
73 0 831227
73 1 831299
67 0 831363
67 1 831443
73 0 831475
73 1 831571
32 0 831691
32 1 831803
190 0 832131
190 1 832211
32 0 832540
32 1 832635
37 0 833988
37 0 834488
37 0 834520
37 0 834553
37 0 834587
37 0 834619
37 0 834652
37 0 834686
37 0 834718
37 0 834752
37 0 834784
37 1 834787
37 0 834996
37 1 835075
37 0 835164
37 1 835243
8 0 835763
8 1 835851
85 0 836323
85 1 836396
17 0 836708
39 0 836883
39 1 836955
39 0 837123
39 1 837251
39 0 837355
39 1 837459
39 0 837555
39 1 837683
17 1 837835
39 0 838299
39 1 838355
16 0 849956
69 0 850412
16 1 850459
69 1 850508
86 0 850636
86 1 850732
73 0 851260
73 1 851331
68 0 851452
69 0 851491
68 1 851547
69 1 851644
78 0 851660
78 1 851756
84 0 851891
84 1 851980
32 0 852004
32 1 852067
67 0 852131
67 1 852219
65 0 852243
65 1 852347
32 0 852371
32 1 852459
69 0 853500
69 1 853619
82 0 853676
82 1 853780
65 0 853948
65 1 854092
32 0 854180
32 1 854275
79 0 854507
79 1 854603
32 0 854627
32 1 854732
16 0 854979
222 0 855251
16 1 855291
222 1 855331
65 0 855443
65 1 855539
76 0 855635
76 1 855715
84 0 855899
84 1 855979
65 0 856043
65 1 856131
32 0 856171
32 1 856291
86 0 856467
86 1 856555
73 0 856667
73 1 856747
65 0 856811
65 1 856899
84 0 856931
84 1 856996
65 0 857044
65 1 857116
16 0 857284
222 0 857476
222 1 857555
16 1 857612
32 0 857717
32 1 857803
73 0 857884
73 1 857971
78 0 858075
78 1 858147
32 0 858227
32 1 858323
67 0 858435
67 1 858507
79 0 858595
79 1 858667
77 0 858787
77 1 858875
80 0 858939
80 1 859019
65 0 859075
65 1 859163
82 0 859259
82 1 859331
65 0 859396
65 1 859491
84 0 859508
84 1 859595
73 0 859700
73 1 859771
69 0 859829
69 1 859915
32 0 859988
32 1 860091
67 0 860219
67 1 860299
85 0 860403
32 0 860475
85 1 860499
32 1 860603
77 0 862075
77 1 862187
79 0 862219
79 1 862315
68 0 862436
68 1 862508
85 0 862572
85 1 862651
76 0 862772
76 1 862867
32 0 862883
32 1 862963
78 0 863091
78 1 863179
79 0 863235
79 1 863331
83 0 863387
83 1 863475
84 0 863563
84 1 863651
82 0 863707
82 1 863812
85 0 863891
85 1 863988
32 0 864012
32 1 864123
68 0 864147
69 0 864203
68 1 864267
32 0 864283
32 1 864379
69 1 864395
86 0 864595
86 1 864683
73 0 864779
73 1 864867
65 0 864915
65 1 865019
84 0 865091
84 1 865171
65 0 865187
65 1 865283
190 0 865515
190 1 865587
32 0 866388
32 1 866491
16 0 867115
78 0 867372
78 1 867468
16 1 867492
79 0 867532
79 1 867652
85 0 867692
85 1 867780
65 0 867828
32 0 867907
65 1 867931
32 1 868020
68 0 868323
68 1 868411
65 0 868531
67 0 868627
65 1 868651
67 1 868707
65 0 868731
32 0 868843
65 1 868859
32 1 868932
78 0 869123
78 1 869203
69 0 869283
69 1 869379
32 0 869499
32 1 869563
16 0 870019
222 0 870267
16 1 870315
222 1 870339
80 0 870563
80 1 870635
73 0 870731
73 1 870812
67 0 871028
67 1 871091
65 0 871140
65 1 871203
16 0 871372
222 0 871532
222 1 871612
16 1 871644
32 0 871764
32 1 871851
78 0 871971
78 1 872051
69 0 872195
69 1 872283
84 0 872451
84 1 872523
85 0 873747
85 1 873827
76 0 873963
76 1 874051
32 0 874107
32 1 874219
83 0 875179
83 1 875260
85 0 875412
85 1 875499
78 0 875603
78 1 875692
84 0 875811
84 1 875883
69 0 876028
69 1 876100
77 0 876259
77 1 876323
32 0 876428
32 1 876507
8 0 880012
8 1 880099
8 0 880181
8 1 880267
8 0 880347
8 1 880427
8 0 880516
8 1 880595
8 0 880683
8 1 880788
8 0 880883
8 1 880987
8 0 881084
8 1 881179
73 0 882036
73 1 882124
78 0 882228
78 1 882331
84 0 882476
84 1 882580
82 0 882620
82 1 882708
65 0 882780
65 1 882859
77 0 883116
77 1 883180
32 0 883268
32 1 883371
73 0 883515
73 1 883603
78 0 883667
78 1 883747
32 0 883835
32 1 883931
68 0 884075
69 0 884139
68 1 884203
69 1 884291
80 0 884315
80 1 884403
82 0 884563
82 1 884659
69 0 884747
69 1 884843
83 0 884963
83 1 885091
73 0 885436
73 1 885508
69 0 885636
69 1 885724
190 0 886331
190 1 886404
190 0 886500
190 1 886587
190 0 886691
190 1 886755
32 0 887971
32 1 888065
16 0 888299
68 0 888564
16 1 888611
68 1 888651
65 0 888708
65 1 888796
82 0 888812
82 1 888899
32 0 892125
32 1 892228
76 0 893715
76 1 893795
65 0 893843
65 1 893932
32 0 893988
32 1 894059
83 0 894435
83 1 894523
67 0 894651
67 1 894747
79 0 894787
79 1 894875
76 0 894988
76 1 895067
73 0 895172
73 1 895244
76 0 896075
76 1 896148
69 0 896315
69 1 896396
32 0 896547
32 1 896635
82 0 897283
82 1 897371
69 0 897451
69 1 897539
83 0 897628
83 1 897732
80 0 897780
80 1 897859
69 0 897875
69 1 897955
67 0 898100
67 1 898187
84 0 898283
84 1 898364
73 0 898468
73 1 898547
86 0 898700
86 1 898771
69 0 898835
69 1 898924
32 0 898948
32 1 899011
78 0 899155
78 1 899235
85 0 899331
85 1 899411
32 0 899435
32 1 899515
83 0 899547
83 1 899643
69 0 899731
32 0 899795
69 1 899827
32 1 899875
70 0 900027
70 1 900107
65 0 900171
67 0 900243
65 1 900267
67 1 900339
69 0 900443
69 1 900539
65 0 900763
65 1 900876
85 0 904867
85 1 904960
32 0 904971
32 1 905075
65 0 905451
65 1 905555
84 0 905707
84 1 905787
65 0 905843
65 1 905948
84 0 906004
84 1 906099
69 0 906148
69 1 906243
65 0 906372
65 1 906468
32 0 906491
32 1 906579
77 0 906675
77 1 906787
65 0 906803
65 1 906907
84 0 906995
84 1 907091
69 0 907219
69 1 907299
82 0 907355
82 1 907443
73 0 907843
73 1 907923
73 0 907996
32 0 908059
73 1 908099
32 1 908172
84 0 908323
84 1 908395
69 0 908451
69 1 908539
72 0 908691
72 1 908779
78 0 908883
78 1 908995
73 0 909027
73 1 909116
67 0 909180
69 0 909284
67 1 909356
69 1 909444
32 0 909468
32 1 909540
190 0 909811
190 1 909859
190 0 909955
190 1 910035
190 0 910123
190 1 910203
