16 0 64723
65 0 64844
65 1 64956
16 1 64983
86 0 65084
86 1 65158
91 0 66061
91 1 66252
32 1 66287
220 0 66721
220 1 66770
78 0 67493
78 1 67552
68 0 67605
68 1 67656
32 0 67710
32 1 67777
221 0 68042
221 1 68100
78 0 68378
78 1 68447
32 0 68505
32 1 68559
86 0 68662
86 1 68724
69 0 68859
69 1 68909
68 0 68989
68 1 69065
69 0 69143
69 1 69196
82 0 69298
82 1 69354
69 0 69436
69 1 69487
32 0 69568
32 1 69621
67 0 69699
67 1 69774
219 0 70091
219 1 70156
32 0 70205
32 1 70264
68 0 70408
68 1 70460
69 0 70564
69 1 70609
74 0 70674
74 1 70741
65 0 70837
65 1 70881
32 0 70934
32 1 70997
69 0 71093
69 1 71137
32 0 71197
32 1 71261
79 0 71600
79 1 71658
82 0 71727
82 1 71780
65 0 71955
65 1 72004
32 0 72081
32 1 72136
50 0 73846
50 1 73906
50 0 74005
50 1 74054
16 0 74101
186 0 74226
186 1 74332
16 1 74362
51 0 74789
51 1 74851
48 0 74986
48 1 75039
8 0 75952
8 1 76022
8 0 76100
8 1 76175
8 0 76762
8 1 76814
16 0 77106
190 0 77257
190 1 77373
68 0 77407
16 1 77433
68 1 77456
8 0 78219
8 1 78298
8 0 78384
8 1 78450
16 0 78972
190 0 79098
190 1 79204
16 1 79244
51 0 79754
51 1 79834
48 0 79944
48 1 80008
32 0 80205
32 1 80266
69 0 80670
69 1 80727
32 0 80769
32 1 80850
65 0 80896
65 1 80952
84 0 81169
84 1 81226
220 0 81309
220 1 81368
84 0 81391
84 1 81447
32 0 81616
32 1 81680
68 0 81755
68 1 81813
69 0 81910
69 1 81954
32 0 82008
32 1 82070
221 0 82544
221 1 82606
78 0 82818
78 1 82902
84 0 83020
84 1 83064
85 0 83130
85 1 83175
78 0 83303
78 1 83371
69 0 83391
69 1 83435
82 0 83535
82 1 83592
73 0 83632
73 1 83695
67 0 83754
67 1 83812
32 0 83886
32 1 83955
221 0 84182
221 1 84227
78 0 84483
78 1 84542
67 0 84617
67 1 84667
220 0 84854
220 1 84910
84 0 85031
84 1 85082
32 0 85198
32 1 85255
78 0 85422
78 1 85478
8 0 89592
8 1 90035
8 0 90807
8 0 91417
8 0 91453
8 0 91489
8 0 91526
8 0 91562
8 0 91600
8 0 91636
8 0 91672
8 0 91709
8 0 91748
8 0 91782
8 0 91817
8 0 91854
8 0 91893
8 0 91927
8 0 91965
8 0 92004
8 0 92038
8 0 92074
8 0 92110
8 1 92116
8 0 97732
8 0 98340
8 0 98377
8 0 98413
8 0 98449
8 1 98454
186 0 99227
186 1 99295
73 0 99543
73 1 99617
32 0 99683
32 1 99771
78 0 100478
78 1 100588
85 0 100639
85 1 100711
32 0 100726
32 1 100814
77 0 100897
77 1 100965
189 0 101170
189 1 101245
65 0 101344
65 1 101399
77 0 101497
77 1 101569
32 0 101604
32 1 101696
77 0 101720
77 1 101787
73 0 101911
73 1 101964
186 0 102164
186 1 102226
67 0 102288
67 1 102348
65 0 102479
65 1 102535
84 0 102715
84 1 102768
32 0 102827
32 1 102917
68 0 102957
68 1 103014
69 0 103080
69 1 103143
32 0 103172
32 1 103240
76 0 103390
76 1 103484
65 0 103517
65 1 103573
32 0 103710
32 1 103772
66 0 105799
66 1 105883
73 0 105963
73 1 106023
82 0 106105
82 1 106157
79 0 106238
79 1 106378
85 0 106414
85 1 106482
188 0 108109
188 1 108181
32 0 108241
32 1 108308
77 0 108394
77 1 108463
73 0 108630
73 1 108682
189 0 109230
189 1 109282
69 0 109460
69 1 109522
32 0 109589
32 1 109668
71 0 109782
71 1 109830
82 0 109945
82 1 109994
69 0 110093
69 1 110146
85 0 110201
85 1 110255
32 0 110358
32 1 110413
83 0 110581
83 1 110621
219 0 110758
219 1 110811
32 0 110874
32 1 110920
68 0 112509
68 1 112589
69 0 112664
69 1 112721
83 0 112823
83 1 112878
67 0 112976
67 1 113045
82 0 113166
82 1 113220
73 0 113352
73 1 113518
85 0 113528
85 1 113608
32 0 113672
32 1 113735
80 0 114071
80 1 114127
220 0 114406
220 1 114460
78 0 114716
78 1 114788
219 0 115020
219 1 115091
32 0 115166
32 1 115228
186 0 115318
186 1 115399
73 0 115576
73 1 115638
32 0 115669
32 1 115735
86 0 115816
86 1 115872
82 0 115988
82 1 116042
69 0 116141
69 1 116196
77 0 116231
77 1 116296
69 0 116367
69 1 116422
65 0 116568
65 1 116623
32 0 116686
32 1 116741
68 0 116816
68 1 116854
69 0 116939
69 1 116989
32 0 117034
32 1 117098
65 0 117121
65 1 117172
70 0 117316
70 1 117354
65 0 117480
65 1 117530
82 0 117675
82 1 117719
219 0 117804
219 1 117862
190 0 118006
190 1 118070
32 0 118122
32 1 118184
16 0 118238
67 0 118342
67 1 118386
16 1 118398
82 0 118529
82 1 118566
69 0 118661
69 1 118706
68 0 118796
68 1 118845
32 0 118856
32 1 118901
67 0 118998
67 1 119062
219 0 119168
219 1 119227
32 0 119321
32 1 119382
69 0 119779
69 1 119830
32 0 119899
32 1 119955
70 0 120235
70 1 120285
82 0 120384
82 1 120442
73 0 120539
73 1 120595
71 0 120690
71 1 120728
188 0 121340
188 1 121396
32 0 121590
32 1 121652
68 0 121957
65 0 122033
68 1 122046
65 1 122144
82 0 122239
82 1 122296
32 0 122951
32 1 123004
8 0 125771
8 1 126348
8 0 126477
8 1 126559
8 0 126639
8 1 126708
8 0 126788
8 1 126857
80 0 128032
80 1 128138
82 0 128172
82 1 128234
79 0 128314
79 1 128360
66 0 128436
66 1 128486
65 0 128634
65 1 128693
66 0 128865
66 1 128912
73 0 128965
73 1 129011
76 0 129130
76 1 129198
32 0 129228
32 1 129279
67 0 129379
67 1 129430
219 0 129509
219 1 129555
32 0 129584
32 1 129645
186 0 129711
186 1 129783
73 0 129961
73 1 130024
32 0 130060
32 1 130125
73 0 130215
73 1 130265
69 0 130321
69 1 130369
82 0 130463
82 1 130509
73 0 130541
73 1 130609
32 0 130682
32 1 130750
65 0 130897
65 1 130954
32 0 131028
32 1 131093
70 0 131590
70 1 131650
79 0 131735
79 1 131793
83 0 131852
83 1 131908
84 0 132059
84 1 132113
32 0 132160
32 1 132250
76 0 132353
76 1 132422
65 0 132460
65 1 132511
32 0 132576
32 1 132645
70 0 132719
70 1 132763
69 0 132892
69 1 132930
76 0 132984
76 1 133044
32 0 135170
32 1 135242
189 0 135329
189 1 135378
68 0 135919
68 1 135975
73 0 136030
73 1 136099
78 0 136220
78 1 136283
32 0 136310
32 1 136381
67 0 136463
67 1 136520
69 0 136648
69 1 136695
189 0 136793
189 1 136847
77 0 137002
77 1 137081
73 0 137189
73 1 137258
32 0 137266
32 1 137329
65 0 137435
65 1 137490
68 0 137603
68 1 137660
85 0 137669
85 1 137732
67 0 137777
67 1 137840
32 0 137957
32 1 138013
86 0 138771
86 1 138863
65 0 138991
65 1 139089
71 0 139235
71 1 139302
32 0 139384
32 1 139465
65 0 139648
65 1 139752
77 0 139822
77 1 139903
73 0 140039
73 1 140103
78 0 140226
78 1 140284
84 0 140624
69 0 140708
84 1 140734
69 1 140805
189 0 141071
189 1 141122
188 0 141705
188 1 141752
32 0 141841
32 1 141897
68 0 144034
65 0 144146
68 1 144178
65 1 144293
82 0 144348
82 1 144399
32 0 144473
32 1 144566
78 0 144698
78 1 144782
73 0 144893
73 1 144977
67 0 145046
67 1 145110
73 0 145170
73 1 145234
32 0 145256
32 1 145299
78 0 145381
78 1 145425
85 0 145554
85 1 145616
32 0 145665
32 1 145741
77 0 145776
77 1 145856
219 0 146236
219 1 146293
32 0 146337
32 1 146418
65 0 146560
65 1 146617
186 0 146728
186 1 146785
84 0 146897
84 1 146954
69 0 147085
69 1 147135
80 0 147189
80 1 147246
84 0 147317
84 1 147361
32 0 147424
32 1 147501
77 0 147618
77 1 147681
65 0 147767
65 1 147804
73 0 147855
73 1 147918
32 0 148002
32 1 148055
80 0 148107
80 1 148162
85 0 148311
85 1 148363
222 0 148622
222 1 148686
73 0 148883
73 1 148940
78 0 149070
78 1 149132
32 0 149219
32 1 149275
8 0 149623
8 1 149649
8 0 149757
8 1 149793
8 0 149877
8 1 149940
8 0 150002
8 1 150076
8 0 150137
8 1 150201
8 0 150274
8 1 150335
8 0 150399
8 1 150463
8 0 150532
8 1 150588
8 0 150658
8 1 150715
8 0 150780
8 1 150844
76 0 151253
76 1 151342
65 0 151351
65 1 151441
32 0 151483
32 1 151563
77 0 151724
77 1 151751
65 0 151795
65 1 151862
73 0 151941
73 1 151998
32 0 152056
32 1 152100
80 0 152233
80 1 152294
85 0 152465
85 1 152509
222 0 152758
222 1 152835
73 0 153007
73 1 153056
78 0 153207
78 1 153259
32 0 153344
32 1 153400
68 0 153525
68 1 153584
69 0 153673
69 1 153723
32 0 153756
32 1 153815
76 0 153936
76 1 154003
65 0 154035
65 1 154091
32 0 154155
32 1 154227
221 0 154410
221 1 154478
78 0 154676
78 1 154744
67 0 154782
67 1 154845
69 0 154945
69 1 154996
80 0 155022
80 1 155126
85 0 155235
85 1 155316
84 0 155392
84 1 155455
85 0 155502
85 1 155584
76 0 155745
76 1 155810
32 0 155905
32 1 155975
76 0 155984
76 1 156046
85 0 156215
85 1 156281
73 0 156370
73 1 156436
32 0 156531
32 1 156603
73 0 156714
73 1 156789
65 0 156879
65 1 156928
78 0 156977
78 1 157064
85 0 157188
85 1 157252
65 0 157320
65 1 157370
82 0 157541
82 1 157603
73 0 157659
73 1 157721
69 0 157756
69 1 157805
190 0 158075
190 1 158143
32 0 158330
32 1 158375
16 0 166403
80 0 166810
80 1 166924
16 1 166963
69 0 167065
69 1 167116
82 0 167215
82 1 167252
83 0 167403
83 1 167453
79 0 167477
79 1 167540
78 0 167667
78 1 167731
65 0 167789
65 1 167833
76 0 167922
76 1 167972
32 0 168067
32 1 168112
8 0 169605
8 1 169932
188 0 171515
188 1 171609
32 0 171674
32 1 171755
80 0 172676
80 1 172745
82 0 172839
82 1 172904
69 0 172987
69 1 173043
70 0 173128
70 1 173186
69 0 173272
69 1 173334
82 0 173409
82 1 173466
32 0 173693
32 1 173761
80 0 175262
80 1 175341
82 0 175430
82 1 175483
73 0 175604
73 1 175660
77 0 175788
77 1 175857
219 0 176044
219 1 176108
86 0 176238
86 1 176276
65 0 176964
65 1 177066
82 0 177610
82 1 177668
219 0 177779
219 1 177843
190 0 178380
190 1 178465
37 0 184928
37 0 185533
37 0 185573
37 0 185608
37 0 185646
37 0 185685
37 0 185720
37 0 185757
37 0 185796
37 0 185837
37 0 185875
37 0 185908
37 0 185945
37 0 185983
37 0 186025
37 0 186064
37 0 186097
37 0 186137
37 0 186173
37 0 186214
37 0 186249
37 0 186287
37 0 186324
37 0 186362
37 0 186400
37 0 186439
37 0 186477
37 1 186501
37 0 186757
37 1 186881
37 0 186975
37 1 187084
39 0 187836
39 1 187944
32 0 188423
32 1 188522
16 0 189724
83 0 190194
83 1 190247
16 1 190304
85 0 190544
85 1 190619
78 0 190778
78 1 190839
84 0 190894
84 1 190955
32 0 191012
32 1 191073
65 0 191253
65 1 191311
80 0 191415
80 1 191472
82 0 191556
82 1 191619
79 0 191703
79 1 191766
65 0 191856
65 1 191908
80 0 191962
80 1 192014
69 0 192094
69 1 192138
32 0 192244
32 1 192302
83 0 192429
83 1 192487
73 0 192568
73 1 192627
71 0 192743
71 1 192800
85 0 192865
85 1 192928
82 0 193034
82 1 193085
219 0 193210
219 1 193268
32 0 193383
32 1 193446
67 0 193556
67 1 193613
219 0 193708
219 1 193768
32 0 193783
32 1 193847
65 0 194012
65 1 194064
32 0 194159
32 1 194213
80 0 194374
80 1 194428
76 0 194532
76 1 194620
79 0 194730
79 1 194786
85 0 194925
85 1 194982
65 0 195056
65 1 195115
84 0 195383
84 1 195433
190 0 196783
190 1 196832
40 0 199788
40 1 199850
38 0 201270
38 1 201389
37 0 201646
37 0 202255
37 0 202293
37 0 202330
37 0 202369
37 0 202409
37 0 202443
37 0 202485
37 0 202518
37 0 202560
37 0 202598
37 0 202633
37 0 202670
37 0 202708
37 0 202747
37 0 202788
37 0 202822
37 0 202858
37 0 202896
37 0 202939
37 0 202974
37 0 203013
37 0 203053
37 0 203090
37 0 203127
37 1 203154
37 0 203355
37 1 203448
37 0 203554
37 1 203632
186 0 204146
186 1 204206
73 0 204433
73 1 204493
32 0 204537
32 1 204588
40 0 205257
40 1 205316
39 0 206026
39 0 206631
39 0 206666
39 0 206704
39 0 206743
39 0 206782
39 1 206799
39 0 207094
39 1 207208
39 0 207240
39 1 207315
39 0 207433
39 1 207496
8 0 208831
8 1 208896
8 0 208990
8 1 209035
65 0 209368
65 1 209473
190 0 209799
190 1 209915
32 0 210370
32 1 210483
16 0 210931
84 0 211080
84 1 211120
16 1 211236
69 0 211265
69 1 211321
77 0 211477
77 1 211534
80 0 211694
80 1 211754
69 0 211815
69 1 211865
82 0 211960
82 1 212017
65 0 212169
65 1 212220
84 0 212389
84 1 212451
85 0 212497
85 1 212559
82 0 212589
82 1 212633
65 0 212788
65 1 212807
32 0 212874
32 1 212958
80 0 213131
80 1 213198
69 0 213249
69 1 213301
82 0 213406
82 1 213455
70 0 213547
70 1 213609
69 0 213726
69 1 213784
67 0 213882
67 1 213951
84 0 214117
84 1 214162
219 0 214262
219 1 214319
8 0 217663
8 0 218269
8 0 218306
8 0 218342
8 0 218378
8 0 218414
8 1 218447
8 0 218612
8 1 218666
8 0 218751
8 1 218819
8 0 218900
8 1 218986
189 0 219616
189 1 219672
73 0 219913
73 1 219984
32 0 220059
32 1 220128
80 0 220197
80 1 220253
69 0 220334
69 1 220395
82 0 220501
82 1 220540
70 0 220636
70 1 220693
69 0 220802
69 1 220847
84 0 221185
84 1 221231
219 0 221332
219 1 221393
188 0 221868
188 1 221926
32 0 222027
32 1 222087
8 0 222833
8 1 222901
8 0 222984
8 1 223044
8 0 223118
8 1 223188
8 0 223346
8 1 223456
67 0 223949
67 1 224033
84 0 224191
84 1 224284
219 0 224367
219 1 224417
188 0 224580
188 1 224642
32 0 224688
32 1 224749
77 0 224794
77 1 224870
73 0 225001
73 1 225063
82 0 225161
82 1 225218
79 0 225260
79 1 225323
65 0 225390
65 1 225457
83 0 225523
83 1 225579
69 0 225659
69 1 225716
32 0 225781
32 1 225861
66 0 225969
66 1 226020
73 0 226096
73 1 226153
78 0 226286
78 1 226350
69 0 226385
69 1 226435
32 0 226524
32 1 226585
186 0 240433
186 1 240548
73 0 240814
73 1 240880
32 0 240979
32 1 241045
77 0 241115
77 1 241195
219 0 242047
219 1 242103
67 0 242338
67 1 242400
65 0 242550
65 1 242601
82 0 242796
82 1 242847
32 0 242966
32 1 243052
77 0 245946
77 1 246094
219 0 246382
219 1 246450
32 0 246557
32 1 246630
84 0 246971
84 1 247032
82 0 247118
82 1 247161
69 0 247250
69 1 247307
90 0 247747
90 1 247815
69 0 247987
69 1 248040
83 0 248164
83 1 248215
67 0 248331
67 1 248390
32 0 248422
32 1 248491
67 0 248582
67 1 248657
78 0 249745
78 1 249820
68 0 249885
68 1 249948
8 0 250380
8 1 250412
8 0 250496
8 1 250582
220 0 250725
220 1 250800
78 0 251063
78 1 251135
68 0 251206
68 1 251272
32 0 251314
32 1 251390
69 0 251434
69 1 251486
32 0 251547
32 1 251616
76 0 251825
76 1 251888
85 0 252063
85 1 252122
77 0 252246
77 1 252341
73 0 252468
73 1 252507
78 0 252634
78 1 252688
219 0 252889
219 1 252945
32 0 253021
32 1 253084
65 0 253264
65 1 253314
70 0 253476
70 1 253520
65 0 253646
65 1 253696
82 0 253855
82 1 253907
219 0 254009
219 1 254054
190 0 256033
190 1 256142
32 0 258374
32 1 258472
16 0 258964
221 0 259234
221 1 259349
16 1 259360
77 0 259536
77 1 259634
73 0 259757
73 1 259819
32 0 259869
32 1 259922
65 0 260082
65 1 260129
8 0 260468
8 1 260530
65 0 260839
65 1 260894
8 0 261244
8 1 261296
80 0 261657
80 1 261706
65 0 261766
65 1 261815
82 0 261969
82 1 262019
69 0 262104
69 1 262165
32 0 262192
32 1 262249
221 0 262466
221 1 262517
78 0 262748
78 1 262806
71 0 262893
71 1 262945
82 0 263038
82 1 263089
79 0 263158
79 1 263221
90 0 263348
90 1 263405
73 0 263648
73 1 263707
84 0 263800
84 1 263864
79 0 263939
79 1 263996
82 0 264010
82 1 264061
32 0 264176
32 1 264256
68 0 264291
68 1 264347
69 0 264428
69 1 264484
32 0 264513
32 1 264572
68 0 265120
68 1 265171
69 0 265267
69 1 265323
80 0 265718
80 1 265787
82 0 266414
82 1 266465
73 0 266740
73 1 266797
77 0 266961
77 1 267020
65 0 267169
65 1 267225
78 0 267326
78 1 267368
84 0 269898
84 1 269981
32 0 272329
32 1 272447
83 0 273901
83 1 273964
219 0 274660
219 1 274778
32 0 275015
32 1 275125
70 0 275165
70 1 275223
73 0 275341
85 0 275466
73 1 275503
85 1 275558
32 0 275593
32 1 275649
80 0 275724
80 1 275798
82 0 275858
82 1 275909
79 0 275964
79 1 276027
68 0 276096
68 1 276155
85 0 276237
85 1 276295
67 0 276356
67 1 276405
84 0 276559
84 1 276609
73 0 276694
73 1 276757
86 0 276781
86 1 276845
219 0 277054
219 1 277104
32 0 277200
32 1 277261
67 0 277398
67 1 277449
220 0 277639
220 1 277695
78 0 277922
78 1 277990
68 0 278040
68 1 278093
32 0 278166
32 1 278235
78 0 278370
78 1 278430
73 0 278573
73 1 278622
67 0 278857
67 1 278909
73 0 279027
73 1 279080
32 0 279164
32 1 279206
77 0 279544
77 1 279617
219 0 279849
219 1 279906
67 0 280116
65 0 280208
67 1 280232
65 1 280301
82 0 281151
82 1 281208
8 0 281638
8 0 282249
8 0 282284
8 0 282324
8 0 282362
8 0 282398
8 0 282434
8 1 282452
8 0 282561
8 1 282629
8 0 282710
8 1 282756
8 0 282849
8 1 282922
80 0 283403
80 1 283460
220 0 283694
220 1 283750
78 0 283989
78 1 284050
219 0 284237
219 1 284299
32 0 284357
32 1 284429
186 0 284485
186 1 284570
73 0 284712
73 1 284769
32 0 284824
32 1 284882
86 0 284982
86 1 285032
82 0 285153
82 1 285210
69 0 285309
69 1 285378
77 0 285662
77 1 285728
69 0 285813
69 1 285848
65 0 286043
65 1 286072
32 0 286158
32 1 286209
73 0 286692
73 1 286760
65 0 286819
65 1 286882
32 0 286933
32 1 287001
79 0 287153
79 1 287203
32 0 287263
32 1 287321
80 0 287361
80 1 287424
65 0 287509
65 1 287559
85 0 287664
85 1 287728
90 0 287934
90 1 287948
219 0 288245
219 1 288300
190 0 297588
190 1 297728
32 0 315454
32 1 315545
16 0 316498
16 1 316696
221 0 316770
221 1 316862
78 0 317107
78 1 317166
32 0 317240
32 1 317294
67 0 317398
67 1 317454
73 0 317528
85 0 317638
73 1 317689
85 1 317737
83 0 317989
83 1 318034
8 0 318799
8 1 318888
65 0 318938
65 1 319041
32 0 319193
32 1 319254
8 0 319559
8 1 319627
8 0 319739
8 1 319819
8 0 319942
8 1 320016
8 0 320130
8 0 320735
8 1 320754
8 0 320858
8 1 320937
8 0 321018
8 1 321091
8 0 321212
8 1 321313
16 0 321702
67 0 321844
67 1 321911
16 1 321968
72 0 322215
73 0 322298
72 1 322336
73 1 322414
84 0 322559
84 1 322621
32 0 322684
32 1 322774
67 0 322871
67 1 322938
219 0 323055
219 1 323106
32 0 323591
32 1 323647
8 0 327967
8 1 328046
8 0 328192
8 1 328274
8 0 328435
8 1 328524
8 0 328675
8 1 328732
8 0 328929
8 1 329021
8 0 329209
8 1 329289
8 0 329542
8 1 329635
8 0 329969
8 1 330019
8 0 337733
8 1 337834
32 0 338765
32 1 338871
16 0 339479
16 1 339739
16 0 340167
83 0 340218
83 1 340271
16 1 340383
80 0 340880
80 1 340936
82 0 341015
82 1 341061
69 0 341150
69 1 341206
32 0 341278
32 1 341324
70 0 341365
70 1 341409
69 0 341492
69 1 341556
82 0 341631
82 1 341695
73 0 341809
73 1 341868
8 0 343906
8 1 343989
8 0 344062
8 1 344149
8 0 344240
8 1 344296
8 0 344409
8 1 344453
78 0 345010
78 1 345136
79 0 345155
79 1 345272
82 0 345317
82 1 345373
79 0 345449
79 1 345529
67 0 345570
67 1 345625
85 0 345711
85 1 345768
76 0 345931
76 1 346001
32 0 346051
32 1 346094
77 0 346156
77 1 346235
69 0 346296
69 1 346334
85 0 346423
85 1 346474
188 0 346752
188 1 346813
32 0 346870
32 1 346933
80 0 347088
80 1 347151
82 0 347231
82 1 347282
79 0 347372
79 1 347428
66 0 347521
66 1 347583
65 0 347747
65 1 347799
66 0 347966
66 1 348017
73 0 348106
73 1 348165
76 0 348305
76 1 348361
32 0 348457
32 1 348500
8 0 350222
8 0 350831
8 0 350867
8 0 350905
8 1 350909
8 0 351066
8 1 351135
8 0 351236
8 1 351310
8 0 351401
8 1 351470
8 0 351560
8 1 351623
8 0 351733
8 1 351802
67 0 352737
67 1 352868
69 0 352917
69 1 353005
76 0 353043
76 1 353117
32 0 353179
32 1 353251
77 0 353296
77 1 353365
65 0 353415
65 1 353465
73 0 353559
73 1 353614
32 0 353665
32 1 353710
80 0 353775
80 1 353843
82 0 353902
82 1 353947
73 0 354029
73 1 354092
69 0 354125
69 1 354175
76 0 354256
76 1 354326
78 0 354559
78 1 354626
73 0 354762
73 1 354810
67 0 354872
67 1 354938
32 0 355007
32 1 355088
65 0 355150
65 1 355200
78 0 355281
78 1 355364
79 0 355478
79 1 355536
84 0 355741
84 1 355776
73 0 355883
73 1 355934
77 0 356061
77 1 356110
80 0 356264
80 1 356323
32 0 356365
32 1 356432
80 0 356477
80 1 356534
69 0 356584
69 1 356641
78 0 356716
78 1 356785
84 0 356820
84 1 356864
82 0 356951
82 1 356994
85 0 357023
85 1 357080
32 0 357151
32 1 357213
77 0 357261
77 1 357347
73 0 357447
73 1 357503
78 0 357633
78 1 357692
69 0 357750
69 1 357800
32 0 357855
32 1 357917
83 0 358004
83 1 358079
69 0 358174
69 1 358236
32 0 358290
32 1 358353
65 0 358824
65 1 358874
80 0 359383
80 1 359454
82 0 359519
82 1 359571
79 0 359642
79 1 359705
80 0 359848
80 1 359914
73 0 360090
73 1 360158
69 0 360235
69 1 360284
188 0 361172
188 1 361229
8 0 362066
8 1 362145
190 0 362567
190 1 362622
190 0 362702
190 1 362758
190 0 362829
190 1 362903
32 0 362959
32 1 363026
77 0 363118
77 1 363177
65 0 363245
65 1 363296
73 0 363397
73 1 363453
32 0 363493
32 1 363549
65 0 363685
65 1 363729
77 0 363812
77 1 363865
32 0 363906
32 1 363967
86 0 364130
86 1 364182
82 0 364316
82 1 364361
69 0 364461
69 1 364507
79 0 364577
79 1 364627
32 0 364863
32 1 364914
51 0 365407
51 1 365463
32 0 365607
32 1 365683
8 0 366443
8 1 366512
8 0 366607
8 1 366664
8 0 366749
8 1 366806
8 0 366891
8 1 366963
8 0 367030
8 1 367099
8 0 367168
8 1 367238
8 0 367309
8 1 367363
8 0 367441
8 1 367507
8 0 367632
8 1 367689
8 0 367789
8 1 367846
86 0 368464
86 1 368523
82 0 368648
82 1 368704
69 0 368794
69 1 368854
79 0 368935
79 1 368986
32 0 369062
32 1 369125
51 0 369378
51 1 369423
32 0 369513
32 1 369569
76 0 369711
76 1 369780
85 0 369959
85 1 370021
78 0 370164
78 1 370211
73 0 370339
73 1 370395
190 0 370653
190 1 370680
16 0 385575
77 0 385677
77 1 385722
16 1 385763
219 0 385971
219 1 386027
32 0 386108
32 1 386146
84 0 387081
84 1 387203
82 0 387238
82 1 387337
69 0 387464
69 1 387538
90 0 388038
90 1 388095
69 0 388261
69 1 388311
83 0 388429
83 1 388490
67 0 388593
67 1 388649
32 0 388709
32 1 388770
79 0 388958
79 1 389046
82 0 389089
82 1 389148
73 0 389200
73 1 389257
67 0 389356
67 1 389404
220 0 389690
220 1 389747
78 0 390015
78 1 390084
68 0 390181
68 1 390225
190 0 394078
190 1 394158
32 0 396270
32 1 396376
16 0 396978
70 0 397147
70 1 397198
16 1 397249
219 0 397392
219 1 397454
82 0 397499
82 1 397550
219 0 397645
219 1 397700
32 0 397781
32 1 397843
65 0 398192
65 1 398258
76 0 398347
76 1 398416
65 0 398441
65 1 398489
82 0 398657
82 1 398714
77 0 398749
77 1 398818
69 0 398868
69 1 398913
188 0 399269
188 1 399328
32 0 399432
32 1 399493
70 0 399720
70 1 399785
219 0 399897
219 1 399961
82 0 399995
82 1 400045
219 0 400126
219 1 400182
32 0 400231
32 1 400292
83 0 400423
83 1 400472
219 0 400534
219 1 400589
32 0 400633
32 1 400686
77 0 400779
77 1 400839
219 0 401043
219 1 401086
32 0 401143
32 1 401199
83 0 401586
83 1 401638
85 0 401712
85 1 401774
78 0 401899
78 1 401963
69 0 402022
69 1 402073
32 0 402133
32 1 402197
78 0 402353
78 1 402418
73 0 402604
73 1 402662
77 0 402814
77 1 402870
69 0 402955
69 1 403000
78 0 403060
78 1 403122
73 0 403269
73 1 403323
32 0 405931
32 1 405994
67 0 406111
67 1 406203
219 0 406372
219 1 406420
189 0 407503
189 1 407556
83 0 407647
83 1 407692
32 0 407831
32 1 407893
79 0 408178
79 1 408246
70 0 408439
70 1 408482
70 0 408553
70 1 408615
76 0 408682
76 1 408775
73 0 408885
73 1 408943
78 0 409080
78 1 409137
69 0 409222
69 1 409260
32 0 409315
32 1 409383
76 0 409516
76 1 409568
65 0 409622
65 1 409676
32 0 410203
32 1 410281
85 0 410783
85 1 410840
8 0 411537
8 1 411583
76 0 412052
76 1 412113
85 0 412315
85 1 412378
67 0 412458
67 1 412517
82 0 412640
82 1 412692
85 0 412745
85 1 412799
188 0 413289
188 1 413347
32 0 413376
32 1 413445
68 0 413546
68 1 413596
69 0 413690
69 1 413727
186 0 413843
186 1 413905
73 0 414111
73 1 414171
32 0 414223
32 1 414282
221 0 414457
221 1 414507
78 0 414767
78 1 414817
8 0 416793
8 1 416856
8 0 416951
8 1 417012
8 0 417093
8 1 417177
188 0 417713
188 1 417793
32 0 417809
32 1 417872
221 0 418030
221 1 418081
78 0 418289
78 1 418352
32 0 418408
32 1 418479
80 0 418542
80 1 418616
82 0 418676
82 1 418722
73 0 418791
73 1 418854
67 0 418978
67 1 419042
73 0 419118
73 1 419169
80 0 419332
80 1 419412
73 0 419550
73 1 419618
85 0 419728
85 1 419790
188 0 420364
188 1 420421
32 0 420506
32 1 420554
8 0 421702
8 1 421752
8 0 421841
8 1 421917
8 0 422002
8 1 422059
8 0 422146
8 1 422208
8 0 422286
8 1 422350
8 0 422411
8 1 422484
8 0 422555
8 1 422620
78 0 423176
78 1 423232
67 0 423303
67 1 423365
73 0 423477
73 1 423532
80 0 423691
80 1 423748
73 0 423905
73 1 423963
85 0 424080
85 1 424130
188 0 424389
188 1 424440
32 0 424505
32 1 424562
65 0 425576
65 1 425618
82 0 425782
82 1 425838
32 0 425882
32 1 425951
84 0 426005
84 1 426060
82 0 426146
82 1 426197
69 0 426278
69 1 426333
66 0 426475
66 1 426530
85 0 426611
85 1 426663
73 0 426742
73 1 426811
32 0 426829
32 1 426882
83 0 427001
83 1 427050
219 0 427138
219 1 427196
32 0 427248
32 1 427298
77 0 427378
77 1 427437
219 0 427607
219 1 427663
32 0 427698
32 1 427748
84 0 427939
84 1 428003
69 0 428232
69 1 428278
8 0 429156
8 1 429283
82 0 429296
69 0 429389
82 1 429427
69 1 429517
90 0 429980
90 1 430035
69 0 430172
69 1 430228
83 0 430327
83 1 430382
67 0 430486
32 0 430540
67 1 430553
32 1 430595
80 0 430736
80 1 430798
69 0 430862
69 1 430921
32 0 431001
32 1 431064
76 0 431204
76 1 431266
65 0 431315
65 1 431364
32 0 431436
32 1 431497
55 0 431700
55 1 431750
32 0 431932
32 1 432005
68 0 432175
68 1 432228
73 0 432305
73 1 432359
77 0 432487
77 1 432566
73 0 432690
73 1 432746
78 0 432873
78 1 432930
69 0 432985
69 1 433035
65 0 433187
65 1 433231
222 0 433948
222 1 434000
65 0 434091
65 1 434124
188 0 434389
188 1 434440
32 0 434801
32 1 434846
68 0 435104
68 1 435165
65 0 435281
65 1 435326
82 0 435498
82 1 435533
32 0 435562
32 1 435641
79 0 435844
79 1 435912
68 0 436014
68 1 436064
73 0 436191
73 1 436246
72 0 436459
72 1 436508
78 0 436609
78 1 436672
73 0 436802
73 1 436871
84 0 437004
84 1 437051
219 0 437216
219 1 437272
190 0 438627
190 1 438743
32 0 439821
32 1 439896
16 0 440037
83 0 440097
83 1 440148
16 1 440235
219 0 440385
219 1 440436
189 0 440617
189 1 440669
77 0 440975
77 1 441039
73 0 441258
73 1 441307
32 0 441428
32 1 441480
66 0 441870
66 1 441921
69 0 442076
69 1 442121
65 0 442252
65 1 442296
85 0 442372
85 1 442429
32 0 442475
32 1 442526
67 0 442658
67 1 442691
65 0 442815
65 1 442854
70 0 442998
70 1 443040
69 0 443143
69 1 443194
65 0 443338
65 1 443381
85 0 443457
85 1 443514
65 0 443538
65 1 443589
188 0 443843
188 1 443904
32 0 443956
32 1 444003
70 0 444145
70 1 444202
85 0 444299
85 1 444350
77 0 444497
77 1 444583
69 0 444633
69 1 444678
90 0 444838
90 1 444903
32 0 445015
32 1 445072
50 0 445593
50 1 445630
32 0 445803
32 1 445877
222 0 446322
222 1 446379
73 0 446606
73 1 446663
71 0 446825
71 1 446912
219 0 447035
219 1 447087
82 0 447106
82 1 447167
73 0 447387
73 1 447450
188 0 447777
188 1 447843
32 0 452114
32 1 452195
77 0 452332
77 1 452432
219 0 452586
219 1 452647
32 0 452753
32 1 452805
85 0 453019
85 1 453075
73 0 453187
73 1 453249
84 0 453358
84 1 453420
32 0 458742
32 1 458805
80 0 459044
80 1 459121
82 0 459176
82 1 459238
73 0 459316
73 1 459373
78 0 459532
78 1 459577
32 0 460202
32 1 460267
74 0 460352
74 1 460415
85 0 460554
85 1 460586
82 0 460685
82 1 460735
32 0 461755
32 1 461822
189 0 461877
189 1 461930
78 0 462132
78 1 462181
85 0 462333
85 1 462378
189 0 462571
189 1 462615
77 0 462785
77 1 462861
73 0 462991
73 1 463048
32 0 463110
32 1 463171
80 0 463374
80 1 463406
85 0 463612
85 1 463635
78 0 463796
78 1 463865
32 0 464485
32 1 464560
71 0 464802
71 1 464846
220 0 465198
220 1 465252
78 0 465499
78 1 465567
68 0 465700
68 1 465751
85 0 465856
85 1 465919
82 0 466013
82 1 466064
73 0 466090
73 1 466138
76 0 466265
76 1 466338
69 0 466405
69 1 466454
189 0 466640
189 1 466693
78 0 466879
78 1 466935
32 0 467011
32 1 467073
79 0 467158
79 1 467208
82 0 467288
82 1 467334
68 0 467459
68 1 467513
73 0 467585
73 1 467600
78 0 467760
78 1 467816
69 0 467883
69 1 467932
32 0 468024
32 1 468081
67 0 468242
67 1 468303
219 0 468419
219 1 468458
32 0 468900
32 1 468955
79 0 469918
79 1 469974
32 0 470069
32 1 470126
83 0 470288
83 1 470331
219 0 470433
219 1 470495
32 0 470531
32 1 470589
80 0 470675
80 1 470738
82 0 470789
82 1 470846
69 0 470939
69 1 470981
83 0 471108
83 1 471158
85 0 471203
85 1 471259
80 0 471425
80 1 471499
85 0 471662
85 1 471713
78 0 471864
78 1 471914
32 0 472045
32 1 472113
67 0 472247
67 1 472300
219 0 473024
219 1 473118
189 0 473305
189 1 473363
83 0 473522
83 1 473564
32 0 473729
32 1 473781
68 0 474115
68 1 474170
69 0 474259
69 1 474314
74 0 474425
74 1 474480
65 0 474582
65 1 474626
32 0 474694
32 1 474756
80 0 474937
80 1 474998
85 0 475189
85 1 475243
83 0 475319
83 1 475366
69 0 475458
69 1 475507
32 0 475557
32 1 475620
68 0 475689
68 1 475734
73 0 475796
73 1 475846
78 0 475974
78 1 476037
32 0 476111
32 1 476159
77 0 476178
77 1 476246
79 0 476356
79 1 476409
77 0 476529
77 1 476598
69 0 476695
69 1 476744
78 0 476799
78 1 476869
84 0 476908
84 1 476960
32 0 477029
32 1 477102
67 0 477275
67 1 477338
69 0 477458
69 1 477503
32 0 477569
32 1 477643
77 0 477757
77 1 477820
189 0 477982
189 1 478045
65 0 478140
65 1 478183
77 0 478312
77 1 478369
32 0 478403
32 1 478455
84 0 478613
84 1 478670
82 0 478754
82 1 478799
69 0 478883
69 1 478934
90 0 479092
90 1 479133
73 0 479195
73 1 479251
84 0 479381
84 1 479435
32 0 479519
32 1 479585
79 0 479723
79 1 479783
75 0 479876
75 1 479935
189 0 480289
189 1 480336
190 0 480554
190 1 480569
32 0 484336
32 1 484440
16 0 484901
77 0 485017
77 1 485073
16 1 485139
189 0 485442
189 1 485499
65 0 485613
65 1 485666
186 0 485835
186 1 485880
32 0 485942
32 1 485997
68 0 486203
68 1 486265
85 0 486336
85 1 486392
67 0 486447
67 1 486502
69 0 486649
69 1 486687
189 0 487598
189 1 487636
78 0 487910
78 1 487964
32 0 488085
32 1 488150
79 0 488316
79 1 488360
82 0 488707
82 1 488776
65 0 489831
65 1 489933
186 0 490048
186 1 490108
188 0 503418
188 1 503495
32 0 503543
32 1 503619
66 0 503926
66 1 503977
65 0 504023
65 1 504091
32 0 504176
32 1 504248
78 0 504358
78 1 504419
85 0 504551
85 1 504594
188 0 504924
188 1 504968
32 0 505059
32 1 505111
76 0 505268
76 1 505323
65 0 505469
65 1 505500
32 0 505697
32 1 505743
80 0 508543
80 1 508624
65 0 508683
65 1 508734
73 0 508864
73 1 508914
78 0 509051
78 1 509113
84 0 509245
84 1 509278
66 0 510377
66 1 510440
65 0 510775
65 1 510831
76 0 510963
76 1 511010
76 0 511096
76 1 511175
188 0 515531
188 1 515654
32 0 515681
32 1 515772
77 0 529714
77 1 529813
73 0 529909
73 1 529967
189 0 530216
189 1 530281
65 0 530440
65 1 530502
186 0 530628
186 1 530691
32 0 530782
32 1 530826
67 0 531419
67 1 531482
79 0 531557
79 1 531614
78 0 531771
78 1 531853
83 0 531917
83 1 531975
85 0 532008
85 1 532064
77 0 532195
77 1 532264
65 0 532327
65 1 532379
32 0 532414
32 1 532489
82 0 532604
82 1 532645
69 0 532726
69 1 532781
83 0 532893
83 1 532956
85 0 533041
85 1 533104
82 0 533208
82 1 533255
83 0 533394
83 1 533445
69 0 533582
69 1 533638
76 0 533699
76 1 533755
69 0 533769
69 1 533820
32 0 533912
32 1 533975
67 0 534058
67 1 534110
220 0 534265
220 1 534320
84 0 534477
84 1 534527
69 0 534653
69 1 534706
86 0 534826
86 1 534888
65 0 535038
65 1 535088
32 0 535137
32 1 535192
79 0 535377
79 1 535438
82 0 535563
82 1 535615
69 0 535721
69 1 535780
32 0 538096
32 1 538170
189 0 538293
189 1 538341
32 0 538452
32 1 538502
67 0 538800
67 1 538813
8 0 539073
8 1 539136
8 0 539226
8 1 539301
67 0 539362
67 1 539416
85 0 539809
85 1 539874
32 0 539920
32 1 539978
80 0 540076
80 1 540140
82 0 540208
82 1 540250
73 0 540315
73 1 540377
69 0 540394
69 1 540443
84 0 540583
84 1 540633
69 0 540737
69 1 540789
78 0 540843
78 1 540905
73 0 541042
73 1 541099
73 0 541471
73 1 541517
188 0 542711
188 1 542779
32 0 542829
32 1 542893
78 0 543032
78 1 543096
85 0 543232
85 1 543288
32 0 543323
32 1 543381
83 0 543524
83 1 543562
73 0 543591
73 1 543648
78 0 543763
78 1 543834
71 0 543880
71 1 543937
85 0 544014
85 1 544066
82 0 544111
82 1 544156
219 0 544364
219 1 544419
189 0 544688
189 1 544745
188 0 549176
188 1 549226
32 0 549355
32 1 549406
78 0 549934
78 1 549954
8 0 550768
8 1 550844
8 0 550919
8 1 550977
8 0 551132
8 1 551226
190 0 551645
190 1 551709
32 0 551777
32 1 551827
16 0 552485
78 0 552622
78 1 552678
16 1 552764
69 0 552985
69 1 553037
189 0 553212
189 1 553232
65 0 553528
65 1 553591
77 0 553676
77 1 553732
32 0 553884
32 1 553927
8 0 558174
8 0 558780
8 1 558785
8 0 558920
8 1 558994
8 0 559068
8 1 559126
8 0 559206
8 1 559268
8 0 559369
8 1 559438
16 0 559791
65 0 559907
65 1 559940
16 1 559977
77 0 560146
32 0 560214
77 1 560229
32 1 560270
70 0 560399
70 1 560443
65 0 560563
65 1 560620
67 0 560731
67 1 560788
69 0 560877
69 1 560934
32 0 560943
32 1 561018
85 0 561154
85 1 561221
78 0 561335
78 1 561410
32 0 561436
32 1 561500
71 0 561631
71 1 561694
82 0 561779
82 1 561841
219 0 561973
219 1 562030
84 0 562147
84 1 562197
65 0 562374
65 1 562419
82 0 562601
82 1 562635
32 0 562780
32 1 562847
70 0 563030
70 1 563072
73 0 563249
73 1 563306
88 0 563473
88 1 563510
32 0 563699
32 1 563750
65 0 564009
65 1 564064
67 0 564232
67 1 564284
79 0 564378
79 1 564433
76 0 564552
76 1 564634
79 0 564747
79 1 564804
188 0 565617
188 1 565690
32 0 565812
32 1 565860
80 0 566256
80 1 566304
76 0 566474
76 1 566548
73 0 566708
73 1 566766
78 0 566887
78 1 566962
73 0 567071
73 1 567140
32 0 567169
32 1 567225
68 0 567349
68 1 567407
69 0 567497
69 1 567549
32 0 567590
32 1 567675
86 0 567694
86 1 567761
79 0 567828
79 1 567885
80 0 568007
80 1 568062
83 0 568152
83 1 568196
69 0 568303
69 1 568347
65 0 568500
65 1 568544
32 0 568650
32 1 568719
186 0 569191
186 1 569257
189 0 569726
189 1 569777
65 0 569859
65 1 569897
77 0 570017
77 1 570080
32 0 570157
32 1 570192
8 0 570749
8 1 570816
8 0 570918
8 1 570972
8 0 571088
8 1 571138
8 0 571410
8 1 571492
189 0 571987
189 1 572048
65 0 572143
65 1 572204
77 0 572381
77 1 572437
32 0 572499
32 1 572547
67 0 575550
67 1 575609
72 0 575727
72 1 575788
73 0 575916
73 1 575976
76 0 576150
76 1 576201
76 0 576261
76 1 576342
189 0 576508
189 1 576565
85 0 576730
85 1 576787
73 0 576867
73 1 576935
32 0 577013
32 1 577069
80 0 577134
80 1 577202
220 0 577837
220 1 577881
78 0 578160
78 1 578223
219 0 578490
219 1 578552
32 0 578648
32 1 578702
83 0 579133
83 1 579184
69 0 579331
69 1 579368
65 0 579495
65 1 579556
82 0 579735
82 1 579773
65 0 579967
65 1 580023
32 0 584439
32 1 584521
67 0 584621
67 1 584713
220 0 584809
220 1 584865
78 0 585103
78 1 585161
68 0 585199
68 1 585245
32 0 585295
32 1 585361
80 0 585518
80 1 585593
82 0 585660
82 1 585708
79 0 585738
79 1 585801
66 0 585872
66 1 585933
65 0 586085
65 1 586132
66 0 586311
66 1 586361
73 0 586436
73 1 586484
76 0 586601
76 1 586684
32 0 586731
32 1 586769
86 0 587208
86 1 587254
73 0 587325
73 1 587388
78 0 587505
78 1 587574
69 0 587653
69 1 587692
32 0 587727
32 1 587799
67 0 589136
67 1 589209
73 0 589308
73 1 589363
78 0 589480
78 1 589548
69 0 589642
69 1 589674
86 0 589821
86 1 589885
65 0 590032
65 1 590099
32 0 590144
32 1 590210
83 0 590273
83 1 590319
219 0 590413
219 1 590475
32 0 590523
32 1 590581
78 0 590682
78 1 590738
69 0 590800
69 1 590844
32 0 590906
32 1 590979
68 0 590989
68 1 591039
69 0 591114
69 1 591178
65 0 591289
65 1 591352
32 0 591403
32 1 591469
65 0 591471
65 1 591524
70 0 591672
70 1 591726
65 0 591848
65 1 591894
82 0 592042
82 1 592101
219 0 592182
219 1 592232
190 0 592804
190 1 592885
32 0 592955
32 1 593015
8 0 595433
8 1 595452
8 0 595650
8 1 595717
188 0 596179
188 1 596252
32 0 596324
32 1 596379
68 0 596907
68 1 597025
69 0 597116
69 1 597191
32 0 598033
32 1 598156
85 0 598644
85 1 598681
78 0 598859
78 1 598947
68 0 599021
68 1 599114
69 0 599188
69 1 599263
32 0 612073
32 1 612174
78 0 613259
78 1 613312
69 0 613376
69 1 613441
189 0 614265
189 1 614317
65 0 614465
65 1 614552
77 0 614626
77 1 614707
32 0 614792
32 1 614853
77 0 616053
77 1 616124
85 0 616326
85 1 616381
84 0 616508
84 1 616552
65 0 616808
65 1 616851
32 0 617532
32 1 617588
76 0 617863
76 1 617931
65 0 618051
65 1 618110
32 0 618214
32 1 618283
85 0 618572
85 1 618630
78 0 618767
78 1 618837
32 0 618906
32 1 618962
80 0 619071
80 1 619137
65 0 619186
65 1 619218
82 0 619435
82 1 619485
84 0 619584
84 1 619639
89 0 619750
89 1 619792
188 0 620346
188 1 620371
32 0 620513
32 1 620568
8 0 621643
8 1 621701
8 0 621787
8 1 621872
32 0 621940
32 1 622027
189 0 622439
189 1 622508
80 0 622700
80 1 622794
82 0 622873
82 1 622939
79 0 622979
79 1 623042
66 0 623096
66 1 623168
65 0 623315
65 1 623377
66 0 623549
66 1 623606
73 0 623650
73 1 623710
76 0 623821
76 1 623903
32 0 623933
32 1 623983
221 0 624150
221 1 624212
78 0 624435
78 1 624490
32 0 624565
32 1 624617
56 0 624855
56 1 624913
48 0 625098
48 1 625153
192 0 625612
192 1 625662
83 0 625949
83 1 625994
8 0 627013
8 1 627039
8 0 627254
8 1 627352
91 0 627937
91 1 628031
32 0 628036
32 1 628105
192 0 628256
192 1 628334
83 0 628546
83 1 628573
8 0 629445
8 1 629528
8 0 629600
8 1 629676
8 0 629751
8 1 629838
91 0 631175
17 1 631791
192 0 632225
192 1 632288
83 0 633167
83 1 633223
91 0 633482
32 1 633762
32 0 634385
32 1 634496
67 0 634576
67 1 634655
219 0 634746
219 1 634797
32 0 634831
32 1 634893
79 0 635097
79 1 635153
80 0 635404
80 1 635456
222 0 635740
222 1 635813
73 0 636053
73 1 636124
85 0 636224
85 1 636284
78 0 636426
78 1 636482
73 0 636611
73 1 636667
76 0 636794
76 1 636864
69 0 636955
69 1 636993
32 0 637042
32 1 637118
79 0 637247
79 1 637316
82 0 637356
82 1 637407
73 0 637464
73 1 637544
85 0 637743
85 1 637781
67 0 637846
67 1 637902
8 0 638988
8 1 639032
67 0 639260
67 1 639346
8 0 639511
8 1 639585
8 0 639672
8 1 639754
67 0 639764
67 1 639815
85 0 640197
85 1 640260
77 0 640390
77 1 640451
32 0 640514
32 1 640567
221 0 640722
221 1 640738
83 0 641655
83 1 641767
32 0 641891
32 1 641975
80 0 642114
80 1 642182
85 0 642354
85 1 642400
222 0 642647
222 1 642715
73 0 642896
73 1 642947
78 0 643080
78 1 643125
69 0 643241
69 1 643284
32 0 643333
32 1 643402
68 0 643462
68 1 643521
69 0 643605
69 1 643659
8 0 644089
8 1 644156
8 0 644221
8 1 644300
8 0 644375
8 1 644478
188 0 644988
32 0 645037
188 1 645052
32 1 645134
68 0 645320
68 1 645382
69 0 645467
69 1 645523
32 0 645590
32 1 645665
85 0 645817
85 1 645885
78 0 645995
78 1 646076
68 0 646138
68 1 646201
69 0 646279
69 1 646339
32 0 646379
32 1 646456
77 0 647621
77 1 647711
189 0 647972
189 1 648033
65 0 648175
65 1 648225
186 0 648359
186 1 648424
32 0 648482
32 1 648508
82 0 648885
82 1 648927
85 0 649047
85 1 649097
80 0 649296
80 1 649348
69 0 649430
69 1 649472
32 0 649557
32 1 649618
80 0 649793
80 1 649864
82 0 649915
82 1 649974
79 0 650019
79 1 650087
66 0 650283
66 1 650340
65 0 650508
65 1 650559
66 0 650744
66 1 650798
73 0 650844
73 1 650902
76 0 651022
76 1 651096
32 0 651126
32 1 651176
80 0 651768
80 1 651823
69 0 651900
69 1 651956
32 0 652255
32 1 652287
68 0 652505
68 1 652554
73 0 652667
73 1 652723
77 0 652837
77 1 652917
73 0 653039
73 1 653104
78 0 653221
78 1 653294
69 0 653338
69 1 653389
65 0 653531
65 1 653587
222 0 653690
222 1 653757
219 0 653862
219 1 653912
190 0 654064
190 1 654127
16 0 667020
219 0 667357
219 1 667442
16 1 667486
83 0 668128
83 1 668172
84 0 668384
84 1 668430
65 0 668619
65 1 668665
189 0 668807
189 1 668857
73 0 669050
73 1 669113
32 0 669182
32 1 669239
85 0 669321
85 1 669380
78 0 669510
78 1 669579
32 0 669619
32 1 669669
83 0 669815
83 1 669856
85 0 669936
85 1 670010
66 0 670104
66 1 670155
73 0 670213
73 1 670274
69 0 670348
69 1 670386
67 0 670512
67 1 670564
84 0 670707
84 1 670751
32 0 670807
32 1 670869
80 0 671192
80 1 671253
85 0 671439
85 1 671489
222 0 671779
222 1 671835
73 0 672028
73 1 672091
78 0 672222
78 1 672287
32 0 672344
32 1 672407
68 0 672545
68 1 672610
85 0 672659
85 1 672719
82 0 672797
82 1 672854
69 0 672939
69 1 672989
82 0 673085
82 1 673148
79 0 673244
79 1 673283
83 0 674122
83 1 674175
190 0 674335
190 1 674399
32 0 678123
32 1 678155
16 0 684585
80 0 684706
80 1 684751
16 1 684804
219 0 685041
219 1 685098
82 0 685320
82 1 685371
69 0 685491
69 1 685543
82 0 685648
82 1 685699
69 0 685789
69 1 685840
65 0 686000
65 1 686038
32 0 686351
32 1 686414
77 0 686546
77 1 686611
69 0 686696
69 1 686746
65 0 686901
65 1 686950
189 0 687106
189 1 687154
73 0 687592
73 1 687652
32 0 687733
32 1 687782
67 0 688303
67 1 688364
219 0 688518
219 1 688585
32 0 688625
32 1 688675
83 0 688816
83 1 688853
84 0 689059
84 1 689123
219 0 689218
219 1 689275
77 0 689491
77 1 689548
32 0 689624
32 1 689687
80 0 689763
80 1 689821
82 0 689882
82 1 689935
79 0 689980
79 1 690030
83 0 690087
83 1 690136
84 0 690319
84 1 690357
190 0 694345
190 1 694462
32 0 694492
32 1 694551
16 0 694728
83 0 694836
83 1 694875
16 1 694886
69 0 694977
69 1 695023
32 0 695077
32 1 695140
80 0 695314
80 1 695365
85 0 695544
85 1 695607
84 0 695687
84 1 695737
69 0 695851
69 1 695889
65 0 696026
65 1 696081
32 0 696136
32 1 696198
77 0 696318
77 1 696405
65 0 696439
65 1 696484
73 0 696565
73 1 696621
32 0 696654
32 1 696725
82 0 696882
82 1 696920
219 0 697047
219 1 697098
85 0 697305
85 1 697331
188 0 697601
188 1 697621
32 0 697691
32 1 697740
68 0 697862
68 1 697910
65 0 698015
65 1 698074
82 0 698205
82 1 698255
32 0 698308
32 1 698364
67 0 699209
67 1 699250
82 0 699394
82 1 699457
69 0 699537
69 1 699594
68 0 699681
68 1 699743
32 0 699796
32 1 699861
67 0 699921
67 1 699983
219 0 700099
219 1 700156
189 0 700532
189 1 700588
73 0 700812
73 1 700872
32 0 700919
32 1 700987
68 0 701089
68 1 701143
69 0 701238
69 1 701284
83 0 701380
83 1 701435
84 0 701587
84 1 701632
85 0 701686
85 1 701742
76 0 701890
76 1 701961
32 0 701993
32 1 702051
68 0 702151
68 1 702208
69 0 702299
69 1 702350
32 0 702395
69 0 702456
32 1 702478
69 1 702500
86 0 702637
86 1 702685
73 0 702749
73 1 702806
68 0 702870
68 1 702914
69 0 702987
69 1 703045
78 0 703102
78 1 703175
84 0 703186
84 1 703230
32 0 703316
32 1 703384
67 0 703479
67 1 703536
219 0 703601
219 1 703660
32 0 703689
32 1 703740
83 0 703866
83 1 703899
69 0 704006
69 1 704037
32 0 704072
32 1 704140
80 0 704278
80 1 704332
85 0 704515
85 1 704578
84 0 704646
84 1 704700
69 0 704818
69 1 704861
65 0 705021
65 1 705036
32 0 705091
32 1 705155
65 0 705529
65 1 705574
8 0 706088
8 1 706175
77 0 706566
77 1 706634
65 0 706665
65 1 706725
73 0 706814
73 1 706869
32 0 706909
32 1 706959
66 0 707084
66 1 707129
73 0 707159
73 1 707209
78 0 707319
78 1 707382
69 0 707461
69 1 707506
190 0 707625
190 1 707677
32 0 707766
32 1 707818
16 0 708219
221 0 708493
221 1 708578
16 1 708596
78 0 708820
78 1 708882
32 0 708949
32 1 709010
8 0 721431
8 1 721494
8 0 721644
8 1 721689
8 0 722009
8 1 722062
16 0 722487
77 0 722608
77 1 722627
16 1 722714
73 0 723223
73 1 723261
189 0 723631
189 1 723718
69 0 723892
69 1 723935
32 0 724015
32 1 724073
71 0 724174
71 1 724236
82 0 724348
82 1 724397
69 0 724481
69 1 724536
85 0 724601
85 1 724655
32 0 724827
32 1 724890
83 0 724996
83 1 725027
219 0 725145
219 1 725202
189 0 725437
189 1 725476
77 0 725647
77 1 725710
73 0 725852
73 1 725909
32 0 725951
32 1 726005
68 0 726137
68 1 726171
65 0 726299
65 1 726350
85 0 726423
85 1 726481
32 0 726541
32 1 726597
67 0 726769
67 1 726821
85 0 726909
85 1 726975
32 0 727009
32 1 727059
80 0 727222
80 1 727271
219 0 727395
219 1 727469
82 0 727540
82 1 727593
69 0 727672
69 1 727731
82 0 727808
82 1 727867
69 0 727943
69 1 728005
65 0 728128
65 1 728187
32 0 728257
32 1 728313
68 0 728430
68 1 728480
69 0 728567
69 1 728618
83 0 728716
83 1 728772
80 0 728879
80 1 728942
82 0 728991
82 1 729041
69 0 729116
69 1 729162
32 0 729234
32 1 729288
83 0 729373
83 1 729425
73 0 729510
73 1 729575
83 0 729612
83 1 729650
84 0 729814
84 1 729858
69 0 729967
69 1 730020
77 0 730049
77 1 730124
85 0 730249
85 1 730301
76 0 730443
76 1 730529
32 0 730532
32 1 730588
69 0 730704
69 1 730755
68 0 730860
68 1 730935
85 0 730984
85 1 731046
67 0 731187
67 1 731238
65 0 731350
65 1 731400
222 0 731639
222 1 731703
73 0 731914
73 1 731969
79 0 732051
79 1 732109
78 0 732239
78 1 732295
65 0 732375
65 1 732414
76 0 732486
76 1 732540
32 0 732590
32 1 732653
73 0 732850
73 1 732900
78 0 733004
78 1 733072
32 0 733087
32 1 733143
65 0 733269
65 1 733313
76 0 733384
76 1 733435
84 0 733504
84 1 733558
69 0 733668
69 1 733727
32 0 733803
32 1 733866
186 0 734168
186 1 734234
219 0 734364
219 1 734421
82 0 734532
82 1 734586
73 0 734742
73 1 734789
188 0 734966
188 1 735016
32 0 735051
32 1 735113
65 0 735236
65 1 735286
86 0 735458
86 1 735502
220 0 735643
220 1 735694
78 0 735915
78 1 735972
68 0 736037
68 1 736080
32 0 736124
32 1 736183
221 0 736396
221 1 736441
78 0 736665
78 1 736721
32 0 736795
32 1 736850
86 0 736951
86 1 737000
69 0 737128
69 1 737171
68 0 737253
68 1 737319
69 0 737401
69 1 737452
82 0 737540
82 1 737593
69 0 737668
69 1 737724
32 0 737831
32 1 737881
67 0 738022
67 1 738065
37 0 739939
37 0 740553
37 0 740591
37 0 740628
37 0 740663
37 0 740700
37 0 740737
37 0 740779
37 0 740814
37 0 740850
37 0 740888
37 0 740926
37 0 740967
37 0 741005
37 0 741044
37 0 741081
37 0 741115
37 0 741152
37 0 741193
37 0 741229
37 0 741286
37 0 741307
37 1 741329
8 0 742005
8 1 742024
222 0 742202
222 1 742248
39 0 742870
39 0 743475
39 0 743511
39 0 743551
39 0 743590
39 0 743628
39 0 743664
39 0 743705
39 0 743742
39 0 743782
39 0 743816
39 0 743854
39 0 743891
39 0 743928
39 0 743965
39 0 744004
39 0 744040
39 0 744077
39 0 744115
39 0 744152
39 1 744161
39 0 744327
39 1 744432
39 0 744917
39 1 745051
219 0 745610
219 1 745660
32 0 749708
32 1 749782
78 0 749888
78 1 749943
189 0 750234
189 1 750271
65 0 750696
65 1 750747
77 0 750848
77 1 750904
32 0 750966
32 1 751008
76 0 752879
76 1 752977
79 0 753087
79 1 753140
67 0 753669
67 1 753724
85 0 753828
85 1 753885
73 0 753960
73 1 754029
84 0 754149
84 1 754182
32 0 754257
32 1 754328
69 0 754457
69 1 754509
70 0 754609
70 1 754666
69 0 754762
69 1 754809
67 0 754923
67 1 754986
84 0 755123
84 1 755173
73 0 755278
73 1 755340
86 0 755385
86 1 755428
32 0 756876
32 1 756951
221 0 757557
221 1 757632
78 0 757896
78 1 757966
84 0 758014
84 1 758074
82 0 758150
82 1 758220
189 0 758320
189 1 758382
79 0 758531
79 1 758595
32 0 758625
32 1 758688
65 0 758809
65 1 758859
76 0 758939
76 1 759007
84 0 759102
84 1 759148
219 0 759250
219 1 759294
32 0 759369
32 1 759424
222 0 759793
222 1 759869
65 0 759904
65 1 759948
82 0 760152
82 1 760195
219 0 760311
219 1 760368
188 0 762736
188 1 762859
32 0 766051
32 1 766173
69 0 766508
69 1 766528
8 0 767193
8 1 767292
68 0 767294
68 1 767379
69 0 767442
69 1 767524
186 0 768078
186 1 768142
73 0 768422
73 1 768483
189 0 770946
189 1 770993
77 0 771674
77 1 771772
73 0 771964
73 1 772018
32 0 772125
32 1 772187
80 0 772312
80 1 772377
65 0 772506
65 1 772560
82 0 772798
82 1 772862
69 0 772939
69 1 772996
32 0 773101
32 1 773152
67 0 773361
67 1 773426
219 0 773556
219 1 773606
32 0 773951
32 1 774006
8 0 774451
8 1 774504
188 0 774971
188 1 775040
32 0 775068
32 1 775143
83 0 775310
83 1 775354
80 0 775438
80 1 775489
82 0 775560
82 1 775617
69 0 775692
69 1 775750
32 0 775792
32 1 775877
68 0 775885
68 1 775930
69 0 776001
69 1 776050
79 0 776133
79 1 776188
83 0 776273
83 1 776337
69 0 776432
69 1 776483
66 0 776643
66 1 776701
73 0 776812
73 1 776880
82 0 776948
82 1 777007
69 0 777098
69 1 777155
32 0 777325
32 1 777387
68 0 778340
69 0 778482
68 1 778506
69 1 778595
32 0 778690
32 1 778753
16 0 779330
73 0 779461
73 1 779513
16 1 779574
84 0 779750
84 1 779799
65 0 779998
65 1 780040
76 0 780147
76 1 780223
73 0 780378
73 1 780442
65 0 780487
65 1 780545
32 0 781030
32 1 781081
189 0 782733
189 1 782777
83 0 783579
83 1 783648
73 0 783688
73 1 783744
78 0 783870
78 1 783950
71 0 783995
71 1 784046
85 0 784122
85 1 784173
82 0 784218
82 1 784262
65 0 784434
65 1 784484
32 0 784571
32 1 784633
186 0 784973
186 1 785049
67 0 785098
67 1 785152
79 0 785253
79 1 785316
65 0 785363
65 1 785418
76 0 785508
76 1 785582
219 0 785736
219 1 785792
8 0 786498
8 0 787108
8 0 787140
8 0 787177
8 0 787214
8 0 787252
8 0 787290
8 0 787327
8 0 787364
8 0 787401
8 0 787435
8 0 787472
8 0 787509
8 0 787544
8 0 787580
8 0 787617
8 0 787654
8 0 787690
8 0 787726
8 0 787762
8 0 787798
8 0 787838
8 0 787873
8 0 787911
8 0 787949
8 0 787985
8 0 788018
8 0 788056
8 0 788092
8 0 788129
8 0 788165
8 0 788201
8 0 788236
8 0 788272
8 1 788286
8 0 788434
8 1 788526
8 0 788595
8 0 789206
8 0 789240
8 0 789276
8 0 789314
8 0 789347
8 1 789352
8 0 794285
8 0 794886
8 0 794923
8 0 794959
8 0 794995
8 0 795033
8 0 795071
8 0 795107
8 0 795144
8 0 795181
8 0 795217
8 0 795254
8 0 795290
8 0 795327
8 1 795359
8 0 795540
8 1 795620
8 0 795711
8 1 795779
8 0 796022
8 1 796097
8 0 796275
8 1 796373
190 0 796912
190 1 796991
32 0 799445
32 1 799544
16 0 804432
83 0 804845
83 1 804943
16 1 804979
69 0 805155
69 1 805229
32 0 805368
32 1 805442
70 0 805705
70 1 805749
65 0 805888
65 1 805926
67 0 806043
67 1 806105
69 0 806223
69 1 806270
32 0 806345
32 1 806405
66 0 806448
66 1 806501
73 0 806602
73 1 806659
78 0 806790
78 1 806847
69 0 806903
69 1 806957
32 0 807788
32 1 807851
67 0 809264
67 1 809316
219 0 809412
219 1 809458
32 0 809505
32 1 809556
70 0 809713
70 1 809775
73 0 809840
73 1 809896
69 0 809926
69 1 809978
67 0 810114
67 1 810159
65 0 810268
65 1 810319
82 0 810465
82 1 810515
69 0 810596
69 1 810649
32 0 810724
32 1 810794
83 0 810837
83 1 810892
69 0 810984
69 1 811041
32 0 811100
32 1 811162
68 0 811212
68 1 811274
69 0 811359
69 1 811410
83 0 811527
83 1 811587
67 0 811709
67 1 811771
85 0 811893
85 1 811955
82 0 812035
82 1 812085
67 0 812242
67 1 812292
219 0 813132
219 1 813184
188 0 816428
188 1 816484
32 0 816559
32 1 816621
67 0 816725
67 1 816784
85 0 816894
85 1 816938
77 0 817100
77 1 817151
32 0 817339
32 1 817372
80 0 817760
79 0 817910
80 1 817954
79 1 817996
65 0 818428
65 1 818455
84 0 818756
84 1 818801
69 0 818955
69 1 819010
188 0 820464
188 1 820526
32 0 820647
32 1 820703
67 0 820808
67 1 820864
85 0 820952
85 1 820996
77 0 821136
77 1 821185
32 0 821272
32 1 821323
221 0 821757
221 1 821807
76 0 824232
76 1 824282
32 0 824517
32 1 824570
222 0 824983
222 1 825032
73 0 825254
73 1 825307
78 0 825452
78 1 825511
32 0 825571
32 1 825625
78 0 825681
78 1 825744
69 0 825799
69 1 825861
82 0 825944
82 1 825980
86 0 826996
86 1 827097
73 0 827223
73 1 827291
73 0 827361
73 1 827437
32 0 827682
32 1 827747
186 0 828750
186 1 828800
73 0 829081
73 1 829149
32 0 829215
32 1 829292
73 0 829315
73 1 829366
78 0 829528
78 1 829579
84 0 829853
84 1 829902
69 0 830028
69 1 830096
76 0 830161
76 1 830223
69 0 830232
69 1 830277
67 0 830389
67 1 830440
84 0 830605
84 1 830655
85 0 830759
85 1 830805
76 0 830994
76 1 831037
188 0 838372
188 1 838435
32 0 838454
32 1 838506
68 0 838629
68 1 838682
69 0 838771
69 1 838818
186 0 838909
186 1 838958
73 0 839126
73 1 839188
32 0 839212
32 1 839257
65 0 839382
65 1 839428
83 0 839635
83 1 839703
84 0 840296
84 1 840346
65 0 840513
65 1 840568
32 0 840675
32 1 840725
67 0 840801
67 1 840840
82 0 840986
82 1 841031
69 0 841127
69 1 841173
68 0 841258
68 1 841320
32 0 841398
32 1 841455
67 0 841501
67 1 841558
219 0 841688
219 1 841745
32 0 841801
32 1 841854
83 0 841981
83 1 842025
80 0 842105
80 1 842173
85 0 842343
85 1 842407
78 0 842518
78 1 842591
69 0 842656
69 1 842707
32 0 842732
32 1 842793
77 0 842892
77 1 842964
65 0 842993
65 1 843049
73 0 843141
73 1 843190
32 0 843307
32 1 843370
77 0 843414
77 1 843500
85 0 843615
85 1 843658
76 0 843833
76 1 843881
84 0 843937
84 1 843987
69 0 844084
69 1 844153
32 0 844219
32 1 844294
68 0 844318
68 1 844374
69 0 844465
69 1 844510
83 0 844603
83 1 844667
80 0 844722
80 1 844774
82 0 844826
82 1 844877
69 0 844954
69 1 845009
32 0 845072
32 1 845133
79 0 846366
79 1 846429
65 0 846498
65 1 846552
77 0 846644
77 1 846713
69 0 846781
69 1 846827
78 0 846863
78 1 846923
73 0 847050
73 1 847097
188 0 847298
188 1 847360
32 0 847416
32 1 847473
68 0 847576
68 1 847625
69 0 847718
69 1 847769
67 0 847901
67 1 847938
65 0 848048
65 1 848098
84 0 848280
84 1 848331
220 0 848467
220 1 848524
8 0 849232
8 1 849297
8 0 849382
8 1 849435
8 0 849501
8 1 849569
220 0 849740
84 0 849808
220 1 849838
84 1 849893
32 0 850079
32 1 850141
68 0 850293
68 1 850346
69 0 850445
69 1 850489
83 0 850602
83 1 850670
80 0 850751
80 1 850819
82 0 850855
82 1 850905
69 0 850984
69 1 851030
32 0 851071
32 1 851144
83 0 851217
83 1 851264
73 0 851329
73 1 851389
83 0 851409
83 1 851459
84 0 851618
84 1 851663
69 0 851767
69 1 851819
77 0 851881
77 1 851937
190 0 852137
190 1 852187
32 0 852247
32 1 852305
16 0 853286
78 0 853370
78 1 853457
16 1 853497
85 0 853546
85 1 853600
32 0 853726
32 1 853783
83 0 854024
83 1 854077
69 0 854168
69 1 854224
32 0 854267
32 1 854331
70 0 854359
70 1 854406
65 0 854537
65 1 854571
67 0 854687
67 1 854750
32 0 854820
32 1 854902
66 0 854972
66 1 855016
73 0 855086
73 1 855145
78 0 855260
78 1 855320
69 0 855387
69 1 855432
32 0 855618
32 1 855690
77 0 855810
77 1 855869
85 0 856036
85 1 856086
76 0 856266
76 1 856324
84 0 856416
84 1 856465
69 0 856603
69 1 856653
190 0 856763
190 1 856818
32 0 857026
32 1 857083
16 0 857503
68 0 857623
68 1 857661
16 1 857721
73 0 857884
73 1 857948
70 0 857997
70 1 858047
69 0 858139
69 1 858194
82 0 858278
82 1 858330
69 0 858407
69 1 858461
78 0 858532
78 1 858590
222 0 858851
222 1 858908
65 0 858987
65 1 859031
32 0 859121
32 1 859197
68 0 859254
68 1 859302
73 0 859408
73 1 859472
78 0 859584
78 1 859660
83 0 859745
83 1 859783
8 0 860173
8 1 860236
84 0 860439
84 1 860501
82 0 860606
82 1 860645
69 0 860752
69 1 860790
32 0 860919
32 1 860963
186 0 861537
186 1 861595
67 0 861660
67 1 861723
79 0 862431
79 1 862482
76 0 862796
76 1 862872
73 0 863061
73 1 863115
32 0 863208
32 1 863269
69 0 863551
69 1 863596
32 0 863838
32 1 863898
8 0 871273
8 1 871334
8 0 871420
8 1 871488
221 0 871981
221 1 872049
77 0 872255
77 1 872319
73 0 872464
73 1 872514
32 0 872569
32 1 872632
80 0 872722
80 1 872778
65 0 872831
65 1 872892
82 0 873053
82 1 873102
69 0 873183
69 1 873233
32 0 873634
32 1 873703
67 0 873805
67 1 873864
219 0 874018
219 1 874078
189 0 874284
189 1 874341
73 0 874660
73 1 874721
32 0 874780
32 1 874840
77 0 874909
77 1 874993
65 0 875030
65 1 875083
73 0 875230
73 1 875281
32 0 875361
32 1 875418
77 0 875516
77 1 875576
65 0 875599
65 1 875651
82 0 875798
82 1 875850
69 0 875935
69 1 875979
32 0 876025
32 1 876082
68 0 876091
68 1 876137
69 0 876202
69 1 876252
67 0 876365
67 1 876435
220 0 876842
220 1 876904
84 0 876998
84 1 877048
32 0 877166
32 1 877219
221 0 877506
221 1 877566
78 0 877777
78 1 877845
84 0 877945
84 1 877996
82 0 878083
82 1 878137
69 0 878219
69 1 878278
32 0 878348
32 1 878411
67 0 878435
67 1 878497
76 0 878587
76 1 878655
65 0 878688
65 1 878755
69 0 878871
69 1 878885
69 0 878980
69 1 879046
76 0 879108
76 1 879170
69 0 879179
69 1 879224
32 0 879357
32 1 879416
8 0 879913
8 1 879969
8 0 880061
8 1 880117
8 0 880191
8 1 880253
8 0 880317
8 1 880379
8 0 880451
8 1 880525
83 0 880818
83 1 880925
69 0 881061
69 1 881134
76 0 881194
76 1 881262
69 0 881273
69 1 881347
32 0 881485
32 1 881533
83 0 881794
83 1 881860
79 0 881978
79 1 882040
67 0 882126
67 1 882188
73 0 882249
73 1 882313
65 0 882375
65 1 882428
76 0 882512
76 1 882570
69 0 882640
69 1 882681
190 0 895833
190 1 895901
32 0 896049
32 1 896108
16 0 900133
80 0 900414
80 1 900514
16 1 900534
69 0 900740
69 1 900809
32 0 900935
32 1 901013
83 0 901072
83 1 901124
67 0 901239
67 1 901307
85 0 901434
85 1 901513
82 0 901576
82 1 901638
84 0 901741
84 1 901768
188 0 902392
188 1 902449
32 0 902514
32 1 902571
65 0 902748
65 1 902806
67 0 902963
67 1 903014
67 0 903070
67 1 903141
69 0 903293
69 1 903354
83 0 903440
83 1 903508
32 0 903600
32 1 903662
76 0 903966
76 1 904023
65 0 904098
65 1 904155
32 0 904225
32 1 904294
82 0 904349
82 1 904411
69 0 904479
69 1 904540
83 0 904668
83 1 904714
85 0 905074
85 1 905136
82 0 905260
82 1 905315
83 0 905456
83 1 905519
69 0 905629
69 1 905673
32 0 905763
32 1 905825
67 0 906099
65 0 906206
67 1 906232
65 1 906298
77 0 906354
77 1 906415
32 0 906476
32 1 906539
65 0 906661
65 1 906705
73 0 906776
73 1 906826
188 0 907848
188 1 907919
32 0 907984
32 1 908045
83 0 908198
83 1 908242
85 0 908419
85 1 908462
80 0 908722
79 0 908854
80 1 908922
79 1 908954
82 0 908967
82 1 909012
84 0 909110
84 1 909161
32 0 909228
32 1 909312
78 0 909443
78 1 909507
85 0 909638
85 1 909679
32 0 909766
32 1 909824
80 0 909926
80 1 909989
82 0 910067
82 1 910128
69 0 910207
69 1 910263
65 0 910390
65 1 910441
190 0 910510
190 1 910574
39 0 941427
39 1 941485
16 0 942072
16 1 942387
16 0 943063
192 0 943214
192 1 943272
16 1 943476
39 0 944157
39 0 944762
39 0 944801
39 0 944835
39 0 944877
39 1 944907
39 0 945048
39 0 945661
39 1 945676
39 0 945912
39 1 946016
39 0 946115
39 1 946165
39 0 946274
39 1 946337
39 0 946418
39 1 946540
39 0 946707
39 1 946837
16 0 946969
192 0 947076
192 1 947154
16 1 947186
16 0 1002385
80 0 1002765
80 1 1002860
16 1 1002889
65 0 1003062
65 1 1003119
82 0 1003286
82 1 1003333
67 0 1003471
67 1 1003509
219 0 1003613
219 1 1003652
32 0 1003732
32 1 1003787
77 0 1004486
77 1 1004537
189 0 1004852
189 1 1004878
65 0 1005054
65 1 1005120
186 0 1005314
186 1 1005359
32 0 1005445
32 1 1005495
85 0 1007040
73 0 1007169
85 1 1007189
84 0 1007264
73 1 1007308
84 1 1007377
65 0 1007962
65 1 1008061
32 0 1008167
32 1 1008220
76 0 1017734
76 1 1017812
65 0 1017877
65 1 1017938
32 0 1018004
32 1 1018075
79 0 1018241
79 1 1018314
65 0 1018334
65 1 1018398
77 0 1018478
77 1 1018559
69 0 1018606
69 1 1018661
78 0 1018712
78 1 1018780
73 0 1018915
73 1 1018960
73 0 1019044
73 1 1019103
32 0 1019148
32 1 1019204
68 0 1019836
68 1 1019931
73 0 1019946
73 1 1020026
78 0 1020219
78 1 1020285
32 0 1020432
32 1 1020489
83 0 1020771
83 1 1020815
65 0 1020911
65 1 1020967
85 0 1021261
85 1 1021318
76 0 1021493
76 1 1021538
32 0 1021646
32 1 1021696
8 0 1022271
8 1 1022339
8 0 1022449
8 1 1022505
8 0 1022589
8 1 1022654
84 0 1023194
84 1 1023279
85 0 1023303
85 1 1023366
76 0 1023504
76 1 1023580
32 0 1023626
32 1 1023689
68 0 1023792
68 1 1023847
69 0 1023924
69 1 1023975
32 0 1023990
32 1 1024065
85 0 1024212
85 1 1024265
78 0 1024388
78 1 1024454
68 0 1024471
68 1 1024527
69 0 1024595
69 1 1024658
189 0 1025961
189 1 1026024
77 0 1026226
77 1 1026294
73 0 1026472
73 1 1026527
32 0 1026588
32 1 1026645
83 0 1027449
83 1 1027499
85 0 1027554
85 1 1027616
78 0 1027740
78 1 1027802
84 0 1027872
84 1 1027935
32 0 1028017
32 1 1028073
66 0 1028260
66 1 1028304
85 0 1028399
85 1 1028455
78 0 1028578
78 1 1028644
73 0 1028786
73 1 1028848
67 0 1028933
67 1 1028989
73 0 1029134
73 1 1029178
73 0 1029250
73 1 1029316
32 0 1030270
32 1 1030343
189 0 1030480
189 1 1030543
80 0 1030821
80 1 1030894
82 0 1030960
82 1 1031010
73 0 1031106
73 1 1031163
78 0 1031284
78 1 1031359
84 0 1031385
84 1 1031435
82 0 1031529
82 1 1031586
189 0 1031718
189 1 1031765
79 0 1031925
79 1 1031981
32 0 1032081
32 1 1032151
80 0 1032194
80 1 1032255
82 0 1032360
82 1 1032418
73 0 1032506
73 1 1032549
83 0 1032745
83 1 1032790
77 0 1032917
77 1 1032968
219 0 1033289
219 1 1033337
32 0 1033523
32 1 1033569
70 0 1039650
70 1 1039712
82 0 1039823
82 1 1039874
85 0 1040016
85 1 1040072
77 0 1040203
77 1 1040277
79 0 1040435
79 1 1040490
65 0 1040549
65 1 1040600
83 0 1040696
83 1 1040755
219 0 1040870
219 1 1040914
32 0 1041028
32 1 1041080
186 0 1041217
186 1 1041280
73 0 1041487
73 1 1041549
32 0 1041615
32 1 1041678
82 0 1042139
82 1 1042190
69 0 1042280
69 1 1042349
78 0 1042419
78 1 1042482
65 0 1042569
65 1 1042623
83 0 1042890
83 1 1042941
67 0 1043137
67 1 1043201
69 0 1043330
69 1 1043388
78 0 1043483
78 1 1043545
84 0 1043631
84 1 1043695
73 0 1043793
73 1 1043845
83 0 1043915
83 1 1043972
84 0 1044141
84 1 1044212
219 0 1044325
219 1 1044381
32 0 1044540
32 1 1044611
189 0 1044741
189 1 1044800
8 0 1045213
8 1 1045270
16 0 1045700
57 0 1045873
57 1 1045916
16 1 1046006
67 0 1046521
67 1 1046590
82 0 1046710
82 1 1046766
69 0 1046841
69 1 1046878
68 0 1046957
68 1 1047019
16 0 1047232
48 0 1047370
48 1 1047427
16 1 1047559
189 0 1048405
189 1 1048475
190 0 1048689
190 1 1048708
32 0 1050721
32 1 1050799
16 0 1050868
221 0 1051127
221 1 1051183
16 1 1051242
78 0 1051943
78 1 1052006
32 0 1052079
32 1 1052135
80 0 1052524
80 1 1052606
82 0 1052655
82 1 1052712
73 0 1052805
73 1 1052863
78 0 1052988
78 1 1053061
67 0 1053118
67 1 1053168
73 0 1053259
73 1 1053321
80 0 1053461
80 1 1053525
73 0 1053682
73 1 1053752
85 0 1053873
85 1 1053928
32 0 1054006
32 1 1054058
78 0 1054109
78 1 1054189
85 0 1054317
85 1 1054368
32 0 1054409
32 1 1054471
70 0 1054603
70 1 1054653
65 0 1054802
65 1 1054855
67 0 1054976
67 1 1055030
32 0 1055113
32 1 1055187
78 0 1055291
78 1 1055355
73 0 1055482
73 1 1055538
77 0 1055663
77 1 1055733
73 0 1055859
73 1 1055920
67 0 1055997
67 1 1056043
188 0 1068447
188 1 1068514
32 0 1068559
32 1 1068608
80 0 1068742
79 0 1068873
80 1 1068920
65 0 1068964
79 1 1068978
65 1 1068989
84 0 1069563
84 1 1069622
69 0 1069733
69 1 1069792
32 0 1069873
32 1 1069934
65 0 1069963
65 1 1070027
83 0 1070097
83 1 1070145
84 0 1070311
84 1 1070368
65 0 1070533
65 1 1070590
32 0 1070620
32 1 1070694
77 0 1070802
77 1 1070868
219 0 1071060
219 1 1071093
32 0 1071140
32 1 1071199
186 0 1071261
186 1 1071344
73 0 1071496
73 1 1071559
32 0 1071603
32 1 1071665
68 0 1071771
68 1 1071827
85 0 1071865
85 1 1071920
67 0 1071944
67 1 1072005
69 0 1072118
69 1 1072175
32 0 1072206
32 1 1072293
67 0 1072336
67 1 1072398
85 0 1072449
85 1 1072522
32 0 1072565
32 1 1072622
71 0 1072847
71 1 1072909
220 0 1073074
220 1 1073127
78 0 1073390
78 1 1073471
68 0 1073554
68 1 1073615
85 0 1073665
85 1 1073715
76 0 1073873
76 1 1073930
32 0 1073980
32 1 1074044
76 0 1074104
76 1 1074161
65 0 1074246
65 1 1074290
32 0 1074357
32 1 1074417
69 0 1074527
69 1 1074581
73 0 1074647
73 1 1074690
190 0 1075017
190 1 1075067
32 0 1075151
32 1 1075197
16 0 1075385
83 0 1075471
83 1 1075508
16 1 1075573
85 0 1076029
85 1 1076092
80 0 1076381
80 1 1076449
82 0 1076579
82 1 1076635
65 0 1076812
65 1 1076847
86 0 1077016
86 1 1077075
73 0 1077138
73 1 1077203
69 0 1077253
69 1 1077301
222 0 1077582
222 1 1077643
85 0 1077905
85 1 1077967
73 0 1078060
73 1 1078140
69 0 1078245
69 1 1078309
83 0 1078415
83 1 1078468
67 0 1078574
67 1 1078630
190 0 1078689
190 1 1078744
8 0 1083997
8 1 1084047
32 0 1084125
32 1 1084189
85 0 1084613
85 1 1084670
78 0 1084797
78 1 1084878
69 0 1084933
69 1 1085001
73 0 1085077
73 1 1085139
32 0 1085170
32 1 1085224
65 0 1085383
65 1 1085428
78 0 1085539
78 1 1085596
71 0 1086340
71 1 1086394
79 0 1086523
79 1 1086584
65 0 1086732
65 1 1086781
83 0 1086869
83 1 1086912
69 0 1087033
69 1 1087084
32 0 1087168
32 1 1087242
69 0 1087276
69 1 1087314
88 0 1088437
88 1 1088500
73 0 1088606
73 1 1088675
83 0 1088720
83 1 1088772
84 0 1088951
84 1 1089014
69 0 1089124
69 1 1089186
78 0 1089242
78 1 1089295
222 0 1089517
222 1 1089585
69 0 1089637
69 1 1089694
188 0 1095614
188 1 1095679
32 0 1095704
32 1 1095754
67 0 1095856
67 1 1095912
65 0 1096030
65 1 1096080
32 0 1096145
32 1 1096221
78 0 1096337
78 1 1096394
79 0 1096523
79 1 1096586
73 0 1096677
73 1 1096747
32 0 1096813
32 1 1096876
84 0 1097139
84 1 1097208
79 0 1097274
79 1 1097336
222 0 1097667
222 1 1097734
73 0 1097971
73 1 1098037
32 0 1098080
32 1 1098150
68 0 1098239
68 1 1098296
69 0 1098376
69 1 1098439
32 0 1098484
32 1 1098581
65 0 1098589
65 1 1098657
76 0 1098774
76 1 1098835
84 0 1098895
84 1 1098956
70 0 1099049
70 1 1099112
69 0 1099205
69 1 1099260
76 0 1099319
76 1 1099376
190 0 1099519
190 1 1099583
32 0 1099654
32 1 1099699
16 0 1120967
67 0 1121061
67 1 1121118
16 1 1121200
69 0 1121422
69 1 1121471
8 0 1122370
8 1 1122457
82 0 1122497
82 1 1122635
69 0 1122691
69 1 1122805
68 0 1122965
68 1 1123044
32 0 1123129
32 1 1123202
67 0 1123655
67 1 1123710
219 0 1123864
219 1 1123920
32 0 1123996
32 1 1124046
65 0 1124241
65 1 1124284
83 0 1124378
83 1 1124412
84 0 1125598
84 1 1125682
65 0 1126203
65 1 1126291
189 0 1127072
189 1 1127129
73 0 1127391
73 1 1127454
32 0 1127509
32 1 1127566
67 0 1127660
67 1 1127724
69 0 1127839
69 1 1127872
86 0 1128004
86 1 1128051
65 0 1128190
65 1 1128239
32 0 1128303
32 1 1128372
78 0 1128487
78 1 1128526
8 0 1128907
8 1 1128967
67 0 1129016
67 1 1129090
69 0 1129191
69 1 1129254
32 0 1129329
32 1 1129403
78 0 1129641
78 1 1129716
73 0 1129856
73 1 1129925
67 0 1129972
67 1 1130028
73 0 1130077
73 1 1130134
32 0 1130153
32 1 1130216
86 0 1130736
86 1 1130791
79 0 1130877
79 1 1130940
76 0 1131062
76 1 1131136
85 0 1131358
85 1 1131414
222 0 1131717
222 1 1131778
73 0 1131999
73 1 1132057
65 0 1132150
65 1 1132204
32 0 1132279
32 1 1132358
78 0 1132482
78 1 1132531
85 0 1132666
85 1 1132717
32 0 1132782
32 1 1132833
80 0 1132972
79 0 1133105
80 1 1133157
79 1 1133180
84 0 1133467
84 1 1133514
69 0 1133624
69 1 1133676
38 0 1135418
38 1 1135548
38 0 1135866
38 1 1135916
40 0 1136367
40 1 1136520
39 0 1136869
39 0 1137476
39 0 1137511
39 0 1137551
39 0 1137587
39 0 1137622
39 0 1137659
39 0 1137698
39 0 1137735
39 0 1137778
39 0 1137812
39 0 1137856
39 0 1137889
39 0 1137927
39 0 1137968
39 0 1138001
39 0 1138044
39 0 1138080
39 0 1138115
39 0 1138151
39 0 1138190
39 0 1138227
39 0 1138263
39 0 1138300
39 0 1138346
39 0 1138377
39 0 1138415
39 0 1138453
39 0 1138494
39 0 1138529
39 1 1138538
18 0 1139283
39 0 1139473
39 1 1139603
18 1 1139667
18 0 1139945
39 0 1139992
39 1 1140049
39 0 1140301
39 1 1140434
18 1 1140550
39 0 1140922
39 1 1141010
39 0 1141096
39 1 1141171
39 0 1141238
39 1 1141313
39 0 1141379
39 1 1141471
39 0 1141551
39 1 1141605
69 0 1142242
69 1 1142299
40 0 1142894
40 1 1143013
8 0 1144074
8 1 1144122
8 0 1144203
8 1 1144283
65 0 1144537
65 1 1144629
84 0 1145043
69 0 1145102
84 1 1145171
69 1 1145230
32 0 1157887
32 1 1157942
69 0 1158127
69 1 1158190
82 0 1158271
82 1 1158322
65 0 1158467
65 1 1158538
68 0 1158654
68 1 1158714
73 0 1158813
73 1 1158888
67 0 1158890
67 1 1158936
65 0 1159065
65 1 1159116
190 0 1159230
190 1 1159287
32 0 1189166
32 1 1189221
16 0 1189438
80 0 1189912
80 1 1190013
16 1 1190103
65 0 1211458
65 1 1211483
82 0 1212540
82 1 1212677
67 0 1212998
67 1 1213131
219 0 1214448
219 1 1214499
189 0 1214798
189 1 1214850
73 0 1215379
73 1 1215442
32 0 1215538
32 1 1215617
79 0 1215734
79 1 1215789
32 0 1215815
32 1 1215867
65 0 1219338
65 1 1219400
68 0 1219557
68 1 1219607
85 0 1219651
85 1 1219715
78 0 1219815
78 1 1219889
65 0 1219914
65 1 1219962
82 0 1220130
82 1 1220171
69 0 1220256
69 1 1220306
32 0 1220376
32 1 1220421
68 0 1220430
68 1 1220480
69 0 1220570
69 1 1220609
32 0 1220650
32 1 1220712
83 0 1220787
83 1 1220844
219 0 1221375
219 1 1221431
82 0 1221522
82 1 1221565
66 0 1221782
66 1 1221838
219 0 1221914
219 1 1221982
84 0 1222267
84 1 1222329
79 0 1222408
79 1 1222478
82 0 1222506
82 1 1222551
73 0 1222647
73 1 1222699
32 0 1223834
32 1 1223926
67 0 1223969
67 1 1224024
85 0 1224114
85 1 1224182
32 0 1224193
32 1 1224243
84 0 1224430
84 1 1224480
79 0 1224551
79 1 1224613
65 0 1224662
65 1 1224718
84 0 1224887
84 1 1224944
69 0 1225051
69 1 1225106
32 0 1225133
32 1 1225211
78 0 1225326
78 1 1225389
69 0 1225439
69 1 1225489
65 0 1225619
65 1 1225675
77 0 1225689
77 1 1225776
85 0 1225897
85 1 1225953
82 0 1226048
82 1 1226109
73 0 1226149
73 1 1226212
76 0 1226382
76 1 1226432
69 0 1226513
69 1 1226557
188 0 1227475
188 1 1227537
32 0 1227612
32 1 1227657
80 0 1227789
80 1 1227831
69 0 1227907
69 1 1227952
32 0 1228079
32 1 1228151
71 0 1228238
71 1 1228293
82 0 1228422
82 1 1228454
85 0 1228528
85 1 1228580
80 0 1228769
80 1 1228838
85 0 1229000
85 1 1229049
76 0 1229216
76 1 1229288
69 0 1229358
69 1 1229424
222 0 1229600
222 1 1229651
69 0 1229735
69 1 1229779
32 0 1231422
32 1 1231478
189 0 1231585
189 1 1231641
68 0 1232736
68 1 1232797
85 0 1232893
85 1 1232950
80 0 1233131
80 1 1233197
219 0 1233310
219 1 1233372
32 0 1233438
32 1 1233501
67 0 1233598
67 1 1233655
69 0 1233743
69 1 1233791
32 0 1233865
32 1 1233928
83 0 1233954
83 1 1234017
69 0 1234107
69 1 1234158
32 0 1234183
32 1 1234257
83 0 1234307
83 1 1234350
85 0 1234437
85 1 1234488
80 0 1234673
79 0 1234820
80 1 1234887
79 1 1234904
82 0 1234916
82 1 1234972
84 0 1235052
84 1 1235108
219 0 1235244
219 1 1235293
32 0 1235448
32 1 1235507
70 0 1235679
70 1 1235736
73 0 1235796
73 1 1235852
69 0 1235889
69 1 1235932
67 0 1236047
67 1 1236104
65 0 1236218
65 1 1236274
82 0 1236416
82 1 1236462
69 0 1236546
69 1 1236601
189 0 1236708
189 1 1236758
8 0 1252218
8 1 1252282
85 0 1252786
85 1 1252842
77 0 1252998
77 1 1253062
40 0 1254290
40 1 1254361
32 0 1256337
32 1 1256378
186 0 1256863
186 1 1256926
73 0 1257178
73 1 1257236
32 0 1257398
32 1 1257448
8 0 1260891
8 1 1260948
32 0 1261271
32 1 1261328
8 0 1261761
8 1 1261793
188 0 1262103
188 1 1262158
32 0 1262214
32 1 1262276
68 0 1262436
68 1 1262490
85 0 1262603
85 1 1262663
80 0 1262874
80 1 1262924
219 0 1263056
219 1 1263108
32 0 1263217
32 1 1263279
67 0 1263400
67 1 1263457
69 0 1263603
69 1 1263647
189 0 1263838
189 1 1263914
65 0 1263973
65 1 1264023
85 0 1264180
85 1 1264230
32 0 1264295
32 1 1264345
84 0 1264507
84 1 1264562
69 0 1264693
69 1 1264741
82 0 1264821
82 1 1264871
77 0 1264906
77 1 1264968
73 0 1265114
73 1 1265141
78 0 1265262
78 1 1265325
84 0 1265582
84 1 1265620
8 0 1266753
8 1 1266837
65 0 1266866
65 1 1266958
84 0 1267458
84 1 1267526
32 0 1267933
32 1 1268002
68 0 1273919
68 1 1273979
69 0 1274066
69 1 1274123
32 0 1274228
32 1 1274298
70 0 1274784
70 1 1274859
219 0 1274929
219 1 1275005
67 0 1275056
67 1 1275118
85 0 1275223
85 1 1275273
84 0 1275336
84 1 1275384
32 0 1275476
32 1 1275537
49 0 1277775
50 0 1277876
49 1 1277933
50 1 1277973
32 0 1278207
32 1 1278295
70 0 1278657
70 1 1278710
69 0 1278820
69 1 1278873
76 0 1278939
76 1 1279015
85 0 1279214
85 1 1279280
82 0 1279364
82 1 1279403
73 0 1279427
73 1 1279482
32 0 1279638
32 1 1279705
68 0 1279765
68 1 1279813
69 0 1279907
32 0 1279950
69 1 1279963
32 1 1280024
77 0 1280124
77 1 1280174
220 0 1280403
220 1 1280460
78 0 1280746
78 1 1280815
67 0 1280881
67 1 1280925
65 0 1281050
65 1 1281107
82 0 1281275
82 1 1281320
69 0 1281401
69 1 1281457
188 0 1282603
188 1 1282664
32 0 1283948
32 1 1284039
71 0 1284597
71 1 1284654
65 0 1284833
65 1 1284879
90 0 1284976
90 1 1285038
68 0 1285186
68 1 1285235
69 0 1285325
69 1 1285388
76 0 1285473
76 1 1285537
69 0 1285546
69 1 1285579
32 0 1287515
32 1 1287635
83 0 1287690
83 1 1287769
69 0 1287867
69 1 1287928
32 0 1287977
32 1 1288073
84 0 1288192
84 1 1288243
220 0 1288485
220 1 1288548
82 0 1288894
82 1 1288957
83 0 1289652
83 1 1289694
8 0 1290281
8 1 1290385
219 0 1290859
219 1 1290934
83 0 1291074
83 1 1291150
67 0 1291312
67 1 1291373
32 0 1293353
32 1 1293472
83 0 1294424
83 1 1294497
219 0 1294989
219 1 1295036
189 0 1298626
189 1 1298689
186 0 1303660
186 1 1303788
73 0 1304060
73 1 1304116
32 0 1304191
32 1 1304259
80 0 1304726
80 1 1304795
82 0 1304878
82 1 1304934
73 0 1304996
73 1 1305063
77 0 1305182
77 1 1305263
69 0 1305287
69 1 1305336
65 0 1305479
65 1 1305538
83 0 1305647
83 1 1305685
67 0 1305820
67 1 1305879
219 0 1306007
219 1 1306073
32 0 1306121
32 1 1306175
68 0 1306346
68 1 1306397
79 0 1306444
79 1 1306501
90 0 1306603
90 1 1306656
65 0 1306756
65 1 1306806
32 0 1306871
32 1 1306941
68 0 1306986
68 1 1307017
69 0 1307101
69 1 1307154
32 0 1307203
32 1 1307282
65 0 1308654
65 1 1308768
84 0 1309192
84 1 1309243
69 0 1309379
69 1 1309441
78 0 1309532
78 1 1309583
222 0 1309806
222 1 1309883
73 0 1310092
73 1 1310156
69 0 1310259
69 1 1310325
32 0 1310424
32 1 1310477
68 0 1310705
68 1 1310772
69 0 1310853
69 1 1310909
32 0 1310978
32 1 1311038
76 0 1311190
76 1 1311257
65 0 1311316
65 1 1311368
32 0 1311481
32 1 1311541
70 0 1311771
70 1 1311836
73 0 1311966
73 1 1312033
69 0 1312085
69 1 1312136
67 0 1312262
67 1 1312319
65 0 1312446
65 1 1312495
82 0 1312671
82 1 1312719
69 0 1312808
69 1 1312871
190 0 1313067
190 1 1313115
