16 0 234020
86 0 234181
16 1 234239
86 1 234268
82 0 234379
69 0 234423
82 1 234466
77 0 234513
69 1 234535
77 1 234580
69 0 234611
69 1 234694
65 0 234800
65 1 234877
32 0 234909
32 1 234972
65 0 235132
67 0 235236
65 1 235261
85 0 235299
67 1 235321
85 1 235434
77 0 235473
77 1 235547
32 0 235606
32 1 235676
69 0 235785
69 1 235855
83 0 235959
83 1 236044
84 0 236053
84 1 236119
69 0 236137
69 1 236202
32 0 236850
32 1 236927
67 0 238720
65 0 238770
67 1 238811
77 0 238834
65 1 238880
77 1 238904
32 0 238994
32 1 239044
71 0 239088
82 0 239133
71 1 239148
73 0 239221
82 1 239243
73 1 239286
190 0 239443
190 1 239509
32 0 239584
16 0 239641
20 0 239656
32 1 239695
69 0 239746
20 1 239777
16 1 239791
69 1 239856
8 0 240291
8 1 240342
20 0 240634
20 1 240703
16 0 240934
69 0 241128
16 1 241175
69 1 241234
32 0 241867
32 1 241947
8 0 242319
8 1 242368
8 0 242433
8 1 242493
8 0 242563
8 1 242611
16 0 242860
69 0 243283
16 1 243345
69 1 243399
8 0 243900
8 1 243950
32 0 244128
32 1 244188
16 0 244195
69 0 244366
16 1 244395
69 1 244455
32 0 244488
32 1 244559
73 0 244696
73 1 244763
78 0 244772
78 1 244822
78 0 245074
78 1 245149
79 0 245277
79 1 245342
82 0 246015
82 1 246101
65 0 246119
65 1 246204
84 0 246267
84 1 246328
32 0 247358
32 1 247423
65 0 247521
65 1 247627
70 0 247652
70 1 247718
65 0 247725
82 0 247794
65 1 247845
82 1 247870
65 0 247890
65 1 247964
188 0 248306
188 1 248376
32 0 248598
32 1 248668
73 0 249301
73 1 249377
69 0 249384
82 0 249475
69 1 249521
73 0 249539
82 1 249565
73 1 249620
32 0 249628
32 1 249719
65 0 249728
65 1 249803
32 0 249811
32 1 249877
80 0 249962
76 0 250050
80 1 250076
76 1 250120
79 0 250272
79 1 250313
85 0 250481
85 1 250561
65 0 250649
65 1 250719
84 0 250748
84 1 250803
32 0 251551
32 1 251611
65 0 251815
65 1 251929
80 0 251942
80 1 252019
82 0 252032
82 1 252098
79 0 252112
65 0 252180
79 1 252201
80 0 252285
65 1 252305
69 0 252349
80 1 252370
69 1 252440
32 0 252488
32 1 252558
84 0 253474
84 1 253554
79 0 253592
79 1 253643
65 0 253981
65 1 254075
84 0 254094
84 1 254154
65 0 254211
65 1 254298
32 0 254569
32 1 254639
90 0 254663
90 1 254749
73 0 254802
85 0 254892
73 1 254932
85 1 254961
65 0 255017
65 1 255067
190 0 255388
190 1 255457
32 0 255563
32 1 255632
16 0 255639
90 0 256007
16 1 256135
90 1 256186
73 0 256231
73 1 256275
76 0 256499
69 0 256552
76 1 256567
69 1 256638
76 0 256650
76 1 256702
69 0 256711
69 1 256776
32 0 257279
32 1 257356
84 0 257510
82 0 257528
84 1 257556
69 0 257583
82 1 257618
69 1 257678
67 0 257782
67 1 257857
85 0 257866
85 1 257920
84 0 258045
84 1 258119
69 0 258128
69 1 258178
32 0 258683
32 1 258768
67 0 259200
65 0 259220
67 1 259283
77 0 259302
65 1 259363
77 1 259382
32 0 259457
32 1 259511
76 0 259599
76 1 259680
65 0 259688
32 0 259793
65 1 259811
32 1 259884
70 0 259892
69 0 259976
70 1 260010
76 0 260045
76 1 260086
69 1 260121
190 0 260309
190 1 260384
32 0 261854
32 1 261924
16 0 261968
86 0 262122
16 1 262152
86 1 262202
82 0 262265
69 0 262326
82 1 262371
77 0 262394
69 1 262416
77 1 262465
69 0 262486
69 1 262560
65 0 262678
65 1 262758
32 0 262906
32 1 262981
80 0 263069
80 1 263139
69 0 263177
82 0 263223
82 1 263308
69 1 263327
70 0 263378
69 0 263422
70 1 263471
69 1 263502
67 0 263515
67 1 263621
84 0 263629
84 1 263680
65 0 263803
65 1 263887
32 0 263947
32 1 264036
80 0 264115
69 0 264188
80 1 264210
69 1 264254
78 0 264314
84 0 264352
78 1 264379
82 0 264387
84 1 264439
85 0 264467
82 1 264517
85 1 264547
32 0 264596
32 1 264655
77 0 264740
77 1 264799
73 0 264844
78 0 264894
73 1 264912
69 0 264952
78 1 264973
69 1 265074
32 0 265076
69 0 265106
32 1 265141
69 1 265196
32 0 265204
32 1 265309
65 0 266281
65 1 266355
84 0 266489
85 0 266553
84 1 266573
85 1 266623
78 0 266632
67 0 266716
78 1 266731
73 0 266776
67 1 266796
32 0 266868
73 1 266890
67 0 266920
65 0 266949
32 1 266974
67 1 267004
78 0 267045
68 0 267102
65 1 267128
78 1 267142
68 1 267192
32 0 267221
32 1 267329
65 0 267485
65 1 267589
70 0 267598
70 1 267639
65 0 267672
82 0 267708
65 1 267752
82 1 267787
65 0 267817
32 0 267875
65 1 267896
32 1 267976
69 0 267985
32 0 268044
69 1 268064
32 1 268139
67 0 268359
65 0 268430
67 1 268467
76 0 268523
65 1 268545
76 1 268594
68 0 268732
68 1 268792
85 0 268864
85 1 268929
84 0 269227
84 1 269292
188 0 269781
188 1 269857
32 0 269995
32 1 270065
67 0 270160
65 0 270196
67 1 270244
77 0 270284
65 1 270310
77 1 270343
32 0 270452
32 1 270511
80 0 270580
80 1 270671
69 0 270678
69 1 270729
32 0 270764
32 1 270833
50 0 271081
50 1 271130
53 0 271230
53 1 271299
8 0 272028
8 1 272077
8 0 272468
8 1 272513
8 0 272607
8 1 272652
32 0 273172
32 1 273272
76 0 273291
76 1 273360
65 0 273380
65 1 273445
32 0 273503
32 1 273573
189 0 274020
189 1 274083
8 0 274456
8 1 274544
50 0 274603
50 1 274668
189 0 275474
189 1 275515
8 0 276009
8 1 276090
48 0 276377
48 1 276442
189 0 276564
189 1 276635
50 0 276734
50 1 276794
53 0 277002
53 1 277056
32 0 277253
32 1 277334
68 0 277344
69 0 277416
32 0 277426
68 1 277438
69 1 277493
32 1 277517
71 0 277704
71 1 277785
82 0 277864
65 0 277922
82 1 277944
65 1 278027
68 0 278092
69 0 278175
68 1 278195
69 1 278290
188 0 278325
188 1 278399
32 0 279112
32 1 279197
83 0 279286
83 1 279351
79 0 279395
79 1 279465
65 0 279473
65 1 279533
82 0 279623
69 0 279692
82 1 279712
32 0 279766
69 1 279785
32 1 279841
67 0 279874
67 1 279945
85 0 279968
85 1 280072
32 0 280252
32 1 280317
80 0 280485
80 1 280599
85 0 280722
85 1 280762
84 0 280817
84 1 280896
73 0 280904
78 0 280984
73 1 281006
78 1 281095
73 0 281104
73 1 281203
32 0 281549
32 1 281614
78 0 281782
79 0 281851
78 1 281872
79 1 281951
82 0 281999
82 1 282075
73 0 282128
73 1 282179
32 0 282244
32 1 282327
80 0 282381
69 0 282451
80 1 282476
69 1 282532
32 0 282545
32 1 282640
67 0 282648
69 0 282704
67 1 282736
69 1 282898
82 0 282907
82 1 283001
190 0 283024
190 1 283111
32 0 285265
32 1 285344
16 0 290527
16 1 290688
73 0 290695
77 0 290773
73 1 290795
77 1 290870
73 0 290904
73 1 291009
8 0 291459
8 1 291524
8 0 291593
8 1 291667
8 0 291776
8 1 291845
16 0 291890
73 0 292077
16 1 292098
77 0 292181
73 1 292198
77 1 292277
73 0 292286
73 1 292381
32 0 292389
32 1 292465
80 0 292524
76 0 292588
80 1 292614
65 0 292653
76 1 292669
65 1 292743
69 0 292810
69 1 292905
32 0 292945
32 1 293024
8 0 293400
8 1 293470
8 0 293526
8 1 293594
67 0 293648
69 0 293664
67 1 293729
69 1 293792
32 0 293931
32 1 294011
77 0 294085
65 0 294150
77 1 294169
73 0 294228
65 1 294263
73 1 294322
32 0 294348
32 1 294422
77 0 294482
77 1 294566
85 0 294605
85 1 294675
76 0 294759
84 0 294842
76 1 294862
84 1 294913
32 0 294947
32 1 295042
67 0 295076
65 0 295099
67 1 295156
78 0 295164
65 1 295235
78 1 295254
68 0 295283
68 1 295364
32 0 295372
32 1 295443
78 0 295521
78 1 295601
85 0 295650
85 1 295740
32 0 295763
32 1 295849
80 0 295932
80 1 296038
76 0 296052
76 1 296142
79 0 296166
79 1 296291
85 0 296299
85 1 296384
65 0 296424
65 1 296508
32 0 296577
32 1 296637
65 0 296880
65 1 296980
70 0 296989
70 1 297054
65 0 297099
82 0 297128
65 1 297157
82 1 297202
65 0 297237
65 1 297311
188 0 297410
188 1 297475
32 0 297537
32 1 297609
80 0 297657
69 0 297693
80 1 297742
69 1 297756
78 0 297841
84 0 297874
78 1 297886
82 0 297907
84 1 297966
85 0 297999
82 1 298034
85 1 298113
32 0 298159
32 1 298281
67 0 298346
65 0 298373
67 1 298421
65 1 298461
32 0 298470
32 1 298515
65 0 298538
65 1 298644
84 0 298831
84 1 298873
85 0 298908
85 1 298977
78 0 298985
78 1 299090
67 0 299099
67 1 299135
73 0 299144
73 1 299219
32 0 299899
32 1 299966
83 0 300396
83 1 300447
85 0 300541
85 1 300605
78 0 300615
78 1 300696
84 0 300705
84 1 300739
32 0 301458
32 1 301522
77 0 301679
77 1 301755
65 0 301778
65 1 301860
73 0 301868
73 1 301939
32 0 301952
32 1 302032
80 0 302152
79 0 302181
80 1 302206
79 1 302270
90 0 302295
90 1 302380
73 0 302395
73 1 302489
84 0 302518
84 1 302579
73 0 302592
73 1 302681
86 0 302726
65 0 302805
86 1 302918
65 1 302932
188 0 303074
188 1 303128
32 0 303932
32 1 304010
68 0 304521
68 1 304585
79 0 304640
82 0 304697
79 1 304719
82 1 304778
78 0 304821
78 1 304945
73 0 304946
73 1 305016
67 0 305124
65 0 305161
67 1 305219
32 0 305273
65 1 305296
32 1 305353
83 0 305562
65 0 305595
83 1 305650
65 1 305719
32 0 305735
32 1 305799
73 0 305886
73 1 305957
69 0 305981
69 1 306073
83 0 306190
83 1 306236
32 0 306260
32 1 306334
83 0 306403
83 1 306468
73 0 306477
32 0 306537
73 1 306560
32 1 306641
83 0 306649
65 0 306681
83 1 306720
32 0 306771
65 1 306795
32 1 306850
83 0 306859
83 1 306948
84 0 306967
84 1 307048
65 0 307061
65 1 307127
85 0 307180
85 1 307246
32 0 307581
32 1 307656
67 0 307734
65 0 307781
67 1 307815
84 0 307850
65 1 307900
84 1 307934
32 0 307969
32 1 308048
77 0 308147
65 0 308207
77 1 308229
73 0 308290
65 1 308300
73 1 308380
32 0 308414
32 1 308484
77 0 308544
77 1 308613
85 0 308672
85 1 308747
76 0 308863
76 1 308930
84 0 309569
84 1 309648
32 0 309683
32 1 309748
65 0 309916
65 1 310012
70 0 310025
70 1 310085
65 0 310104
82 0 310150
65 1 310194
82 1 310223
65 0 310277
65 1 310348
188 0 311097
188 1 311145
32 0 313461
32 1 313564
83 0 314659
65 0 314708
83 1 314729
32 0 314757
65 1 314803
32 1 314833
80 0 314952
79 0 315012
80 1 315037
79 1 315087
84 0 315095
84 1 315166
32 0 315273
32 1 315334
80 0 315452
82 0 315522
80 1 315547
82 1 315591
65 0 315726
65 1 315865
67 0 315873
67 1 315968
84 0 316105
84 1 316181
73 0 316220
73 1 316290
67 0 316379
65 0 316404
67 1 316434
65 1 316528
32 0 316940
32 1 317019
83 0 317122
83 1 317212
80 0 317232
79 0 317311
80 1 317351
79 1 317405
82 0 317440
84 0 317519
82 1 317564
84 1 317604
85 0 318209
85 1 318304
82 0 318306
82 1 318382
73 0 318397
73 1 318476
32 0 319329
32 1 319423
83 0 321966
65 0 322000
83 1 322047
85 0 322080
65 1 322130
85 1 322155
32 0 322744
32 1 322824
79 0 323040
79 1 323136
82 0 323146
82 1 323215
73 0 323263
73 1 323340
67 0 323353
69 0 323394
67 1 323444
69 1 323488
32 0 323497
32 1 323572
70 0 324107
69 0 324171
70 1 324201
76 0 324220
69 1 324261
32 0 324294
76 1 324318
68 0 324354
32 1 324395
69 0 324418
68 1 324443
32 0 324459
69 1 324501
32 1 324553
65 0 324676
65 1 324807
67 0 324895
67 1 324945
84 0 325084
84 1 325148
73 0 325167
73 1 325268
86 0 325276
86 1 325342
73 0 325351
73 1 325421
84 0 325576
65 0 325613
84 1 325644
65 1 325688
84 0 325728
84 1 325803
73 0 325976
73 1 326031
32 0 326327
32 1 326402
73 0 326499
78 0 326552
73 1 326589
78 1 326641
32 0 326700
32 1 326770
78 0 326834
65 0 326908
78 1 326933
65 1 326988
84 0 327086
84 1 327156
85 0 327165
85 1 327241
82 0 327285
82 1 327413
65 0 327448
190 0 327577
65 1 327605
190 1 327652
32 0 335552
32 1 335641
16 0 335878
85 0 336611
16 1 336627
78 0 336685
85 1 336717
78 1 336786
69 0 336795
69 1 336866
79 0 336874
82 0 336964
79 1 336990
82 1 337040
73 0 337072
73 1 337153
32 0 338056
32 1 338139
83 0 339012
83 1 339087
69 0 339206
69 1 339295
32 0 339340
32 1 339404
80 0 339581
79 0 339636
80 1 339678
79 1 339718
84 0 339895
84 1 339964
32 0 340044
32 1 340138
70 0 340179
65 0 340262
70 1 340283
67 0 340425
65 1 340443
69 0 340496
67 1 340532
69 1 340594
32 0 341076
32 1 341135
65 0 341178
65 1 341269
67 0 341333
67 1 341412
84 0 341516
84 1 341596
73 0 341656
86 0 341718
73 1 341747
86 1 341799
73 0 341808
73 1 341888
84 0 342032
65 0 342097
84 1 342122
65 1 342181
84 0 342196
84 1 342281
73 0 342440
73 1 342499
32 0 343344
32 1 343434
83 0 344220
83 1 344274
73 0 344319
73 1 344398
32 0 344407
32 1 344508
69 0 344516
69 1 344582
88 0 344699
88 1 344770
69 0 344873
82 0 344963
69 1 345003
82 1 345052
67 0 345162
73 0 345251
67 1 345277
73 1 345360
84 0 345389
84 1 345470
73 0 345478
73 1 345535
73 0 345582
73 1 345653
32 0 345815
32 1 345885
65 0 346063
65 1 346163
70 0 346183
70 1 346258
65 0 346267
82 0 346328
65 1 346342
82 1 346412
65 0 346420
65 1 346496
32 0 346620
32 1 346699
8 0 346975
8 1 347036
188 0 347164
188 1 347244
32 0 347292
32 1 347368
67 0 347388
67 1 347472
72 0 347506
73 0 347566
72 1 347611
65 0 347624
73 1 347665
82 0 347709
65 1 347740
32 0 347794
82 1 347815
32 1 347889
68 0 347912
65 0 347982
68 1 348003
65 1 348097
67 0 348106
65 0 348181
67 1 348240
32 0 348255
65 1 348276
32 1 348335
69 0 348344
32 0 348410
69 1 348429
32 1 348513
73 0 349856
73 1 349942
78 0 349994
78 1 350049
78 0 350104
78 1 350184
79 0 350243
79 1 350332
82 0 350361
82 1 350446
65 0 350561
84 0 350620
65 1 350637
84 1 350704
32 0 350759
83 0 350828
32 1 350849
65 0 350857
83 1 350897
85 0 350925
65 1 350967
85 1 351031
32 0 351076
32 1 351155
80 0 351263
76 0 351377
80 1 351394
76 1 351453
79 0 351506
79 1 351597
85 0 351645
85 1 351741
65 0 351756
65 1 351835
188 0 352064
188 1 352113
32 0 352916
32 1 352990
83 0 353201
65 0 353207
83 1 353243
65 1 353337
82 0 353508
82 1 353575
8 0 354074
8 1 354124
8 0 354195
8 1 354259
8 0 354331
8 1 354372
68 0 354407
65 0 354486
68 1 354516
82 0 354619
65 1 354650
82 1 354709
32 0 355290
32 1 355368
80 0 355541
80 1 355617
65 0 355626
65 1 355691
82 0 355805
82 1 355890
67 0 356008
65 0 356041
67 1 356125
32 0 356162
65 1 356177
32 1 356235
78 0 356350
78 1 356451
85 0 356464
85 1 356583
32 0 356597
32 1 356722
65 0 357222
65 1 357311
73 0 357355
73 1 357445
32 0 357483
32 1 357583
65 0 357663
65 1 357753
67 0 357842
67 1 357931
69 0 358030
69 1 358104
69 0 358184
69 1 358263
65 0 358363
83 0 358436
65 1 358451
73 0 358486
83 1 358523
73 1 358546
32 0 359034
32 1 359105
84 0 359278
84 1 359350
82 0 359402
82 1 359463
65 0 359471
65 1 359567
71 0 359575
71 1 359647
69 0 359655
69 1 359726
82 0 359738
69 0 359810
82 1 359825
69 1 359890
32 0 359923
32 1 360008
68 0 360037
69 0 360092
68 1 360128
69 1 360177
32 0 360185
32 1 360256
73 0 360365
78 0 360459
73 1 360484
73 0 360583
78 1 360604
77 0 360747
73 1 360776
77 1 360856
65 0 361262
65 1 361327
32 0 362278
32 1 362363
83 0 362383
65 0 362436
83 1 362463
32 0 362470
32 1 362551
65 1 362580
73 0 363090
73 1 363193
69 0 363200
69 1 363281
83 0 363531
83 1 363592
73 0 363646
73 1 363716
32 0 364049
32 1 364132
67 0 364200
67 1 364326
8 0 364618
8 1 364712
8 0 365127
8 1 365208
32 0 365941
32 1 366021
68 0 366030
65 0 366099
68 1 366120
65 1 366235
67 0 366244
65 0 366317
67 1 366363
65 1 366447
8 0 366972
8 1 367037
8 0 367161
8 1 367226
8 0 367304
8 1 367384
8 0 367478
8 1 367549
8 0 367925
8 1 367993
32 0 369080
32 1 369144
65 0 369262
65 1 369358
70 0 369366
70 1 369438
65 0 369446
82 0 369494
65 1 369518
82 1 369571
65 0 369600
65 1 369684
8 0 370374
8 1 370448
8 0 370516
8 1 370567
8 0 370616
8 1 370677
8 0 370730
8 1 370790
8 0 373709
8 1 373819
83 0 374111
65 0 374170
68 0 374299
65 1 374320
83 1 374369
83 0 374498
65 0 374509
68 1 374526
65 1 374577
68 0 374641
83 1 374707
83 0 374805
68 1 374834
65 0 374844
65 1 374930
68 0 374944
83 1 375004
65 0 375088
83 0 375122
68 1 375150
68 0 375267
65 1 375295
83 1 375326
68 1 375420
13 0 375772
13 1 375852
8 0 376123
8 1 376203
8 0 376262
8 1 376337
8 0 376394
8 1 376477
8 0 376515
8 1 376570
8 0 376648
8 1 376719
8 0 376759
8 1 376838
8 0 376879
8 1 376973
8 0 376991
8 1 377047
8 0 377105
8 1 377165
8 0 377221
8 1 377275
8 0 377332
8 1 377394
8 0 377446
8 1 377502
8 0 377562
8 1 377616
8 0 378147
8 1 378221
32 0 378894
32 1 378965
65 0 379108
70 0 379191
65 1 379219
70 1 379258
65 0 379267
82 0 379326
65 1 379360
82 1 379396
65 0 379410
65 1 379490
190 0 380158
190 1 380249
17 0 382753
65 0 382901
17 1 382952
65 1 382982
17 0 383413
67 0 383650
17 1 383716
67 1 383747
16 0 424772
90 0 425000
16 1 425044
90 1 425120
73 0 425132
85 0 425156
73 1 425193
85 1 425233
65 0 425283
65 1 425393
32 0 425405
32 1 425466
73 0 425594
73 1 425679
68 0 425734
69 0 425826
68 1 425850
69 1 425947
65 0 426020
65 1 426116
76 0 426124
76 1 426190
65 0 426198
32 0 426299
65 1 426314
32 1 426379
80 0 426948
69 0 427006
80 1 427027
69 1 427096
78 0 427119
84 0 427198
78 1 427221
82 0 427229
85 0 427298
84 1 427306
82 1 427373
85 1 427404
32 0 427422
32 1 427492
77 0 427570
77 1 427655
73 0 427670
78 0 427756
69 0 427773
73 1 427779
78 1 427829
69 1 427857
32 0 427889
32 1 427953
73 0 428018
78 0 428093
73 1 428115
67 0 428145
78 1 428201
69 0 428215
67 1 428272
69 1 428320
69 0 428393
69 1 428478
8 0 428866
8 1 428926
80 0 429138
80 1 429208
69 0 429231
69 1 429317
32 0 430244
32 1 430316
68 0 430645
68 1 430718
73 0 430733
77 0 430817
73 1 430838
77 1 430921
73 0 430939
78 0 431010
73 1 431036
69 0 431097
78 1 431115
69 1 431176
65 0 431238
84 0 431323
65 1 431354
84 1 431405
65 0 431412
65 1 431504
32 0 431730
32 1 431845
84 0 431943
65 0 431999
84 1 432013
65 1 432077
82 0 432107
82 1 432187
90 0 432195
90 1 432266
73 0 432360
85 0 432438
73 1 432465
85 1 432519
188 0 432681
188 1 432762
32 0 432825
32 1 432886
77 0 432965
77 1 433045
65 0 433871
65 1 433982
73 0 433990
73 1 434070
32 0 434114
32 1 434214
83 0 434256
83 1 434319
80 0 434366
80 1 434443
82 0 434455
69 0 434495
82 1 434547
32 0 434606
69 1 434625
32 1 434680
80 0 434788
80 1 434888
82 0 434897
82 1 434973
65 0 435111
65 1 435180
78 0 435208
78 1 435290
90 0 435338
90 1 435369
190 0 435830
190 1 435904
32 0 436319
32 1 436389
78 0 436493
78 1 436575
85 0 436582
85 1 436658
8 0 437019
8 1 437094
8 0 437456
8 1 437515
16 0 437549
78 0 437683
16 1 437728
78 1 437757
85 0 437782
85 1 437877
32 0 437895
32 1 438005
83 0 438020
83 1 438100
85 0 438108
78 0 438177
85 1 438199
78 1 438273
84 0 438287
32 0 438348
84 1 438363
32 1 438442
79 0 438505
79 1 438611
32 0 438619
32 1 438704
70 0 438895
70 1 438966
73 0 438984
73 1 439061
82 0 439111
69 0 439163
32 0 439190
82 1 439205
69 1 439275
32 1 439293
77 0 439338
77 1 439427
65 0 439455
65 1 439587
84 0 439596
84 1 439676
73 0 439685
78 0 439759
73 1 439777
65 0 439834
78 1 439863
65 1 439968
76 0 439976
76 1 440057
65 0 440080
65 1 440201
188 0 441493
188 1 441583
32 0 441825
32 1 441895
73 0 442028
77 0 442114
73 1 442128
77 1 442218
73 0 442227
73 1 442322
32 0 442330
32 1 442406
73 0 442441
78 0 442489
73 1 442530
67 0 442562
78 1 442584
69 0 442629
67 1 442655
69 1 442728
84 0 442773
84 1 442815
8 0 443501
8 1 443551
80 0 444349
80 1 444453
32 0 444511
32 1 444577
90 0 444615
73 0 444695
90 1 444735
85 0 444749
73 1 444790
85 1 444849
65 0 444873
65 1 444974
32 0 444983
32 1 445062
73 0 445141
78 0 445212
73 1 445241
84 0 445265
78 1 445290
82 0 445344
84 1 445394
189 0 445409
82 1 445480
189 1 445504
85 0 445673
78 0 445746
85 1 445776
78 1 445835
32 0 446057
32 1 446128
84 0 446415
84 1 446489
73 0 446519
73 1 446584
8 0 446783
8 1 446856
8 0 446895
8 1 446966
82 0 447043
82 1 447134
73 0 447158
73 1 447233
84 0 447757
84 1 447844
77 0 447852
77 1 447902
32 0 447971
32 1 448036
77 0 448121
65 0 448140
77 1 448205
65 1 448245
73 0 448254
73 1 448359
32 0 448382
32 1 448458
76 0 448536
76 1 448616
69 0 448706
69 1 448784
84 0 448918
84 1 449003
8 0 449310
8 1 449380
78 0 449710
78 1 449782
84 0 449821
84 1 449900
190 0 450068
190 1 450138
32 0 450430
16 0 450480
32 1 450522
68 0 450643
16 1 450676
73 0 450738
68 1 450760
77 0 450831
73 1 450853
77 1 450932
73 0 450940
78 0 450995
73 1 451041
69 0 451056
78 1 451080
69 1 451134
65 0 451199
84 0 451277
65 1 451298
84 1 451358
65 0 451367
65 1 451452
32 0 451700
32 1 451778
80 0 451862
82 0 451936
80 1 451957
69 0 451974
82 1 452056
69 1 452131
70 0 452139
69 0 452209
70 1 452239
69 1 452329
82 0 452337
82 1 452408
32 0 452592
32 1 452666
83 0 452674
65 0 452736
32 0 452757
83 1 452778
65 1 452854
32 1 452873
70 0 453633
70 1 453700
73 0 453719
85 0 453783
73 1 453815
85 1 453858
32 0 454005
32 1 454068
82 0 454133
69 0 454153
82 1 454192
69 1 454241
76 0 454275
76 1 454326
65 0 454626
65 1 454702
88 0 454841
88 1 454925
65 0 455030
65 1 455108
84 0 455126
84 1 455203
65 0 455211
65 1 455282
188 0 455429
188 1 455500
32 0 455580
83 0 455638
32 1 455659
65 0 455692
83 1 455723
32 0 455752
65 1 455778
32 1 455818
67 0 456263
67 1 456329
73 0 456337
73 1 456408
84 0 456550
84 1 456641
69 0 456649
69 1 456705
83 0 456851
67 0 456923
83 1 456953
67 1 457027
32 0 457235
32 1 457303
83 0 457416
83 1 457468
84 0 457627
73 0 457700
84 1 457721
73 1 457791
82 0 457803
73 0 457874
82 1 457889
73 1 457959
76 0 458058
76 1 458152
69 0 458161
69 1 458206
188 0 458285
188 1 458349
32 0 458913
32 1 458989
83 0 459205
65 0 459236
83 1 459282
32 0 459315
65 1 459371
32 1 459418
73 0 459454
65 0 459534
73 1 459553
65 1 459628
85 0 459642
85 1 459742
32 0 459782
32 1 459851
77 0 459935
73 0 460009
77 1 460025
73 1 460095
67 0 460108
67 1 460164
85 0 460193
85 1 460262
76 0 460396
32 0 460509
76 1 460515
32 1 460604
68 0 460702
69 0 460762
68 1 460813
69 1 460877
74 0 461089
74 1 461154
85 0 461242
85 1 461360
78 0 461366
78 1 461442
190 0 461655
190 1 461719
32 0 480164
32 1 480277
16 0 480316
68 0 480574
16 1 480599
68 1 480713
65 0 480731
67 0 480856
65 1 480876
65 0 480941
67 1 480986
32 0 481010
65 1 481043
32 1 481110
69 0 481118
32 0 481162
69 1 481188
32 1 481283
86 0 482160
86 1 482245
79 0 482260
79 1 482333
82 0 482363
82 1 482440
66 0 482446
66 1 482532
65 0 482550
32 0 482610
65 1 482641
32 1 482711
68 0 482724
69 0 482774
68 1 482800
32 0 482819
69 1 482874
32 1 482893
87 0 482981
87 1 483047
8 0 483731
8 1 483806
87 0 483964
87 1 484043
69 0 484151
69 1 484216
69 0 484272
69 1 484356
75 0 484384
69 0 484439
75 1 484460
69 1 484509
78 0 484557
78 1 484633
68 0 484641
68 1 484708
188 0 484777
188 1 484851
32 0 484940
32 1 485009
80 0 485216
80 1 485253
82 0 485267
69 0 485316
82 1 485376
69 1 485467
70 0 485475
69 0 485509
70 1 485530
69 1 485615
82 0 485623
82 1 485694
32 0 485786
32 1 485878
83 0 485891
65 0 485946
32 0 485955
83 1 485977
32 1 486036
65 1 486061
73 0 488019
73 1 488097
69 0 488265
69 1 488355
83 0 488455
32 0 488485
83 1 488509
32 1 488583
85 0 488651
85 1 488724
78 0 488732
68 0 488755
69 0 488800
78 1 488817
68 1 488865
69 1 488900
86 0 488924
65 0 489001
86 1 489021
65 1 489069
32 0 489099
32 1 489178
73 0 489242
78 0 489315
73 1 489342
78 1 489401
32 0 489474
32 1 489545
78 0 489629
78 1 489698
65 0 489733
65 1 489803
84 0 489946
85 0 490016
84 1 490040
85 1 490090
82 0 490145
82 1 490205
65 0 490362
65 1 490392
188 0 490433
188 1 490492
32 0 491408
32 1 491508
80 0 494591
79 0 494637
80 1 494668
79 1 494701
65 0 494726
65 1 494841
84 0 494849
69 0 494948
84 1 494970
69 1 495034
32 0 495046
32 1 495107
76 0 495156
65 0 495232
76 1 495238
32 0 495304
65 1 495326
32 1 495386
65 0 495409
76 0 495464
65 1 495500
76 1 495544
69 0 495568
82 0 495642
69 1 495728
82 1 495742
71 0 495751
71 1 495822
65 0 495850
84 0 495911
65 1 495945
84 1 495985
188 0 496208
188 1 496277
32 0 496367
32 1 496411
80 0 496500
79 0 496550
80 1 496584
79 1 496629
65 0 496638
65 1 496738
84 0 496783
84 1 496888
69 0 496896
69 1 496961
32 0 496976
32 1 497060
80 0 497165
69 0 497238
80 1 497261
69 1 497303
32 0 497312
32 1 497397
80 0 497482
80 1 497611
73 0 497625
73 1 497704
83 0 497808
83 1 497863
84 0 497892
84 1 497987
65 0 497995
65 1 498061
32 0 498070
32 1 498131
68 0 498140
69 0 498206
32 0 498225
68 1 498240
69 1 498313
32 1 498331
66 0 499091
73 0 499187
66 1 499193
73 1 499266
67 0 499290
67 1 499366
73 0 499374
67 0 499418
73 1 499464
67 1 499498
76 0 499602
76 1 499672
69 0 499687
82 0 499800
69 1 499846
69 0 499935
82 1 499975
69 1 500063
8 0 500430
8 1 500507
8 0 500544
8 1 500623
82 0 500643
69 0 500707
82 1 500762
69 1 500837
8 0 501296
8 1 501346
8 0 501397
8 1 501470
84 0 501546
69 0 501609
84 1 501664
69 1 501750
188 0 501762
188 1 501817
32 0 501885
32 1 501973
76 0 501995
65 0 502044
76 1 502106
65 1 502130
32 0 502149
32 1 502224
80 0 502284
80 1 502363
69 0 502388
69 1 502477
68 0 502694
65 0 502763
68 1 502804
76 0 502857
65 1 502903
76 1 502928
65 0 502987
65 1 503086
84 0 503126
84 1 503196
190 0 510097
190 1 510180
32 0 517600
32 1 517663
16 0 517717
68 0 517856
16 1 517892
68 1 517927
65 0 517935
67 0 517995
65 1 518015
67 1 518075
65 0 518083
65 1 518159
32 0 518169
32 1 518239
86 0 518521
82 0 518565
86 1 518601
69 0 518614
82 1 518654
69 1 518717
77 0 518723
69 0 518769
77 1 518801
69 1 518858
65 0 518978
83 0 518998
83 1 519022
65 1 519046
32 0 519055
32 1 519116
78 0 519190
78 1 519280
85 0 519281
85 1 519348
32 0 519382
32 1 519452
8 0 519610
8 1 519661
8 0 519710
8 1 519744
8 0 519785
8 1 519840
8 0 519874
8 1 519939
8 0 519972
8 1 520028
32 0 520513
32 1 520577
78 0 520657
78 1 520731
85 0 520741
85 1 520831
32 0 520840
69 0 520900
32 1 520923
69 1 520970
32 0 520978
32 1 521054
70 0 521097
70 1 521188
65 0 521196
86 0 521353
65 1 521375
86 1 521450
79 0 521496
79 1 521533
82 0 521701
65 0 521751
82 1 521787
65 1 521846
66 0 521946
73 0 522048
66 1 522070
73 1 522159
76 0 522266
76 1 522352
65 0 522361
65 1 522431
188 0 522631
188 1 522689
32 0 522882
32 1 522951
73 0 523038
78 0 523109
73 1 523133
78 1 523208
67 0 523209
69 0 523264
67 1 523314
69 1 523383
82 0 523391
82 1 523482
67 0 523496
67 1 523551
32 0 523739
83 0 523819
32 1 523843
65 0 523857
83 1 523899
32 0 523907
65 1 523997
32 1 524016
71 0 524394
71 1 524468
65 0 524488
65 1 524631
83 0 524666
83 1 524760
69 0 524838
69 1 524914
67 0 525032
83 0 525057
83 1 525084
32 0 525140
67 1 525165
32 1 525221
79 0 525286
79 1 525386
32 0 525398
32 1 525507
67 0 525508
65 0 525573
67 1 525617
65 1 525682
8 0 525962
8 1 526057
8 0 526073
8 1 526123
8 0 526168
8 1 526227
8 0 526272
8 1 526322
8 0 526366
8 1 526421
8 0 526475
8 1 526529
8 0 526746
8 1 526823
83 0 526831
67 0 526901
83 1 526946
67 1 526970
32 0 527222
32 1 527297
79 0 527465
79 1 527540
32 0 527575
67 0 527636
32 1 527660
65 0 527679
67 1 527753
82 0 527798
65 1 527815
82 1 527872
69 0 527935
84 0 527961
84 1 527996
69 1 528045
8 0 528566
8 1 528626
8 0 528669
8 1 528734
84 0 528819
69 0 528877
84 1 528904
32 0 528984
69 1 529008
32 1 529062
86 0 529190
85 0 529216
86 1 529245
78 0 529288
85 1 529300
78 1 529374
65 0 529387
65 1 529474
32 0 529487
68 0 529532
32 1 529574
69 0 529600
68 1 529617
32 0 529672
69 1 529695
32 1 529735
8 0 529898
8 1 529963
8 0 530009
8 1 530048
8 0 530092
8 1 530151
8 0 530191
8 1 530250
8 0 530290
8 1 530340
8 0 530390
8 1 530454
8 0 530637
8 1 530707
8 0 530795
8 1 530866
66 0 531221
66 1 531307
85 0 531316
78 0 531371
85 1 531394
65 0 531431
78 1 531466
65 1 531524
32 0 531545
68 0 531598
32 1 531638
69 0 531680
68 1 531702
32 0 531726
69 1 531797
32 1 531822
67 0 532058
67 1 532143
73 0 532212
84 0 532257
73 1 532282
84 1 532346
73 0 532374
84 0 532424
73 1 532451
84 1 532500
188 0 533475
188 1 533541
32 0 533625
32 1 533704
65 0 533729
65 1 533809
76 0 533817
76 1 533873
65 0 533882
65 1 533967
84 0 534119
84 1 534200
85 0 534209
85 1 534280
82 0 534289
82 1 534363
73 0 534378
73 1 534463
32 0 534499
68 0 534558
32 1 534582
69 0 534590
68 1 534617
32 0 534663
69 1 534687
32 1 534755
79 0 534898
79 1 534978
32 0 535032
32 1 535121
67 0 535235
65 0 535300
67 1 535379
70 0 535413
65 1 535432
69 0 535499
70 1 535523
65 0 535603
69 1 535664
65 1 535727
190 0 535884
190 1 535945
32 0 537933
32 1 538012
16 0 538019
76 0 538269
16 1 538309
76 1 538338
65 0 538364
32 0 538431
65 1 538438
32 1 538507
80 0 538580
80 1 538681
82 0 538689
82 1 538750
65 0 538882
65 1 538957
78 0 538981
78 1 539061
90 0 539101
90 1 539151
32 0 540627
32 1 540702
80 0 540886
80 1 540965
82 0 540984
69 0 541047
82 1 541103
69 1 541168
69 0 541427
70 0 541550
69 1 541594
70 1 541679
8 0 541827
8 1 541902
8 0 541936
8 1 542002
70 0 542009
70 1 542086
69 0 542094
82 0 542189
69 1 542258
82 1 542330
32 0 542793
32 1 542878
83 0 543041
65 0 543096
83 1 543122
65 1 543215
32 0 543233
32 1 543304
70 0 543652
65 0 543726
70 1 543751
67 0 543857
65 1 543881
32 0 543944
67 1 543967
32 1 544004
79 0 544083
79 1 544177
32 0 544189
32 1 544285
80 0 544320
65 0 544370
80 1 544405
65 1 544483
85 0 544559
85 1 544632
90 0 544696
90 1 544765
188 0 544928
188 1 544974
8 0 545414
8 1 545474
65 0 545493
65 1 545558
188 0 545676
188 1 545747
32 0 545835
32 1 545920
83 0 545934
65 0 545961
83 1 545994
32 0 546009
65 1 546069
32 1 546093
73 0 546529
65 0 546593
73 1 546619
65 1 546674
85 0 546712
85 1 546807
32 0 546981
32 1 547060
80 0 547173
80 1 547263
82 0 547271
82 1 547342
65 0 547545
65 1 547630
78 0 547679
78 1 547743
90 0 547807
90 1 547881
85 0 547920
85 1 547988
76 0 548159
76 1 548224
32 0 548991
32 1 549076
83 0 549199
83 1 549265
32 0 549359
32 1 549458
8 0 549849
8 1 549914
73 0 550101
32 0 550177
73 1 550203
83 0 550251
32 1 550282
65 0 550294
83 1 550326
32 0 550351
65 1 550435
32 1 550455
65 0 551178
77 0 551247
65 1 551277
77 1 551307
32 0 551386
32 1 551465
80 0 551518
80 1 551614
85 0 551659
84 0 551722
85 1 551748
84 1 551816
73 0 551856
73 1 551956
78 0 551964
78 1 552025
32 0 552337
32 1 552407
84 0 552506
73 0 552576
84 1 552602
77 0 552654
73 1 552682
77 1 552759
80 0 552792
32 0 552887
80 1 552914
68 0 552941
32 1 552993
69 0 553000
68 1 553054
32 0 553056
69 1 553106
32 1 553135
73 0 553283
73 1 553388
68 0 553659
68 1 553725
73 0 553794
73 1 553819
72 0 553868
72 1 553952
8 0 554615
8 1 554675
8 0 554759
8 1 554904
8 0 555220
8 1 555295
8 0 555349
8 1 555404
79 0 555675
79 1 555753
68 0 555909
68 1 555964
73 0 556027
73 1 556092
72 0 556192
72 1 556256
78 0 556339
78 1 556414
65 0 556799
65 1 556871
190 0 557316
190 1 557385
32 0 558009
32 1 558093
16 0 558131
83 0 558337
16 1 558366
83 1 558415
69 0 558534
69 1 558593
65 0 558692
65 1 558782
82 0 558790
82 1 558856
65 0 558880
65 1 558940
32 0 571602
32 1 571687
79 0 571811
79 1 571890
32 0 571898
32 1 571998
80 0 572017
80 1 572078
69 0 572122
69 1 572225
84 0 572459
84 1 572538
82 0 572563
69 0 572601
82 1 572643
69 1 572702
67 0 572828
67 1 572880
32 0 572983
32 1 573049
65 0 573129
67 0 573242
65 1 573287
65 0 573374
83 0 573421
67 1 573448
65 1 573485
65 0 573548
83 1 573600
65 1 573653
188 0 573741
188 1 573792
32 0 573905
32 1 573970
67 0 573994
67 1 574050
85 0 574098
85 1 574164
32 0 574447
32 1 574511
70 0 574669
65 0 574724
70 1 574754
77 0 574779
65 1 574858
77 1 574877
73 0 574906
73 1 574987
76 0 575064
76 1 575155
73 0 575229
73 1 575309
65 0 575317
65 1 575388
188 0 576145
188 1 576224
32 0 576338
32 1 576418
76 0 576462
76 1 576542
85 0 576641
85 1 576731
65 0 576744
77 0 576814
65 1 576844
77 1 576903
32 0 576957
32 1 577042
67 0 577120
67 1 577191
73 0 577206
78 0 577259
73 1 577290
78 1 577345
65 0 577353
32 0 577397
65 1 577444
32 1 577478
73 0 577541
77 0 577622
73 1 577647
77 1 577746
80 0 577755
80 1 577850
82 0 577859
69 0 577899
82 1 577968
85 0 578027
69 1 578048
85 1 578127
78 0 578137
78 1 578201
65 0 578502
65 1 578597
190 0 578710
190 1 578783
16 0 590800
83 0 590997
83 1 591097
73 0 591112
16 1 591132
73 1 591176
83 0 591190
83 1 591266
84 0 591306
84 1 591395
69 0 591405
69 1 591459
77 0 591563
77 1 591617
85 0 591702
85 1 591761
76 0 591895
76 1 591955
17 0 592211
65 0 592227
17 1 592292
65 1 592311
16 0 592513
83 0 592681
16 1 592743
83 1 592787
73 0 592796
73 1 592862
83 0 592870
83 1 592941
84 0 592995
84 1 593080
69 0 593088
69 1 593144
77 0 593212
77 1 593267
85 0 593365
85 1 593432
76 0 593540
32 0 593635
76 1 593654
32 1 593735
69 0 593746
68 0 593841
69 1 593882
68 1 593907
85 0 593951
85 1 593996
67 0 594041
65 0 594080
67 1 594130
65 1 594224
84 0 595050
73 0 595116
84 1 595130
73 1 595185
79 0 595254
78 0 595343
79 1 595373
78 1 595438
65 0 595463
76 0 595526
65 1 595552
76 1 595637
32 0 595644
32 1 595745
68 0 595795
68 1 595868
78 0 595957
78 1 596032
8 0 596359
8 1 596429
73 0 596608
78 0 596681
73 1 596707
78 1 596760
32 0 596790
32 1 596886
16 0 596897
82 0 597048
16 1 597091
82 1 597142
79 0 597151
77 0 597216
79 1 597241
77 1 597330
65 0 597369
78 0 597454
65 1 597504
73 0 597571
78 1 597593
73 1 597678
65 0 597711
65 1 597796
32 0 598028
32 1 598094
69 0 598188
69 1 598272
83 0 598355
83 1 598456
84 0 598463
84 1 598514
69 0 598534
69 1 598614
188 0 598742
188 1 598821
32 0 598874
68 0 598944
32 1 598966
69 0 598993
68 1 599035
32 0 599065
69 1 599099
32 1 599143
67 0 599196
69 0 599246
67 1 599347
32 0 599355
69 1 599376
32 1 599421
69 0 599430
69 1 599515
8 0 599791
8 1 599857
8 0 599980
8 1 600021
76 0 600238
76 1 600317
69 0 600335
69 1 600431
32 0 600513
32 1 600599
77 0 600708
65 0 600781
77 1 600797
65 1 600863
73 0 600875
73 1 600967
32 0 600974
32 1 601055
77 0 601109
77 1 601178
85 0 601228
85 1 601312
76 0 601400
76 1 601506
84 0 601519
69 0 601558
84 1 601585
32 0 601605
32 1 601679
69 1 601703
79 0 601763
82 0 601852
79 1 601870
82 1 601921
73 0 601956
73 1 602015
188 0 602157
188 1 602234
32 0 602297
68 0 602331
32 1 602381
69 0 602396
68 1 602413
69 1 602507
80 0 602515
80 1 602590
65 0 602688
83 0 602863
65 1 602887
83 1 602981
73 0 603025
73 1 603105
84 0 603223
84 1 603249
190 0 604076
190 1 604145
8 0 608021
8 1 608080
188 0 608222
188 1 608308
32 0 608377
32 1 608447
68 0 608484
73 0 608544
68 1 608565
78 0 608599
73 1 608625
78 1 608684
32 0 608715
32 1 608783
80 0 608827
80 1 608907
65 0 608916
65 1 609041
67 0 609076
65 0 609133
67 1 609180
84 0 609204
65 1 609254
84 1 609294
69 0 609343
69 1 609427
190 0 609594
190 1 609655
32 0 610022
16 0 610075
32 1 610097
82 0 610309
16 1 610340
82 1 610408
65 0 610488
77 0 610556
65 1 610591
77 1 610627
65 0 610656
83 0 610739
65 1 610806
32 0 610809
83 1 610849
32 1 610899
73 0 611006
78 0 611106
73 1 611131
78 1 611196
32 0 611427
32 1 611483
85 0 611602
85 1 611687
82 0 611724
82 1 611802
77 0 611810
77 1 611874
65 0 611933
65 1 612033
188 0 614313
188 1 614362
32 0 614484
32 1 614571
85 0 614926
78 0 615031
85 1 615047
78 1 615131
32 0 615155
32 1 615245
83 0 615319
83 1 615429
73 0 615437
73 1 615508
83 0 615516
83 1 615597
84 0 615641
84 1 615716
69 0 615739
69 1 615819
77 0 615853
77 1 615928
32 0 615991
32 1 616057
86 0 616166
69 0 616235
86 1 616251
67 0 616314
69 1 616390
67 1 616424
72 0 616432
73 0 616498
72 1 616543
73 1 616623
32 0 619115
32 1 619195
67 0 619257
69 0 619326
67 1 619374
69 1 619457
32 0 619466
32 1 619536
73 0 620925
78 0 620992
73 1 621037
78 1 621118
67 0 621126
69 0 621177
67 1 621212
69 1 621276
65 0 621403
82 0 621494
65 1 621539
67 0 621586
82 1 621617
67 1 621693
65 0 621705
65 1 621826
32 0 621834
83 0 621909
32 1 621941
65 0 621983
32 0 622024
83 1 622044
32 1 622123
65 1 622142
8 0 624505
8 1 624565
8 0 624649
8 1 624728
8 0 624890
8 1 624956
67 0 625102
67 1 625169
85 0 625249
85 1 625344
32 0 625431
32 1 625512
77 0 625779
77 1 625859
65 0 626142
65 1 626250
82 0 626433
69 0 626452
82 1 626512
69 1 626577
32 0 627353
32 1 627414
71 0 627611
71 1 627637
82 0 627677
69 0 627775
82 1 627787
69 1 627909
85 0 627989
85 1 628058
84 0 628200
65 0 628226
84 1 628296
65 1 628355
84 0 628378
84 1 628470
69 0 628477
69 1 628583
32 0 628949
32 1 629024
83 0 629033
65 0 629088
83 1 629120
32 0 629127
32 1 629197
65 1 629233
83 0 629821
83 1 629882
69 0 629984
69 1 630051
32 0 630065
32 1 630154
84 0 630239
84 1 630304
79 0 630352
79 1 630417
8 0 630659
8 1 630724
8 0 630769
8 1 630813
82 0 630833
82 1 630898
79 0 631442
79 1 631497
83 0 631545
83 1 631602
84 0 631750
84 1 631810
79 0 631829
79 1 631889
71 0 631962
71 1 632032
79 0 632061
79 1 632153
76 0 632225
76 1 632290
69 0 632339
69 1 632414
65 0 632523
83 0 632610
65 1 632702
67 0 632745
65 0 632828
83 1 632850
67 1 632865
65 1 632968
188 0 633717
188 1 633772
32 0 633865
32 1 633945
71 0 634124
82 0 634153
71 1 634204
69 0 634223
82 1 634268
69 1 634357
79 0 634385
79 1 634455
73 0 634528
73 1 634604
188 0 634718
188 1 634802
32 0 634862
32 1 634941
80 0 635016
80 1 635110
65 0 635118
78 0 635172
65 1 635198
78 1 635253
65 0 635283
65 1 635372
32 0 637575
32 1 637621
73 0 637725
78 0 637779
73 1 637803
78 1 637859
32 0 637873
32 1 637983
90 0 638115
73 0 638171
90 1 638201
85 0 638229
73 1 638261
85 1 638311
65 0 638329
65 1 638424
32 0 638443
68 0 638477
32 1 638508
69 0 638552
68 1 638570
32 0 638663
69 1 638667
32 1 638706
65 0 638933
65 1 639014
90 0 639122
73 0 639205
90 1 639209
73 1 639262
190 0 639538
190 1 639603
32 0 643102
32 1 643166
16 0 643369
67 0 643840
16 1 643875
67 1 643925
69 0 644004
69 1 644099
32 0 644111
32 1 644173
69 0 644183
32 0 644247
69 1 644267
32 1 644341
66 0 644381
66 1 644470
73 0 644485
78 0 644539
73 1 644569
69 0 644632
78 1 644650
69 1 644693
188 0 644808
188 1 644877
32 0 644940
32 1 645025
8 0 645466
8 1 645541
8 0 645604
8 1 645665
32 0 645817
32 1 645903
69 0 645937
69 1 646021
32 0 647402
32 1 647499
82 0 647583
69 0 647647
82 1 647698
80 0 647718
69 1 647757
80 1 647801
69 0 647845
82 0 647867
82 1 647908
69 1 647960
90 0 648178
90 1 648318
69 0 648391
78 0 648455
69 1 648476
78 1 648530
84 0 648653
65 0 648690
84 1 648734
65 1 648799
84 0 648807
84 1 648883
8 0 649580
8 1 649626
8 0 649709
8 1 649745
8 0 649803
8 1 649854
8 0 649908
8 1 649948
8 0 650007
8 1 650057
8 0 650111
8 1 650171
8 0 650216
8 1 650270
8 0 650319
8 1 650379
8 0 650433
8 1 650488
8 0 650549
8 1 650588
8 0 650954
8 1 651028
70 0 651475
65 0 651539
70 1 651564
67 0 651598
65 1 651643
67 1 651688
85 0 651727
84 0 651816
85 1 651837
84 1 651897
32 0 651909
32 1 651971
73 0 652025
78 0 652088
73 1 652130
78 1 652174
32 0 652251
32 1 652299
71 0 652343
69 0 652417
71 1 652438
69 1 652497
78 0 652510
69 0 652575
78 1 652605
69 1 652650
82 0 652748
82 1 652831
65 0 652932
65 1 653007
76 0 653270
76 1 653345
32 0 653467
68 0 653547
32 1 653568
69 0 653606
68 1 653632
32 0 653660
69 1 653682
32 1 653736
68 0 654187
68 1 654276
65 0 654359
83 0 654475
65 1 654529
67 0 654617
83 1 654643
67 1 654717
65 0 654726
65 1 654841
76 0 654930
76 1 655014
73 0 655128
73 1 655198
32 0 655395
32 1 655470
86 0 655629
86 1 655709
69 0 655717
67 0 655797
69 1 655866
72 0 655890
67 1 655936
73 0 655956
72 1 655980
73 1 656030
188 0 656134
188 1 656228
32 0 656286
32 1 656372
67 0 656386
79 0 656450
67 1 656472
78 0 656540
79 1 656566
78 1 656645
83 0 656932
65 0 657012
83 1 657032
65 1 657147
67 0 657155
67 1 657235
82 0 657244
82 1 657335
65 0 657344
65 1 657438
84 0 657496
89 0 657512
84 1 657528
89 1 657547
8 0 658070
8 1 658137
73 0 658505
73 1 658574
188 0 658678
188 1 658767
32 0 658805
68 0 658852
32 1 658891
69 0 658915
68 1 658942
69 1 659035
68 0 659044
73 0 659178
68 1 659200
73 1 659275
67 0 659332
65 0 659377
67 1 659427
84 0 659516
65 1 659538
84 1 659591
73 0 659740
73 1 659809
32 0 660136
32 1 660210
67 0 660285
67 1 660371
79 0 660384
80 0 660459
79 1 660484
80 1 660542
73 0 660613
73 1 660677
73 0 660721
73 1 660786
76 0 660919
76 1 660989
79 0 661027
79 1 661078
82 0 661138
82 1 661188
32 0 661237
32 1 661286
83 0 661376
73 0 661444
83 1 661496
73 1 661539
32 0 661579
32 1 661633
77 0 661717
69 0 661781
77 1 661807
69 1 661871
83 0 661965
83 1 662046
69 0 662104
69 1 662179
82 0 662283
82 1 662401
73 0 662421
73 1 662506
69 0 662565
73 0 662639
69 1 662655
73 1 662718
32 0 663234
32 1 663308
76 0 663625
76 1 663681
79 0 663764
79 1 663840
82 0 663888
82 1 663968
190 0 664032
190 1 664082
8 0 667725
8 1 667765
188 0 667938
188 1 668018
32 0 668086
32 1 668168
83 0 668185
65 0 668201
83 1 668242
85 0 668296
65 1 668326
85 1 668360
32 0 668915
32 1 669013
70 0 669306
70 1 669426
8 0 669722
8 1 669798
68 0 669822
65 0 669881
68 1 669932
67 0 670065
65 1 670086
67 1 670180
65 0 670194
65 1 670313
8 0 670819
8 1 670903
8 0 670966
8 1 671057
83 0 671071
67 0 671140
83 1 671231
65 0 671239
67 1 671310
65 1 671404
76 0 671527
76 1 671607
73 0 671716
73 1 671791
32 0 672038
32 1 672114
70 0 672273
70 1 672346
79 0 672377
79 1 672451
65 0 672480
65 1 672640
82 0 672653
84 0 672723
82 1 672728
69 0 672748
84 1 672808
69 1 672827
32 0 672877
32 1 672937
84 0 672946
84 1 673021
73 0 673046
78 0 673089
73 1 673126
69 0 673161
78 1 673200
82 0 673243
73 0 673272
69 1 673314
82 1 673348
73 1 673367
188 0 673500
188 1 673536
32 0 673620
32 1 673706
68 0 673720
68 1 673814
65 0 673887
65 1 673928
8 0 674032
8 1 674107
8 0 674150
8 1 674236
67 0 674244
65 0 674285
67 1 674364
65 1 674384
82 0 674507
69 0 674546
82 1 674607
69 1 674672
32 0 675001
32 1 675044
86 0 675309
73 0 675385
86 1 675405
78 0 675444
73 1 675465
78 1 675544
32 0 675587
32 1 675664
67 0 675672
67 1 675727
85 0 675776
32 0 675844
85 1 675866
32 1 675941
73 0 675983
68 0 676044
73 1 676093
69 0 676098
68 1 676128
73 0 676196
69 1 676213
73 1 676272
32 0 676529
32 1 676624
70 0 676754
70 1 676834
79 0 676846
79 1 676927
65 0 676990
65 1 677105
82 0 677149
84 0 677228
82 1 677244
84 1 677318
69 0 677327
69 1 677387
32 0 677997
32 1 678097
66 0 678176
66 1 678262
85 0 678275
78 0 678348
85 1 678360
78 1 678440
69 0 678448
69 1 678533
188 0 678711
188 1 678791
8 0 682938
8 1 683004
190 0 683330
190 1 683371
8 0 684966
8 1 685022
188 0 685195
188 1 685275
32 0 685353
32 1 685444
68 0 685687
65 0 685805
68 1 685826
82 0 685968
65 1 685990
82 1 686063
32 0 686386
32 1 686455
85 0 686574
85 1 686669
78 0 686682
69 0 686706
78 1 686768
69 1 686812
79 0 686822
82 0 686916
79 1 686941
73 0 687029
82 1 687050
73 1 687139
32 0 687858
32 1 687937
78 0 690237
78 1 690322
85 0 690364
85 1 690471
32 0 690479
32 1 690574
83 0 690642
85 0 690696
83 1 690718
85 1 690763
8 0 690995
8 1 691050
8 0 691114
8 1 691164
8 0 691221
8 1 691249
8 0 691300
8 1 691357
8 0 691412
8 1 691466
8 0 691506
8 1 691565
8 0 691609
8 1 691670
8 0 691719
8 1 691778
8 0 691823
8 1 691878
8 0 691927
8 1 691991
8 0 692134
8 1 692189
8 0 692398
8 1 692457
78 0 692660
78 1 692735
85 0 692783
85 1 692872
32 0 692888
32 1 692976
73 0 693009
78 0 693095
73 1 693134
78 1 693215
84 0 693266
89 0 693276
84 1 693351
79 0 693351
89 1 693365
79 1 693408
89 0 693429
89 1 693487
8 0 693779
8 1 693839
8 0 693891
8 1 693934
8 0 693972
8 1 694013
79 0 694586
79 1 694663
84 0 694941
84 1 695005
68 0 695228
69 0 695298
68 1 695323
69 1 695377
65 0 695485
65 1 695566
85 0 695579
78 0 695653
85 1 695666
65 0 695746
78 1 695754
65 1 695808
32 0 695822
32 1 695908
83 0 696036
83 1 696107
85 0 696120
85 1 696201
78 0 696210
78 1 696289
84 0 696307
84 1 696349
32 0 696486
32 1 696552
73 0 696687
78 0 696745
73 1 696770
78 1 696839
67 0 696959
67 1 697008
85 0 697032
85 1 697107
82 0 697308
82 1 697400
65 0 697413
65 1 697524
74 0 697592
74 1 697623
65 0 697637
65 1 697727
84 0 697834
84 1 697905
73 0 697939
73 1 698009
32 0 698837
32 1 698937
83 0 698966
65 0 698986
83 1 699095
65 1 699129
32 0 699254
32 1 699334
67 0 699382
67 1 699443
79 0 699451
78 0 699525
79 1 699552
84 0 699594
78 1 699621
84 1 699685
73 0 699708
73 1 699819
78 0 700021
78 1 700092
85 0 700136
85 1 700225
69 0 700265
69 1 700335
32 0 700541
32 1 700630
67 0 700670
69 0 700711
67 1 700737
69 1 700815
69 0 700919
69 1 701020
65 0 701088
65 1 701212
32 0 701262
32 1 701351
67 0 701405
69 0 701464
67 1 701511
69 1 701594
32 0 701608
32 1 701698
70 0 701708
70 1 701808
65 0 701816
67 0 701934
65 1 701991
190 0 702069
67 1 702115
190 1 702144
32 0 704896
32 1 704961
16 0 705069
67 0 705233
16 1 705255
67 1 705407
69 0 705575
69 1 705635
8 0 706383
8 1 706453
8 0 706522
8 1 706591
16 0 707637
68 0 707855
16 1 707876
68 1 707936
73 0 707944
78 0 708017
73 1 708054
78 1 708114
32 0 708122
32 1 708228
80 0 708302
80 1 708401
65 0 708445
65 1 708605
86 0 708622
67 0 708639
86 1 708690
65 0 708698
67 1 708719
84 0 708792
65 1 708842
84 1 708877
69 0 708947
69 1 709007
8 0 709168
8 1 709234
8 0 709282
8 1 709324
8 0 709373
8 1 709413
8 0 709465
8 1 709522
8 0 709585
8 1 709646
67 0 710007
65 0 710061
67 1 710112
84 0 710171
65 1 710186
84 1 710220
69 0 710260
69 1 710329
32 0 710815
32 1 710900
77 0 710985
69 0 711044
77 1 711072
69 1 711107
82 0 711241
82 1 711351
73 0 711510
73 1 711550
84 0 711640
84 1 711684
79 0 712036
79 1 712111
67 0 712736
82 0 712808
67 1 712870
82 1 712923
65 0 713066
65 1 713133
8 0 713944
8 1 714010
8 0 714092
8 1 714150
8 0 714223
8 1 714282
8 0 714347
8 1 714392
8 0 714455
8 1 714510
8 0 714570
8 1 714625
8 0 714684
8 1 714734
8 0 714802
8 1 714863
8 0 716310
8 1 716379
69 0 716607
69 1 716692
32 0 716707
32 1 716776
70 0 717757
70 1 717838
79 0 717845
79 1 717921
65 0 717974
65 1 718120
82 0 718128
84 0 718162
82 1 718194
69 0 718253
84 1 718278
69 1 718337
32 0 718357
32 1 718447
71 0 718500
82 0 718517
71 1 718586
69 0 718598
82 1 718635
69 1 718724
73 0 718739
73 1 718813
32 0 718938
32 1 719007
83 0 719019
65 0 719040
83 1 719076
32 0 719086
32 1 719156
65 1 719175
8 0 719354
8 1 719403
8 0 719441
8 1 719497
8 0 719536
8 1 719587
8 0 719621
8 1 719676
8 0 719933
8 1 720035
85 0 720235
85 1 720321
32 0 720329
83 0 720414
32 1 720435
65 0 720443
83 1 720494
32 0 720526
65 1 720579
32 1 720608
83 0 720791
83 1 720920
8 0 721146
8 1 721217
73 0 721544
73 1 721649
68 0 721658
69 0 721724
68 1 721744
69 1 721813
78 0 721852
78 1 721926
84 0 722013
84 1 722095
73 0 722112
73 1 722224
70 0 722233
70 1 722318
73 0 722347
73 1 722437
32 0 722470
32 1 722546
73 0 722576
73 1 722650
8 0 722952
8 1 723016
8 0 723076
8 1 723130
67 0 723299
67 1 723378
65 0 723538
77 0 723629
65 1 723661
77 1 723715
32 0 724186
32 1 724261
68 0 724397
65 0 724474
68 1 724514
83 0 724666
65 1 724721
67 0 724777
83 1 724891
65 0 724899
67 1 724925
65 1 725040
76 0 725171
76 1 725232
73 0 725366
73 1 725416
73 0 725470
73 1 725554
32 0 725618
67 0 725674
32 1 725703
65 0 725738
67 1 725797
65 1 725835
82 0 725911
69 0 725969
82 1 726025
32 0 726076
69 1 726090
32 1 726169
83 0 726485
83 1 726556
85 0 726571
85 1 726652
78 0 726664
84 0 726715
78 1 726735
32 0 726773
84 1 726794
32 1 726884
67 0 726942
85 0 726993
67 1 727007
32 0 727074
85 1 727097
32 1 727185
65 0 727204
65 1 727334
68 0 727343
69 0 727393
68 1 727428
86 0 727493
69 1 727508
65 0 727575
86 1 727592
82 0 727686
65 1 727701
65 0 727774
82 1 727790
65 1 727879
84 0 727903
84 1 727984
32 0 728529
32 1 728602
66 0 728844
66 1 728940
85 0 728949
85 1 729019
78 0 729042
78 1 729109
73 0 729235
73 1 729341
32 0 729394
32 1 729518
83 0 729519
83 1 729574
73 0 729593
73 1 729679
32 0 729686
32 1 729782
67 0 730127
65 0 730176
67 1 730224
76 0 730262
76 1 730342
65 1 730362
73 0 730425
73 1 730520
73 0 730637
73 1 730738
8 0 731105
8 1 731170
70 0 731210
70 1 731278
73 0 731788
73 1 731859
67 0 731878
65 0 731924
67 1 731958
65 1 732042
84 0 732051
84 1 732148
73 0 732244
73 1 732325
32 0 732338
83 0 732419
32 1 732443
65 0 732477
83 1 732513
32 0 732527
65 1 732602
32 1 732622
70 0 732740
65 0 732805
70 1 732835
67 0 732953
65 1 732969
65 0 733026
67 1 733133
32 0 733142
65 1 733162
32 1 733217
67 0 733563
67 1 733648
69 0 733751
69 1 733811
69 0 733880
69 1 733961
65 0 734039
65 1 734203
32 0 734217
32 1 734303
67 0 734310
69 0 734385
67 1 734427
69 1 734506
32 0 734514
32 1 734575
70 0 734776
65 0 734835
70 1 734858
67 0 734986
65 1 735046
67 1 735110
32 0 739698
32 1 739751
83 0 739796
83 1 739879
73 0 739894
73 1 739974
32 0 740147
32 1 740254
80 0 740444
80 1 740540
82 0 740547
82 1 740643
79 0 740651
79 1 740727
66 0 740860
65 0 740920
66 1 740940
66 0 741004
65 1 741022
73 0 741097
66 1 741119
73 1 741208
76 0 741315
32 0 741370
76 1 741391
65 0 741407
32 1 741465
83 0 741490
65 1 741560
83 1 741580
84 0 741608
65 0 741653
84 1 741689
32 0 741752
65 1 741773
32 1 741868
69 0 741877
69 1 741943
32 0 741955
32 1 742041
80 0 743119
80 1 743195
82 0 743229
82 1 743319
73 0 743348
78 0 743432
73 1 743459
78 1 743528
84 0 743645
82 0 743659
84 1 743742
82 1 743756
69 0 743764
32 0 743819
69 1 743841
32 1 743925
67 0 743932
69 0 744001
76 0 744037
67 1 744054
69 1 744087
76 1 744107
69 0 744155
32 0 744220
69 1 744241
32 1 744295
77 0 744379
65 0 744429
77 1 744454
73 0 744524
65 1 744549
73 1 744628
32 0 744642
32 1 744727
77 0 744790
77 1 744886
65 0 744910
82 0 745015
65 1 745039
82 1 745100
73 0 745129
73 1 745218
32 0 745318
32 1 745412
80 0 745500
82 0 745591
80 1 745621
82 1 745649
79 0 745695
79 1 745794
66 0 745862
76 0 745926
66 1 745948
76 1 746021
69 0 746030
77 0 746119
69 1 746141
77 1 746196
69 0 746204
69 1 746294
32 0 746347
32 1 746422
65 0 746498
76 0 746590
65 1 746618
76 1 746675
69 0 746733
69 1 746789
32 0 746819
32 1 746898
83 0 747210
83 1 747285
73 0 747320
73 1 747354
83 0 747367
83 1 747443
84 0 747468
84 1 747542
69 0 747557
69 1 747632
77 0 747697
77 1 747770
85 0 747860
85 1 747929
76 0 748042
76 1 748112
85 0 748221
73 0 748315
85 1 748335
73 1 748389
190 0 748562
190 1 748627
16 0 776965
80 0 777082
16 1 777169
80 1 777183
73 0 777192
73 1 777263
67 0 777379
67 1 777466
84 0 777589
84 1 777659
85 0 777687
85 1 777777
82 0 777802
82 1 777872
65 0 777996
65 1 778075
32 0 778084
32 1 778149
82 0 778367
69 0 778416
82 1 778462
69 1 778521
80 0 778535
80 1 778615
82 0 778649
69 0 778679
82 1 778739
69 1 778818
90 0 778989
90 1 779121
73 0 779135
78 0 779239
73 1 779259
84 0 779323
78 1 779344
84 1 779419
65 0 779686
65 1 779780
32 0 779882
32 1 779953
79 0 780030
32 0 780126
79 1 780142
32 1 780226
65 0 780571
65 1 780711
8 0 780949
8 1 781023
73 0 781454
77 0 781514
73 1 781530
65 0 781562
77 1 781618
65 1 781702
71 0 781760
71 1 781857
73 0 781895
78 0 781963
73 1 781985
78 1 782059
69 0 782385
69 1 782456
32 0 784058
32 1 784140
68 0 784287
68 1 784354
73 0 784427
78 0 784533
73 1 784547
78 1 784626
32 0 784685
32 1 784765
86 0 784809
69 0 784830
86 1 784869
69 1 784963
67 0 785001
72 0 785092
67 1 785122
73 0 785190
72 1 785211
73 1 785335
77 0 785343
77 1 785420
69 0 785432
69 1 785488
188 0 786290
188 1 786395
32 0 792495
32 1 792591
80 0 793002
80 1 793121
82 0 793142
82 1 793241
79 0 793249
79 1 793344
66 0 793457
66 1 793533
65 0 793540
66 0 793617
65 1 793642
73 0 793702
66 1 793731
73 1 793820
76 0 793943
76 1 794019
32 0 794712
32 1 794797
73 0 795262
78 0 795362
73 1 795377
78 1 795460
32 0 795733
32 1 795808
85 0 795996
85 1 796066
82 0 796111
82 1 796201
77 0 796213
77 1 796288
65 0 796317
32 0 796406
65 1 796429
32 1 796482
67 0 797553
85 0 797621
67 1 797642
85 1 797732
32 0 797740
86 0 797834
32 1 797856
82 0 797914
86 1 798001
69 0 798007
82 1 798029
69 1 798123
79 0 798811
79 1 798882
32 0 800947
32 1 801033
50 0 801189
50 1 801265
48 0 801343
48 1 801410
48 0 801464
48 1 801509
48 0 801547
48 1 801617
32 0 801751
68 0 801815
32 1 801835
69 0 801874
68 1 801894
32 0 801949
69 1 801965
32 1 802019
65 0 802056
78 0 802132
65 1 802172
73 0 802226
78 1 802247
73 1 802331
190 0 802582
190 1 802644
32 0 809064
32 1 809152
16 0 809162
78 0 809310
16 1 809380
78 1 809400
85 0 809429
85 1 809540
32 0 809547
83 0 809613
32 1 809638
83 1 809713
84 0 809722
73 0 809787
84 1 809807
85 0 809855
73 1 809881
85 1 809936
32 0 810047
32 1 810123
85 0 810202
78 0 810271
85 1 810288
68 0 810350
78 1 810371
69 0 810424
68 1 810462
69 1 810525
32 0 810535
32 1 810639
83 0 810693
83 1 810788
69 0 810821
69 1 810912
32 0 810921
32 1 810992
80 0 811343
80 1 811418
69 0 811442
69 1 811527
84 0 811595
82 0 811701
84 1 811734
69 0 811743
82 1 811805
67 0 811813
69 1 811859
67 1 811888
69 0 811934
69 1 812017
32 0 812562
32 1 812642
83 0 813489
83 1 813574
67 0 813582
67 1 813658
69 0 813731
69 1 813812
78 0 813821
78 1 813891
65 0 813914
65 1 814010
188 0 814069
188 1 814138
32 0 814188
32 1 814262
80 0 814713
80 1 814779
65 0 814800
65 1 814877
82 0 814976
69 0 815039
82 1 815070
32 0 815095
69 1 815139
32 1 815179
65 0 815263
32 0 815308
65 1 815355
32 1 815382
70 0 815981
70 1 816052
73 0 816067
73 1 816146
32 0 816224
32 1 816300
86 0 816536
82 0 816588
86 1 816671
69 0 816680
82 1 816710
85 0 816759
69 1 816805
85 1 816855
78 0 816864
78 1 816968
32 0 817182
32 1 817256
84 0 817528
69 0 817565
84 1 817602
77 0 817642
69 1 817717
77 1 817736
80 0 817765
76 0 817881
80 1 817901
76 1 817950
85 0 818113
85 1 818182
32 0 819362
32 1 819451
83 0 819475
65 0 819488
83 1 819530
85 0 819594
65 1 819619
85 1 819694
32 0 819702
32 1 819808
66 0 820027
73 0 820118
66 1 820138
83 0 820199
73 1 820227
83 1 820261
69 0 820356
82 0 820425
69 1 820459
82 1 820495
73 0 820526
73 1 820605
67 0 820679
65 0 820739
67 1 820793
65 1 820871
190 0 820978
190 1 821061
32 0 828062
32 1 828126
16 0 828334
77 0 828442
77 1 828518
16 1 828538
73 0 828558
73 1 828637
189 0 828734
69 0 828800
189 1 828820
69 1 828874
32 0 828914
32 1 828988
68 0 829024
79 0 829063
68 1 829102
79 1 829191
65 0 829240
65 1 829366
82 0 829375
84 0 829434
82 1 829460
69 0 829532
84 1 829560
69 1 829602
32 0 829938
32 1 830019
8 0 830341
8 1 830387
8 0 830439
8 1 830485
8 0 830533
8 1 830588
8 0 830621
8 1 830677
8 0 830744
8 1 830776
8 0 830820
8 1 830870
8 0 831202
8 1 831267
70 0 831523
70 1 831579
79 0 831642
79 1 831703
65 0 831766
65 1 831881
82 0 831906
84 0 831960
82 1 831983
69 0 832024
84 1 832069
69 1 832110
32 0 832133
32 1 832213
71 0 832271
82 0 832288
71 1 832354
69 0 832369
82 1 832422
69 1 832496
85 0 832514
85 1 832624
32 0 832659
83 0 832742
32 1 832759
65 0 832773
83 1 832828
32 0 832845
65 1 832887
32 1 832936
83 0 832971
83 1 833045
80 0 833080
80 1 833155
85 0 833307
85 1 833413
78 0 833422
78 1 833501
32 0 834843
32 1 834928
67 0 835176
67 1 835230
85 0 835280
85 1 835381
77 0 835388
77 1 835458
32 0 835516
32 1 835591
84 0 835646
82 0 835707
84 1 835734
82 1 835775
65 0 835897
73 0 835987
65 1 836016
73 1 836062
65 0 836073
65 1 836157
85 0 836175
85 1 836251
32 0 836419
32 1 836493
65 0 836524
65 1 836592
84 0 836730
85 0 836838
84 1 836843
78 0 836894
85 1 836911
78 1 836989
67 0 836998
67 1 837099
73 0 837107
73 1 837172
32 0 837523
32 1 837598
79 0 837699
65 0 837747
79 1 837787
65 1 837846
77 0 837869
69 0 837941
77 1 837961
69 1 838025
78 0 838089
78 1 838168
73 0 838202
73 1 838267
73 0 838321
73 1 838387
190 0 839105
190 1 839174
190 0 839212
190 1 839283
190 0 839322
190 1 839392
16 0 839442
67 0 839658
16 1 839695
67 1 839769
72 0 839784
73 0 839848
72 1 839864
65 0 839893
73 1 839928
82 0 839982
65 1 840026
82 1 840076
32 0 840094
32 1 840165
68 0 840208
65 0 840313
68 1 840337
65 1 840433
67 0 840441
65 0 840511
67 1 840567
32 0 840591
65 1 840641
32 1 840675
73 0 840809
78 0 840877
73 1 840918
78 1 840998
67 0 841007
69 0 841056
67 1 841103
69 1 841140
82 0 841200
82 1 841299
67 0 841379
65 0 841479
67 1 841513
77 0 841542
65 1 841606
77 1 841626
32 0 841685
83 0 841749
32 1 841771
65 0 841783
83 1 841844
32 0 841854
65 1 841904
32 1 841933
78 0 842027
78 1 842112
69 0 842121
69 1 842206
32 0 842210
32 1 842285
73 0 842493
78 0 842611
73 1 842634
78 1 842721
67 0 842760
67 1 842830
72 0 842873
73 0 842939
72 1 842995
73 1 843033
80 0 843301
80 1 843375
85 0 843777
85 1 843860
73 0 843978
73 1 844063
77 0 844267
77 1 844336
188 0 844693
188 1 844743
32 0 845087
32 1 845154
67 0 845352
82 0 845450
82 1 845536
69 0 845549
67 1 845561
68 0 845629
69 1 845655
68 1 845739
32 0 845747
32 1 845814
67 0 845826
65 0 845880
32 0 845912
67 1 845937
32 1 845981
65 1 846010
71 0 846556
82 0 846590
71 1 846653
69 0 846664
82 1 846688
69 1 846747
83 0 846832
73 0 846893
83 1 846922
77 0 846990
73 1 847016
77 1 847089
32 0 847261
32 1 847348
77 0 847463
77 1 847531
85 0 847640
85 1 847694
76 0 847854
76 1 847922
84 0 847964
84 1 848017
188 0 848340
188 1 848414
32 0 848487
32 1 848548
77 0 848617
65 0 848667
77 1 848681
73 0 848745
65 1 848761
73 1 848841
65 0 848850
32 0 848867
32 1 848924
65 1 848989
76 0 848999
76 1 849073
69 0 849094
69 1 849172
83 0 849284
83 1 849320
8 0 849534
8 1 849589
8 0 849671
8 1 849683
8 0 849722
8 1 849772
8 0 849816
8 1 849881
8 0 849921
8 1 849975
32 0 850232
32 1 850307
65 0 850347
76 0 850431
65 1 850455
76 1 850552
69 0 850571
69 1 850624
83 0 850724
83 1 850784
32 0 850858
32 1 850927
80 0 851448
80 1 851527
82 0 851551
82 1 851630
73 0 851645
78 0 851734
73 1 851764
78 1 851824
32 0 851895
32 1 851973
70 0 852126
73 0 852185
70 1 852206
73 1 852255
76 0 852349
77 0 852457
76 1 852461
69 0 852482
77 1 852513
69 1 852588
76 0 852626
76 1 852672
69 0 852684
69 1 852751
32 0 853213
32 1 853286
67 0 853301
69 0 853354
67 1 853401
32 0 853416
69 1 853460
32 1 853480
73 0 853552
78 0 853619
73 1 853648
67 0 853682
78 1 853708
69 0 853743
67 1 853793
69 1 853837
65 0 853921
65 1 854015
82 0 854029
67 0 854104
82 1 854128
67 1 854198
65 0 854208
65 1 854292
32 0 854345
32 1 854421
83 0 854476
83 1 854555
65 0 854720
65 1 854803
32 0 854888
32 1 854961
82 0 855079
69 0 855124
82 1 855150
69 1 855239
68 0 855262
69 0 855317
68 1 855344
69 1 855417
65 0 855545
65 1 855611
32 0 855834
32 1 855913
65 0 855958
65 1 856037
84 0 856210
84 1 856285
77 0 856646
79 0 856735
77 1 856756
79 1 856810
83 0 856984
83 1 857048
70 0 857091
70 1 857167
69 0 857225
69 1 857300
82 0 857359
82 1 857445
65 0 857484
65 1 857539
32 0 858409
32 1 858481
68 0 858669
69 0 858703
68 1 858755
69 1 858823
32 0 858842
32 1 858923
65 0 858931
67 0 859004
65 1 859076
85 0 859096
67 1 859130
85 1 859204
77 0 859275
77 1 859314
32 0 859723
32 1 859803
77 0 859909
77 1 859972
85 0 860042
85 1 860125
76 0 860239
76 1 860344
84 0 860345
84 1 860408
73 0 860425
73 1 860531
32 0 860544
32 1 860646
65 0 860670
78 0 860751
65 1 860776
73 0 860840
78 1 860864
73 1 860934
188 0 861468
188 1 861540
32 0 861674
32 1 861758
68 0 861833
65 0 861916
68 1 861941
82 0 862043
65 1 862065
82 1 862129
32 0 862233
32 1 862323
67 0 862331
69 0 862382
67 1 862423
32 0 862473
69 1 862492
32 1 862546
83 0 862745
65 0 862838
83 1 862865
65 1 862957
32 0 863320
32 1 863394
86 0 863592
69 0 863652
86 1 863717
69 1 863745
90 0 863880
73 0 863933
90 1 863959
73 1 864003
188 0 864087
188 1 864186
32 0 864642
32 1 864712
86 0 865370
86 1 865441
79 0 865449
79 1 865515
82 0 865558
82 1 865649
66 0 865663
66 1 865753
69 0 865788
69 1 865867
83 0 866011
67 0 866064
83 1 866105
67 1 866165
32 0 866174
32 1 866253
73 0 866348
78 0 866426
73 1 866443
78 1 866512
32 0 866545
32 1 866626
69 0 866665
69 1 866735
78 0 866743
78 1 866828
71 0 866887
71 1 866973
76 0 867021
76 1 867107
69 0 867136
69 1 867206
90 0 867408
90 1 867478
65 0 867585
65 1 867656
188 0 867671
188 1 867746
68 0 867845
69 0 867974
68 1 868019
69 1 868113
32 0 868153
32 1 868206
69 0 868279
69 1 868355
8 0 868708
8 1 868763
8 0 868797
8 1 868841
8 0 868880
8 1 868935
8 0 868990
8 1 869045
32 0 869282
32 1 869367
68 0 869455
69 0 869516
68 1 869536
32 0 869648
69 1 869667
32 1 869734
69 0 869747
69 1 869837
88 0 869951
88 1 870031
69 0 870140
69 1 870210
77 0 870229
77 1 870323
80 0 870357
76 0 870466
80 1 870497
76 1 870551
85 0 870664
85 1 870716
32 0 870834
32 1 870919
83 0 870948
83 1 870988
73 0 871042
73 1 871126
32 0 871186
32 1 871276
83 0 871513
83 1 871563
84 0 871765
82 0 871805
84 1 871846
82 1 871906
73 0 871915
73 1 871984
67 0 872048
65 0 872093
67 1 872133
32 0 872186
65 1 872208
32 1 872268
84 0 872503
84 1 872549
79 0 872578
79 1 872648
65 0 872752
65 1 872862
65 0 872965
65 1 873015
8 0 874047
8 1 874139
84 0 874240
84 1 874320
65 0 874452
32 0 874522
65 1 874558
32 1 874597
73 0 874683
77 0 874765
73 1 874782
77 1 874860
65 0 874924
65 1 875028
71 0 875173
71 1 875252
73 0 875777
78 0 875855
73 1 875886
78 1 875977
69 0 876227
65 0 876351
69 1 876377
65 1 876500
190 0 876525
190 1 876583
32 0 876793
32 1 876863
16 0 876871
73 0 877014
16 1 877056
73 1 877111
77 0 877119
77 1 877204
73 0 877218
73 1 877329
32 0 877361
32 1 877472
73 0 877579
77 0 877634
73 1 877681
77 1 877755
65 0 877857
65 1 877888
71 0 878017
71 1 878136
73 0 878137
78 0 878159
73 1 878197
69 0 878250
78 1 878266
69 1 878349
32 0 878611
32 1 878682
8 0 878949
8 1 879014
90 0 879074
90 1 879123
32 0 879191
32 1 879262
67 0 879270
65 0 879315
67 1 879351
32 0 879365
32 1 879445
65 1 879464
79 0 879595
65 0 879666
79 1 879670
65 1 879758
77 0 879767
69 0 879825
77 1 879857
69 1 879935
78 0 879964
78 1 880030
73 0 880069
73 1 880135
73 0 880189
73 1 880273
32 0 880356
32 1 880424
69 0 880516
82 0 880613
69 1 880704
82 1 880722
65 0 880788
85 0 880882
65 1 880901
85 1 880972
32 0 881001
32 1 881100
77 0 881165
77 1 881235
85 0 881306
85 1 881363
76 0 881479
76 1 881579
84 0 881580
84 1 881647
32 0 881660
32 1 881726
77 0 881798
77 1 881869
65 0 881878
73 0 881932
65 1 881968
73 1 882041
32 0 882041
32 1 882140
80 0 882186
82 0 882250
80 1 882305
69 0 882325
82 1 882355
69 1 882440
79 0 882448
79 1 882508
67 0 882796
67 1 882873
85 0 882885
85 1 882955
80 0 883079
65 0 883142
80 1 883158
65 1 883247
73 0 883426
73 1 883518
8 0 883822
8 1 883887
84 0 884046
84 1 884113
73 0 884139
32 0 884229
73 1 884249
68 0 884328
32 1 884365
69 0 884366
68 1 884384
32 0 884416
69 1 884433
32 1 884497
86 0 884780
73 0 884860
86 1 884874
73 1 884942
65 0 884976
65 1 885088
84 0 885089
84 1 885146
65 0 885171
65 1 885226
32 0 887957
32 1 888047
83 0 888328
83 1 888395
80 0 888424
80 1 888528
73 0 888548
73 1 888668
82 0 888676
82 1 888752
73 0 888767
73 1 888850
84 0 888965
84 1 889030
85 0 889060
85 1 889133
65 0 889232
65 1 889347
76 0 889355
76 1 889406
65 0 889448
65 1 889530
188 0 889773
188 1 889852
32 0 890487
32 1 890591
80 0 890774
79 0 890827
80 1 890863
79 1 890913
65 0 890947
65 1 891056
84 0 891075
69 0 891133
84 1 891175
69 1 891232
32 0 891253
32 1 891329
67 0 891433
67 1 891518
72 0 891588
73 0 891647
72 1 891671
65 0 891711
73 1 891741
82 0 891843
65 1 891865
82 1 891953
32 0 892147
32 1 892206
82 0 892271
69 0 892340
82 1 892375
69 1 892470
76 0 892513
76 1 892593
73 0 892727
73 1 892832
71 0 893212
71 1 893297
73 0 893386
73 1 893461
79 0 893569
79 1 893649
83 0 893733
83 1 893782
32 0 894275
32 1 894358
86 0 894432
86 1 894507
79 0 894515
79 1 894590
82 0 894609
66 0 894738
82 1 894814
73 0 894876
66 1 894880
78 0 894988
73 1 895009
78 1 895071
68 0 895558
68 1 895627
190 0 897262
190 1 897366
32 0 899098
32 1 899180
16 0 899203
77 0 899298
77 1 899354
16 1 899373
73 0 899402
73 1 899482
189 0 899586
189 1 899645
65 0 899660
65 1 899790
82 0 899819
32 0 899896
82 1 899924
32 1 899967
80 0 900037
76 0 900105
80 1 900146
76 1 900216
67 0 900225
69 0 900341
67 1 900420
65 0 900444
69 1 900485
65 1 900567
32 0 900629
32 1 900711
83 0 900750
83 1 900815
73 0 900830
73 1 900945
32 0 900953
32 1 901018
37 0 901555
37 1 901640
37 0 901693
37 1 901762
37 0 901813
37 1 901866
37 0 901906
37 1 901967
37 0 902021
37 1 902082
37 0 902126
37 1 902194
37 0 902259
37 1 902317
65 0 902356
65 1 902431
39 0 902447
39 1 902532
39 0 902562
39 1 902620
39 0 902670
39 1 902726
39 0 902769
39 1 902830
39 0 902873
39 1 902927
39 0 902979
39 1 903050
32 0 903366
32 1 903437
77 0 903522
77 1 903606
73 0 903614
73 1 903695
69 0 903718
69 1 903794
32 0 903812
32 1 903908
83 0 903944
65 0 903996
83 1 904037
32 0 904072
65 1 904112
32 1 904141
83 0 904179
83 1 904280
84 0 904414
73 0 904482
84 1 904513
85 0 904601
73 1 904632
85 1 904706
32 0 904919
32 1 905008
67 0 905053
67 1 905137
85 0 905147
85 1 905276
77 0 905296
77 1 905341
32 0 905404
32 1 905499
73 0 905587
73 1 905727
83 0 905890
83 1 905965
73 0 906015
73 1 906074
32 0 906246
32 1 906316
80 0 906429
80 1 906500
69 0 906550
69 1 906629
84 0 906727
82 0 906782
84 1 906803
69 0 906837
82 1 906902
67 0 906946
69 1 906974
67 1 907032
69 0 907039
69 1 907145
65 0 907272
65 1 907357
85 0 907401
85 1 907456
32 0 908222
32 1 908299
79 0 908433
79 1 908527
32 0 908536
32 1 908622
90 0 908631
90 1 908710
73 0 908731
73 1 908820
32 0 908835
32 1 908914
79 0 909016
79 1 909122
66 0 909131
66 1 909197
73 0 909243
73 1 909330
83 0 909359
78 0 909413
83 1 909442
78 1 909531
85 0 909536
85 1 909612
73 0 909672
73 1 909752
84 0 909760
84 1 909826
65 0 910012
65 1 910108
190 0 910128
190 1 910163
190 0 910213
190 1 910277
190 0 910315
190 1 910379
16 0 913894
83 0 914241
16 1 914297
83 1 914337
65 0 914451
65 1 914505
189 0 914525
189 1 914609
77 0 914846
77 1 914942
73 0 915048
73 1 915135
32 0 915288
32 1 915377
83 0 915461
80 0 915530
83 1 915552
80 1 915606
85 0 915754
78 0 915809
85 1 915848
78 1 915919
65 0 915927
32 0 916026
65 1 916054
32 1 916102
83 0 916125
83 1 916216
73 0 916230
73 1 916345
32 0 916353
32 1 916418
77 0 916512
73 0 916600
77 1 916642
69 0 916701
73 1 916735
69 1 916786
32 0 916855
32 1 916930
67 0 916944
73 0 917059
67 1 917073
78 0 917137
73 1 917167
78 1 917242
69 0 917796
69 1 917901
32 0 917909
32 1 917980
83 0 918059
83 1 918148
84 0 918253
84 1 918348
73 0 918359
73 1 918431
69 0 918446
69 1 918520
