86 0 62321
86 1 62356
82 0 62533
82 1 62550
69 0 62725
69 1 62741
77 0 62824
77 1 62840
69 0 62941
69 1 62955
65 0 63215
65 1 63232
32 0 63308
32 1 63332
69 0 63517
69 1 63538
83 0 63849
83 1 63865
84 0 64000
84 1 64019
69 0 64150
69 1 64168
32 0 64250
32 1 64274
77 0 64466
77 1 64487
79 0 64625
79 1 64641
72 0 64816
72 1 64833
79 0 65016
79 1 65035
82 0 65091
82 1 65109
65 0 65308
65 1 65324
84 0 65399
84 1 65416
65 0 65533
65 1 65550
32 0 65602
32 1 65622
83 0 69458
83 1 69487
73 0 69581
73 1 69599
32 0 69807
32 1 69835
84 0 70676
84 1 70704
82 0 70866
82 1 70885
73 0 70990
73 1 71009
83 0 71108
83 1 71126
84 0 71232
84 1 71252
65 0 71348
65 1 71366
190 0 71907
190 1 71928
32 0 72048
32 1 72129
80 0 72374
80 1 72413
76 0 72565
76 1 72584
79 0 73349
79 1 73368
85 0 73816
85 1 73835
65 0 73956
65 1 73976
32 0 74024
32 1 74051
73 0 74240
73 1 74262
78 0 74416
78 1 74434
67 0 74824
67 1 74843
78 0 75158
78 1 75176
84 0 75389
84 1 75409
73 0 75482
73 1 75500
78 0 75673
78 1 75693
85 0 75891
85 1 75909
85 0 76057
85 1 76075
32 0 76251
32 1 76279
83 0 81018
83 1 81044
73 0 81088
73 1 81104
32 0 81306
32 1 81340
69 0 81423
69 1 81450
32 0 81522
32 1 81548
70 0 81655
70 1 81676
79 0 81764
79 1 81780
65 0 81905
65 1 81924
82 0 82056
82 1 82075
84 0 82223
84 1 82243
69 0 82389
69 1 82408
32 0 82473
32 1 82500
70 0 82623
70 1 82647
69 0 82815
69 1 82833
73 0 82923
73 1 82942
71 0 83190
71 1 83211
32 0 83273
32 1 83298
77 0 91147
77 1 91184
65 0 91299
65 1 91320
32 0 91353
32 1 91372
84 0 91662
84 1 91677
82 0 91845
82 1 91861
69 0 92037
69 1 92055
90 0 92321
90 1 92332
69 0 92564
69 1 92575
83 0 92746
83 1 92756
67 0 92838
67 1 92852
32 0 92996
32 1 93012
76 0 93236
76 1 93249
65 0 93353
65 1 93366
32 0 93478
32 1 93506
49 0 94082
49 1 94095
49 0 94288
49 1 94304
32 0 94369
32 1 94411
66 0 96272
66 1 96293
69 0 96421
69 1 96435
65 0 96637
65 1 96648
85 0 96693
85 1 96698
32 0 96900
32 1 96921
67 0 97073
67 1 97093
65 0 97160
65 1 97170
70 0 97287
70 1 97302
69 0 97419
69 1 97425
65 0 97652
65 1 97667
85 0 97762
85 1 97772
65 0 97878
65 1 97892
32 0 97987
32 1 98003
86 0 100080
86 1 100100
8 0 100677
8 1 100701
83 0 101438
83 1 101462
73 0 101505
73 1 101519
32 0 101713
32 1 101735
86 0 101904
86 1 101924
82 0 102038
82 1 102053
69 0 102212
69 1 102226
65 0 102425
65 1 102446
85 0 102494
85 1 102507
32 0 102684
32 1 102705
83 0 102754
83 1 102773
65 0 102958
65 1 102974
32 0 103037
32 1 103059
83 0 103187
83 1 103206
84 0 103305
84 1 103321
65 0 103420
65 1 103436
85 0 103494
85 1 103507
32 0 103703
32 1 103723
68 0 104461
68 1 104482
79 0 104587
79 1 104599
65 0 104703
65 1 104717
82 0 104929
82 1 104942
32 0 105029
32 1 105052
73 0 105262
73 1 105282
78 0 105420
78 1 105433
32 0 105603
32 1 105626
67 0 106104
67 1 106126
65 0 106245
65 1 106260
83 0 106454
83 1 106469
65 0 106679
65 1 106698
32 0 106737
32 1 106757
83 0 107129
83 1 107151
65 0 107324
65 1 107342
32 0 107404
32 1 107429
77 0 107629
77 1 107649
65 0 107770
65 1 107787
32 0 107863
32 1 107887
82 0 108146
82 1 108166
69 0 108337
69 1 108352
76 0 108487
76 1 108504
65 0 108637
65 1 108653
90 0 108938
90 1 108955
8 0 109314
8 1 109335
88 0 109520
88 1 109536
69 0 109778
69 1 109793
83 0 110030
83 1 110045
32 0 110112
32 1 110133
8 0 113087
8 1 113132
190 0 115072
190 1 115096
32 0 115186
32 1 115232
80 0 115896
80 1 115943
69 0 116011
69 1 116027
32 0 116153
32 1 116179
83 0 116278
83 1 116301
69 0 116461
69 1 116476
65 0 116661
65 1 116678
82 0 116769
82 1 116784
65 0 116902
65 1 116918
32 0 116994
32 1 117015
77 0 117603
77 1 117624
65 0 117771
65 1 117793
32 0 117829
32 1 117853
73 0 118037
73 1 118057
78 0 118203
78 1 118219
84 0 118437
84 1 118454
65 0 118552
65 1 118568
76 0 118677
76 1 118694
78 0 118861
78 1 118876
69 0 118937
69 1 118950
83 0 119153
83 1 119168
67 0 119228
67 1 119242
32 0 119402
32 1 119425
67 0 119611
67 1 119629
85 0 119656
85 1 119666
32 0 119836
32 1 119860
80 0 120094
80 1 120114
82 0 120273
82 1 120291
73 0 120344
73 1 120360
69 0 120519
69 1 120534
84 0 120703
84 1 120718
69 0 120835
69 1 120849
78 0 120986
78 1 121002
73 0 121202
73 1 121218
73 0 121345
73 1 121359
32 0 121553
32 1 121578
83 0 122328
83 1 122350
73 0 122402
73 1 122417
32 0 122661
32 1 122693
77 0 123445
77 1 123469
69 0 123594
69 1 123610
82 0 123762
82 1 123778
71 0 123869
71 1 123885
69 0 124036
69 1 124051
77 0 124144
77 1 124160
32 0 124344
32 1 124370
83 0 124437
83 1 124455
65 0 124656
65 1 124676
32 0 124710
32 1 124737
66 0 124927
66 1 124950
69 0 125078
69 1 125093
77 0 125211
77 1 125227
32 0 125386
32 1 125412
67 0 126903
67 1 126928
69 0 127041
69 1 127065
86 0 127126
86 1 127140
65 0 127306
65 1 127322
32 0 127352
32 1 127377
76 0 127595
76 1 127619
65 0 127693
65 1 127706
32 0 127786
32 1 127810
66 0 128310
66 1 128331
65 0 128452
65 1 128469
82 0 128778
82 1 128793
85 0 129127
85 1 129143
76 0 129336
76 1 129351
32 0 129544
32 1 129572
68 0 129686
68 1 129707
73 0 129760
73 1 129773
78 0 129927
78 1 129940
32 0 130110
32 1 130133
67 0 130477
67 1 130496
69 0 130603
69 1 130624
32 0 130685
32 1 130706
84 0 130844
84 1 130865
82 0 131035
82 1 131051
85 0 131135
85 1 131149
8 0 132550
8 1 132574
8 0 132688
8 1 132709
8 0 132844
8 1 132867
8 0 133020
8 1 133054
78 0 134180
78 1 134197
84 0 134494
84 1 134512
82 0 134652
82 1 134668
85 0 134744
85 1 134760
32 0 134951
32 1 134980
83 0 150189
83 1 150227
69 0 150426
69 1 150441
32 0 150519
32 1 150542
80 0 150751
80 1 150771
85 0 150950
85 1 150964
78 0 151135
78 1 151152
69 0 151260
69 1 151278
32 0 151342
32 1 151367
80 0 151726
80 1 151746
82 0 151876
82 1 151892
69 0 152059
69 1 152076
65 0 152351
65 1 152371
32 0 152434
32 1 152458
77 0 153150
77 1 153172
85 0 153376
85 1 153392
76 0 153642
76 1 153660
84 0 156092
84 1 156115
65 0 156392
65 1 156409
32 0 156451
32 1 156471
80 0 156751
80 1 156764
82 0 156833
82 1 156848
69 0 157018
69 1 157037
65 0 157250
65 1 157272
79 0 157334
79 1 157348
85 0 157510
85 1 157530
78 0 157692
78 1 157712
69 0 157860
69 1 157886
32 0 157926
32 1 157946
80 0 158658
80 1 158681
69 0 158783
69 1 158799
32 0 158901
32 1 158927
67 0 159559
67 1 159582
79 0 159683
79 1 159699
80 0 159919
80 1 159935
73 0 160192
73 1 160211
73 0 160351
73 1 160369
32 0 160576
32 1 160604
83 0 160842
83 1 160864
73 0 160927
73 1 160943
32 0 161117
32 1 161145
80 0 161610
80 1 161638
69 0 161725
69 1 161744
32 0 161826
32 1 161852
78 0 162001
78 1 162024
79 0 162209
79 1 162228
84 0 162342
84 1 162362
69 0 162584
69 1 162605
76 0 162731
76 1 162758
69 0 162825
69 1 162845
32 0 162992
32 1 163025
80 0 163425
80 1 163454
69 0 163517
69 1 163535
32 0 163626
32 1 163653
67 0 163843
67 1 163871
65 0 163926
65 1 163941
82 0 164208
82 1 164228
69 0 164389
69 1 164412
32 0 164432
32 1 164454
76 0 164650
76 1 164673
69 0 164792
69 1 164811
32 0 164859
32 1 164878
73 0 165092
73 1 165116
65 0 165199
65 1 165214
85 0 165309
85 1 165328
190 0 165816
190 1 165838
32 0 165933
32 1 165993
84 0 166567
84 1 166611
79 0 166682
79 1 166701
84 0 166816
84 1 166836
32 0 166891
32 1 166915
67 0 167100
67 1 167124
69 0 167209
69 1 167228
32 0 167317
32 1 167346
83 0 167651
83 1 167674
69 0 167849
69 1 167866
32 0 167949
32 1 167978
73 0 168167
73 1 168191
78 0 168317
78 1 168336
84 0 168543
84 1 168578
65 0 168641
65 1 168662
77 0 168750
77 1 168766
80 0 168942
80 1 168961
76 0 169083
76 1 169101
65 0 169225
65 1 169246
32 0 169301
32 1 169325
69 0 170116
69 1 170141
83 0 170324
83 1 170343
84 0 170417
84 1 170435
69 0 170575
69 1 170606
32 0 170650
32 1 170673
83 0 172441
83 1 172466
65 0 172621
65 1 172644
32 0 172674
32 1 172695
70 0 172883
70 1 172914
65 0 172974
65 1 172993
67 0 173049
67 1 173066
65 0 173170
65 1 173190
32 0 173232
32 1 173260
67 0 173725
67 1 173756
79 0 173815
79 1 173832
80 0 174040
80 1 174060
73 0 174200
73 1 174219
76 0 174423
76 1 174443
85 0 174608
85 1 174628
76 0 174783
76 1 174802
32 0 174990
32 1 175020
65 0 175183
65 1 175215
78 0 175232
78 1 175245
88 0 175589
88 1 175606
73 0 175699
73 1 175719
79 0 175866
79 1 175887
83 0 175982
83 1 175999
32 0 176099
32 1 176129
83 0 176283
83 1 176308
73 0 176458
73 1 176478
32 0 176708
32 1 176737
78 0 178717
78 1 178747
85 0 178916
85 1 178934
32 0 179098
32 1 179128
83 0 180383
83 1 180413
69 0 180615
69 1 180634
32 0 180749
32 1 180778
222 0 183365
222 1 183398
73 0 184150
73 1 184179
78 0 184365
78 1 184384
86 0 184591
86 1 184611
65 0 184690
65 1 184707
84 0 184799
84 1 184816
65 0 184898
65 1 184914
222 0 185973
222 1 186002
32 0 186209
32 1 186258
67 0 187000
67 1 187034
73 0 187072
73 1 187089
32 0 187282
32 1 187311
83 0 187423
83 1 187448
69 0 187657
69 1 187676
32 0 187790
32 1 187822
84 0 191009
84 1 191041
79 0 191098
79 1 191115
67 0 191407
67 1 191426
69 0 191532
69 1 191551
84 0 191848
84 1 191871
69 0 192024
69 1 192046
32 0 192099
32 1 192121
8 0 193122
8 1 193170
8 0 193309
8 1 193327
8 0 193469
8 1 193482
8 0 193646
8 1 193666
8 0 193797
8 1 193815
8 0 193944
8 1 193963
8 0 194502
8 1 194527
79 0 195182
79 1 195204
67 0 195506
67 1 195525
69 0 195740
69 1 195760
83 0 195998
83 1 196017
84 0 196215
84 1 196234
69 0 196365
69 1 196383
32 0 197566
32 1 197604
8 0 198834
8 1 198858
190 0 199849
190 1 199875
32 0 199957
32 1 200005
68 0 200757
68 1 200803
73 0 200880
73 1 200898
78 0 201063
78 1 201082
32 0 201246
32 1 201276
80 0 201456
80 1 201481
85 0 201640
85 1 201657
78 0 201831
78 1 201850
67 0 201971
67 1 201992
84 0 202198
84 1 202217
85 0 202372
85 1 202392
76 0 202563
76 1 202581
32 0 202756
32 1 202789
77 0 202948
77 1 202973
69 0 203063
69 1 203078
85 0 203606
85 1 203625
32 0 203823
32 1 203858
68 0 203955
68 1 203980
69 0 204152
69 1 204175
32 0 204221
32 1 204250
86 0 204413
86 1 204439
69 0 204514
69 1 204532
68 0 204722
68 1 204742
69 0 204914
69 1 204933
82 0 205130
82 1 205150
69 0 205313
69 1 205332
32 0 205422
32 1 205456
80 0 209908
80 1 209938
82 0 210040
82 1 210064
79 0 210113
79 1 210125
70 0 210397
70 1 210414
69 0 210531
69 1 210550
79 0 210998
79 1 211017
82 0 211188
82 1 211210
73 0 211330
73 1 211349
73 0 211480
73 1 211499
32 0 211763
32 1 211794
65 0 212647
65 1 212678
82 0 212897
82 1 212916
32 0 213005
32 1 213036
84 0 213330
84 1 213356
82 0 213522
82 1 213540
69 0 213714
69 1 213749
66 0 213797
66 1 213814
85 0 214014
85 1 214033
73 0 214171
73 1 214189
32 0 214401
32 1 214442
83 0 214470
83 1 214485
65 0 214684
65 1 214709
32 0 214745
32 1 214774
65 0 214913
65 1 214938
73 0 215020
73 1 215039
66 0 215629
66 1 215648
69 0 215805
69 1 215826
32 0 215888
32 1 215910
83 0 219405
83 1 219436
65 0 219638
65 1 219660
76 0 219763
76 1 219780
65 0 219886
65 1 219902
82 0 220171
82 1 220190
73 0 220313
73 1 220330
73 0 220429
73 1 220448
32 0 220680
32 1 220713
77 0 220979
77 1 221011
65 0 221114
65 1 221142
73 0 221180
73 1 221196
32 0 221395
32 1 221426
77 0 221611
77 1 221643
65 0 221737
65 1 221755
82 0 221988
82 1 222010
73 0 222078
73 1 222094
32 0 222289
32 1 222327
83 0 222394
83 1 222410
73 0 222486
73 1 222497
32 0 222687
32 1 222726
83 0 222803
83 1 222829
65 0 223028
65 1 223047
32 0 223136
32 1 223167
70 0 223304
70 1 223336
73 0 223411
73 1 223428
69 0 223537
69 1 223558
32 0 223630
32 1 223659
77 0 223821
77 1 223848
65 0 223967
65 1 223993
73 0 224029
73 1 224045
32 0 224229
32 1 224260
67 0 224447
67 1 224479
79 0 224504
79 1 224517
77 0 224687
77 1 224707
80 0 224906
80 1 224925
69 0 225021
69 1 225041
78 0 225120
78 1 225138
8 0 225478
8 1 225501
84 0 226071
84 1 226090
69 0 226295
69 1 226314
78 0 226428
78 1 226446
84 0 226596
84 1 226614
73 0 226713
73 1 226731
190 0 227422
190 1 227453
32 0 227573
32 1 227632
8 0 228561
8 1 228619
8 0 228767
8 1 228795
76 0 228987
76 1 229007
8 0 229578
8 1 229601
8 0 229762
8 1 229782
73 0 230629
73 1 230652
32 0 230837
32 1 230871
8 0 231953
8 1 231978
190 0 232813
190 1 232839
32 0 232913
32 1 232959
85 0 265259
85 1 265297
78 0 265474
78 1 265494
73 0 265750
73 1 265762
73 0 265899
73 1 265910
32 0 266125
32 1 266148
83 0 266300
83 1 266313
69 0 266542
69 1 266556
32 0 266684
32 1 266704
80 0 267091
80 1 267108
76 0 267266
76 1 267279
73 0 267458
73 1 267472
67 0 267593
67 1 267606
84 0 268016
84 1 268029
73 0 268142
73 1 268155
83 0 268325
83 1 268338
69 0 268525
69 1 268538
83 0 268725
83 1 268738
67 0 268882
67 1 268893
32 0 269092
32 1 269115
65 0 269284
65 1 269305
76 0 269600
76 1 269616
84 0 269817
84 1 269834
73 0 269968
73 1 269985
73 0 270159
73 1 270175
32 0 270385
32 1 270417
67 0 271191
67 1 271215
73 0 271383
73 1 271401
84 0 271584
84 1 271603
69 0 271768
69 1 271787
83 0 272009
83 1 272033
67 0 272084
67 1 272100
32 0 272275
32 1 272303
65 0 285559
65 1 285580
76 0 286051
76 1 286067
84 0 286917
84 1 286939
73 0 287116
73 1 287135
73 0 287267
73 1 287286
32 0 287483
32 1 287510
83 0 287641
83 1 287665
69 0 287849
69 1 287865
32 0 287925
32 1 287949
67 0 288316
67 1 288344
69 0 288400
69 1 288415
65 0 288631
65 1 288649
82 0 288740
82 1 288757
84 0 288924
84 1 288942
65 0 289057
65 1 289075
190 0 289742
190 1 289764
32 0 289875
32 1 289930
79 0 291774
79 1 291818
32 0 291991
32 1 292018
86 0 292799
86 1 292832
73 0 292874
73 1 292888
65 0 293050
65 1 293079
84 0 293107
84 1 293123
65 0 293269
65 1 293289
32 0 293315
32 1 293333
83 0 293906
83 1 293931
73 0 294008
73 1 294025
77 0 294214
77 1 294235
80 0 294391
80 1 294409
76 0 294549
76 1 294570
65 0 294715
65 1 294738
32 0 294774
32 1 294791
68 0 295948
68 1 295972
65 0 296189
65 1 296208
82 0 296283
82 1 296303
32 0 296723
32 1 296752
85 0 298775
85 1 298805
78 0 298989
78 1 299011
68 0 299114
68 1 299132
69 0 299332
69 1 299353
32 0 299423
32 1 299451
79 0 300089
79 1 300115
65 0 300247
65 1 300266
77 0 300558
77 1 300590
69 0 300666
69 1 300689
78 0 300756
78 1 300775
73 0 300966
73 1 300986
73 0 301106
73 1 301125
32 0 301332
32 1 301365
69 0 301898
69 1 301924
82 0 302098
82 1 302117
65 0 302322
65 1 302342
85 0 302424
85 1 302444
32 0 302632
32 1 302665
77 0 303516
77 1 303552
65 0 303632
65 1 303662
73 0 303706
73 1 303722
32 0 303907
32 1 303935
71 0 304539
71 1 304565
82 0 304773
82 1 304792
73 0 304865
73 1 304886
74 0 305201
74 1 305220
85 0 305399
85 1 305419
76 0 305635
76 1 305655
73 0 305873
73 1 305892
73 0 306015
73 1 306037
32 0 306233
32 1 306268
85 0 306800
85 1 306828
78 0 307140
78 1 307160
73 0 307400
73 1 307422
73 0 307589
73 1 307603
32 0 307832
32 1 307873
67 0 307989
67 1 308012
85 0 308073
85 1 308088
32 0 308265
32 1 308296
67 0 309241
67 1 309270
69 0 309348
69 1 309368
73 0 309497
73 1 309516
76 0 309732
76 1 309753
65 0 309869
65 1 309894
76 0 309947
76 1 309967
84 0 310183
84 1 310202
73 0 310307
73 1 310326
190 0 311331
190 1 311359
32 0 311457
32 1 311506
