16 0 55993
86 0 56183
16 1 56213
86 1 56325
82 0 56453
69 0 56511
82 1 56609
69 1 56612
8 0 56916
8 1 57023
69 0 57583
69 1 57775
77 0 57831
77 1 57898
65 0 57912
65 1 58093
8 0 58473
8 1 58563
69 0 58820
69 1 59000
65 0 59001
65 1 59120
32 0 59175
32 1 59247
65 0 60235
65 1 60391
83 0 60414
32 0 60527
83 1 60530
32 1 60606
70 0 60687
79 0 60825
70 1 60828
79 1 60899
83 0 60929
83 1 61074
84 0 61141
32 0 61196
32 1 61262
84 1 61265
73 0 61424
85 0 61426
73 1 61482
85 1 61486
8 0 61921
8 1 62017
8 0 62103
8 1 62178
67 0 63488
65 0 63617
67 1 63652
77 0 63696
77 1 63782
65 1 63788
32 0 63889
32 1 63956
82 0 63957
82 1 64096
69 0 64171
69 1 64241
67 0 64363
67 1 64481
69 0 64570
69 1 64686
32 0 64733
32 1 64807
73 0 65132
73 1 65226
78 0 65317
78 1 65412
32 0 65497
32 1 65557
85 0 65714
85 1 65800
76 0 65914
84 0 65946
76 1 66000
84 1 66108
73 0 66125
73 1 66197
77 0 66309
77 1 66378
65 0 66401
65 1 66547
32 0 66571
32 1 66641
86 0 66980
86 1 67043
82 0 67093
82 1 67225
69 0 67303
77 0 67402
69 1 67419
77 1 67457
69 0 67535
69 1 67583
8 0 67900
8 1 67970
69 0 68415
69 1 68557
188 0 68799
188 1 68875
32 0 69017
32 1 69077
65 0 69152
65 1 69296
83 0 69335
83 1 69430
84 0 69622
84 1 69690
65 0 69772
65 1 69900
90 0 70050
90 1 70173
73 0 70575
73 1 70650
32 0 70821
32 1 70883
68 0 70978
68 1 71128
69 0 71211
32 0 71259
69 1 71304
32 1 71316
68 0 71432
73 0 71563
68 1 71565
73 1 71625
77 0 71745
77 1 71812
73 0 71930
73 1 72012
78 0 72124
78 1 72194
69 0 72473
65 0 72639
69 1 72682
65 1 72801
84 0 72856
84 1 72922
65 0 72935
65 1 73101
32 0 73125
32 1 73189
67 0 73269
65 0 73378
67 1 73412
78 0 73535
65 1 73540
78 1 73608
68 0 73638
68 1 73782
32 0 73852
32 1 73927
77 0 74359
77 1 74427
73 0 74549
73 1 74601
189 0 74787
189 1 74883
65 0 74954
77 0 75118
65 1 75120
77 1 75161
32 0 75289
32 1 75336
32 0 75353
32 1 75427
76 0 75916
76 1 76009
85 0 76274
85 1 76338
65 0 76376
65 1 76497
84 0 76537
32 0 76689
84 1 76693
32 1 76747
67 0 77306
67 1 77461
65 0 77461
65 1 77586
70 0 77729
70 1 77864
69 0 77957
69 1 78118
65 0 78118
85 0 78165
65 1 78204
85 1 78244
65 0 78335
65 1 78474
32 0 78663
32 1 78777
85 0 78995
85 1 79084
8 0 79405
8 1 79463
73 0 79630
73 1 79717
78 0 79837
78 1 79907
32 0 80009
32 1 80092
16 0 80243
85 0 80482
85 1 80585
16 1 80687
78 0 80712
78 1 80795
73 0 80917
73 1 80987
82 0 81005
82 1 81171
73 0 81246
73 1 81321
73 0 81408
73 1 81469
32 0 81529
32 1 81630
65 0 83830
85 0 83981
65 1 84015
85 1 84065
32 0 84188
32 1 84253
70 0 84459
79 0 84580
70 1 84630
79 1 84657
83 0 84983
83 1 85123
84 0 85245
84 1 85340
32 0 85379
32 1 85503
189 0 87744
189 1 87819
49 0 88029
49 1 88169
32 0 88229
32 1 88290
71 0 89094
71 1 89156
82 0 89206
82 1 89384
65 0 89407
65 1 89548
68 0 89571
68 1 89710
69 0 89787
69 1 89901
32 0 89923
32 1 90013
68 0 90325
68 1 90491
65 0 90491
65 1 90634
82 0 90660
82 1 90809
32 0 90922
32 1 90993
83 0 91033
83 1 91189
80 0 91280
80 1 91362
82 0 91447
82 1 91605
69 0 91682
69 1 91817
32 0 91862
32 1 91959
80 0 94792
80 1 94874
82 0 94895
82 1 95073
65 0 95073
65 1 95219
78 0 95233
78 1 95300
90 0 95394
90 1 95536
32 0 95601
32 1 95660
65 0 95742
65 1 95915
32 0 95954
32 1 96029
70 0 96451
79 0 96582
70 1 96601
79 1 96663
83 0 96685
83 1 96815
84 0 96856
32 0 96942
84 1 96981
32 1 97006
77 0 97128
77 1 97199
65 0 97213
73 0 97322
73 1 97398
65 1 97401
32 0 97525
32 1 97572
67 0 97590
65 0 97685
67 1 97723
76 0 97787
76 1 97837
65 1 97868
68 0 97918
32 0 98090
68 1 98094
32 1 98182
8 0 98598
8 1 98669
190 0 99063
190 1 99123
32 0 99240
32 1 99304
16 0 99466
86 0 99531
16 1 99614
86 1 99687
82 0 100171
82 1 100377
77 0 100446
77 1 100515
69 0 100516
69 1 100688
65 0 100711
65 1 100877
32 0 100891
32 1 101007
80 0 102766
80 1 102824
69 0 102827
69 1 102947
82 0 103025
82 1 103141
70 0 103172
70 1 103255
69 0 103256
69 1 103379
67 0 103391
67 1 103454
84 0 103588
84 1 103651
32 0 103829
32 1 103895
8 0 105190
8 1 105313
8 0 105404
8 1 105475
65 0 105556
65 1 105725
8 0 106140
8 1 106239
84 0 106355
84 1 106504
65 0 106564
65 1 106686
32 0 106704
32 1 106773
80 0 106925
80 1 107007
69 0 107052
69 1 107209
78 0 107351
78 1 107416
84 0 107462
84 1 107595
82 0 107675
85 0 107744
82 1 107796
85 1 107826
32 0 107945
32 1 108019
77 0 108133
77 1 108194
73 0 108311
73 1 108392
78 0 108513
78 1 108572
69 0 108574
69 1 108700
32 0 108761
32 1 108831
65 0 109054
65 1 109207
82 0 109218
82 1 109373
32 0 109413
32 1 109479
70 0 109824
73 0 109885
73 1 109968
70 1 109975
32 0 110118
32 1 110180
68 0 110182
68 1 110295
69 0 110357
32 0 110378
32 1 110444
69 1 110463
50 0 110889
50 1 110992
53 0 111181
53 1 111309
32 0 111349
32 1 111427
68 0 111510
68 1 111633
69 0 111723
32 0 111804
69 1 111848
32 1 111883
71 0 112140
71 1 112214
82 0 112255
82 1 112437
65 0 112437
65 1 112543
68 0 112576
68 1 112717
69 0 112800
32 0 112876
32 1 112935
69 1 112939
68 0 113653
65 0 113800
68 1 113833
65 1 113966
67 0 114004
65 0 114145
67 1 114162
32 0 114216
65 1 114263
32 1 114283
65 0 114394
65 1 114532
83 0 114578
83 1 114698
32 0 114719
32 1 114793
70 0 115365
73 0 115473
70 1 115514
73 1 115552
32 0 115682
32 1 115738
76 0 116011
76 1 116087
65 0 116119
32 0 116230
32 1 116295
65 1 116299
77 0 116421
77 1 116477
65 0 116520
65 1 116650
82 0 116672
82 1 116790
69 0 116879
69 1 116998
32 0 117039
32 1 117098
83 0 117362
73 0 117518
83 1 117520
73 1 117596
32 0 117723
32 1 117785
56 0 118090
56 1 118163
32 0 118335
32 1 118418
8 0 119019
8 1 119135
8 0 119219
8 1 119306
8 0 119392
8 1 119457
32 0 119831
32 1 119970
52 0 120374
32 0 120518
52 1 120528
32 1 120571
71 0 120777
71 1 120846
82 0 120847
82 1 121001
65 0 121027
65 1 121167
68 0 121219
68 1 121367
69 0 121448
32 0 121583
69 1 121584
32 1 121673
68 0 122332
68 1 122512
65 0 122515
65 1 122640
67 0 122658
65 0 122797
67 1 122839
32 0 122907
65 1 122927
32 1 122973
65 0 123070
65 1 123188
83 0 123206
83 1 123332
70 0 123405
70 1 123563
73 0 123599
73 1 123681
32 0 123811
32 1 123876
8 0 124182
8 1 124292
8 0 124383
8 1 124468
8 0 124537
8 1 124598
32 0 124645
32 1 124778
68 0 124923
68 1 125108
73 0 125144
73 1 125243
32 0 125374
32 1 125437
8 0 125623
8 1 125718
8 0 125811
8 1 125882
8 0 125972
8 1 126037
70 0 126525
73 0 126709
70 1 126711
73 1 126794
32 0 126911
32 1 126977
76 0 127111
65 0 127148
76 1 127180
32 0 127312
65 1 127318
32 1 127387
77 0 127512
77 1 127588
85 0 127707
85 1 127786
78 0 127904
78 1 127965
84 0 128076
84 1 128216
69 0 128316
69 1 128428
32 0 128846
32 1 128927
188 0 129314
188 1 129379
32 0 129505
32 1 129564
66 0 129808
66 1 129873
8 0 130349
8 1 130460
8 0 130551
8 1 130637
8 0 130731
8 1 130809
188 0 131803
188 1 131870
32 0 131986
32 1 132044
66 0 132237
66 1 132304
73 0 132444
73 1 132511
78 0 132635
78 1 132703
69 0 132706
78 0 132840
69 1 132866
78 1 132891
84 0 133361
84 1 133520
76 0 133735
76 1 133816
69 0 133820
69 1 133956
83 0 133993
83 1 134140
32 0 134220
32 1 134326
8 0 134698
8 1 134801
8 0 134902
8 1 134977
8 0 135071
8 1 135135
69 0 135558
69 1 135706
8 0 136050
8 1 136142
8 0 136240
8 1 136311
69 0 136565
69 1 136702
76 0 137220
69 0 137235
76 1 137300
69 1 137383
65 0 137430
83 0 137542
65 1 137564
32 0 137661
83 1 137667
32 1 137722
67 0 137860
85 0 137974
67 1 138007
85 1 138042
32 0 138197
32 1 138252
8 0 138987
8 1 139075
8 0 139176
8 1 139247
8 0 139333
8 1 139408
8 0 139496
8 1 139569
8 0 139657
8 1 139737
8 0 140147
8 1 140207
83 0 140307
83 1 140452
32 0 140467
32 1 140585
67 0 140804
85 0 140963
67 1 140963
85 1 141026
32 0 141158
32 1 141221
83 0 141261
79 0 141411
83 1 141414
65 0 141415
79 1 141433
65 1 141544
82 0 141575
82 1 141704
69 0 141784
69 1 141922
32 0 141936
32 1 142029
8 0 142566
8 1 142663
190 0 142931
190 1 142997
32 0 143148
32 1 143197
16 0 144573
16 1 144747
90 0 144750
90 1 144942
73 0 144963
73 1 145043
76 0 145177
76 1 145239
69 0 145261
69 1 145417
76 0 145475
76 1 145533
69 0 145549
69 1 145691
8 0 145896
8 1 145994
8 0 146091
8 1 146179
8 0 146263
8 1 146338
8 0 146424
8 1 146498
8 0 146585
8 1 146666
8 0 146759
8 1 146825
16 0 147181
16 1 147492
88 0 147547
88 1 147691
8 0 147953
8 1 148059
16 0 148368
16 1 148631
90 0 148633
90 1 148820
73 0 148872
73 1 148954
76 0 149085
76 1 149164
69 0 149191
76 0 149337
69 1 149341
76 1 149395
69 0 149443
69 1 149567
32 0 149690
32 1 149765
84 0 150096
84 1 150181
82 0 150291
82 1 150346
69 0 150383
69 1 150536
67 0 150589
67 1 150644
85 0 150970
85 1 151043
84 0 151086
84 1 151201
69 0 151302
69 1 151439
8 0 151551
8 0 152049
8 0 152080
8 0 152110
8 0 152141
8 0 152171
8 0 152202
8 0 152232
8 0 152262
8 0 152292
8 0 152324
8 0 152354
8 0 152383
8 1 152398
8 0 152765
8 1 152839
16 0 153198
83 0 153528
16 1 153632
65 0 153688
83 1 153723
65 1 153811
80 0 153876
80 1 153946
84 0 154067
84 1 154250
8 0 154449
8 1 154555
8 0 154649
8 1 154723
8 0 154823
8 1 154900
8 0 155209
8 1 155277
76 0 155939
76 1 155991
8 0 156440
8 1 156537
16 0 156763
76 0 156942
16 1 156977
76 1 157046
85 0 157200
85 1 157289
78 0 157390
65 0 157442
78 1 157477
32 0 157597
65 1 157601
32 1 157672
68 0 157798
68 1 157935
8 0 158150
8 1 158249
84 0 158534
84 1 158619
82 0 158710
82 1 158781
69 0 158782
67 0 158873
69 1 158932
67 1 158946
85 0 159204
85 1 159280
84 0 159280
84 1 159419
65 0 159500
32 0 159603
65 1 159630
32 1 159680
65 0 159803
65 1 159967
32 0 159998
32 1 160079
70 0 160371
70 1 160548
79 0 160594
83 0 160650
79 1 160686
83 1 160770
84 0 160846
32 0 160879
32 1 160958
84 1 160959
79 0 161897
79 1 161975
32 0 162112
32 1 162175
86 0 162570
86 1 162720
82 0 162833
82 1 163014
69 0 163094
69 1 163232
77 0 163264
77 1 163344
69 0 163362
69 1 163494
32 0 163575
32 1 163656
83 0 164100
83 1 164267
85 0 164287
85 1 164344
80 0 164558
69 0 164603
80 1 164618
69 1 164723
82 0 164793
82 1 164933
66 0 165102
66 1 165171
65 0 165201
65 1 165371
32 0 165430
32 1 165504
84 0 167215
73 0 167372
84 1 167410
73 1 167454
78 0 167576
78 1 167644
65 0 167664
78 0 167819
65 1 167839
78 1 167881
70 0 167977
70 1 168137
32 0 168220
32 1 168286
8 0 168577
8 1 168664
8 0 168749
8 1 168825
68 0 168866
68 1 169036
32 0 169072
32 1 169142
67 0 169568
79 0 169729
67 1 169734
79 1 169811
78 0 169933
78 1 170009
84 0 170029
32 0 170145
84 1 170173
32 1 170213
68 0 170368
68 1 170497
69 0 170575
32 0 170636
32 1 170707
69 1 170709
76 0 170832
76 1 170893
85 0 171278
85 1 171361
78 0 171462
65 0 171512
78 1 171550
32 0 171657
65 1 171687
32 1 171730
73 0 171858
73 1 171933
78 0 172053
78 1 172131
32 0 172227
32 1 172310
67 0 172353
65 0 172454
67 1 172510
65 1 172619
82 0 172667
82 1 172823
69 0 172904
69 1 173028
32 0 173095
32 1 173162
78 0 173501
78 1 173584
69 0 173585
32 0 173702
69 1 173731
32 1 173763
65 0 173868
65 1 174014
70 0 174035
76 0 174157
70 1 174198
76 1 174231
65 0 174307
77 0 174473
65 1 174476
77 1 174544
32 0 174661
32 1 174771
190 0 175569
190 1 175642
8 0 175866
8 1 175939
188 0 176113
188 1 176211
32 0 176339
32 1 176398
65 0 177744
77 0 177829
77 1 177906
65 1 177921
32 0 178027
32 1 178088
80 0 178997
80 1 179086
82 0 179118
82 1 179295
65 0 179322
78 0 179403
65 1 179407
78 1 179456
90 0 179532
90 1 179695
73 0 179711
73 1 179774
84 0 179820
32 0 179977
84 1 179981
32 1 180046
73 0 180203
73 1 180285
78 0 180426
78 1 180491
32 0 180624
32 1 180698
70 0 181316
73 0 181467
70 1 181472
73 1 181534
69 0 181620
69 1 181764
67 0 181882
65 0 182024
67 1 182043
82 0 182174
65 1 182176
82 1 182221
69 0 182267
69 1 182402
32 0 182493
32 1 182568
90 0 183166
73 0 183308
90 1 183349
73 1 183394
32 0 183523
32 1 183588
73 0 183706
73 1 183780
32 0 183903
78 0 183923
32 1 183967
78 1 183970
32 0 184085
32 1 184156
8 0 184508
8 1 184589
8 0 184683
8 1 184762
8 0 184847
8 1 184930
8 0 185004
8 1 185039
73 0 185642
73 1 185721
78 0 185838
78 1 185907
32 0 186008
32 1 186075
85 0 186217
85 1 186281
78 0 186389
78 1 186455
73 0 186603
73 1 186630
82 0 187087
82 1 187234
73 0 187318
73 1 187410
73 0 187499
73 1 187565
32 0 187727
32 1 187784
188 0 188295
188 1 188348
32 0 188575
32 1 188648
65 0 188704
80 0 188882
65 1 188884
80 1 188947
79 0 189056
79 1 189128
73 0 189258
73 1 189320
32 0 189447
32 1 189511
67 0 189523
65 0 189672
67 1 189718
65 1 189854
68 0 189930
65 0 190089
68 1 190136
65 1 190157
8 0 190339
8 1 190435
8 0 190516
8 1 190586
70 0 190879
70 1 191018
69 0 191110
69 1 191276
65 0 191279
32 0 191361
65 1 191382
32 1 191481
188 0 191988
188 1 192061
32 0 192184
32 1 192246
65 0 192264
80 0 192408
65 1 192446
80 1 192493
79 0 192624
79 1 192685
73 0 192847
73 1 192907
32 0 193049
32 1 193113
76 0 193241
76 1 193314
65 0 193402
65 1 193573
32 0 193621
32 1 193684
80 0 194161
80 1 194246
76 0 194367
65 0 194368
76 1 194427
65 1 194558
78 0 194670
78 1 194732
84 0 194813
84 1 194911
65 0 194973
84 0 195115
65 1 195119
73 0 195220
84 1 195250
73 1 195280
69 0 195374
69 1 195507
32 0 195568
32 1 195625
67 0 195927
65 0 196068
67 1 196099
65 1 196230
32 0 196286
32 1 196364
84 0 196670
79 0 196847
84 1 196852
79 1 196909
84 0 196952
84 1 197090
32 0 197120
32 1 197185
67 0 197471
67 1 197629
79 0 197683
79 1 197756
82 0 198120
82 1 198283
80 0 198355
80 1 198433
79 0 198561
79 1 198617
82 0 198711
82 1 198890
65 0 198915
65 1 199019
84 0 199082
84 1 199203
73 0 199263
73 1 199355
83 0 199436
83 1 199588
84 0 200245
85 0 200383
84 1 200403
85 1 200451
76 0 200616
76 1 200681
32 0 200873
32 1 200919
8 0 201313
8 1 201401
190 0 202158
190 1 202227
32 0 209885
32 1 209943
16 0 210702
83 0 210789
16 1 210863
83 1 210965
80 0 211643
80 1 211716
69 0 211747
69 1 211860
82 0 211921
32 0 212017
82 1 212032
32 1 212080
83 0 212151
65 0 212254
83 1 212302
65 1 212378
32 0 212408
32 1 212469
86 0 212860
73 0 213006
86 1 213030
73 1 213096
78 0 213207
78 1 213267
65 0 213341
32 0 213471
65 1 213501
32 1 213558
78 0 213982
78 1 214051
73 0 214185
73 1 214269
78 0 214370
78 1 214440
83 0 214511
83 1 214683
79 0 214693
79 1 214745
82 0 214826
73 0 214981
82 1 214986
73 1 215048
76 0 215168
76 1 215223
69 0 215268
32 0 215411
69 1 215415
32 1 215521
83 0 215881
73 0 216006
83 1 216042
73 1 216078
32 0 216208
32 1 216264
73 0 216421
73 1 216477
78 0 216590
78 1 216678
32 0 216767
32 1 216845
16 0 216956
84 0 216982
16 1 217060
84 1 217148
73 0 217181
73 1 217231
77 0 217352
77 1 217431
73 0 217549
73 1 217609
83 0 217634
83 1 217806
79 0 217871
65 0 217891
79 1 217923
65 1 217997
82 0 218060
82 1 218178
65 0 218214
65 1 218396
32 0 218439
32 1 218507
83 0 218656
65 0 218765
83 1 218821
32 0 218899
65 1 218903
32 1 218967
86 0 219180
86 1 219245
69 0 219246
69 1 219396
68 0 219512
68 1 219631
69 0 219711
77 0 219811
69 1 219832
77 1 219878
32 0 220005
32 1 220063
67 0 220216
65 0 220373
67 1 220392
65 1 220545
8 0 221494
8 1 221584
85 0 221754
85 1 221827
77 0 221969
77 1 222051
32 0 222157
32 1 222216
83 0 222248
83 1 222404
69 0 222456
32 0 222594
69 1 222595
32 1 222635
68 0 223064
68 1 223226
69 0 223333
69 1 223484
83 0 223514
83 1 223718
67 0 223874
67 1 224016
85 0 224123
85 1 224172
82 0 224209
82 1 224378
65 0 224406
65 1 224545
67 0 224631
65 0 224784
67 1 224814
65 1 224925
8 0 225179
8 1 225272
8 0 225358
8 1 225465
8 0 225581
8 1 225683
67 0 225803
65 0 225940
67 1 225978
65 1 226101
32 0 226160
32 1 226298
78 0 226516
78 1 226592
79 0 226699
79 1 226780
85 0 226906
85 1 226975
65 0 226991
32 0 227124
65 1 227154
32 1 227175
65 0 227753
65 1 227906
68 0 227923
77 0 228073
68 1 228077
77 1 228142
73 0 228246
73 1 228326
78 0 228431
78 1 228509
73 0 228625
73 1 228683
83 0 228755
83 1 228915
84 0 229195
84 1 229342
82 0 229440
82 1 229612
65 0 229626
65 1 229752
84 0 229765
84 1 229907
73 0 229967
73 1 230029
69 0 230054
32 0 230196
69 1 230198
32 1 230285
8 0 230487
8 1 230580
190 0 231209
190 1 231270
16 0 242810
79 0 243041
16 1 243078
79 1 243124
32 0 243260
32 1 243323
90 0 243374
73 0 243525
90 1 243546
73 1 243601
32 0 243743
32 1 243800
73 0 244486
73 1 244560
68 0 244617
68 1 244765
69 0 244838
69 1 244991
65 0 244998
76 0 245071
65 1 245107
76 1 245137
65 0 245234
65 1 245362
32 0 245416
32 1 245490
80 0 246375
80 1 246458
69 0 246498
69 1 246664
78 0 246725
78 1 246794
84 0 246891
84 1 247037
82 0 247122
85 0 247252
82 1 247255
85 1 247316
32 0 247452
32 1 247506
77 0 247625
77 1 247686
73 0 247804
73 1 247877
78 0 247994
78 1 248057
69 0 248072
69 1 248234
32 0 248302
32 1 248411
65 0 248615
65 1 248830
82 0 248959
82 1 249042
69 0 249140
69 1 249242
8 0 249484
8 1 249569
8 0 249667
8 1 249723
82 0 250385
82 1 250526
32 0 250572
32 1 250639
70 0 250773
70 1 250953
73 0 250964
73 1 251046
32 0 251201
32 1 251257
8 0 251946
8 1 252042
8 0 252149
8 1 252222
8 0 252318
8 1 252394
73 0 253010
73 1 253079
78 0 253190
78 1 253258
67 0 253328
67 1 253476
69 0 253577
80 0 253672
69 1 253693
80 1 253748
69 0 253829
32 0 253953
69 1 253968
32 1 254041
76 0 254182
76 1 254243
65 0 254257
65 1 254430
32 0 254441
32 1 254502
79 0 254917
79 1 254989
82 0 254990
82 1 255156
65 0 255158
32 0 255232
32 1 255305
65 1 255308
56 0 256116
56 1 256194
32 0 256340
32 1 256402
67 0 256869
85 0 257003
67 1 257034
85 1 257076
32 0 257204
32 1 257262
85 0 257408
85 1 257484
78 0 257603
78 1 257676
32 0 257783
32 1 257849
77 0 257969
77 1 258037
73 0 258140
73 1 258191
67 0 258271
67 1 258426
68 0 259226
68 1 259377
69 0 259464
74 0 259575
69 1 259605
74 1 259630
85 0 259752
85 1 259817
78 0 259915
78 1 259996
32 0 260110
32 1 260176
8 0 260388
8 1 260448
8 0 260565
8 1 260631
8 0 260717
8 1 260787
8 0 260874
8 1 260948
8 0 261027
8 1 261110
8 0 261388
8 1 261470
32 0 261550
32 1 261702
69 0 262040
69 1 262173
8 0 262398
8 1 262492
68 0 262972
68 1 263122
69 0 263192
74 0 263252
74 1 263328
69 1 263333
85 0 263412
85 1 263495
78 0 263588
78 1 263673
32 0 263748
32 1 263827
83 0 263862
65 0 263968
83 1 264046
65 1 264118
78 0 264148
78 1 264205
65 0 264253
65 1 264395
84 0 264456
79 0 264600
84 1 264604
79 1 264652
83 0 264735
32 0 264883
83 1 264884
32 1 264991
188 0 265807
188 1 265880
32 0 266019
32 1 266063
8 0 268323
8 1 268430
8 0 268528
8 1 268598
8 0 268694
8 1 268757
32 0 269298
32 1 269371
16 0 269636
57 0 269920
57 1 270008
48 0 270096
16 1 270121
48 1 270162
37 0 270495
37 1 270624
83 0 270823
83 1 270975
69 0 271058
77 0 271203
69 1 271205
77 1 271275
73 0 271372
73 1 271438
78 0 271560
84 0 271561
78 1 271621
84 1 271689
69 0 271792
69 1 271919
32 0 272010
32 1 272085
68 0 272131
68 1 272249
69 0 272337
32 0 272440
69 1 272443
32 1 272504
67 0 272654
67 1 272817
72 0 272873
72 1 272953
73 0 273076
73 1 273136
65 0 273136
65 1 273298
188 0 273925
188 1 273986
32 0 274106
32 1 274161
66 0 274430
66 1 274489
65 0 274566
78 0 274730
65 1 274733
78 1 274778
65 0 274905
65 1 275058
78 0 275076
78 1 275146
68 0 275372
68 1 275543
8 0 275766
8 1 275861
69 0 276075
69 1 276236
32 0 276443
32 1 276515
188 0 276993
188 1 277060
32 0 277170
32 1 277234
85 0 277383
85 1 277455
78 0 277554
84 0 277615
78 1 277646
32 0 277744
84 1 277748
32 1 277814
68 0 277906
68 1 278015
69 0 278100
32 0 278142
32 1 278216
69 1 278219
65 0 278313
65 1 278474
82 0 278487
82 1 278679
65 0 278682
72 0 278804
65 1 278823
72 1 278884
73 0 279008
73 1 279075
68 0 279100
68 1 279244
69 0 279307
32 0 279462
69 1 279464
32 1 279553
188 0 281413
188 1 281488
32 0 281602
32 1 281672
70 0 281784
70 1 281950
82 0 282053
85 0 282207
82 1 282228
85 1 282273
67 0 282344
67 1 282489
84 0 282601
84 1 282735
69 0 282831
32 0 282978
69 1 282982
32 1 283089
68 0 284751
68 1 284905
69 0 285003
32 0 285070
32 1 285149
69 1 285151
80 0 285340
80 1 285424
65 0 285426
65 1 285585
68 0 285605
85 0 285769
68 1 285773
85 1 285838
82 0 285865
82 1 285991
69 0 286071
69 1 286204
32 0 286282
32 1 286378
39 0 286680
39 1 286780
190 0 288839
190 1 288915
32 0 289042
32 1 289126
65 0 289234
16 0 289274
16 1 289425
65 1 289448
80 0 289521
80 1 289609
79 0 289726
79 1 289788
73 0 289921
73 1 289990
8 0 290234
8 1 290329
8 0 290420
8 1 290488
8 0 290580
8 1 290652
8 0 290714
8 1 290786
16 0 291002
65 0 291103
16 1 291175
65 1 291294
80 0 291320
80 1 291410
79 0 291503
79 1 291564
73 0 291685
73 1 291756
32 0 291926
32 1 291974
77 0 292325
77 1 292393
69 0 292395
69 1 292514
82 0 292587
71 0 292716
82 1 292720
71 1 292781
32 0 292934
32 1 293006
76 0 293223
76 1 293300
65 0 293476
65 1 293681
32 0 293963
32 1 294016
83 0 294154
65 0 294270
83 1 294332
65 1 294400
76 0 294431
76 1 294489
65 0 294539
65 1 294684
32 0 294771
32 1 294836
80 0 296398
80 1 296472
69 0 296499
32 0 296650
69 1 296666
32 1 296726
76 0 296883
76 1 296941
65 0 297027
65 1 297210
32 0 297256
32 1 297317
79 0 297904
79 1 297976
82 0 298017
82 1 298192
65 0 298227
32 0 298318
65 1 298360
32 1 298379
49 0 298617
49 1 298776
48 0 298789
48 1 298851
16 0 299076
186 0 299214
16 1 299257
186 1 299306
51 0 299490
51 1 299637
48 0 299690
48 1 299748
13 0 299914
13 1 299974
8 0 300505
8 1 300596
190 0 301309
190 1 301380
32 0 301514
32 1 301575
16 0 301746
76 0 301940
16 1 301961
65 0 301963
76 1 302010
65 1 302137
32 0 302155
32 1 302200
49 0 302385
49 1 302535
50 0 302606
50 1 302733
32 0 302800
32 1 302857
68 0 303328
68 1 303492
85 0 303532
85 1 303608
83 0 303609
72 0 303787
83 1 303791
72 1 303868
32 0 303977
32 1 304053
83 0 304122
73 0 304273
83 1 304275
73 1 304322
32 0 304474
32 1 304521
73 0 305017
73 1 305077
69 0 305077
69 1 305193
83 0 305229
73 0 305361
83 1 305378
73 1 305416
84 0 305479
32 0 305605
84 1 305607
32 1 305670
76 0 306675
76 1 306756
65 0 306798
32 0 306900
32 1 306966
65 1 306968
80 0 307376
80 1 307450
82 0 307497
82 1 307675
65 0 307675
65 1 307826
78 0 307841
78 1 307905
90 0 307943
90 1 308113
188 0 308683
188 1 308759
32 0 308878
32 1 308941
67 0 309141
65 0 309278
67 1 309303
70 0 309445
65 1 309449
70 1 309508
69 0 309523
69 1 309676
65 0 309704
65 1 309850
32 0 309871
32 1 309960
8 0 310374
8 1 310481
190 0 311176
190 1 311247
13 0 311405
13 1 311466
16 0 312130
65 0 312252
16 1 312363
65 1 312452
80 0 312479
80 1 312541
79 0 312691
79 1 312776
73 0 312957
73 1 313018
32 0 313253
32 1 313326
76 0 315774
76 1 315858
85 0 316015
85 1 316078
67 0 316179
67 1 316317
82 0 316431
82 1 316550
69 0 316630
69 1 316757
90 0 316884
90 1 317051
8 0 317236
8 1 317359
8 0 317451
8 1 317530
8 0 317621
8 1 317699
8 0 317783
8 1 317864
8 0 317945
8 1 318020
8 0 318107
8 1 318187
8 0 318296
8 1 318389
8 0 324688
8 1 324759
32 0 329026
32 1 329191
65 0 329343
74 0 329483
65 1 329525
74 1 329568
85 0 329708
85 1 329780
78 0 329889
78 1 329944
71 0 330094
71 1 330244
83 0 330457
83 1 330556
8 0 330688
8 1 330746
8 0 331063
8 1 331099
78 0 332305
78 1 332381
83 0 332438
83 1 332577
32 0 332653
32 1 332769
8 0 333154
8 1 333239
8 0 333336
8 1 333405
8 0 333497
8 1 333573
83 0 333670
32 0 333812
83 1 333816
32 1 333918
8 0 334225
8 1 334303
32 0 335803
32 1 335980
8 0 336293
8 1 336361
8 0 336447
8 1 336521
71 0 337231
71 1 337306
32 0 337434
32 1 337493
65 0 337528
65 1 337700
67 0 337746
67 1 337891
65 0 337891
83 0 337989
65 1 338034
65 0 338168
83 1 338215
65 1 338301
32 0 338323
32 1 338447
188 0 338828
188 1 338928
32 0 339040
32 1 339106
67 0 339249
67 1 339394
73 0 339454
73 1 339534
84 0 339626
84 1 339764
69 0 339870
69 1 339986
83 0 340002
83 1 340166
67 0 340467
67 1 340612
32 0 340823
32 1 340877
67 0 341460
67 1 341617
72 0 341647
72 1 341717
69 0 341747
69 1 341861
83 0 341874
83 1 342022
84 0 342072
84 1 342204
73 0 342237
73 1 342319
73 0 342416
73 1 342491
32 0 342640
32 1 342687
85 0 343250
85 1 343324
84 0 343577
73 0 343668
84 1 343721
73 1 343740
76 0 343860
76 1 343916
69 0 343921
69 1 344056
32 0 344160
32 1 344229
219 0 344531
219 1 344565
69 0 344774
69 1 344936
78 0 344974
78 1 345037
84 0 345144
84 1 345269
82 0 345353
85 0 345427
82 1 345473
85 1 345500
32 0 345644
32 1 345699
68 0 345814
68 1 345880
8 0 345992
8 1 346104
8 0 346188
8 1 346271
8 0 346352
8 1 346427
8 0 346507
8 1 346574
8 0 346666
8 1 346726
8 0 346824
8 1 346891
8 0 346977
8 1 347038
8 0 347128
8 1 347200
80 0 347636
80 1 347716
69 0 347716
69 1 347867
78 0 347964
78 1 348040
84 0 348144
84 1 348270
82 0 348356
85 0 348430
82 1 348452
85 1 348489
32 0 348652
32 1 348709
68 0 349125
68 1 349286
69 0 349363
69 1 349454
83 0 349468
83 1 349600
90 0 349824
90 1 350006
8 0 350345
8 1 350434
90 0 350929
90 1 351080
8 0 351216
8 1 351309
8 0 351393
8 1 351445
90 0 351512
90 1 351671
86 0 352269
86 1 352423
79 0 352528
79 1 352596
76 0 352754
76 1 352814
84 0 354540
84 1 354615
65 0 354706
82 0 354888
65 1 354890
82 1 354950
69 0 355007
69 1 355180
65 0 355183
32 0 355261
65 1 355286
32 1 355342
77 0 355648
77 1 355730
69 0 355765
65 0 355933
69 1 355971
65 1 356083
32 0 356098
32 1 356212
80 0 356876
69 0 356878
80 1 356931
69 1 356998
82 0 357060
82 1 357168
83 0 357203
79 0 357327
83 1 357357
79 1 357385
78 0 357545
78 1 357609
65 0 357648
76 0 357810
65 1 357814
76 1 357855
65 0 357922
65 1 358044
188 0 358638
188 1 358709
32 0 358825
32 1 358886
77 0 359030
77 1 359103
65 0 359144
32 0 359211
32 1 359272
65 1 359320
85 0 359455
85 1 359516
73 0 359634
73 1 359716
84 0 359716
32 0 359862
84 1 359866
32 1 359923
76 0 360076
76 1 360149
65 0 360195
32 0 360330
65 1 360351
32 1 360392
66 0 360702
66 1 360782
85 0 360923
85 1 360979
82 0 361056
84 0 361083
84 1 361145
82 1 361162
83 0 361291
83 1 361395
8 0 361599
8 1 361695
8 0 361784
8 1 361867
83 0 362112
65 0 362228
83 1 362278
65 1 362329
188 0 363014
188 1 363102
32 0 363220
32 1 363289
73 0 363422
73 1 363486
78 0 363599
78 1 363667
86 0 363820
69 0 363871
86 1 363887
69 1 364015
83 0 364028
83 1 364178
84 0 364247
84 1 364305
69 0 364307
69 1 364418
83 0 364503
83 1 364652
67 0 364719
67 1 364855
32 0 364924
32 1 364980
67 0 365391
67 1 365581
65 0 365583
65 1 365757
84 0 365783
84 1 365859
69 0 365884
32 0 366014
69 1 366019
32 1 366073
67 0 366209
67 1 366345
69 0 366445
86 0 366604
69 1 366609
86 1 366665
65 0 366701
65 1 366872
32 0 366910
32 1 366964
8 0 367226
8 1 367300
190 0 367675
190 1 367727
32 0 367870
32 1 367920
16 0 369330
83 0 369353
16 1 369510
83 1 369514
69 0 369575
69 1 369710
82 0 369779
82 1 369984
65 0 370208
65 1 370349
8 0 370373
8 1 370486
8 0 370577
8 1 370651
65 0 370937
65 1 371116
82 0 371318
82 1 371520
65 0 371522
65 1 371666
32 0 371700
32 1 371771
66 0 372682
66 1 372734
73 0 372966
73 1 373069
78 0 373180
69 0 373217
78 1 373253
69 1 373359
78 0 373396
78 1 373444
69 0 373552
69 1 373653
8 0 374034
8 1 374139
84 0 374304
84 1 374456
69 0 374562
69 1 374700
76 0 374759
76 1 374832
69 0 374873
69 1 375016
83 0 375406
83 1 375592
32 0 375654
32 1 375768
8 0 375929
8 1 376036
8 0 376148
8 1 376206
8 0 376307
8 1 376370
8 0 376455
8 1 376528
8 0 376610
8 1 376701
69 0 377240
69 1 377406
76 0 377467
76 1 377523
69 0 377525
83 0 377636
69 1 377640
83 1 377780
32 0 377819
32 1 377886
73 0 378257
73 1 378333
78 0 378437
78 1 378508
86 0 378695
73 0 378802
86 1 378826
73 1 378867
84 0 378969
32 0 379054
32 1 379124
84 1 379125
79 0 379282
79 1 379353
32 0 379519
32 1 379582
70 0 380259
65 0 380416
70 1 380434
65 1 380585
84 0 380607
84 1 380753
65 0 380790
65 1 380969
8 0 381440
8 1 381535
8 0 381617
8 1 381704
8 0 381780
8 1 381873
8 0 381941
8 1 382020
68 0 382485
79 0 382649
68 1 382651
79 1 382707
77 0 382829
77 1 382904
78 0 383082
78 1 383168
73 0 383280
73 1 383340
83 0 383340
83 1 383497
79 0 383589
79 1 383644
65 0 383794
65 1 383967
82 0 384011
82 1 384202
65 0 384240
65 1 384402
32 0 384476
32 1 384550
80 0 384724
80 1 384813
69 0 384813
32 0 384953
69 1 384970
32 1 385006
76 0 385145
65 0 385203
76 1 385227
32 0 385380
65 1 385384
32 1 385437
77 0 385557
77 1 385618
73 0 385727
73 1 385798
78 0 385895
78 1 385976
69 0 385978
32 0 386136
69 1 386137
32 1 386199
188 0 386927
188 1 387012
32 0 387130
32 1 387205
78 0 387363
78 1 387443
69 0 387443
32 0 387543
69 1 387569
32 1 387618
85 0 387784
85 1 387865
73 0 387963
84 0 387977
73 1 388027
84 1 388120
65 0 388189
77 0 388317
65 1 388357
77 1 388387
32 0 388510
32 1 388572
76 0 388700
76 1 388768
65 0 388846
32 0 388968
65 1 389018
32 1 389037
85 0 389594
85 1 389661
78 0 390137
78 1 390211
32 0 390334
32 1 390393
83 0 390454
83 1 390575
69 0 390605
69 1 390734
82 0 390817
73 0 390919
82 1 390946
73 1 390990
65 0 391156
65 1 391332
76 0 391393
76 1 391458
32 0 391560
32 1 391674
83 0 392016
73 0 392115
83 1 392166
73 1 392193
32 0 392310
32 1 392366
86 0 392533
86 1 392604
69 0 392606
69 1 392725
68 0 392835
68 1 392949
69 0 393018
188 0 393145
77 0 393147
69 1 393148
188 1 393174
77 1 393178
8 0 393662
8 1 393760
8 0 393850
8 1 393909
188 0 394117
188 1 394177
32 0 394318
32 1 394343
8 0 394647
8 1 394727
8 0 394816
8 1 394889
188 0 395407
188 1 395445
8 0 395733
8 1 395799
77 0 395967
77 1 396043
32 0 396138
32 1 396191
67 0 396243
85 0 396339
67 1 396386
85 1 396409
32 0 396536
32 1 396578
8 0 396866
8 1 396952
77 0 397114
77 1 397216
32 0 397348
32 1 397394
68 0 397586
68 1 397687
69 0 397763
69 1 397887
67 0 398005
67 1 398123
85 0 398146
85 1 398205
82 0 398282
82 1 398447
71 0 398540
69 0 398584
71 1 398602
69 1 398726
32 0 398818
32 1 398875
78 0 400922
78 1 400993
79 0 401190
79 1 401269
65 0 401349
80 0 401413
80 1 401458
65 1 401513
84 0 401569
84 1 401708
69 0 401834
65 0 402015
69 1 402033
32 0 402158
65 1 402163
32 1 402224
80 0 402374
80 1 402473
69 0 402523
69 1 402669
32 0 402689
32 1 402761
85 0 403218
85 1 403292
82 0 403364
82 1 403542
65 0 403575
65 1 403717
77 0 403811
77 1 403876
8 0 404136
8 1 404225
8 0 404306
8 1 404357
77 0 404578
77 1 404649
65 0 404682
32 0 404833
65 1 404837
32 1 404953
190 0 405991
190 1 406085
32 0 406204
32 1 406267
16 0 406391
80 0 406572
16 1 406601
80 1 406649
82 0 406693
84 0 406715
84 1 406779
82 1 406795
69 0 406891
69 1 407021
8 0 407276
8 1 407383
8 0 407471
8 1 407527
69 0 407989
69 1 408153
70 0 408228
70 1 408299
69 0 408311
69 1 408446
82 0 408533
82 1 408671
65 0 408729
66 0 408836
65 1 408882
66 1 408903
73 0 409073
73 1 409144
76 0 409265
76 1 409341
32 0 409513
32 1 409575
83 0 409604
65 0 409707
83 1 409762
65 1 409842
32 0 409872
32 1 409935
77 0 410084
77 1 410142
65 0 410203
65 1 410385
32 0 410467
32 1 410538
84 0 411118
84 1 411207
82 0 411304
82 1 411367
69 0 411434
69 1 411577
90 0 411753
90 1 411891
69 0 411966
69 1 412115
83 0 412170
83 1 412316
67 0 412367
67 1 412485
32 0 412556
32 1 412616
67 0 412863
85 0 412973
67 1 413012
85 1 413053
32 0 413172
32 1 413234
85 0 413373
85 1 413439
78 0 413545
78 1 413624
32 0 413712
32 1 413780
83 0 413792
83 1 413964
85 0 413980
85 1 414030
70 0 414090
76 0 414205
70 1 414245
76 1 414263
69 0 414365
69 1 414525
84 0 414637
84 1 414760
32 0 414798
32 1 414856
67 0 415149
65 0 415284
67 1 415306
76 0 415403
65 1 415444
76 1 415471
68 0 415597
68 1 415763
32 0 415809
32 1 415882
76 0 416080
76 1 416155
65 0 416246
78 0 416382
78 1 416444
65 1 416444
68 0 416540
68 1 416743
8 0 417052
8 1 417144
71 0 417704
71 1 417860
65 0 417916
32 0 418080
65 1 418081
32 1 418142
77 0 418334
77 1 418414
73 0 418521
73 1 418596
78 0 418709
78 1 418784
69 0 418815
32 0 418922
69 1 418969
32 1 418983
65 0 419116
32 0 419228
65 1 419275
32 1 419298
68 0 419650
79 0 419844
68 1 419844
79 1 419932
65 0 420028
85 0 420048
85 1 420118
65 1 420209
32 0 420274
32 1 420331
90 0 420513
90 1 420690
73 0 420840
73 1 420931
32 0 421064
32 1 421122
68 0 421203
73 0 421326
68 1 421360
73 1 421400
77 0 421507
77 1 421579
73 0 421691
73 1 421774
78 0 421889
78 1 421950
69 0 422566
65 0 422696
69 1 422747
65 1 422868
84 0 422908
84 1 422969
65 0 422990
65 1 423143
190 0 423803
190 1 423868
16 0 447532
16 1 447744
83 0 447769
83 1 447933
73 0 447979
73 1 448051
83 0 448071
83 1 448194
84 0 448343
84 1 448399
69 0 448488
77 0 448628
69 1 448632
77 1 448709
85 0 448857
85 1 448918
76 0 449053
76 1 449148
32 0 449282
32 1 449340
8 0 449673
8 0 450174
8 0 450204
8 0 450234
8 0 450265
8 0 450295
8 0 450325
8 0 450356
8 1 450384
16 0 450752
16 1 450808
8 0 451002
8 1 451110
8 0 451200
8 1 451262
16 0 451498
83 0 451639
16 1 451694
83 1 451810
73 0 452157
73 1 452227
84 0 452381
84 1 452543
69 0 452659
69 1 452801
77 0 452812
77 1 452879
8 0 453213
8 1 453301
8 0 453398
8 1 453475
8 0 453563
8 1 453636
83 0 453747
83 1 453895
84 0 454217
84 1 454348
69 0 454455
77 0 454587
69 1 454591
77 1 454655
85 0 454782
85 1 454839
76 0 454956
76 1 455036
32 0 455173
32 1 455236
69 0 455640
69 1 455774
68 0 455889
68 1 456011
73 0 456037
85 0 456040
73 1 456087
85 1 456089
67 0 456137
67 1 456286
65 0 456286
65 1 456413
8 0 456530
8 1 456600
8 0 456711
8 1 456788
8 0 456888
8 1 456961
8 0 457345
8 1 457430
85 0 457627
85 1 457692
67 0 457708
65 0 457836
67 1 457858
65 1 457980
84 0 458036
73 0 458102
84 1 458153
73 1 458169
79 0 458273
79 1 458340
78 0 458447
78 1 458513
65 0 458581
76 0 458713
65 1 458750
76 1 458778
32 0 458931
32 1 458980
8 0 459597
8 0 460102
8 0 460132
8 0 460163
8 0 460193
8 0 460223
8 0 460255
8 0 460286
8 0 460316
8 0 460347
8 0 460374
8 0 460406
8 0 460435
8 0 460465
8 0 460496
8 0 460526
8 0 460557
8 0 460587
8 0 460617
8 0 460649
8 0 460678
8 0 460709
8 0 460738
8 0 460768
8 1 460800
16 0 461047
67 0 461133
16 1 461209
67 1 461304
85 0 461386
85 1 461457
82 0 461579
73 0 461698
82 1 461724
73 1 461762
67 0 461876
67 1 462082
85 0 462347
85 1 462424
76 0 462680
76 1 462745
65 0 462798
65 1 462973
32 0 462992
32 1 463051
83 0 463518
83 1 463706
73 0 463731
73 1 463790
83 0 463820
83 1 463932
84 0 464017
84 1 464128
69 0 464236
77 0 464290
77 1 464356
69 1 464358
85 0 464484
85 1 464553
76 0 464682
76 1 464745
85 0 464903
85 1 464967
73 0 465085
79 0 465103
79 1 465139
73 1 465144
32 0 465286
32 1 465325
8 0 465550
8 1 465634
8 0 465727
8 1 465795
32 0 465970
32 1 466067
69 0 466443
69 1 466577
68 0 466678
68 1 466796
85 0 466816
85 1 466875
67 0 466925
67 1 467066
65 0 467066
65 1 467203
84 0 467264
73 0 467288
73 1 467363
84 1 467364
79 0 467464
79 1 467524
78 0 467629
78 1 467691
65 0 467727
76 0 467838
76 1 467893
65 1 467897
32 0 468026
32 1 468089
68 0 468163
68 1 468302
73 0 468419
73 1 468496
78 0 468610
78 1 468681
32 0 468772
32 1 468846
82 0 469030
82 1 469221
79 0 469262
79 1 469328
8 0 469525
8 1 469606
8 0 469700
8 1 469757
16 0 469971
82 0 470060
16 1 470083
79 0 470217
82 1 470222
79 1 470286
77 0 470420
77 1 470469
65 0 470521
77 0 470656
65 1 470683
77 1 470705
8 0 471078
8 1 471173
78 0 471589
78 1 471651
73 0 471794
73 1 471860
65 0 471861
32 0 472030
65 1 472034
32 1 472086
69 0 472465
69 1 472611
83 0 472638
83 1 472800
84 0 472830
84 1 472894
69 0 472936
32 0 473051
69 1 473056
32 1 473107
73 0 473275
73 1 473338
78 0 473457
78 1 473523
86 0 473836
86 1 473903
69 0 473955
69 1 474114
67 0 474305
72 0 474451
67 1 474456
72 1 474518
73 0 474634
73 1 474698
84 0 474865
84 1 474907
65 0 474956
65 1 475152
32 0 475265
32 1 475366
8 0 475570
8 1 475668
190 0 476322
190 1 476395
32 0 476671
32 1 476738
16 0 479766
80 0 479965
16 1 480006
80 1 480058
84 0 480130
82 0 480134
84 1 480236
82 1 480241
69 0 480324
69 1 480493
8 0 480631
8 1 480717
8 0 480812
8 1 480888
8 0 481127
8 1 481187
82 0 481299
82 1 481471
69 0 481556
69 1 481731
65 0 481763
65 1 481935
32 0 482070
32 1 482134
77 0 482485
77 1 482560
85 0 482707
85 1 482772
76 0 482906
84 0 482936
76 1 482986
84 1 483075
69 0 483161
32 0 483282
69 1 483285
32 1 483340
77 0 483680
77 1 483752
65 0 483791
65 1 483957
84 0 484076
84 1 484164
69 0 484692
69 1 484822
82 0 484898
82 1 485018
73 0 485044
73 1 485125
73 0 485226
73 1 485287
32 0 485423
32 1 485478
83 0 485690
73 0 485812
83 1 485833
73 1 485879
32 0 486029
32 1 486086
83 0 488253
73 0 488398
83 1 488420
73 1 488464
83 0 488523
83 1 488664
84 0 488773
84 1 488885
69 0 488977
77 0 489006
77 1 489076
69 1 489096
85 0 489198
85 1 489265
76 0 489421
76 1 489460
32 0 489623
32 1 489670
68 0 489863
68 1 490020
69 0 490101
32 0 490195
69 1 490218
32 1 490273
78 0 490490
78 1 490568
79 0 490695
79 1 490769
84 0 490819
84 1 490967
65 0 491057
65 1 491190
82 0 491220
82 1 491347
69 0 491430
69 1 491543
32 0 491557
32 1 491625
83 0 491732
83 1 491908
69 0 491953
69 1 492094
32 0 492124
32 1 492194
65 0 492496
65 1 492638
88 0 493080
88 1 493144
69 0 493302
69 1 493360
65 0 493453
65 1 493614
90 0 493912
90 1 494043
65 0 494154
65 1 494281
32 0 494356
32 1 494412
80 0 495126
80 1 495189
69 0 495262
32 0 495403
69 1 495408
32 1 495457
77 0 495655
77 1 495716
69 0 495901
77 0 496049
69 1 496064
77 1 496124
69 0 496181
79 0 496256
79 1 496311
69 1 496328
82 0 496429
82 1 496535
8 0 496944
8 1 497053
8 0 497152
8 1 497242
8 0 497336
8 1 497405
79 0 497585
79 1 497670
82 0 498227
82 1 498367
65 0 498425
65 1 498606
82 0 498651
82 1 498788
69 0 498873
69 1 498988
32 0 499046
32 1 499103
73 0 499779
73 1 499857
78 0 499966
78 1 500044
32 0 500132
32 1 500199
68 0 500361
68 1 500502
69 0 500576
84 0 500686
69 1 500711
84 1 500752
82 0 500829
82 1 500989
73 0 501050
73 1 501126
77 0 501233
77 1 501303
69 0 501327
78 0 501460
69 1 501485
78 1 501509
84 0 501621
85 0 501774
84 1 501778
85 1 501815
76 0 501959
76 1 502020
32 0 502182
32 1 502232
73 0 503339
73 1 503411
78 0 503530
78 1 503586
8 0 504235
8 1 504331
8 0 504423
8 0 504924
8 0 504956
8 0 504985
8 0 505015
8 0 505046
8 0 505076
8 0 505108
8 0 505137
8 0 505166
8 0 505196
8 0 505230
8 0 505260
8 0 505290
8 0 505318
8 0 505350
8 0 505380
8 0 505411
8 1 505435
69 0 506222
69 1 506385
32 0 506431
32 1 506549
83 0 506627
73 0 506749
83 1 506772
73 1 506816
32 0 506957
32 1 507015
78 0 507122
78 1 507187
85 0 507304
85 1 507368
32 0 507503
32 1 507571
83 0 507666
83 1 507809
84 0 507928
73 0 508060
84 1 508064
73 1 508137
77 0 508245
77 1 508320
85 0 508444
85 1 508509
76 0 508634
76 1 508691
69 0 508815
69 1 509020
65 0 509021
65 1 509143
90 0 509240
90 1 509335
65 0 509461
65 1 509591
32 0 509634
32 1 509694
73 0 511042
73 1 511114
78 0 511221
78 1 511296
86 0 511476
69 0 511519
86 1 511535
78 0 511690
69 1 511695
78 1 511751
84 0 511857
73 0 512014
84 1 512019
73 1 512074
86 0 512358
86 1 512418
73 0 512597
73 1 512651
84 0 512752
84 1 512913
65 0 512994
65 1 513133
84 0 513162
84 1 513302
69 0 513410
69 1 513574
65 0 513576
65 1 513719
32 0 513803
32 1 513866
69 0 515433
76 0 515626
69 1 515631
76 1 515697
69 0 515723
69 1 515886
86 0 516124
86 1 516278
73 0 516294
73 1 516369
76 0 516491
76 1 516563
85 0 516820
85 1 516899
73 0 517010
73 1 517068
8 0 517746
8 1 517833
8 0 517927
8 1 517992
8 0 518088
8 1 518175
8 0 518324
8 1 518397
73 0 518859
73 1 518926
8 0 519198
8 1 519285
85 0 519559
85 1 519639
76 0 519850
76 1 519918
85 0 520159
85 1 520240
73 0 520350
73 1 520411
191 0 522858
191 1 522932
83 0 523037
83 1 523213
84 0 523603
84 1 523741
85 0 523797
85 1 523849
68 0 523947
68 1 524069
69 0 524135
78 0 524221
69 1 524267
78 1 524291
84 0 524383
84 1 524543
85 0 524569
85 1 524645
76 0 524789
76 1 524862
85 0 525019
85 1 525084
73 0 525183
73 1 525241
32 0 525297
32 1 525396
8 0 525639
8 1 525725
188 0 526085
188 1 526120
8 0 526358
8 1 526439
190 0 526571
190 1 526646
32 0 526759
32 1 526833
16 0 526966
68 0 527014
16 1 527124
65 0 527124
68 1 527159
67 0 527275
65 1 527277
65 0 527404
67 1 527443
65 1 527555
32 0 527567
32 1 527644
76 0 528071
76 1 528148
65 0 528188
65 1 528373
32 0 528401
32 1 528465
78 0 529194
78 1 529267
73 0 529415
73 1 529471
86 0 529736
86 1 529803
69 0 529866
76 0 529990
69 1 530015
76 1 530068
32 0 530242
32 1 530298
76 0 532842
76 1 532909
73 0 533135
73 1 533212
67 0 533366
67 1 533499
69 0 533619
65 0 533782
69 1 533796
65 1 533952
76 0 534178
76 1 534254
32 0 534497
32 1 534560
79 0 535385
79 1 535471
76 0 535587
76 1 535653
73 0 535789
73 1 535851
77 0 535978
77 1 536043
80 0 536161
80 1 536249
73 0 536373
73 1 536434
65 0 536458
65 1 536628
68 0 536689
68 1 536811
69 0 536891
76 0 536972
69 1 537004
76 1 537044
69 0 537131
69 1 537260
32 0 537323
32 1 537378
83 0 537786
83 1 537952
84 0 538387
73 0 538483
84 1 538523
73 1 538560
77 0 538665
77 1 538750
85 0 538867
85 1 538933
76 0 539064
76 1 539119
69 0 539161
65 0 539303
69 1 539320
65 1 539432
90 0 539549
90 1 539639
65 0 539764
65 1 539904
32 0 539935
32 1 539984
67 0 540636
79 0 540762
67 1 540788
79 1 540833
77 0 540971
77 1 541033
80 0 541485
80 1 541546
69 0 541576
69 1 541716
84 0 541827
84 1 541983
73 0 542017
73 1 542070
84 0 542143
73 0 542298
84 1 542300
73 1 542353
86 0 542626
86 1 542702
73 0 542838
73 1 542908
84 0 543080
84 1 543248
65 0 543308
65 1 543441
84 0 543466
84 1 543612
69 0 543754
65 0 543880
69 1 543911
65 1 544047
32 0 544180
32 1 544246
188 0 548128
188 1 548212
32 0 548346
32 1 548396
8 0 548670
8 1 548766
8 0 548847
8 1 548933
83 0 549930
73 0 550054
83 1 550080
73 1 550122
32 0 550261
32 1 550308
73 0 550477
73 1 550547
78 0 550649
78 1 550706
71 0 550859
71 1 551010
69 0 551662
69 1 551818
78 0 552041
78 1 552104
73 0 552234
73 1 552307
79 0 552399
79 1 552454
90 0 552555
90 1 552727
73 0 552757
73 1 552813
84 0 552911
84 1 553050
65 0 553107
84 0 553267
65 1 553270
84 1 553416
69 0 553533
69 1 553696
65 0 553699
32 0 553831
65 1 553836
32 1 553892
73 0 554018
73 1 554086
78 0 554212
78 1 554276
32 0 554362
32 1 554435
82 0 554844
82 1 554986
8 0 555170
8 1 555417
69 0 555871
69 1 556043
8 0 556208
8 1 556310
82 0 556356
82 1 556491
69 0 556572
69 1 556698
90 0 557238
79 0 557382
90 1 557407
79 1 557452
76 0 557557
76 1 557629
86 0 557654
86 1 557800
65 0 557845
65 1 558029
82 0 558059
82 1 558193
69 0 558286
69 1 558426
65 0 558430
65 1 558584
32 0 558628
32 1 558687
80 0 559018
80 1 559103
82 0 559188
79 0 559336
82 1 559354
79 1 559395
66 0 559621
66 1 559757
69 0 559882
76 0 559991
69 1 560035
76 1 560088
77 0 560241
77 1 560296
69 0 560326
69 1 560478
8 0 560848
8 1 560946
8 0 561027
8 1 561128
8 0 561185
8 1 561239
8 0 561330
8 1 561422
76 0 561623
76 1 561725
69 0 561755
69 1 561907
77 0 561982
77 1 562047
69 0 562105
69 1 562245
76 0 562538
76 1 562629
79 0 562832
79 1 562902
82 0 562978
82 1 563145
32 0 563212
32 1 563316
188 0 565037
188 1 565103
32 0 565232
32 1 565283
68 0 565336
68 1 565483
69 0 565559
69 1 565673
90 0 565781
90 1 565930
86 0 566400
86 1 566559
79 0 566605
79 1 566675
76 0 566807
76 1 566860
84 0 567054
84 1 567211
65 0 567410
78 0 567621
65 1 567626
78 1 567686
68 0 567701
68 1 567823
32 0 567850
32 1 567912
67 0 569288
65 0 569424
67 1 569462
80 0 569561
65 1 569584
80 1 569626
65 0 569745
65 1 569915
84 0 570053
73 0 570210
84 1 570219
73 1 570285
67 0 570422
65 0 570552
67 1 570588
65 1 570717
8 0 570956
8 0 571461
8 0 571490
8 0 571520
8 0 571550
8 0 571581
8 0 571612
8 1 571629
8 0 571797
8 1 571853
71 0 572440
71 1 572508
65 0 572595
78 0 572691
78 1 572774
65 1 572779
68 0 572819
68 1 572979
73 0 573100
73 1 573157
82 0 573215
84 0 573251
84 1 573290
82 1 573315
69 0 573402
69 1 573595
65 0 573596
65 1 573769
8 0 573806
8 1 573896
8 0 573988
8 1 574062
8 0 574153
8 1 574234
8 0 574315
8 1 574414
8 0 574497
8 1 574570
8 0 575113
8 1 575143
68 0 576085
68 1 576250
73 0 576433
73 1 576507
82 0 576640
82 1 576788
69 0 576866
65 0 576983
69 1 577005
65 1 577134
32 0 577152
32 1 577219
76 0 577330
76 1 577437
79 0 577550
79 1 577614
71 0 577881
71 1 578046
73 0 578076
73 1 578133
67 0 578188
65 0 578346
67 1 578368
32 0 578488
65 1 578493
32 1 578557
188 0 580242
188 1 580330
32 0 580541
32 1 580628
76 0 582854
76 1 582951
65 0 582951
32 0 583084
65 1 583130
32 1 583150
78 0 583309
78 1 583385
73 0 583529
73 1 583592
86 0 583869
86 1 584017
69 0 584121
76 0 584203
69 1 584249
76 1 584291
32 0 584447
32 1 584499
83 0 588104
83 1 588234
84 0 588332
84 1 588474
85 0 588498
85 1 588583
8 0 588903
8 0 589407
8 0 589435
8 0 589466
8 0 589497
8 0 589526
8 0 589557
8 0 589586
8 0 589616
8 0 589647
8 0 589677
8 1 589705
8 0 589917
8 1 589997
79 0 590533
79 1 590606
68 0 590681
65 0 590826
68 1 590888
65 1 590988
84 0 591015
84 1 591072
65 0 591119
65 1 591275
32 0 591312
32 1 591376
65 0 591728
74 0 591907
65 1 591907
74 1 591989
85 0 592099
85 1 592163
78 0 592261
78 1 592327
83 0 592435
73 0 592564
83 1 592593
73 1 592631
32 0 592754
32 1 592811
186 0 592925
186 1 592977
65 0 592978
65 1 593134
32 0 593213
32 1 593294
8 0 593514
8 1 593600
8 0 593693
8 1 593751
8 0 593833
8 1 593916
76 0 594460
76 1 594516
65 0 594559
65 1 594747
32 0 594805
32 1 594866
70 0 595251
70 1 595446
65 0 595485
65 1 595661
67 0 595675
67 1 595827
85 0 595849
85 1 595922
76 0 596044
84 0 596085
76 1 596102
84 1 596232
65 0 596298
84 0 596436
65 1 596438
84 1 596566
69 0 596681
69 1 596802
32 0 596929
32 1 597003
80 0 597420
80 1 597513
85 0 597725
85 1 597807
84 0 597982
84 1 598126
69 0 598213
77 0 598348
69 1 598353
77 1 598408
32 0 598526
32 1 598587
79 0 599016
79 1 599084
66 0 599427
66 1 599496
83 0 599577
83 1 599697
69 0 599759
69 1 599875
82 0 599943
86 0 600038
82 1 600064
86 1 600101
65 0 600157
65 1 600318
32 0 600344
32 1 600408
67 0 601365
85 0 601460
67 1 601508
85 1 601546
77 0 601657
77 1 601724
32 0 601860
32 1 601919
77 0 602905
77 1 602981
69 0 603327
69 1 603489
68 0 603585
73 0 603697
68 1 603716
73 1 603769
79 0 603893
79 1 603938
67 0 604622
67 1 604772
82 0 604889
73 0 605045
82 1 605050
73 1 605110
84 0 605217
84 1 605373
65 0 605432
65 1 605571
84 0 605602
84 1 605757
69 0 605871
65 0 606010
69 1 606040
65 1 606161
32 0 606207
32 1 606266
80 0 606600
80 1 606675
82 0 606786
82 1 606940
73 0 606988
73 1 607065
77 0 607187
77 1 607253
69 0 607329
69 1 607485
65 0 607501
65 1 607614
90 0 607736
90 1 607785
65 0 607928
65 1 608056
188 0 609641
188 1 609717
32 0 609873
32 1 609929
8 0 610330
8 1 610443
8 0 610545
8 1 610618
32 0 611635
32 1 611732
8 0 611967
8 1 612041
190 0 612248
190 1 612323
13 0 612952
13 1 613051
16 0 618049
16 1 619057
16 0 624748
67 0 624926
16 1 625023
67 1 625092
82 0 625239
82 1 625370
69 0 625456
69 1 625621
65 0 625622
65 1 625789
84 0 625867
84 1 625937
69 0 625982
69 1 626169
8 0 626456
8 1 626574
8 0 626667
8 1 626741
8 0 627008
8 1 627090
83 0 627240
83 1 627386
84 0 627712
84 1 627843
69 0 627964
69 1 628109
82 0 628190
82 1 628315
69 0 628382
69 1 628576
65 0 628579
65 1 628750
32 0 628834
32 1 628924
78 0 629154
78 1 629220
73 0 629418
73 1 629498
86 0 629629
86 1 629788
76 0 629905
76 1 630006
85 0 630215
85 1 630282
76 0 630404
76 1 630480
85 0 630653
85 1 630721
8 0 630920
8 1 631006
8 0 631092
8 1 631157
8 0 631247
8 1 631309
8 0 631390
8 1 631448
69 0 631556
69 1 631696
76 0 631878
76 1 631989
85 0 632191
85 1 632267
76 0 632378
76 1 632464
85 0 632598
85 1 632677
73 0 632763
73 1 632839
32 0 632969
32 1 633032
83 0 633151
65 0 633262
83 1 633334
65 1 633395
76 0 633467
76 1 633540
65 0 633596
65 1 633742
82 0 634011
82 1 634192
73 0 634238
73 1 634305
65 0 634358
76 0 634490
65 1 634530
76 1 634552
32 0 634705
32 1 634763
73 0 634959
73 1 635041
78 0 635158
78 1 635240
32 0 635345
32 1 635413
85 0 636082
85 1 636164
78 0 636264
78 1 636338
73 0 636441
73 1 636503
84 0 636552
84 1 636708
65 0 636780
65 1 636874
84 0 636891
84 1 637021
73 0 637143
73 1 637224
73 0 637315
73 1 637380
76 0 637508
76 1 637573
69 0 637622
32 0 637782
69 1 637786
32 1 637846
68 0 637890
68 1 638044
69 0 638135
32 0 638185
32 1 638247
69 1 638248
73 0 638603
73 1 638690
78 0 638794
78 1 638861
86 0 639131
86 1 639185
65 0 639207
65 1 639362
84 0 639398
84 1 639537
65 0 639619
65 1 639783
77 0 639830
77 1 639906
65 0 639963
78 0 640130
65 1 640132
78 1 640181
84 0 640444
84 1 640613
32 0 640672
32 1 640740
65 0 640931
65 1 641124
82 0 641255
82 1 641427
32 0 641806
32 1 641886
83 0 643315
83 1 643453
84 0 643549
73 0 643684
84 1 643696
73 1 643762
77 0 643878
77 1 643938
85 0 644065
85 1 644131
76 0 644254
76 1 644322
65 0 644385
65 1 644584
32 0 644633
32 1 644686
73 0 647124
73 1 647208
78 0 647329
78 1 647384
84 0 647780
84 1 647915
8 0 648269
8 1 648354
8 0 648452
8 1 648531
8 0 648617
8 1 648700
8 0 653252
8 0 653755
8 0 653785
8 0 653815
8 0 653847
8 0 653877
8 0 653907
8 1 653912
8 0 654317
8 1 654409
65 0 654600
65 1 654796
84 0 654846
84 1 654930
82 0 655026
82 1 655084
65 0 655086
71 0 655215
65 1 655265
71 1 655291
69 0 655359
32 0 655474
69 1 655490
32 1 655559
77 0 655708
77 1 655788
65 0 655858
73 0 655986
65 1 656049
73 1 656064
32 0 656193
32 1 656262
77 0 656444
77 1 656523
85 0 656691
85 1 656767
76 0 656895
76 1 656969
84 0 656970
84 1 657119
69 0 657216
32 0 657318
69 1 657322
32 1 657372
77 0 657634
77 1 657722
85 0 657848
85 1 657893
8 0 658178
8 1 658253
8 0 658353
8 1 658429
16 0 658848
222 0 659070
222 1 659166
222 0 659257
16 1 659305
222 1 659306
37 0 659562
37 1 659662
77 0 660386
77 1 660459
73 0 660581
73 1 660651
78 0 660765
78 1 660826
84 0 660828
84 1 660959
73 0 661035
73 1 661126
39 0 662107
39 1 662195
37 0 662584
37 1 662687
32 0 662971
32 1 663060
76 0 663257
76 1 663341
85 0 663499
85 1 663589
77 0 663821
77 1 663896
73 0 664023
73 1 664086
78 0 664199
78 1 664250
65 0 664528
65 1 664737
84 0 664940
84 1 665091
69 0 665235
69 1 665371
34 0 665468
34 1 665559
32 0 668573
32 1 668686
73 0 668897
73 1 668984
78 0 669097
78 1 669178
32 0 669265
32 1 669326
83 0 669475
83 1 669673
83 0 669936
73 0 669966
73 1 670030
83 1 670116
84 0 670257
84 1 670313
69 0 670344
69 1 670482
77 0 670553
77 1 670626
8 0 670934
8 1 671017
8 0 671118
8 1 671178
8 0 671273
8 1 671331
8 0 671429
8 1 671500
8 0 671596
8 1 671682
73 0 672637
73 1 672709
83 0 672746
83 1 672905
84 0 672960
84 1 673023
69 0 673059
77 0 673203
69 1 673208
77 1 673299
190 0 675298
190 1 675417
73 0 679103
73 1 679167
16 0 698947
83 0 699054
16 1 699118
83 1 699198
69 0 699271
69 1 699396
67 0 699516
67 1 699687
65 0 699687
78 0 699790
65 1 699832
78 1 699856
32 0 699999
32 1 700068
8 0 700435
8 1 700522
8 0 700627
8 1 700682
8 0 700775
8 1 700839
8 0 700917
8 1 700978
8 0 701058
8 1 701124
67 0 701730
67 1 701885
69 0 701946
78 0 702098
69 1 702102
78 1 702182
65 0 702258
32 0 702444
65 1 702447
32 1 702509
83 0 703592
83 1 703746
89 0 703923
89 1 703974
8 0 704282
8 1 704367
85 0 704569
85 1 704652
82 0 704719
82 1 704858
80 0 705288
80 1 705360
82 0 705409
73 0 705564
82 1 705569
73 1 705648
78 0 705782
78 1 705842
68 0 705853
68 1 705972
69 0 706053
32 0 706161
69 1 706165
32 1 706213
70 0 707336
73 0 707465
70 1 707491
73 1 707542
76 0 707654
76 1 707727
79 0 707865
79 1 707934
83 0 708461
83 1 708613
79 0 708835
79 1 708904
70 0 709155
73 0 709312
70 1 709318
73 1 709377
73 0 709472
73 1 709530
32 0 709655
32 1 709704
68 0 709821
68 1 709997
73 0 710071
73 1 710158
78 0 710269
78 1 710339
32 0 710433
32 1 710500
16 0 710927
71 0 711130
16 1 711193
71 1 711251
82 0 711355
82 1 711511
65 0 711553
65 1 711678
8 0 712246
8 1 712341
69 0 712393
69 1 712553
67 0 712743
67 1 712923
73 0 712942
73 1 713032
65 0 713055
32 0 713185
65 1 713205
32 1 713248
65 0 713360
78 0 713436
78 1 713508
65 1 713512
68 0 713614
68 1 713738
8 0 714114
8 1 714217
84 0 716839
84 1 716986
73 0 717013
73 1 717075
67 0 717152
65 0 717293
67 1 717324
65 1 717439
188 0 718152
188 1 718226
32 0 718337
32 1 718397
73 0 718666
73 1 718764
78 0 718884
78 1 718959
32 0 719097
32 1 719200
70 0 719358
85 0 719507
70 1 719530
85 1 719575
78 0 719672
78 1 719750
68 0 719750
65 0 719878
68 1 719927
76 0 719944
76 1 720013
65 1 720040
32 0 720138
32 1 720202
73 0 720991
73 1 721071
73 0 721179
73 1 721244
32 0 721413
32 1 721480
80 0 721710
80 1 721803
85 0 721958
85 1 722022
84 0 722153
84 1 722296
69 0 722398
77 0 722418
77 1 722462
69 1 722518
32 0 722750
32 1 722839
86 0 724575
86 1 724650
69 0 724650
69 1 724781
68 0 724878
68 1 724983
69 0 725068
69 1 725230
65 0 725231
32 0 725346
65 1 725371
32 1 725402
80 0 725674
80 1 725767
69 0 725781
32 0 725904
69 1 725936
32 1 725956
16 0 726301
80 0 726485
16 1 726518
80 1 726565
76 0 726678
65 0 726680
76 1 726733
65 1 726833
84 0 726920
79 0 727002
84 1 727063
79 1 727093
78 0 727223
78 1 727298
32 0 727410
32 1 727471
83 0 727873
83 1 728054
73 0 728136
73 1 728196
32 0 728340
32 1 728376
16 0 728971
65 0 729074
16 1 729157
65 1 729216
82 0 729228
73 0 729343
82 1 729362
73 1 729408
83 0 729439
83 1 729565
84 0 729630
79 0 729728
84 1 729762
79 1 729803
84 0 730138
84 1 730283
69 0 730411
69 1 730542
76 0 730627
76 1 730724
32 0 730886
32 1 730959
83 0 731112
83 1 731279
73 0 731383
73 1 731464
32 0 731586
32 1 731647
68 0 731827
68 1 732002
73 0 732021
73 1 732087
83 0 732087
83 1 732239
80 0 732290
80 1 732368
85 0 732529
85 1 732589
84 0 732691
84 1 732860
65 0 732945
65 1 733127
32 0 733177
32 1 733243
68 0 733675
73 0 733834
68 1 733854
73 1 733896
78 0 734017
78 1 734077
32 0 734185
32 1 734249
65 0 734814
78 0 734923
78 1 734991
65 1 734996
84 0 735140
73 0 735229
84 1 735279
73 1 735301
73 0 735446
73 1 735505
84 0 735505
84 1 735644
8 0 736017
8 1 736113
8 0 736198
8 1 736279
67 0 737475
67 1 737645
72 0 737684
72 1 737763
73 0 737871
73 1 737932
84 0 737969
84 1 738104
65 0 738160
84 0 738294
65 1 738298
84 1 738418
69 0 738548
69 1 738692
32 0 738876
32 1 738964
68 0 739051
65 0 739317
68 1 739362
65 1 739473
67 0 739516
65 0 739658
67 1 739680
65 1 739771
32 0 739796
32 1 739876
16 0 740500
80 0 740663
16 1 740716
80 1 740763
65 0 740766
77 0 740934
65 1 740938
77 1 741009
65 0 741032
78 0 741141
78 1 741199
65 1 741203
84 0 741373
84 1 741530
85 0 741543
85 1 741608
76 0 741768
76 1 741844
32 0 742009
32 1 742080
69 0 742214
69 1 742384
32 0 742443
32 1 742510
82 0 743184
79 0 743316
82 1 743349
79 1 743390
84 0 743574
84 1 743738
73 0 743758
73 1 743835
8 0 744208
8 1 744285
85 0 744955
85 1 745035
78 0 745136
68 0 745184
78 1 745213
32 0 745345
68 1 745350
32 1 745401
83 0 745627
85 0 745809
65 0 745813
83 1 745824
85 1 745880
65 1 745915
32 0 745998
32 1 746052
80 0 746189
80 1 746274
76 0 746388
65 0 746410
76 1 746460
65 1 746562
84 0 746593
84 1 746745
190 0 746922
190 1 747012
16 0 769241
67 0 769315
16 1 769366
67 1 769486
79 0 769538
79 1 769647
76 0 769755
76 1 769841
79 0 769935
79 1 770008
65 0 770240
65 1 770401
78 0 770823
78 1 770910
69 0 770912
69 1 771072
76 0 771104
76 1 771187
69 0 771189
69 1 771320
32 0 771396
32 1 771466
68 0 771766
68 1 771921
69 0 772004
32 0 772130
69 1 772135
32 1 772203
74 0 772609
74 1 772684
79 0 772816
79 1 772866
83 0 772896
32 0 773060
83 1 773064
32 1 773132
80 0 773300
80 1 773377
65 0 773428
65 1 773558
82 0 773619
82 1 773750
32 0 773995
32 1 774069
77 0 774219
77 1 774284
65 0 774409
73 0 774440
73 1 774519
65 1 774576
32 0 774635
32 1 774691
77 0 775202
77 1 775277
85 0 775390
85 1 775448
76 0 775581
76 1 775670
84 0 775683
32 0 775809
84 1 775814
32 1 775864
82 0 775982
79 0 776126
82 1 776129
79 1 776201
77 0 776325
77 1 776387
65 0 776490
78 0 776677
65 1 776682
78 1 776746
65 0 776819
65 1 776989
69 0 777087
69 1 777223
32 0 777289
32 1 777357
8 0 777540
8 1 777629
8 0 777721
8 1 777803
8 0 777869
8 1 777920
69 0 778017
32 0 778189
69 1 778194
32 1 778276
68 0 778626
68 1 778760
69 0 778972
69 1 779101
67 0 779207
73 0 779284
67 1 779322
73 1 779354
32 0 779471
32 1 779522
83 0 779541
83 1 779690
189 0 779807
189 1 779881
65 0 779917
65 1 780078
82 0 780108
32 0 780209
82 1 780249
32 1 780267
80 0 780393
80 1 780461
85 0 780628
85 1 780688
84 0 780721
84 1 780864
69 0 780965
69 1 781137
65 0 781149
32 0 781286
65 1 781291
32 1 781349
83 0 781456
65 0 781575
83 1 781636
65 1 781708
32 0 781759
32 1 781829
70 0 782235
70 1 782386
73 0 782433
73 1 782506
73 0 782610
73 1 782665
32 0 782810
32 1 782854
71 0 783349
71 1 783422
82 0 783440
82 1 783563
69 0 783655
69 1 783775
73 0 783864
73 1 783925
83 0 783946
83 1 784098
84 0 784172
82 0 784234
84 1 784274
82 1 784275
8 0 784553
8 1 784670
8 0 784776
8 1 784881
8 0 785031
8 1 785088
8 0 785190
8 1 785255
83 0 785578
83 1 785738
73 0 785887
73 1 785941
82 0 786046
82 1 786185
8 0 786418
8 1 786501
84 0 786588
84 1 786734
190 0 786795
190 1 786852
32 0 787011
32 1 787117
16 0 787964
80 0 788264
16 1 788319
80 1 788389
8 0 788799
8 1 788887
16 0 789165
79 0 789472
16 1 789533
82 0 789554
79 1 789567
82 1 789732
73 0 789762
73 1 789830
67 0 789918
85 0 790101
67 1 790103
85 1 790169
77 0 790288
77 1 790367
32 0 790485
32 1 790553
69 0 791395
69 1 791555
83 0 791571
83 1 791710
84 0 791792
84 1 791899
32 0 792036
69 0 792038
32 1 792104
69 1 792124
79 0 792228
79 1 792309
32 0 792474
32 1 792534
8 0 792786
8 1 792865
8 0 792957
8 1 793029
8 0 793107
8 1 793176
79 0 793537
79 1 793609
32 0 793733
32 1 793790
73 0 794004
73 1 794084
78 0 794176
78 1 794241
67 0 794304
65 0 794434
67 1 794461
80 0 794517
65 1 794579
80 1 794595
69 0 794697
69 1 794843
82 0 794917
82 1 795020
69 0 795096
69 1 795219
32 0 795275
32 1 795339
70 0 796278
70 1 796351
69 0 796354
69 1 796505
83 0 796528
84 0 796667
83 1 796687
84 1 796732
73 0 796935
73 1 797007
86 0 797241
86 1 797306
65 0 797307
65 1 797460
32 0 797480
32 1 797542
73 0 798238
73 1 798319
78 0 798425
78 1 798492
32 0 798604
32 1 798669
67 0 798874
65 0 798997
67 1 799035
65 1 799157
82 0 799229
82 1 799335
69 0 799426
69 1 799543
32 0 799554
32 1 799620
86 0 800262
86 1 800320
69 0 800334
69 1 800468
68 0 800556
68 1 800679
69 0 800746
77 0 800825
69 1 800860
77 1 800903
32 0 801024
32 1 801084
79 0 801686
79 1 801767
65 0 801973
65 1 802164
77 0 802182
77 1 802234
69 0 802294
78 0 802447
69 1 802453
78 1 802517
73 0 802650
73 1 802725
73 0 802817
73 1 802880
32 0 803041
32 1 803108
68 0 803144
68 1 803304
69 0 803382
32 0 803455
69 1 803503
32 1 803527
83 0 803756
83 1 803902
69 0 804159
69 1 804373
77 0 804453
77 1 804518
65 0 804559
65 1 804726
32 0 804855
32 1 804917
8 0 805165
8 1 805252
8 0 805337
8 1 805398
8 0 805483
8 1 805525
65 0 805585
65 1 805764
77 0 805793
77 1 805886
69 0 805947
69 1 806091
32 0 806112
32 1 806172
65 0 806332
65 1 806526
8 0 806632
8 1 806705
8 0 806788
8 1 806862
65 0 806985
65 1 807146
32 0 807222
32 1 807287
8 0 807491
8 1 807565
8 0 807652
8 1 807723
8 0 807796
8 1 807858
65 0 807933
65 1 808096
32 0 808218
32 1 808288
65 0 808590
73 0 808688
73 1 808771
65 1 808774
32 0 808889
32 1 808951
83 0 809032
79 0 809101
79 1 809157
83 1 809181
67 0 809288
67 1 809453
73 0 809495
73 1 809552
69 0 809600
69 1 809765
84 0 809888
84 1 810027
69 0 810149
69 1 810257
65 0 810282
65 1 810412
84 0 810494
84 1 810618
8 0 810836
8 1 810936
8 0 811028
8 1 811120
8 0 812828
8 1 812926
65 0 813114
65 1 813291
84 0 813815
84 1 813967
73 0 814090
73 1 814148
73 0 814227
73 1 814284
32 0 814373
32 1 814447
16 0 814751
57 0 815041
57 1 815127
48 0 815229
16 1 815311
48 1 815315
37 0 815677
37 1 815786
78 0 816369
78 1 816443
85 0 816567
85 1 816638
32 0 816746
32 1 816805
80 0 816992
80 1 817069
76 0 817180
69 0 817181
76 1 817226
69 1 817341
66 0 817475
66 1 817535
69 0 817536
65 0 817685
69 1 817710
65 1 817817
39 0 818223
39 1 818317
32 0 818631
32 1 818720
67 0 820510
67 1 820689
65 0 820691
65 1 820841
82 0 820882
82 1 821027
69 0 821114
32 0 821193
69 1 821236
32 1 821271
73 0 821718
73 1 821797
78 0 821909
78 1 821966
67 0 822041
67 1 822197
69 0 822483
69 1 822653
65 0 823039
65 1 823208
82 0 823259
82 1 823395
67 0 823519
67 1 823678
65 0 823681
65 1 823799
32 0 823830
32 1 823887
83 0 823935
65 0 824061
83 1 824101
65 1 824175
32 0 824193
32 1 824249
68 0 824756
68 1 824901
69 0 824966
69 1 825087
67 0 825207
67 1 825346
79 0 826045
79 1 826120
80 0 826226
80 1 826297
69 0 826409
69 1 826553
82 0 826631
82 1 826735
69 0 826807
69 1 826930
32 0 826975
32 1 827054
76 0 827287
76 1 827380
85 0 827543
85 1 827607
77 0 827735
77 1 827796
69 0 827844
69 1 828005
65 0 828006
65 1 828147
32 0 828552
32 1 828661
73 0 828746
73 1 828832
78 0 828932
78 1 829009
32 0 829113
32 1 829179
67 0 829488
67 1 829637
69 0 829755
69 1 829912
76 0 829934
76 1 830002
69 0 830041
69 1 830169
32 0 830240
32 1 830301
77 0 830453
77 1 830518
65 0 830639
73 0 830663
73 1 830737
65 1 830798
32 0 830870
32 1 830934
77 0 832143
77 1 832226
73 0 832349
73 1 832393
67 0 832511
67 1 832663
73 0 832678
73 1 832744
32 0 832880
32 1 832924
65 0 833146
65 1 833339
77 0 833780
77 1 833854
65 0 833933
78 0 834114
65 1 834116
78 1 834183
85 0 834441
85 1 834512
78 0 834627
78 1 834674
84 0 834756
84 1 834893
69 0 835002
32 0 835125
69 1 835132
32 1 835187
65 0 836149
65 1 836327
32 0 836356
32 1 836451
69 0 837153
73 0 837308
69 1 837323
73 1 837371
190 0 837662
190 1 837729
32 0 837828
32 1 837943
67 0 841000
67 1 841143
69 0 841262
76 0 841381
69 1 841400
76 1 841451
32 0 841606
32 1 841655
8 0 841935
8 1 842020
8 0 842112
8 1 842172
8 0 842261
8 1 842318
8 0 842405
8 1 842452
16 0 842642
67 0 842673
16 1 842761
67 1 842814
69 0 842927
76 0 843017
69 1 843057
76 1 843092
32 0 843259
32 1 843323
68 0 843555
68 1 843721
73 0 843772
73 1 843838
78 0 843955
78 1 844016
32 0 844126
32 1 844186
77 0 844585
77 1 844658
73 0 845033
73 1 845102
76 0 845240
76 1 845291
8 0 845681
8 1 845754
74 0 846733
74 1 846817
76 0 846957
76 1 847037
79 0 847142
79 1 847201
67 0 847272
65 0 847447
67 1 847467
32 0 847584
65 1 847589
32 1 847645
67 0 847971
65 0 848116
67 1 848137
65 1 848301
8 0 848464
8 1 848547
8 0 848635
8 1 848711
8 0 848789
8 1 848865
8 0 848990
8 1 849061
32 0 849297
32 1 849411
67 0 849507
65 0 849674
67 1 849692
65 1 849836
82 0 849882
82 1 850013
69 0 850091
32 0 850179
69 1 850215
32 1 850255
83 0 850383
83 1 850544
84 0 850605
84 1 850745
65 0 850806
65 1 850954
32 0 851024
32 1 851098
80 0 851255
80 1 851326
69 0 851366
32 0 851520
69 1 851523
32 1 851585
84 0 852109
84 1 852230
82 0 852342
69 0 852342
82 1 852433
69 1 852435
69 0 852515
80 0 852606
69 1 852645
80 1 852680
84 0 852808
73 0 852939
84 1 852958
73 1 852999
8 0 853501
8 1 853581
8 0 853668
8 1 853739
8 0 853819
8 1 853888
8 0 853966
8 1 854044
80 0 854822
80 1 854899
84 0 855099
73 0 855245
84 1 855247
73 1 855315
32 0 855937
32 1 855999
80 0 856273
80 1 856358
82 0 856451
79 0 856530
79 1 856572
82 1 856591
66 0 856795
66 1 856918
65 0 856983
65 1 857133
66 0 857235
73 0 857254
73 1 857325
66 1 857348
76 0 857447
76 1 857497
32 0 857640
32 1 857688
65 0 857740
32 0 857891
65 1 857896
32 1 857946
66 0 858391
66 1 858462
65 0 858515
85 0 858642
65 1 858677
85 1 858697
84 0 858770
32 0 858865
84 1 858895
32 1 858930
80 0 859079
80 1 859145
82 0 859172
82 1 859311
69 0 859384
69 1 859558
65 0 859561
32 0 859637
65 1 859689
32 1 859709
77 0 859817
77 1 859891
85 0 860013
85 1 860075
76 0 860201
76 1 860264
84 0 860269
84 1 860387
32 0 860412
32 1 860473
86 0 861168
86 1 861312
73 0 861325
73 1 861406
78 0 861527
78 1 861598
32 0 861817
32 1 861918
188 0 864314
188 1 864416
32 0 864528
32 1 864601
67 0 865152
67 1 865303
69 0 865406
76 0 865518
69 1 865538
76 1 865592
32 0 865737
32 1 865777
68 0 865803
68 1 865975
73 0 866020
73 1 866086
78 0 866208
78 1 866277
32 0 866390
32 1 866456
68 0 866933
68 1 867075
82 0 867182
82 1 867302
69 0 867380
69 1 867571
65 0 867584
65 1 867721
80 0 867866
80 1 867929
84 0 867944
84 1 868109
65 0 868154
65 1 868315
32 0 868440
32 1 868511
74 0 869941
74 1 870014
79 0 870140
79 1 870203
83 0 870218
83 1 870373
32 0 870428
32 1 870486
8 0 872452
8 1 872796
8 0 875935
8 1 876040
67 0 876110
67 1 876242
8 0 876533
8 1 876642
73 0 877315
73 1 877375
32 0 878980
32 1 879090
74 0 879521
74 1 879600
79 0 879710
79 1 879768
65 0 879846
65 1 880001
67 0 880035
65 0 880159
67 1 880180
32 0 880253
65 1 880284
32 1 880318
85 0 880717
85 1 880805
78 0 880900
78 1 880983
32 0 881063
32 1 881132
70 0 881152
70 1 881290
76 0 881382
69 0 881384
76 1 881452
69 1 881488
32 0 881587
32 1 881643
68 0 881643
68 1 881769
69 0 881857
69 1 881970
8 0 882053
8 1 882076
8 0 882194
8 1 882263
8 0 882345
8 1 882423
8 0 882497
8 1 882571
8 0 882652
8 1 882713
69 0 882874
69 1 883021
76 0 883107
76 1 883196
32 0 883341
32 1 883396
68 0 883483
68 1 883613
69 0 883679
32 0 883730
32 1 883804
69 1 883807
65 0 883992
76 0 884123
65 1 884173
76 1 884193
66 0 884509
66 1 884572
65 0 884610
65 1 884752
189 0 885598
189 1 885657
78 0 885976
78 1 886031
69 0 886093
65 0 886247
69 1 886272
71 0 886409
65 1 886413
71 1 886477
82 0 886509
82 1 886656
65 0 886713
65 1 886874
188 0 891149
188 1 891227
32 0 891349
32 1 891401
73 0 891821
73 1 891887
8 0 892112
8 1 892203
8 0 892300
8 1 892354
32 0 892715
32 1 892836
73 0 892968
73 1 893046
65 0 893067
65 1 893208
82 0 893280
32 0 893317
32 1 893385
82 1 893405
67 0 893877
67 1 894002
69 0 894109
69 1 894232
73 0 894365
73 1 894447
32 0 894560
32 1 894623
68 0 894688
73 0 894789
73 1 894843
68 1 894846
78 0 894979
78 1 895048
32 0 895157
32 1 895212
83 0 895802
65 0 895993
83 1 896014
65 1 896126
84 0 896191
84 1 896327
65 0 896370
78 0 896435
78 1 896493
65 1 896544
71 0 896903
71 1 896969
65 0 896995
65 1 897163
32 0 897204
32 1 897270
8 0 897554
8 1 897640
8 0 897747
8 1 897806
65 0 898355
65 1 898531
32 0 898582
32 1 898685
8 0 899051
8 1 899152
8 0 899241
8 1 899313
8 0 899395
8 1 899456
8 0 899547
8 1 899604
8 0 899700
8 1 899748
8 0 900077
8 1 900157
8 0 900245
8 1 900313
84 0 900848
84 1 900906
65 0 900956
65 1 901138
78 0 901178
78 1 901242
71 0 901422
65 0 901468
71 1 901485
32 0 901663
65 1 901669
32 1 901712
83 0 901789
83 1 901939
69 0 902010
69 1 902144
32 0 902168
32 1 902230
84 0 902614
84 1 902707
82 0 902799
82 1 902874
69 0 902909
67 0 902997
69 1 903037
67 1 903069
32 0 903220
32 1 903288
73 0 903688
73 1 903755
78 0 903909
78 1 903975
84 0 904124
84 1 904258
82 0 904352
82 1 904453
189 0 904470
189 1 904539
85 0 904863
85 1 904935
78 0 905052
78 1 905135
32 0 905216
32 1 905282
70 0 905320
70 1 905467
76 0 905551
69 0 905551
76 1 905616
69 1 905667
32 0 905853
32 1 905926
8 0 906108
8 1 906192
8 0 906283
8 1 906339
8 0 906422
8 1 906485
69 0 906591
69 1 906723
76 0 907475
76 1 907557
32 0 907684
32 1 907742
68 0 907761
68 1 907891
32 0 907934
69 0 907958
32 1 907998
69 1 908066
82 0 908192
82 1 908317
69 0 908395
71 0 908492
69 1 908507
71 1 908568
73 0 908701
73 1 908784
83 0 908784
83 1 908927
84 0 908973
84 1 909037
82 0 909143
85 0 909303
82 1 909308
85 1 909358
8 0 909792
8 0 910299
8 0 910326
8 0 910356
8 0 910387
8 0 910416
8 0 910449
8 0 910479
8 1 910484
8 0 910678
8 1 910777
8 0 910864
8 1 910938
69 0 911022
69 1 911153
32 0 911268
32 1 911376
82 0 911694
82 1 911745
69 0 911806
69 1 911942
71 0 912260
71 1 912402
73 0 912547
73 1 912611
83 0 912611
83 1 912769
84 0 912896
84 1 912959
82 0 913005
82 1 913143
85 0 913409
85 1 913486
190 0 914178
190 1 914242
