16 0 58853
80 0 59014
80 1 59153
16 1 59180
65 0 59238
73 0 59349
65 1 59401
73 1 59439
32 0 59639
32 1 59717
86 0 59793
82 0 59912
69 0 59965
86 1 59981
82 1 60065
69 1 60098
77 0 60220
69 0 60318
77 1 60327
69 1 60445
65 0 60524
32 0 60615
65 1 60647
32 1 60695
65 0 60723
65 1 60830
67 0 60863
85 0 60922
67 1 60974
85 1 61001
77 0 61141
77 1 61270
32 0 61337
32 1 61434
69 0 61469
69 1 61565
83 0 61672
83 1 61793
84 0 61879
69 0 61949
84 1 62012
32 0 62023
69 1 62074
32 1 62095
70 0 62148
79 0 62239
70 1 62281
79 1 62308
65 0 62366
65 1 62488
82 0 62493
82 1 62596
84 0 62653
84 1 62754
69 0 62822
69 1 62918
32 0 62923
32 1 63006
84 0 63057
82 0 63104
84 1 63175
73 0 63186
82 1 63217
73 1 63282
83 0 63317
83 1 63419
84 0 63497
65 0 63565
84 1 63601
32 0 63666
65 1 63718
32 1 63734
69 0 63977
69 1 64034
8 0 64364
8 1 64475
80 0 64578
80 1 64686
69 0 64697
69 1 64819
78 0 64825
78 1 64910
84 0 64939
82 0 64986
85 0 65040
84 1 65044
82 1 65103
85 1 65135
67 0 65250
65 0 65323
67 1 65403
32 0 65419
65 1 65482
32 1 65504
8 0 65916
8 1 65989
8 0 66038
8 1 66112
8 0 66146
8 1 66219
32 0 66420
32 1 66487
67 0 66560
65 0 66620
67 1 66689
32 0 66694
65 1 66741
32 1 66773
80 0 66956
80 1 67020
76 0 67506
76 1 67601
79 0 67730
79 1 67808
85 0 68061
85 1 68152
65 0 68397
32 0 68537
65 1 68544
32 1 68620
73 0 68718
73 1 68794
67 0 69190
67 1 69280
8 0 69534
8 1 69629
78 0 69781
78 1 69867
67 0 69940
79 0 70064
67 1 70073
79 1 70148
84 0 70324
84 1 70400
8 0 70795
8 1 70870
78 0 71010
78 1 71090
73 0 71207
73 1 71275
8 0 71525
84 0 71604
8 1 71620
73 0 71678
84 1 71716
73 1 71770
78 0 71881
78 1 71971
85 0 72034
85 1 72119
85 0 72164
85 1 72318
32 0 72517
32 1 72600
76 0 72914
65 0 72987
76 1 73004
32 0 73094
65 1 73120
32 1 73184
77 0 73291
77 1 73371
73 0 73457
73 1 73526
78 0 73656
78 1 73715
69 0 73731
69 1 73839
32 0 74029
16 0 74114
32 1 74151
57 0 74419
57 1 74559
16 1 74602
73 0 74958
73 1 75044
78 0 75139
78 1 75226
32 0 75303
32 1 75400
20 0 75426
20 1 75570
84 0 75728
84 1 75824
20 0 75920
20 1 76050
73 0 76105
73 1 76180
77 0 76289
77 1 76372
73 0 76430
73 1 76509
83 0 76519
83 1 76632
79 0 76643
65 0 76723
79 1 76733
65 1 76830
82 0 76840
65 0 76915
82 1 76973
16 0 77006
65 1 77021
48 0 77134
48 1 77250
16 1 77299
8 0 77970
8 1 78080
32 0 78183
83 0 78309
32 1 78405
83 1 78486
85 0 78839
85 1 78924
78 0 79014
84 0 79061
78 1 79108
84 1 79184
32 0 79208
16 0 79324
32 1 79340
48 0 79393
48 1 79523
16 1 79576
8 0 79795
8 1 79875
8 0 80504
8 1 80568
16 0 80773
48 0 80880
16 1 81019
48 1 81023
32 0 86748
32 1 86842
16 0 87264
186 0 87423
186 1 87534
57 0 87701
57 1 87834
16 1 87897
32 0 90451
190 0 90529
32 1 90566
190 1 90653
8 0 91532
8 1 91633
8 0 91699
8 1 91767
188 0 91951
188 1 92111
8 0 92558
8 1 92626
190 0 92888
190 1 92950
32 0 93854
32 1 93977
8 0 94407
8 1 94481
16 0 94746
68 0 94986
68 1 95107
16 1 95160
69 0 95239
69 1 95356
32 0 95431
32 1 95493
80 0 95624
80 1 95699
76 0 95802
65 0 95881
76 1 95923
65 1 95977
67 0 96109
67 1 96220
85 0 96231
85 1 96315
84 0 96425
32 0 96482
84 1 96534
32 1 96566
78 0 96725
78 1 96806
85 0 96876
85 1 96955
32 0 97065
32 1 97126
73 0 97227
73 1 97302
77 0 97398
77 1 97477
73 0 97533
73 1 97607
32 0 97891
32 1 97969
76 0 98336
76 1 98454
65 0 98514
65 1 98630
8 0 98928
8 1 99001
8 0 99060
8 1 99153
80 0 99217
80 1 99317
76 0 99436
76 1 99526
65 0 99537
65 1 99696
67 0 99747
69 0 99827
67 1 99905
69 1 99980
188 0 100059
188 1 100155
32 0 100241
32 1 100314
73 0 100397
73 1 100477
65 0 100488
82 0 100634
65 1 100650
82 1 100798
32 0 100826
32 1 100889
73 0 101600
73 1 101708
78 0 101810
78 1 101900
32 0 101989
32 1 102066
90 0 102115
73 0 102195
90 1 102216
73 1 102281
76 0 102406
76 1 102482
69 0 102500
69 1 102604
76 0 102640
76 1 102702
69 0 102708
69 1 102805
32 0 102865
32 1 102933
84 0 102943
82 0 102991
69 0 103061
84 1 103087
82 1 103125
69 1 103174
67 0 103267
67 1 103394
85 0 103399
85 1 103507
84 0 103530
84 1 103637
69 0 103699
32 0 103779
69 1 103795
32 1 103858
84 0 103887
79 0 103994
84 1 104010
79 1 104059
84 0 104091
84 1 104199
32 0 104210
32 1 104320
65 0 104364
65 1 104492
83 0 104518
83 1 104658
32 0 104669
32 1 104747
8 0 104983
65 0 105085
8 1 105128
65 1 105235
32 0 105340
32 1 105477
80 0 105527
80 1 105607
76 0 105726
76 1 105817
65 0 105865
65 1 105922
8 0 106252
8 1 106338
79 0 106429
79 1 106524
65 0 106534
73 0 106642
65 1 106657
73 1 106721
69 0 106760
69 1 106851
188 0 107270
188 1 107343
32 0 107458
32 1 107541
70 0 107546
82 0 107579
70 1 107632
73 0 107675
82 1 107706
73 1 107759
71 0 107765
71 1 107884
188 0 107989
188 1 108052
32 0 108209
32 1 108255
83 0 111826
85 0 111906
83 1 111986
85 1 111991
8 0 112505
8 1 112584
73 0 112710
73 1 112791
32 0 112944
32 1 113037
67 0 113084
65 0 113175
78 0 113281
67 1 113286
65 1 113356
78 1 113361
68 0 113402
68 1 113551
32 0 114120
32 1 114196
8 0 114914
8 1 114999
8 0 115040
8 1 115225
8 0 115266
8 1 115366
8 0 115482
8 0 116009
8 0 116047
8 0 116084
8 0 116121
8 0 116158
8 0 116196
8 1 116265
190 0 117025
190 1 117109
190 0 117162
190 1 117256
16 0 117368
67 0 117475
16 1 117561
67 1 117588
72 0 117657
72 1 117736
73 0 117859
73 1 117934
65 0 117976
65 1 118082
82 0 118142
32 0 118216
82 1 118241
32 1 118268
83 0 118361
73 0 118399
73 1 118468
83 1 118473
32 0 118589
67 0 118626
32 1 118669
65 0 118685
67 1 118743
78 0 118786
65 1 118812
68 0 118850
78 1 118860
32 0 118951
68 1 118956
69 0 119020
32 1 119031
32 0 119122
69 1 119143
32 1 119217
80 0 119889
80 1 119975
85 0 120084
85 1 120172
84 0 120197
73 0 120276
84 1 120345
73 1 120350
78 0 120422
78 1 120496
32 0 120575
32 1 120643
77 0 120720
65 0 120782
77 1 120799
73 0 120858
65 1 120905
73 1 120932
32 0 121057
32 1 121140
70 0 121150
82 0 121214
70 1 121268
85 0 121273
85 1 121332
82 1 121348
77 0 121607
77 1 121670
79 0 121797
79 1 121872
83 0 121910
32 0 122034
83 1 122049
32 1 122123
84 0 122352
79 0 122394
84 1 122437
79 1 122486
84 0 122578
84 1 122696
78 0 122730
78 1 122781
8 0 123739
8 1 123868
8 0 126160
8 0 126688
8 0 126724
8 0 126761
8 0 126798
8 0 126835
8 0 126875
8 0 126910
8 1 126981
8 0 127445
8 1 127524
16 0 127721
82 0 127888
16 1 127990
82 1 128006
69 0 128128
69 1 128209
83 0 128291
83 1 128413
73 0 129094
73 1 129184
84 0 129341
65 0 129397
84 1 129461
65 1 129541
8 0 135383
8 1 135473
8 0 135537
8 1 135616
8 0 135676
8 1 135771
83 0 135938
73 0 136023
83 1 136044
73 1 136110
32 0 136243
32 1 136311
80 0 136418
80 1 136498
65 0 136509
65 1 136625
82 0 136657
69 0 136736
32 0 136778
82 1 136784
69 1 136830
32 1 136852
67 0 136938
65 0 137002
67 1 137034
65 1 137130
32 0 137331
32 1 137423
78 0 137472
78 1 137567
85 0 137635
85 1 137730
32 0 137845
32 1 137923
69 0 137948
69 1 138032
65 0 138134
32 0 138279
65 1 138317
32 1 138400
8 0 138628
8 1 138697
8 0 138752
8 1 138827
32 0 138948
65 0 139037
32 1 139058
83 0 139144
65 1 139176
65 0 139218
83 1 139256
32 0 139298
65 1 139330
32 1 139389
70 0 139412
82 0 139460
70 1 139524
73 0 139529
82 1 139588
73 1 139646
71 0 139652
32 0 139758
71 1 139775
32 1 139849
84 0 139910
79 0 139985
84 1 140022
79 1 140054
84 0 140088
32 0 140163
84 1 140168
70 0 140280
32 1 140286
82 0 140371
70 1 140430
73 0 140440
82 1 140504
73 1 140515
71 0 140724
71 1 140847
32 0 140876
69 0 140969
32 1 140991
69 1 141071
83 0 141155
83 1 141235
84 0 141342
69 0 141417
84 1 141481
69 1 141568
8 0 143433
8 0 143963
8 0 143998
8 0 144036
8 0 144073
8 0 144112
8 0 144148
8 0 144185
8 0 144222
8 0 144261
8 0 144297
8 0 144335
8 0 144372
8 1 144426
8 0 144613
8 1 144691
188 0 145345
188 1 145397
32 0 145514
83 0 145575
32 1 145586
73 0 145666
83 1 145725
73 1 145757
32 0 145877
32 1 145957
65 0 145962
65 1 146058
73 0 146098
73 1 146199
32 0 146304
32 1 146383
79 0 146470
79 1 146550
8 0 146814
8 1 146884
8 0 146944
8 1 147012
8 0 147054
8 1 147118
77 0 147588
77 1 147682
32 0 147717
79 0 147780
32 1 147854
79 1 147865
32 0 147927
77 0 148027
32 1 148075
77 1 148107
73 0 148173
73 1 148279
67 0 148295
65 0 148381
67 1 148434
32 0 148467
65 1 148530
32 1 148541
83 0 148596
83 1 148682
80 0 148692
69 0 148767
80 1 148783
69 1 148857
82 0 148894
82 1 149007
65 0 149119
65 1 149231
78 0 149373
78 1 149484
84 0 149495
65 0 149558
84 1 149617
32 0 149628
65 1 149706
32 1 149733
67 0 149784
65 0 149886
32 0 149939
67 1 149949
65 1 150019
32 1 150035
80 0 151101
80 1 151214
79 0 151263
84 0 151328
79 1 151343
84 1 151441
32 0 151473
83 0 151556
32 1 151582
65 0 151620
32 0 151689
83 1 151694
65 1 151758
32 1 151774
73 0 151861
69 0 151914
73 1 151967
69 1 151994
83 0 152092
83 1 152162
32 0 152167
32 1 152263
65 0 152274
65 1 152407
70 0 152412
65 0 152483
70 1 152541
65 1 152610
82 0 152634
65 0 152693
82 1 152762
32 0 152789
65 1 152810
32 1 152889
70 0 152997
65 0 153083
70 1 153136
65 1 153216
82 0 153319
65 0 153394
82 1 153447
32 0 153480
65 1 153537
32 1 153570
83 0 153627
65 0 153670
83 1 153729
65 1 153814
32 0 153825
32 1 153883
73 0 155182
73 1 155271
78 0 155390
78 1 155491
71 0 155506
72 0 155620
71 1 155650
69 0 155709
72 1 155735
69 1 155837
84 0 156029
84 1 156152
188 0 156254
188 1 156355
32 0 156694
32 1 156826
69 0 156876
69 1 156995
32 0 157000
32 1 157084
68 0 157122
69 0 157192
68 1 157250
69 1 157341
32 0 157634
32 1 157739
70 0 157774
65 0 157880
70 1 157896
65 1 158008
80 0 158285
84 0 158361
80 1 158391
84 1 158504
32 0 158619
32 1 158713
83 0 159239
73 0 159335
83 1 159393
73 1 159426
32 0 159523
32 1 159606
77 0 159674
65 0 159732
77 1 159764
73 0 159823
65 1 159892
73 1 159914
32 0 160003
32 1 160109
70 0 160115
82 0 160157
73 0 160211
70 1 160216
82 1 160285
73 1 160296
71 0 160381
71 1 160482
32 0 160548
68 0 160640
32 1 160644
69 0 160746
68 1 160788
69 1 160852
67 0 160876
65 0 160946
67 1 161015
65 1 161084
84 0 161140
84 1 161253
32 0 161484
32 1 161706
67 0 162026
65 0 162100
78 0 162121
67 1 162143
65 1 162235
78 1 162246
68 0 162257
32 0 162341
68 1 162389
32 1 162443
80 0 162570
80 1 162650
76 0 162760
76 1 162862
79 0 162907
79 1 163003
85 0 163094
65 0 163190
85 1 163194
32 0 163335
65 1 163343
68 0 163397
32 1 163418
69 0 163472
68 1 163514
69 1 163573
67 0 163647
73 0 163716
67 1 163764
73 1 163802
32 0 163940
32 1 164036
78 0 164119
65 0 164199
78 1 164242
65 1 164332
32 0 164337
32 1 164487
69 0 164498
69 1 164604
32 0 164633
32 1 164756
70 0 164772
70 1 164884
79 0 164945
79 1 165020
65 0 165107
65 1 165213
82 0 165263
82 1 165365
84 0 165448
69 0 165512
84 1 165566
32 0 165582
69 1 165635
32 1 165656
78 0 165966
65 0 166057
78 1 166068
83 0 166196
65 1 166212
79 0 166286
83 1 166318
79 1 166415
76 0 166487
76 1 166623
188 0 166703
188 1 166851
32 0 166957
32 1 167034
8 0 167274
8 1 167343
8 0 167400
8 1 167544
190 0 167715
190 1 167772
32 0 167970
32 1 168058
16 0 168191
86 0 168325
86 1 168495
16 1 168807
82 0 168949
69 0 169007
82 1 169092
77 0 169131
69 1 169146
77 1 169220
69 0 169226
69 1 169344
65 0 169447
32 0 169570
65 1 169606
32 1 169637
80 0 169771
80 1 169861
69 0 169903
69 1 170010
82 0 170020
82 1 170111
70 0 170157
69 0 170237
70 1 170287
69 1 170350
67 0 170374
67 1 170459
84 0 170553
65 0 170638
84 1 170686
32 0 170740
65 1 170781
32 1 170823
80 0 171136
80 1 171232
69 0 171264
78 0 171387
69 1 171392
78 1 171494
84 0 171549
84 1 171673
82 0 171773
85 0 171873
82 1 171881
85 1 171957
32 0 172103
32 1 172182
77 0 172311
77 1 172386
73 0 172466
73 1 172552
78 0 172652
78 1 172743
69 0 172748
32 0 172823
69 1 172828
32 1 172908
69 0 173193
69 1 173283
32 0 173334
32 1 173430
67 0 175476
69 0 175573
67 1 175615
65 0 175717
69 1 175781
65 1 175989
32 0 176222
70 0 176311
32 1 176327
82 0 176375
70 1 176440
85 0 176451
82 1 176498
85 1 176535
77 0 176669
77 1 176744
79 0 176827
65 0 176886
79 1 176913
83 0 176999
65 1 177026
65 0 177084
188 0 177132
83 1 177153
65 1 177212
188 1 177217
32 0 177297
67 0 177343
32 1 177375
85 0 177460
67 1 177487
85 1 177540
32 0 177684
83 0 177732
32 1 177748
83 1 177833
79 0 177873
65 0 177916
79 1 177953
65 1 178027
82 0 178060
69 0 178108
32 0 178183
82 1 178188
69 1 178225
32 1 178264
8 0 178588
8 1 178673
188 0 178835
188 1 178904
32 0 178996
32 1 179086
67 0 179097
65 0 179150
67 1 179198
76 0 179252
65 1 179284
76 1 179348
68 0 179358
68 1 179454
85 0 179470
82 0 179572
85 1 179582
82 1 179726
65 0 179750
188 0 179872
65 1 179929
188 1 179961
32 0 180204
32 1 180310
8 0 180754
8 1 180887
8 0 180969
8 1 181044
190 0 181303
190 1 181356
190 0 181428
190 1 181491
190 0 181557
190 1 181630
68 0 181701
69 0 181781
68 1 181840
32 0 181856
69 1 181920
32 1 181941
8 0 182289
8 1 182348
86 0 182840
80 0 183021
86 1 183032
80 1 183144
82 0 183193
69 0 183290
82 1 183337
69 1 183401
70 0 183412
69 0 183503
70 1 183550
69 1 183621
8 0 183821
8 1 183905
8 0 183975
8 1 184024
8 0 184061
8 1 184114
8 0 184172
8 1 184230
8 0 184277
8 1 184356
8 0 184951
8 1 185025
32 0 185227
32 1 185391
80 0 185479
82 0 185549
80 1 185581
69 0 185618
82 1 185660
69 1 185730
70 0 185741
69 0 185827
70 1 185863
69 1 185933
82 0 186031
82 1 186099
65 0 186134
65 1 186279
84 0 186315
32 0 186425
84 1 186440
32 1 186547
80 0 187227
80 1 187328
82 0 187351
73 0 187436
82 1 187468
73 1 187528
77 0 187650
77 1 187724
65 0 187748
65 1 187865
86 0 187921
65 0 188027
86 1 188069
65 1 188161
82 0 188251
65 0 188343
82 1 188395
65 1 188465
32 0 188516
83 0 188574
32 1 188579
83 1 188655
8 0 188961
8 1 189047
67 0 189098
85 0 189157
67 1 189221
85 1 189269
32 0 189371
32 1 189456
80 0 189572
65 0 189647
80 1 189658
83 0 189764
65 1 189796
65 0 189850
83 1 189903
65 1 189977
82 0 190128
69 0 190203
82 1 190257
69 1 190337
76 0 190550
76 1 190645
69 0 190650
69 1 190730
32 0 190758
67 0 190842
32 1 190848
65 0 190911
67 1 190986
65 1 191061
82 0 191104
69 0 191168
32 0 191216
82 1 191237
69 1 191291
32 1 191312
67 0 193108
73 0 193171
67 1 193236
73 1 193268
82 0 193409
82 1 193559
73 0 193589
73 1 193689
8 0 194166
8 1 194261
8 0 194355
8 1 194482
8 0 194513
8 0 195042
8 0 195077
8 1 195152
8 0 195301
8 1 195427
8 0 195477
8 1 195557
8 0 195619
8 1 195708
8 0 195996
8 1 196123
83 0 197134
73 0 197197
83 1 197265
73 1 197346
32 0 198078
32 1 198168
70 0 198227
76 0 198316
70 1 198364
76 1 198407
79 0 198460
82 0 198555
79 1 198560
73 0 198662
82 1 198700
73 1 198742
32 0 198848
32 1 198927
83 0 198943
73 0 199029
83 1 199066
73 1 199108
32 0 199219
32 1 199304
84 0 199328
79 0 199434
84 1 199445
65 0 199525
79 1 199541
65 1 199637
84 0 199668
69 0 199759
84 1 199817
32 0 199833
69 1 199881
32 1 199929
67 0 199970
69 0 200055
76 0 200141
67 1 200146
69 1 200183
76 1 200236
69 0 200241
69 1 200348
190 0 200422
190 1 200464
16 0 205344
16 0 205874
16 0 205911
16 0 205946
16 0 205984
16 1 206038
32 0 207202
32 1 207307
16 0 207351
83 0 207460
83 1 207562
16 1 207631
73 0 207729
73 1 207831
8 0 208587
8 1 208644
8 0 208718
8 1 208788
8 0 210208
8 1 210384
32 0 213748
32 1 213806
16 0 213961
83 0 214090
16 1 214137
83 1 214174
73 0 214200
73 1 214285
8 0 214557
8 1 214641
8 0 214688
8 1 214762
8 0 214815
8 1 214923
16 0 215369
83 0 215572
16 1 215631
83 1 215662
73 0 215707
73 1 215817
8 0 216689
8 1 216752
8 0 216827
8 1 216911
8 0 217006
8 1 217063
190 0 217733
190 1 217838
32 0 217867
32 1 218027
16 0 218598
83 0 218726
83 1 218821
16 1 218875
73 0 219539
73 1 219598
32 0 219761
32 1 219852
67 0 220202
67 1 220335
65 0 220340
78 0 220367
65 1 220394
78 1 220457
68 0 220748
68 1 220871
32 0 220924
32 1 220988
69 0 220993
69 1 221094
32 0 221135
32 1 221204
90 0 221260
65 0 221377
90 1 221452
65 1 221542
80 0 221607
80 1 221671
65 0 221711
65 1 221828
68 0 221863
65 0 221938
32 0 221996
68 1 222002
32 1 222103
65 1 222108
83 0 222150
73 0 222245
83 1 222283
73 1 222315
32 0 222449
32 1 222523
78 0 222598
78 1 222651
85 0 222719
85 1 222794
32 0 222899
32 1 222990
69 0 223000
69 1 223112
32 0 223118
70 0 223198
32 1 223203
70 1 223315
73 0 223331
73 1 223406
71 0 223469
71 1 223597
32 0 223657
32 1 223742
69 0 223786
69 1 223914
8 0 224226
8 1 224306
8 0 224363
8 1 224432
8 0 224494
8 1 224558
8 0 224613
8 1 224725
79 0 225184
79 1 225323
65 0 225328
65 1 225451
82 0 225496
82 1 225587
84 0 225683
69 0 225751
32 0 225825
84 1 225830
69 1 225852
32 1 225905
70 0 225941
82 0 226010
70 1 226063
73 0 226079
82 1 226122
73 1 226149
71 0 226176
71 1 226283
32 0 226326
69 0 226374
32 1 226406
69 1 226481
32 0 226519
32 1 226588
70 0 226729
82 0 226809
70 1 226857
85 0 226937
82 1 226953
85 1 227055
77 0 227187
77 1 227245
79 0 227385
79 1 227454
83 0 227486
83 1 227571
32 0 228779
32 1 228922
16 0 228986
188 0 229103
188 1 229220
16 1 229263
99 0 230038
99 1 230106
8 0 231021
8 1 231100
8 0 231134
8 1 231242
188 0 232447
188 1 232570
8 0 233141
8 1 233258
68 0 233897
65 0 233959
68 1 234035
65 1 234099
82 0 234160
82 1 234320
32 0 234664
32 1 234743
8 0 236063
8 1 236127
8 0 236172
8 1 236241
8 0 236296
8 1 236361
8 0 236415
8 1 236473
8 0 237367
8 1 237485
188 0 237764
188 1 237881
32 0 238582
32 1 238677
68 0 238682
65 0 238704
68 1 238789
65 1 238842
82 0 238872
32 0 238931
82 1 239016
32 1 239026
78 0 239094
65 0 239206
78 1 239222
32 0 239318
65 1 239344
32 1 239430
78 0 239502
78 1 239566
85 0 239636
85 1 239727
32 0 239855
32 1 239939
69 0 239965
69 1 240087
32 0 240098
32 1 240189
67 0 240224
65 0 240294
67 1 240347
65 1 240422
90 0 240473
90 1 240600
85 0 240831
85 1 240878
76 0 241233
76 1 241329
32 0 241457
32 1 241536
90 0 241614
73 0 241673
90 1 241721
73 1 241763
76 0 241897
69 0 241972
76 1 241993
69 1 242057
76 0 242090
69 0 242133
76 1 242165
69 1 242213
32 0 242304
65 0 242336
32 1 242374
83 0 242486
65 1 242523
83 1 242603
84 0 242636
69 0 242711
65 0 242764
84 1 242801
69 1 242855
65 1 242951
190 0 244375
190 1 244476
16 0 253363
80 0 253545
80 1 253661
16 1 253665
65 0 253788
73 0 253825
73 1 253926
65 1 253931
32 0 254212
32 1 254279
68 0 255579
69 0 255686
68 1 255723
80 0 255739
69 1 255760
80 1 255847
73 0 255937
73 1 256020
8 0 256470
8 1 256543
8 0 256605
8 1 256664
8 0 256703
8 1 256772
8 0 256811
8 1 256876
73 0 257037
73 1 257127
78 0 257243
78 1 257340
32 0 257485
32 1 257564
8 0 257691
8 0 258219
8 0 258255
8 0 258294
8 0 258330
8 0 258367
8 0 258406
8 0 258444
8 0 258480
8 0 258518
8 0 258556
8 0 258593
20 0 258632
8 1 258653
73 0 258772
20 1 258777
73 1 258871
20 0 258912
78 0 258999
20 1 259051
78 1 259100
32 0 259333
32 1 259408
79 0 259530
82 0 259642
79 1 259663
73 0 259755
82 1 259775
73 1 259823
77 0 259935
77 1 260015
8 0 260151
8 1 260247
8 0 260298
8 1 260373
8 0 260421
8 1 260501
8 0 260566
8 1 260667
80 0 260746
80 1 260874
82 0 260884
73 0 260986
82 1 261001
73 1 261049
77 0 261153
77 1 261238
85 0 261290
85 1 261365
76 0 261461
76 1 261551
32 0 261644
82 0 261727
32 1 261732
65 0 261786
82 1 261850
78 0 261871
78 1 261947
65 1 261957
68 0 261984
32 0 262031
68 1 262110
32 1 262132
68 0 262335
69 0 262411
68 1 262480
80 0 262491
69 1 262539
80 1 262577
73 0 262655
73 1 262729
78 0 262838
78 1 262934
68 0 262950
69 0 263002
32 0 263072
68 1 263077
69 1 263141
32 1 263152
67 0 263274
69 0 263374
67 1 263450
32 0 263496
69 1 263528
32 1 263549
70 0 263904
69 0 263984
76 0 264069
70 1 264080
69 1 264155
76 1 264228
32 0 264562
32 1 264619
68 0 264624
69 0 264705
68 1 264770
32 0 264802
69 1 264849
32 1 264870
90 0 264992
90 1 265143
73 0 265187
73 1 265261
8 0 265737
8 1 266116
73 0 266537
73 1 266649
32 0 266974
32 1 267025
8 0 268602
8 1 269162
8 0 269210
8 0 269737
8 0 269774
8 0 269811
8 0 269848
8 0 269886
8 0 269922
8 0 269960
8 0 269998
8 0 270034
8 0 270072
8 0 270109
8 0 270147
8 0 270184
8 0 270221
8 0 270259
8 0 270296
8 0 270334
8 0 270371
8 0 270409
8 0 270446
8 0 270483
8 0 270519
8 0 270557
8 0 270594
8 0 270632
8 0 270669
8 0 270707
8 0 270744
8 0 270782
8 0 270819
8 0 270856
8 0 270893
8 0 270931
8 0 270968
8 0 271005
8 0 271043
8 0 271081
8 0 271118
8 1 271161
13 0 271405
13 1 271657
8 0 271900
8 1 271997
16 0 272209
84 0 272358
84 1 272492
16 1 272591
82 0 272690
69 0 272791
82 1 272839
69 1 272898
90 0 272994
90 1 273100
73 0 273116
73 1 273233
84 0 273336
85 0 273393
84 1 273446
85 1 273462
76 0 273571
76 1 273644
32 0 273735
32 1 273814
77 0 273887
69 0 273953
77 1 273974
85 0 274032
69 1 274048
85 1 274118
8 0 274466
8 0 274995
8 0 275032
8 0 275069
8 0 275107
8 0 275144
8 0 275182
8 0 275218
8 0 275255
8 0 275293
8 0 275331
8 0 275368
8 0 275405
8 0 275443
8 0 275480
8 0 275518
8 0 275555
8 0 275593
8 0 275630
8 0 275666
8 0 275703
8 1 275768
20 0 276380
20 1 276524
79 0 277122
79 1 277219
20 0 277257
20 1 277354
82 0 277489
65 0 277606
82 1 277648
32 0 277724
65 1 277775
32 1 277796
65 0 277996
65 1 278126
8 0 278262
8 1 278364
76 0 278473
65 0 278563
76 1 278570
32 0 278706
65 1 278743
32 1 278791
67 0 278826
65 0 278881
67 1 278946
65 1 279021
82 0 279060
69 0 279118
32 0 279149
82 1 279186
32 1 279230
69 1 279236
77 0 279350
65 0 279387
77 1 279398
65 1 279520
32 0 279829
32 1 279888
84 0 279930
82 0 279988
69 0 280026
84 1 280057
82 1 280100
69 1 280106
90 0 280246
90 1 280394
69 0 280467
69 1 280564
83 0 280653
67 0 280797
83 1 280802
67 1 280956
32 0 281286
32 1 281360
68 0 281421
73 0 281512
68 1 281533
70 0 281602
73 1 281607
69 0 281688
70 1 281726
69 1 281789
82 0 281833
82 1 281916
65 0 282011
32 0 282063
32 1 282137
65 1 282153
73 0 282226
73 1 282306
78 0 282536
78 1 282624
32 0 282732
70 0 282810
32 1 282816
73 0 282929
70 1 282933
69 0 283015
73 1 283030
69 1 283117
67 0 283175
65 0 283249
67 1 283292
65 1 283372
82 0 283428
69 0 283502
82 1 283555
32 0 283561
69 1 283591
32 1 283639
68 0 283710
69 0 283758
68 1 283811
69 1 283875
79 0 283891
79 1 283971
65 0 284003
82 0 284115
65 1 284123
69 0 284222
82 1 284258
69 1 284343
67 0 284523
69 0 284615
67 1 284672
32 0 284727
69 1 284748
32 1 284794
68 0 284817
65 0 284870
68 1 284934
67 0 285011
65 1 285052
65 0 285074
67 1 285155
32 0 285187
65 1 285218
32 1 285271
65 0 285351
77 0 285442
65 1 285469
77 1 285517
32 0 285623
67 0 285659
32 1 285700
67 1 285802
85 0 285853
82 0 285945
85 1 285949
82 1 286055
83 0 286134
32 0 286191
83 1 286249
32 1 286265
65 0 286463
65 1 286602
8 0 286802
8 1 286886
76 0 287024
65 0 287088
76 1 287120
65 1 287221
32 0 287226
32 1 287381
104 0 288001
104 1 288101
188 0 290712
188 1 290840
32 0 290944
32 1 291028
77 0 291122
77 1 291208
32 0 291276
32 1 291381
8 0 291693
65 0 291805
8 1 291812
65 1 291934
32 0 292017
32 1 292090
84 0 292119
82 0 292167
69 0 292205
84 1 292270
82 1 292297
69 1 292340
90 0 292870
90 1 292982
69 0 293097
69 1 293176
83 0 293291
83 1 293375
67 0 293478
32 0 293531
67 1 293556
32 1 293599
76 0 293750
65 0 293863
76 1 293915
32 0 293981
65 1 294001
32 1 294160
103 0 294429
103 1 294541
32 0 294674
32 1 294838
8 0 295178
8 1 295307
32 0 296610
73 0 296750
32 1 296769
65 0 296829
73 1 296844
82 0 296941
65 1 296972
32 0 297064
82 1 297071
32 1 297136
68 0 297169
65 0 297211
68 1 297297
65 1 297346
67 0 297356
65 0 297416
67 1 297468
32 0 297517
65 1 297553
32 1 297585
65 0 297640
77 0 297709
65 1 297763
77 1 297784
32 0 297866
32 1 297958
76 0 298081
65 0 298167
76 1 298187
65 1 298310
32 0 298542
32 1 298716
105 0 299357
105 1 299481
32 0 299529
32 1 299679
77 0 299690
65 0 299780
77 1 299785
65 1 299897
32 0 299914
32 1 299991
84 0 300054
82 0 300113
69 0 300162
84 1 300210
82 1 300237
69 1 300264
90 0 300385
90 1 300520
69 0 300604
69 1 300679
83 0 300780
83 1 300876
67 0 300892
32 0 300988
67 1 301040
32 1 301062
76 0 301173
65 0 301231
76 1 301337
32 0 301371
65 1 301396
32 1 301561
104 0 301914
32 0 302042
104 1 302047
83 0 302170
32 1 302211
83 1 302319
73 0 302500
73 1 302606
32 0 302733
32 1 302912
84 0 302928
79 0 303026
84 1 303062
79 1 303138
84 0 303149
84 1 303276
32 0 303300
32 1 303415
65 0 303438
83 0 303600
65 1 303610
65 0 303685
83 1 303727
65 1 303798
190 0 306422
190 1 306537
32 0 306666
32 1 306724
16 0 306887
68 0 307047
16 1 307153
68 1 307181
69 0 307273
32 0 307365
69 1 307391
32 1 307460
68 0 307471
73 0 307540
68 1 307578
73 1 307609
77 0 307743
77 1 307840
73 0 307924
73 1 307998
78 0 308098
69 0 308157
78 1 308189
69 1 308270
84 0 308380
84 1 308453
8 0 308771
65 0 308898
8 1 308918
65 1 309000
84 0 309065
65 0 309138
84 1 309181
32 0 309214
32 1 309286
65 1 309318
65 0 309460
65 1 309598
77 0 309694
77 1 309764
32 0 309837
32 1 309905
8 0 310104
8 1 310189
8 0 310259
8 1 310328
80 0 310417
80 1 310503
82 0 310514
73 0 310609
82 1 310630
73 1 310683
78 0 310778
68 0 310849
78 1 310859
32 0 310940
68 1 310946
32 1 311022
76 0 311145
76 1 311236
65 0 311341
80 0 311453
65 1 311468
80 1 311537
84 0 311611
79 0 311650
84 1 311719
79 1 311746
80 0 311830
80 1 311902
85 0 312197
85 1 312303
76 0 312470
76 1 312597
8 0 313135
8 0 313661
8 0 313699
8 0 313736
8 0 313773
8 0 313811
8 0 313848
8 0 313886
8 0 313922
8 0 313959
8 0 313997
8 0 314034
8 0 314071
8 1 314136
8 0 314437
8 1 314550
8 0 314609
8 1 314703
77 0 315013
77 1 315089
65 0 315161
32 0 315175
32 1 315276
65 1 315292
68 0 315347
85 0 315374
68 1 315443
85 1 315466
67 0 315537
32 0 315606
67 1 315646
32 1 315678
76 0 315765
76 1 315824
65 0 315848
32 0 315918
65 1 315949
32 1 315992
66 0 316104
65 0 316179
66 1 316184
73 0 316298
65 1 316319
73 1 316366
69 0 316391
32 0 316524
69 1 316543
32 1 316596
73 0 316674
73 1 316759
77 0 316874
77 1 316943
73 0 316991
73 1 317070
32 0 317212
32 1 317334
70 0 317377
65 0 317452
70 1 317517
67 0 317592
65 1 317599
67 1 317735
32 0 317883
32 1 317950
82 0 318023
85 0 318109
82 1 318141
85 1 318210
84 0 318242
73 0 318323
84 1 318354
73 1 318402
78 0 318503
65 0 318571
78 1 318576
32 0 318667
65 1 318693
83 0 318746
32 1 318762
73 0 318848
83 1 318858
73 1 318933
32 0 319033
32 1 319128
65 0 319984
65 1 320090
80 0 320130
80 1 320254
79 0 320298
79 1 320415
73 0 320503
73 1 320576
32 0 320717
65 0 320784
32 1 320800
80 0 320907
65 1 320928
80 1 321008
82 0 321019
73 0 321093
82 1 321142
73 1 321185
78 0 321266
78 1 321357
68 0 321373
32 0 321426
68 1 321457
32 1 321521
76 0 321626
65 0 321706
76 1 321721
65 1 321807
80 0 321834
80 1 321914
84 0 321987
73 0 322045
84 1 322098
73 1 322125
80 0 322248
80 1 322310
8 0 322550
8 1 322618
8 0 322681
8 1 322760
79 0 322846
79 1 322953
80 0 323111
80 1 323195
85 0 323311
85 1 323412
76 0 324202
76 1 324275
188 0 325250
188 1 325325
32 0 325732
32 1 325800
85 0 325932
82 0 326023
85 1 326045
82 1 326140
77 0 326238
77 1 326300
65 0 326330
78 0 326436
65 1 326441
68 0 326515
78 1 326530
68 1 326605
32 0 326641
67 0 326697
32 1 326735
65 0 326783
67 1 326836
32 0 326863
65 1 326921
32 1 326937
73 0 327055
73 1 327130
78 0 327225
84 0 327284
82 0 327332
78 1 327342
69 0 327358
84 1 327412
82 1 327443
32 0 327465
69 1 327481
32 1 327545
84 0 327561
84 1 327689
73 0 327699
73 1 327785
77 0 328199
77 1 328273
80 0 328400
80 1 328500
32 0 328847
32 1 328978
83 0 329002
65 0 329039
83 1 329119
32 0 329146
65 1 329188
32 1 329247
73 0 329841
73 1 329937
77 0 330059
77 1 330140
73 0 330203
73 1 330298
32 0 330405
70 0 330483
32 1 330493
65 0 330547
70 1 330605
67 0 330691
65 1 330696
67 1 330803
32 0 330808
32 1 330883
67 0 330888
69 0 330936
67 1 330979
69 1 331043
86 0 331086
86 1 331193
65 0 331239
65 1 331366
32 0 331403
68 0 331520
32 1 331525
69 0 331579
68 1 331622
69 1 331696
32 0 331750
32 1 331808
77 0 331967
65 0 332047
77 1 332052
78 0 332164
65 1 332170
67 0 332244
78 1 332281
65 0 332303
67 1 332345
65 1 332420
82 0 332477
69 0 332535
82 1 332583
32 0 332610
69 1 332663
32 1 332710
83 0 332778
65 0 332842
83 1 332896
85 0 332923
65 1 332981
85 1 333013
32 0 333142
83 0 333222
32 1 333243
65 0 333275
83 1 333334
32 0 333403
65 1 333414
32 1 333493
77 0 333598
65 0 333662
77 1 333683
78 0 333752
65 1 333811
78 1 333848
65 0 333872
78 0 333952
65 1 333984
78 1 333995
78 0 334440
78 1 334540
8 0 334941
8 1 335085
67 0 335091
67 1 335207
32 0 335278
32 1 335362
67 0 335401
85 0 335470
67 1 335481
85 1 335568
8 0 335698
8 1 335784
8 0 335838
8 1 335928
85 0 336002
85 1 336098
78 0 336212
78 1 336286
32 0 336373
32 1 336459
70 0 336493
82 0 336514
70 1 336573
82 1 336642
85 0 336665
67 0 336724
85 1 336782
67 1 336820
84 0 336946
84 1 337052
111 0 337244
111 1 337350
73 0 337499
65 0 337601
73 1 337611
65 1 337747
85 0 338225
85 1 338332
82 0 338372
82 1 338461
84 0 338618
32 0 338714
84 1 338719
32 1 338798
67 0 338875
69 0 338966
67 1 339020
69 1 339211
32 0 339456
32 1 339524
77 0 339616
65 0 339659
77 1 339696
73 0 339792
65 1 339819
73 1 339861
32 0 340008
32 1 340109
71 0 340138
65 0 340218
71 1 340282
83 0 340373
65 1 340378
83 1 340485
69 0 340557
69 1 340653
83 0 340734
83 1 340853
67 0 340909
32 0 341015
67 1 341036
32 1 341083
80 0 341214
80 1 341310
82 0 341335
82 1 341426
73 0 341456
73 1 341525
78 0 341618
78 1 341713
32 0 341789
32 1 341890
70 0 341963
82 0 342075
70 1 342122
73 0 342165
82 1 342202
73 1 342326
71 0 342519
73 0 342615
71 1 342635
73 1 342732
68 0 342810
69 0 342874
68 1 342928
69 1 343014
82 0 343050
82 1 343183
190 0 343765
190 1 343827
16 0 347678
68 0 347816
68 1 347938
16 1 347960
69 0 348030
69 1 348130
32 0 348167
32 1 348224
77 0 348330
77 1 348490
69 0 348506
69 1 348618
82 0 348624
82 1 348762
83 0 348816
32 0 348900
83 1 348936
32 1 348984
78 0 349040
78 1 349146
85 0 349220
85 1 349316
32 0 349477
32 1 349535
80 0 349736
80 1 349805
82 0 349840
69 0 349883
65 0 349942
82 1 350000
69 1 350032
32 0 350043
65 1 350096
32 1 350117
77 0 350197
77 1 350298
69 0 350529
69 1 350614
82 0 350630
82 1 350732
71 0 350823
71 1 350972
188 0 351023
188 1 351215
32 0 351443
32 1 351521
68 0 351631
69 0 351716
68 1 351769
69 1 351822
67 0 351852
65 0 351916
67 1 351990
65 1 352065
84 0 352682
84 1 352820
8 0 353046
8 0 353572
8 0 353610
8 0 353647
8 0 353684
8 0 353721
8 1 353774
32 0 355431
32 1 355624
68 0 356108
68 1 356252
79 0 356461
65 0 356550
79 1 356615
65 1 356712
8 0 357225
8 1 357320
8 0 357385
8 1 357449
8 0 357504
8 1 357571
8 0 357631
8 1 357700
8 0 357770
8 1 357854
190 0 358742
190 1 358823
190 0 358876
190 1 358987
68 0 359020
79 0 359110
68 1 359148
79 1 359207
65 0 359237
65 1 359364
82 0 359395
82 1 359510
32 0 359548
32 1 359604
8 0 359911
8 1 359975
8 0 360112
8 1 360198
8 0 360274
8 1 360333
8 0 360405
8 1 360474
8 0 360772
8 1 360877
8 0 361331
8 0 361859
8 0 361898
8 0 361934
8 0 361972
8 0 362008
8 0 362045
8 0 362084
8 0 362120
8 0 362158
8 0 362195
8 0 362232
8 0 362269
8 0 362306
8 1 362366
32 0 362880
32 1 362954
78 0 363016
78 1 363101
85 0 363173
85 1 363264
32 0 363370
32 1 363444
82 0 363665
69 0 363675
82 1 363798
65 0 363808
69 1 363899
65 1 363947
8 0 364101
8 1 364175
8 0 364317
8 1 364398
8 0 364458
8 1 364516
8 0 364572
8 1 364640
8 0 364690
8 1 364780
8 0 364823
8 1 364882
8 0 364945
8 1 365051
78 0 365285
85 0 365413
78 1 365454
85 1 365507
32 0 365639
32 1 365712
80 0 365835
80 1 365915
82 0 365978
69 0 365994
65 0 366053
82 1 366101
69 1 366160
32 0 366170
65 1 366229
32 1 366261
65 0 366317
77 0 366371
65 1 366456
77 1 366461
32 0 366506
32 1 366624
85 0 366949
85 1 367083
78 0 367172
68 0 367273
78 1 367278
69 0 367342
68 1 367396
188 0 367449
69 1 367481
188 1 367518
32 0 367589
32 1 367696
65 0 367831
65 1 368033
83 0 368077
65 0 368152
83 1 368216
32 0 368248
65 1 368296
32 1 368338
67 0 368349
65 0 368445
67 1 368482
65 1 368530
32 0 368921
32 1 369017
77 0 369150
65 0 369241
77 1 369257
32 0 369342
65 1 369369
32 1 369438
68 0 369636
68 1 369775
69 0 369918
69 1 370013
80 0 370207
80 1 370292
76 0 370381
65 0 370445
76 1 370483
65 1 370563
83 0 370651
83 1 370740
69 0 370806
69 1 370875
90 0 371015
90 1 371101
32 0 371211
32 1 371267
73 0 371412
73 1 371519
78 0 371605
84 0 371712
78 1 371728
82 0 371755
69 0 371819
84 1 371824
82 1 371893
32 0 371909
69 1 371914
32 1 372006
83 0 372252
83 1 372364
67 0 372464
67 1 372597
65 0 372682
85 0 372788
65 1 372793
85 1 372891
78 0 373032
78 1 373117
85 0 373889
85 1 373975
76 0 374117
76 1 374202
32 0 374293
68 0 374377
32 1 374382
69 0 374425
68 1 374473
32 0 374505
69 1 374558
32 1 374579
76 0 374732
65 0 374817
76 1 374822
65 1 374934
32 0 375099
32 1 375179
66 0 375300
73 0 375380
66 1 375412
73 1 375481
82 0 375525
82 1 375653
79 0 375680
79 1 375776
85 0 375851
85 1 375941
32 0 376059
32 1 376155
83 0 376186
73 0 376277
83 1 376309
73 1 376341
32 0 376439
82 0 376520
32 1 376589
69 0 376615
82 1 376653
69 1 376701
83 0 376756
83 1 376862
84 0 376907
85 0 376976
85 1 377034
84 1 377040
76 0 377199
76 1 377365
32 0 377461
67 0 377547
32 1 377573
65 0 377600
67 1 377643
65 1 377728
83 0 377744
83 1 377840
69 0 377905
73 0 377971
69 1 378039
73 1 378060
32 0 378175
32 1 378281
80 0 378399
80 1 378472
84 0 378477
84 1 378595
32 0 378660
32 1 378755
67 0 378877
65 0 378989
67 1 378994
65 1 379116
32 0 379153
68 0 379190
32 1 379233
69 0 379254
68 1 379297
32 0 379350
69 1 379382
32 1 379451
79 0 379561
66 0 379647
79 1 379652
66 1 379758
73 0 379769
67 0 379881
73 1 379886
69 0 379982
73 0 380041
67 1 380046
73 1 380131
69 1 380142
32 0 380224
65 0 380289
32 1 380331
77 0 380406
65 1 380470
77 1 380497
32 0 380556
32 1 380641
79 0 380741
82 0 380842
79 1 380874
69 0 380895
82 1 380986
69 1 381045
32 0 381061
32 1 381199
68 0 381271
69 0 381341
68 1 381394
69 1 381490
32 0 381525
76 0 381642
32 1 381658
65 0 381695
76 1 381733
32 0 381823
65 1 381850
32 1 381994
104 0 382136
104 1 382248
32 0 382361
76 0 382457
32 1 382515
76 1 382601
65 0 382606
32 0 382702
65 1 382745
32 1 382883
104 0 383346
104 1 383468
8 0 383768
8 1 383853
8 0 383905
8 1 383980
8 0 384041
8 1 384107
8 0 384167
8 1 384257
68 0 384467
73 0 384541
68 1 384551
73 1 384643
77 0 384766
77 1 384845
73 0 384897
73 1 384991
78 0 385085
78 1 385181
69 0 385244
65 0 385307
69 1 385360
65 1 385425
84 0 385468
65 0 385547
32 0 385584
84 1 385616
32 1 385663
65 1 385695
76 0 385756
65 0 385842
76 1 385900
65 1 385969
32 0 386023
104 0 386145
32 1 386150
104 1 386267
32 0 386323
83 0 386414
32 1 386457
83 1 386526
69 0 386597
65 0 386681
69 1 386724
65 1 386793
82 0 386818
65 0 386903
82 1 386951
32 0 386973
65 1 387031
32 1 387063
83 0 387123
73 0 387165
83 1 387187
73 1 387257
32 0 387366
32 1 387441
78 0 387518
65 0 387582
78 1 387614
65 1 387785
188 0 387835
188 1 387914
32 0 388058
32 1 388154
78 0 388340
78 1 388441
85 0 388515
85 1 388600
32 0 388708
80 0 388804
32 1 388809
80 1 388884
82 0 388911
69 0 388986
65 0 389007
82 1 389050
69 1 389108
32 0 389162
65 1 389167
73 0 389252
32 1 389268
73 1 389321
77 0 389437
77 1 389517
73 0 389569
32 0 389660
73 1 389676
80 0 389788
32 1 389836
69 0 389878
80 1 389910
82 0 389974
69 1 390001
82 1 390086
77 0 390097
77 1 390172
73 0 390231
73 1 390343
84 0 390584
69 0 390648
84 1 390701
32 0 390738
69 1 390759
32 1 390834
80 0 391048
82 0 391123
80 1 391128
82 1 391219
79 0 392043
79 1 392150
71 0 392446
82 0 392490
71 1 392543
82 1 392613
65 0 392713
77 0 392852
65 1 392867
77 1 392938
85 0 393049
85 1 393128
76 0 393293
76 1 393361
188 0 393477
188 1 393578
32 0 393638
68 0 393742
32 1 393764
69 0 393801
68 1 393870
69 1 393923
73 0 394000
83 0 394011
73 1 394086
83 1 394145
8 0 394394
8 1 394479
8 0 394523
83 0 394619
8 1 394640
73 0 394710
83 1 394758
73 1 394811
65 0 395003
65 1 395120
8 0 395357
8 1 395427
32 0 395604
65 0 395655
32 1 395677
65 1 395800
67 0 395869
85 0 395939
67 1 396002
85 1 396034
32 0 396141
67 0 396220
32 1 396263
65 0 396274
67 1 396332
32 0 396370
65 1 396412
32 1 396476
73 0 396584
73 1 396658
84 0 396824
84 1 396958
8 0 397135
8 1 397198
78 0 397341
84 0 397464
78 1 397474
82 0 397517
84 1 397576
82 1 397602
65 0 397713
77 0 397784
65 1 397847
77 1 397858
32 0 397937
32 1 398038
73 0 398620
73 1 398705
78 0 398802
78 1 398882
32 0 398982
83 0 399025
32 1 399067
83 1 399142
69 0 399201
69 1 399313
83 0 399401
73 0 399481
83 1 399539
73 1 399566
85 0 399637
85 1 399706
78 0 400042
78 1 400122
69 0 400395
32 0 400498
69 1 400506
32 1 400581
65 0 400726
65 1 400869
77 0 400977
77 1 401062
32 0 401117
32 1 401208
77 0 401271
77 1 401362
65 0 401367
73 0 401431
65 1 401501
73 1 401533
32 0 401625
32 1 401704
85 0 401945
85 1 402020
8 0 402339
8 1 402435
77 0 402558
77 1 402660
85 0 402733
85 1 402813
76 0 402916
76 1 403033
84 0 403044
84 1 403156
32 0 403315
32 1 403406
84 0 403445
73 0 403530
84 1 403562
73 1 403605
77 0 403678
77 1 403747
80 0 403970
80 1 404087
32 0 404765
32 1 404845
80 0 405010
80 1 405063
84 0 405102
84 1 405197
32 0 405317
32 1 405402
67 0 405457
65 0 405580
67 1 405612
32 0 405676
65 1 405724
32 1 405783
8 0 406482
8 1 406700
8 0 406776
8 1 406899
8 0 406921
8 1 407450
8 0 407721
8 1 407853
8 0 407933
8 1 408039
8 0 408193
8 1 408305
16 0 408897
186 0 409000
186 1 409106
48 0 409239
48 1 409344
48 0 409387
48 1 409483
16 1 409542
8 0 410306
8 1 410376
8 0 410439
8 1 410518
8 0 411031
8 1 411100
8 0 411385
8 1 411459
190 0 412733
190 1 412791
16 0 416691
80 0 417098
80 1 417188
16 1 417248
65 0 417258
65 1 417375
82 0 417571
82 1 417720
69 0 417866
69 1 417988
82 0 418076
69 0 418150
65 0 418220
82 1 418241
69 1 418294
32 0 418337
65 1 418344
32 1 418409
77 0 418522
69 0 418586
77 1 418602
65 0 418617
69 1 418692
65 1 418766
32 0 418777
69 0 418892
32 1 418906
69 1 418981
32 0 419028
67 0 419073
32 1 419116
67 1 419241
65 0 419360
32 0 419499
65 1 419518
32 1 419582
69 0 419599
32 0 419722
69 1 419730
32 1 419828
86 0 420063
86 1 420179
65 0 420195
73 0 420297
65 1 420332
73 1 420403
32 0 420504
83 0 420606
32 1 420611
83 1 420712
73 0 420718
73 1 420796
32 0 420901
65 0 420963
32 1 420984
77 0 421077
65 1 421092
65 0 421152
77 1 421167
65 1 421290
82 0 421327
32 0 421391
82 1 421442
32 1 421474
68 0 421524
69 0 421594
68 1 421654
32 0 421696
69 1 421732
32 1 421764
83 0 421898
73 0 421996
83 1 422021
73 1 422075
83 0 422184
83 1 422290
84 0 422592
69 0 422682
84 1 422724
69 1 422810
77 0 422816
77 1 422895
85 0 422954
85 1 423039
76 0 423154
76 1 423240
32 0 423323
32 1 423412
65 0 423422
83 0 423552
65 1 423589
83 1 423702
65 0 423823
65 1 423977
8 0 424293
8 1 424432
84 0 424448
65 0 424510
84 1 424591
65 1 424682
190 0 425656
190 1 425731
32 0 425898
32 1 425962
16 0 426652
83 0 426971
83 1 427073
16 1 427143
69 0 427218
32 0 427335
69 1 427365
32 1 427450
70 0 427461
65 0 427585
70 1 427596
65 1 427725
67 0 427768
69 0 427869
67 1 427906
69 1 427991
8 0 428266
8 1 428352
32 0 428517
32 1 428606
66 0 428814
73 0 428871
66 1 428930
73 1 428946
78 0 429070
69 0 429156
78 1 429168
32 0 429299
69 1 429306
32 1 429410
68 0 429465
79 0 429584
68 1 429589
79 1 429668
65 0 429673
65 1 429791
82 0 429833
32 0 429944
82 1 429985
32 1 430050
76 0 430329
76 1 430414
85 0 430926
85 1 431036
8 0 431306
8 1 431419
8 0 431473
8 1 431591
77 0 432098
65 0 432233
77 1 432249
65 1 432367
84 0 432419
69 0 432486
84 1 432556
69 1 432594
82 0 432651
73 0 432709
82 1 432769
73 1 432806
73 0 432838
73 1 432955
76 0 433069
69 0 433183
76 1 433192
69 1 433284
111 0 433645
111 1 433725
79 0 434068
82 0 434176
79 1 434191
69 0 434233
82 1 434303
76 0 434373
69 1 434381
69 0 434458
76 1 434466
69 1 434565
32 0 434570
32 1 434669
70 0 434747
65 0 434839
70 1 434891
67 0 434967
65 1 434983
85 0 435059
67 1 435094
85 1 435185
84 0 435220
84 1 435338
69 0 435518
69 1 435625
32 0 435669
32 1 435790
68 0 435806
69 0 435886
68 1 435934
69 1 436025
32 0 436037
32 1 436125
80 0 436265
80 1 436352
82 0 436357
82 1 436459
79 0 436502
79 1 436560
70 0 436636
69 0 436731
70 1 436747
69 1 436827
83 0 436915
83 1 437007
79 0 437226
79 1 437316
82 0 437428
73 0 437491
82 1 437556
73 1 437572
73 0 437607
73 1 437690
32 0 437804
67 0 437855
32 1 437903
65 0 437914
67 1 437967
65 1 438036
82 0 438283
69 0 438342
82 1 438401
32 0 438412
69 1 438453
32 1 438512
67 0 438636
72 0 438705
67 1 438733
72 1 438787
73 0 438918
65 0 438986
73 1 439018
82 0 439114
65 1 439124
32 0 439226
82 1 439246
32 1 439305
73 0 439415
73 1 439501
83 0 439599
73 0 439690
83 1 439705
73 1 439775
32 0 439989
32 1 440073
73 0 440169
73 1 440233
85 0 440282
85 1 440384
66 0 440431
66 1 440522
69 0 440579
69 1 440680
83 0 440759
83 1 440860
67 0 440904
32 0 441016
67 1 441037
32 1 441079
77 0 441198
77 1 441278
69 0 441444
69 1 441536
83 0 441651
83 1 441730
69 0 441833
69 1 441907
82 0 441989
73 0 442096
82 1 442101
73 1 442197
65 0 442250
65 1 442393
188 0 444384
188 1 444486
32 0 444615
32 1 444712
83 0 444797
73 0 444848
83 1 444896
73 1 444928
32 0 445054
32 1 445127
79 0 446236
79 1 446301
32 0 446401
70 0 446518
32 1 446539
65 0 446582
70 1 446635
67 0 446720
65 1 446731
32 0 446818
67 1 446838
32 1 446891
67 0 446935
85 0 446983
67 1 447047
85 1 447084
32 0 447189
68 0 447264
32 1 447285
68 1 447344
82 0 447433
65 0 447524
82 1 447545
65 1 447636
71 0 447705
71 1 447839
188 0 447899
188 1 447978
8 0 448442
8 1 448511
8 0 453349
8 1 453465
190 0 454868
190 1 454958
32 0 455065
32 1 455154
16 0 457136
82 0 457248
82 1 457376
16 1 457414
69 0 457627
69 1 457725
83 0 457809
83 1 457898
84 0 457964
85 0 458016
84 1 458103
85 1 458113
76 0 458242
76 1 458328
32 0 458418
32 1 458501
76 0 458599
76 1 458669
85 0 458765
85 1 458851
67 0 459211
82 0 459398
67 1 459412
82 1 459595
85 0 459660
85 1 459761
82 0 459945
85 0 460057
82 1 460065
85 1 460152
8 0 460420
8 1 460521
73 0 460620
73 1 460731
79 0 460982
79 1 461077
8 0 461329
8 1 461451
8 0 461556
8 0 462083
8 0 462119
8 0 462156
8 0 462194
8 0 462231
8 1 462279
8 0 462636
8 1 462907
83 0 463575
83 1 463686
85 0 463809
85 1 463965
78 0 464085
78 1 464189
84 0 464239
84 1 464363
32 0 464369
32 1 464504
68 0 464591
69 0 464671
68 1 464724
69 1 464794
71 0 464838
69 0 464971
71 1 464991
65 0 465023
69 1 465114
66 0 465163
65 1 465173
65 0 465247
66 1 465279
65 1 465408
32 0 465505
32 1 465626
83 0 465845
73 0 465925
83 1 465936
73 1 466011
8 0 466355
8 1 466429
8 0 466495
8 1 466586
8 0 466645
8 1 466724
188 0 467091
188 1 467186
32 0 467278
32 1 467358
73 0 467442
65 0 467488
73 1 467542
65 1 467612
82 0 467635
82 1 467768
32 0 467785
83 0 467862
32 1 467874
73 0 467974
83 1 467985
83 0 468081
73 1 468086
83 1 468177
84 0 468270
69 0 468334
84 1 468421
77 0 468426
69 1 468441
77 1 468484
85 0 468607
85 1 468654
76 0 468981
76 1 469189
32 0 469337
32 1 469459
69 0 469530
69 1 469616
83 0 469693
83 1 469805
84 0 469872
69 0 469932
32 0 469974
84 1 469995
69 1 470064
32 1 470075
79 0 470203
79 1 470337
8 0 470515
70 0 470611
8 1 470618
79 0 470707
70 1 470727
65 0 470840
79 1 470847
65 1 471000
82 0 471029
82 1 471133
84 0 471188
69 0 471280
84 1 471322
32 0 471338
69 1 471395
32 1 471433
73 0 471534
73 1 471614
78 0 471729
78 1 471803
86 0 471956
86 1 472052
69 0 472125
69 1 472204
67 0 472273
72 0 472352
67 1 472378
72 1 472454
73 0 472546
73 1 472663
84 0 472707
84 1 472824
190 0 473886
190 1 473959
32 0 474088
32 1 474186
16 0 474485
73 0 474682
73 1 474800
16 1 474827
65 0 474959
65 1 475069
82 0 475095
32 0 475175
82 1 475228
32 1 475293
82 0 475337
69 0 475410
82 1 475458
69 1 475534
67 0 475603
69 0 475719
67 1 475773
78 0 475799
69 1 475857
78 1 475896
84 0 475953
32 0 476015
84 1 476058
32 1 476122
77 0 476208
16 0 476213
16 1 476256
77 1 476282
32 0 476385
32 1 476465
8 0 476780
8 1 477031
8 0 477260
8 1 477377
65 0 477409
77 0 477504
65 1 477552
77 1 477590
32 0 477677
32 1 477756
84 0 477772
79 0 477868
84 1 477878
84 0 477921
79 1 477948
84 1 478044
32 0 478060
65 0 478172
32 1 478177
85 0 478326
65 1 478331
85 1 478443
90 0 478532
90 1 478666
73 0 478671
73 1 478762
84 0 478854
84 1 478968
32 0 478973
32 1 479067
67 0 485403
67 1 485476
65 0 485744
65 1 485883
32 0 487185
32 1 487371
73 0 487475
73 1 487592
78 0 488746
78 1 488874
32 0 488879
32 1 489032
67 0 489068
67 1 489228
65 0 489239
65 1 489378
82 0 489428
82 1 489502
84 0 489585
73 0 489676
84 1 489686
73 1 489926
73 0 490088
73 1 490172
69 0 490494
69 1 490567
8 0 490902
8 1 490987
76 0 491170
69 0 491260
76 1 491270
32 0 491372
69 1 491383
32 1 491488
67 0 492307
69 0 492374
67 1 492418
76 0 492481
69 1 492496
76 1 492557
79 0 492602
82 0 492697
79 1 492719
82 1 492826
32 0 492850
32 1 492949
68 0 492954
69 0 493029
68 1 493072
69 1 493178
32 0 493189
32 1 493280
71 0 493733
73 0 493846
71 1 493861
73 1 493957
77 0 494087
77 1 494172
78 0 494746
78 1 494870
65 0 494893
65 1 495000
90 0 495116
73 0 495140
90 1 495183
73 1 495237
85 0 495302
85 1 495371
32 0 495754
32 1 495839
83 0 496065
83 1 496145
69 0 496182
32 0 496294
69 1 496342
32 1 496363
84 0 496400
79 0 496496
84 1 496507
84 0 496576
79 1 496581
84 1 496677
32 0 496730
32 1 496810
65 0 496873
65 1 497001
68 0 497126
65 0 497201
68 1 497259
65 1 497323
85 0 497465
85 1 497572
71 0 497596
71 1 497697
65 0 497950
32 0 498057
65 1 498084
32 1 498153
67 0 498176
67 1 498326
8 0 498850
8 1 498913
76 0 499090
76 1 499181
85 0 499281
85 1 499355
67 0 499464
82 0 499537
67 1 499617
82 1 499656
85 0 499741
85 1 499847
82 0 500368
73 0 500416
82 1 500480
73 1 500518
32 0 500616
32 1 500685
69 0 500854
69 1 500960
32 0 501127
32 1 501228
8 0 501450
8 1 501514
8 0 501586
8 1 501660
80 0 501896
69 0 502008
80 1 502013
69 1 502103
32 0 502164
67 0 502227
32 1 502248
67 1 502371
82 0 502573
69 0 502653
82 1 502706
69 1 502765
8 0 503108
8 1 503192
8 0 503235
65 0 503302
8 1 503340
65 1 503431
82 0 503442
69 0 503516
32 0 503542
82 1 503574
69 1 503617
32 1 503622
69 0 503710
85 0 503721
85 1 503806
69 1 503838
32 0 503922
32 1 503996
65 0 505621
77 0 505700
65 1 505781
77 1 505792
32 0 505844
32 1 505945
73 0 506043
73 1 506133
78 0 506219
67 0 506294
78 1 506321
69 0 506342
67 1 506411
80 0 506448
69 1 506470
80 1 506528
85 0 506624
85 1 506711
84 0 506716
84 1 506812
32 0 506842
32 1 506942
83 0 506958
65 0 507054
32 0 507102
83 1 507113
32 1 507187
65 1 507203
76 0 507311
69 0 507412
76 1 507417
32 0 507513
69 1 507530
32 1 507599
73 0 507689
73 1 507779
78 0 507862
86 0 507942
65 0 507979
78 1 507984
86 1 508075
65 1 508134
84 0 508295
84 1 508375
32 0 508446
32 1 508590
76 0 508730
65 0 508789
76 1 508815
32 0 508895
65 1 508933
32 1 509034
76 0 512160
76 1 512245
73 0 512307
73 1 512435
67 0 512445
69 0 512557
85 0 512600
67 1 512616
85 1 512674
69 1 512695
32 0 512798
32 1 512882
67 0 512921
85 0 512996
67 1 513017
85 1 513070
77 0 513494
77 1 513579
32 0 513966
65 0 514045
32 1 514050
82 0 514167
65 1 514188
32 0 514252
82 1 514306
32 1 514332
70 0 514409
73 0 514431
73 1 514511
70 1 514532
32 0 514620
32 1 514706
73 0 514794
73 1 514869
78 0 515238
78 1 515355
70 0 515594
79 0 515685
70 1 515696
79 1 515761
82 0 516011
77 0 516147
82 1 516163
65 0 516245
77 1 516255
65 1 516357
84 0 516367
73 0 516490
84 1 516510
73 1 516591
67 0 516685
65 0 516775
67 1 516834
65 1 516919
32 0 517014
32 1 517162
67 0 517890
67 1 518105
8 0 518573
8 1 518733
83 0 519606
73 0 519680
83 1 519759
73 1 519792
32 0 519906
32 1 520059
8 0 520261
8 1 520346
8 0 520409
8 1 520478
8 0 520509
8 1 520589
83 0 523702
83 1 523826
73 0 523946
73 1 524042
32 0 524149
77 0 524212
32 1 524281
77 1 524319
73 0 524380
32 0 524433
73 1 524471
83 0 524561
32 1 524631
83 1 524668
69 0 524736
32 0 524827
69 1 524880
80 0 524976
32 1 525008
65 0 525045
80 1 525104
65 1 525179
82 0 525195
69 0 525269
32 0 525328
82 1 525333
69 1 525381
32 1 525402
67 0 525491
65 0 525567
67 1 525619
32 0 525667
32 1 525741
65 1 525773
71 0 526274
82 0 526369
71 1 526439
82 1 526455
65 0 527134
65 1 527257
66 0 527343
73 0 527427
66 1 527464
73 1 527502
77 0 527613
77 1 527696
32 0 527775
32 1 527860
67 0 527865
67 1 528031
79 0 528076
79 1 528144
80 0 528261
80 1 528356
8 0 528890
8 1 528991
8 0 529052
8 1 529264
8 0 530101
8 1 530174
80 0 530493
82 0 530626
80 1 530669
69 0 530690
65 0 530770
82 1 530807
32 0 530850
69 1 530871
65 1 530914
32 1 530919
84 0 530998
65 0 531078
84 1 531137
65 1 531217
82 0 531233
69 0 531302
82 1 531366
32 0 531398
69 1 531430
32 1 531468
80 0 531613
80 1 531693
82 0 531699
82 1 531795
79 0 531818
79 1 531887
67 0 532325
69 0 532480
67 1 532501
69 1 532549
83 0 532658
89 0 532712
83 1 532738
89 1 532791
76 0 532930
76 1 533005
32 0 533114
32 1 533224
8 0 533474
8 1 533532
8 0 533593
8 1 533641
8 0 533685
8 1 533765
85 0 534805
76 0 534917
85 1 534922
76 1 534986
32 0 535117
32 1 535276
69 0 535375
69 1 535504
68 0 535527
68 1 535580
8 0 535829
8 1 535877
8 0 535960
8 1 536072
68 0 536106
69 0 536165
68 1 536224
32 0 536240
69 1 536309
32 1 536330
68 0 536476
69 0 536572
68 1 536620
69 1 536694
90 0 536843
90 1 536982
66 0 537407
79 0 537539
66 1 537544
79 1 537619
8 0 538365
8 1 538428
8 0 538488
8 1 538585
86 0 538647
86 1 538750
79 0 539151
79 1 539215
76 0 539411
76 1 539497
84 0 539690
84 1 539770
65 0 539855
65 1 539978
82 0 540023
69 0 540080
82 1 540178
188 0 540219
69 1 540234
188 1 540337
8 0 540803
8 1 540905
32 0 541522
32 1 541600
16 0 543179
73 0 543328
73 1 543456
16 1 543477
78 0 543618
78 1 543686
32 0 543764
32 1 543853
65 0 543869
65 1 543991
76 0 544002
76 1 544066
8 0 544257
8 1 544321
8 0 544384
8 1 544437
8 0 544481
8 1 544550
8 0 544600
8 1 544675
8 0 544741
8 1 544806
8 0 544866
8 1 544957
190 0 545580
190 1 545633
32 0 545834
32 1 545896
16 0 546110
73 0 546302
16 1 546403
73 1 546414
78 0 546547
78 1 546626
32 0 546686
32 1 546782
65 0 546810
65 1 546906
76 0 546929
76 1 546987
84 0 547087
69 0 547162
32 0 547226
84 1 547231
69 1 547258
32 1 547300
84 0 547381
65 0 547509
84 1 547515
65 1 547642
82 0 547653
73 0 547738
82 1 547781
73 1 547813
32 0 548285
83 0 548349
32 1 548359
85 0 548429
83 1 548450
85 1 548508
78 0 548612
84 0 548686
78 1 548692
32 0 548793
84 1 548798
32 1 548857
77 0 549046
77 1 549105
65 0 549135
73 0 549183
65 1 549252
73 1 549268
32 0 549393
32 1 549462
80 0 549577
80 1 549657
85 0 549749
85 1 549834
84 0 549850
73 0 549951
84 1 549994
73 1 550026
78 0 550262
69 0 550406
78 1 550422
32 0 550513
69 1 550523
32 1 550608
77 0 550685
65 0 550760
77 1 550829
65 1 550877
84 0 550958
69 0 551044
84 1 551097
69 1 551150
82 0 551201
73 0 551281
82 1 551324
73 1 551361
73 0 551404
73 1 551484
32 0 551625
83 0 551689
32 1 551706
73 0 551801
83 1 551833
73 1 551871
32 0 551974
32 1 552113
77 0 557508
77 1 557593
65 0 557639
73 0 557712
73 1 557797
65 1 557802
32 0 557904
66 0 557984
32 1 557988
73 0 558079
66 1 558116
73 1 558127
78 0 558243
69 0 558318
78 1 558323
32 0 558403
69 1 558430
32 1 558499
83 0 558547
83 1 558664
84 0 558850
84 1 558972
82 0 559085
82 1 559213
85 0 559351
85 1 559426
67 0 559512
67 1 559624
84 0 559716
85 0 559785
84 1 559839
85 1 559897
82 0 559930
82 1 560117
65 0 560243
65 1 560364
84 0 560460
69 0 560538
32 0 560566
84 1 560623
32 1 560661
69 1 560666
68 0 560790
73 0 560811
73 1 560896
68 1 560944
32 0 561145
32 1 561231
8 0 561486
8 1 561582
78 0 561706
78 1 561786
32 0 561865
67 0 561951
32 1 561972
69 0 561988
67 1 562068
69 1 562094
32 0 562142
83 0 562191
32 1 562211
83 1 562270
84 0 562326
73 0 562411
84 1 562448
73 1 562491
85 0 562542
85 1 562622
32 0 562732
69 0 562796
32 1 562818
85 0 562882
69 1 562919
85 1 562972
188 0 563155
188 1 563209
32 0 563588
32 1 563647
78 0 563716
78 1 563790
85 0 563850
85 1 563935
32 0 564036
83 0 564100
32 1 564142
83 1 564185
69 0 564242
32 0 564337
69 1 564353
32 1 564407
73 0 564612
73 1 564687
78 0 564776
86 0 564851
78 1 564888
65 0 565000
86 1 565048
65 1 565155
84 0 565211
65 0 565366
84 1 565403
32 0 565504
65 1 565552
32 1 565579
67 0 565628
65 0 565734
67 1 565777
32 0 565835
65 1 565862
32 1 565910
82 0 566396
82 1 566482
79 0 566527
79 1 566618
66 0 566649
66 1 566766
79 0 566874
79 1 566965
84 0 567089
84 1 567153
73 0 567158
73 1 567238
73 0 567268
73 1 567370
188 0 568597
188 1 568682
32 0 568976
32 1 569061
68 0 569705
73 0 569806
73 1 569886
68 1 569907
78 0 570038
78 1 570128
8 0 570488
8 1 570556
8 0 570626
8 1 570700
8 0 570747
8 1 570843
67 0 571341
69 0 571403
76 0 571452
67 1 571479
76 1 571516
69 1 571553
32 0 571604
32 1 571693
80 0 571829
80 1 571898
85 0 572019
85 1 572083
84 0 572093
73 0 572189
84 1 572237
73 1 572280
78 0 572389
78 1 572469
32 0 572556
32 1 572630
78 0 572694
78 1 572774
85 0 572826
85 1 572917
32 0 573038
68 0 573118
32 1 573123
69 0 573203
68 1 573246
32 0 573251
69 1 573315
32 1 573326
8 0 574517
8 1 574619
32 0 575006
76 0 575177
32 1 575187
76 1 575315
65 0 575326
32 0 575461
65 1 575469
32 1 575588
104 0 576822
104 1 576903
32 0 577038
65 0 577144
78 0 577208
32 1 577213
65 1 577288
78 1 577299
73 0 577364
73 1 577503
8 0 579235
8 1 579278
8 0 579981
8 1 580098
8 0 580156
8 1 580229
8 0 580274
8 1 580450
8 0 580589
8 1 580695
97 0 581517
97 1 581597
97 0 581624
97 1 581757
97 0 581973
97 1 582084
8 0 582474
8 1 582596
32 0 582646
65 0 582709
32 1 582784
78 0 582821
65 1 582890
78 1 582901
73 0 582988
73 1 583052
190 0 583712
190 1 583792
16 0 631144
73 0 631597
16 1 631726
73 1 631730
78 0 631856
78 1 631926
32 0 631996
32 1 632075
80 0 632207
80 1 632282
73 0 632407
73 1 632480
67 0 632638
67 1 632718
84 0 632986
85 0 633061
84 1 633077
85 1 633152
82 0 633263
82 1 633389
65 0 633400
32 0 633503
65 1 633538
32 1 633581
79 0 633685
79 1 633766
66 0 633790
66 1 633924
83 0 634040
83 1 634125
69 0 634200
69 1 634301
82 0 634378
82 1 634493
86 0 634599
32 0 634700
86 1 634737
32 1 634780
70 0 634873
70 1 635006
79 0 635038
79 1 635118
65 0 635185
82 0 635328
65 1 635335
82 1 635467
84 0 635567
69 0 635664
84 1 635718
32 0 635746
69 1 635796
32 1 635839
77 0 635944
77 1 636019
85 0 636089
85 1 636169
76 0 636302
84 0 636392
76 1 636398
73 0 636472
73 1 636535
84 1 636541
32 0 636645
32 1 636725
79 0 636851
79 1 636912
65 0 636954
77 0 637051
65 1 637056
77 1 637158
69 0 637193
78 0 637279
69 1 637294
78 1 637352
73 0 637436
73 1 637526
32 0 637657
32 1 637763
73 0 640092
73 1 640189
78 0 640481
78 1 640614
84 0 641143
82 0 641208
84 1 641288
82 1 641336
109 0 641661
109 1 641761
85 0 642107
85 1 642172
78 0 642325
78 1 642463
32 0 642608
32 1 642687
84 0 642750
73 0 642813
84 1 642867
73 1 642889
77 0 643011
77 1 643084
80 0 643188
80 1 643273
8 0 643632
8 0 644161
8 0 644195
8 0 644232
8 0 644270
8 0 644307
8 0 644344
8 0 644382
8 0 644419
8 0 644456
8 0 644494
8 0 644531
8 1 644585
8 0 644953
8 1 645048
188 0 645637
188 1 645697
32 0 645807
32 1 645874
83 0 645885
73 0 645971
83 1 646014
73 1 646045
32 0 646206
32 1 646264
65 0 646784
65 1 646881
82 0 647050
65 0 647162
82 1 647208
65 1 647290
84 0 647332
65 0 647390
84 1 647416
32 0 647487
65 1 647533
32 1 647582
67 0 647664
65 0 647754
67 1 647813
32 0 647873
65 1 647929
32 1 647951
83 0 647995
73 0 648053
83 1 648095
73 1 648139
32 0 648253
32 1 648347
67 0 648357
85 0 648416
85 1 648502
67 1 648539
77 0 648616
77 1 648702
32 0 648751
83 0 648825
32 1 648868
83 1 648922
69 0 648983
32 0 649085
69 1 649090
32 1 649181
80 0 649348
80 1 649412
69 0 649569
69 1 649665
84 0 649784
84 1 649933
82 0 650503
69 0 650599
82 1 650686
69 1 650745
67 0 650836
69 0 650938
67 1 651039
32 0 651066
69 1 651107
32 1 651144
65 0 651226
65 1 651361
67 0 651397
85 0 651497
67 1 651513
85 1 651627
77 0 651735
77 1 651810
32 0 651872
70 0 651957
32 1 651965
70 1 652131
8 0 652546
8 1 652625
77 0 652816
77 1 652912
85 0 652998
85 1 653087
76 0 653250
84 0 653329
76 1 653339
32 0 653440
84 1 653477
32 1 653519
77 0 653597
77 1 653673
8 0 653947
8 1 654020
8 0 654095
8 1 654256
8 0 654327
8 1 654400
8 0 654458
8 1 654522
8 0 654575
8 1 654660
8 0 654720
8 1 654784
68 0 656193
69 0 656250
68 1 656348
69 1 656396
83 0 656809
83 1 656911
84 0 656970
84 1 657097
8 0 657409
8 1 657520
8 0 657574
8 1 657661
8 0 657706
8 1 657763
8 0 657816
8 1 657891
32 0 658376
32 1 658438
67 0 658614
69 0 658687
67 1 658736
69 1 658811
86 0 658846
86 1 658984
65 0 659058
32 0 659159
65 1 659174
32 1 659237
84 0 659310
84 1 659390
8 0 659840
8 0 660369
8 0 660404
8 0 660442
8 0 660479
8 0 660516
8 0 660553
8 0 660591
8 0 660628
8 0 660666
8 0 660703
8 0 660741
8 1 660783
73 0 661380
73 1 661485
78 0 661654
78 1 661755
32 0 661849
84 0 661965
32 1 662007
82 0 662039
69 0 662077
84 1 662099
82 1 662153
69 1 662196
67 0 662255
85 0 662388
67 1 662403
84 0 662506
85 1 662514
84 1 662661
8 0 663046
8 0 663573
8 0 663608
8 0 663645
8 0 663682
8 0 663720
8 0 663757
8 0 663795
8 0 663832
8 0 663869
8 0 663907
8 0 663944
8 0 663981
8 0 664019
8 0 664056
8 0 664094
8 0 664130
8 0 664167
8 0 664205
8 0 664243
8 0 664279
8 0 664317
8 0 664354
8 1 664414
8 0 664742
8 0 665269
8 0 665305
8 0 665342
8 0 665380
8 1 665433
8 0 665709
8 1 665800
8 0 665860
8 1 665971
82 0 667076
69 0 667161
82 1 667218
69 1 667262
8 0 668205
8 1 668300
8 0 668358
8 1 668442
8 0 670341
8 0 670869
8 0 670904
8 0 670941
8 0 670979
8 0 671017
8 0 671054
8 0 671091
8 0 671128
8 1 671176
8 0 671312
8 1 671439
32 0 671958
32 1 672077
67 0 672201
65 0 672371
67 1 672381
65 1 672535
82 0 672646
69 0 672677
32 0 672715
82 1 672767
69 1 672847
32 1 672858
77 0 672972
65 0 673078
77 1 673086
73 0 673148
65 1 673238
73 1 673244
32 0 673352
68 0 673416
32 1 673469
69 0 673486
68 1 673549
69 1 673618
32 0 673672
32 1 673740
67 0 673785
65 0 673845
67 1 673893
65 1 674000
82 0 674099
69 0 674156
82 1 674199
69 1 674312
8 0 674401
8 0 674927
8 0 674964
8 0 675002
8 0 675039
8 0 675076
8 0 675113
8 0 675151
8 0 675188
8 0 675226
8 0 675263
8 0 675300
8 0 675338
8 1 675401
8 0 675551
8 1 675634
8 0 675696
8 1 675776
8 0 675821
8 1 675911
70 0 675938
73 0 676046
70 1 676072
73 1 676116
69 0 676132
69 1 676243
67 0 676301
65 0 676386
67 1 676438
65 1 676502
82 0 676578
69 0 676613
32 0 676677
82 1 676682
69 1 676762
32 1 676820
73 0 677963
73 1 678053
77 0 678209
77 1 678310
66 0 678582
66 1 678713
82 0 678812
82 1 678986
65 0 679334
65 1 679484
67 0 679553
65 0 679734
67 1 679766
65 1 679815
84 0 679916
32 0 680003
84 1 680033
32 1 680091
70 0 680124
82 0 680194
85 0 680231
70 1 680252
85 1 680321
82 1 680338
77 0 680468
77 1 680514
79 0 680586
79 1 680750
83 0 680760
83 1 680909
32 0 680950
32 1 681006
73 0 681123
73 1 681237
8 0 681437
8 1 681528
67 0 681569
85 0 681632
67 1 681718
85 1 681723
32 0 681852
32 1 682011
72 0 683041
72 1 683143
65 0 683158
73 0 683281
65 1 683333
73 1 683354
78 0 683510
69 0 683573
78 1 683606
32 0 683708
32 1 683797
69 1 683802
68 0 684255
69 0 684345
68 1 684413
32 0 684418
69 1 684488
32 1 684493
67 0 684549
67 1 684721
85 0 684726
85 1 684848
76 0 684997
76 1 685083
79 0 685147
79 1 685244
82 0 685281
73 0 685338
82 1 685391
73 1 685435
32 0 685566
32 1 685656
70 0 686407
70 1 686594
65 0 686775
65 1 686904
83 0 686932
83 1 687038
67 0 687114
67 1 687232
73 0 687302
73 1 687354
78 0 687751
78 1 687859
65 0 687882
78 0 687993
65 1 688003
78 1 688105
84 0 688110
69 0 688186
32 0 688238
84 1 688249
69 1 688296
32 1 688306
83 0 688348
73 0 688412
73 1 688487
83 1 688492
32 0 688607
32 1 688765
32 0 694190
32 1 694272
8 0 695885
8 1 696007
68 0 696033
73 0 696106
68 1 696153
73 1 696203
78 0 696293
78 1 696379
32 0 696445
67 0 696496
32 1 696544
69 0 696565
67 1 696613
32 0 696656
69 1 696666
86 0 696709
32 1 696730
86 1 696853
65 0 696904
65 1 697022
68 0 697032
32 0 697114
68 1 697149
32 1 697186
85 0 697954
85 1 698054
78 0 698159
78 1 698228
73 0 698319
73 1 698394
73 0 698445
73 1 698530
32 0 698635
32 1 698712
78 0 698774
78 1 698859
85 0 699107
85 1 699181
32 0 699303
32 1 699382
65 0 699393
85 0 699489
65 1 699516
85 1 699574
32 0 699694
32 1 699772
80 0 699886
80 1 699977
65 0 700005
80 0 700103
65 1 700123
80 1 700182
85 0 700306
85 1 700412
67 0 700429
73 0 700509
67 1 700545
73 1 700600
190 0 700778
190 1 700854
190 0 701048
190 1 701120
32 0 701249
32 1 701339
16 0 706881
70 0 707014
16 1 707114
70 1 707158
73 0 707192
73 1 707265
69 0 707271
69 1 707357
67 0 707441
65 0 707519
67 1 707572
65 1 707626
82 0 707758
69 0 707793
82 1 707846
32 0 707874
69 1 707890
32 1 707936
80 0 708062
80 1 708131
69 0 708156
69 1 708236
82 0 708287
82 1 708384
83 0 708525
83 1 708616
79 0 708621
79 1 708691
78 0 708871
65 0 708964
78 1 708967
65 1 709091
74 0 709437
74 1 709512
32 0 709619
32 1 709725
73 0 711078
73 1 711186
83 0 711211
73 0 711236
83 1 711311
73 1 711317
32 0 711437
32 1 711531
86 0 711721
69 0 711811
86 1 711855
69 1 711925
68 0 712003
69 0 712071
68 1 712113
32 0 712146
69 1 712162
32 1 712220
68 0 712254
69 0 712316
68 1 712370
69 1 712419
32 0 712670
32 1 712744
84 0 712772
82 0 712830
69 0 712841
84 1 712878
82 1 712910
69 1 712958
65 0 713045
65 1 713158
66 0 713274
66 1 713374
65 0 713398
188 0 713526
65 1 713534
188 1 713605
32 0 713929
32 1 714055
83 0 714080
83 1 714208
8 0 714436
8 1 714521
85 0 714642
85 1 714721
78 0 714843
78 1 714918
73 0 715053
73 1 715109
73 0 715164
73 1 715249
32 0 715357
83 0 715430
32 1 715435
83 1 715511
69 0 715633
69 1 715741
32 0 715767
32 1 715851
84 0 715879
84 1 716039
82 0 716098
82 1 716205
65 0 716300
78 0 716359
65 1 716402
78 1 716446
71 0 716517
32 0 716569
71 1 716638
32 1 716680
8 0 717021
8 1 717129
8 0 717180
8 1 717254
8 0 717283
8 1 717364
8 0 717393
8 1 717472
8 0 717527
8 1 717612
8 0 717649
8 1 717734
8 0 717770
8 1 717850
8 0 717891
8 1 717993
85 0 718197
85 1 718292
78 0 718419
84 0 718521
78 1 718536
32 0 718628
84 1 718647
32 1 718706
83 0 718722
83 1 718845
84 0 718950
82 0 719025
84 1 719068
82 1 719121
65 0 719250
78 0 719324
65 1 719328
78 1 719410
83 0 719592
73 0 719695
83 1 719705
73 1 719764
32 0 719862
32 1 719950
73 0 720024
73 1 720104
78 0 720181
78 1 720266
32 0 720324
71 0 720410
32 1 720431
82 0 720495
85 0 720527
71 1 720538
82 1 720564
85 1 720602
80 0 720756
80 1 720841
85 0 720942
82 0 721038
85 1 721043
73 0 721112
82 1 721138
73 1 721241
83 0 730922
73 0 731047
83 1 731048
73 1 731090
32 0 731208
32 1 731292
86 0 731317
79 0 731429
86 1 731450
79 1 731503
82 0 731542
82 1 731638
66 0 731661
66 1 731741
69 0 731766
69 1 731879
83 0 731957
67 0 732090
83 1 732111
32 0 732228
67 1 732238
65 0 732304
32 1 732318
65 1 732414
76 0 732454
76 1 732527
84 0 732563
73 0 732660
84 1 732668
73 1 732733
73 0 732793
73 1 732867
32 0 732978
83 0 733047
32 1 733062
83 1 733147
84 0 733201
65 0 733258
84 1 733306
85 0 733317
85 1 733382
65 1 733414
32 0 733500
32 1 733578
80 0 733800
80 1 733933
69 0 734134
69 1 734230
32 0 734235
32 1 734314
83 0 734337
83 1 734444
67 0 734545
65 0 734630
67 1 734662
65 1 734731
82 0 734780
73 0 734914
82 1 734921
73 1 735027
32 0 735152
32 1 735208
80 0 735391
80 1 735497
79 0 735541
79 1 735653
90 0 735912
65 0 735980
90 1 736049
78 0 736146
65 1 736177
78 1 736225
68 0 736386
68 1 736531
32 0 736537
32 1 736610
88 0 736881
65 0 736951
88 1 736961
65 1 737137
32 0 737168
32 1 737226
8 0 737461
8 1 737525
8 0 737587
8 1 737667
8 0 737714
67 0 737794
65 0 737820
8 1 737826
67 1 737900
32 0 737985
65 1 738007
32 1 738044
83 0 738090
73 0 738170
83 1 738207
73 1 738239
32 0 738352
67 0 738379
32 1 738421
67 1 738485
85 0 738496
85 1 738576
77 0 738691
77 1 738766
32 0 738832
65 0 738918
32 1 738929
82 0 739019
65 1 739041
32 0 739131
82 1 739152
32 1 739206
70 0 739234
73 0 739303
70 1 739341
73 1 739373
32 0 739474
32 1 739548
83 0 741215
83 1 741278
84 0 741346
65 0 741430
84 1 741478
32 0 741570
65 1 741585
32 1 741637
77 0 741744
77 1 741807
79 0 742047
79 1 742105
68 0 742233
69 0 742288
68 1 742340
76 0 742378
69 1 742399
76 1 742442
32 0 742545
32 1 742618
80 0 742718
80 1 742804
84 0 742820
32 0 742942
84 1 742947
32 1 743017
79 0 743143
79 1 743207
32 0 743339
32 1 743408
80 0 743533
80 1 743612
73 0 743683
73 1 743757
67 0 743851
67 1 743941
84 0 744062
85 0 744153
84 1 744195
85 1 744233
82 0 744317
65 0 744408
82 1 744472
65 1 744579
32 0 744623
32 1 744687
67 0 744698
69 0 744806
67 1 744841
69 1 744960
8 0 745457
8 1 745541
8 0 745613
8 1 745696
32 0 746488
32 1 746619
16 0 746636
16 0 747165
16 1 747216
8 0 747484
8 1 747585
8 0 747650
8 1 747696
190 0 749298
190 1 749361
190 0 749448
190 1 749547
65 0 750574
76 0 750707
65 1 750760
76 1 750792
73 0 751023
73 1 751098
8 0 751297
8 1 751392
84 0 751519
73 0 751603
84 1 751629
73 1 751688
73 0 751862
73 1 751948
73 0 752007
73 1 752075
32 0 752252
32 1 752330
80 0 752480
80 1 752554
65 0 752565
65 1 752704
82 0 752774
82 1 752902
8 0 753064
8 1 753123
8 0 753185
8 1 753253
8 0 753285
8 1 753355
8 0 753410
8 1 753472
8 0 753529
8 1 753604
32 0 753757
80 0 753889
32 1 753910
80 1 753990
65 0 754040
65 1 754135
82 0 754196
82 1 754329
32 0 754540
32 1 754612
83 0 754656
85 0 754731
83 1 754752
85 1 754816
80 0 755036
80 1 755121
65 0 755150
65 1 755278
82 0 755311
65 0 755371
82 1 755434
65 1 755477
84 0 755532
73 0 755610
84 1 755642
73 1 755680
32 0 755791
32 1 755891
83 0 756503
73 0 756633
83 1 756639
73 1 756685
65 0 757189
65 1 757307
82 0 757318
65 0 757431
82 1 757472
65 1 757580
8 0 758222
8 1 758296
8 0 758353
8 1 758434
8 0 758841
8 1 758888
32 0 759132
32 1 759199
65 0 759241
82 0 759315
65 1 759353
82 1 759502
65 0 759671
65 1 759863
84 0 759911
65 0 760007
84 1 760050
32 0 760087
65 1 760140
32 1 760177
71 0 760308
69 0 760393
71 1 760435
78 0 760516
69 1 760521
78 1 760595
8 0 761019
8 1 761103
8 0 761165
8 1 761249
8 0 761303
8 1 761393
8 0 761436
8 0 761965
8 0 762001
8 0 762039
8 0 762077
8 0 762113
8 0 762151
8 0 762187
8 1 762262
8 0 762472
8 1 762631
8 0 762671
8 1 762867
8 0 763264
8 1 763387
190 0 763591
190 1 763658
32 0 763986
32 1 764054
16 0 766225
78 0 766709
78 1 766811
16 1 766891
85 0 768006
85 1 768087
32 0 768240
65 0 768309
32 1 768314
77 0 768405
65 1 768464
77 1 768485
32 0 768535
32 1 768610
78 0 768652
78 1 768737
73 0 768806
67 0 768897
73 1 768913
73 0 768976
67 1 768998
73 1 769046
79 0 769137
79 1 769212
8 0 769649
8 1 769738
32 0 769892
79 0 769950
32 1 770040
79 1 770045
32 0 770091
73 0 770193
32 1 770246
73 1 770283
69 0 770461
69 1 770589
8 0 770783
68 0 770852
8 1 770863
69 0 770905
68 1 770964
69 1 771177
69 0 771253
69 1 771343
32 0 771381
32 1 771476
85 0 771834
85 1 771920
78 0 772214
78 1 772292
68 0 772308
69 0 772351
68 1 772410
32 0 772459
69 1 772466
32 1 772542
83 0 772571
83 1 772678
69 0 772738
32 0 772818
69 1 772866
32 1 772887
80 0 773037
69 0 773101
80 1 773117
69 1 773208
84 0 773273
82 0 773331
84 1 773406
82 1 773449
69 0 773529
69 1 773647
67 0 773720
69 0 773795
67 1 773854
69 1 773907
32 0 773938
32 1 774017
83 0 774028
83 1 774145
67 0 774266
69 0 774394
67 1 774399
69 1 774500
78 0 774506
78 1 774586
65 0 774700
32 0 774854
65 1 774865
68 0 774977
32 1 774982
65 0 775073
68 1 775132
65 1 775201
82 0 775271
82 1 775383
32 0 777133
32 1 777278
80 0 777327
80 1 777445
65 0 777461
65 1 777599
82 0 777686
69 0 777733
82 1 777808
32 0 777857
69 1 777882
32 1 777940
67 0 778029
69 0 778114
67 1 778157
86 0 778263
69 1 778295
86 1 778455
65 0 778604
65 1 778792
32 0 779073
32 1 779124
79 0 779366
79 1 779441
8 0 779864
8 1 780009
80 0 780725
80 1 780830
73 0 780929
73 1 780994
67 0 781061
67 1 781139
84 0 781294
84 1 781423
85 0 781429
85 1 781530
82 0 781579
82 1 781702
65 0 781732
32 0 781867
65 1 781877
32 1 781934
80 0 782065
80 1 782140
69 0 782190
69 1 782323
32 0 782350
32 1 782424
67 0 782475
65 0 782544
67 1 782592
65 1 782661
82 0 782718
69 0 782772
32 0 782830
82 1 782836
69 1 782916
32 1 782937
65 0 782978
65 1 783111
83 0 783512
83 1 783613
32 0 783667
32 1 783737
65 0 783770
65 1 783855
86 0 783929
86 1 784036
69 0 784106
65 0 784234
69 1 784266
65 1 784389
32 0 784621
32 1 784701
80 0 784836
80 1 784911
32 0 785045
32 1 785120
76 0 785248
76 1 785327
8 0 785478
8 1 785531
8 0 785604
8 1 785663
8 0 785701
8 1 785786
8 0 786036
8 1 786164
109 0 786412
109 1 786560
80 0 786949
80 1 787017
8 0 787201
8 1 787313
79 0 787379
79 1 787476
32 0 787516
76 0 787621
32 1 787653
76 1 787690
65 0 787851
32 0 787992
65 1 788011
32 1 788165
66 0 788191
85 0 788297
66 1 788372
85 1 788383
78 0 788536
78 1 788578
78 0 788927
78 1 789007
8 0 789248
8 1 789350
73 0 789718
73 1 789808
32 0 789964
32 1 790069
65 0 790118
65 1 790261
67 0 790396
65 0 790524
67 1 790561
65 1 790668
83 0 790673
65 0 790748
83 1 790790
65 1 790865
190 0 791172
190 1 791290
8 0 792386
8 0 792913
8 0 792951
8 0 792988
8 0 793025
8 0 793063
8 0 793100
8 0 793137
8 0 793175
8 0 793213
8 0 793251
8 0 793287
8 0 793325
8 0 793362
8 0 793399
8 0 793436
8 0 793474
8 0 793511
8 0 793548
8 0 793587
8 1 793655
8 0 793897
8 1 793976
8 0 794046
8 1 794114
8 0 794165
8 1 794244
8 0 794287
8 1 794371
8 0 794410
8 1 794506
8 0 794549
8 1 794628
69 0 795081
69 1 795214
32 0 795239
32 1 795333
65 0 795374
65 1 795465
82 0 795557
82 1 795680
32 0 796681
32 1 796739
65 0 796898
65 1 796999
86 0 797037
69 0 797201
86 1 797207
65 0 797287
69 1 797361
32 0 797410
65 1 797468
32 1 797489
8 0 797807
8 1 797940
109 0 798083
109 1 798227
79 0 798460
79 1 798550
32 0 798640
67 0 798733
32 1 798813
73 0 798872
67 1 798888
73 1 798973
78 0 799081
69 0 799160
78 1 799176
69 1 799273
65 0 799471
65 1 799621
8 0 800017
86 0 800129
8 1 800149
65 0 800203
86 1 800251
65 1 800369
32 0 800397
32 1 800475
65 0 800485
67 0 800592
65 1 800608
65 0 800688
67 1 800736
83 0 800832
65 1 800837
65 0 800913
83 1 800955
32 0 801045
65 1 801051
32 1 801136
76 0 801262
65 0 801330
76 1 801336
65 1 801464
32 0 801474
32 1 801565
84 0 801603
65 0 801688
84 1 801731
65 1 801816
82 0 801821
65 0 801907
82 1 801960
32 0 802035
65 1 802056
32 1 802120
76 0 802241
65 0 802305
76 1 802332
65 1 802417
32 0 802445
66 0 802530
32 1 802536
66 1 802680
8 0 802814
8 1 802899
8 0 802962
8 1 803036
8 0 803096
8 1 803160
8 0 803204
8 1 803306
8 0 803340
8 1 803489
111 0 803972
111 1 804073
76 0 804720
65 0 804768
76 1 804796
32 0 804903
65 1 804910
32 1 804981
66 0 805024
85 0 805104
66 1 805158
85 1 805190
78 0 805273
78 1 805353
73 0 805404
67 0 805484
73 1 805500
73 0 805527
67 1 805591
73 1 805617
190 0 805742
190 1 805827
32 0 807891
32 1 808028
8 0 813305
8 1 813426
188 0 824252
188 1 824400
32 0 824598
32 1 824762
79 0 824767
79 1 824847
82 0 824858
73 0 824933
82 1 825014
73 1 825030
32 0 825181
32 1 825356
8 0 826103
8 1 826167
8 0 826244
8 1 826297
8 0 826356
8 1 826409
8 0 826453
8 1 826532
8 0 826579
8 1 826643
32 0 826991
73 0 827146
32 1 827157
73 1 827263
65 0 827274
65 1 827365
82 0 827381
82 1 827531
32 0 827815
32 1 827889
67 0 827914
65 0 827987
67 1 828058
65 1 828111
84 0 828204
84 1 828272
73 0 828461
73 1 828561
86 0 828631
65 0 828736
86 1 828779
65 1 828887
32 0 828898
67 0 828967
32 1 828971
67 1 829100
8 0 829384
8 1 829468
86 0 829505
65 0 829596
86 1 829633
65 1 829718
68 0 829752
68 1 829849
32 0 829865
32 1 829928
67 0 829985
65 0 830059
67 1 830112
65 1 830182
32 0 830192
83 0 830256
32 1 830262
73 0 830379
83 1 830384
73 1 830443
32 0 830609
32 1 830684
67 0 830992
73 0 831104
67 1 831109
73 1 831173
84 0 831251
69 0 831390
84 1 831395
69 1 831497
83 0 831579
83 1 831665
67 0 831747
188 0 831847
67 1 831874
188 1 831937
32 0 832013
32 1 832125
65 0 832216
65 1 832344
85 0 832826
85 1 832906
32 0 833350
32 1 833504
85 0 833528
85 1 833608
78 0 833760
78 1 833856
32 0 833900
77 0 834007
32 1 834060
77 1 834070
73 0 834148
73 1 834238
67 0 834254
32 0 834383
67 1 834425
67 0 834532
32 1 834564
67 1 834681
76 0 834691
76 1 834750
85 0 834911
85 1 835017
66 0 835040
66 1 835158
32 0 835219
68 0 835299
32 1 835304
69 0 835390
32 0 835422
68 1 835454
32 1 835523
69 1 835549
76 0 835665
69 0 835756
76 1 835761
69 1 835841
67 0 835906
67 1 836007
84 0 836121
85 0 836238
84 1 836243
85 1 836334
82 0 836345
65 0 836468
82 1 836521
65 1 836633
16 0 842743
67 0 842909
16 1 843019
67 1 843041
73 0 843236
73 1 843325
8 0 843525
82 0 843611
8 1 843616
73 0 843735
82 1 843745
73 1 843813
8 0 844090
8 1 844157
8 0 844218
8 1 844286
8 0 844332
8 1 844417
16 0 846818
67 0 846915
67 1 847026
16 1 847076
69 0 847138
69 1 847222
73 0 847285
73 1 847371
32 0 847552
32 1 847641
68 0 847708
73 0 847809
68 1 847841
73 1 847889
78 0 847990
78 1 848070
32 0 848159
32 1 848244
77 0 848337
77 1 848423
73 0 848497
73 1 848571
74 0 849243
74 1 849306
76 0 849404
76 1 849473
79 0 849550
67 0 849598
79 1 849609
67 1 849721
32 0 849756
32 1 849831
80 0 849949
65 0 850013
80 1 850040
65 1 850152
82 0 850186
82 1 850324
32 0 850378
32 1 850464
80 0 850906
80 1 851050
69 0 851221
69 1 851365
82 0 851390
82 1 851523
83 0 851594
79 0 851679
83 1 851721
79 1 851753
78 0 851955
78 1 852034
65 0 852091
65 1 852220
75 0 852304
69 0 852389
75 1 852395
69 1 852495
76 0 852578
69 0 852616
76 1 852652
69 1 852711
8 0 853082
8 1 853150
8 0 853316
8 1 853389
8 0 853446
8 1 853548
8 0 853752
8 1 853854
74 0 854368
74 1 854442
69 0 854457
69 1 854545
76 0 854560
69 0 854618
76 1 854660
69 1 854714
32 0 854753
32 1 854838
80 0 854957
80 1 855005
82 0 855021
82 1 855133
73 0 855336
73 1 855411
78 0 855566
78 1 855657
67 0 855749
73 0 855824
67 1 855866
73 1 855903
80 0 856143
80 1 856239
65 0 856330
76 0 856463
65 1 856471
76 1 856542
69 0 856558
69 1 856660
32 0 856684
32 1 856741
80 0 856864
84 0 856899
80 1 856931
84 1 857028
32 0 857054
32 1 857132
67 0 857167
65 0 857237
67 1 857284
32 0 857326
65 1 857368
83 0 857390
32 1 857401
83 1 857496
85 0 857507
85 1 857592
78 0 857680
84 0 857744
78 1 857771
32 0 857840
84 1 857845
32 1 857909
73 0 857997
73 1 858077
78 0 858197
78 1 858261
32 0 858361
32 1 858430
77 0 858836
77 1 858916
73 0 858999
73 1 859073
74 0 859173
74 1 859237
76 0 859440
76 1 859526
79 0 859582
79 1 859667
67 0 859672
67 1 859764
188 0 859818
188 1 859883
8 0 860338
8 1 860445
190 0 860554
190 1 860656
