20 0 52131
20 1 52250
78 0 52358
20 0 52400
78 1 52470
20 1 52490
85 0 52934
85 1 53035
32 0 53701
73 0 53802
32 1 53813
73 1 53887
77 0 53996
77 1 54068
73 0 54147
32 0 54208
73 1 54232
80 0 54345
32 1 54350
80 1 54433
76 0 54523
65 0 54575
76 1 54605
65 1 54675
67 0 54783
67 1 54896
17 0 55513
65 0 55692
17 1 55714
65 1 55806
20 0 56158
20 1 56251
8 0 57171
8 1 57266
83 0 57313
83 1 57425
20 0 57506
20 1 57615
85 0 57617
85 1 57716
82 0 57809
82 1 57901
80 0 58151
80 1 58232
82 0 58323
82 1 58405
73 0 58789
73 1 58884
78 0 59001
78 1 59094
90 0 59175
90 1 59288
65 0 59437
65 1 59549
84 0 59678
84 1 59778
79 0 59841
79 1 59921
82 0 59931
82 1 60024
188 0 60095
188 1 60186
32 0 60326
32 1 60426
73 0 60487
73 1 60591
77 0 60709
77 1 60760
73 0 60850
73 1 60927
32 0 60941
32 1 61035
80 0 61073
80 1 61145
76 0 61237
65 0 61267
76 1 61320
65 1 61349
67 0 61437
67 1 61529
69 0 61611
32 0 61692
69 1 61732
32 1 61782
67 0 61853
85 0 61914
67 1 61946
85 1 61996
77 0 62124
32 0 62191
77 1 62206
32 1 62287
69 0 62390
32 0 62469
69 1 62491
32 1 62561
86 0 62965
86 1 63058
82 0 63147
69 0 63239
82 1 63311
77 0 63349
69 1 63372
69 0 63431
77 1 63481
69 1 63521
65 0 63653
65 1 63764
32 0 63784
32 1 63870
65 0 63885
65 1 63999
70 0 64449
70 1 64554
65 0 64646
65 1 64725
82 0 64783
65 0 64878
82 1 64886
32 0 64997
65 1 65018
32 1 65096
65 0 65106
65 1 65190
67 0 65303
85 0 65343
67 1 65404
85 1 65425
77 0 65555
32 0 65635
77 1 65657
32 1 65715
80 0 65817
80 1 65893
69 0 65908
69 1 65981
78 0 66064
84 0 66110
78 1 66151
82 0 66210
84 1 66264
85 0 66313
82 1 66334
85 1 66385
32 0 66425
32 1 66526
67 0 66604
67 1 66677
65 0 66786
32 0 66856
65 1 66878
32 1 66949
78 0 67688
78 1 67768
85 0 67871
32 0 67946
85 1 67961
32 1 68052
80 0 68090
80 1 68172
76 0 68255
76 1 68337
79 0 68406
79 1 68490
85 0 68619
85 1 68692
65 0 68747
65 1 68841
190 0 68943
190 1 69015
32 0 69034
32 1 69133
20 0 69163
20 1 69257
90 0 69376
20 0 69418
90 1 69508
20 1 69568
73 0 69600
73 1 69670
76 0 69819
76 1 69884
69 0 70124
69 1 70226
76 0 70297
69 0 70348
76 1 70413
69 1 70461
32 0 70488
32 1 70588
84 0 70821
84 1 70914
82 0 71026
82 1 71097
69 0 71187
69 1 71260
67 0 71389
67 1 71471
85 0 71482
85 1 71551
84 0 71601
84 1 71693
69 0 71812
32 0 71874
69 1 71935
32 1 71976
65 0 72034
32 0 72126
65 1 72166
32 1 72216
80 0 72319
80 1 72400
76 0 72502
76 1 72554
79 0 72937
79 1 73078
85 0 73231
85 1 73331
65 0 73401
65 1 73482
84 0 73835
84 1 73918
32 0 73938
32 1 74027
83 0 74158
83 1 74251
73 0 74260
73 1 74318
32 0 74329
32 1 74431
76 0 74471
76 1 74543
85 0 74657
67 0 74724
85 1 74744
67 1 74805
82 0 74937
85 0 75011
82 1 75024
85 1 75100
76 0 75585
76 1 75676
32 0 75695
32 1 75807
65 0 75858
83 0 75971
65 1 75981
83 1 76091
84 0 76234
84 1 76325
65 0 76425
32 0 76516
65 1 76547
77 0 76632
32 1 76638
77 1 76757
189 0 76929
189 1 77016
65 0 77092
65 1 77174
32 0 77193
32 1 77288
68 0 77474
68 1 77567
69 0 77647
69 1 77717
82 0 77821
82 1 77913
65 0 77983
78 0 78083
65 1 78104
78 1 78173
74 0 78273
74 1 78348
65 0 78354
65 1 78448
84 0 78567
84 1 78639
32 0 78668
32 1 78790
68 0 78912
68 1 78983
69 0 79053
69 1 79135
83 0 79244
83 1 79316
84 0 79439
84 1 79511
85 0 79530
85 1 79615
76 0 79740
32 0 79813
76 1 79834
32 1 79904
68 0 79921
68 1 80017
69 0 80083
32 0 80145
69 1 80186
32 1 80248
84 0 80538
84 1 80611
65 0 80679
65 1 80782
82 0 80875
69 0 80936
82 1 80987
16 0 80992
69 1 81030
186 0 81128
186 1 81219
16 1 81273
32 0 81330
32 1 81431
8 0 81721
8 1 81794
8 0 81875
8 1 81968
16 0 82113
190 0 82342
190 1 82412
16 1 82449
32 0 82491
32 1 82582
83 0 82975
65 0 83048
83 1 83111
65 1 83161
77 0 83179
77 1 83281
66 0 83462
66 1 83565
65 0 83703
65 1 83807
84 0 83887
84 1 83969
65 0 84060
188 0 84157
65 1 84163
188 1 84272
32 0 84394
32 1 84505
68 0 84644
68 1 84767
85 0 84767
85 1 84837
77 0 84978
77 1 85075
73 0 85173
73 1 85234
78 0 85342
78 1 85435
73 0 85566
73 1 85638
67 0 85735
67 1 85841
65 0 85981
188 0 86049
65 1 86062
188 1 86133
32 0 86255
32 1 86345
86 0 86706
86 1 86799
8 0 87234
8 1 87305
76 0 87467
76 1 87580
85 0 87728
85 1 87790
78 0 87992
78 1 88136
73 0 88247
73 1 88337
32 0 88397
32 1 88511
83 0 88547
83 1 88618
73 0 88648
73 1 88718
32 0 88728
32 1 88824
77 0 88892
77 1 88971
65 0 88983
65 1 89065
82 0 89196
82 1 89278
84 0 89418
84 1 89500
73 0 89640
73 1 89725
190 0 89895
190 1 89967
32 0 90440
20 0 90552
32 1 90572
20 1 90681
80 0 91288
20 0 91359
80 1 91400
20 1 91471
65 0 91572
65 1 91684
84 0 91803
82 0 91896
84 1 91949
82 1 91998
85 0 92025
85 1 92106
32 0 92116
32 1 92200
90 0 92308
90 1 92401
73 0 92411
73 1 92483
76 0 92612
69 0 92653
76 1 92694
32 0 92733
69 1 92765
32 1 92835
67 0 93127
67 1 93223
79 0 93228
79 1 93301
78 0 93421
83 0 93473
78 1 93494
83 1 93569
69 0 93644
69 1 93725
67 0 93847
67 1 93941
85 0 94071
85 1 94151
84 0 94172
84 1 94244
73 0 94311
73 1 94394
86 0 94425
86 1 94540
190 0 94636
190 1 94726
32 0 94777
32 1 94882
20 0 94898
20 1 95009
65 0 95069
20 0 95151
65 1 95222
20 1 95292
188 0 95394
188 1 95496
32 0 95586
78 0 95687
32 1 95708
78 1 95768
85 0 95880
85 1 95951
188 0 96111
32 0 96187
188 1 96203
32 1 96298
84 0 97052
84 1 97155
82 0 97244
82 1 97307
69 0 97396
69 1 97479
73 0 97498
73 1 97591
32 0 97630
32 1 97710
90 0 97841
90 1 97920
73 0 97930
73 1 98013
76 0 98143
69 0 98183
76 1 98217
69 1 98267
32 0 98305
32 1 98377
67 0 98913
67 1 98995
79 0 99053
79 1 99126
78 0 99261
78 1 99328
83 0 99337
83 1 99409
69 0 99511
69 1 99583
67 0 99720
67 1 99814
85 0 99886
85 1 99986
84 0 100056
84 1 100127
73 0 100157
73 1 100239
86 0 100289
86 1 100380
32 0 100472
32 1 100573
67 0 100642
67 1 100712
65 0 100803
32 0 100885
65 1 100905
32 1 100997
83 0 101026
65 0 101127
83 1 101189
77 0 101224
65 1 101230
77 1 101350
66 0 101614
66 1 101723
65 0 101846
65 1 101948
84 0 102038
84 1 102119
65 0 102180
65 1 102273
32 0 102667
32 1 102756
8 0 103262
8 1 103342
188 0 103462
32 0 103514
188 1 103546
32 1 103616
68 0 103664
65 0 103746
68 1 103789
65 1 103849
67 0 103927
67 1 104029
65 0 104099
32 0 104140
65 1 104192
32 1 104263
73 0 104393
73 1 104475
77 0 104605
77 1 104666
73 0 104766
73 1 104819
32 0 104840
32 1 104944
65 0 104958
77 0 105020
65 1 105083
77 1 105104
73 0 105195
73 1 105256
78 0 105354
84 0 105384
78 1 105436
69 0 105457
84 1 105519
69 1 105579
83 0 105689
83 1 105770
67 0 105840
67 1 105941
32 0 106214
32 1 106326
66 0 106456
73 0 106537
66 1 106569
73 1 106609
78 0 106720
69 0 106781
78 1 106802
69 1 106873
188 0 106931
32 0 106981
188 1 107014
32 1 107085
78 0 107143
78 1 107234
85 0 107326
32 0 107434
85 1 107449
32 1 107528
67 0 107630
67 1 107681
82 0 107810
69 0 107881
82 1 107933
69 1 107993
68 0 108074
68 1 108157
32 0 108176
32 1 108268
67 0 108518
67 1 108620
65 0 108733
32 0 108813
65 1 108844
32 1 108905
65 0 108943
32 0 109036
65 1 109057
32 1 109140
80 0 109225
80 1 109317
76 0 109409
76 1 109502
79 0 109580
79 1 109682
85 0 109802
65 0 109833
85 1 109874
65 1 109934
84 0 110491
84 1 110593
190 0 110696
190 1 110766
32 0 110916
32 1 111007
20 0 111087
20 1 111219
83 0 111379
20 0 111464
83 1 111544
20 1 111604
65 0 111683
65 1 111816
85 0 111827
85 1 111887
16 0 112146
191 0 112323
16 1 112389
191 1 112418
32 0 112433
32 1 112524
20 0 112564
20 1 112665
80 0 112756
80 1 112878
20 0 113030
20 1 113150
79 0 113220
79 1 113342
83 0 113394
83 1 113467
73 0 113555
73 1 113647
66 0 113898
66 1 114043
73 0 114073
73 1 114141
76 0 114283
76 1 114349
32 0 114364
32 1 114444
83 0 114524
65 0 114585
83 1 114658
32 0 114677
65 1 114719
32 1 114778
71 0 115172
71 1 115263
82 0 115375
69 0 115444
82 1 115517
69 1 115537
83 0 115647
83 1 115783
69 0 115891
69 1 115983
83 0 116091
83 1 116184
67 0 116235
67 1 116327
188 0 116621
188 1 116740
32 0 116781
32 1 116883
68 0 116902
68 1 116984
69 0 117073
69 1 117125
83 0 117246
83 1 117323
73 0 117337
73 1 117419
32 0 117479
32 1 117561
78 0 117588
78 1 117680
85 0 117780
32 0 117843
85 1 117864
32 1 117945
67 0 118053
67 1 118125
82 0 118256
69 0 118326
82 1 118378
69 1 118408
68 0 118520
68 1 118622
190 0 118650
190 1 118743
32 0 118814
32 1 118911
20 0 118924
20 1 119048
73 0 119064
20 0 119149
73 1 119158
20 1 119269
78 0 119408
78 1 119522
32 0 119560
32 1 119642
79 0 119845
79 1 119927
82 0 119944
82 1 120016
73 0 120087
67 0 120163
73 1 120169
67 1 120262
69 0 120338
32 0 120430
69 1 120451
32 1 120513
67 0 120623
67 1 120715
65 0 120793
65 1 120885
90 0 120987
90 1 121090
188 0 121178
188 1 121259
32 0 121320
32 1 121413
77 0 121512
77 1 121604
73 0 121735
73 1 121827
69 0 121845
32 0 121927
69 1 121948
32 1 122010
78 0 122128
78 1 122250
85 0 122351
32 0 122412
85 1 122433
32 1 122523
73 0 122543
73 1 122605
77 0 122725
77 1 122797
73 0 122888
32 0 122948
73 1 122979
32 1 123050
80 0 123121
80 1 123195
76 0 123281
65 0 123343
76 1 123384
65 1 123435
67 0 123544
67 1 123626
69 0 123728
69 1 123813
32 0 123827
32 1 123920
80 0 124072
80 1 124143
76 0 124272
76 1 124354
79 0 124425
79 1 124517
65 0 124556
65 1 124644
85 0 124657
85 1 124719
8 0 124910
8 1 125032
73 0 125102
73 1 125187
65 0 125202
65 1 125305
188 0 125386
188 1 125488
32 0 125526
32 1 125619
80 0 125799
80 1 125912
82 0 126132
69 0 126213
82 1 126256
69 1 126305
70 0 126366
69 0 126448
70 1 126500
69 1 126550
82 0 126660
82 1 126750
32 0 126871
32 1 126933
8 0 127224
8 1 127287
32 0 127671
32 1 127783
90 0 128165
65 0 128266
90 1 128308
65 1 128379
80 0 128388
65 0 128466
80 1 128481
65 1 128592
68 0 128733
65 0 128802
68 1 128874
65 1 128935
32 0 129046
32 1 129167
73 0 129300
73 1 129381
65 0 129399
65 1 129491
82 0 129581
82 1 129675
78 0 129704
78 1 129794
65 0 129885
65 1 129978
190 0 130056
190 1 130148
32 0 130177
32 1 130259
20 0 130341
20 1 130443
65 0 130676
20 0 130776
65 1 130836
78 0 130931
20 1 130948
78 1 131030
85 0 131118
85 1 131220
76 0 131342
32 0 131424
76 1 131444
32 1 131533
65 0 131665
65 1 131748
67 0 131846
67 1 131929
69 0 132008
69 1 132081
83 0 132200
83 1 132271
84 0 132394
84 1 132476
65 0 132544
65 1 132641
32 0 132657
78 0 132751
32 1 132753
78 1 132828
85 0 132918
32 0 132990
85 1 133012
32 1 133072
65 0 133103
32 0 133191
65 1 133223
32 1 133273
70 0 133705
70 1 133783
79 0 133798
83 0 133901
79 1 133914
83 1 134001
84 0 134113
84 1 134189
32 0 134203
32 1 134306
68 0 134355
68 1 134436
69 0 134496
69 1 134579
76 0 134668
76 1 134760
79 0 134842
67 0 134893
79 1 134926
67 1 135007
32 0 135023
32 1 135126
90 0 135285
65 0 135376
90 1 135438
65 1 135468
80 0 135497
65 0 135569
80 1 135610
65 1 135685
68 0 135793
65 0 135863
68 1 135923
65 1 135973
188 0 136207
188 1 136299
32 0 136327
32 1 136429
83 0 136490
80 0 136549
83 1 136612
80 1 136661
69 0 136711
69 1 136793
82 0 136872
82 1 136974
32 0 137016
32 1 137118
83 0 137206
83 1 137278
8 0 137379
8 1 137440
83 0 137803
65 0 137894
83 1 137957
32 0 137974
65 1 138017
32 1 138078
70 0 138259
70 1 138329
73 0 138463
69 0 138511
73 1 138543
32 0 138622
69 1 138653
32 1 138704
90 0 138874
65 0 138983
90 1 139029
65 1 139090
80 0 139198
65 0 139275
80 1 139291
65 1 139412
68 0 139539
65 0 139653
68 1 139706
65 1 139787
32 0 139878
32 1 139978
77 0 140099
77 1 140206
65 0 140220
65 1 140303
67 0 140384
67 1 140475
65 0 140543
65 1 140614
82 0 140686
82 1 140776
32 0 140787
32 1 140867
68 0 140929
68 1 141011
69 0 141079
32 0 141130
69 1 141171
32 1 141231
90 0 141402
90 1 141466
73 0 141524
73 1 141606
85 0 141698
65 0 141757
85 1 141767
65 1 141858
32 0 141900
32 1 142002
77 0 142102
77 1 142186
69 0 142203
65 0 142273
69 1 142325
65 1 142386
188 0 142414
188 1 142507
32 0 142525
32 1 142616
67 0 142687
67 1 142760
65 0 142818
65 1 142922
82 0 143021
69 0 143061
82 1 143114
69 1 143173
69 0 143263
32 0 143355
69 1 143376
32 1 143458
8 0 143829
8 1 143901
8 0 143982
69 0 144070
8 1 144087
32 0 144183
69 1 144214
32 1 144296
69 0 144315
32 0 144433
69 1 144447
32 1 144538
8 0 144719
8 1 144802
8 0 144891
8 1 144974
8 0 145053
8 1 145135
8 0 145236
8 1 145306
8 0 145408
8 1 145490
8 0 145578
8 1 145651
8 0 145843
8 1 145923
8 0 146014
8 1 146117
73 0 146328
73 1 146390
78 0 146509
32 0 146570
78 1 146591
32 1 146653
71 0 148258
69 0 148371
71 1 148392
78 0 148475
69 1 148482
69 0 148562
78 1 148613
69 1 148684
82 0 148744
82 1 148817
65 0 148906
76 0 148999
65 1 149010
76 1 149101
188 0 149209
188 1 149307
32 0 149320
32 1 149433
68 0 149473
68 1 149565
69 0 149633
32 0 149705
69 1 149746
32 1 149808
90 0 150159
90 1 150241
73 0 150322
73 1 150415
85 0 150513
65 0 150600
85 1 150605
65 1 150712
32 0 150725
32 1 150839
77 0 150877
77 1 150975
69 0 150988
65 0 151091
69 1 151133
188 0 151203
65 1 151222
188 1 151304
32 0 151323
32 1 151415
78 0 151465
78 1 151527
73 0 151637
73 1 151719
78 0 151818
78 1 151920
67 0 151939
67 1 152063
8 0 152315
71 0 152389
8 1 152407
69 0 152485
71 1 152520
69 1 152577
190 0 152688
190 1 152730
32 0 153327
32 1 153456
20 0 155681
20 1 155832
65 0 156765
65 1 156837
20 0 157263
20 1 157403
83 0 157553
83 1 157655
84 0 157784
84 1 157845
65 0 157947
65 1 158068
32 0 158082
32 1 158158
69 0 158230
32 0 158309
69 1 158332
32 1 158411
86 0 158674
86 1 158757
82 0 158865
69 0 158918
82 1 158999
77 0 159034
69 1 159040
77 1 159128
69 0 159129
69 1 159230
65 0 159725
65 1 159847
32 0 159887
32 1 159969
80 0 161141
80 1 161223
69 0 161242
69 1 161336
82 0 161434
82 1 161520
70 0 161638
70 1 161709
69 0 161859
69 1 161940
67 0 162073
67 1 162184
84 0 162360
84 1 162447
65 0 162558
65 1 162680
32 0 162699
80 0 162740
32 1 162781
80 1 162812
69 0 162900
69 1 162994
78 0 163051
78 1 163130
84 0 163142
82 0 163235
84 1 163296
85 0 163337
82 1 163358
85 1 163430
32 0 163517
32 1 163598
77 0 163759
77 1 163821
73 0 163891
73 1 163975
78 0 164083
69 0 164113
78 1 164149
32 0 164215
69 1 164237
32 1 164318
76 0 166623
76 1 166735
85 0 166906
85 1 166988
78 0 167118
78 1 167180
73 0 167281
73 1 167363
76 0 167471
69 0 167542
76 1 167574
32 0 167634
69 1 167696
32 1 167737
65 0 167774
83 0 167876
65 1 167906
83 1 167988
84 0 168108
84 1 168211
69 0 168312
65 0 168361
69 1 168433
65 1 168494
188 0 168563
188 1 168676
32 0 168697
32 1 168788
73 0 168816
73 1 168869
78 0 168999
32 0 169079
78 1 169103
32 1 169150
82 0 169260
82 1 169365
69 0 169463
69 1 169556
83 0 169677
83 1 169767
84 0 169857
84 1 169949
188 0 170070
188 1 170171
32 0 170243
32 1 170325
83 0 170433
83 1 170495
79 0 170565
65 0 170637
79 1 170658
65 1 170730
82 0 170828
69 0 170878
82 1 170951
190 0 170980
69 1 171001
190 1 171081
20 0 179822
20 1 179951
78 0 180022
20 0 180043
78 1 180145
20 1 180175
85 0 180274
85 1 180368
32 0 180446
32 1 180558
83 0 180587
83 1 180698
84 0 180833
73 0 180876
84 1 180893
73 1 180962
85 0 181054
32 0 181114
85 1 181136
32 1 181205
68 0 181457
68 1 181560
69 0 181630
32 0 181710
69 1 181752
32 1 181812
85 0 181953
85 1 182034
78 0 182157
78 1 182240
68 0 182257
68 1 182360
69 0 182428
32 0 182510
69 1 182560
32 1 182600
65 0 182671
65 1 182793
73 0 182823
73 1 182910
32 0 182923
32 1 183026
83 0 183108
83 1 183207
67 0 183348
67 1 183452
79 0 183530
79 1 183623
83 0 183642
32 0 183763
83 1 183794
32 1 183874
73 0 184036
73 1 184098
78 0 184218
84 0 184280
78 1 184300
84 1 184382
82 0 184471
82 1 184542
69 0 184644
69 1 184724
66 0 185249
66 1 185342
65 0 185452
65 1 185554
82 0 185635
73 0 185703
82 1 185736
73 1 185766
76 0 185896
69 0 185937
76 1 185978
69 1 186050
32 0 186273
32 1 186372
65 0 186441
83 0 186513
65 1 186575
83 1 186636
84 0 186756
84 1 186838
69 0 186929
65 0 187010
69 1 187082
65 1 187132
188 0 187170
188 1 187262
32 0 187282
32 1 187364
20 0 187384
20 1 187483
67 0 187566
20 0 187616
67 1 187698
20 1 187735
65 0 187816
65 1 187920
84 0 188061
84 1 188152
65 0 188232
76 0 188346
65 1 188365
76 1 188445
73 0 188556
73 1 188629
78 0 188746
78 1 188823
188 0 188931
32 0 189006
188 1 189025
32 1 189125
83 0 189191
83 1 189294
80 0 189326
80 1 189415
69 0 189430
69 1 189538
82 0 189638
82 1 189720
32 0 189829
32 1 189933
83 0 190052
65 0 190124
83 1 190215
32 0 190216
65 1 190267
32 1 190327
84 0 190718
69 0 190809
84 1 190884
32 0 190922
69 1 190947
32 1 191025
65 0 191104
77 0 191195
65 1 191205
77 1 191278
85 0 191387
85 1 191469
90 0 191612
90 1 191690
73 0 191709
73 1 191770
32 0 191862
32 1 191955
67 0 192034
67 1 192137
65 0 192215
78 0 192289
65 1 192310
78 1 192378
68 0 192388
68 1 192476
32 0 192490
32 1 192539
67 0 192945
67 1 193017
73 0 193045
73 1 193127
84 0 193238
69 0 193330
84 1 193381
69 1 193443
83 0 193552
83 1 193644
84 0 193741
84 1 193823
73 0 193875
73 1 193966
32 0 193988
32 1 194098
82 0 194299
82 1 194389
65 0 194491
65 1 194573
83 0 194624
83 1 194755
80 0 194785
80 1 194888
85 0 195017
85 1 195070
78 0 195179
78 1 195259
83 0 195270
83 1 195373
85 0 195383
85 1 195454
73 0 195594
73 1 195714
76 0 195876
76 1 195969
69 0 196039
69 1 196149
32 0 196160
32 1 196241
77 0 196321
77 1 196417
65 0 196431
65 1 196555
67 0 196684
67 1 196778
65 0 196819
65 1 196921
82 0 196989
82 1 197061
190 0 197181
190 1 197253
32 0 197486
32 1 197558
20 0 198024
20 1 198142
83 0 198213
20 0 198267
83 1 198365
20 1 198415
65 0 198496
65 1 198619
85 0 198630
85 1 198701
32 0 198716
32 1 198831
83 0 198858
65 0 198931
83 1 199015
32 0 199033
65 1 199071
32 1 199153
67 0 199254
67 1 199339
8 0 199617
8 1 199688
83 0 199749
85 0 199830
83 1 199852
85 1 199872
78 0 199992
78 1 200065
73 0 200166
73 1 200249
32 0 200265
32 1 200366
71 0 200528
71 1 200601
65 0 200719
65 1 200802
71 0 200870
71 1 200936
73 0 200941
73 1 201024
67 0 201084
73 0 201135
67 1 201188
73 1 201228
76 0 201390
69 0 201449
76 1 201470
69 1 201565
32 0 201580
32 1 201660
67 0 201822
67 1 201925
65 0 201983
32 0 202095
65 1 202136
32 1 202218
84 0 202650
79 0 202732
84 1 202743
79 1 202820
84 0 202825
84 1 202899
32 0 202914
32 1 203015
78 0 203330
69 0 203419
78 1 203440
69 1 203522
189 0 203631
189 1 203702
65 0 203732
65 1 203836
73 0 203898
73 1 203958
32 0 203978
32 1 204068
67 0 204178
67 1 204281
69 0 204379
69 1 204461
82 0 204532
82 1 204645
85 0 204663
85 1 204735
84 0 204906
84 1 204990
32 0 205048
32 1 205180
78 0 205211
78 1 205292
85 0 205384
85 1 205454
77 0 205586
77 1 205659
65 0 205674
65 1 205755
82 0 206141
82 1 206254
85 0 206343
85 1 206396
76 0 206545
76 1 206628
32 0 206646
32 1 206726
68 0 206778
68 1 206880
69 0 206948
32 0 207020
69 1 207071
32 1 207122
84 0 207211
69 0 207293
84 1 207345
69 1 207416
76 0 207443
69 0 207485
76 1 207547
69 1 207607
70 0 207981
70 1 208055
79 0 208061
79 1 208137
78 0 208275
78 1 208367
32 0 208385
32 1 208497
16 0 208667
186 0 208909
186 1 209011
48 0 209145
48 1 209226
16 1 209275
32 0 209276
32 1 209358
8 0 210022
8 1 210113
8 0 210196
8 1 210268
8 0 210337
8 1 210460
16 0 210536
190 0 210831
190 1 210944
48 0 211105
48 1 211188
16 1 211225
32 0 211226
32 1 211329
20 0 215971
20 1 216101
77 0 216203
20 0 216243
77 1 216305
20 1 216394
65 0 216567
32 0 216698
65 1 216718
32 1 216808
84 0 217039
84 1 217132
82 0 217233
82 1 217338
69 0 217404
69 1 217477
90 0 217617
90 1 217739
69 0 217842
69 1 217923
83 0 218032
83 1 218114
67 0 218206
32 0 218326
67 1 218347
32 1 218406
68 0 219346
68 1 219448
69 0 219540
32 0 219598
69 1 219632
32 1 219689
68 0 219761
68 1 219874
73 0 219901
73 1 219974
77 0 220084
77 1 220156
73 0 220224
73 1 220296
78 0 220386
69 0 220426
78 1 220489
65 0 220540
69 1 220592
65 1 220641
84 0 220741
84 1 220834
65 0 220903
188 0 220989
65 1 220994
188 1 221107
32 0 221148
32 1 221239
80 0 221268
80 1 221331
69 0 221346
69 1 221440
78 0 221501
84 0 221560
78 1 221584
82 0 221651
84 1 221682
85 0 221737
82 1 221752
85 1 221815
32 0 221844
32 1 221954
65 0 222015
32 0 222127
65 1 222148
32 1 222219
8 0 222531
8 1 222582
8 0 222682
67 0 222754
8 1 222766
67 1 222865
65 0 222957
32 0 223018
65 1 223058
32 1 223159
20 0 223382
20 1 223493
65 0 223634
65 1 223746
77 0 223765
77 1 223856
32 0 223886
32 1 223978
79 0 224016
79 1 224112
32 0 224148
32 1 224249
77 0 224311
77 1 224392
73 0 224504
69 0 224572
73 1 224595
32 0 224655
69 1 224676
32 1 224836
68 0 224988
68 1 225040
69 0 225100
32 0 225199
69 1 225231
32 1 225301
76 0 225334
76 1 225414
85 0 225524
67 0 225611
85 1 225615
67 1 225707
82 0 225816
85 0 225878
82 1 225919
85 1 225970
82 0 225991
82 1 226090
73 0 226131
73 1 226232
32 0 226365
32 1 226476
68 0 226504
68 1 226606
69 0 226656
32 0 226747
69 1 226788
32 1 226828
70 0 226911
70 1 226991
65 0 227070
65 1 227151
67 0 227232
67 1 227335
85 0 227363
85 1 227449
84 0 227485
84 1 227566
20 0 227656
20 1 227758
190 0 229557
190 1 229659
32 0 229680
32 1 229811
20 0 230288
20 1 230401
65 0 230480
20 0 230571
65 1 230631
20 1 230702
83 0 230761
83 1 230886
32 0 230905
32 1 231007
86 0 231329
86 1 231449
82 0 231550
82 1 231651
69 0 231731
65 0 231824
69 1 231886
32 0 231906
65 1 231967
32 1 232029
83 0 232106
65 0 232187
83 1 232264
32 0 232267
65 1 232320
77 0 232355
32 1 232362
77 1 232454
69 0 232460
69 1 232551
82 0 232632
82 1 232725
71 0 232824
71 1 232916
32 0 233028
32 1 233099
79 0 233229
79 1 233322
82 0 233451
82 1 233542
73 0 233622
73 1 233653
67 0 233735
85 0 233794
67 1 233836
85 1 233856
8 0 234138
8 1 234170
8 0 234239
8 1 234342
85 0 234441
85 1 234528
78 0 234636
68 0 234705
78 1 234738
68 1 234796
69 0 234888
69 1 234970
188 0 235082
32 0 235207
188 1 235222
32 1 235313
78 0 235484
78 1 235536
85 0 235636
85 1 235716
77 0 235817
77 1 235895
65 0 235908
73 0 235990
65 1 236012
32 0 236056
73 1 236072
32 1 236171
83 0 236201
65 0 236252
83 1 236340
32 0 236344
65 1 236385
32 1 236457
78 0 236515
78 1 236597
85 0 236698
85 1 236775
32 0 236787
77 0 236900
32 1 236911
77 1 237003
65 0 237030
73 0 237101
65 1 237154
73 1 237195
32 0 237235
32 1 237327
83 0 237536
83 1 237639
84 0 237740
84 1 237831
65 0 237882
85 0 237971
65 1 237992
85 1 238073
32 0 238142
65 0 238224
32 1 238235
65 1 238388
67 0 238456
67 1 238570
65 0 238640
83 0 238778
65 1 238791
65 0 238882
83 1 238954
188 0 238982
65 1 239035
188 1 239066
32 0 239123
32 1 239217
68 0 239279
65 0 239366
68 1 239418
65 1 239498
82 0 239548
32 0 239620
82 1 239641
32 1 239713
65 0 239833
65 1 239896
67 0 240003
85 0 240054
67 1 240106
85 1 240155
77 0 240298
77 1 240392
188 0 240560
188 1 240653
32 0 240701
32 1 240797
67 0 240834
85 0 240935
67 1 240956
85 1 241016
32 0 241035
32 1 241160
80 0 241188
80 1 241280
65 0 241328
78 0 241435
65 1 241440
78 1 241505
68 0 241511
68 1 241606
69 0 241703
77 0 241774
69 1 241784
77 1 241877
73 0 241965
73 1 242036
65 0 242169
188 0 242274
65 1 242281
188 1 242370
32 0 242411
32 1 242534
78 0 242805
78 1 242888
85 0 243006
32 0 243089
85 1 243109
83 0 243192
32 1 243212
83 1 243322
69 0 243381
32 0 243452
69 1 243493
32 1 243555
80 0 243585
80 1 243686
82 0 243755
82 1 243847
69 0 243917
65 0 243977
69 1 244049
32 0 244078
65 1 244151
32 1 244192
80 0 244240
80 1 244342
79 0 244453
65 0 244530
79 1 244538
65 1 244640
84 0 244737
69 0 244816
84 1 244870
69 1 244920
32 0 245029
32 1 245132
65 0 245192
65 1 245282
83 0 245353
83 1 245485
84 0 245627
84 1 245689
65 0 245828
65 1 245921
190 0 246010
190 1 246091
32 0 246215
32 1 246305
20 0 246840
20 1 246991
73 0 247528
73 1 247590
20 0 247608
77 0 247719
20 1 247740
77 1 247791
73 0 247873
32 0 247931
73 1 247952
32 1 248033
80 0 248094
80 1 248155
76 0 248244
65 0 248265
76 1 248316
65 1 248377
67 0 248458
67 1 248571
69 0 248689
32 0 248760
69 1 248791
32 1 248842
83 0 248922
65 0 249013
83 1 249058
32 0 249063
65 1 249137
32 1 249167
70 0 249468
70 1 249540
65 0 249630
65 1 249741
67 0 249854
67 1 249944
32 0 249995
83 0 250065
32 1 250086
83 1 250199
80 0 250298
80 1 250389
79 0 250470
79 1 250573
82 0 250651
82 1 250783
84 0 250864
84 1 250967
32 0 250995
32 1 251119
73 0 252628
73 1 252694
78 0 252805
32 0 252876
78 1 252907
32 1 252979
84 0 253068
73 0 253119
84 1 253141
73 1 253202
77 0 253321
77 1 253392
80 0 253524
80 1 253597
85 0 253726
85 1 253799
76 0 253907
32 0 253958
76 1 254010
32 1 254061
83 0 254110
65 0 254170
83 1 254233
65 1 254282
80 0 254384
80 1 254466
84 0 254545
84 1 254616
65 0 254716
65 1 254809
77 0 254829
77 1 254921
65 0 254990
65 1 255123
78 0 255201
78 1 255283
73 0 255395
73 1 255467
73 0 255535
32 0 255607
73 1 255627
32 1 255719
83 0 255739
83 1 255841
69 0 255929
69 1 256013
65 0 256042
65 1 256134
82 0 256183
65 0 256286
82 1 256306
65 1 256415
32 0 256455
32 1 256568
83 0 256598
73 0 256638
83 1 256690
73 1 256731
32 0 256799
73 0 256866
32 1 256882
73 1 256932
78 0 257032
32 0 257103
78 1 257124
32 1 257205
87 0 257769
87 1 257884
69 0 257972
69 1 258065
69 0 258134
75 0 258237
69 1 258258
75 1 258339
69 0 258620
69 1 258713
78 0 258862
78 1 258954
68 0 259125
68 1 259259
32 0 259289
32 1 259371
67 0 260864
67 1 260957
72 0 261412
72 1 261483
73 0 261626
65 0 261675
73 1 261696
65 1 261765
82 0 261827
32 0 261933
82 1 261948
32 1 262039
83 0 262148
83 1 262205
73 0 262210
73 1 262292
32 0 262322
32 1 262396
77 0 262452
77 1 262535
65 0 262583
73 0 262623
65 1 262686
73 1 262706
32 0 262755
32 1 262847
77 0 262866
77 1 262939
85 0 263060
85 1 263130
76 0 263262
84 0 263312
76 1 263333
84 1 263385
188 0 264221
188 1 264329
32 0 264344
32 1 264444
77 0 264484
77 1 264557
69 0 264565
69 1 264646
82 0 264738
82 1 264820
71 0 264929
71 1 265021
32 0 265081
32 1 265193
76 0 265232
65 0 265315
76 1 265336
65 1 265414
32 0 265425
32 1 265527
83 0 265557
65 0 265649
83 1 265700
65 1 265799
76 0 265839
65 0 265900
76 1 265962
65 1 266053
32 0 266365
32 1 266446
68 0 266568
68 1 266649
69 0 266731
32 0 266800
69 1 266841
32 1 266903
67 0 267005
67 1 267096
65 0 267194
65 1 267288
84 0 267417
69 0 267529
84 1 267550
69 1 267611
86 0 267740
86 1 267812
65 0 267973
65 1 268087
32 0 269126
32 1 269227
76 0 269371
76 1 269452
85 0 269571
85 1 269644
78 0 269742
78 1 269818
73 0 269884
32 0 269916
73 1 269966
32 1 269996
66 0 270119
85 0 270168
66 1 270220
85 1 270251
78 0 270349
78 1 270440
69 0 270522
69 1 270573
190 0 270743
190 1 270829
32 0 271208
32 1 271343
20 0 271433
20 1 271555
76 0 271584
20 0 271637
76 1 271687
20 1 271745
65 0 271856
65 1 271954
32 0 271968
80 0 272034
32 1 272050
80 1 272131
82 0 272180
82 1 272253
65 0 272322
78 0 272420
65 1 272423
78 1 272524
90 0 272929
90 1 273062
32 0 273221
32 1 273324
77 0 273362
77 1 273458
65 0 273473
65 1 273571
73 0 273576
73 1 273648
78 0 273797
78 1 273862
8 0 274052
8 1 274124
8 0 274203
8 1 274267
78 0 274404
65 0 274454
78 1 274486
65 1 274537
78 0 274608
78 1 274713
67 0 274727
67 1 274819
32 0 274871
32 1 274983
83 0 275081
83 1 275142
73 0 275143
73 1 275235
32 0 275296
32 1 275357
73 0 275445
65 0 275507
73 1 275528
65 1 275589
85 0 275648
32 0 275698
85 1 275729
32 1 275800
79 0 275882
79 1 275954
32 0 275973
32 1 276093
80 0 276275
65 0 276346
80 1 276356
65 1 276439
85 0 276559
85 1 276640
90 0 276658
65 0 276802
90 1 276864
65 1 276912
32 0 276932
32 1 276994
68 0 277095
68 1 277196
32 0 277278
69 0 277297
69 1 277337
32 1 277387
76 0 277589
76 1 277670
8 0 277874
8 1 277924
8 0 278025
8 1 278096
8 0 278177
69 0 278252
8 1 278257
32 0 278338
69 1 278369
32 1 278431
76 0 278510
65 0 278591
76 1 278613
32 0 278652
65 1 278694
32 1 278755
76 0 278965
76 1 279057
85 0 279178
67 0 279253
85 1 279260
67 1 279341
82 0 279449
85 0 279506
82 1 279523
85 1 279583
32 0 279633
32 1 279727
83 0 279813
65 0 279834
83 1 279896
65 1 279959
85 0 279967
85 1 280041
32 0 280056
32 1 280148
79 0 280218
79 1 280301
82 0 280331
82 1 280436
73 0 280451
73 1 280554
67 0 280573
67 1 280655
69 0 280744
32 0 280836
69 1 280867
32 1 280927
65 0 280998
83 0 281090
65 1 281143
83 1 281202
32 0 281241
32 1 281353
70 0 281676
70 1 281768
65 0 281877
65 1 281950
67 0 282051
69 0 282129
67 1 282161
69 1 282211
190 0 282302
190 1 282375
32 0 282434
32 1 282545
20 0 282618
20 1 282739
83 0 282757
20 0 282848
83 1 282919
20 1 282991
69 0 283051
65 0 283156
69 1 283172
65 1 283263
82 0 283322
82 1 283414
65 0 283545
65 1 283629
32 0 283727
32 1 283849
77 0 284162
77 1 284223
8 0 284993
8 1 285087
65 0 285567
65 1 285693
83 0 285719
83 1 285831
32 0 285850
32 1 285944
86 0 286123
86 1 286205
82 0 286328
82 1 286420
69 0 286519
65 0 286570
69 1 286652
65 1 286705
32 0 286709
32 1 286791
83 0 286852
65 0 286933
83 1 287000
32 0 287005
65 1 287067
32 1 287117
67 0 287207
67 1 287298
73 0 287348
73 1 287429
84 0 287499
69 0 287581
84 1 287613
69 1 287676
83 0 287802
83 1 287895
67 0 288019
67 1 288118
188 0 288146
188 1 288238
32 0 288267
32 1 288361
68 0 289470
68 1 289573
65 0 289603
65 1 289698
82 0 289744
32 0 289846
82 1 289867
32 1 289979
65 0 290026
83 0 290118
65 1 290149
83 1 290229
84 0 290362
84 1 290431
65 0 290523
32 0 290592
65 1 290616
78 0 290691
32 1 290695
78 1 290795
85 0 290897
85 1 290990
32 0 291058
73 0 291146
32 1 291162
73 1 291231
77 0 291361
77 1 291423
73 0 291503
32 0 291565
73 1 291587
32 1 291668
80 0 291725
80 1 291793
82 0 291807
82 1 291931
69 0 292009
65 0 292109
69 1 292163
32 0 292200
65 1 292252
32 1 292304
80 0 292374
80 1 292466
76 0 292570
76 1 292650
65 0 292667
65 1 292737
67 0 292859
67 1 292942
69 0 293030
32 0 293122
69 1 293144
32 1 293225
8 0 293740
8 1 293791
188 0 293940
188 1 294023
32 0 294041
65 0 294133
32 1 294154
83 0 294235
65 1 294256
65 0 294365
83 1 294432
32 0 294437
65 1 294509
32 1 294560
67 0 294677
67 1 294771
8 0 294982
8 1 295136
8 0 295275
8 1 295346
8 0 295448
8 1 295530
8 0 295620
8 1 295691
8 0 295790
8 1 295852
8 0 295952
8 1 296024
8 0 296116
8 1 296228
32 0 296286
32 1 296388
77 0 296458
69 0 296530
77 1 296560
69 1 296600
82 0 296712
69 0 296792
82 1 296853
85 0 296882
69 1 296904
85 1 296945
188 0 297066
188 1 297186
32 0 297196
32 1 297297
65 0 297307
83 0 297398
65 1 297440
65 0 297510
32 0 297571
83 1 297592
65 1 297644
32 1 297694
67 0 297813
67 1 297905
65 0 297996
32 0 298067
65 1 298099
77 0 298157
32 1 298178
65 0 298249
77 1 298280
32 0 298361
65 1 298382
32 1 298471
85 0 298532
85 1 298612
73 0 298704
84 0 298753
73 1 298805
84 1 298846
32 0 298886
76 0 298987
32 1 298998
76 1 299105
65 0 299117
65 1 299218
32 0 299228
32 1 299320
85 0 299482
85 1 299554
78 0 299663
32 0 299724
78 1 299755
32 1 299826
70 0 299866
73 0 299927
70 1 299969
73 1 299999
76 0 300121
76 1 300170
77 0 300292
77 1 300364
190 0 300503
190 1 300585
8 0 301201
8 1 301289
32 0 301302
32 1 301415
83 0 301445
65 0 301499
83 1 301550
85 0 301555
65 1 301633
85 1 301647
32 0 301747
32 1 301859
83 0 301939
83 1 302052
69 0 302143
69 1 302223
82 0 302295
73 0 302377
82 1 302398
73 1 302458
65 0 302508
65 1 302598
76 0 302638
76 1 302710
190 0 302851
190 1 302923
20 0 314218
20 1 314350
79 0 314489
79 1 314521
79 0 314652
79 1 314743
79 0 314821
20 0 314905
79 1 314916
20 1 315020
188 0 315117
188 1 315197
8 0 315492
8 1 315543
8 0 315630
8 1 315714
8 0 315793
8 1 315895
80 0 316017
80 1 316089
80 0 316217
80 1 316290
8 0 316521
8 1 316603
8 0 316674
8 1 316785
79 0 316866
79 1 316949
79 0 317006
79 1 317108
188 0 317240
188 1 317327
32 0 317342
32 1 317412
66 0 317645
66 1 317686
85 0 317855
85 1 317928
78 0 318030
65 0 318078
78 1 318132
32 0 318180
65 1 318200
32 1 318292
73 0 318343
73 1 318415
78 0 318514
78 1 318604
84 0 318624
84 1 318716
82 0 318795
82 1 318910
69 0 318989
65 0 319100
69 1 319151
65 1 319222
8 0 319687
8 1 319746
66 0 319940
66 1 320037
65 0 320050
65 1 320122
82 0 320223
69 0 320303
82 1 320346
188 0 320375
69 1 320405
188 1 320467
32 0 320485
32 1 320588
68 0 320637
69 0 320736
68 1 320798
69 1 320829
83 0 320950
83 1 321043
73 0 321071
73 1 321163
32 0 321184
32 1 321286
67 0 322507
67 1 322589
65 0 322669
65 1 322749
77 0 322778
77 1 322864
8 0 323296
8 1 323377
8 0 323490
8 1 323562
8 0 323670
8 1 323744
8 0 324492
8 1 324573
188 0 324680
188 1 324760
32 0 324770
32 1 324872
80 0 324902
80 1 324962
69 0 324976
69 1 325058
78 0 325116
78 1 325197
84 0 325218
82 0 325289
84 1 325341
85 0 325365
82 1 325382
85 1 325435
32 0 325480
32 1 325570
77 0 325651
77 1 325743
73 0 325823
73 1 325896
78 0 325997
69 0 326028
78 1 326090
69 1 326148
188 0 326401
188 1 326496
32 0 326512
32 1 326611
65 0 326906
83 0 327008
65 1 327029
83 1 327131
84 0 327251
84 1 327332
65 0 327433
32 0 327555
65 1 327574
69 0 327643
32 1 327664
32 0 327770
69 1 327789
32 1 327886
85 0 328068
85 1 328140
78 0 328251
32 0 328328
78 1 328342
32 1 328434
83 0 328472
83 1 328584
85 0 328613
85 1 328695
66 0 328806
66 1 328929
73 0 328980
73 1 329061
69 0 329102
69 1 329175
67 0 329304
67 1 329396
84 0 329505
84 1 329637
32 0 329707
32 1 329817
67 0 329898
67 1 330002
65 0 330101
77 0 330193
65 1 330214
77 1 330301
32 0 330314
32 1 330416
83 0 330488
83 1 330587
78 0 330678
69 0 330689
78 1 330809
69 1 330851
83 0 331001
83 1 331112
8 0 331499
8 1 331558
8 0 331640
8 1 331720
8 0 331789
69 0 331866
8 1 331873
69 1 331954
78 0 332023
83 0 332105
78 1 332125
83 1 332186
73 0 332651
73 1 332739
66 0 332872
66 1 332985
73 0 333006
73 1 333075
76 0 333197
76 1 333269
188 0 333357
32 0 333428
188 1 333449
32 1 333539
73 0 333569
73 1 333621
78 0 333711
78 1 333793
32 0 333843
32 1 333955
83 0 333992
83 1 334074
69 0 334175
78 0 334238
69 1 334262
78 1 334361
83 0 334623
83 1 334723
85 0 334751
85 1 334802
76 0 334965
32 0 335011
76 1 335028
32 1 335117
73 0 335237
73 1 335308
78 0 335419
32 0 335480
78 1 335511
32 1 335583
67 0 335632
67 1 335714
65 0 335833
65 1 335927
82 0 336079
69 0 336150
82 1 336190
69 1 336272
32 0 336391
32 1 336513
85 0 336653
85 1 336714
8 0 336928
8 1 337020
83 0 337069
83 1 337131
85 0 337150
85 1 337212
78 0 337321
84 0 337382
78 1 337423
84 1 337473
32 0 337554
32 1 337646
68 0 337754
68 1 337825
69 0 337927
69 1 337988
83 0 338120
83 1 338203
84 0 338342
85 0 338393
84 1 338413
85 1 338464
76 0 338626
76 1 338716
32 0 338755
32 1 338847
68 0 338918
68 1 339019
69 0 339080
32 0 339183
69 1 339214
32 1 339273
68 0 339351
68 1 339433
69 0 339504
69 1 339589
90 0 339788
65 0 339880
90 1 339940
65 1 340001
77 0 340021
65 0 340082
77 1 340135
65 1 340185
71 0 340618
71 1 340699
73 0 340778
73 1 340862
84 0 340881
84 1 340952
190 0 341093
190 1 341156
32 0 341275
32 1 341377
20 0 343037
20 1 343158
77 0 343175
20 0 343248
77 1 343279
20 1 343379
85 0 343398
85 1 343460
76 0 343622
84 0 343651
76 1 343682
84 1 343721
69 0 343864
69 1 344016
32 0 344045
32 1 344127
83 0 344298
83 1 344379
8 0 344661
8 1 344731
78 0 344865
78 1 344947
85 0 345026
32 0 345087
85 1 345128
83 0 345166
32 1 345189
83 1 345268
69 0 345349
32 0 345419
69 1 345451
32 1 345511
70 0 345622
70 1 345723
65 0 345814
65 1 345906
67 0 346015
32 0 346103
67 1 346118
32 1 346200
66 0 346431
66 1 346544
73 0 346581
73 1 346656
78 0 346773
69 0 346825
78 1 346877
69 1 346948
32 0 347002
32 1 347089
83 0 347149
83 1 347243
73 0 347259
73 1 347332
32 0 347349
32 1 347423
73 0 347491
73 1 347577
77 0 347695
77 1 347779
73 0 347856
32 0 347945
73 1 347958
32 1 348049
80 0 348110
65 0 348170
80 1 348184
65 1 348282
82 0 348373
69 0 348463
82 1 348525
69 1 348595
32 0 348605
82 0 348701
32 1 348706
82 1 348808
65 0 348907
65 1 348998
85 0 349040
85 1 349113
32 0 349150
32 1 349233
67 0 349274
67 1 349376
65 0 349446
32 0 349546
65 1 349579
78 0 349636
32 1 349657
78 1 349729
85 0 349818
85 1 349910
32 0 349930
32 1 350010
83 0 350052
83 1 350163
69 0 350233
32 0 350305
69 1 350345
32 1 350414
73 0 350506
73 1 350576
78 0 350676
78 1 350780
86 0 350981
86 1 351054
69 0 351173
69 1 351245
83 0 351388
83 1 351449
84 0 351586
69 0 351679
84 1 351709
69 1 351771
83 0 351922
83 1 352002
84 0 352085
84 1 352179
69 0 352184
69 1 352287
32 0 352429
32 1 352508
77 0 354035
77 1 354136
65 0 354149
65 1 354230
73 0 354259
73 1 354330
32 0 354391
32 1 354453
77 0 354469
77 1 354530
85 0 354620
85 1 354691
84 0 354802
76 0 354822
76 1 354884
84 1 354913
32 0 354985
73 0 355036
32 1 355058
73 1 355126
78 0 355217
32 0 355328
78 1 355350
32 1 355432
8 0 355853
8 1 355895
8 0 355976
8 1 356047
8 0 356147
8 1 356200
8 0 356280
8 1 356354
8 0 356432
8 1 356503
8 0 356594
8 1 356676
76 0 356755
84 0 356816
76 1 356846
84 1 356908
73 0 357219
73 1 357292
8 0 357494
32 0 357590
8 1 357606
73 0 357687
32 1 357707
73 1 357747
78 0 357867
78 1 357959
32 0 358020
32 1 358140
69 0 358210
69 1 358303
68 0 358422
68 1 358513
85 0 358533
85 1 358606
67 0 358787
67 1 358878
65 0 358939
65 1 359073
84 0 359152
84 1 359243
73 0 359262
73 1 359356
69 0 359414
69 1 359527
190 0 359848
190 1 359929
32 0 359968
32 1 360062
20 0 360181
20 1 360294
68 0 360352
20 0 360434
68 1 360505
20 1 360577
8 0 361182
8 1 361234
8 0 361367
8 1 361408
8 0 361528
8 1 361609
190 0 362086
190 1 362194
32 0 362245
32 1 362341
20 0 362378
73 0 362467
20 1 362488
20 0 362552
73 1 362559
78 0 362660
20 1 362700
78 1 362759
32 0 362769
32 1 362872
83 0 362943
83 1 363035
80 0 363072
80 1 363154
69 0 363176
69 1 363257
67 0 363375
67 1 363479
73 0 363488
73 1 363572
65 0 363630
65 1 363761
76 0 363780
76 1 363873
32 0 363902
32 1 363996
73 0 364057
73 1 364128
78 0 364228
32 0 364297
78 1 364330
32 1 364378
67 0 364447
67 1 364540
65 0 364621
65 1 364713
90 0 364842
90 1 364946
85 0 364966
85 1 365028
76 0 365168
32 0 365199
76 1 365239
32 1 365300
67 0 365377
67 1 365470
79 0 365500
79 1 365593
80 0 365691
80 1 365762
73 0 365886
73 1 365981
73 0 366036
73 1 366118
76 0 366237
76 1 366320
79 0 366400
82 0 366430
79 1 366483
82 1 366513
32 0 366623
32 1 366693
67 0 366844
67 1 366943
69 0 366954
32 0 367036
69 1 367057
32 1 367097
82 0 367452
69 0 367533
82 1 367584
78 0 367650
69 1 367653
78 1 367754
85 0 367876
85 1 367928
78 0 368038
84 0 368110
78 1 368151
84 1 368212
65 0 368362
65 1 368465
32 0 368525
76 0 368594
32 1 368645
76 1 368727
65 0 368746
32 0 368822
65 1 368838
32 1 368948
83 0 368987
83 1 369089
67 0 369201
67 1 369293
79 0 369313
79 1 369394
65 0 369515
65 1 369627
76 0 369646
76 1 369749
65 0 369766
65 1 369858
32 0 370430
32 1 370526
68 0 370597
68 1 370679
69 0 370747
32 0 370829
69 1 370881
32 1 370940
77 0 370960
77 1 371021
73 0 371111
67 0 371182
73 1 371203
67 1 371276
73 0 371537
73 1 371629
32 0 372508
32 1 372620
80 0 372688
69 0 372759
80 1 372790
69 1 372871
78 0 372941
84 0 373003
78 1 373057
82 0 373103
84 1 373136
82 1 373174
32 0 373335
32 1 373417
8 0 373651
8 1 373740
85 0 373842
85 1 373915
32 0 373933
32 1 374013
67 0 374053
67 1 374155
65 0 374235
32 0 374316
65 1 374359
78 0 374413
32 1 374418
78 1 374511
85 0 374609
85 1 374701
32 0 374741
32 1 374843
65 0 374924
65 1 375014
85 0 375014
85 1 375095
32 0 375177
32 1 375289
79 0 375905
79 1 376089
80 0 377127
80 1 377220
79 0 377290
79 1 377405
82 0 377420
82 1 377513
84 0 377634
84 1 377708
85 0 377754
85 1 377837
78 0 377949
78 1 378019
73 0 378111
84 0 378170
73 1 378191
84 1 378292
65 0 378433
65 1 378537
84 0 378655
84 1 378746
73 0 379023
73 1 379113
188 0 379405
188 1 379495
8 0 380081
8 1 380134
190 0 380324
190 1 380417
32 0 380437
32 1 380526
20 0 380640
20 1 380748
65 0 381711
20 0 381789
65 1 381830
20 1 381932
83 0 382003
83 1 382114
84 0 382261
82 0 382266
84 1 382302
82 1 382316
8 0 382601
8 1 382712
65 0 382872
65 1 382975
32 0 383067
32 1 383127
69 0 383831
69 1 383934
32 0 383964
32 1 384079
85 0 384256
85 1 384318
78 0 384419
78 1 384491
85 0 384584
85 1 384661
76 0 384771
76 1 384860
32 0 384874
32 1 384946
68 0 384966
68 1 385027
73 0 385045
73 1 385107
78 0 385208
32 0 385304
78 1 385321
32 1 385399
76 0 385611
76 1 385712
85 0 385845
67 0 385917
85 1 385927
67 1 386016
82 0 386137
85 0 386187
82 1 386250
85 1 386301
82 0 386340
82 1 386452
73 0 386472
73 1 386584
76 0 386713
76 1 386796
69 0 386816
32 0 386928
69 1 386948
32 1 387017
67 0 387129
67 1 387201
65 0 387289
65 1 387391
82 0 387493
69 0 387544
82 1 387606
69 1 387660
32 0 387673
32 1 387798
77 0 387837
65 0 387927
77 1 387948
65 1 388029
32 0 388048
32 1 388130
68 0 388191
68 1 388273
69 0 388341
69 1 388443
80 0 388533
80 1 388617
82 0 388675
82 1 388746
73 0 388798
73 1 388870
77 0 388998
77 1 389066
65 0 389079
32 0 389173
65 1 389194
32 1 389255
67 0 389354
67 1 389436
69 0 389527
76 0 389624
69 1 389641
76 1 389707
32 0 389809
32 1 389831
32 0 389848
32 1 389970
77 0 390030
77 1 390126
65 0 390143
65 1 390234
8 0 390487
8 1 390578
8 0 390656
8 1 390718
8 0 391226
8 1 391297
77 0 391467
77 1 391550
65 0 391651
65 1 391760
73 0 391790
73 1 391873
32 0 392196
32 1 392278
84 0 392376
84 1 392459
65 0 392578
65 1 392679
82 0 392791
69 0 392843
82 1 392894
69 1 392977
32 0 393043
32 1 393146
76 0 393184
65 0 393246
76 1 393297
32 0 393326
65 1 393357
32 1 393438
20 0 393529
20 1 393630
82 0 393659
20 0 393743
82 1 393794
79 0 393832
20 1 393883
79 1 393893
77 0 394116
77 1 394239
65 0 394307
65 1 394400
78 0 394419
78 1 394512
73 0 394600
73 1 394694
65 0 394763
65 1 394876
190 0 394903
190 1 394975
190 0 395067
190 1 395139
190 0 395207
190 1 395268
32 0 395349
32 1 395491
20 0 395582
20 1 395672
67 0 395787
67 1 395857
20 0 395966
20 1 396067
8 0 396279
8 1 396360
67 0 396725
67 1 396786
65 0 396906
32 0 396993
65 1 397009
32 1 397110
78 0 397170
78 1 397271
85 0 397371
85 1 397452
32 0 397482
32 1 397586
83 0 397653
83 1 397747
69 0 397957
69 1 398039
32 0 398058
32 1 398151
73 0 398353
73 1 398424
78 0 398594
78 1 398666
86 0 399171
86 1 399285
69 0 399303
69 1 399385
83 0 399497
83 1 399598
84 0 399727
69 0 399829
84 1 399853
69 1 399921
83 0 400032
83 1 400104
67 0 400183
67 1 400296
32 0 400326
32 1 400417
66 0 400597
66 1 400690
65 0 400709
65 1 400799
78 0 400829
78 1 400901
73 0 401021
73 1 401102
32 0 401173
32 1 401275
65 0 401305
65 1 401388
80 0 401477
80 1 401559
82 0 401639
79 0 401719
82 1 401750
79 1 401810
65 0 401913
65 1 402036
80 0 402094
80 1 402176
69 0 402206
69 1 402299
32 0 402740
32 1 402843
68 0 402934
68 1 403024
69 0 403094
69 1 403165
76 0 403195
76 1 403278
79 0 403368
67 0 403430
79 1 403450
67 1 403519
32 0 403650
73 0 403670
32 1 403711
73 1 403742
78 0 403894
78 1 404006
32 0 404248
32 1 404340
65 0 404388
83 0 404489
65 1 404541
83 1 404621
84 0 405065
84 1 405158
65 0 405320
65 1 405392
190 0 405480
190 1 405541
32 0 406330
32 1 406471
20 0 407068
20 1 407169
67 0 407310
67 1 407384
20 0 407473
20 1 407595
65 0 407724
65 1 407826
84 0 407968
84 1 408052
32 0 408141
32 1 408221
68 0 408351
68 1 408425
69 0 408503
69 1 408585
83 0 408705
83 1 408807
80 0 408826
80 1 408920
82 0 408951
82 1 409060
69 0 409343
69 1 409416
32 0 409546
32 1 409659
83 0 409971
83 1 410065
73 0 410100
83 0 410182
73 1 410203
83 1 410265
84 0 410414
69 0 410495
84 1 410577
69 1 410637
77 0 410758
77 1 410789
8 0 411001
8 1 411083
8 0 411175
8 1 411245
8 0 411347
8 1 411409
8 0 411487
8 1 411559
8 0 411651
8 1 411749
8 0 411830
8 1 411913
77 0 412064
69 0 412135
77 1 412155
69 1 412218
68 0 412338
68 1 412427
73 0 412438
73 1 412490
85 0 412580
85 1 412650
76 0 412791
32 0 412858
76 1 412873
32 1 412975
85 0 413023
85 1 413096
78 0 413197
78 1 413277
73 0 413368
86 0 413451
73 1 413461
86 1 413519
69 0 413662
82 0 413748
69 1 413762
82 1 413863
83 0 414016
83 1 414110
73 0 414156
73 1 414269
84 0 414288
84 1 414381
65 0 414540
65 1 414672
82 0 414998
82 1 415049
188 0 415425
188 1 415526
32 0 415583
32 1 415693
83 0 416300
83 1 416427
73 0 416440
73 1 416523
32 0 416541
65 0 416649
32 1 416664
65 1 416746
67 0 416855
79 0 416896
67 1 416949
79 1 416969
76 0 417078
76 1 417150
79 0 417230
79 1 417321
32 0 417352
32 1 417447
77 0 417826
77 1 417928
8 0 418180
8 1 418253
84 0 418302
84 1 418395
82 0 418504
82 1 418595
69 0 418695
69 1 418792
66 0 418918
66 1 419006
85 0 419021
85 1 419113
73 0 419201
69 0 419263
73 1 419304
69 1 419365
83 0 419485
83 1 419570
67 0 419646
67 1 419780
32 0 419828
32 1 419930
8 0 420627
8 1 420668
8 0 420890
8 1 420961
8 0 421043
8 1 421135
32 0 421254
32 1 421336
73 0 421355
73 1 421418
77 0 421567
77 1 421639
66 0 422003
66 1 422096
85 0 422214
85 1 422297
78 0 422408
65 0 422459
78 1 422490
65 1 422569
84 0 422689
84 1 422772
65 0 422882
65 1 422954
84 0 423074
84 1 423186
73 0 423216
73 1 423318
84 0 423763
84 1 423853
69 0 424136
69 1 424249
32 0 424309
32 1 424424
76 0 424449
76 1 424530
85 0 424672
67 0 424755
85 1 424765
67 1 424866
82 0 424975
85 0 425046
82 1 425077
85 1 425137
82 0 425156
82 1 425261
73 0 425280
73 1 425382
76 0 425521
76 1 425595
69 0 425876
69 1 425969
188 0 426028
188 1 426109
32 0 426149
32 1 426245
78 0 426289
78 1 426360
85 0 426481
85 1 426554
32 0 426594
32 1 426676
77 0 426716
77 1 426808
65 0 426866
73 0 426938
65 1 426969
73 1 427031
32 0 427109
32 1 427180
90 0 427354
90 1 427473
73 0 427533
73 1 427648
67 0 427665
67 1 427786
32 0 429565
32 1 429689
16 0 429836
186 0 429991
186 1 430113
48 0 430255
48 1 430357
32 0 430394
16 1 430400
32 1 430476
8 0 430819
8 1 430895
8 0 431001
8 1 431086
8 0 431173
8 1 431286
16 0 431439
190 0 431557
190 1 431671
48 0 431840
48 1 431955
16 1 432017
32 0 432022
32 1 432109
20 0 432237
73 0 432326
20 1 432358
20 0 432419
73 1 432428
78 0 432547
20 1 432559
78 1 432663
83 0 432750
65 0 432852
83 1 432904
65 1 432978
32 0 432993
32 1 433084
68 0 433217
68 1 433289
65 0 433358
65 1 433469
67 0 433601
67 1 433693
65 0 433824
32 0 433913
65 1 433934
32 1 434007
83 0 434035
83 1 434138
69 0 434198
32 0 434267
69 1 434309
73 0 434359
32 1 434369
73 1 434431
78 0 434531
67 0 434613
78 1 434644
69 0 434712
67 1 434774
69 1 434835
80 0 434865
69 0 434925
80 1 434957
69 1 435026
32 0 435087
32 1 435199
68 0 435340
68 1 435401
73 0 435452
73 1 435522
78 0 435624
32 0 435700
78 1 435714
32 1 435805
80 0 435935
80 1 436009
82 0 436037
69 0 436108
82 1 436151
69 1 436221
85 0 436320
85 1 436391
78 0 436502
78 1 436585
73 0 436694
73 1 436796
86 0 436908
86 1 436992
69 0 437048
82 0 437155
69 1 437162
82 1 437276
83 0 437341
83 1 437453
73 0 437515
73 1 437637
84 0 437669
84 1 437787
65 0 438019
65 1 438131
82 0 438202
82 1 438284
188 0 438342
188 1 438443
32 0 438454
32 1 438577
69 0 438679
69 1 438773
85 0 438787
85 1 438880
32 0 438930
32 1 439021
90 0 439172
90 1 439276
73 0 439293
67 0 439380
73 1 439386
67 1 439518
32 0 439557
32 1 439670
67 0 439728
67 1 439829
65 0 439921
32 0 440012
65 1 440033
32 1 440124
83 0 440447
83 1 440560
69 0 440637
32 0 440719
69 1 440751
32 1 440822
73 0 440981
73 1 441023
77 0 441164
77 1 441237
66 0 441438
66 1 441512
85 0 441619
85 1 441690
78 0 441790
65 0 441883
78 1 441903
65 1 441966
84 0 442065
84 1 442147
65 0 442245
65 1 442318
84 0 442420
69 0 442480
84 1 442532
69 1 442583
83 0 442723
83 1 442814
84 0 443137
69 0 443246
84 1 443268
69 1 443360
32 0 443431
32 1 443535
83 0 443591
83 1 443702
73 0 443753
73 1 443846
32 0 443895
32 1 443995
73 0 444005
73 1 444089
78 0 444207
78 1 444295
32 0 444308
32 1 444422
77 0 444450
77 1 444545
69 0 444591
69 1 444673
68 0 444804
68 1 444879
73 0 444885
73 1 444967
85 0 445080
85 1 445161
76 0 445341
76 1 445416
32 0 445481
32 1 445583
65 0 445655
65 1 445715
67 0 445847
67 1 445929
65 0 446028
65 1 446121
68 0 446179
68 1 446271
69 0 446351
77 0 446434
69 1 446475
77 1 446526
73 0 446644
73 1 446727
67 0 446806
67 1 446898
190 0 446937
190 1 447009
20 0 463150
20 1 463250
65 0 463513
20 0 463595
65 1 463646
20 1 463723
67 0 463833
67 1 463937
69 0 464049
69 1 464139
65 0 464207
65 1 464342
83 0 464626
83 1 464736
84 0 464836
84 1 464928
65 0 465059
65 1 465172
32 0 469041
32 1 469163
73 0 469446
73 1 469522
77 0 469641
77 1 469723
65 0 469738
65 1 469822
71 0 469972
71 1 470043
73 0 470055
73 1 470106
78 0 470205
69 0 470276
78 1 470307
69 1 470392
32 0 470407
32 1 470509
69 0 470531
69 1 470632
83 0 470749
83 1 470844
84 0 470965
69 0 471045
84 1 471089
69 1 471167
67 0 471378
67 1 471411
8 0 471644
32 0 471722
8 1 471743
32 1 471822
67 0 471852
67 1 471956
85 0 471996
85 1 472027
77 0 472280
77 1 472351
86 0 472430
86 1 472491
65 0 472633
65 1 472753
32 0 472762
32 1 472875
79 0 472917
79 1 473019
32 0 473038
32 1 473107
67 0 473362
67 1 473423
8 0 473723
8 1 473815
73 0 473886
67 0 473977
73 1 473988
67 1 474073
79 0 474129
79 1 474200
65 0 474273
78 0 474422
65 1 474432
78 1 474533
65 0 474533
65 1 474636
16 0 475034
191 0 475190
191 1 475302
16 1 475344
32 0 475423
32 1 475515
20 0 475667
78 0 475724
20 1 475756
78 1 475846
20 0 475857
20 1 475971
85 0 475991
85 1 476082
32 0 476181
32 1 476262
73 0 476313
73 1 476353
77 0 476484
77 1 476556
73 0 476647
32 0 476718
73 1 476739
32 1 476828
83 0 477106
83 1 477213
8 0 477639
68 0 477740
8 1 477750
68 1 477880
65 0 477880
65 1 477969
85 0 477970
85 1 478050
32 0 478063
83 0 478154
32 1 478174
83 1 478264
69 0 478366
65 0 478476
69 1 478508
65 1 478588
77 0 478640
65 0 478721
77 1 478751
65 1 478861
32 0 478882
32 1 478984
69 0 479095
69 1 479153
88 0 479314
88 1 479417
65 0 479508
65 1 479599
67 0 479691
67 1 479782
84 0 479882
84 1 479954
188 0 480014
32 0 480095
188 1 480117
32 1 480197
68 0 480276
68 1 480373
65 0 480389
65 1 480511
82 0 480581
32 0 480652
82 1 480692
32 1 480732
69 0 480812
69 1 480903
83 0 481016
83 1 481109
84 0 481227
69 0 481309
84 1 481360
69 1 481440
32 0 481461
32 1 481513
83 0 481762
83 1 481866
73 0 481885
73 1 481976
70 0 482047
70 1 482109
85 0 482381
85 1 482443
8 0 482633
8 1 482695
8 0 482774
71 0 482851
8 1 482857
71 1 482937
85 0 482988
85 1 483073
82 0 483088
82 1 483162
32 0 483693
32 1 483785
79 0 483867
79 1 483979
32 0 484019
32 1 484131
83 0 484239
83 1 484352
67 0 484465
67 1 484534
69 0 484656
69 1 484790
78 0 484816
65 0 484848
78 1 484921
65 1 484951
32 0 485059
32 1 485180
66 0 485585
66 1 485706
73 0 485725
66 0 485827
73 1 485848
66 1 485971
76 0 486243
76 1 486326
73 0 486435
73 1 486507
79 0 486618
79 1 486679
8 0 486901
8 1 486972
67 0 487001
67 1 487092
65 0 487182
190 0 487285
65 1 487295
190 1 487380
32 0 487395
32 1 487486
20 0 487567
73 0 487647
20 1 487707
20 0 487715
73 1 487729
77 0 487847
20 1 487862
77 1 487926
73 0 488012
73 1 488093
32 0 488327
65 0 488423
32 1 488427
77 0 488533
65 1 488537
77 1 488632
73 0 488708
73 1 488781
78 0 488883
84 0 488902
78 1 488963
69 0 488983
84 1 489014
69 1 489074
83 0 489216
83 1 489299
67 0 489367
67 1 489475
32 0 489489
67 0 489572
32 1 489622
67 1 489680
65 0 489811
65 1 489889
32 0 489903
32 1 490005
78 0 490033
69 0 490105
78 1 490157
32 0 490208
69 1 490227
32 1 490288
80 0 490387
80 1 490459
79 0 490528
79 1 490622
86 0 490773
86 1 490846
69 0 490956
69 1 491026
83 0 491137
83 1 491229
84 0 491360
84 1 491430
69 0 491531
65 0 491641
69 1 491682
65 1 491742
73 0 491815
32 0 491899
73 1 491917
32 1 491986
83 0 492037
83 1 492122
73 0 492127
32 0 492197
73 1 492220
32 1 492289
76 0 492371
65 0 492419
76 1 492441
32 0 492522
65 1 492542
76 0 492562
32 1 492639
76 1 492653
65 0 492793
65 1 492885
66 0 493220
66 1 493320
79 0 493421
79 1 493509
82 0 493513
82 1 493635
65 0 493704
65 1 493807
84 0 493896
84 1 493977
79 0 494171
79 1 494254
82 0 494423
82 1 494525
32 0 494597
32 1 494675
68 0 494798
68 1 494890
69 0 494948
69 1 495049
80 0 495141
80 1 495204
8 0 495445
83 0 495517
8 1 495528
83 1 495647
80 0 495666
80 1 495736
82 0 495787
69 0 495891
82 1 495962
69 1 496037
32 0 496052
32 1 496113
67 0 496282
67 1 496384
82 0 496504
69 0 496577
82 1 496628
69 1 496697
68 0 496790
68 1 496874
73 0 496880
73 1 496941
78 0 497062
84 0 497113
78 1 497165
84 1 497205
65 0 497315
32 0 497407
65 1 497438
32 1 497498
84 0 497617
84 1 497709
65 0 497839
65 1 497911
188 0 498135
188 1 498195
32 0 498973
32 1 499086
67 0 499285
67 1 499389
69 0 499508
69 1 499621
69 0 499683
65 0 499824
69 1 499874
65 1 499986
32 0 500017
32 1 500047
67 0 500165
69 0 500276
67 1 500339
32 0 500388
69 1 500440
32 1 500512
83 0 502496
83 1 502614
73 0 502624
73 1 502704
78 0 502856
78 1 502918
8 0 503444
8 1 503516
8 0 503615
8 1 503696
8 0 503765
8 1 503860
8 0 503938
8 1 504021
188 0 504151
188 1 504232
32 0 504262
32 1 504372
83 0 504391
83 1 504506
73 0 504526
73 1 504597
78 0 504695
67 0 504757
78 1 504799
69 0 504837
67 1 504869
69 1 504939
82 0 505010
82 1 505103
188 0 505133
188 1 505218
32 0 505263
32 1 505353
73 0 505486
73 1 505548
77 0 505676
77 1 505727
73 0 505829
73 1 505911
32 0 505979
80 0 506092
32 1 506103
80 1 506154
76 0 506273
76 1 506365
65 0 506384
65 1 506466
67 0 506588
67 1 506670
69 0 506790
65 0 506897
69 1 506913
65 1 507013
32 0 507022
32 1 507113
83 0 507164
83 1 507294
73 0 507303
32 0 507336
73 1 507386
32 1 507448
65 0 507567
65 1 507678
80 0 507801
80 1 507894
82 0 507933
69 0 508023
82 1 508075
69 1 508136
67 0 508254
67 1 508340
73 0 508347
73 1 508417
65 0 508571
65 1 508693
77 0 508740
77 1 508814
190 0 508984
190 1 509065
32 0 509085
32 1 509177
20 0 511301
20 1 511442
86 0 511744
86 1 511817
20 0 511918
20 1 512029
65 0 512140
65 1 512223
68 0 512321
68 1 512424
32 0 512443
32 1 512525
77 0 512546
77 1 512637
85 0 512744
85 1 512817
76 0 512928
76 1 513011
84 0 513029
84 1 513102
73 0 513163
73 1 513223
32 0 513272
32 1 513392
79 0 513453
79 1 513495
65 0 513513
65 1 513635
77 0 514271
77 1 514383
69 0 514383
69 1 514464
78 0 514667
78 1 514778
73 0 514921
73 1 515011
32 0 515233
32 1 515317
80 0 515385
80 1 515473
69 0 515487
69 1 515596
32 0 515608
32 1 515687
84 0 515980
84 1 516083
82 0 516184
82 1 516264
69 0 516354
80 0 516437
69 1 516446
80 1 516539
82 0 516618
82 1 516642
8 0 517104
8 1 517186
84 0 517217
69 0 517306
84 1 517339
76 0 517397
69 1 517428
76 1 517510
69 0 517529
69 1 517622
32 0 517659
32 1 517760
85 0 517820
85 1 517894
78 0 518012
78 1 518096
69 0 518267
69 1 518367
73 0 518417
73 1 518489
32 0 518540
32 1 518642
8 0 520228
8 1 520320
8 0 520420
8 1 520493
8 0 520573
8 1 520675
85 0 520825
85 1 520908
73 0 520997
32 0 521057
73 1 521091
32 1 521149
84 0 521339
69 0 521412
84 1 521462
77 0 521534
69 1 521555
77 1 521613
80 0 521754
80 1 521815
76 0 521917
76 1 521989
85 0 522128
85 1 522221
190 0 523756
190 1 523869
32 0 524779
32 1 524966
20 0 525708
20 1 525843
67 0 525982
67 1 526064
20 0 526125
20 1 526227
69 0 526337
69 1 526417
76 0 526458
76 1 526591
32 0 526679
32 1 526761
77 0 526943
77 1 527033
65 0 527053
65 1 527156
73 0 527195
73 1 527288
32 0 527539
32 1 527664
80 0 527679
80 1 527791
82 0 527811
79 0 527908
82 1 527913
79 1 528034
66 0 528346
66 1 528418
65 0 528560
65 1 528643
66 0 528793
66 1 528890
73 0 528905
73 1 528988
76 0 529116
76 1 529240
32 0 529462
32 1 529574
83 0 532373
83 1 532546
8 0 532829
8 1 532923
69 0 533052
69 1 533153
82 0 533242
82 1 533328
65 0 533456
32 0 533552
65 1 533568
32 1 533646
79 0 533665
79 1 533773
32 0 533787
32 1 533900
90 0 534081
90 1 534174
73 0 534193
73 1 534284
32 0 534302
32 1 534395
68 0 534486
68 1 534579
69 0 534639
32 0 534727
69 1 534759
32 1 534830
83 0 534901
83 1 535013
65 0 535061
65 1 535184
82 0 535263
82 1 535349
66 0 535457
66 1 535551
65 0 535698
65 1 535800
84 0 535891
84 1 535994
79 0 536072
65 0 536113
79 1 536145
65 1 536275
82 0 536365
69 0 536467
82 1 536539
69 1 536601
32 0 536771
32 1 536854
8 0 537096
8 1 537136
188 0 537275
32 0 537356
188 1 537378
65 0 537439
32 1 537480
65 1 537573
86 0 537773
86 1 537854
65 0 537963
78 0 538050
65 1 538065
78 1 538180
68 0 538286
68 1 538400
32 0 538419
32 1 538502
73 0 538529
73 1 538591
78 0 538702
32 0 538763
78 1 538805
32 1 538835
86 0 538954
69 0 539005
86 1 539046
69 1 539106
68 0 539247
69 0 539309
68 1 539380
69 1 539442
82 0 539521
69 0 539601
82 1 539663
32 0 539728
69 1 539743
32 1 539816
65 0 539925
65 1 540006
71 0 540492
76 0 540561
71 1 540584
76 1 540652
79 0 540744
79 1 540837
77 0 541008
65 0 541077
77 1 541098
65 1 541213
8 0 541392
69 0 541477
8 1 541482
69 1 541573
82 0 541683
82 1 541807
65 0 541927
65 1 542050
84 0 542155
84 1 542241
73 0 542312
73 1 542426
65 0 542504
65 1 542595
190 0 542666
190 1 542717
32 0 542777
32 1 542868
20 0 543030
20 1 543110
78 0 543170
20 0 543221
78 1 543272
20 1 543337
85 0 543414
85 1 543515
32 0 543535
32 1 543595
83 0 543665
83 1 543778
84 0 543898
84 1 543979
73 0 543999
73 1 544041
85 0 544131
85 1 544211
32 0 544221
32 1 544323
67 0 544466
67 1 544572
85 0 544585
85 1 544668
77 0 544799
77 1 544863
32 0 544878
73 0 544986
32 1 545001
73 1 545092
83 0 545396
83 1 545521
73 0 545597
73 1 545708
32 0 545800
32 1 545913
80 0 546041
80 1 546114
69 0 546144
69 1 546234
84 0 546367
84 1 546438
82 0 546537
82 1 546618
69 0 546700
69 1 546782
67 0 546891
67 1 546962
69 0 547063
65 0 547165
69 1 547186
65 1 547255
85 0 547265
85 1 547357
32 0 547408
79 0 547484
32 1 547490
79 1 547609
32 0 547639
32 1 547731
90 0 547993
90 1 548081
73 0 548095
73 1 548188
32 0 548237
32 1 548358
79 0 548404
79 1 548501
66 0 548692
66 1 548795
73 0 548814
73 1 548924
83 0 549035
83 1 549136
78 0 549186
78 1 549270
85 0 549368
85 1 549452
73 0 549551
73 1 549642
84 0 549713
84 1 549816
65 0 549945
65 1 550069
32 0 552948
32 1 553030
65 0 553191
83 0 553221
83 1 553284
65 1 553355
85 0 553374
85 1 553495
32 0 553586
32 1 553668
8 0 553817
8 1 553880
8 0 553969
8 1 554042
8 0 554131
8 1 554202
8 0 554263
83 0 554365
8 1 554384
65 0 554444
83 1 554508
65 1 554578
85 0 554626
85 1 554728
32 0 554748
32 1 554819
68 0 554890
68 1 554972
69 0 555051
32 0 555132
69 1 555153
32 1 555225
67 0 555334
69 0 555425
67 1 555457
69 1 555558
32 0 555578
32 1 555660
69 0 555708
69 1 555811
82 0 555912
82 1 555964
65 0 556052
65 1 556154
85 0 556234
85 1 556317
32 0 556336
32 1 556446
80 0 556489
80 1 556621
82 0 556902
69 0 556993
82 1 557055
79 0 557125
69 1 557145
79 1 557236
67 0 557307
67 1 557408
85 0 557437
85 1 557520
80 0 557653
65 0 557721
80 1 557731
65 1 557845
84 0 557974
84 1 558064
73 0 558104
73 1 558197
190 0 558378
190 1 558440
32 0 558458
32 1 558583
20 0 558631
80 0 558671
20 1 558712
20 0 558742
80 1 558773
20 1 558864
82 0 558995
82 1 559098
79 0 559166
79 1 559249
66 0 559562
66 1 559645
65 0 559798
65 1 559886
66 0 560007
73 0 560087
66 1 560108
73 1 560168
76 0 560278
32 0 560331
76 1 560372
32 1 560431
70 0 560564
70 1 560605
73 0 560997
73 1 561100
69 0 561117
69 1 561200
67 0 561321
67 1 561391
65 0 561502
65 1 561615
82 0 561714
69 0 561785
82 1 561858
32 0 561903
69 1 561918
32 1 561980
68 0 562029
68 1 562110
69 0 562169
32 0 562260
69 1 562302
32 1 562363
84 0 562444
84 1 562525
82 0 562624
82 1 562716
69 0 562817
65 0 562909
69 1 562961
66 0 563014
65 1 563031
65 0 563101
66 1 563121
65 1 563225
32 0 563342
32 1 563434
76 0 563458
76 1 563559
85 0 563696
85 1 563779
73 0 563868
73 1 563932
188 0 564063
32 0 564137
188 1 564153
65 0 564223
32 1 564253
83 0 564325
65 1 564369
83 1 564446
84 0 564571
84 1 564637
65 0 564747
65 1 564861
32 0 564962
32 1 565064
69 0 565334
32 0 565427
69 1 565468
32 1 565529
76 0 565597
76 1 565668
8 0 566002
8 1 566073
85 0 566287
85 1 566358
78 0 566468
78 1 566550
32 0 566568
32 1 566670
76 0 566699
76 1 566793
85 0 566902
67 0 566998
85 1 567004
67 1 567096
82 0 567215
85 0 567288
82 1 567307
85 1 567399
32 0 567430
32 1 567522
67 0 567580
67 1 567670
65 0 567763
65 1 567865
82 0 567943
69 0 568005
82 1 568055
32 0 568116
69 1 568137
32 1 568209
80 0 568258
80 1 568351
82 0 568378
82 1 568461
79 0 568480
79 1 568573
66 0 568721
66 1 568825
65 0 568954
65 1 569020
66 0 569178
66 1 569245
73 0 569247
73 1 569323
76 0 569430
76 1 569503
32 0 569523
32 1 569594
78 0 569623
78 1 569694
85 0 569794
32 0 569844
85 1 569876
32 1 569926
83 0 570016
83 1 570098
189 0 570129
189 1 570211
65 0 570238
32 0 570331
65 1 570351
32 1 570452
83 0 570593
83 1 570674
67 0 570785
72 0 570855
67 1 570878
72 1 570929
73 0 571039
73 1 571099
77 0 571199
77 1 571285
66 0 571300
66 1 571352
65 0 571474
65 1 571576
84 0 571655
32 0 571725
84 1 571747
32 1 571839
78 0 571866
78 1 571958
73 0 572069
67 0 572135
73 1 572140
67 1 572243
73 0 572253
73 1 572344
32 0 572382
32 1 572465
65 0 572555
83 0 572625
65 1 572666
83 1 572737
84 0 572928
84 1 573020
65 0 573141
65 1 573244
90 0 573557
90 1 573688
73 0 573779
73 1 573900
188 0 574920
188 1 575012
32 0 575041
32 1 575144
78 0 575186
78 1 575246
85 0 575355
85 1 575416
189 0 575569
189 1 575641
73 0 575750
32 0 575792
73 1 575835
65 0 575892
32 1 575912
83 0 575982
65 1 576014
65 0 576113
83 1 576165
16 0 576242
65 1 576247
191 0 576509
191 1 576630
32 0 576740
32 1 576843
186 0 576863
186 1 576945
48 0 577084
48 1 577197
32 0 577246
16 1 577282
32 1 577347
8 0 577510
8 1 577582
8 0 577661
8 1 577763
8 0 577782
8 1 577934
16 0 578219
190 0 578469
190 1 578522
48 0 578803
48 1 578907
16 1 578966
32 0 578966
32 1 579056
20 0 579138
77 0 579240
20 1 579250
77 1 579354
20 0 579361
20 1 579450
65 0 579886
65 1 579956
73 0 579996
73 1 580078
32 0 580107
32 1 580209
80 0 580261
80 1 580345
85 0 580482
85 1 580578
84 0 580622
73 0 580702
84 1 580705
73 1 580785
78 0 580887
32 0 580973
78 1 580990
32 1 581079
83 0 581140
73 0 581221
83 1 581242
73 1 581301
32 0 581341
32 1 581403
65 0 581442
65 1 581534
74 0 581624
74 1 581695
85 0 581808
85 1 581870
78 0 581978
71 0 582038
78 1 582080
71 1 582120
32 0 582266
32 1 582333
80 0 582352
80 1 582409
69 0 582413
32 0 582479
69 1 582496
32 1 582587
85 0 582788
85 1 582850
76 0 583133
84 0 583222
76 1 583254
84 1 583324
73 0 583363
73 1 583435
77 0 583547
77 1 583613
65 0 583617
65 1 583713
32 0 583729
32 1 583798
76 0 583919
76 1 584033
73 0 584164
73 1 584257
78 0 584366
78 1 584438
73 0 584516
69 0 584577
73 1 584608
69 1 584679
188 0 585035
188 1 585144
32 0 585183
32 1 585285
83 0 585872
83 1 585985
85 0 586053
85 1 586136
80 0 586279
80 1 586357
69 0 586376
69 1 586478
82 0 586599
82 1 586682
190 0 586750
190 1 586801
32 0 587398
32 1 587522
20 0 588178
20 1 588300
65 0 588368
20 0 588461
65 1 588533
20 1 588593
76 0 588612
76 1 588699
69 0 588712
69 1 588825
76 0 588904
76 1 589006
85 0 589189
85 1 589271
73 0 589359
65 0 589431
73 1 589453
65 1 589544
190 0 589634
190 1 589724
