9 1 24625
16 0 47509
65 0 47787
16 1 47882
65 1 47899
67 0 48059
67 1 48127
85 0 48246
85 1 48311
77 0 48409
77 1 48483
32 0 48591
32 1 48644
73 0 48742
78 0 48811
73 1 48871
78 1 48891
32 0 48976
32 1 49067
79 0 49169
79 1 49250
82 0 49296
82 1 49364
65 0 49472
65 1 49553
83 0 49612
83 1 49708
85 0 49741
85 1 49829
76 0 49946
76 1 50008
32 0 50112
32 1 50151
16 0 51427
84 0 51734
84 1 51823
16 1 51835
73 0 51992
73 1 52062
77 0 52159
77 1 52272
73 0 52274
73 1 52360
83 0 52391
83 1 52453
79 0 52500
65 0 52533
79 1 52576
65 1 52615
82 0 52723
82 1 52775
65 0 52873
65 1 52953
32 0 53155
32 1 53234
86 0 54064
82 0 54207
86 1 54275
82 1 54300
69 0 54392
69 1 54464
77 0 54531
77 1 54582
69 0 54583
69 1 54638
65 0 54736
65 1 54830
32 0 54876
32 1 54950
69 0 55014
69 1 55108
83 0 55240
83 1 55270
84 0 55385
84 1 55423
69 0 55521
32 0 55560
69 1 55588
32 1 55635
80 0 55793
80 1 55866
76 0 55958
76 1 56027
79 0 56122
79 1 56202
73 0 56285
73 1 56346
65 0 56374
65 1 56469
83 0 56528
65 0 56585
83 1 56645
65 1 56677
32 0 56815
32 1 56880
8 0 57243
8 1 57303
190 0 58362
190 1 58440
32 0 58522
32 1 58589
16 0 58645
78 0 58791
78 1 58894
16 1 58907
85 0 58960
85 1 59037
32 0 59151
32 1 59206
69 0 59291
69 1 59372
83 0 59458
83 1 59523
84 0 59645
84 1 59695
69 0 59781
69 1 59832
32 0 59856
32 1 59915
86 0 60309
86 1 60376
69 0 60590
69 1 60656
8 0 60909
8 1 60977
82 0 61037
82 1 61121
69 0 61136
69 1 61184
77 0 61361
77 1 61449
69 0 61477
69 1 61558
65 0 61977
65 1 62086
32 0 62179
32 1 62243
73 0 62420
73 1 62501
68 0 62609
69 0 62656
68 1 62724
69 1 62737
65 0 62837
76 0 62892
65 1 62940
76 1 62972
65 0 63019
32 0 63066
65 1 63089
32 1 63121
80 0 63229
80 1 63285
69 0 63295
69 1 63337
78 0 63370
78 1 63440
84 0 63455
84 1 63519
82 0 63590
85 0 63623
82 1 63652
85 1 63684
32 0 63762
32 1 63829
77 0 63914
73 0 63982
77 1 64057
78 0 64098
73 1 64121
78 1 64178
69 0 64212
69 1 64294
190 0 64366
190 1 64460
32 0 64571
32 1 64633
16 0 64665
80 0 64825
80 1 64912
16 1 64937
82 0 65114
82 1 65173
69 0 65187
69 1 65243
70 0 65363
70 1 65442
69 0 65476
69 1 65545
82 0 65629
82 1 65703
32 0 65791
32 1 65860
90 0 67759
90 1 67830
73 0 67831
73 1 67889
76 0 68036
76 1 68076
69 0 68084
69 1 68133
76 0 68173
69 0 68208
76 1 68260
69 1 68279
32 0 68345
32 1 68417
73 0 68494
78 0 68564
73 1 68587
78 1 68640
83 0 68666
83 1 68770
79 0 68786
79 1 68826
82 0 68910
73 0 68964
82 1 69007
73 1 69054
69 0 69130
69 1 69209
8 0 69477
8 1 69530
84 0 69603
84 1 69662
69 0 69765
69 1 69832
32 0 69879
32 1 69923
73 0 70048
78 0 70143
73 1 70181
78 1 70208
32 0 70342
32 1 70394
67 0 70479
67 1 70552
65 0 70567
65 1 70622
82 0 70778
82 1 70840
69 0 70854
69 1 70890
32 0 70989
32 1 71049
80 0 71279
80 1 71397
79 0 71409
79 1 71436
84 0 71918
73 0 71987
84 1 71999
73 1 72067
32 0 72207
32 1 72245
70 0 72670
70 1 72733
65 0 72823
65 1 72899
67 0 72976
67 1 73045
69 0 73059
69 1 73107
32 0 73122
32 1 73181
80 0 73310
76 0 73427
80 1 73455
76 1 73481
73 0 73614
77 0 73734
73 1 73775
77 1 73824
66 0 73964
66 1 73981
65 0 74030
65 1 74107
82 0 74224
73 0 74264
82 1 74304
73 1 74329
32 0 74425
32 1 74503
80 0 74599
80 1 74673
69 0 74688
69 1 74739
74 0 75536
74 1 75623
79 0 75713
79 1 75781
83 0 75844
83 1 75915
32 0 75972
32 1 76023
8 0 77208
8 1 77268
188 0 77862
188 1 77936
32 0 78026
32 1 78087
8 0 80765
8 1 80823
8 0 80915
8 1 80987
32 0 81181
32 1 81235
83 0 81446
65 0 81517
83 1 81591
85 0 81603
65 1 81631
85 1 81675
32 0 81779
32 1 81867
67 0 82022
67 1 82127
85 0 82141
85 1 82200
32 0 82276
32 1 82369
66 0 82733
66 1 82822
73 0 82863
73 1 82944
67 0 83029
67 1 83116
73 0 83130
73 1 83199
76 0 83318
76 1 83407
69 0 83433
69 1 83499
84 0 83626
84 1 83677
65 0 83798
65 1 83891
190 0 83951
190 1 84024
32 0 84241
32 1 84288
16 0 89031
68 0 91016
68 1 91105
16 1 91116
69 0 91376
69 1 91436
83 0 91577
83 1 91633
73 0 91741
73 1 91817
32 0 91978
32 1 92045
83 0 95915
83 1 95996
73 0 96023
73 1 96105
32 0 96193
32 1 96264
90 0 96457
90 1 96526
73 0 96539
73 1 96604
76 0 96730
69 0 96761
76 1 96798
69 1 96828
76 0 96889
69 0 96930
76 1 96971
69 1 97001
8 0 97247
8 0 97949
8 0 97999
8 0 98039
8 0 98084
8 0 98127
8 0 98175
8 0 98218
8 0 98260
8 0 98310
8 0 98352
8 0 98394
8 0 98454
8 1 98468
8 0 98777
8 1 98856
16 0 98925
83 0 99204
16 1 99280
83 1 99292
73 0 99357
73 1 99436
32 0 99542
32 1 99613
90 0 99739
90 1 99815
73 0 99830
73 1 99861
76 0 99976
76 1 100046
69 0 100058
69 1 100091
76 0 100132
69 0 100186
76 1 100236
69 1 100264
32 0 100323
32 1 100385
84 0 100458
84 1 100532
82 0 100621
82 1 100680
69 0 100787
69 1 100827
67 0 100965
67 1 101032
85 0 101053
85 1 101104
84 0 101238
84 1 101325
69 0 101354
69 1 101467
32 0 101560
32 1 101638
65 0 101696
65 1 101756
85 0 101822
85 1 101883
32 0 101997
32 1 102055
70 0 102352
70 1 102453
79 0 102467
79 1 102537
83 0 102585
83 1 102655
84 0 102824
32 0 102852
84 1 102895
32 1 102934
76 0 103041
76 1 103116
65 0 103130
65 1 103200
32 0 103259
32 1 103317
70 0 103396
70 1 103478
69 0 103489
76 0 103540
69 1 103577
76 1 103629
32 0 103708
32 1 103792
68 0 103811
68 1 103848
69 0 103867
32 0 103908
69 1 103955
32 1 103982
73 0 104060
78 0 104137
73 1 104179
78 1 104232
79 0 104405
79 1 104459
82 0 104706
82 1 104779
65 0 104913
65 1 104969
84 0 105090
84 1 105144
69 0 105230
69 1 105284
190 0 105380
190 1 105461
32 0 105625
32 1 105669
16 0 106502
67 0 106757
16 1 106780
67 1 106806
85 0 106933
85 1 106994
32 0 107096
32 1 107189
84 0 107328
79 0 107382
84 1 107410
79 1 107462
65 0 107520
65 1 107624
84 0 107746
84 1 107800
69 0 107855
69 1 107918
32 0 107966
65 0 108028
32 1 108051
65 1 108114
67 0 108192
67 1 108277
69 0 108295
69 1 108326
83 0 108464
83 1 108566
84 0 108722
84 1 108776
69 0 108873
69 1 108968
65 0 109052
65 1 109127
32 0 109167
32 1 109254
86 0 109282
86 1 109379
82 0 109412
82 1 109493
77 0 109613
69 0 109628
77 1 109680
69 1 109692
8 0 110264
8 1 110356
8 0 110442
8 1 110502
8 0 110996
8 1 111055
8 0 111401
8 1 111459
84 0 111869
84 1 111948
69 0 112005
69 1 112098
77 0 112132
77 1 112220
69 0 112233
69 1 112316
80 0 112348
80 1 112416
8 0 113821
8 1 113882
8 0 113973
8 1 114045
80 0 114236
80 1 114315
69 0 114493
69 1 114573
82 0 115005
82 1 115098
65 0 115236
65 1 115307
84 0 115422
85 0 115481
84 1 115519
85 1 115571
82 0 115626
82 1 115709
73 0 115717
73 1 115782
76 0 115883
76 1 115954
69 0 115971
69 1 116037
32 0 116062
32 1 116147
83 0 116201
85 0 116240
83 1 116285
78 0 116343
85 1 116367
78 1 116417
84 0 116495
84 1 116549
32 0 116563
32 1 116626
77 0 116769
77 1 116851
85 0 116936
85 1 117002
76 0 117126
76 1 117200
84 0 117201
84 1 117285
32 0 117305
32 1 117364
80 0 117453
69 0 117494
80 1 117534
69 1 117560
83 0 117647
83 1 117727
84 0 117864
84 1 117918
69 0 117990
69 1 118042
32 0 118058
32 1 118127
77 0 118275
77 1 118329
69 0 118338
69 1 118396
68 0 118492
68 1 118581
73 0 118590
65 0 118635
73 1 118664
65 1 118743
32 0 118803
32 1 118867
65 0 118981
65 1 119040
67 0 119118
67 1 119201
69 0 119216
69 1 119275
83 0 119384
83 1 119438
84 0 119558
84 1 119614
69 0 119696
73 0 119736
69 1 119783
73 1 119801
32 0 119863
32 1 119937
80 0 120014
80 1 120090
69 0 120104
69 1 120149
82 0 120241
73 0 120269
82 1 120348
73 1 120355
79 0 120475
65 0 120487
79 1 120511
65 1 120570
68 0 122056
69 0 122110
68 1 122153
69 1 122198
190 0 122330
190 1 122422
32 0 122577
32 1 122650
16 0 123260
65 0 123491
16 1 123585
65 1 123596
78 0 123650
85 0 123735
78 1 123797
85 1 123828
76 0 123949
76 1 124007
32 0 124111
32 1 124178
84 0 124542
84 1 124617
82 0 124631
82 1 124654
69 0 124656
69 1 124743
67 0 124823
67 1 124911
85 0 124952
85 1 125032
84 0 125104
32 0 125169
84 1 125202
32 1 125235
73 0 127064
73 1 127276
78 0 127425
78 1 127495
32 0 127640
32 1 127704
76 0 127921
76 1 127984
85 0 128111
85 1 128222
78 0 128224
78 1 128300
32 0 128389
65 0 128403
32 1 128471
65 1 128489
73 0 128581
73 1 128642
65 0 128706
78 0 128782
65 1 128806
78 1 128944
85 0 128953
85 1 129016
65 0 129093
65 1 129172
82 0 129327
73 0 129368
82 1 129396
73 1 129465
69 0 129545
69 1 129621
32 0 129631
32 1 129678
68 0 129830
68 1 129919
69 0 129933
69 1 129974
74 0 130057
74 1 130110
8 0 130523
8 0 131231
8 0 131279
8 0 131321
8 0 131363
8 0 131407
8 0 131454
8 1 131480
8 0 131615
8 1 131698
8 0 131779
8 1 131859
8 0 131893
8 1 131987
8 0 132047
8 1 132148
8 0 132201
8 1 132287
8 0 132396
8 1 132455
8 0 132828
8 1 132907
65 0 133239
65 1 133342
32 0 133358
32 1 133430
73 0 133708
73 1 133782
65 0 133834
78 0 133896
65 1 133939
78 1 134013
85 0 134027
65 0 134096
85 1 134119
65 1 134174
82 0 134245
73 0 134306
82 1 134329
73 1 134401
69 0 134462
69 1 134530
32 0 134545
32 1 134610
68 0 134669
69 0 134718
68 1 134753
69 1 134788
74 0 134873
74 1 134956
65 0 134965
32 0 135030
65 1 135072
32 1 135103
65 0 135196
65 1 135277
86 0 135384
86 1 135443
69 0 135508
69 1 135587
65 0 135701
65 1 135769
77 0 135810
77 1 135890
32 0 135990
32 1 136064
90 0 137204
90 1 137294
65 0 137304
65 1 137368
86 0 137483
86 1 137559
8 0 137842
8 1 137896
80 0 138097
65 0 138137
80 1 138166
65 1 138246
68 0 139591
68 1 139666
65 0 139675
65 1 139745
32 0 139747
32 1 139834
83 0 139852
83 1 139926
73 0 139940
73 1 139980
32 0 140075
32 1 140158
84 0 140172
84 1 140234
69 0 140298
77 0 140361
69 1 140398
77 1 140448
69 0 140514
80 0 140569
69 1 140593
80 1 140673
69 0 140684
69 1 140728
82 0 140823
82 1 140868
65 0 140982
65 1 141063
84 0 141158
84 1 141226
85 0 141245
85 1 141345
82 0 141359
82 1 141441
73 0 141474
73 1 141535
32 0 141625
32 1 141697
78 0 141774
78 1 141860
69 0 141879
69 1 141923
71 0 142049
71 1 142104
65 0 142213
65 1 142305
84 0 142432
73 0 142487
84 1 142515
73 1 142577
86 0 143960
86 1 144039
69 0 144141
69 1 144217
190 0 147677
190 1 147745
16 0 156208
90 0 156424
16 1 156521
90 1 156532
73 0 156592
73 1 156653
76 0 156785
76 1 156853
69 0 156866
69 1 156893
76 0 156951
69 0 156993
76 1 157034
69 1 157072
32 0 157133
65 0 157208
32 1 157232
65 1 157281
67 0 157372
67 1 157436
69 0 157455
69 1 157547
83 0 158173
83 1 158261
84 0 158393
84 1 158448
69 0 158534
69 1 158587
65 0 158696
65 1 158757
32 0 158848
32 1 158902
77 0 159045
77 1 159107
69 0 159121
69 1 159190
68 0 161171
68 1 161264
73 0 161300
73 1 161382
65 0 161453
32 0 161495
65 1 161549
32 1 161575
69 0 161829
69 1 161893
8 0 162166
8 1 162240
89 0 162306
89 1 162346
8 0 162804
8 1 162858
84 0 163163
84 1 163222
69 0 163311
69 1 163408
80 0 163442
80 1 163501
77 0 164055
77 1 164111
69 0 164164
69 1 164258
8 0 164843
8 1 164915
8 0 164998
8 1 165058
69 0 165128
69 1 165207
82 0 166049
82 1 166111
65 0 166229
65 1 166321
84 0 166419
85 0 166481
84 1 166518
85 1 166554
82 0 166630
73 0 166685
82 1 166712
73 1 166778
76 0 166906
76 1 166966
79 0 167056
79 1 167132
82 0 167155
82 1 167211
32 0 167288
32 1 167348
65 0 167374
65 1 167474
32 0 167488
32 1 167567
70 0 167664
70 1 167753
79 0 167767
79 1 167836
83 0 167851
83 1 167936
84 0 168044
32 0 168085
84 1 168129
32 1 168173
80 0 168266
69 0 168297
80 1 168330
69 1 168348
83 0 168453
83 1 168518
84 0 168644
84 1 168708
69 0 168805
69 1 168851
32 0 168929
32 1 168997
53 0 170647
53 1 170719
32 0 170811
32 1 170868
71 0 171676
71 1 171786
82 0 171788
82 1 171914
65 0 172042
65 1 172130
68 0 172239
69 0 172266
68 1 172307
69 1 172339
190 0 172697
190 1 172777
32 0 172953
32 1 172979
78 0 173717
78 1 173797
73 0 173856
73 1 173938
8 0 174288
8 1 174362
8 0 174430
8 1 174511
16 0 174576
78 0 174711
78 1 174801
16 1 174866
73 0 174962
73 1 175032
67 0 175129
67 1 175218
73 0 175231
73 1 175270
32 0 175369
32 1 175424
78 0 175532
85 0 175610
78 1 175645
85 1 175694
65 0 176591
65 1 176685
80 0 176743
80 1 176817
84 0 176907
84 1 176986
69 0 177075
69 1 177115
65 0 177241
65 1 177308
32 0 177429
32 1 177501
78 0 177620
85 0 177703
78 1 177752
85 1 177796
32 0 177911
32 1 177983
65 0 178153
65 1 178206
8 0 179030
8 0 179750
8 0 179800
8 0 179842
8 0 179886
8 0 179929
8 0 179976
8 0 180019
8 1 180059
8 0 180183
8 1 180273
8 0 180363
8 1 180431
8 0 180527
8 1 180594
79 0 181065
79 1 181141
65 0 181252
65 1 181354
80 0 181368
80 1 181442
84 0 181533
84 1 181611
69 0 181681
69 1 181747
65 0 181859
65 1 181917
32 0 181932
32 1 181993
78 0 182081
85 0 182143
78 1 182197
85 1 182228
32 0 182308
32 1 182388
65 0 182422
65 1 182494
32 0 182560
32 1 182629
83 0 182993
83 1 183087
67 0 183148
67 1 183236
65 0 183289
65 1 183369
90 0 183430
90 1 183534
85 0 183544
85 1 183608
84 0 183746
84 1 183830
32 0 183831
32 1 183888
83 0 184290
83 1 184366
85 0 184390
85 1 184483
66 0 184938
66 1 184999
32 0 185077
32 1 185138
90 0 186158
90 1 186218
69 0 186344
69 1 186399
82 0 186494
79 0 186556
82 1 186595
79 1 186623
32 0 186720
32 1 186793
71 0 186907
71 1 186999
82 0 187011
82 1 187079
65 0 187203
65 1 187282
68 0 187401
69 0 187424
68 1 187466
69 1 187531
188 0 188340
188 1 188412
32 0 188479
32 1 188571
76 0 188680
76 1 188760
85 0 188861
85 1 188935
67 0 189026
67 1 189100
82 0 189153
85 0 189221
82 1 189263
85 1 189295
32 0 189387
68 0 189448
32 1 189472
69 0 189490
68 1 189561
69 1 189570
83 0 189654
83 1 189727
84 0 189834
85 0 189889
84 1 189932
85 1 189982
76 0 190120
76 1 190171
32 0 190269
32 1 190323
68 0 190510
69 0 190579
68 1 190616
69 1 190667
32 0 190681
32 1 190729
78 0 190879
78 1 190956
69 0 190970
69 1 191014
65 0 191128
65 1 191203
8 0 192384
8 1 192451
79 0 192639
79 1 192693
66 0 193309
66 1 193396
73 0 193440
73 1 193499
83 0 193588
78 0 193663
83 1 193691
85 0 193808
78 1 193850
85 1 193899
73 0 193989
73 1 194067
84 0 194182
84 1 194236
190 0 194343
190 1 194447
32 0 201033
32 1 201120
16 0 201872
65 0 202019
16 1 202088
65 1 202127
67 0 202249
69 0 202324
67 1 202366
69 1 202462
83 0 202545
83 1 202633
84 0 202798
84 1 202877
65 0 202962
65 1 203052
32 0 203092
32 1 203167
69 0 203181
69 1 203235
83 0 203320
83 1 203389
84 0 203509
84 1 203571
69 0 203623
69 1 203711
32 0 203725
32 1 203810
83 0 203842
83 1 203915
73 0 203980
73 1 204050
78 0 204403
78 1 204457
71 0 204552
71 1 204657
85 0 204670
85 1 204730
82 0 205192
85 0 205259
82 1 205287
85 1 205348
76 0 205496
76 1 205564
85 0 205696
85 1 205757
73 0 205878
73 1 205939
32 0 206043
32 1 206121
8 0 206986
8 1 207061
8 0 207139
8 1 207213
8 0 210204
8 1 210277
32 0 210589
32 1 210642
76 0 210929
76 1 211023
85 0 211149
85 1 211223
67 0 211324
67 1 211433
82 0 211467
85 0 211542
82 1 211570
85 1 211615
32 0 211705
32 1 211788
80 0 211934
79 0 212009
80 1 212063
79 1 212127
90 0 212204
90 1 212270
73 0 212318
73 1 212393
84 0 212470
84 1 212545
73 0 212587
73 1 212667
86 0 212700
86 1 212759
32 0 212813
32 1 212874
8 0 218547
8 1 218650
188 0 218797
188 1 218879
32 0 218998
32 1 219071
70 0 219149
70 1 219224
65 0 219302
65 1 219391
80 0 219559
80 1 219633
84 0 219765
85 0 219820
84 1 219844
85 1 219914
76 0 220043
76 1 220098
32 0 220192
32 1 220263
67 0 220297
65 0 220339
67 1 220364
32 0 220378
32 1 220439
65 1 220458
78 0 220529
85 0 220606
78 1 220661
85 1 220717
32 0 220772
32 1 220844
69 0 220874
69 1 220928
83 0 221036
83 1 221103
84 0 221240
84 1 221298
69 0 221376
69 1 221436
32 0 221500
32 1 221575
70 0 221709
70 1 221767
79 0 221790
65 0 221839
79 1 221862
65 1 221966
82 0 222057
82 1 222131
84 0 222208
84 1 222282
69 0 222402
69 1 222457
32 0 222517
32 1 222570
70 0 223214
70 1 223301
82 0 223368
73 0 223443
82 1 223471
73 1 223530
71 0 223633
71 1 223687
190 0 223861
190 1 223916
16 0 236248
79 0 236513
79 1 236592
16 1 236678
32 0 236749
32 1 236813
90 0 236917
90 1 237001
73 0 237010
73 1 237079
32 0 237194
32 1 237248
73 0 237870
78 0 238001
73 1 238042
78 1 238094
68 0 238808
69 0 238865
68 1 238933
69 1 238944
65 0 239045
65 1 239112
76 0 239156
76 1 239229
65 0 239242
65 1 239322
32 0 239417
32 1 239479
69 0 239494
69 1 239553
83 0 239672
83 1 239712
84 0 239876
84 1 239950
69 0 240041
69 1 240120
32 0 240450
32 1 240537
85 0 240731
85 1 240906
78 0 240920
78 1 240985
65 0 241071
65 1 241165
32 0 241213
32 1 241258
68 0 241425
69 0 241468
68 1 241544
69 1 241570
32 0 241669
32 1 241712
87 0 242175
87 1 242234
69 0 242351
69 1 242396
69 0 242500
69 1 242553
75 0 242602
75 1 242682
69 0 242702
69 1 242774
78 0 242869
78 1 242924
68 0 242939
68 1 243014
190 0 243275
190 1 243347
32 0 244384
32 1 244444
16 0 244800
79 0 244961
79 1 245030
16 1 245063
32 0 245136
90 0 245189
32 1 245216
90 1 245302
73 0 245333
73 1 245411
32 0 245484
32 1 245557
67 0 245951
67 1 246045
85 0 246061
85 1 246138
32 0 246242
32 1 246319
84 0 246338
84 1 246388
69 0 246476
69 1 246550
77 0 246577
77 1 246615
80 0 246737
80 1 246799
69 0 246808
69 1 246871
82 0 247189
82 1 247248
65 0 247352
65 1 247411
84 0 247540
84 1 247619
85 0 247667
85 1 247747
82 0 248890
73 0 248963
82 1 248991
73 1 249058
32 0 249156
32 1 249225
68 0 249244
69 0 249298
68 1 249348
32 0 249374
69 1 249412
32 1 249432
50 0 249807
50 1 249887
53 0 250092
53 1 250172
32 0 250232
32 1 250295
68 0 250380
69 0 250447
68 1 250486
32 0 250501
69 1 250538
32 1 250556
71 0 250645
71 1 250749
82 0 250764
82 1 250850
65 0 250955
65 1 251048
68 0 251125
69 0 251166
68 1 251209
69 1 251269
32 0 251309
32 1 251389
73 0 251552
73 1 251605
68 0 251776
69 0 251837
68 1 251892
69 1 251944
65 0 252029
76 0 252091
65 1 252132
76 1 252201
69 0 252233
69 1 252278
32 0 252358
32 1 252421
80 0 252518
80 1 252574
69 0 252588
69 1 252649
78 0 252676
78 1 252790
84 0 252804
84 1 252850
82 0 252954
85 0 252967
82 1 253008
85 1 253049
32 0 253143
32 1 253221
65 0 253421
65 1 253514
32 0 253594
32 1 253637
84 0 255245
84 1 255312
69 0 255396
69 1 255474
32 0 255625
32 1 255665
66 0 255851
66 1 255952
85 0 255984
85 1 256042
67 0 256313
67 1 256404
85 0 256418
85 1 256477
82 0 256879
82 1 256939
65 0 257073
65 1 257165
32 0 257214
32 1 257275
68 0 257328
69 0 257356
68 1 257425
32 0 257439
69 1 257472
32 1 257499
65 0 258155
65 1 258229
69 0 258334
69 1 258441
82 0 258526
82 1 258621
32 0 258696
32 1 258730
76 0 259305
76 1 259367
73 0 259815
73 1 259889
66 0 260025
66 1 260099
69 0 260151
69 1 260193
82 0 260301
82 1 260354
190 0 260396
190 1 260483
32 0 260592
32 1 260631
16 0 264045
79 0 264267
16 1 264350
79 1 264360
82 0 264538
82 1 264619
65 0 264737
65 1 264815
32 0 265439
32 1 265498
68 0 266733
69 0 266762
68 1 266830
69 1 266878
32 0 266892
32 1 266964
84 0 267137
84 1 267204
82 0 267218
82 1 267259
69 0 267278
69 1 267320
90 0 267476
90 1 267545
73 0 267602
73 1 267684
82 0 267940
69 0 268000
82 1 268041
69 1 268096
32 0 268151
32 1 268232
73 0 268950
68 0 269025
73 1 269052
69 0 269108
68 1 269167
69 1 269198
65 0 269271
76 0 269338
65 1 269343
76 1 269462
65 0 269470
65 1 269516
32 0 269544
32 1 269630
69 0 269659
69 1 269739
83 0 269812
83 1 269904
84 0 270033
84 1 270094
69 0 270175
32 0 270214
69 1 270254
32 1 270307
73 0 270353
78 0 270445
73 1 270482
78 1 270525
32 0 270608
32 1 270692
74 0 270750
74 1 270830
85 0 270916
85 1 271005
82 0 271018
82 1 271078
32 0 271154
32 1 271229
68 0 271283
69 0 271353
68 1 271394
32 0 271413
32 1 271459
69 1 271477
57 0 272470
57 1 272540
16 0 272883
65 0 273098
65 1 273212
77 0 273293
77 1 273362
16 1 273375
32 0 273835
32 1 273907
8 0 275659
8 1 275755
190 0 275917
190 1 275988
32 0 276109
32 1 276194
16 0 276203
68 0 276396
16 1 276423
68 1 276489
85 0 277028
85 1 277110
80 0 277268
80 1 277338
65 0 277435
65 1 277553
32 0 277563
32 1 277625
79 0 277737
79 1 277799
32 0 277889
32 1 277963
67 0 278016
65 0 278078
67 1 278120
65 1 278180
83 0 278260
83 1 278328
8 0 278592
70 0 278653
8 1 278676
69 0 278753
70 1 278800
69 1 278836
65 0 278891
65 1 278982
32 0 279006
83 0 279066
32 1 279089
83 1 279148
73 0 279162
73 1 279222
32 0 279301
32 1 279360
85 0 279426
78 0 279514
85 1 279556
78 1 279597
32 0 279692
32 1 279755
77 0 279856
73 0 279931
77 1 279986
67 0 280034
73 1 280062
67 1 280132
32 0 280148
32 1 280225
68 0 280284
69 0 280346
68 1 280387
69 1 280454
74 0 280574
74 1 280657
85 0 280755
78 0 280853
85 1 280898
78 1 280938
32 0 281049
32 1 281127
83 0 281187
65 0 281270
83 1 281319
65 1 281391
78 0 281733
78 1 281800
65 0 281922
65 1 282013
84 0 282154
79 0 282224
84 1 282257
79 1 282316
83 0 282383
83 1 282470
188 0 283540
188 1 283600
32 0 283758
32 1 283824
79 0 289034
79 1 289098
32 0 289201
32 1 289270
73 0 289354
73 1 289428
69 0 289506
69 1 289602
83 0 289681
83 1 289772
73 0 289787
73 1 289855
82 0 289871
69 0 289945
82 1 289987
69 1 290049
32 0 290063
32 1 290119
76 0 290386
76 1 290460
65 0 290488
65 1 290585
32 0 290587
32 1 290630
69 0 290867
69 1 290935
8 0 291207
8 1 291288
84 0 291391
84 1 291466
69 0 291569
69 1 291621
82 0 291730
82 1 291822
65 0 291925
65 1 291998
83 0 292063
65 0 292151
83 1 292192
65 1 292247
32 0 292266
32 1 292333
67 0 292365
67 1 292447
85 0 292456
85 1 292512
32 0 292571
32 1 292645
80 0 292766
80 1 292839
73 0 292952
82 0 292963
73 1 293046
82 1 293053
69 0 293173
69 1 293234
84 0 293324
84 1 293383
69 0 293473
78 0 293517
69 1 293542
78 1 293622
73 0 293669
73 1 293731
73 0 293821
73 1 293899
8 0 294179
8 0 294879
8 0 294925
8 0 294967
8 0 295015
8 0 295057
8 0 295099
8 0 295147
8 1 295187
82 0 295826
82 1 295907
73 0 295922
73 1 295995
69 0 296009
69 1 296059
84 0 296155
84 1 296234
69 0 296295
78 0 296356
69 1 296384
78 1 296438
73 0 296466
73 1 296543
73 0 296661
73 1 296686
32 0 296795
32 1 296854
69 0 296890
69 1 296947
83 0 297068
83 1 297122
84 0 297509
84 1 297615
69 0 297721
69 1 297793
32 0 297858
32 1 297918
73 0 298069
73 1 298129
68 0 298195
69 0 298257
68 1 298326
69 1 298357
65 0 298424
65 1 298506
76 0 298552
76 1 298622
65 0 298636
65 1 298714
190 0 298830
190 1 298897
32 0 299019
32 1 299073
16 0 306379
80 0 306592
80 1 306678
16 1 306707
82 0 306841
82 1 306934
65 0 307020
65 1 307118
78 0 307133
78 1 307199
90 0 307258
90 1 307313
85 0 307419
85 1 307497
76 0 307635
76 1 307717
32 0 307822
32 1 307882
69 0 308733
69 1 308806
83 0 308916
83 1 308974
84 0 309078
84 1 309157
69 0 309244
32 0 309286
69 1 309345
32 1 309358
80 0 309671
80 1 309737
69 0 309797
69 1 309876
82 0 309959
82 1 310057
70 0 310161
70 1 310290
69 0 310303
69 1 310427
67 0 310534
67 1 310585
84 0 310710
84 1 310793
32 0 310854
32 1 310880
68 0 311692
65 0 311767
68 1 311810
65 1 311850
67 0 311935
67 1 312004
65 0 312025
65 1 312083
32 0 312143
32 1 312228
65 0 313736
65 1 313867
73 0 313881
73 1 313911
32 0 314028
32 1 314082
8 0 314762
8 1 314808
8 0 314932
8 1 314970
8 0 315084
8 1 315122
65 0 315602
65 1 315714
77 0 315733
77 1 315792
32 0 315897
32 1 315968
79 0 316136
79 1 316207
67 0 316364
65 0 316453
67 1 316495
65 1 316561
73 0 316772
73 1 316840
8 0 317088
90 0 317128
8 1 317156
90 1 317265
73 0 317299
73 1 317380
65 0 317402
65 1 317496
32 0 317545
32 1 317614
83 0 317687
65 0 317756
83 1 317803
32 0 317816
65 1 317854
32 1 317885
73 0 318387
73 1 318481
76 0 318620
76 1 318687
32 0 318832
32 1 318892
73 0 319087
65 0 319135
73 1 319164
65 1 319261
85 0 319281
85 1 319325
32 0 319428
32 1 319487
73 0 319663
78 0 319751
73 1 319780
78 1 319833
32 0 319939
32 1 320000
85 0 320182
85 1 320275
78 0 320335
78 1 320439
85 0 320453
85 1 320515
76 0 320647
76 1 320707
32 0 320811
32 1 320857
68 0 320881
68 1 320956
73 0 320965
78 0 321024
73 1 321053
78 1 321098
32 0 321206
32 1 321265
82 0 321495
82 1 321580
69 0 321595
69 1 321640
83 0 321775
83 1 321832
84 0 322026
84 1 322081
85 0 322784
85 1 322858
82 0 323302
82 1 323377
65 0 323473
78 0 323528
65 1 323551
78 1 323613
84 0 323656
84 1 323733
69 0 323782
69 1 323854
76 0 323935
69 0 323958
76 1 324011
69 1 324037
32 0 324132
32 1 324196
80 0 325528
80 1 325590
82 0 325604
69 0 325661
82 1 325698
69 1 325755
70 0 325800
69 0 325907
70 1 325946
69 1 326018
82 0 326071
82 1 326166
65 0 326251
65 1 326345
84 0 326435
84 1 326510
69 0 326576
69 1 326676
190 0 327379
190 1 327447
32 0 327942
32 1 328005
16 0 328483
83 0 328794
16 1 328924
83 1 328931
69 0 329057
69 1 329161
65 0 329344
65 1 329438
82 0 329542
82 1 329615
65 0 329716
65 1 329813
32 0 329862
32 1 329915
69 0 331551
69 1 331604
83 0 331795
83 1 331903
84 0 332012
84 1 332077
69 0 332150
69 1 332246
32 0 332326
32 1 332377
68 0 341739
69 0 341793
68 1 341884
69 1 341915
68 0 342006
68 1 342149
73 0 342151
73 1 342226
67 0 342307
67 1 342410
65 0 342424
65 1 342511
84 0 342626
84 1 342693
65 0 342792
65 1 342857
32 0 342905
32 1 342991
70 0 343006
70 1 343075
73 0 343134
73 1 343187
69 0 343201
69 1 343267
32 0 343325
32 1 343406
83 0 343464
83 1 343525
69 0 343614
69 1 343658
8 0 343863
8 1 343951
73 0 344096
73 1 344199
69 0 344213
69 1 344275
83 0 344402
83 1 344473
73 0 344552
73 1 344608
82 0 344724
82 1 344826
73 0 344839
73 1 344906
76 0 345092
76 1 345166
79 0 345287
79 1 345341
82 0 345355
82 1 345445
32 0 345509
32 1 345568
8 0 345994
8 0 346707
8 0 346749
8 0 346791
8 0 346841
8 0 346883
8 0 346926
8 0 346969
8 0 347015
8 0 347062
8 0 347102
8 1 347137
85 0 348965
85 1 349076
78 0 349120
85 0 349222
78 1 349260
85 1 349317
73 0 349413
73 1 349495
32 0 349577
32 1 349653
70 0 349841
70 1 349932
73 0 349945
73 1 349984
76 0 350094
76 1 350187
77 0 350539
77 1 350600
32 0 350722
32 1 350765
66 0 351405
66 1 351512
85 0 351560
85 1 351664
78 0 351729
78 1 351824
32 0 351952
32 1 351991
70 0 352535
70 1 352639
73 0 352652
73 1 352714
69 0 352767
69 1 352837
32 0 352895
32 1 353014
85 0 353067
78 0 353183
85 1 353226
78 1 353357
85 0 353368
85 1 353382
8 0 353748
8 1 353803
69 0 354219
69 1 354303
85 0 354387
85 1 354426
8 0 354843
8 1 354909
73 0 355088
73 1 355167
32 0 355306
32 1 355363
73 0 355874
73 1 355940
69 0 355999
69 1 356070
83 0 356172
83 1 356260
73 0 356273
73 1 356348
82 0 356402
82 1 356492
73 0 356520
73 1 356581
32 0 356685
32 1 356768
67 0 356869
67 1 356955
85 0 356956
85 1 357015
32 0 357088
32 1 357156
80 0 357277
80 1 357353
82 0 357367
82 1 357450
73 0 357470
73 1 357538
69 0 357552
69 1 357608
84 0 357661
84 1 357749
69 0 357790
69 1 357874
78 0 357894
78 1 357968
73 0 358045
73 1 358113
73 0 358196
73 1 358250
32 0 358335
32 1 358395
76 0 363852
76 1 363929
65 0 364010
65 1 364093
32 0 364108
32 1 364154
79 0 364269
79 1 364315
32 0 364437
32 1 364492
66 0 365494
66 1 365596
69 0 365610
69 1 365681
82 0 365788
69 0 365879
82 1 365917
69 1 365978
32 0 366044
32 1 366098
83 0 366139
65 0 366215
83 1 366259
65 1 366321
85 0 366334
85 1 366389
32 0 366547
32 1 366598
8 0 367591
8 1 367695
8 0 367735
8 1 367867
8 0 368043
8 1 368096
8 0 368242
8 1 368302
8 0 382464
8 1 382531
190 0 384912
190 1 384986
32 0 385516
32 1 385575
16 0 404113
79 0 407545
79 1 407615
16 1 407640
32 0 407739
32 1 407803
83 0 407877
83 1 407953
69 0 408061
69 1 408149
65 0 408250
65 1 408352
82 0 408471
82 1 408512
65 0 408610
32 0 408692
65 1 408754
32 1 408773
82 0 408950
69 0 409038
82 1 409080
69 1 409149
85 0 409217
85 1 409310
83 0 409499
83 1 409598
73 0 409626
73 1 409706
84 0 409943
84 1 410015
65 0 410135
65 1 410221
32 0 410251
32 1 410324
80 0 410413
79 0 410483
65 0 410529
80 1 410554
65 1 410619
79 1 410636
84 0 410747
84 1 410807
69 0 410925
69 1 411001
32 0 411127
83 0 411167
32 1 411229
83 1 411240
65 0 411244
32 0 411311
65 1 411367
32 1 411391
70 0 411450
70 1 411521
73 0 411540
73 1 411628
69 0 411642
69 1 411700
32 0 411748
32 1 411793
83 0 412567
83 1 412661
73 0 412734
73 1 412823
32 0 412937
32 1 412997
76 0 413492
76 1 413558
65 0 413572
32 0 413649
65 1 413691
32 1 413721
79 0 413916
79 1 413984
32 0 414103
32 1 414183
83 0 414309
83 1 414382
69 0 414484
69 1 414569
83 0 414648
83 1 414724
73 0 414737
73 1 414763
85 0 414861
78 0 414944
85 1 414973
78 1 415045
69 0 415073
69 1 415162
32 0 415178
32 1 415235
68 0 415582
69 0 415638
68 1 415699
69 1 415732
32 0 415793
32 1 415843
66 0 416738
66 1 416807
79 0 416927
65 0 417004
79 1 417027
65 1 417131
82 0 417339
82 1 417428
68 0 417541
68 1 417609
32 0 418156
32 1 418230
71 0 418440
71 1 418501
65 0 418542
65 1 418643
77 0 418672
77 1 418774
69 0 418788
69 1 418848
83 0 418940
83 1 419041
32 0 419055
32 1 419096
8 0 424380
8 1 424460
188 0 424618
188 1 424698
32 0 424811
32 1 424871
67 0 424923
65 0 424963
67 1 425006
65 1 425080
82 0 425169
82 1 425254
69 0 425255
69 1 425329
32 0 425348
32 1 425407
83 0 425432
83 1 425494
69 0 425569
32 0 425582
69 1 425656
32 1 425670
80 0 425828
79 0 425870
65 0 425931
80 1 425943
79 1 425987
65 1 426048
84 0 426164
84 1 426229
69 0 426287
32 0 426336
69 1 426376
32 1 426407
80 0 426523
80 1 426596
82 0 426610
69 0 426620
82 1 426647
69 1 426695
76 0 426775
76 1 426876
85 0 426990
85 1 427055
78 0 427414
78 1 427482
71 0 427555
71 1 427623
73 0 427681
73 1 427749
73 0 427833
73 1 427887
32 0 427971
32 1 428039
80 0 428184
65 0 428247
80 1 428275
65 1 428341
78 0 428376
78 1 428431
65 0 428445
65 1 428548
32 0 428561
32 1 428615
84 0 429864
84 1 429933
65 0 430017
65 1 430121
82 0 430232
82 1 430285
90 0 430453
90 1 430527
73 0 430581
73 1 430660
85 0 430759
85 1 430821
32 0 430965
32 1 431048
73 0 431164
78 0 431239
73 1 431279
78 1 431323
32 0 431415
32 1 431490
78 0 431633
78 1 431712
79 0 431796
79 1 431885
65 0 431938
65 1 432051
80 0 432069
80 1 432123
84 0 432206
84 1 432277
69 0 432347
69 1 432432
190 0 432522
190 1 432596
32 0 432728
32 1 432741
16 0 435610
79 0 435807
79 1 435874
16 1 435887
82 0 436033
82 1 436112
65 0 436232
65 1 436290
32 0 436339
32 1 436388
73 0 436960
73 1 437034
68 0 437086
69 0 437148
68 1 437231
69 1 437248
65 0 437326
76 0 437380
65 1 437410
76 1 437479
65 0 437481
65 1 437576
32 0 437590
32 1 437649
68 0 437695
68 1 437717
69 0 437731
32 0 437786
69 1 437826
32 1 437842
67 0 437900
67 1 438003
85 0 438018
85 1 438058
76 0 438167
76 1 438235
67 0 438309
67 1 438378
65 0 438388
65 1 438467
82 0 438587
69 0 438629
82 1 438684
32 0 438704
69 1 438743
32 1 438773
73 0 438847
78 0 438947
73 1 438995
78 1 439022
32 0 439129
32 1 439184
87 0 439507
87 1 439581
69 0 439701
69 1 439756
69 0 439827
69 1 439920
75 0 439970
75 1 440065
69 0 440085
69 1 440159
68 0 440261
68 1 440317
78 0 440398
78 1 440459
8 0 441087
8 1 441167
8 0 441238
8 1 441319
78 0 441470
78 1 441556
68 0 441646
68 1 441759
32 0 441802
32 1 441867
69 0 441951
69 1 442024
83 0 442133
83 1 442230
84 0 442338
84 1 442418
69 0 442477
32 0 442525
69 1 442562
32 1 442598
73 0 442663
78 0 442745
73 1 442791
78 1 442822
32 0 442911
32 1 442999
74 0 443159
74 1 443220
85 0 443310
85 1 443385
82 0 443399
82 1 443477
32 0 443564
68 0 443639
32 1 443668
69 0 443707
68 1 443764
32 0 443810
69 1 443852
32 1 443879
49 0 444512
49 1 444605
16 0 444896
65 0 445174
65 1 445303
77 0 445376
77 1 445448
16 1 445514
16 0 459155
67 0 459349
16 1 459446
67 1 459466
79 0 459532
79 1 459637
78 0 459745
78 1 459812
83 0 459897
83 1 459981
73 0 459990
73 1 460055
68 0 460292
68 1 460454
69 0 460468
69 1 460541
82 0 460631
82 1 460731
32 0 460746
32 1 460790
67 0 460927
67 1 461019
65 0 461029
65 1 461111
32 0 461160
32 1 461219
83 0 463380
83 1 463497
73 0 463508
73 1 463569
84 0 463779
84 1 463860
69 0 463945
69 1 464016
8 0 465102
8 1 465196
8 0 465385
8 1 465466
83 0 465561
83 1 465654
84 0 465794
84 1 465870
69 0 465947
69 1 466013
77 0 466060
77 1 466130
85 0 466296
85 1 466369
76 0 466494
76 1 466574
32 0 466672
32 1 466723
69 0 467038
69 1 467100
68 0 467230
68 1 467292
85 0 467393
85 1 467475
67 0 467513
65 0 467582
67 1 467626
65 1 467704
84 0 467807
73 0 467862
84 1 467903
79 0 467923
73 1 467993
79 1 468044
78 0 468179
78 1 468256
65 0 471118
65 1 471240
76 0 471377
76 1 471444
32 0 471598
32 1 471650
68 0 471720
68 1 471804
73 0 471814
78 0 471866
73 1 471908
78 1 471949
32 0 472057
32 1 472125
16 0 472436
82 0 472801
82 1 472889
16 1 472919
79 0 472927
79 1 472976
77 0 473080
77 1 473154
65 0 473196
78 0 473258
65 1 473301
78 1 473331
73 0 473359
65 0 473419
73 1 473444
65 1 473504
32 0 473540
32 1 473598
65 0 474458
65 1 474544
82 0 474672
82 1 474747
69 0 474762
69 1 474840
32 0 474903
32 1 474958
78 0 475077
85 0 475179
78 1 475222
85 1 475287
77 0 475359
77 1 475432
69 0 475448
69 1 475493
82 0 475607
82 1 475676
79 0 475808
79 1 475886
65 0 475978
65 1 476053
83 0 476121
83 1 476178
69 0 476269
32 0 476310
69 1 476363
32 1 476383
76 0 477620
76 1 477659
79 0 477766
79 1 477828
67 0 477919
67 1 478003
85 0 478023
85 1 478063
82 0 478160
73 0 478216
82 1 478249
73 1 478290
32 0 478399
32 1 478472
85 0 479169
78 0 479225
85 1 479302
78 1 479347
68 0 479380
69 0 479455
68 1 479489
32 0 479511
69 1 479553
32 1 479590
80 0 479778
79 0 479869
65 0 479908
80 1 479937
79 1 479980
65 1 480015
84 0 480142
84 1 480196
69 0 480269
69 1 480342
32 0 480432
32 1 480485
83 0 480556
65 0 480640
83 1 480715
65 1 480754
32 0 480781
32 1 480847
70 0 481034
70 1 481117
73 0 481136
73 1 481202
69 0 481203
69 1 481284
32 0 481318
32 1 481390
73 0 481493
78 0 481623
73 1 481658
78 1 481718
8 0 483054
8 1 483112
77 0 483275
77 1 483340
66 0 483502
66 1 483590
85 0 483631
85 1 483685
78 0 483882
78 1 483959
65 0 484049
65 1 484124
84 0 487075
84 1 487171
65 0 487267
65 1 487341
84 0 487460
84 1 487542
73 0 487557
73 1 487629
84 0 487646
84 1 487712
190 0 488213
190 1 488288
32 0 488932
32 1 488978
16 0 492548
85 0 492728
16 1 492815
85 1 492834
78 0 492907
78 1 493002
85 0 493010
85 1 493117
76 0 493239
76 1 493313
32 0 493423
32 1 493490
68 0 493504
68 1 493590
73 0 493592
78 0 493664
73 1 493722
78 1 493736
32 0 493849
32 1 493909
76 0 494000
76 1 494061
85 0 494177
67 0 494232
85 1 494280
67 1 494342
82 0 494403
85 0 494448
82 1 494490
85 1 494518
82 0 494625
73 0 494700
82 1 494743
73 1 494775
76 0 494891
76 1 494995
69 0 495005
69 1 495074
32 0 495135
32 1 495202
80 0 495348
80 1 495417
69 0 495419
69 1 495492
32 0 495564
67 0 495604
32 1 495634
67 1 495708
65 0 495722
65 1 495814
82 0 495928
69 0 495997
82 1 496038
32 0 496086
69 1 496123
32 1 496173
76 0 496353
76 1 496442
69 0 496495
69 1 496563
32 0 496590
32 1 496655
70 0 497102
70 1 497176
65 0 497256
65 1 497320
67 0 497353
67 1 497456
69 0 497471
69 1 497532
32 0 497599
32 1 497657
66 0 498041
66 1 498146
73 0 498159
78 0 498259
73 1 498296
78 1 498329
69 0 498343
69 1 498435
32 0 498494
32 1 498566
69 0 498699
69 1 498783
83 0 498905
83 1 498942
84 0 499082
84 1 499153
69 0 499233
32 0 499287
69 1 499330
32 1 499376
76 0 499452
76 1 499528
65 0 499541
65 1 499609
32 0 499628
32 1 499683
78 0 499791
78 1 499860
73 0 499873
73 1 499934
86 0 500023
86 1 500098
69 0 500193
69 1 500281
76 0 500359
76 1 500412
85 0 500522
85 1 500591
76 0 500696
76 1 500762
32 0 500849
32 1 500933
68 0 500948
69 0 501024
68 1 501079
32 0 501105
69 1 501147
32 1 501157
69 0 501283
69 1 501365
70 0 501498
70 1 501586
73 0 501772
73 1 501833
67 0 502117
67 1 502216
73 0 502236
73 1 502296
69 0 502341
78 0 502388
69 1 502411
78 1 502499
84 0 502520
84 1 502578
65 0 502694
65 1 502738
190 0 502875
190 1 502954
32 0 503082
32 1 503126
16 0 503237
67 0 503502
67 1 503585
16 1 503601
79 0 503620
79 1 503688
78 0 503762
78 1 503843
83 0 503858
83 1 503933
73 0 503943
73 1 503992
68 0 504081
68 1 504185
69 0 504199
69 1 504239
82 0 504348
82 1 504409
32 0 504444
32 1 504503
67 0 504569
67 1 504638
65 0 504640
65 1 504703
32 0 504726
32 1 504787
80 0 506572
80 1 506641
69 0 506651
69 1 506701
82 0 506778
82 1 506856
32 0 506929
32 1 506988
84 0 507170
79 0 507259
84 1 507270
79 1 507327
84 0 507334
84 1 507407
65 0 507545
65 1 507592
76 0 507645
76 1 507699
32 0 507823
32 1 507900
8 0 509383
8 1 509438
188 0 509841
188 1 509915
32 0 510000
32 1 510067
82 0 510213
82 1 510305
65 0 510389
65 1 510478
80 0 510492
79 0 510555
80 1 510591
79 1 510695
82 0 510842
82 1 510929
84 0 511382
84 1 511443
65 0 511534
78 0 511588
65 1 511616
78 1 511680
68 0 511703
68 1 511758
32 0 511828
32 1 511896
76 0 512004
76 1 512077
65 0 512091
65 1 512175
32 0 512194
32 1 512234
78 0 512416
78 1 512547
85 0 512561
85 1 512639
8 0 514391
8 1 514463
8 0 514571
8 1 514639
66 0 517037
66 1 517155
85 0 517169
85 1 517259
71 0 517476
71 1 517550
69 0 517591
69 1 517673
84 0 517769
85 0 517844
84 1 517885
85 1 517915
76 0 518042
76 1 518130
32 0 518240
32 1 518306
65 0 518321
65 1 518409
67 0 518474
67 1 518559
79 0 518578
79 1 518632
82 0 518741
82 1 518837
68 0 518963
65 0 519049
68 1 519126
65 1 519165
84 0 519309
84 1 519370
32 0 519448
32 1 519509
73 0 522428
78 0 522517
73 1 522572
78 1 522622
86 0 522670
86 1 522752
65 0 522836
65 1 522900
84 0 523016
84 1 523084
65 0 523179
65 1 523252
77 0 523307
77 1 523375
65 0 523388
65 1 523449
78 0 523492
78 1 523556
84 0 523665
85 0 523739
84 1 523763
85 1 523812
76 0 523951
76 1 524024
85 0 524131
85 1 524205
73 0 524285
73 1 524339
32 0 524459
32 1 524528
82 0 524735
82 1 524801
69 0 524809
69 1 524884
90 0 525037
90 1 525113
85 0 525160
85 1 525235
76 0 525367
76 1 525440
84 0 525463
84 1 525542
65 0 525632
65 1 525706
84 0 525794
84 1 525878
69 0 525926
69 1 525997
76 0 526020
76 1 526092
69 0 526119
69 1 526193
32 0 526208
32 1 526281
83 0 526345
83 1 526424
85 0 526426
78 0 526504
85 1 526546
78 1 526571
84 0 526586
84 1 526659
32 0 526726
32 1 526785
85 0 527020
78 0 527134
85 1 527180
78 1 527207
69 0 527291
69 1 527338
76 0 527427
76 1 527509
69 0 527523
69 1 527591
32 0 527625
32 1 527679
80 0 527811
69 0 527859
80 1 527897
69 1 527916
83 0 528017
83 1 528086
84 0 528193
84 1 528276
69 0 528336
32 0 528377
69 1 528422
32 1 528448
77 0 528546
77 1 528614
69 0 528629
69 1 528675
68 0 528740
68 1 528843
73 0 528857
73 1 528941
69 0 528960
69 1 529015
190 0 531640
190 1 531722
32 0 531872
32 1 531940
16 0 532110
65 0 532374
65 1 532490
16 1 532501
83 0 532608
83 1 532686
84 0 532827
84 1 532880
69 0 532954
76 0 533038
69 1 533084
76 1 533142
32 0 533243
32 1 533309
76 0 533484
76 1 533539
65 0 533553
32 0 533642
65 1 533670
32 1 533695
69 0 533780
69 1 533836
70 0 534012
70 1 534094
73 0 534107
73 1 534187
67 0 534287
67 1 534383
73 0 534431
73 1 534515
69 0 534529
78 0 534590
69 1 534629
78 1 534690
84 0 534703
84 1 534783
65 0 534873
65 1 534948
32 0 534985
32 1 535034
69 0 535175
69 1 535230
83 0 535353
83 1 535415
8 0 535831
8 1 535891
8 0 535981
8 1 536060
83 0 536181
83 1 536302
84 0 536428
84 1 536506
65 0 536593
65 1 536674
77 0 536708
77 1 536781
32 0 536904
32 1 536943
66 0 537378
66 1 537476
73 0 537478
78 0 537584
73 1 537621
78 1 537653
69 0 537714
69 1 537772
190 0 537875
190 1 537951
32 0 538102
32 1 538139
16 0 538951
78 0 539406
85 0 539497
16 1 539520
78 1 539523
85 1 539569
32 0 539708
32 1 539773
67 0 539898
67 1 540009
82 0 540053
82 1 540149
69 0 540230
69 1 540309
8 0 541026
8 1 541078
8 0 541150
8 1 541230
8 0 541301
8 1 541364
8 0 541437
8 1 541501
8 0 541573
8 1 541652
85 0 541920
85 1 541976
32 0 542122
32 1 542186
67 0 542323
67 1 542426
82 0 542516
82 1 542609
69 0 542682
69 1 542742
68 0 542838
68 1 542880
32 0 542933
32 1 542987
67 0 543021
65 0 543075
67 1 543123
32 0 543152
65 1 543175
32 1 543218
83 0 543277
83 1 543332
73 0 543403
83 0 543444
73 1 543473
83 1 543523
84 0 543618
84 1 543706
69 0 543759
77 0 543835
69 1 543877
77 1 543919
85 0 544043
85 1 544120
76 0 544250
76 1 544321
32 0 544401
32 1 544491
68 0 544913
69 0 544968
68 1 545025
69 1 545079
32 0 545081
32 1 545153
73 0 545249
78 0 545340
73 1 545376
78 1 545435
86 0 545450
86 1 545535
65 0 545633
65 1 545692
84 0 545806
84 1 545885
65 0 545946
77 0 546023
65 1 546050
77 1 546121
65 0 546132
78 0 546184
65 1 546212
78 1 546265
32 0 546386
32 1 546445
73 0 546510
78 0 546599
73 1 546637
78 1 546682
86 0 546741
86 1 546810
69 0 546882
69 1 546964
83 0 547083
83 1 547124
84 0 547259
84 1 547380
69 0 547433
69 1 547560
83 0 547628
83 1 547697
84 0 547765
84 1 547845
69 0 547904
69 1 547979
32 0 548022
32 1 548102
83 0 548134
83 1 548217
85 0 548227
85 1 548292
70 0 548437
70 1 548521
73 0 548568
73 1 548650
67 0 548984
67 1 549106
73 0 549233
73 1 549300
69 0 549505
78 0 549574
69 1 549584
78 1 549678
84 0 549700
84 1 549794
32 0 549827
32 1 549893
73 0 550634
78 0 550725
73 1 550781
78 1 550834
32 0 550941
32 1 551005
80 0 553707
80 1 553760
82 0 553808
69 0 553863
82 1 553900
69 1 553970
71 0 554027
71 1 554102
65 0 554192
65 1 554265
84 0 554364
73 0 554404
84 1 554445
73 1 554487
82 0 554543
69 0 554598
82 1 554661
69 1 554694
65 0 554781
65 1 554854
32 0 554922
32 1 554961
80 0 555082
69 0 555136
80 1 555185
69 1 555210
82 0 555330
82 1 555383
83 0 555504
79 0 555531
83 1 555592
79 1 555611
78 0 555726
78 1 555811
65 0 555825
65 1 555905
76 0 555938
76 1 556014
85 0 556103
85 1 556180
76 0 556301
76 1 556361
85 0 556451
85 1 556524
73 0 556614
73 1 556697
32 0 556753
68 0 556821
32 1 556854
68 1 556946
73 0 556948
73 1 557015
68 0 557231
65 0 557319
68 1 557358
65 1 557422
67 0 557641
67 1 557714
84 0 557849
84 1 557967
73 0 557980
73 1 558026
67 0 558233
67 1 558286
188 0 559603
188 1 559678
32 0 559770
32 1 559852
67 0 559924
65 0 559950
67 1 559992
65 1 560061
82 0 560166
69 0 560229
82 1 560285
69 1 560326
32 0 560360
32 1 560400
69 0 560452
69 1 560519
83 0 560646
83 1 560704
84 0 560794
84 1 560891
69 0 560948
69 1 561052
32 0 561066
32 1 561125
67 0 561586
69 0 561613
67 1 561655
69 1 561695
76 0 561752
76 1 561820
32 0 562587
32 1 562646
77 0 562768
65 0 562838
77 1 562861
73 0 562862
73 1 562938
65 1 562953
32 0 563007
32 1 563087
73 0 563200
77 0 563296
73 1 563342
77 1 563402
80 0 563480
79 0 563549
80 1 563610
79 1 563669
82 0 563716
82 1 563806
84 0 563891
84 1 563957
65 0 564064
78 0 564120
65 1 564155
78 1 564237
84 0 564251
84 1 564337
32 0 564351
32 1 564436
80 0 564656
80 1 564730
73 0 564849
73 1 564923
76 0 565050
76 1 565111
79 0 565203
79 1 565262
82 0 565316
82 1 565409
190 0 565561
190 1 565664
8 0 566036
8 1 566100
8 0 566159
8 1 566239
78 0 566469
78 1 566508
190 0 567181
190 1 567255
32 0 567462
32 1 567524
16 0 576707
80 0 576824
80 1 576880
16 1 576925
69 0 577491
69 1 577584
78 0 577643
78 1 577723
84 0 577769
84 1 577847
82 0 577919
85 0 577988
82 1 578003
85 1 578066
32 0 578184
32 1 578257
65 0 578322
65 1 578400
32 0 578424
32 1 578484
67 0 579275
67 1 579348
82 0 579523
82 1 579614
69 0 579717
69 1 579776
83 0 579867
83 1 579948
84 0 580032
84 1 580127
69 0 580189
32 0 580243
69 1 580273
32 1 580315
80 0 580447
80 1 580516
69 0 580536
69 1 580581
82 0 580640
82 1 580741
79 0 580768
79 1 580830
77 0 581114
77 1 581173
65 0 581239
65 1 581355
8 0 582165
8 1 582222
8 0 582306
8 1 582401
8 0 582843
8 1 582886
77 0 583153
77 1 583242
65 0 583257
78 0 583334
65 1 583367
78 1 583400
84 0 583508
84 1 583590
65 0 583684
65 1 583741
32 0 583771
32 1 583822
84 0 584138
84 1 584233
82 0 584329
82 1 584412
69 0 584492
69 1 584571
66 0 584758
66 1 584840
85 0 584927
85 1 585005
73 0 585108
73 1 585162
69 0 585177
69 1 585230
32 0 585311
32 1 585378
83 0 585534
65 0 585614
83 1 585675
65 1 585720
32 0 587331
32 1 587375
80 0 587570
80 1 587640
82 0 587659
69 0 587736
82 1 587776
69 1 587815
71 0 587887
71 1 587972
65 0 588052
65 1 588127
84 0 588215
73 0 588292
84 1 588332
77 0 588402
73 1 588461
77 1 588492
32 0 588596
32 1 588648
80 0 588793
80 1 588870
82 0 588884
82 1 588953
79 0 588968
79 1 589040
70 0 589160
70 1 589244
69 0 589291
69 1 589400
83 0 589482
83 1 589542
84 0 589634
84 1 589692
79 0 589827
79 1 589870
8 0 590033
8 1 590114
79 0 590292
79 1 590354
82 0 590442
82 1 590515
73 0 590567
73 1 590649
73 0 590733
73 1 590799
32 0 590902
32 1 590960
8 0 592368
8 1 592438
8 0 592522
8 1 592598
8 0 592651
8 1 592737
8 0 592776
8 1 592852
8 0 592930
8 1 593014
8 0 593080
8 1 593153
8 0 593466
8 1 593551
83 0 594222
83 1 594322
79 0 594353
79 1 594412
82 0 594479
82 1 594546
73 0 594618
73 1 594671
73 0 594755
73 1 594829
32 0 594954
32 1 595024
70 0 596384
70 1 596487
79 0 596514
65 0 596592
79 1 596620
65 1 596674
82 0 596758
82 1 596826
84 0 596950
84 1 596986
69 0 597072
69 1 597141
32 0 597183
32 1 597240
66 0 597305
66 1 597384
73 0 597404
78 0 597464
73 1 597493
78 1 597548
69 0 597567
69 1 597621
32 0 597705
83 0 597774
32 1 597803
83 1 597879
73 0 597889
73 1 597932
32 0 598017
83 0 598045
32 1 598100
65 0 598116
83 1 598171
32 0 598203
65 1 598244
32 1 598281
83 0 598367
83 1 598442
8 0 598678
8 1 598731
68 0 598773
68 1 598866
79 0 598891
79 1 598980
84 0 599113
84 1 599173
65 0 599299
77 0 599388
65 1 599412
77 1 599494
32 0 599603
32 1 599664
83 0 601022
83 1 601103
67 0 601175
67 1 601265
79 0 601280
79 1 601336
76 0 601458
76 1 601531
73 0 601641
73 1 601700
76 0 601815
76 1 601884
69 0 601904
69 1 601946
32 0 601973
32 1 602052
67 0 602240
67 1 602329
85 0 602343
85 1 602370
32 0 602467
32 1 602534
77 0 602642
65 0 602656
77 1 602712
65 1 602750
84 0 602875
84 1 602963
69 0 603053
69 1 603139
82 0 603191
73 0 603220
73 1 603288
82 1 603299
65 0 603425
65 1 603521
76 0 603537
76 1 603598
69 0 603610
69 1 603663
76 0 603726
69 0 603751
76 1 603794
69 1 603840
32 0 603894
32 1 603947
78 0 604094
78 1 604154
69 0 604168
69 1 604234
67 0 604331
69 0 604421
67 1 604463
69 1 604537
83 0 604614
65 0 604677
83 1 604714
65 1 604785
82 0 604883
69 0 604959
82 1 604996
69 1 605046
190 0 605147
190 1 605219
32 0 605338
32 1 605399
16 0 605798
68 0 606051
16 1 606133
68 1 606159
69 0 606219
69 1 606312
65 0 606384
65 1 606480
83 0 606527
83 1 606584
69 0 606680
77 0 606756
69 1 606784
77 1 606809
69 0 606881
78 0 606910
69 1 606965
78 1 606978
69 0 607038
69 1 607091
65 0 607201
65 1 607255
32 0 607298
32 1 607355
84 0 607602
84 1 607684
82 0 607768
82 1 607833
69 0 607919
69 1 607974
66 0 608162
66 1 608265
85 0 608279
85 1 608333
73 0 608428
73 1 608499
69 0 608512
69 1 608579
32 0 608613
32 1 608693
73 0 611963
78 0 612095
73 1 612146
78 1 612183
67 0 612298
85 0 612374
67 1 612415
85 1 612442
82 0 612538
82 1 612633
65 0 612758
65 1 612830
8 0 613295
8 1 613362
8 0 613459
8 1 613534
8 0 613624
8 1 613690
8 0 613787
8 1 613875
8 0 613975
8 1 614028
8 0 614313
8 1 614375
68 0 614816
69 0 614906
68 1 614960
69 1 615016
83 0 615097
83 1 615175
67 0 615235
67 1 615324
85 0 615333
85 1 615391
82 0 615452
82 1 615526
65 0 615606
65 1 615679
74 0 616386
74 1 616456
65 0 616466
65 1 616533
84 0 616698
84 1 616771
32 0 616825
32 1 616895
65 0 617000
66 0 617076
65 1 617117
66 1 617148
83 0 617486
83 1 617539
69 0 617637
78 0 617704
69 1 617737
78 1 617798
84 0 617831
84 1 617906
69 0 618003
69 1 618076
73 0 618111
73 1 618176
83 0 618248
83 1 618327
8 0 619469
8 1 619543
8 0 619656
8 1 619721
73 0 620729
73 1 620790
83 0 620959
83 1 621060
77 0 621271
77 1 621377
85 0 621467
85 1 621547
76 0 621666
76 1 621732
32 0 621819
32 1 621906
83 0 621922
83 1 622012
73 0 622025
73 1 622079
32 0 622200
32 1 622259
65 0 629213
65 1 629300
66 0 629353
66 1 629423
65 0 629449
65 1 629525
78 0 629551
78 1 629622
68 0 629714
68 1 629822
79 0 629837
79 1 629890
78 0 630011
78 1 630105
85 0 630127
85 1 630209
76 0 630317
76 1 630382
32 0 630474
32 1 630542
83 0 630557
83 1 630631
67 0 630709
67 1 630771
79 0 630784
79 1 630853
76 0 630950
76 1 631020
65 0 631040
65 1 631080
82 0 631201
82 1 631284
190 0 631789
190 1 631868
32 0 632313
32 1 632377
16 0 632856
78 0 633151
85 0 633226
78 1 633266
85 1 633295
16 1 633341
8 0 633897
8 1 633971
85 0 634153
85 1 634238
32 0 634353
32 1 634417
65 0 634489
77 0 634563
65 1 634591
77 1 634633
32 0 634752
32 1 634831
73 0 634891
78 0 634966
73 1 635009
78 1 635066
70 0 635095
70 1 635193
79 0 635212
79 1 635276
82 0 635588
82 1 635648
77 0 635712
77 1 635798
65 0 635799
65 1 635872
84 0 636025
73 0 636063
84 1 636105
73 1 636144
73 0 636228
73 1 636298
32 0 636376
32 1 636450
8 0 636953
8 0 637673
8 0 637722
8 0 637765
8 0 637807
8 0 637856
8 0 637898
8 0 637940
8 0 637990
8 0 638032
8 0 638074
8 0 638116
8 1 638149
8 0 638295
8 1 638362
8 0 638472
8 1 638521
8 0 638608
8 1 638701
8 0 638785
8 1 638845
8 0 638992
8 1 639070
16 0 672607
65 0 672871
16 1 672932
65 1 672964
67 0 673133
67 1 673211
84 0 673363
73 0 673389
84 1 673431
73 1 673495
85 0 673580
78 0 673669
85 1 673696
78 1 673771
69 0 673786
69 1 673857
32 0 673927
32 1 673992
80 0 674151
80 1 674238
65 0 674252
65 1 674359
82 0 674485
82 1 674635
8 0 675398
8 1 675523
8 0 675591
8 1 675684
8 0 675756
8 1 675834
8 0 675905
8 1 675982
65 0 676137
65 1 676245
32 0 676295
32 1 676354
80 0 676511
65 0 676579
80 1 676591
65 1 676668
82 0 676790
69 0 676845
82 1 676887
69 1 676939
32 0 677011
32 1 677071
65 0 677110
65 1 677219
32 0 677268
83 0 677309
32 1 677343
83 1 677375
69 0 677491
32 0 677545
69 1 677587
32 1 677624
80 0 677793
80 1 677894
69 0 677908
69 1 677935
84 0 678043
84 1 678101
82 0 678178
82 1 678273
69 0 678345
69 1 678427
67 0 678520
67 1 678623
69 0 678637
69 1 678705
32 0 678749
32 1 678843
73 0 678900
78 0 679003
73 1 679031
78 1 679066
84 0 679088
84 1 679155
82 0 679238
82 1 679314
189 0 679417
189 1 679491
85 0 679655
78 0 679715
85 1 679757
78 1 679832
32 0 679920
32 1 679992
84 0 680021
84 1 680112
69 0 680196
69 1 680271
77 0 680285
77 1 680367
80 0 680519
76 0 680663
80 1 680733
76 1 680788
85 0 680938
85 1 680997
32 0 681089
32 1 681168
82 0 681228
79 0 681326
82 1 681356
79 1 681415
77 0 681467
77 1 681561
65 0 681639
78 0 681681
78 1 681733
65 1 681762
190 0 682434
190 1 682507
32 0 682793
32 1 682836
8 0 695251
8 0 695937
8 0 695984
8 0 696026
8 0 696068
8 0 696120
8 0 696160
8 0 696203
8 0 696247
8 0 696296
8 0 696340
8 1 696394
8 0 696514
8 1 696608
8 0 696697
8 1 696769
8 0 696846
8 1 696920
8 0 696996
8 1 697077
8 0 697175
8 1 697241
8 0 697673
8 1 697719
79 0 698078
79 1 698151
32 0 698242
32 1 698320
67 0 698459
67 1 698528
76 0 698543
76 1 698602
65 0 698656
65 1 698731
68 0 698808
68 1 698884
73 0 698892
73 1 698962
82 0 699023
82 1 699108
69 0 699141
69 1 699191
32 0 699232
32 1 699309
68 0 699367
68 1 699439
73 0 699441
78 0 699514
73 1 699549
78 1 699588
32 0 699697
32 1 699769
80 0 699872
80 1 699960
69 0 699975
69 1 700014
82 0 700110
73 0 700152
82 1 700206
73 1 700235
79 0 700339
79 1 700411
65 0 700428
65 1 700516
68 0 700605
65 0 700667
68 1 700705
65 1 700761
32 0 700761
32 1 700830
82 0 702743
82 1 702824
79 0 702839
79 1 702917
77 0 702989
77 1 703091
65 0 703119
78 0 703179
65 1 703203
78 1 703278
65 0 703298
65 1 703371
190 0 703522
190 1 703603
32 0 703716
32 1 703743
16 0 708576
73 0 710246
16 1 710303
73 1 710322
78 0 710463
78 1 710529
32 0 710643
32 1 710697
73 0 711367
73 1 711445
77 0 711678
77 1 711745
65 0 711832
65 1 711886
8 0 712239
8 1 712298
8 0 712391
8 1 712451
77 0 713208
77 1 713281
65 0 713359
65 1 713451
71 0 713683
71 1 713739
73 0 713766
78 0 713842
73 1 713896
78 1 713919
69 0 713921
69 1 713976
32 0 714009
32 1 714113
69 0 714127
69 1 714186
88 0 714300
88 1 714379
73 0 714451
83 0 714513
73 1 714540
83 1 714586
84 0 714713
84 1 714793
32 0 714944
32 1 714996
8 0 715401
65 0 715461
8 1 715490
65 1 715591
32 0 715619
32 1 715687
77 0 715830
77 1 715951
85 0 716018
85 1 716078
8 0 716557
8 1 716608
65 0 716682
65 1 716754
73 0 716808
73 1 716847
32 0 716956
32 1 717029
77 0 717133
77 1 717241
85 0 717312
85 1 717390
76 0 717517
76 1 717570
84 0 717633
84 1 717689
69 0 717792
32 0 717836
69 1 717890
32 1 717914
71 0 718395
71 1 718489
82 0 718535
82 1 718634
85 0 718720
85 1 718779
80 0 718955
80 1 719034
85 0 719158
85 1 719248
82 0 719300
73 0 719355
82 1 719388
73 1 719415
32 0 719493
68 0 719553
32 1 719579
68 1 719620
69 0 719630
32 0 719669
69 1 719705
32 1 719735
80 0 719855
80 1 719925
69 0 719947
69 1 719971
82 0 720061
82 1 720134
83 0 720280
83 1 720383
79 0 720397
79 1 720456
78 0 720522
65 0 720536
78 1 720618
65 1 720637
8 0 722628
8 1 722707
8 0 723572
8 1 723646
65 0 724429
65 1 724542
78 0 724920
78 1 724980
69 0 725008
69 1 725086
32 0 725482
32 1 725536
67 0 725621
67 1 725675
65 0 725689
65 1 725763
82 0 725936
69 0 726007
82 1 726054
69 1 726107
32 0 726203
32 1 726269
68 0 726380
68 1 726462
73 0 726483
73 1 726564
83 0 726597
83 1 726684
67 0 726799
67 1 726878
85 0 726914
85 1 727007
84 0 727067
84 1 727123
65 0 727302
65 1 727386
190 0 727482
190 1 727574
32 0 727713
32 1 727758
16 0 732461
85 0 733487
85 1 733586
16 1 733629
78 0 733706
78 1 733745
69 0 733856
69 1 733917
76 0 733985
76 1 734150
69 0 734170
69 1 734198
32 0 734211
32 1 734244
80 0 734369
80 1 734427
69 0 734445
69 1 734500
32 0 734584
32 1 734629
66 0 735244
66 1 735283
65 0 735300
65 1 735380
90 0 735491
65 0 735592
90 1 735634
65 1 735694
32 0 735709
32 1 735790
85 0 735950
85 1 736046
78 0 736118
85 0 736251
78 1 736307
85 1 736348
8 0 736600
8 1 736659
79 0 736810
79 1 736892
82 0 736945
82 1 737030
32 0 737086
32 1 737138
67 0 739790
65 0 739874
67 1 739949
65 1 739980
82 0 740248
82 1 740328
84 0 740437
84 1 740501
73 0 740616
73 1 740663
188 0 740943
188 1 741033
32 0 741138
32 1 741191
65 0 741275
65 1 741372
76 0 741433
76 1 741470
84 0 741614
84 1 741694
69 0 742624
69 1 742703
76 0 743154
76 1 743246
69 0 743334
69 1 743351
32 0 743455
32 1 743500
73 0 748419
78 0 748537
73 1 748594
78 1 748644
32 0 748743
70 0 748788
32 1 748816
70 1 748871
65 0 748966
65 1 749076
84 0 749191
84 1 749250
65 0 749299
32 0 749344
65 1 749386
32 1 749424
85 0 749623
78 0 749728
85 1 749756
78 1 749801
69 0 749880
73 0 749907
69 1 749937
73 1 749990
32 0 750089
32 1 750148
84 0 750377
84 1 750437
65 0 750582
65 1 750641
66 0 750837
66 1 750905
76 0 750966
76 1 751026
73 0 751168
73 1 751233
32 0 751319
32 1 751379
8 0 752124
8 1 752182
73 0 752388
73 1 752453
32 0 752566
32 1 752626
8 0 759885
8 1 759985
190 0 760629
190 1 760683
32 0 760828
32 1 760892
16 0 761262
65 0 761464
16 1 761576
65 1 761597
76 0 761611
76 1 761694
84 0 761861
84 1 761919
69 0 762011
76 0 762080
69 1 762141
76 1 762168
69 0 762182
69 1 762284
32 0 762293
32 1 762357
80 0 762507
80 1 762551
85 0 762685
85 1 762758
82 0 764275
82 1 764382
32 0 764433
32 1 764507
83 0 764571
83 1 764627
73 0 764674
73 1 764701
32 0 764833
32 1 764920
83 0 764934
83 1 765019
73 0 765033
77 0 765122
73 1 765165
77 1 765230
80 0 765314
76 0 765535
80 1 765578
76 1 765652
85 0 765797
85 1 765873
32 0 765978
32 1 766031
83 0 766291
83 1 766356
69 0 766482
69 1 766532
32 0 766535
32 1 766611
82 0 766744
82 1 766812
69 0 766827
69 1 766900
76 0 766977
76 1 767050
65 0 767066
65 1 767147
88 0 767584
88 1 767679
69 0 767878
69 1 767938
65 0 768198
65 1 768285
90 0 768366
65 0 768482
90 1 768520
65 1 768557
190 0 768848
190 1 768909
32 0 769197
32 1 769222
16 0 785308
79 0 785439
16 1 785525
79 1 785533
65 0 785673
65 1 785755
77 0 785788
77 1 785861
78 0 785952
69 0 785965
78 1 786033
69 1 786053
73 0 786140
73 1 786248
73 0 786339
73 1 786412
32 0 786513
32 1 786578
80 0 787383
65 0 787440
80 1 787467
65 1 787529
82 0 787633
82 1 787711
32 0 787770
32 1 787829
83 0 787869
83 1 787946
65 0 787959
32 0 788002
65 1 788036
32 1 788070
70 0 788175
70 1 788244
73 0 788246
73 1 788307
69 0 788360
69 1 788427
32 0 788441
32 1 788508
80 0 788915
65 0 788982
80 1 789026
65 1 789057
82 0 789164
82 1 789219
84 0 789330
84 1 789390
69 0 789518
69 1 789590
32 0 789716
32 1 789770
68 0 790620
68 1 790676
73 0 790717
78 0 790835
73 1 790859
78 1 790897
32 0 790998
32 1 791072
65 0 791088
65 1 791153
67 0 791249
69 0 791290
67 1 791337
69 1 791399
65 0 791515
65 1 791582
83 0 791651
83 1 791720
73 0 791752
73 1 791811
32 0 791890
32 1 791957
80 0 792069
65 0 792125
80 1 792168
65 1 792196
84 0 792350
84 1 792426
85 0 792439
85 1 792509
82 0 792521
82 1 792622
65 0 792706
65 1 792799
32 0 792801
32 1 792864
83 0 792929
83 1 793001
79 0 793016
79 1 793083
67 0 793154
67 1 793256
73 0 793270
73 1 793297
65 0 793338
65 1 793426
76 0 793467
76 1 793543
65 0 793557
65 1 793599
32 0 793681
32 1 793726
8 0 794160
8 1 794233
188 0 794737
188 1 794799
32 0 794913
32 1 794995
70 0 795052
70 1 795107
73 0 795169
73 1 795230
73 0 795319
73 1 795415
78 0 795448
78 1 795521
68 0 795703
68 1 795790
32 0 795906
32 1 795972
73 0 797033
77 0 797150
73 1 797188
77 1 797238
66 0 797389
66 1 797463
82 0 797479
82 1 797559
65 0 797654
65 1 797731
67 0 797833
65 0 797873
67 1 797915
65 1 797976
84 0 798122
84 1 798176
73 0 798204
73 1 798264
32 0 798386
32 1 798438
76 0 798557
76 1 798645
65 0 798659
65 1 798742
32 0 798751
32 1 798808
70 0 798857
70 1 798962
69 0 798975
76 0 799015
69 1 799059
76 1 799093
190 0 799363
190 1 799446
32 0 808451
32 1 808625
16 0 809263
16 1 812484
16 0 836231
71 0 836730
16 1 836784
71 1 836821
82 0 837010
82 1 837090
85 0 837164
85 1 837270
80 0 839455
80 1 839543
85 0 839680
85 1 839738
76 0 839866
76 1 839946
32 0 840041
32 1 840126
68 0 840140
68 1 840206
73 0 840216
78 0 840270
73 1 840306
78 1 840361
32 0 840444
32 1 840518
70 0 840532
70 1 840601
65 0 840711
65 1 840789
84 0 840929
84 1 840997
65 0 841117
32 0 841131
65 1 841203
32 1 841217
80 0 841341
65 0 841381
80 1 841425
65 1 841483
82 0 841617
82 1 841700
69 0 841721
69 1 841762
32 0 841814
32 1 841889
80 0 842022
82 0 842078
80 1 842121
82 1 842167
69 0 842182
69 1 842260
79 0 842310
79 1 842369
67 0 842587
67 1 842652
85 0 842654
85 1 842709
80 0 842860
65 0 842916
80 1 842944
65 1 842996
84 0 843136
84 1 843195
32 0 843260
32 1 843332
68 0 843423
69 0 843454
68 1 843496
69 1 843562
32 0 843609
32 1 843688
83 0 844655
83 1 844720
84 0 844911
84 1 844977
85 0 845048
85 1 845127
68 0 845373
68 1 845439
73 0 845455
73 1 845529
85 0 845638
85 1 845681
188 0 847028
188 1 847106
32 0 847190
32 1 847264
73 0 847395
78 0 847487
73 1 847523
78 1 847555
32 0 847675
32 1 847740
84 0 847788
73 0 847828
84 1 847857
77 0 847961
73 1 848004
77 1 848056
80 0 848164
80 1 848224
32 0 848379
32 1 848454
67 0 848589
67 1 848671
69 0 848685
69 1 848746
32 0 848836
32 1 848896
80 0 851835
80 1 851908
69 0 852020
69 1 852092
82 0 852619
82 1 852693
83 0 852852
83 1 852931
79 0 852959
79 1 853031
78 0 853096
78 1 853195
65 0 853217
65 1 853290
74 0 853572
74 1 853662
69 0 853675
69 1 853762
76 0 853790
76 1 853861
69 0 853871
69 1 853929
32 0 853963
32 1 854049
68 0 854100
73 0 854143
68 1 854192
78 0 854234
73 1 854299
78 1 854341
32 0 854451
32 1 854496
83 0 854627
83 1 854683
80 0 854980
80 1 855067
65 0 855080
65 1 855175
84 0 855313
84 1 855354
69 0 855414
69 1 855499
32 0 855598
32 1 855642
83 0 856756
83 1 856843
85 0 856864
78 0 856947
85 1 856970
78 1 857034
84 0 857064
84 1 857157
32 0 857215
32 1 857290
73 0 857422
78 0 857491
73 1 857547
78 1 857584
8 0 857794
8 1 857846
8 0 857942
8 1 858006
65 0 858311
78 0 858388
65 1 858430
78 1 858469
84 0 858683
84 1 858772
82 0 858860
82 1 858940
69 0 859026
78 0 859101
69 1 859128
78 1 859194
65 0 859242
65 1 859344
84 0 859478
84 1 859505
69 0 859604
69 1 859677
32 0 859744
32 1 859798
73 0 859882
78 0 859966
73 1 860006
78 1 860043
32 0 860128
32 1 860212
68 0 860230
68 1 860307
73 0 860322
73 1 860393
86 0 860636
86 1 860716
69 0 860825
69 1 860885
82 0 860982
82 1 861065
83 0 861209
83 1 861289
69 0 861373
69 1 861463
32 0 861477
32 1 861542
68 0 861636
68 1 861712
73 0 861726
73 1 861780
83 0 861840
83 1 861913
67 0 862002
67 1 862090
85 0 862145
85 1 862210
84 0 862269
84 1 862327
73 0 862399
73 1 862471
73 0 862573
73 1 862605
190 0 864423
190 1 864489
32 0 865105
32 1 865145
16 0 869772
65 0 870061
16 1 870172
65 1 870178
67 0 870347
67 1 870455
84 0 870594
73 0 870649
84 1 870677
73 1 870752
85 0 870850
78 0 870933
85 1 870993
78 1 871020
69 0 871036
69 1 871090
65 0 871186
65 1 871291
32 0 871308
32 1 871371
80 0 871548
80 1 871616
65 0 871711
65 1 871791
82 0 871955
82 1 872048
69 0 872049
69 1 872155
32 0 872169
32 1 872210
85 0 872292
78 0 872370
85 1 872405
78 1 872449
65 0 872463
65 1 872551
32 0 872566
32 1 872649
67 0 872693
67 1 872762
79 0 872822
79 1 872892
84 0 872987
84 1 873057
73 0 873152
73 1 873231
68 0 873650
68 1 873738
73 0 873752
73 1 873824
65 0 873880
78 0 873947
65 1 873975
78 1 874038
65 0 874062
65 1 874145
190 0 874311
190 1 874366
32 0 874512
32 1 874537
8 0 884964
8 1 885204
8 0 885449
8 1 885516
32 0 885752
32 1 885819
83 0 885984
83 1 886047
73 0 886049
73 1 886113
32 0 886202
83 0 886275
32 1 886303
83 1 886365
69 0 886454
69 1 886530
32 0 886539
32 1 886598
68 0 886671
69 0 886741
68 1 886788
69 1 886828
83 0 887704
83 1 887774
70 0 887918
70 1 887965
65 0 888108
65 1 888181
83 0 888450
83 1 888524
79 0 889347
65 0 889436
79 1 889447
65 1 889558
82 0 889669
82 1 889719
65 0 889860
32 0 889901
65 1 889944
32 1 889991
73 0 890111
78 0 890209
73 1 890271
78 1 890302
32 0 890417
32 1 890476
8 0 896291
8 1 896372
189 0 896831
189 1 896893
85 0 897089
78 0 897194
85 1 897245
78 1 897288
32 0 897374
32 1 897451
8 0 898024
8 1 898098
8 0 898176
8 1 898237
8 0 898303
8 1 898364
8 0 898441
8 1 898469
84 0 898946
84 1 899040
82 0 899138
82 1 899214
48 0 899470
48 1 899549
8 0 900307
8 1 900388
189 0 900542
189 1 900595
85 0 900800
78 0 900917
85 1 900954
78 1 900992
32 0 901097
32 1 901150
8 0 909488
8 1 909568
8 0 909744
8 1 909812
8 0 910052
8 1 910129
190 0 910801
190 1 910858
32 0 926610
32 1 926669
16 0 928386
69 0 929534
69 1 929618
16 1 929657
83 0 929825
83 1 929894
84 0 930170
84 1 930261
69 0 930376
69 1 930458
32 0 930527
32 1 930581
80 0 930758
79 0 930814
80 1 930875
79 1 930948
90 0 931039
90 1 931119
73 0 931154
73 1 931208
66 0 931343
66 1 931431
73 0 931446
73 1 931496
76 0 931605
76 1 931703
32 0 931806
32 1 931867
67 0 933713
65 0 933817
67 1 933858
65 1 933927
32 0 934047
32 1 934106
65 0 934213
65 1 934300
83 0 934365
83 1 934419
84 0 934575
84 1 934635
69 0 934715
69 1 934830
8 0 936159
8 1 936231
70 0 936493
70 1 936596
76 0 936609
76 1 936667
69 0 936681
69 1 936755
32 0 936831
32 1 936905
68 0 936920
69 0 936975
68 1 937023
32 0 937037
69 1 937060
32 1 937096
65 0 937162
65 1 937245
67 0 937341
67 1 937425
84 0 937529
84 1 937606
73 0 937631
73 1 937720
86 0 937734
86 1 937802
73 0 937862
73 1 937932
84 0 937990
84 1 938073
65 0 938273
65 1 938332
84 0 938458
73 0 938536
84 1 938563
73 1 938623
32 0 938740
32 1 938826
83 0 938854
65 0 938958
83 1 938996
32 0 939027
65 1 939068
32 1 939107
70 0 939232
70 1 939300
73 0 939314
73 1 939392
69 0 939417
69 1 939521
32 0 939535
32 1 939567
67 0 940127
67 1 940203
79 0 940216
79 1 940284
77 0 940393
77 1 940524
85 0 940608
78 0 940741
85 1 940769
78 1 940808
69 0 940853
69 1 940926
32 0 940940
32 1 941025
80 0 941102
80 1 941191
69 0 941205
69 1 941246
78 0 941320
78 1 941360
84 0 941374
84 1 941444
82 0 941511
85 0 941552
82 1 941600
85 1 941614
32 0 941704
32 1 941763
77 0 941883
77 1 941929
65 0 941951
65 1 942031
74 0 942159
74 1 942231
79 0 942308
79 1 942390
82 0 942462
73 0 942518
82 1 942552
73 1 942597
84 0 943250
65 0 943306
84 1 943341
65 1 943441
84 0 943483
84 1 943576
69 0 943578
69 1 943630
65 0 943715
65 1 943799
32 0 943817
32 1 943871
90 0 943955
90 1 944020
73 0 944070
73 1 944117
76 0 944245
76 1 944321
69 0 944334
69 1 944359
76 0 944414
76 1 944473
69 0 944488
69 1 944515
8 0 946125
8 1 946171
79 0 947055
79 1 947108
82 0 947218
82 1 947273
32 0 947334
32 1 947390
80 0 947498
80 1 947566
69 0 947580
69 1 947641
78 0 947682
78 1 947771
84 0 947785
84 1 947829
82 0 947919
85 0 947959
82 1 947997
85 1 948035
32 0 948111
32 1 948186
65 0 948636
65 1 948716
67 0 948996
67 1 949113
69 0 949127
69 1 949195
83 0 949303
83 1 949396
84 0 949513
84 1 949553
69 0 949663
69 1 949736
32 0 949772
32 1 949844
80 0 949979
80 1 950047
69 0 950082
69 1 950121
82 0 950244
82 1 950323
83 0 950475
83 1 950520
79 0 950543
79 1 950598
78 0 950694
78 1 950784
65 0 950793
65 1 950866
74 0 951399
74 1 951459
69 0 951514
69 1 951594
190 0 955638
190 1 955717
