69 0 42190
69 1 42274
83 0 42371
84 0 42423
83 1 42539
84 1 42554
69 0 42637
69 1 42670
32 0 42679
32 1 42750
79 0 42863
79 1 42940
32 0 43008
32 1 43130
86 0 43430
86 1 43549
82 0 43677
82 1 43796
69 0 43808
69 1 43888
77 0 44154
77 1 44205
69 0 44225
69 1 44315
32 0 44337
32 1 44419
70 0 44824
70 1 44935
79 0 46251
79 1 46317
65 0 46359
65 1 46538
82 0 46572
82 1 46644
84 0 46717
84 1 46792
69 0 46809
69 1 46877
32 0 46917
32 1 46995
85 0 47083
85 1 47177
82 0 47615
82 1 47681
65 0 47785
65 1 47791
84 0 47792
84 1 47900
65 0 48010
65 1 48016
65 0 48428
65 1 48538
190 0 48554
190 1 48623
32 0 48798
32 1 48900
69 0 48900
69 1 48920
85 0 48969
85 1 49041
32 0 49107
83 0 49187
32 1 49198
83 1 49308
84 0 49325
84 1 49405
65 0 49463
65 1 49565
85 0 49901
85 1 49969
32 0 50009
32 1 50095
73 0 50170
73 1 50231
78 0 50367
78 1 50421
32 0 50537
32 1 50563
67 0 50692
67 1 50759
65 0 50785
65 1 50857
83 0 50950
83 1 51037
65 0 51117
32 0 51214
65 1 51227
32 1 51304
83 0 51340
83 1 51411
73 0 51430
73 1 51563
32 0 51589
32 1 51789
83 0 51883
83 1 52012
67 0 52133
67 1 52187
82 0 52306
82 1 52386
73 0 52445
73 1 52528
85 0 52601
85 1 52673
32 0 52826
32 1 52834
76 0 52920
76 1 53007
65 0 53020
65 1 53119
32 0 53128
32 1 53205
65 0 53218
65 1 53339
67 0 53380
67 1 53453
69 0 53489
69 1 53574
83 0 53647
84 0 53731
83 1 53762
84 1 53834
32 0 53937
32 1 54015
67 0 54191
67 1 54213
72 0 54537
69 0 54546
69 1 54645
72 1 54645
83 0 55238
83 1 55346
84 0 55363
84 1 55430
73 0 55826
73 1 55831
79 0 55887
79 1 56032
78 0 56070
65 0 56155
78 1 56164
65 1 56292
82 0 56410
82 1 56476
188 0 56904
188 1 56949
8 0 57168
8 1 57242
190 0 57396
190 1 57481
32 0 57583
32 1 57669
65 0 57697
65 1 57820
66 0 57837
66 1 57908
73 0 58041
73 1 58114
65 0 58195
32 0 58278
65 1 58305
32 1 58373
65 0 58412
65 1 58534
83 0 58574
84 0 58676
83 1 58690
69 0 58825
84 1 58834
69 1 58935
79 0 59044
79 1 59167
8 0 59555
8 1 59819
80 0 60190
80 1 60274
84 0 60485
84 1 60565
32 0 60636
32 1 60822
67 0 60822
65 0 60839
67 1 60900
65 1 60935
32 0 61052
32 1 61218
83 0 61642
83 1 61742
73 0 61915
73 1 62010
32 0 62058
32 1 62151
16 0 62328
16 1 62549
67 0 62771
67 1 62842
65 0 62855
65 1 62954
84 0 63072
84 1 63139
65 0 63173
65 1 63280
76 0 63796
76 1 63803
73 0 63906
73 1 63998
78 0 64047
78 1 64160
32 0 64229
83 0 64298
32 1 64311
83 1 64388
65 0 64471
32 0 64529
65 1 64564
32 1 64597
84 0 64807
84 1 64838
69 0 64905
69 1 64925
82 0 64977
82 1 65056
77 0 65338
77 1 65404
73 0 65515
73 1 65567
78 0 65677
78 1 65749
69 0 65774
69 1 65869
32 0 65901
32 1 65980
68 0 66055
68 1 66147
79 0 66244
79 1 66315
67 0 66661
67 1 66670
84 0 66719
84 1 66778
79 0 67091
79 1 67168
82 0 67560
82 1 67567
65 0 67598
65 1 67809
84 0 67810
84 1 67816
73 0 68014
73 1 68042
8 0 68349
8 1 68460
85 0 68603
85 1 68682
76 0 68916
76 1 68937
32 0 69076
83 0 69173
32 1 69184
73 0 69278
83 1 69286
73 1 69350
32 0 69404
83 0 69483
32 1 69494
83 1 69567
65 0 69649
32 0 69724
65 1 69768
32 1 69812
86 0 69948
86 1 70032
65 0 70048
65 1 70144
8 0 70331
8 1 70396
8 0 70575
8 1 70650
67 0 70821
67 1 70889
65 0 70927
65 1 70996
76 0 71080
65 0 71173
76 1 71182
65 1 71270
84 0 72064
79 0 72162
79 1 72199
84 1 72217
82 0 73756
82 1 73820
73 0 73847
73 1 73935
77 0 74100
77 1 74154
32 0 74251
32 1 74356
77 0 74543
77 1 74551
85 0 74653
85 1 74694
76 0 74892
76 1 74979
84 0 75275
84 1 75383
190 0 75712
190 1 75830
32 0 75896
32 1 76054
73 0 76319
73 1 76375
77 0 76469
77 1 76541
73 0 76622
73 1 76686
32 0 76827
32 1 76836
68 0 76836
79 0 76958
68 1 76968
79 1 77062
82 0 77130
82 1 77232
69 0 78045
69 1 78135
83 0 78225
83 1 78345
67 0 78558
67 1 78566
32 0 78659
32 1 78695
83 0 78792
83 1 78920
65 0 79007
32 0 79119
65 1 79163
32 1 79203
70 0 80185
70 1 80256
73 0 80298
73 1 80363
69 0 80393
69 1 80499
32 0 80499
32 1 80589
77 0 80706
65 0 80917
77 1 80923
65 1 80923
73 0 80924
73 1 80954
32 0 80989
32 1 81129
69 0 81349
69 1 81475
8 0 81680
8 1 81807
69 0 81963
69 1 82115
8 0 82236
8 1 82365
82 0 82378
82 1 82631
69 0 82632
69 1 82687
76 0 83280
76 1 83347
65 0 83405
65 1 83783
88 0 83906
88 1 83914
65 0 83990
84 0 83996
65 1 84004
84 1 84167
32 0 84168
83 0 84178
32 1 84198
83 1 84217
73 0 84305
73 1 84394
32 0 84446
32 1 84520
83 0 84538
83 1 84657
65 0 84807
32 0 84938
65 1 84947
32 1 85003
82 0 85493
82 1 85564
65 0 85589
65 1 85721
77 0 85863
77 1 85934
65 0 85977
65 1 86068
78 0 86112
78 1 86171
65 0 86180
65 1 86238
32 0 86314
32 1 86379
76 0 86537
76 1 86647
65 0 86647
65 1 86743
32 0 86752
32 1 86847
77 0 87209
77 1 87269
73 0 87389
73 1 87574
78 0 87575
78 1 87627
73 0 87732
73 1 87879
83 0 87879
83 1 87983
84 0 88183
84 1 88190
69 0 88249
69 1 88368
82 0 88434
82 1 88551
85 0 88592
85 1 88648
76 0 88916
76 1 88964
32 0 89077
32 1 89140
68 0 89153
68 1 89250
69 0 89329
69 1 89429
90 0 89710
90 1 89837
86 0 90118
86 1 90212
79 0 90290
79 1 90362
76 0 90574
76 1 90581
84 0 90762
84 1 90833
65 0 90909
65 1 91012
82 0 91658
82 1 91763
73 0 91968
73 1 91975
73 0 91976
73 1 92107
32 0 92108
32 1 92203
73 0 92473
73 1 92558
78 0 92672
78 1 92811
32 0 92831
32 1 92927
67 0 93003
67 1 93134
79 0 93166
79 1 93276
78 0 93436
78 1 93485
84 0 93971
84 1 94038
73 0 94221
73 1 94305
78 0 94545
78 1 94551
85 0 94669
85 1 94738
65 0 94784
65 1 94895
82 0 94962
82 1 95033
69 0 95113
69 1 95196
190 0 95726
190 1 95778
32 0 95912
32 1 95976
79 0 96194
79 1 96205
65 0 96208
65 1 96302
77 0 96311
77 1 96442
69 0 96455
78 0 96577
69 1 96588
78 1 96660
73 0 96825
73 1 96965
32 0 96990
32 1 97095
68 0 97214
68 1 97360
8 0 97533
8 1 97638
8 0 97711
8 1 97823
73 0 97934
73 1 98009
32 0 98135
32 1 98206
68 0 98273
68 1 98360
69 0 98545
69 1 98676
32 0 98677
32 1 98707
67 0 98727
67 1 98866
8 0 99065
8 1 99175
65 0 99228
65 1 99348
67 0 99574
79 0 99582
67 1 99590
79 1 99620
76 0 99736
76 1 99772
79 0 99907
79 1 99913
32 0 99973
32 1 100199
83 0 100201
83 1 100210
85 0 100210
85 1 100227
74 0 100326
74 1 100406
187 0 100836
187 1 100845
8 0 100984
8 1 101093
8 0 101197
8 1 101300
78 0 101649
78 1 101729
84 0 101911
84 1 101990
32 0 102051
32 1 102135
70 0 102230
65 0 102277
70 1 102286
65 1 102381
73 0 102563
73 1 102569
78 0 102672
78 1 102704
73 0 102807
73 1 102858
32 0 102949
32 1 103041
83 0 103068
83 1 103164
73 0 103176
73 1 103235
32 0 103286
32 1 103374
86 0 103978
86 1 104112
65 0 104112
65 1 104200
68 0 104253
68 1 104342
32 0 104369
32 1 104450
67 0 104553
65 0 104623
67 1 104632
65 1 104718
32 0 104835
83 0 104844
32 1 104853
73 0 104944
83 1 104953
73 1 105007
32 0 105078
32 1 105170
76 0 105277
76 1 105357
85 0 105479
85 1 105556
73 0 105635
73 1 105719
32 0 105782
32 1 105874
73 0 105975
73 1 106039
73 0 106112
73 1 106186
32 0 106260
32 1 106316
80 0 106457
80 1 106560
76 0 106687
76 1 106711
65 0 106767
65 1 106883
67 0 106998
67 1 107070
69 0 107112
69 1 107232
32 0 107320
32 1 107360
67 0 107722
67 1 107769
74 0 107911
74 1 107917
187 0 108269
187 1 108356
8 0 108841
8 1 108927
8 0 109035
8 1 109110
72 0 109559
72 1 109599
73 0 109754
73 1 109838
65 0 110129
65 1 110251
82 0 110652
82 1 110671
32 0 110783
32 1 110875
68 0 110976
65 0 111044
68 1 111055
65 1 111140
67 0 111172
67 1 111247
65 0 111259
65 1 111336
32 0 111388
32 1 111643
83 0 111644
83 1 111653
84 0 111653
84 1 111731
65 0 111753
65 1 111978
32 0 111979
32 1 112122
77 0 112301
77 1 112393
79 0 112654
79 1 112721
8 0 112958
8 1 113074
85 0 113407
85 1 113454
76 0 113611
76 1 113695
84 0 113910
84 1 113977
32 0 114048
32 1 114114
76 0 114222
76 1 114332
65 0 114347
32 0 114439
65 1 114559
32 1 114559
66 0 114661
66 1 114725
85 0 114826
85 1 114914
67 0 115030
67 1 115161
85 0 115170
85 1 115248
82 0 115450
82 1 115584
69 0 115642
69 1 115741
83 0 115886
84 0 115999
83 1 116006
84 1 116126
73 0 116240
73 1 116336
188 0 116858
188 1 116920
32 0 116921
32 1 116989
65 0 117115
65 1 117223
77 0 117227
77 1 117327
8 0 117506
8 1 117625
8 0 117655
8 1 117759
77 0 118143
65 0 118217
77 1 118230
65 1 118316
73 0 118330
73 1 118406
32 0 118407
32 1 118723
77 0 118724
77 1 118735
69 0 118755
69 1 118852
82 0 118979
82 1 119059
71 0 119639
71 1 119724
32 0 119787
32 1 119903
83 0 119903
73 0 120103
83 1 120109
73 1 120110
32 0 120110
69 0 120231
32 1 120240
69 1 120251
85 0 120263
85 1 120335
32 0 120397
32 1 120501
80 0 120823
80 1 120934
69 0 121029
32 0 121109
69 1 121148
32 1 121207
65 0 121345
65 1 121485
67 0 122197
67 1 122312
79 0 122333
79 1 122402
76 0 122568
76 1 122574
79 0 122620
79 1 122700
190 0 123296
190 1 123352
32 0 123742
32 1 123883
65 0 125778
65 1 125917
77 0 125958
77 1 126009
32 0 126094
32 1 126163
80 0 126295
80 1 126380
69 0 126603
69 1 126609
84 0 127331
84 1 127395
82 0 127587
82 1 127595
69 0 127650
69 1 127743
67 0 127763
67 1 127916
85 0 128141
85 1 128157
84 0 128300
84 1 128365
32 0 128428
32 1 128518
82 0 128641
82 1 128712
69 0 128831
69 1 128952
86 0 129326
86 1 129382
69 0 129406
69 1 129491
76 0 129677
76 1 129765
73 0 129902
73 1 129973
73 0 130022
79 0 130045
73 1 130077
79 1 130097
78 0 130341
78 1 130385
85 0 130566
85 1 130573
186 0 130715
186 1 130776
8 0 131274
8 1 131349
8 0 131442
8 1 131627
8 0 131629
8 1 131728
8 0 131793
8 1 131922
8 0 131991
8 1 132014
79 0 132476
79 1 132549
78 0 132839
78 1 132845
85 0 132929
85 1 132944
76 0 133118
76 1 133180
32 0 133318
32 1 133390
76 0 133497
65 0 133560
76 1 133572
65 1 133654
32 0 133723
83 0 133772
83 1 133851
32 1 133859
73 0 133995
73 1 134071
66 0 134584
66 1 134590
73 0 134734
73 1 134790
85 0 134881
85 1 134945
188 0 135281
188 1 135333
32 0 135446
32 1 135586
65 0 135619
65 1 135727
32 0 135747
32 1 135928
70 0 135989
70 1 136000
79 0 136142
79 1 136148
83 0 136278
83 1 136410
84 0 136485
84 1 136556
32 0 136654
32 1 136833
70 0 137004
70 1 137062
65 0 137499
73 0 137591
65 1 137598
73 1 137652
78 0 137802
78 1 137849
188 0 138079
188 1 138135
32 0 138275
32 1 138358
65 0 138384
65 1 138564
77 0 138565
77 1 138584
32 0 138713
32 1 138743
68 0 138962
68 1 139026
65 0 139057
65 1 139170
78 0 139283
78 1 139359
83 0 139427
83 1 139632
65 0 139660
84 0 139785
65 1 139791
84 1 139792
188 0 140152
188 1 140215
32 0 140303
32 1 140374
65 0 140449
65 1 140553
77 0 140609
77 1 140673
32 0 140821
32 1 140834
74 0 140978
74 1 141054
85 0 141112
85 1 141194
65 0 141459
65 1 141572
84 0 141656
84 1 141700
8 0 142019
8 1 142083
8 0 142179
8 1 142263
67 0 142881
67 1 142953
65 0 142983
65 1 143030
84 0 143068
84 1 143158
32 0 143296
32 1 143366
80 0 143640
80 1 143748
79 0 143775
79 1 143902
75 0 144009
75 1 144114
69 0 144114
69 1 144241
82 0 144317
82 1 144430
188 0 144823
188 1 144832
32 0 144961
32 1 145024
65 0 145042
65 1 145176
67 0 145319
67 1 145417
79 0 145501
79 1 145566
76 0 145649
76 1 145701
79 0 145808
79 1 145876
32 0 145948
65 0 146029
32 1 146041
65 1 146140
77 0 146236
77 1 146300
32 0 146386
32 1 146466
80 0 146919
80 1 146980
82 0 147086
82 1 147204
73 0 147269
73 1 147346
78 0 147569
78 1 147579
83 0 147640
83 1 147748
32 0 147758
32 1 147886
86 0 148159
86 1 148242
82 0 148277
82 1 148365
69 0 148478
69 1 148608
77 0 148632
77 1 148717
69 0 148725
69 1 148822
32 0 148852
32 1 148976
67 0 149284
67 1 149433
74 0 149452
74 1 149612
187 0 150028
187 1 150067
8 0 150591
8 1 150709
8 0 150747
8 1 150847
71 0 151345
71 1 151430
8 0 151752
8 1 152008
72 0 152231
72 1 152271
73 0 152366
73 1 152466
65 0 152488
65 1 152617
82 0 152680
82 1 152841
32 0 152949
32 1 153006
68 0 153189
68 1 153235
8 0 153540
8 1 153669
70 0 154114
70 1 154189
65 0 154227
65 1 154337
73 0 154575
73 1 154623
78 0 154744
78 1 154797
65 0 154877
65 1 154988
188 0 155018
188 1 155076
32 0 155177
32 1 155242
78 0 155387
78 1 155431
69 0 155604
69 1 155752
32 0 155799
32 1 155929
80 0 156010
80 1 156157
76 0 156157
76 1 156228
65 0 156363
65 1 156495
67 0 156664
67 1 156727
69 0 156848
69 1 156862
32 0 156930
32 1 156957
83 0 157040
83 1 157131
65 0 157206
65 1 157301
32 0 157321
32 1 157406
70 0 158008
70 1 158079
65 0 158088
65 1 158181
67 0 158212
67 1 158268
69 0 158294
69 1 158398
77 0 158581
77 1 158587
32 0 158732
32 1 158741
80 0 158882
80 1 158946
65 0 159021
65 1 159136
82 0 159587
82 1 159595
84 0 159673
84 1 159763
89 0 159911
89 1 160102
189 0 160390
189 1 160453
85 0 160723
85 1 160827
82 0 161171
82 1 161291
73 0 161352
73 1 161419
32 0 161529
32 1 161637
67 0 161659
85 0 161771
67 1 161781
85 1 161838
32 0 161914
32 1 161989
79 0 162045
79 1 162144
65 0 162207
65 1 162302
77 0 162307
77 1 162424
69 0 162465
69 1 162569
78 0 162575
78 1 162626
73 0 162734
73 1 162798
32 0 162854
32 1 162945
67 0 163029
67 1 163198
85 0 163267
85 1 163337
32 0 163439
32 1 163583
67 0 163914
67 1 163934
65 0 164124
65 1 164131
82 0 164131
82 1 164161
69 0 164254
69 1 164299
32 0 164405
32 1 164496
78 0 164620
78 1 164655
69 0 164660
69 1 164834
32 0 164835
32 1 164945
73 0 165047
73 1 165122
78 0 165226
78 1 165310
84 0 165783
84 1 165839
69 0 166071
69 1 166196
76 0 166291
76 1 166356
69 0 166568
69 1 166595
71 0 166722
71 1 166748
69 0 166803
69 1 166910
77 0 166972
77 1 167031
188 0 167364
188 1 167420
32 0 168327
32 1 168396
65 0 169138
65 1 169234
83 0 169311
83 1 169406
65 0 169462
32 0 169522
65 1 169590
32 1 169605
65 0 169762
77 0 169870
65 1 169902
77 1 169914
32 0 169998
32 1 170078
77 0 170183
77 1 170258
65 0 170269
73 0 170414
65 1 170425
73 1 170583
32 0 170592
32 1 170716
68 0 171051
68 1 171144
69 0 171216
69 1 171336
83 0 171389
84 0 171618
83 1 171626
84 1 171626
73 0 171782
73 1 171931
78 0 172008
78 1 172163
83 0 172163
83 1 172250
32 0 172258
32 1 172345
65 0 172655
65 1 172832
84 0 172853
84 1 172945
77 0 173726
77 1 173778
79 0 173882
79 1 173958
83 0 174188
83 1 174292
70 0 174355
70 1 174435
69 0 174461
69 1 174570
82 0 174727
82 1 174734
220 0 174849
65 0 174925
65 1 174957
220 1 174993
32 0 175163
32 1 175263
8 0 175633
8 1 175737
8 0 175779
8 1 175948
8 0 176021
65 0 176131
8 1 176138
65 1 176261
32 0 176334
32 1 176424
68 0 176464
68 1 176570
69 0 176636
32 0 176740
69 1 176845
32 1 176846
83 0 176958
83 1 177040
65 0 177120
65 1 177290
82 0 177514
82 1 177588
66 0 177864
66 1 177931
65 0 177950
65 1 178086
84 0 178104
84 1 178167
79 0 178368
79 1 178444
82 0 178582
73 0 178588
82 1 178606
73 1 178642
190 0 179389
190 1 179620
90 0 187313
73 0 187373
90 1 187413
85 0 187618
73 1 187624
65 0 187636
85 1 187643
65 1 187739
32 0 187739
32 1 187916
69 0 187953
69 1 188013
8 0 188315
8 1 188474
73 0 188848
73 1 188942
68 0 189044
68 1 189168
69 0 189206
69 1 189302
65 0 189428
65 1 189546
76 0 189551
65 0 189689
76 1 189698
32 0 189801
65 1 189812
32 1 189916
69 0 190152
69 1 190221
80 0 190239
80 1 190323
8 0 190604
8 1 190612
8 0 190733
8 1 190742
69 0 190890
69 1 190985
187 0 191346
187 1 191414
8 0 191745
8 1 191789
8 0 191924
8 1 191940
80 0 192468
80 1 192527
69 0 192543
69 1 192617
77 0 192843
77 1 192849
78 0 193079
78 1 193125
8 0 193741
8 1 193800
8 0 193886
8 1 194017
78 0 194603
78 1 194712
84 0 194839
82 0 194957
84 1 195000
82 1 195037
85 0 195170
85 1 195262
32 0 195354
32 1 195448
77 0 195585
77 1 195650
73 0 195762
73 1 195814
78 0 195952
69 0 196029
78 1 196038
69 1 196183
32 0 196184
32 1 196251
69 0 196252
69 1 196300
83 0 196412
83 1 196548
84 0 196564
84 1 196650
69 0 196658
69 1 196746
32 0 196860
32 1 196867
65 0 198240
65 1 198372
67 0 198714
67 1 198851
8 0 199010
8 1 199094
8 0 199174
8 1 199256
65 0 199748
84 0 199931
65 1 199936
84 1 199937
85 0 200310
85 1 200383
78 0 200528
78 1 200600
67 0 200674
73 0 200856
67 1 200862
73 1 200862
32 0 200942
32 1 200992
88 0 201177
88 1 201235
65 0 201243
65 1 201351
78 0 201431
68 0 201501
78 1 201524
68 1 201611
8 0 201783
8 1 201838
8 0 201909
8 1 201952
8 0 202049
8 1 202128
8 0 202194
8 1 202280
67 0 202612
67 1 202645
65 0 202728
65 1 202769
78 0 202876
78 1 202947
68 0 203279
68 1 203375
32 0 203403
32 1 203470
86 0 204026
86 1 204187
79 0 204187
79 1 204254
77 0 204380
77 1 204447
32 0 204545
32 1 204646
67 0 204848
67 1 204958
65 0 204958
65 1 205028
76 0 205335
76 1 205398
65 0 205405
65 1 205509
84 0 205812
84 1 205851
79 0 205868
79 1 205893
82 0 206375
82 1 206472
73 0 206481
73 1 206598
190 0 207093
190 1 207171
32 0 207347
32 1 207385
73 0 207601
73 1 207610
77 0 207737
77 1 207754
73 0 207941
73 1 207958
32 0 207959
32 1 208024
86 0 208533
79 0 208631
86 1 208647
73 0 208725
79 1 208854
73 1 208855
32 0 208949
32 1 209060
76 0 209178
76 1 209271
65 0 209520
65 1 209661
8 0 209821
8 1 209952
85 0 210095
85 1 210153
65 0 210209
65 1 210297
32 0 210325
32 1 210420
77 0 210993
77 1 211089
85 0 211215
85 1 211295
76 0 211605
76 1 211612
84 0 211946
84 1 211952
69 0 211952
69 1 212035
32 0 212069
32 1 212192
65 0 212380
65 1 212527
76 0 212548
76 1 212697
8 0 212960
8 1 212970
8 0 213039
8 1 213147
80 0 213732
80 1 213791
65 0 213868
65 1 213979
76 0 213991
76 1 214071
65 0 214084
65 1 214190
82 0 214385
82 1 214514
73 0 214614
73 1 214651
73 0 214727
73 1 214827
32 0 214907
32 1 215019
67 0 215239
85 0 215363
67 1 215371
85 1 215431
32 0 215592
32 1 215612
77 0 215747
77 1 215816
73 0 215932
73 1 215961
78 0 216190
78 1 216196
69 0 216244
69 1 216311
32 0 216339
32 1 216394
83 0 216475
73 0 216580
83 1 216587
73 1 216664
32 0 216714
32 1 216859
67 0 216859
67 1 216977
8 0 217186
8 1 217354
86 0 217437
86 1 217496
79 0 217871
79 1 217942
73 0 218039
73 1 218124
32 0 218156
32 1 218237
70 0 218634
70 1 218653
65 0 218721
67 0 218785
65 1 218794
67 1 218872
69 0 218927
69 1 219031
32 0 219070
32 1 219158
70 0 219743
70 1 219790
70 0 219944
70 1 220031
79 0 220051
79 1 220163
82 0 220420
82 1 220483
65 0 220530
65 1 220715
84 0 221422
69 0 221541
84 1 221553
69 1 221649
32 0 221681
32 1 221773
187 0 222460
187 1 222613
8 0 222614
8 1 222726
8 0 222794
8 1 222878
8 0 222948
8 1 223071
8 0 223201
8 1 223303
8 0 223384
8 1 223452
8 0 223591
8 1 223772
65 0 223927
65 1 224053
82 0 224477
82 1 224543
84 0 224611
84 1 224689
69 0 224701
69 1 224840
32 0 224841
32 1 224891
77 0 225204
77 1 225337
85 0 225479
85 1 225546
76 0 225744
76 1 225857
84 0 226078
84 1 226140
69 0 226157
32 0 226244
69 1 226264
32 1 226315
80 0 226473
79 0 226603
80 1 226611
79 1 226727
90 0 226727
90 1 226857
69 0 227026
69 1 227123
188 0 227188
188 1 227244
32 0 227388
32 1 227594
65 0 227594
76 0 227635
65 1 227644
76 1 227742
65 0 227810
65 1 227935
84 0 228862
84 1 228954
85 0 228955
85 1 229017
82 0 229061
73 0 229177
82 1 229183
73 1 229251
32 0 229308
68 0 229418
32 1 229427
68 1 229552
69 0 229616
32 0 229707
69 1 229744
32 1 229788
67 0 230134
67 1 230215
65 0 230223
65 1 230371
84 0 230408
84 1 230491
65 0 230615
65 1 230725
76 0 230983
76 1 231054
73 0 231206
73 1 231249
78 0 231390
78 1 231440
190 0 231754
190 1 231780
32 0 232041
32 1 232067
69 0 232311
69 1 232431
187 0 232724
187 1 232863
8 0 233154
8 1 233186
8 0 233304
8 1 233382
8 0 233557
8 1 233676
32 0 234325
32 1 234394
78 0 234459
78 1 234636
69 0 234636
32 0 234732
69 1 234740
32 1 234794
86 0 235488
86 1 235619
79 0 235645
79 1 235756
77 0 235938
77 1 235944
32 0 236042
32 1 236072
80 0 236272
80 1 236368
76 0 236442
76 1 236544
73 0 236661
73 1 236740
77 0 236873
77 1 236973
66 0 237155
66 1 237217
65 0 237273
65 1 237368
188 0 238042
188 1 238109
32 0 238243
32 1 238307
86 0 238512
86 1 238617
79 0 238919
79 1 238954
77 0 239177
77 1 239259
32 0 239358
32 1 239391
77 0 239475
77 1 239624
65 0 239624
78 0 239747
65 1 239753
78 1 239762
86 0 240033
86 1 240050
8 0 240526
8 1 240623
67 0 241375
67 1 241451
65 0 241474
65 1 241562
32 0 241567
32 1 241680
68 0 242264
68 1 242383
8 0 242488
8 1 242624
80 0 242715
82 0 242800
80 1 242814
82 1 242922
69 0 242972
69 1 243083
80 0 243232
80 1 243380
65 0 243464
65 1 243606
65 0 244272
65 1 244372
8 0 245169
8 1 245269
82 0 245761
82 1 245836
65 0 245872
65 1 245955
84 0 245978
84 1 246061
69 0 246094
69 1 246183
32 0 246217
32 1 246297
76 0 246722
76 1 246828
79 0 246885
79 1 246964
67 0 247187
67 1 247259
65 0 247295
65 1 247413
76 0 247741
76 1 247759
69 0 247803
69 1 247952
190 0 248046
190 1 248199
32 0 249267
32 1 249330
78 0 249476
78 1 249512
69 0 249673
69 1 249801
32 0 249839
32 1 249895
86 0 250175
86 1 250293
79 0 250329
79 1 250420
77 0 250624
77 1 250740
32 0 250779
32 1 250886
68 0 250938
68 1 251060
73 0 251067
73 1 251194
83 0 251443
83 1 251615
84 0 252073
82 0 252213
65 0 252267
84 1 252274
82 1 252344
65 1 252434
188 0 252870
188 1 252948
32 0 253027
32 1 253107
86 0 253295
86 1 253404
79 0 253518
79 1 253612
77 0 253738
77 1 253782
32 0 253883
32 1 253987
68 0 254419
68 1 254442
65 0 254497
65 1 254620
78 0 254821
78 1 254913
83 0 254986
83 1 255093
65 0 255184
65 1 255364
188 0 255766
188 1 255841
32 0 255975
32 1 256049
86 0 256502
86 1 256657
79 0 256731
79 1 256865
77 0 256971
77 1 257055
32 0 257147
32 1 257231
70 0 257382
70 1 257469
65 0 257489
67 0 257596
65 1 257631
67 1 257667
69 0 257741
69 1 257873
32 0 257892
83 0 258061
32 1 258075
83 1 258170
69 0 258285
69 1 258406
8 0 259459
8 1 259667
8 0 259667
8 1 259772
68 0 260185
82 0 260282
68 1 260307
65 0 260341
82 1 260393
65 1 260499
71 0 261040
71 1 261092
79 0 261484
79 1 261559
83 0 261601
83 1 261725
84 0 261854
84 1 261934
69 0 261961
69 1 262072
32 0 262073
32 1 262141
80 0 262325
80 1 262433
69 0 262462
69 1 262609
32 0 262610
32 1 262747
80 0 262795
80 1 262885
76 0 263025
65 0 263142
76 1 263150
65 1 263315
74 0 263441
74 1 263635
65 0 263635
65 1 263754
188 0 264338
188 1 264388
32 0 264491
32 1 264575
8 0 265679
8 1 265786
188 0 265949
188 1 266012
32 0 266151
32 1 266267
86 0 266617
86 1 266658
79 0 266667
79 1 266738
77 0 266861
77 1 266936
32 0 267012
32 1 267110
70 0 267350
70 1 267413
73 0 267623
73 1 267749
32 0 267804
32 1 267937
73 0 267978
73 1 268044
78 0 268188
78 1 268281
32 0 268369
32 1 268453
77 0 268867
65 0 268968
77 1 268986
65 1 269088
76 0 269106
76 1 269236
68 0 269279
68 1 269399
73 0 269478
73 1 269599
86 0 270228
86 1 270319
69 0 270339
69 1 270436
32 0 270457
32 1 270612
65 0 270627
84 0 270750
65 1 270761
84 1 270830
85 0 270969
85 1 271040
78 0 271216
78 1 271345
67 0 271362
73 0 271606
67 1 271613
73 1 271640
190 0 272207
190 1 272307
32 0 272450
32 1 272561
65 0 272648
65 1 272864
66 0 272969
66 1 273084
73 0 273179
73 1 273261
65 0 273282
32 0 273375
65 1 273393
32 1 273474
65 0 273515
65 1 273628
83 0 273682
84 0 273802
83 1 273812
84 1 273909
69 0 274171
69 1 274320
80 0 274353
80 1 274478
84 0 274956
84 1 275043
16 0 275201
49 0 275500
16 1 275605
49 1 275606
32 0 275960
32 1 276046
65 0 276196
65 1 276295
86 0 276560
86 1 276641
66 0 277173
66 1 277255
8 0 277552
8 1 277635
8 0 277703
8 1 277791
66 0 277800
66 1 277903
73 0 278014
73 1 278152
83 0 278207
32 0 278351
83 1 278366
32 1 278433
65 0 278510
65 1 278625
8 0 278866
8 1 278965
8 0 279056
8 1 279189
8 0 279385
65 0 279469
8 1 279477
65 1 279628
32 0 279763
32 1 279959
65 0 280213
65 1 280295
83 0 280338
83 1 280423
84 0 280447
84 1 280541
69 0 280583
69 1 280696
80 0 280745
80 1 280874
84 0 281056
84 1 281155
32 0 281267
32 1 281378
83 0 282507
83 1 282634
32 0 282803
65 0 282922
32 1 282938
65 1 283086
8 0 283272
8 1 283381
8 0 283460
65 0 283644
8 1 283651
65 1 283765
32 0 283766
32 1 283774
73 0 283957
73 1 284066
77 0 284206
78 0 284218
77 1 284296
78 1 284370
8 0 285068
8 1 285108
8 0 285192
8 1 285280
78 0 285620
78 1 285740
79 0 286056
79 1 286161
84 0 286412
84 1 286514
32 0 286629
32 1 286669
73 0 286758
73 1 286887
78 0 287072
78 1 287188
32 0 287274
32 1 287383
79 0 287638
79 1 287648
67 0 288061
67 1 288201
69 0 288201
69 1 288295
65 0 288408
65 1 288576
78 0 288651
78 1 288743
32 0 288881
32 1 288976
83 0 288978
83 1 289097
65 0 289184
65 1 289296
32 0 289317
32 1 289406
86 0 290896
86 1 290960
65 0 290997
65 1 291109
68 0 291223
68 1 291362
32 0 291374
32 1 291457
80 0 293918
80 1 293978
69 0 294033
69 1 294137
83 0 294258
83 1 294396
84 0 294430
84 1 294470
73 0 294905
73 1 295025
68 0 295274
68 1 295405
69 0 295454
32 0 295647
69 1 295657
32 1 295698
8 0 295965
8 1 296065
8 0 296217
8 1 296223
8 0 296305
8 1 296314
8 0 296352
8 1 296454
32 0 296721
68 0 296906
32 1 296915
68 1 296969
8 0 297259
8 1 297379
8 0 297461
8 1 297547
73 0 297798
73 1 297910
32 0 298066
32 1 298145
68 0 298200
68 1 298318
69 0 298350
69 1 298491
32 0 298495
32 1 298666
77 0 298749
65 0 298852
77 1 298887
65 1 298976
82 0 299181
82 1 299284
69 0 299386
69 1 299691
190 0 300201
190 1 300310
8 0 333787
8 1 333880
190 0 335277
190 1 335309
32 0 338337
32 1 338392
65 0 339028
66 0 339136
65 1 339159
66 1 339201
73 0 339374
73 1 339446
65 0 339676
65 1 339683
32 0 339684
32 1 339733
65 0 339846
65 1 339961
83 0 339961
83 1 340095
84 0 340193
84 1 340323
69 0 340324
69 1 340381
80 0 340918
80 1 340924
89 0 341121
89 1 341178
8 0 341535
8 1 341720
84 0 341997
84 1 342100
32 0 342206
83 0 342273
32 1 342283
83 1 342361
65 0 342443
32 0 342534
65 1 342696
32 1 342697
65 0 342697
65 1 342789
76 0 342830
76 1 342933
69 0 343121
69 1 343319
82 0 343831
82 1 343996
71 0 344082
71 1 344088
188 0 344679
188 1 344746
32 0 344907
32 1 344922
83 0 345007
83 1 345089
65 0 345415
65 1 345559
32 0 345595
32 1 345694
70 0 345962
73 0 346026
70 1 346045
73 1 346121
85 0 346205
85 1 346278
32 0 346350
32 1 346420
67 0 348314
67 1 348326
85 0 348326
85 1 348372
32 0 348463
32 1 348561
67 0 348747
65 0 348913
67 1 348919
65 1 348919
80 0 349145
80 1 349213
85 0 349409
85 1 349472
76 0 349785
76 1 349876
32 0 350199
32 1 350286
73 0 350699
73 1 350794
78 0 350899
78 1 350959
32 0 351051
32 1 351119
78 0 351209
78 1 351260
79 0 351416
79 1 351491
82 0 351538
82 1 351648
73 0 351649
73 1 351726
32 0 351972
32 1 351980
8 0 352390
8 1 352456
32 0 353047
32 1 353069
68 0 353127
68 1 353220
69 0 353382
32 0 353455
69 1 353481
32 1 353586
70 0 354016
69 0 354112
70 1 354122
69 1 354214
82 0 354329
82 1 354404
73 0 354442
73 1 354646
67 0 354647
67 1 354783
73 0 354783
73 1 354888
82 0 355332
82 1 355464
69 0 355641
69 1 355652
32 0 356108
32 1 356162
67 0 356389
67 1 356400
65 0 356400
65 1 356450
78 0 356542
78 1 356603
68 0 356919
68 1 356933
32 0 357027
32 1 357054
83 0 357887
83 1 357995
84 0 358445
84 1 358505
65 0 358639
65 1 358646
85 0 358684
85 1 358781
32 0 358817
32 1 358905
80 0 359023
80 1 359087
69 0 359091
69 1 359205
32 0 359242
32 1 359318
80 0 359668
80 1 359732
76 0 359842
76 1 360038
65 0 360039
65 1 360137
74 0 360158
74 1 360301
65 0 360301
65 1 360308
190 0 386415
190 1 386437
32 0 386804
32 1 386856
84 0 388490
84 1 388560
79 0 389039
79 1 389173
65 0 389240
65 1 389360
84 0 389666
84 1 389740
69 0 389753
69 1 389845
32 0 389905
32 1 389996
65 0 390137
65 1 390227
83 0 390298
83 1 390383
84 0 390405
84 1 390484
69 0 390513
69 1 390647
65 0 390780
65 1 390840
32 0 390867
32 1 390951
83 0 390959
83 1 391060
85 0 391060
85 1 391142
78 0 391228
78 1 391334
84 0 391511
84 1 391643
32 0 391702
32 1 391829
73 0 392022
73 1 392152
78 0 392268
78 1 392277
32 0 392389
32 1 392421
67 0 392543
67 1 392607
65 0 392632
65 1 392713
80 0 392905
80 1 392953
85 0 393105
85 1 393173
76 0 393325
76 1 393384
32 0 393509
32 1 393552
77 0 394217
77 1 394289
69 0 394301
69 1 394397
85 0 394453
85 1 394510
32 0 394648
32 1 394703
67 0 394852
65 0 394921
67 1 394930
65 1 395019
67 0 395028
67 1 395099
73 0 395312
73 1 395389
32 0 395458
69 0 395524
32 1 395537
69 1 395650
83 0 395735
83 1 395844
84 0 395845
84 1 395992
69 0 396000
32 0 396031
69 1 396046
32 1 396144
80 0 396574
80 1 396640
65 0 396707
65 1 396909
78 0 396909
78 1 397015
68 0 397015
68 1 397117
69 0 397180
69 1 397304
77 0 397364
77 1 397404
73 0 397535
73 1 397591
69 0 397642
69 1 397757
83 0 397873
73 0 397953
83 1 398008
73 1 398068
32 0 398095
32 1 398188
77 0 398343
77 1 398394
8 0 398657
8 1 398711
8 0 398967
8 1 399076
8 0 399142
8 1 399288
8 0 399382
8 1 399451
32 0 399732
32 1 399847
83 0 400014
73 0 400027
83 1 400036
73 1 400142
32 0 400296
32 1 400391
78 0 400494
78 1 400568
85 0 400693
85 1 400789
32 0 400915
32 1 400934
80 0 401222
80 1 401297
85 0 401507
85 1 401587
84 0 401773
84 1 401822
69 0 401844
69 1 401955
77 0 402084
77 1 402103
32 0 402200
32 1 402303
77 0 402414
77 1 402483
69 0 402503
69 1 402655
82 0 402788
82 1 402870
71 0 403456
71 1 403529
69 0 403531
69 1 403649
32 0 404024
32 1 404145
65 0 410281
65 1 410379
67 0 410803
67 1 410882
85 0 410912
85 1 410970
77 0 411133
77 1 411183
32 0 411284
32 1 411356
65 0 411385
65 1 411499
67 0 411656
67 1 411774
79 0 412273
79 1 412280
76 0 412324
76 1 412391
79 0 412447
79 1 412509
190 0 413034
190 1 413092
32 0 413401
32 1 413425
68 0 414967
68 1 415074
73 0 415090
73 1 415138
78 0 415314
78 1 415357
32 0 415527
32 1 415646
80 0 415764
80 1 415844
65 0 415844
65 1 415996
67 0 416334
65 0 416399
67 1 416406
65 1 416456
84 0 416688
84 1 416756
69 0 416768
69 1 416916
32 0 416916
32 1 417021
86 0 417580
86 1 417690
65 0 417923
65 1 418063
32 0 418095
32 1 418174
84 0 418332
84 1 418417
82 0 418505
82 1 418650
69 0 418651
69 1 418801
66 0 419139
66 1 419217
85 0 419383
85 1 419438
73 0 419520
73 1 419659
32 0 419695
32 1 419856
83 0 419856
83 1 419988
32 0 420034
65 0 420050
65 1 420154
32 1 420166
8 0 421021
8 1 421068
8 0 421160
8 1 421247
65 0 421440
65 1 421544
32 0 421586
32 1 421658
83 0 421710
83 1 421814
84 0 422008
84 1 422113
65 0 422153
65 1 422249
77 0 422390
77 1 422460
32 0 422550
32 1 422665
65 0 422665
65 1 422796
67 0 422944
67 1 423026
65 0 423042
65 1 423153
83 0 423226
83 1 423347
65 0 423454
65 1 423510
32 0 423526
32 1 423648
67 0 424029
67 1 424041
65 0 424043
65 1 424142
67 0 424147
67 1 424281
73 0 424510
73 1 424576
32 0 424754
32 1 424922
84 0 425041
84 1 425102
82 0 425245
82 1 425312
69 0 425555
69 1 425657
66 0 426073
66 1 426144
85 0 426289
85 1 426362
73 0 426459
73 1 426539
69 0 426557
69 1 426658
32 0 426671
32 1 426805
83 0 426861
83 1 427000
65 0 427124
65 1 427266
32 0 427267
32 1 427363
78 0 442868
78 1 442963
69 0 442967
69 1 443079
32 0 443091
32 1 443165
86 0 443892
86 1 444037
65 0 444038
65 1 444151
67 0 444152
67 1 444162
67 0 444284
67 1 444339
73 0 444927
73 1 444933
78 0 445081
78 1 445121
65 0 445480
77 0 445609
65 1 445617
77 1 445679
32 0 445798
32 1 445923
83 0 446037
83 1 446149
73 0 446215
73 1 446292
32 0 446428
32 1 446488
83 0 446496
83 1 446662
65 0 446680
32 0 446716
65 1 446803
32 1 446804
70 0 448300
70 1 448400
73 0 448405
73 1 448463
77 0 448615
77 1 448670
83 0 448914
83 1 449050
8 0 449268
8 1 449405
32 0 449599
32 1 449667
83 0 449709
83 1 449829
65 0 449908
65 1 450064
78 0 450096
78 1 450132
65 0 450193
65 1 450318
84 0 450975
79 0 451108
84 1 451127
79 1 451178
83 0 451323
73 0 451461
83 1 451493
73 1 451529
190 0 452415
190 1 452424
32 0 464110
32 1 464301
65 0 464813
65 1 464934
83 0 465036
83 1 465072
65 0 465338
65 1 465455
32 0 465461
32 1 465536
77 0 465656
77 1 465734
65 0 465753
65 1 465857
73 0 465858
73 1 465922
32 0 466024
32 1 466083
68 0 466247
68 1 466362
69 0 466471
69 1 466609
80 0 466856
80 1 466988
65 0 467031
65 1 467159
82 0 467434
82 1 467504
84 0 467625
84 1 467704
69 0 467705
69 1 467773
32 0 467818
32 1 467893
84 0 468129
84 1 468281
79 0 468473
79 1 468651
84 0 468730
84 1 468802
32 0 468941
32 1 468954
80 0 469201
80 1 469280
79 0 469355
79 1 469438
84 0 469672
84 1 469744
32 0 469806
32 1 469885
83 0 469971
83 1 470089
67 0 470115
67 1 470186
82 0 470578
73 0 470687
82 1 470699
73 1 470759
69 0 470799
32 0 470895
69 1 470914
32 1 470991
67 0 471165
65 0 471236
67 1 471251
65 1 471359
67 0 471364
67 1 471445
73 0 471625
73 1 471715
32 0 471791
32 1 471875
68 0 471883
68 1 472003
79 0 472017
79 1 472110
65 0 472284
65 1 472475
82 0 472486
82 1 472548
32 0 472661
32 1 472730
73 0 472745
73 1 472824
77 0 472933
77 1 473047
73 0 473076
73 1 473155
32 0 473214
32 1 473292
68 0 473614
68 1 473710
79 0 473874
79 1 473926
82 0 473995
82 1 474107
69 0 474189
69 1 474284
83 0 474457
83 1 474564
67 0 474663
67 1 474755
32 0 474812
32 1 474872
77 0 475009
77 1 475049
79 0 475166
79 1 475219
77 0 475363
77 1 475436
69 0 475464
69 1 475627
78 0 475628
78 1 475705
84 0 475942
84 1 476007
65 0 476014
65 1 476084
78 0 476175
78 1 476302
188 0 477081
188 1 477123
32 0 477263
32 1 477343
69 0 477570
69 1 477688
32 0 477739
32 1 477767
80 0 478010
80 1 478078
65 0 478095
65 1 478198
78 0 478279
78 1 478351
68 0 478432
68 1 478505
69 0 478606
69 1 478723
77 0 478831
77 1 478867
73 0 478997
73 1 479061
69 0 479136
69 1 479270
190 0 479796
190 1 479859
190 0 479949
190 1 480021
190 0 480046
190 1 480109
65 0 480166
65 1 480288
83 0 480473
83 1 480483
84 0 480661
84 1 480671
69 0 480737
69 1 480806
8 0 481217
8 1 481350
65 0 481386
65 1 481496
32 0 481544
32 1 481630
69 0 481634
69 1 481734
190 0 482555
190 1 482603
8 0 501992
8 1 502078
8 0 502168
8 1 502223
8 0 502312
8 1 502363
8 0 502454
8 1 502524
8 0 502594
8 1 502651
8 0 502846
8 1 502925
8 0 502996
8 1 503076
8 0 503165
8 1 503235
8 0 503310
8 1 503406
68 0 504313
69 0 504337
68 1 504359
69 1 504594
78 0 504688
78 1 504813
8 0 505307
8 1 505425
8 0 505495
8 1 505575
8 0 505626
8 1 505717
73 0 506720
73 1 506788
79 0 506877
79 1 506941
78 0 507086
78 1 507146
69 0 507189
69 1 507275
76 0 507297
76 1 507383
32 0 507875
32 1 507965
83 0 508698
83 1 508799
65 0 508874
65 1 509094
39 0 513192
39 1 513338
8 0 513807
8 0 514308
8 0 514390
8 0 514476
8 0 514558
8 1 514634
8 0 514908
8 1 514979
8 0 515073
8 1 515144
8 0 515227
8 1 515295
8 0 515391
8 1 515454
8 0 515748
8 1 515767
8 0 515882
8 1 515957
8 0 516444
8 0 516957
8 0 517100
8 0 517107
8 0 517189
8 0 517266
8 0 517348
8 0 517435
8 1 517453
16 0 517988
16 1 518076
8 0 519026
8 1 519117
16 0 519861
16 1 520167
16 0 520322
16 1 520364
16 0 520458
16 1 520592
39 0 520987
39 1 521118
39 0 521210
39 1 521309
39 0 521357
39 1 521449
39 0 521553
39 1 521581
8 0 522011
8 0 522511
8 0 522597
8 0 522681
8 0 522765
8 0 522850
8 0 522934
8 0 523025
8 0 523104
8 1 523115
8 0 523217
8 1 523293
8 0 523376
8 1 523428
8 0 523528
8 1 523630
8 0 523664
8 1 523748
8 0 523849
8 1 523904
8 0 524019
8 1 524073
8 0 524163
8 1 524322
8 0 524323
8 1 524370
8 0 524598
8 1 524607
8 0 552854
8 1 552874
8 0 553219
8 1 553302
8 0 553588
8 1 553707
8 0 553808
8 1 553907
8 0 553988
8 1 554131
8 0 554236
8 1 554292
8 0 554392
8 1 554478
8 0 554570
8 1 554679
8 0 554811
8 1 554911
8 0 554990
8 1 555190
84 0 556378
84 1 556502
8 0 561753
8 1 561845
8 0 561923
8 1 561959
8 0 562187
8 1 562251
8 0 562323
8 1 562404
8 0 562521
8 1 562634
74 0 563142
74 1 563212
79 0 563324
79 1 563408
67 0 563673
85 0 563706
67 1 563780
85 1 563822
73 0 564049
82 0 564141
73 1 564187
82 1 564350
8 0 564769
8 1 564880
8 0 564986
8 1 565111
82 0 565710
73 0 565777
82 1 565797
73 1 565857
13 0 568045
13 1 568149
13 0 568341
13 1 568383
86 0 571782
86 1 571820
82 0 572045
82 1 572109
69 0 572204
69 1 572355
77 0 572883
77 1 572901
69 0 572925
69 1 573008
65 0 573228
65 1 573279
32 0 573310
32 1 573353
80 0 573530
80 1 573595
69 0 573604
69 1 573711
82 0 573827
82 1 573910
70 0 574324
70 1 574397
69 0 574413
69 1 574477
67 0 574523
67 1 574578
84 0 574696
84 1 574764
65 0 574818
32 0 574902
65 1 574917
32 1 574997
80 0 575143
80 1 575232
69 0 575241
69 1 575377
78 0 575469
78 1 575570
84 0 575936
84 1 576046
82 0 576093
82 1 576197
85 0 576364
85 1 576440
32 0 576525
32 1 576686
77 0 576774
77 1 576885
73 0 576913
73 1 576995
78 0 577114
78 1 577228
69 0 577228
69 1 577329
32 0 577359
32 1 577435
69 0 578002
69 1 578089
83 0 578199
83 1 578308
84 0 578344
84 1 578424
69 0 578434
69 1 578539
32 0 578634
32 1 578731
67 0 578842
67 1 578898
65 0 578925
65 1 579040
78 0 579159
78 1 579234
68 0 579238
68 1 579340
32 0 579406
32 1 579489
69 0 579541
69 1 579681
83 0 579782
83 1 579868
84 0 579934
84 1 579988
69 0 579992
69 1 580082
32 0 580150
32 1 580230
83 0 580329
83 1 580360
79 0 580379
79 1 580504
65 0 580581
65 1 580776
82 0 581126
82 1 581225
69 0 581252
69 1 581332
32 0 581438
32 1 581525
83 0 581542
83 1 581606
73 0 581683
73 1 581762
32 0 581808
32 1 581903
66 0 582048
65 0 582132
66 1 582146
65 1 582250
84 0 582385
69 0 582455
84 1 582465
69 1 582540
32 0 582573
32 1 582654
85 0 582748
85 1 582855
78 0 583102
78 1 583236
32 0 583482
32 1 583540
80 0 583811
80 1 583890
73 0 584050
73 1 584101
67 0 584202
67 1 584343
32 0 584405
32 1 584517
86 0 584689
86 1 584775
65 0 584775
65 1 584889
78 0 584998
78 1 585116
84 0 585277
84 1 585341
85 0 585617
85 1 585683
76 0 585900
76 1 585995
188 0 586530
188 1 586586
8 0 586990
8 1 587062
190 0 587889
190 1 587972
32 0 588135
32 1 588215
69 0 588345
69 1 588354
83 0 588425
83 1 588539
84 0 588543
84 1 588687
69 0 588688
32 0 588778
69 1 588789
32 1 588920
86 0 589149
86 1 589241
82 0 589392
82 1 589464
69 0 589538
69 1 589606
77 0 589904
77 1 589972
69 0 590046
69 1 590129
65 0 590267
65 1 590383
32 0 590421
32 1 590489
80 0 590994
69 0 591062
80 1 591105
69 1 591181
82 0 591287
82 1 591375
70 0 591563
70 1 591681
69 0 591681
69 1 591797
67 0 591797
67 1 591860
84 0 591983
84 1 592061
65 0 592082
65 1 592165
32 0 592197
32 1 592352
80 0 592520
69 0 592528
80 1 592538
69 1 592775
78 0 592776
78 1 592882
84 0 593131
84 1 593137
82 0 593219
82 1 593253
89 0 593376
89 1 593453
32 0 593563
32 1 593660
65 0 593699
65 1 593799
8 0 594030
8 1 594101
8 0 594187
8 1 594234
8 0 594331
8 1 594419
89 0 594677
89 1 594765
32 0 594875
32 1 594968
65 0 594976
65 1 595059
8 0 595265
8 1 595357
8 0 595441
8 1 595522
8 0 595675
8 1 595685
85 0 596916
85 1 596922
32 0 597156
32 1 597223
65 0 597225
65 1 597235
32 0 597259
32 1 597360
70 0 597451
65 0 597493
70 1 597545
65 1 597605
67 0 597664
67 1 597747
69 0 597760
69 1 597831
32 0 597888
32 1 597987
83 0 598078
83 1 598217
80 0 598700
80 1 598811
79 0 598920
79 1 598991
82 0 599258
82 1 599321
84 0 599382
84 1 599452
188 0 599810
188 1 599826
32 0 599947
32 1 600052
80 0 600176
80 1 600341
69 0 600342
69 1 600387
78 0 600510
78 1 600568
84 0 600885
84 1 600891
82 0 600937
82 1 601163
89 0 601216
89 1 601222
32 0 601231
32 1 601318
8 0 601805
8 1 601888
8 0 601958
8 1 602062
85 0 602522
85 1 602619
32 0 602714
32 1 602806
65 0 602884
65 1 602983
32 0 603085
32 1 603172
65 0 603233
65 1 603312
75 0 603379
75 1 603437
69 0 603528
69 1 603708
8 0 603964
8 1 604055
8 0 604113
8 1 604213
76 0 604564
76 1 604691
69 0 604692
69 1 604913
82 0 605019
82 1 605255
71 0 605258
71 1 605295
65 0 605325
65 1 605410
32 0 605444
32 1 605522
83 0 605534
83 1 605594
32 0 605739
32 1 605834
8 0 606189
8 1 606289
73 0 606611
73 1 606673
32 0 606773
32 1 606884
80 0 606977
69 0 607015
80 1 607025
69 1 607105
78 0 607223
78 1 607363
84 0 607802
84 1 607889
82 0 607970
82 1 608057
89 0 608171
89 1 608346
32 0 608346
32 1 608414
65 0 608429
65 1 608526
8 0 608931
8 1 608939
8 0 609005
8 1 609041
8 0 609162
8 1 609273
85 0 609559
85 1 609644
32 0 609725
65 0 609798
32 1 609809
65 1 609880
32 0 609925
65 0 610001
32 1 610013
65 1 610080
70 0 610154
70 1 610251
65 0 610314
65 1 610437
8 0 610652
8 1 610736
8 0 610808
8 1 610883
8 0 610950
8 1 611042
70 0 611411
65 0 611492
70 1 611499
65 1 611559
67 0 611690
67 1 611699
32 0 611841
32 1 611915
8 0 612166
8 1 612380
69 0 612381
69 1 612388
32 0 612512
32 1 612575
80 0 613006
80 1 613041
76 0 613167
76 1 613244
73 0 613345
73 1 613414
77 0 613558
77 1 613660
66 0 613830
66 1 613917
65 0 613973
65 1 614065
82 0 614146
82 1 614216
73 0 614439
73 1 614517
32 0 614647
32 1 614746
80 0 615691
80 1 615809
69 0 615809
69 1 615905
32 0 615926
32 1 616057
74 0 616096
74 1 616159
79 0 616346
83 0 616353
79 1 616362
83 1 616421
32 0 616538
32 1 616548
83 0 617020
73 0 617037
83 1 617053
73 1 617242
32 0 617268
32 1 617357
67 0 617430
67 1 617560
85 0 617594
85 1 617662
32 0 617893
32 1 618041
66 0 618305
66 1 618369
65 0 618424
65 1 618478
82 0 618565
82 1 618601
67 0 618740
65 0 618826
67 1 618835
65 1 618952
190 0 619863
190 1 619946
83 0 722337
83 1 722382
83 0 722869
83 1 722947
8 0 723300
8 1 723426
8 0 723999
8 1 724050
83 0 724551
73 0 724649
83 1 724656
73 1 724776
83 0 725026
83 1 725032
84 0 725700
84 1 725764
69 0 725835
69 1 725976
77 0 726057
77 1 726136
85 0 726287
85 1 726342
76 0 726895
76 1 726999
32 0 727161
69 0 727242
32 1 727249
69 1 727352
68 0 727459
68 1 727583
73 0 727944
73 1 728008
8 0 728391
8 1 728475
85 0 728912
85 1 729024
67 0 729263
67 1 729270
65 0 729270
65 1 729359
84 0 729382
84 1 729451
73 0 729784
73 1 729851
79 0 729937
79 1 730010
78 0 730125
78 1 730193
65 0 730219
65 1 730319
76 0 730351
76 1 730418
32 0 730554
68 0 730618
32 1 730629
68 1 730747
73 0 730796
73 1 730850
78 0 731124
78 1 731215
32 0 731297
32 1 731374
82 0 731574
82 1 731711
79 0 731961
79 1 732036
77 0 732199
77 1 732402
65 0 732409
65 1 732416
78 0 732416
78 1 732463
73 0 732633
73 1 732640
65 0 732668
65 1 732785
32 0 732786
32 1 732904
84 0 733486
84 1 733567
82 0 733696
82 1 733767
69 0 733834
69 1 733922
66 0 734113
66 1 734171
85 0 734393
85 1 734441
73 0 734537
73 1 734616
69 0 734644
69 1 734726
32 0 734726
32 1 734808
73 0 735275
73 1 735335
78 0 735514
78 1 735564
66 0 735910
66 1 735934
85 0 736073
85 1 736159
78 0 736393
78 1 736399
65 0 736415
65 1 736542
84 0 736650
84 1 736781
65 0 736782
65 1 736903
84 0 736904
84 1 737032
73 0 737289
73 1 737360
84 0 737573
84 1 737643
188 0 738039
188 1 738111
32 0 738229
32 1 738314
84 0 738552
84 1 738623
82 0 738735
82 1 738811
69 0 738888
69 1 738976
66 0 739109
66 1 739173
85 0 739309
85 1 739378
73 0 739481
73 1 739556
69 0 739601
32 0 739716
69 1 739726
32 1 739736
77 0 739929
77 1 739958
79 0 740053
79 1 740137
68 0 740159
68 1 740392
69 0 740396
69 1 740514
82 0 740652
82 1 740793
78 0 741154
78 1 741265
73 0 741363
73 1 741412
90 0 741747
90 1 741875
65 0 741969
84 0 741982
84 1 742049
65 1 742049
188 0 742511
188 1 742578
32 0 742682
32 1 742758
67 0 742962
67 1 743030
82 0 743171
82 1 743241
69 0 743313
69 1 743389
68 0 743490
68 1 743558
32 0 743701
32 1 743765
67 0 743843
67 1 743927
65 0 743928
65 1 743991
32 0 744050
32 1 744138
65 0 744175
65 1 744381
67 0 744381
67 1 744434
69 0 744445
69 1 744544
65 0 744797
65 1 744820
83 0 744906
83 1 745038
84 0 745039
84 1 745144
65 0 745263
65 1 745282
32 0 745353
32 1 745376
80 0 745820
80 1 745891
65 0 745908
65 1 746004
78 0 746102
78 1 746169
68 0 746236
68 1 746331
69 0 746420
69 1 746515
77 0 746559
77 1 746635
73 0 746741
73 1 746812
69 0 746839
69 1 746947
32 0 746951
32 1 747043
86 0 747256
86 1 747310
65 0 747335
65 1 747394
32 0 747483
65 0 747558
32 1 747577
65 1 747705
74 0 747924
74 1 747961
85 0 748098
85 1 748176
84 0 748417
84 1 748435
65 0 748438
65 1 748499
32 0 748543
32 1 748636
83 0 748648
83 1 748785
73 0 748809
73 1 748908
83 0 748911
83 1 749041
84 0 749132
84 1 749262
69 0 749262
69 1 749366
77 0 749402
77 1 749475
85 0 749608
85 1 749677
76 0 749822
76 1 749907
32 0 749990
32 1 750062
83 0 750705
83 1 750752
65 0 751148
65 1 751272
32 0 751300
32 1 751391
83 0 752017
83 1 752122
69 0 752187
32 0 752375
69 1 752399
32 1 752400
77 0 752501
77 1 752533
79 0 752925
79 1 753041
68 0 753041
68 1 753165
69 0 753264
69 1 753357
82 0 753440
82 1 753559
78 0 754006
78 1 754085
73 0 754230
73 1 754300
90 0 754550
90 1 754663
69 0 754814
69 1 754938
90 0 755054
90 1 755181
69 0 755300
69 1 755432
32 0 755516
32 1 755580
67 0 755746
67 1 755805
65 0 755821
65 1 755920
67 0 755931
67 1 755981
73 0 756153
73 1 756203
32 0 756377
65 0 756400
32 1 756412
65 1 756516
83 0 756625
83 1 756786
65 0 756786
32 0 756839
65 1 756913
32 1 756932
80 0 757147
82 0 757291
80 1 757298
79 0 757395
82 1 757415
79 1 757526
70 0 757927
69 0 758006
70 1 758014
69 1 758104
83 0 758192
83 1 758308
79 0 758350
79 1 758410
82 0 758749
82 1 758843
73 0 758870
73 1 758937
73 0 759003
73 1 759086
32 0 759213
32 1 759311
65 0 759319
65 1 759431
85 0 759469
85 1 759532
32 0 759606
32 1 759709
70 0 760169
70 1 760402
79 0 760406
79 1 760418
83 0 760503
83 1 760664
84 0 760774
84 1 760787
32 0 761028
32 1 761037
79 0 761255
79 1 761265
66 0 761591
66 1 761637
76 0 761858
76 1 761933
73 0 762039
73 1 762113
71 0 762363
71 1 762434
65 0 762453
65 1 762559
84 0 762574
84 1 762648
73 0 762811
73 1 762889
32 0 762952
32 1 763032
83 0 763049
83 1 763129
65 0 763221
32 0 763264
32 1 763324
65 1 763331
83 0 763469
83 1 763572
65 0 763698
65 1 763830
8 0 765612
8 1 765671
8 0 765735
8 1 765811
73 0 766303
73 1 766369
78 0 766503
78 1 766591
86 0 766820
86 1 766888
69 0 766916
69 1 767048
84 0 767114
84 1 767176
69 0 767196
69 1 767270
32 0 767312
32 1 767397
83 0 767419
83 1 767525
73 0 767543
73 1 767618
32 0 767703
32 1 767756
69 0 767831
69 1 767944
73 0 768062
73 1 768126
32 0 768250
32 1 768398
67 0 768808
67 1 768904
85 0 768904
85 1 768929
77 0 769159
77 1 769281
32 0 769357
32 1 769431
83 0 769491
83 1 769633
69 0 769738
69 1 769862
32 0 769950
32 1 770002
70 0 770346
70 1 770463
79 0 770517
79 1 770565
76 0 770660
76 1 770732
79 0 770805
79 1 770873
83 0 770901
83 1 771033
69 0 771195
69 1 771321
83 0 771455
83 1 771593
84 0 771717
84 1 771814
69 0 771931
69 1 772031
32 0 772056
32 1 772132
84 0 772647
84 1 772658
69 0 772687
69 1 772793
72 0 772932
72 1 773047
78 0 773272
78 1 773371
79 0 773517
79 1 773585
76 0 773688
76 1 773748
79 0 773810
79 1 773886
71 0 774107
71 1 774175
85 0 774290
85 1 774323
65 0 774387
65 1 774472
8 0 774703
8 1 774779
8 0 774851
8 1 774935
73 0 775065
73 1 775141
65 0 775171
65 1 775215
32 0 775283
32 1 775351
83 0 775753
73 0 775853
83 1 775930
73 1 775930
32 0 776013
32 1 776104
67 0 776131
67 1 776229
85 0 776246
85 1 776398
77 0 776517
77 1 776642
32 0 776800
32 1 776810
83 0 776917
83 1 777050
32 0 777271
32 1 777373
8 0 777602
8 1 777675
69 0 777693
69 1 777793
32 0 777837
32 1 777889
80 0 778019
79 0 778159
80 1 778194
79 1 778289
84 0 778780
84 1 778867
32 0 778917
32 1 779005
70 0 779071
65 0 779115
70 1 779146
65 1 779215
67 0 779259
67 1 779335
69 0 779355
69 1 779435
32 0 779718
32 1 779753
79 0 780138
79 1 780209
82 0 780389
82 1 780403
69 0 780466
76 0 780646
69 1 780652
76 1 780797
69 0 780797
69 1 780913
32 0 780914
32 1 781059
83 0 781060
73 0 781142
83 1 781154
73 1 781275
32 0 781275
32 1 781370
73 0 781941
73 1 782030
8 0 782307
8 1 782419
79 0 782540
79 1 782613
78 0 782766
78 1 782833
76 0 783011
76 1 783066
73 0 783210
73 1 783265
78 0 783390
78 1 783453
69 0 783497
69 1 783610
188 0 783715
188 1 783737
32 0 783855
32 1 783924
68 0 784684
68 1 784815
73 0 784815
73 1 784902
78 0 785154
78 1 785274
32 0 785350
32 1 785423
65 0 785456
65 1 785570
67 0 785646
67 1 785721
69 0 785744
69 1 785872
83 0 785953
83 1 786084
84 0 786101
84 1 786176
32 0 786299
32 1 786396
77 0 786741
77 1 786780
79 0 786953
79 1 787028
84 0 787230
84 1 787301
73 0 787487
73 1 787553
86 0 787927
86 1 788007
32 0 788104
32 1 788208
69 0 788217
69 1 788400
85 0 788668
85 1 788807
32 0 788830
32 1 788908
67 0 789285
67 1 789396
79 0 789441
79 1 789514
78 0 789679
78 1 789759
83 0 790026
83 1 790133
73 0 790167
73 1 790218
68 0 790288
68 1 790397
69 0 790481
69 1 790601
82 0 790689
32 0 790769
82 1 790796
32 1 790868
80 0 791093
80 1 791160
65 0 791192
65 1 791309
78 0 791386
78 1 791445
68 0 791517
68 1 791623
69 0 791719
69 1 791838
77 0 791860
77 1 791942
73 0 792096
73 1 792201
65 0 792228
65 1 792403
32 0 792405
32 1 792434
85 0 792806
85 1 792913
78 0 793062
78 1 793088
32 0 793294
32 1 793305
76 0 793667
76 1 793717
85 0 793906
85 1 793965
67 0 794199
67 1 794273
82 0 794357
82 1 794471
85 0 794484
85 1 794549
32 0 794629
32 1 794714
66 0 795109
66 1 795156
85 0 795302
85 1 795350
78 0 795510
78 1 795577
190 0 795946
190 1 795982
32 0 796193
32 1 796243
68 0 798918
68 1 799022
73 0 799064
73 1 799140
78 0 799426
78 1 799496
32 0 799785
32 1 799868
80 0 800418
80 1 800442
73 0 800650
73 1 800657
8 0 801379
8 1 801508
85 0 801797
85 1 801877
78 0 802007
78 1 802091
67 0 802277
67 1 802345
84 0 802440
84 1 802526
32 0 802587
32 1 802681
68 0 802685
68 1 802761
69 0 802839
68 0 802858
68 1 802907
32 0 802931
69 1 802941
32 1 802995
8 0 803537
8 1 803597
8 0 803968
8 1 804064
32 0 804420
32 1 804477
86 0 804844
86 1 804911
69 0 805031
69 1 805038
68 0 805170
68 1 805278
69 0 805292
69 1 805401
82 0 805575
82 1 805684
69 0 805777
32 0 805882
69 1 805894
32 1 805968
65 0 806936
65 1 807060
76 0 807223
76 1 807283
85 0 809750
85 1 809791
76 0 809965
76 1 810029
32 0 811715
32 1 811768
83 0 811785
83 1 811943
84 0 811943
84 1 811979
85 0 812098
85 1 812173
68 0 812213
68 1 812397
69 0 812397
78 0 812496
69 1 812505
78 1 812671
84 0 812808
84 1 812816
73 0 812936
73 1 813050
73 0 813365
73 1 813412
76 0 813526
76 1 813622
79 0 813674
79 1 813753
69 0 813819
69 1 813923
8 0 814266
8 1 814420
82 0 814436
82 1 814552
188 0 815037
188 1 815088
32 0 815201
32 1 815284
65 0 815326
65 1 815464
67 0 815468
67 1 815538
69 0 815589
69 1 815726
83 0 815769
83 1 815945
84 0 815945
84 1 815984
85 0 816116
85 1 816178
8 0 816552
8 1 816659
85 0 816834
85 1 816929
65 0 816929
65 1 817062
8 0 817284
8 1 817293
8 0 817379
8 1 817450
73 0 817609
73 1 817694
65 0 817703
65 1 817803
32 0 817832
32 1 817912
78 0 818009
78 1 818052
85 0 818486
85 1 818548
32 0 818822
32 1 818889
83 0 818930
83 1 818993
85 0 819022
85 1 819078
78 0 819180
78 1 819250
82 0 819425
82 1 819484
32 0 819729
32 1 819746
8 0 819959
8 1 820042
8 0 820105
8 1 820189
84 0 820668
84 1 820803
32 0 820814
32 1 820929
70 0 821063
70 1 821078
79 0 821096
79 1 821178
65 0 821297
65 1 821401
82 0 821453
82 1 821511
84 0 821605
84 1 821684
32 0 821838
32 1 821921
69 0 821934
69 1 822029
8 0 822301
8 1 822374
8 0 822511
8 1 822579
69 0 822584
69 1 822695
32 0 822843
32 1 822943
73 0 823004
73 1 823103
77 0 823210
77 1 823297
80 0 823826
80 1 823877
76 0 823989
76 1 824062
73 0 824160
73 1 824214
67 0 824445
67 1 824505
65 0 824518
65 1 824652
84 0 824664
84 1 824702
73 0 824857
73 1 824948
32 0 825104
32 1 825166
73 0 825179
73 1 825321
78 0 825408
78 1 825437
32 0 825532
32 1 825610
67 0 826585
67 1 826660
69 0 826672
69 1 826768
69 0 826844
69 1 826945
65 0 827079
32 0 827244
65 1 827255
32 1 827350
67 0 827448
69 0 827526
67 1 827535
69 1 827729
32 0 827729
32 1 827773
80 0 827956
82 0 828058
80 1 828079
82 1 828181
73 0 828661
73 1 828835
86 0 829328
86 1 829393
69 0 829393
69 1 829468
83 0 829614
83 1 829768
67 0 830170
67 1 830205
32 0 830467
32 1 830574
67 0 832274
67 1 832410
85 0 832545
85 1 832652
82 0 832925
82 1 832931
83 0 833103
85 0 833162
83 1 833169
85 1 833428
82 0 833453
82 1 833549
73 0 833611
73 1 833691
76 0 833907
69 0 833985
76 1 833993
69 1 834083
188 0 834199
188 1 834250
32 0 834511
83 0 834583
32 1 834593
83 1 834684
85 0 834752
85 1 834796
78 0 834939
78 1 835017
84 0 835160
84 1 835230
32 0 835314
32 1 835399
79 0 835514
79 1 835599
8 0 835862
8 1 835974
73 0 836141
73 1 836217
77 0 836429
77 1 836442
80 0 836539
80 1 836654
76 0 836683
76 1 836843
73 0 836923
73 1 836963
67 0 837302
67 1 837310
65 0 837311
65 1 837319
84 0 837341
84 1 837437
73 0 837549
73 1 837617
32 0 837700
32 1 837804
68 0 837922
68 1 838072
79 0 838098
79 1 838166
65 0 838284
65 1 838365
69 0 838497
69 1 838527
8 0 839095
8 1 839245
82 0 839336
82 1 839455
32 0 839476
32 1 839523
229 0 839748
32 1 839856
68 0 839956
65 0 840007
68 1 840018
65 1 840118
67 0 840509
67 1 840564
65 0 840664
65 1 840846
8 0 840953
8 1 841108
8 0 841168
8 1 841196
8 0 841330
8 1 841340
8 0 841433
8 1 841443
8 0 841515
8 1 841592
8 0 841667
8 1 841731
32 0 842016
32 1 842104
68 0 842282
65 0 842354
68 1 842361
65 1 842415
67 0 842451
65 0 842522
67 1 842530
65 1 842582
83 0 842708
32 0 842728
83 1 842812
32 1 842854
69 0 842961
69 1 843009
8 0 843241
8 1 843308
8 0 843380
8 1 843459
8 0 843526
8 1 843561
8 0 843620
8 1 843731
32 0 843852
32 1 843978
65 0 844169
65 1 844259
8 0 844294
8 1 844434
8 0 844485
8 1 844556
65 0 844668
65 1 844815
32 0 844816
32 1 844860
76 0 845197
76 1 845337
73 0 845432
73 1 845470
32 0 845522
32 1 845595
83 0 845612
83 1 845691
69 0 846157
69 1 846277
32 0 846458
32 1 846548
79 0 846973
79 1 847051
70 0 847339
69 0 847391
70 1 847405
69 1 847473
82 0 847538
82 1 847603
65 0 847781
32 0 847787
65 1 847798
32 1 847799
66 0 850149
66 1 850203
79 0 850495
79 1 850578
78 0 850759
78 1 850822
85 0 850942
85 1 850989
83 0 851020
83 1 851151
85 0 851187
85 1 851241
82 0 851452
82 1 851551
73 0 851593
73 1 851734
188 0 851971
188 1 852003
32 0 852119
32 1 852189
80 0 852429
80 1 852440
85 0 852586
85 1 852668
78 0 852829
78 1 852857
67 0 853177
67 1 853183
84 0 853210
84 1 853342
69 0 853343
32 0 853431
69 1 853441
32 1 853454
73 0 853552
73 1 853639
78 0 853760
78 1 853843
32 0 853923
32 1 854018
80 0 854373
80 1 854449
76 0 854542
76 1 854617
85 0 854747
85 1 854826
83 0 854875
32 0 854939
83 1 854955
32 1 855022
8 0 855363
8 1 855458
188 0 855743
188 1 855783
32 0 855965
32 1 856005
66 0 856113
66 1 856180
65 0 856221
32 0 856316
65 1 856433
32 1 856436
67 0 856651
67 1 856663
72 0 856925
72 1 856959
73 0 857188
73 1 857200
65 0 857352
65 1 857358
82 0 857472
82 1 857523
32 0 857626
32 1 857711
83 0 857724
83 1 857807
65 0 857888
32 0 857980
65 1 857994
32 1 858063
70 0 858159
65 0 858223
70 1 858236
65 1 858312
67 0 858340
67 1 858433
65 0 858453
65 1 858547
32 0 858560
32 1 858653
88 0 858902
88 1 858957
68 0 859259
68 1 859379
8 0 859396
8 1 859479
8 0 859601
8 1 859754
68 0 859754
68 1 859790
79 0 859817
79 1 859961
65 0 860030
65 1 860184
82 0 860711
82 1 860719
32 0 860842
32 1 860852
80 0 861096
80 1 861117
82 0 861184
82 1 861345
79 0 861346
79 1 861432
73 0 861568
73 1 861637
69 0 861715
69 1 861818
67 0 862243
67 1 862309
84 0 862433
84 1 862502
69 0 862520
69 1 862620
190 0 862886
190 1 862970
32 0 863090
32 1 863157
69 0 863173
69 1 863289
83 0 863372
83 1 863515
84 0 863523
84 1 863616
69 0 863619
69 1 863760
32 0 863761
32 1 863840
70 0 864269
70 1 864783
79 0 864787
79 1 864796
65 0 864796
65 1 865003
82 0 865102
82 1 865110
84 0 865340
69 0 865347
84 1 865355
69 1 865359
32 0 865371
32 1 865476
84 0 865561
84 1 865644
82 0 865722
82 1 865810
73 0 866210
73 1 866302
83 0 866306
83 1 866427
84 0 866533
84 1 866615
32 0 866719
32 1 866795
67 0 866901
67 1 866961
65 0 866965
65 1 867077
67 0 867093
67 1 867177
73 0 867354
73 1 867417
32 0 867516
32 1 867601
65 0 867605
65 1 867738
67 0 867772
67 1 867844
85 0 868035
85 1 868101
77 0 868322
77 1 868493
32 0 868509
32 1 868601
68 0 868913
79 0 868974
68 1 868981
79 1 869102
65 0 869103
65 1 869337
82 0 869350
82 1 869357
32 0 869468
32 1 869566
65 0 869582
65 1 869700
83 0 869767
83 1 869865
65 0 869948
32 0 870012
65 1 870047
32 1 870111
83 0 870695
83 1 870783
69 0 870891
32 0 870994
69 1 871006
32 1 871083
77 0 871157
65 0 871224
77 1 871267
65 1 871357
73 0 871375
73 1 871453
32 0 871504
32 1 871592
77 0 871743
77 1 871752
79 0 871844
79 1 871958
82 0 872014
73 0 872121
82 1 872162
73 1 872224
8 0 872523
8 1 872580
8 0 872666
8 1 872783
84 0 872915
84 1 872980
79 0 872983
79 1 873102
8 0 873823
8 1 873975
73 0 874366
73 1 874448
86 0 874683
86 1 874759
69 0 874943
69 1 875023
65 0 875027
65 1 875131
90 0 875195
90 1 875275
65 0 875366
65 1 875470
32 0 875485
32 1 875569
85 0 875739
85 1 875748
72 0 875867
72 1 875890
32 0 876028
32 1 876137
83 0 876140
83 1 876234
8 0 876565
8 1 876644
8 0 876699
8 1 876782
8 0 876915
8 1 876979
78 0 877377
78 1 877442
32 0 877522
83 0 877602
32 1 877613
83 1 877707
84 0 877791
84 1 877854
68 0 878065
68 1 878188
8 0 878371
8 1 878476
85 0 878738
85 1 878829
68 0 878928
68 1 879027
69 0 879161
69 1 879196
78 0 879230
78 1 879317
84 0 879579
84 1 879744
32 0 879767
32 1 879859
73 0 879969
73 1 880021
78 0 880320
78 1 880435
32 0 880773
16 0 880896
32 1 880897
82 0 881109
82 1 881123
16 1 881201
79 0 881690
79 1 881762
77 0 881894
65 0 881958
77 1 881977
65 1 882049
78 0 882068
78 1 882139
65 0 882267
65 1 882399
73 0 882515
73 1 882581
8 0 882748
8 1 882831
8 0 882888
8 1 882987
73 0 883139
65 0 883208
73 1 883216
65 1 883309
190 0 883865
190 1 883953
79 0 896585
79 1 896660
65 0 896669
65 1 896906
77 0 896906
77 1 896912
69 0 897097
78 0 897214
69 1 897230
78 1 897340
73 0 897598
73 1 897753
73 0 898009
73 1 898093
32 0 898254
32 1 898350
68 0 898453
73 0 898548
68 1 898572
73 1 898632
78 0 898748
78 1 898807
32 0 898878
32 1 898974
80 0 899295
80 1 899370
79 0 899457
79 1 899548
90 0 899581
90 1 899753
65 0 899786
65 1 899877
32 0 899886
32 1 899961
83 0 900182
83 1 900328
79 0 900448
79 1 900516
67 0 900660
73 0 900791
67 1 900806
73 1 900903
65 0 901110
65 1 901117
76 0 901204
76 1 901346
73 0 901442
73 1 901489
90 0 901603
90 1 901724
8 0 901942
69 0 902092
8 1 902100
69 1 902225
8 0 902526
8 1 902648
90 0 902715
90 1 902850
69 0 903300
69 1 903425
65 0 903622
65 1 903754
90 0 903843
90 1 903977
65 0 904072
65 1 904192
188 0 904788
188 1 904911
32 0 905111
32 1 905119
83 0 907283
83 1 907398
85 0 907437
85 1 907506
78 0 907626
78 1 907731
84 0 908183
84 1 908250
32 0 908465
32 1 908488
73 0 908559
73 1 908627
78 0 908788
78 1 908924
84 0 909113
84 1 909119
82 0 909213
82 1 909230
189 0 909629
189 1 909708
85 0 909930
85 1 910005
78 0 910136
78 1 910199
32 0 910273
32 1 910353
84 0 910515
84 1 910572
69 0 910610
69 1 910699
77 0 910865
77 1 910932
80 0 911097
80 1 911168
76 0 911245
76 1 911333
85 0 911453
85 1 911533
188 0 911743
188 1 911776
32 0 911968
32 1 911986
78 0 912089
78 1 912152
85 0 912265
85 1 912334
32 0 912441
32 1 912495
73 0 912568
73 1 912622
77 0 912714
77 1 912800
73 0 912930
73 1 912992
32 0 913011
32 1 913117
68 0 913361
68 1 913448
65 0 913466
65 1 913572
85 0 913989
85 1 914068
32 0 914151
83 0 914237
32 1 914247
83 1 914341
69 0 914417
69 1 914516
65 0 914641
65 1 914769
77 0 914857
77 1 914920
65 0 914960
65 1 915075
32 0 915098
32 1 915180
69 0 915223
69 1 915310
88 0 915650
88 1 915752
65 0 915757
67 0 915831
65 1 915846
67 1 915981
84 0 916011
84 1 916099
32 0 916275
32 1 916432
85 0 916485
85 1 916564
78 0 916674
78 1 916795
69 0 916922
69 1 916998
8 0 917354
8 1 917366
68 0 917369
69 0 917494
68 1 917518
69 1 917648
32 0 917652
32 1 917719
83 0 918131
85 0 918222
83 1 918248
85 1 918289
74 0 918358
74 1 918424
82 0 918566
82 1 918707
8 0 918808
8 1 918888
8 0 918961
8 1 919042
82 0 919313
82 1 919428
8 0 919757
8 1 919790
78 0 920172
78 1 920235
82 0 920287
82 1 920446
8 0 921215
8 1 921357
84 0 921475
84 1 921668
190 0 922102
190 1 922154
32 0 922290
32 1 922352
85 0 924795
85 1 924914
78 0 924935
78 1 925003
73 0 925117
73 1 925211
73 0 925237
73 1 925357
32 0 925468
32 1 925539
83 0 925678
85 0 925777
83 1 925789
85 1 925845
78 0 925947
78 1 926005
84 0 926206
84 1 926249
32 0 926570
32 1 926645
80 0 926884
80 1 926950
76 0 927033
76 1 927103
73 0 927224
73 1 927300
67 0 927340
67 1 927456
84 0 927576
84 1 927641
73 0 927834
73 1 927972
83 0 927972
83 1 928034
73 0 928077
73 1 928157
84 0 928472
84 1 928480
73 0 928794
73 1 928927
188 0 929124
188 1 929204
32 0 929344
32 1 929373
65 0 929458
65 1 929489
76 0 929555
76 1 929623
84 0 929882
84 1 929954
73 0 930287
73 1 930369
73 0 930417
73 1 930509
32 0 930590
32 1 930728
76 0 931766
76 1 931775
85 0 931899
85 1 931970
67 0 932167
67 1 932241
82 0 932477
82 1 932500
69 0 932511
69 1 932595
65 0 932793
65 1 932994
90 0 933117
90 1 933212
65 0 933244
65 1 933392
190 0 934196
190 1 934255
32 0 934414
32 1 934482
85 0 934663
85 1 934718
78 0 934824
78 1 934901
73 0 935018
73 1 935081
73 0 935159
73 1 935223
32 0 935307
32 1 935395
83 0 935424
83 1 935522
87 0 935630
87 1 935763
69 0 935763
69 1 935823
32 0 935984
32 1 936042
187 0 936216
187 1 936282
8 0 936454
8 1 936464
8 0 936520
8 1 936572
8 0 936781
8 1 936914
8 0 937007
8 1 937109
69 0 937110
69 1 937225
32 0 937353
32 1 937461
82 0 937718
82 1 937817
69 0 937953
69 1 938080
76 0 938624
76 1 938699
65 0 938728
65 1 938843
68 0 939046
68 1 939110
8 0 939768
8 1 939848
8 0 939906
8 1 939989
65 0 940505
65 1 940645
88 0 940919
88 1 941008
69 0 941108
69 1 941227
65 0 941364
65 1 941480
90 0 941562
90 1 941671
65 0 941766
65 1 941901
188 0 941999
188 1 942085
32 0 942260
32 1 942336
67 0 943362
67 1 943442
53 0 943599
53 1 943639
8 0 944246
82 0 944473
8 1 944480
82 1 944482
69 0 944542
69 1 944677
68 0 944787
68 1 944904
32 0 945125
32 1 945226
67 0 945470
65 0 945526
67 1 945536
65 1 945646
32 0 945673
32 1 945753
69 0 945770
69 1 945921
82 0 946048
82 1 946171
65 0 946374
65 1 946517
32 0 946634
32 1 946695
80 0 947080
80 1 947155
69 0 947171
69 1 947281
32 0 947312
32 1 947409
86 0 947985
86 1 947995
82 0 948130
82 1 948221
69 0 948337
69 1 948482
77 0 948482
77 1 948505
69 0 948561
69 1 948680
65 0 948944
65 1 949123
32 0 949150
32 1 949213
85 0 949386
85 1 949456
78 0 949541
78 1 949618
85 0 949700
85 1 949759
73 0 949855
73 1 949926
32 0 950010
32 1 950101
73 0 950575
73 1 950628
77 0 950775
77 1 950827
80 0 950999
80 1 951082
65 0 951185
65 1 951306
82 0 951639
82 1 951750
65 0 951766
65 1 951838
84 0 951890
84 1 951988
190 0 952468
190 1 952478
32 0 952641
32 1 952813
72 0 954402
72 1 954446
65 0 954478
65 1 954601
73 0 954605
73 1 954674
78 0 954815
78 1 954882
69 0 954919
69 1 955031
76 0 955077
76 1 955161
69 0 955189
69 1 955293
32 0 955318
32 1 955402
79 0 955994
79 1 956003
8 0 956291
8 1 956439
76 0 956562
76 1 956675
79 0 957021
79 1 957160
82 0 957229
82 1 957236
32 0 957367
32 1 957456
83 0 960955
83 1 961294
69 0 961393
69 1 961401
32 0 961401
32 1 961482
65 0 961482
65 1 961532
83 0 961598
83 1 961721
69 0 961818
69 1 961930
65 0 962128
65 1 962333
77 0 962510
77 1 962623
65 0 962647
65 1 962772
78 0 962776
78 1 962863
65 0 962873
32 0 962994
65 1 963006
32 1 963085
67 0 963343
67 1 963481
85 0 963552
85 1 963653
32 0 963773
32 1 963814
67 0 963992
67 1 964056
69 0 964073
69 1 964215
76 0 964531
69 0 964685
76 1 964695
69 1 964802
32 0 964820
32 1 964968
68 0 964969
73 0 965058
68 1 965183
73 1 965186
78 0 965289
78 1 965398
32 0 965482
32 1 965585
86 0 965872
86 1 965952
82 0 966100
82 1 966171
69 0 966228
69 1 966306
77 0 966634
77 1 966693
69 0 966743
69 1 966842
65 0 966964
65 1 967083
32 0 967100
32 1 967167
73 0 967536
73 1 967612
78 0 967773
78 1 967806
32 0 967896
32 1 968003
67 0 968104
67 1 968175
65 0 968192
65 1 968258
82 0 968326
82 1 968456
69 0 968470
69 1 968557
32 0 968629
65 0 968707
32 1 968716
65 1 968798
32 0 968941
32 1 968971
70 0 969064
70 1 969192
79 0 969477
79 1 969527
83 0 969594
83 1 969690
84 0 969811
84 1 969871
32 0 970167
32 1 970269
73 0 970451
73 1 970515
73 0 970613
73 1 970697
83 0 970766
83 1 970893
73 0 970917
73 1 970989
8 0 971266
8 1 971390
85 0 971636
85 1 971673
83 0 971775
83 1 971844
32 0 972005
32 1 972088
82 0 972806
82 1 972971
65 0 972972
65 1 973059
83 0 973188
83 1 973202
84 0 973417
84 1 973483
73 0 973705
73 1 973764
71 0 973992
71 1 974059
78 0 974297
78 1 974352
73 0 974488
73 1 974563
84 0 974738
84 1 974805
32 0 974868
32 1 974952
80 0 975183
80 1 975249
69 0 975283
32 0 975393
69 1 975405
32 1 975468
71 0 975662
71 1 975772
8 0 975994
67 0 976090
8 1 976103
67 1 976213
82 0 976471
82 1 976546
85 0 976566
85 1 976687
67 0 976949
67 1 976966
69 0 977044
69 1 977171
190 0 977921
190 1 977981
32 0 978127
32 1 978190
80 0 978343
80 1 978434
65 0 978443
65 1 978555
82 0 978763
82 1 978834
69 0 978920
69 1 978995
32 0 979088
32 1 979164
79 0 979329
79 1 979430
32 0 979490
32 1 979572
80 0 979656
80 1 979774
73 0 979864
73 1 980002
67 0 980111
67 1 980236
84 0 980292
84 1 980457
85 0 980546
85 1 980634
82 0 980826
82 1 980947
65 0 980948
65 1 981056
32 0 981177
32 1 981295
68 0 982787
73 0 982827
68 1 982889
73 1 982889
78 0 983109
78 1 983189
32 0 983300
32 1 983364
86 0 984275
86 1 984356
82 0 984610
82 1 984652
69 0 984802
69 1 984957
77 0 985294
77 1 985416
69 0 985417
69 1 985424
65 0 985590
65 1 985723
32 0 985827
32 1 985951
8 0 988572
8 1 988676
8 0 989658
8 0 990159
8 0 990241
8 0 990324
8 1 990344
8 0 990449
8 1 990514
8 0 990629
8 1 990677
8 0 990813
8 1 990881
32 0 991313
32 1 991414
82 0 991637
82 1 991779
79 0 991811
79 1 991883
77 0 992073
77 1 992127
65 0 992170
65 1 992292
188 0 992505
188 1 992514
32 0 992560
32 1 992623
80 0 993157
80 1 993178
79 0 993283
79 1 993290
65 0 993368
65 1 993375
84 0 993601
84 1 993609
69 0 993609
69 1 993621
32 0 993635
32 1 993726
70 0 993751
70 1 993819
73 0 993858
73 1 993950
78 0 994089
78 1 994185
8 0 994497
8 1 994532
8 0 994624
8 1 994830
8 0 995009
8 1 995125
83 0 995839
83 1 996012
32 0 996098
32 1 996185
8 0 996473
65 0 996540
8 1 996559
65 1 996681
32 0 996809
70 0 996824
32 1 997062
70 1 997064
73 0 997065
73 1 997104
69 0 997170
32 0 997359
69 1 997367
32 1 997499
68 0 997595
73 0 997703
68 1 997742
73 1 997839
78 0 997999
78 1 998095
84 0 998659
84 1 998747
82 0 998827
82 1 998895
189 0 999383
189 1 999465
85 0 999826
85 1 999836
78 0 999993
78 1 1000046
32 0 1000138
32 1 1000201
77 0 1000307
77 1 1000492
85 0 1000580
85 1 1000664
90 0 1000701
90 1 1000805
69 0 1001170
69 1 1001368
85 0 1001369
85 1 1001602
190 0 1002087
190 1 1002167
32 0 1002427
32 1 1002509
69 0 1004662
69 1 1004737
83 0 1005063
84 0 1005070
83 1 1005080
84 1 1005080
69 0 1005087
69 1 1005173
32 0 1005403
32 1 1005415
70 0 1005841
70 1 1005956
79 0 1006085
79 1 1006164
65 0 1006290
65 1 1006431
82 0 1006491
82 1 1006550
84 0 1006645
84 1 1006716
69 0 1006733
69 1 1006836
32 0 1006853
32 1 1006936
67 0 1007300
67 1 1007428
79 0 1007511
79 1 1007567
76 0 1007655
76 1 1007785
79 0 1007817
79 1 1007872
82 0 1008476
82 1 1008530
65 0 1008608
65 1 1008673
84 0 1008707
84 1 1008826
65 0 1008826
65 1 1008975
32 0 1008978
32 1 1008996
67 0 1009082
67 1 1009268
73 0 1009269
73 1 1009321
8 0 1009859
8 1 1009978
85 0 1010315
85 1 1010380
77 0 1010724
77 1 1010799
85 0 1010942
85 1 1010981
76 0 1011169
76 1 1011240
84 0 1011479
84 1 1011545
69 0 1011576
69 1 1011659
32 0 1011669
32 1 1011777
80 0 1011900
80 1 1012003
69 0 1012012
69 1 1012120
82 0 1012203
82 1 1012304
83 0 1012524
83 1 1012638
79 0 1012719
79 1 1012834
78 0 1012968
78 1 1013101
65 0 1013101
65 1 1013168
74 0 1013519
74 1 1013526
69 0 1013526
69 1 1013652
32 0 1013652
32 1 1013753
68 0 1014915
68 1 1015018
69 0 1015072
69 1 1015200
84 0 1015593
84 1 1015662
65 0 1015782
65 1 1015788
76 0 1016328
76 1 1016463
73 0 1016655
73 1 1016820
65 0 1016821
65 1 1016977
84 0 1017095
84 1 1017121
69 0 1017276
69 1 1017305
32 0 1017331
32 1 1017423
68 0 1017796
68 1 1017927
73 0 1018617
73 1 1018682
78 0 1018833
78 1 1018916
32 0 1019007
32 1 1019075
67 0 1019165
67 1 1019299
85 0 1019307
85 1 1019371
76 0 1019659
76 1 1019796
79 0 1019856
79 1 1019927
82 0 1020003
82 1 1020083
73 0 1020112
73 1 1020156
190 0 1021126
190 1 1021281
32 0 1021644
32 1 1021656
67 0 1028015
85 0 1028085
67 1 1028108
85 1 1028169
80 0 1028360
80 1 1028478
79 0 1028536
79 1 1028607
76 0 1029116
76 1 1029162
69 0 1029459
69 1 1029567
76 0 1029570
76 1 1029580
69 0 1029671
69 1 1029682
32 0 1029682
32 1 1029695
83 0 1029697
83 1 1029826
85 0 1029861
85 1 1029912
78 0 1030051
78 1 1030143
84 0 1030659
84 1 1030730
32 0 1030829
32 1 1030901
73 0 1031210
73 1 1031283
77 0 1031470
77 1 1031514
80 0 1031786
80 1 1031794
82 0 1032080
82 1 1032132
69 0 1032217
69 1 1032329
83 0 1032461
83 1 1032563
73 0 1032625
73 1 1032688
79 0 1032987
79 1 1033100
78 0 1033279
78 1 1033294
65 0 1033348
65 1 1033448
78 0 1033555
78 1 1033652
84 0 1033824
84 1 1033911
69 0 1033935
69 1 1034035
32 0 1034115
32 1 1034188
83 0 1035880
83 1 1036008
73 0 1036024
73 1 1036096
32 0 1036180
32 1 1036271
68 0 1036345
68 1 1036473
69 0 1036505
69 1 1036635
8 0 1038555
8 1 1038633
8 0 1038712
8 1 1038819
80 0 1039289
80 1 1039354
73 0 1039510
73 1 1039578
67 0 1039679
67 1 1039850
84 0 1040348
84 1 1040465
79 0 1040823
79 1 1040966
82 0 1040989
82 1 1041064
85 0 1041071
85 1 1041125
76 0 1041321
76 1 1041380
32 0 1041577
32 1 1041644
67 0 1041681
67 1 1041812
85 0 1041833
85 1 1041908
32 0 1041990
32 1 1042069
83 0 1042367
83 1 1042515
73 0 1042591
73 1 1042636
71 0 1042946
71 1 1043015
85 0 1043182
85 1 1043248
82 0 1043498
82 1 1043558
65 0 1043603
65 1 1043788
78 0 1043872
78 1 1043943
84 0 1044126
84 1 1044189
65 0 1044219
65 1 1044314
32 0 1044331
32 1 1044470
69 0 1044480
69 1 1044594
83 0 1044683
84 0 1044821
83 1 1044846
84 1 1044969
69 0 1044990
32 0 1045074
69 1 1045084
32 1 1045128
85 0 1045302
85 1 1045312
78 0 1045450
78 1 1045572
85 0 1045644
85 1 1045676
76 0 1045864
76 1 1045971
32 0 1046085
32 1 1046185
70 0 1046491
70 1 1046568
79 0 1046886
79 1 1046969
65 0 1047017
65 1 1047132
82 0 1047282
82 1 1047353
84 0 1047431
84 1 1047499
69 0 1047535
69 1 1047637
32 0 1047649
32 1 1047789
80 0 1048014
80 1 1048079
82 0 1048087
82 1 1048229
73 0 1048841
73 1 1048976
67 0 1049106
67 1 1049178
69 0 1049306
69 1 1049313
80 0 1049655
80 1 1049697
85 0 1049894
85 1 1049949
84 0 1050166
84 1 1050229
190 0 1050739
190 1 1050786
32 0 1053655
32 1 1053690
80 0 1054123
80 1 1054189
82 0 1054232
82 1 1054303
69 0 1054386
69 1 1054506
68 0 1054622
79 0 1054758
68 1 1054768
79 1 1054922
77 0 1055320
77 1 1055386
73 0 1055512
73 1 1055584
78 0 1055794
78 1 1055800
65 0 1055801
65 1 1055903
32 0 1055907
32 1 1056027
67 0 1056146
67 1 1056297
85 0 1056328
85 1 1056473
76 0 1056640
76 1 1056697
79 0 1056834
79 1 1056975
82 0 1056980
82 1 1057082
73 0 1057135
73 1 1057177
76 0 1057573
76 1 1057580
69 0 1057581
69 1 1057683
32 0 1057713
32 1 1057807
68 0 1058008
68 1 1058096
69 0 1058180
69 1 1058326
32 0 1058363
32 1 1058451
80 0 1058540
80 1 1058641
79 0 1058747
79 1 1058863
82 0 1059387
82 1 1059454
84 0 1059531
84 1 1059600
79 0 1059915
79 1 1060029
67 0 1060329
67 1 1060482
65 0 1060482
65 1 1060542
76 0 1060826
76 1 1060862
73 0 1060983
73 1 1061077
85 0 1061160
85 1 1061292
188 0 1061587
188 1 1061648
32 0 1061784
32 1 1061847
77 0 1061948
77 1 1062027
65 0 1062039
65 1 1062148
82 0 1062430
82 1 1062514
79 0 1062519
79 1 1062606
188 0 1063161
188 1 1063207
32 0 1063359
32 1 1063435
71 0 1064250
71 1 1064325
65 0 1064475
65 1 1064517
76 0 1064827
76 1 1064983
66 0 1065153
66 1 1065295
69 0 1065296
69 1 1065302
78 0 1065324
78 1 1065391
188 0 1066029
188 1 1066098
32 0 1066226
32 1 1066281
65 0 1066381
76 0 1066474
65 1 1066481
76 1 1066529
66 0 1066797
66 1 1066856
32 0 1067442
32 1 1067495
67 0 1067891
67 1 1068018
65 0 1068018
65 1 1068113
84 0 1068126
84 1 1068217
32 0 1068332
32 1 1068474
83 0 1068474
83 1 1068493
73 0 1068529
73 1 1068606
32 0 1068677
32 1 1068832
67 0 1069964
67 1 1070059
69 0 1070076
69 1 1070163
76 0 1070294
76 1 1070436
69 0 1070492
69 1 1070613
32 0 1070615
32 1 1070696
68 0 1070728
68 1 1070843
69 0 1070942
69 1 1071061
32 0 1071070
32 1 1071157
65 0 1071274
65 1 1071406
76 0 1071427
76 1 1071571
66 0 1072164
66 1 1072239
65 0 1072274
65 1 1072490
83 0 1072490
83 1 1072557
84 0 1072598
84 1 1072661
82 0 1072759
82 1 1072833
85 0 1073015
85 1 1073081
32 0 1073296
32 1 1073307
83 0 1073320
83 1 1073395
73 0 1073458
73 1 1073563
32 0 1073668
32 1 1073739
71 0 1079592
71 1 1079654
82 0 1079801
82 1 1079884
73 0 1079936
73 1 1080044
190 0 1080555
190 1 1080617
32 0 1080831
32 1 1081108
70 0 1081655
70 1 1081702
79 0 1082042
79 1 1082124
65 0 1082180
65 1 1082282
82 0 1082407
82 1 1082472
84 0 1082561
84 1 1082638
69 0 1082654
69 1 1082738
32 0 1082746
32 1 1082834
70 0 1083295
70 1 1083366
82 0 1083570
82 1 1083696
85 0 1083802
85 1 1083820
77 0 1084081
77 1 1084141
79 0 1084318
79 1 1084356
65 0 1084476
65 1 1084519
83 0 1084640
83 1 1084690
65 0 1084764
65 1 1085005
32 0 1085313
32 1 1085352
73 0 1085468
73 1 1085581
77 0 1085665
65 0 1085775
77 1 1085783
65 1 1085880
71 0 1085968
71 1 1086043
73 0 1086180
73 1 1086250
78 0 1086399
69 0 1086476
78 1 1086486
69 1 1086570
190 0 1087117
190 1 1087181
