80 0 57123
80 1 57194
79 0 57286
79 1 57357
83 0 57485
65 0 57597
83 1 57645
65 1 57686
8 0 58056
8 1 58135
79 0 58836
79 1 58910
77 0 59073
77 1 59135
79 0 59262
79 1 59334
82 0 59727
82 1 59795
219 0 60449
219 1 60501
8 0 60979
8 1 61052
91 0 61887
91 1 62009
32 1 62030
219 0 62375
219 1 62454
8 0 62816
8 1 62991
221 0 63044
221 1 63153
144 0 64188
144 1 64239
8 0 65071
8 1 65111
220 0 65263
220 1 65353
84 0 66132
84 1 66194
65 0 66239
65 1 66316
144 0 66609
144 1 66630
188 0 67911
188 1 67988
32 0 68120
32 1 68183
73 0 68648
73 1 68711
78 0 68916
78 1 68955
78 0 69025
78 1 69089
79 0 69291
79 1 69362
82 0 69644
82 1 69721
65 0 69789
65 1 69855
84 0 69905
84 1 69955
13 0 74788
13 1 74851
69 0 76189
69 1 76265
83 0 76434
83 1 76527
84 0 76890
84 1 76970
69 0 77048
69 1 77104
32 0 77181
32 1 77280
79 0 77827
79 1 77919
75 0 78094
75 1 78167
32 0 80467
32 1 80551
78 0 81443
78 1 81511
85 0 81635
85 1 81711
32 0 81767
32 1 81855
80 0 81995
80 1 82102
79 0 82178
79 1 82243
84 0 82454
84 1 82530
32 0 82632
32 1 82729
83 0 82737
65 0 82793
83 1 82859
32 0 82907
65 1 82918
32 1 83017
90 0 83201
90 1 83284
73 0 83338
73 1 83419
67 0 83494
67 1 83571
32 0 83617
32 1 83704
67 0 84311
67 1 84378
65 0 84419
65 1 84500
32 0 84561
32 1 84645
73 0 84830
73 1 84890
77 0 85011
77 1 85093
73 0 85183
73 1 85265
32 0 85329
32 1 85407
80 0 85549
80 1 85603
76 0 85689
76 1 85763
65 0 85825
65 1 85914
67 0 86009
67 1 86075
69 0 86136
69 1 86195
32 0 86271
32 1 86347
70 0 86401
70 1 86459
79 0 86871
79 1 86931
65 0 87126
65 1 87189
82 0 87700
82 1 87755
84 0 87886
84 1 87964
69 0 88038
69 1 88109
32 0 88179
32 1 88263
77 0 88407
77 1 88485
85 0 88602
85 1 88673
76 0 88839
76 1 88909
84 0 89143
84 1 89215
13 0 89272
13 1 89350
90 0 92985
90 1 93069
73 0 93086
73 1 93158
76 0 93655
76 1 93737
69 0 93775
69 1 93851
76 0 93932
76 1 94003
69 0 94020
69 1 94077
32 0 94242
32 1 94305
84 0 94882
84 1 94952
82 0 95068
82 1 95129
69 0 95200
69 1 95256
67 0 95439
67 1 95532
85 0 95590
85 1 95647
84 0 95794
84 1 95844
69 0 95937
69 1 96001
32 0 96067
32 1 96150
65 0 96265
65 1 96335
32 0 96406
32 1 96494
70 0 96996
70 1 97051
79 0 97124
79 1 97210
83 0 97300
83 1 97371
84 0 97475
84 1 97538
32 0 97584
32 1 97685
65 0 98511
65 1 98596
80 0 98644
80 1 98728
82 0 98901
82 1 98973
79 0 99032
79 1 99106
88 0 99497
88 1 99572
73 0 99659
73 1 99728
77 0 99871
77 1 99962
65 0 100012
65 1 100078
84 0 100236
84 1 100304
73 0 100574
73 1 100649
86 0 100849
86 1 100901
32 0 100970
32 1 101068
76 0 101296
76 1 101363
65 0 101411
65 1 101469
32 0 101555
32 1 101632
70 0 101812
70 1 101872
69 0 101991
69 1 102057
76 0 102170
76 1 102251
13 0 103269
13 1 103349
86 0 108982
86 1 109039
82 0 109135
82 1 109191
69 0 109333
69 1 109394
77 0 109478
77 1 109545
69 0 109583
69 1 109658
65 0 109864
65 1 109937
32 0 109997
32 1 110076
80 0 110594
80 1 110699
82 0 110820
82 1 110888
69 0 111008
69 1 111070
70 0 111266
70 1 111352
69 0 111421
69 1 111481
82 0 111611
82 1 111677
65 0 111786
65 1 111855
84 0 111927
84 1 111987
65 0 112022
65 1 112088
32 0 112170
32 1 112278
69 0 112362
69 1 112439
83 0 112564
83 1 112652
84 0 112673
84 1 112755
69 0 112823
32 0 112844
69 1 112881
32 1 112945
67 0 113065
67 1 113151
69 0 113229
69 1 113285
65 0 114365
65 1 114442
32 0 114526
32 1 114604
65 0 114731
65 1 114814
8 0 115468
8 1 115556
67 0 116204
67 1 116273
65 0 116334
65 1 116431
76 0 116642
76 1 116719
68 0 117037
68 1 117107
85 0 117180
85 1 117251
82 0 117430
82 1 117498
79 0 117787
79 1 117862
65 0 117923
65 1 118007
83 0 118118
83 1 118172
65 0 118281
65 1 118359
32 0 118442
32 1 118512
83 0 118606
65 0 118727
83 1 118757
65 1 118818
85 0 118831
85 1 118909
32 0 118984
32 1 119082
67 0 119207
67 1 119262
65 0 119298
65 1 119360
76 0 119521
76 1 119595
68 0 119685
68 1 119765
85 0 119881
85 1 119962
84 0 120174
84 1 120233
65 0 120293
65 1 120365
32 0 120456
32 1 120545
68 0 120944
68 1 121023
73 0 121095
73 1 121171
78 0 121311
78 1 121383
32 0 121469
32 1 121547
90 0 121674
90 1 121752
73 0 121826
73 1 121895
76 0 122026
76 1 122114
69 0 122171
69 1 122228
76 0 122273
76 1 122342
69 0 122350
69 1 122429
32 0 122530
32 1 122627
68 0 122659
69 0 122740
68 1 122809
69 1 122842
32 0 122900
32 1 122973
80 0 123696
80 1 123768
82 0 123884
82 1 123927
73 0 124246
73 1 124309
77 0 124428
77 1 124521
65 0 124596
65 1 124668
86 0 124863
86 1 124932
65 0 125006
65 1 125082
82 0 125135
82 1 125208
65 0 125256
65 1 125316
32 0 125385
32 1 125477
83 0 125564
65 0 125686
83 1 125737
85 0 125799
65 1 125813
85 1 125875
32 0 125953
32 1 126001
86 0 126128
86 1 126202
65 0 126250
65 1 126331
82 0 126390
82 1 126469
65 0 126499
65 1 126566
13 0 127031
13 1 127097
73 0 144236
73 1 144287
77 0 144433
77 1 144493
73 0 144596
73 1 144671
32 0 144755
32 1 144837
80 0 145424
80 1 145472
76 0 145574
76 1 145642
65 0 145688
65 1 145782
67 0 145919
67 1 145972
69 0 146013
69 1 146090
32 0 146158
32 1 146219
67 0 146340
67 1 146389
65 0 146439
65 1 146526
78 0 146856
78 1 146909
32 0 147101
32 1 147139
8 0 147782
8 1 147876
8 0 147916
68 0 147962
8 1 147976
68 1 148037
8 0 148726
8 1 148861
78 0 149275
78 1 149349
68 0 149374
68 1 149448
32 0 149530
32 1 149597
69 0 149813
69 1 149914
83 0 150011
83 1 150110
84 0 150137
84 1 150198
69 0 150268
69 1 150335
32 0 150390
32 1 150467
83 0 150742
83 1 150808
79 0 150916
79 1 150996
65 0 151099
65 1 151182
82 0 151282
82 1 151350
69 0 151412
69 1 151482
32 0 151580
32 1 151652
83 0 151992
83 1 152048
73 0 152073
73 1 152148
32 0 152216
32 1 152302
67 0 152446
67 1 152518
65 0 152545
65 1 152643
78 0 152719
78 1 152790
68 0 152822
68 1 152908
32 0 152987
32 1 153046
80 0 153267
80 1 153342
79 0 153427
79 1 153479
84 0 153708
84 1 153764
32 0 153868
32 1 153944
83 0 153982
65 0 154051
83 1 154100
32 0 154164
65 1 154184
32 1 154266
77 0 154640
77 1 154701
65 0 154750
65 1 154823
32 0 154830
32 1 154887
73 0 155071
73 1 155130
77 0 155239
77 1 155307
66 0 155506
66 1 155580
82 0 155727
82 1 155801
65 0 155852
65 1 155922
67 0 155994
67 1 156054
32 0 156138
32 1 156213
76 0 156461
76 1 156552
69 0 156572
69 1 156640
74 0 156748
74 1 156818
69 0 156853
69 1 156936
82 0 157102
82 1 157183
32 0 157280
32 1 157370
83 0 157411
65 0 157485
83 1 157548
65 1 157607
8 0 157825
8 1 157911
8 0 157974
8 1 158065
70 0 158755
70 1 158831
65 0 158891
65 1 158976
82 0 159013
82 1 159085
65 0 159142
65 1 159207
32 0 159297
32 1 159383
83 0 159448
65 0 159566
83 1 159616
65 1 159692
32 0 159784
32 1 159864
84 0 160776
84 1 160835
82 0 160931
82 1 161001
69 0 161158
69 1 161235
66 0 161361
66 1 161430
85 0 161905
85 1 161975
73 0 162076
73 1 162161
65 0 162251
65 1 162310
83 0 162418
83 1 162495
67 0 162594
67 1 162658
65 0 162737
65 1 162801
32 0 162887
32 1 162944
83 0 163028
65 0 163108
83 1 163161
65 1 163211
32 0 163265
32 1 163332
73 0 163731
73 1 163790
77 0 163916
77 1 164000
73 0 164100
73 1 164182
32 0 164266
32 1 164331
73 0 164440
73 1 164520
65 0 164596
65 1 164694
85 0 164706
85 1 164758
32 0 164835
32 1 164925
70 0 165127
70 1 165219
79 0 165246
79 1 165335
65 0 165488
65 1 165569
82 0 165650
82 1 165729
84 0 165816
84 1 165899
69 0 165950
69 1 166020
32 0 166094
32 1 166175
77 0 166656
77 1 166723
85 0 166885
85 1 166962
76 0 167108
76 1 167191
84 0 167385
84 1 167448
69 0 167493
69 1 167545
32 0 167614
32 1 167690
72 0 167935
72 1 168007
65 0 168076
65 1 168150
73 0 168208
73 1 168277
78 0 168428
78 1 168495
69 0 168578
69 1 168623
32 0 168708
32 1 168773
80 0 169379
80 1 169463
69 0 169488
69 1 169554
32 0 169634
32 1 169715
77 0 169816
77 1 169883
73 0 170005
73 1 170074
78 0 170194
78 1 170271
69 0 170350
69 1 170413
13 0 170833
13 1 170886
73 0 171819
73 1 171895
78 0 172389
78 1 172462
32 0 173345
32 1 173420
83 0 173677
83 1 173752
67 0 174086
67 1 174150
72 0 174494
72 1 174570
73 0 174714
73 1 174788
77 0 174954
77 1 175041
66 0 175205
66 1 175259
32 0 175364
32 1 175427
73 0 175621
73 1 175684
77 0 175812
77 1 175891
73 0 175997
73 1 176075
32 0 176165
32 1 176235
80 0 176365
80 1 176439
76 0 176544
76 1 176626
65 0 176674
65 1 176783
67 0 176886
67 1 176947
69 0 176964
69 1 177042
32 0 177125
32 1 177211
83 0 177299
83 1 177388
73 0 177434
73 1 177493
32 0 177566
32 1 177640
73 0 177748
73 1 177821
65 0 177887
65 1 177971
82 0 178058
82 1 178114
78 0 178588
78 1 178654
65 0 178708
65 1 178765
32 0 178843
32 1 178896
80 0 179473
80 1 179564
69 0 179614
69 1 179684
78 0 179928
78 1 179997
84 0 180201
84 1 180272
82 0 180390
82 1 180458
85 0 180521
85 1 180581
32 0 180682
32 1 180761
67 0 181422
67 1 181486
65 0 181536
65 1 181618
32 0 181639
32 1 181715
69 0 181844
69 1 181924
84 0 182034
83 0 182059
84 1 182092
83 1 182131
8 0 182918
8 1 183001
83 0 183216
8 0 183294
83 1 183305
8 1 183419
8 0 183470
8 1 183574
8 0 183665
8 1 183718
69 0 184261
69 1 184342
83 0 184461
83 1 184545
84 0 184592
84 1 184655
69 0 184721
69 1 184779
32 0 184837
32 1 184910
90 0 185111
65 0 185206
90 1 185262
65 1 185350
80 0 185529
80 1 185621
65 0 185706
65 1 185804
68 0 185944
68 1 186006
65 0 186075
65 1 186154
32 0 186231
32 1 186338
83 0 186379
83 1 186450
73 0 187137
73 1 187195
32 0 187302
32 1 187389
80 0 187865
80 1 187942
79 0 188027
79 1 188083
84 0 188308
84 1 188376
32 0 188479
32 1 188568
83 0 188618
65 0 188696
83 1 188758
65 1 188828
32 0 188837
32 1 188928
77 0 189447
77 1 189524
69 0 189558
69 1 189639
82 0 189744
82 1 189808
71 0 189896
71 1 189948
32 0 190056
32 1 190137
76 0 190382
76 1 190471
65 0 190541
65 1 190610
32 0 190688
32 1 190764
83 0 191228
83 1 191320
75 0 191391
75 1 191454
73 0 191546
73 1 191615
79 0 201146
79 1 201226
32 0 201529
32 1 201634
8 0 202852
8 1 202949
8 0 203042
8 1 203129
8 0 203213
8 1 203289
16 0 203606
79 0 203745
79 1 203815
16 1 203823
32 0 203939
32 1 204048
90 0 204082
90 1 204159
73 0 204198
73 1 204277
73 0 204361
73 1 204426
32 0 204512
32 1 204592
8 0 205870
8 1 205942
8 0 206048
8 1 206087
32 0 206464
32 1 206561
73 0 206901
73 1 206963
68 0 207133
69 0 207196
68 1 207259
69 1 207323
76 0 207615
76 1 207641
8 0 208109
8 1 208235
65 0 208314
65 1 208421
76 0 208491
76 1 208610
65 0 208654
65 1 208735
32 0 208816
32 1 208906
80 0 209387
80 1 209474
69 0 209512
69 1 209614
78 0 209698
78 1 209784
84 0 209885
84 1 209964
82 0 210060
82 1 210154
85 0 210209
85 1 210275
32 0 210338
32 1 210412
77 0 210601
77 1 210702
73 0 210813
73 1 210875
78 0 211116
78 1 211201
69 0 211262
69 1 211330
32 0 211395
32 1 211454
69 0 211972
69 1 212071
83 0 212229
83 1 212323
84 0 212441
84 1 212551
69 0 212655
69 1 212727
32 0 212785
32 1 212874
79 0 214062
79 1 214148
32 0 214216
32 1 214325
90 0 214871
73 0 214958
90 1 214970
73 1 215042
32 0 215116
32 1 215195
73 0 215300
73 1 215373
78 0 215514
78 1 215587
32 0 215677
32 1 215755
67 0 215879
67 1 215956
65 0 215983
65 1 216085
82 0 216158
82 1 216246
69 0 216330
69 1 216394
32 0 216441
32 1 216513
80 0 217084
80 1 217140
79 0 217279
79 1 217342
84 0 217569
84 1 217661
32 0 217731
32 1 217846
83 0 217872
65 0 217961
83 1 218006
32 0 218041
65 1 218052
32 1 218128
77 0 218339
77 1 218408
65 0 218457
65 1 218534
32 0 218541
32 1 218594
84 0 218851
84 1 218913
82 0 218934
82 1 219012
69 0 219157
69 1 219232
90 0 219474
90 1 219551
69 0 219702
69 1 219792
83 0 219970
83 1 220024
67 0 220489
67 1 220595
32 0 220692
32 1 220746
70 0 221293
70 1 221361
65 0 221389
65 1 221470
82 0 221542
82 1 221572
65 0 221796
65 1 221841
32 0 222022
32 1 222095
65 0 222505
65 1 222552
76 0 222652
76 1 222713
65 0 222769
65 1 222837
82 0 223003
82 1 223061
77 0 223441
77 1 223494
65 0 223548
65 1 223615
188 0 223740
188 1 223792
32 0 223952
32 1 223989
83 0 224286
65 0 224393
83 1 224448
65 1 224518
32 0 224558
32 1 224609
79 0 225020
79 1 225067
8 0 225722
8 1 225795
8 0 225875
8 1 225914
32 0 226395
32 1 226474
80 0 226865
80 1 226939
79 0 227031
79 1 227097
84 0 227319
84 1 227384
32 0 227457
32 1 227564
83 0 227602
65 0 227717
83 1 227768
32 0 227813
65 1 227825
32 1 227898
73 0 227996
73 1 228061
77 0 228179
77 1 228255
73 0 228343
73 1 228422
32 0 228496
32 1 228568
66 0 228691
69 0 228744
66 1 228756
69 1 228825
65 0 229002
65 1 229097
85 0 229111
85 1 229188
32 0 229265
32 1 229344
67 0 229505
67 1 229567
65 0 229599
65 1 229677
70 0 229737
70 1 229799
69 0 229874
69 1 229932
65 0 230112
65 1 230225
85 0 230261
85 1 230337
65 0 230355
65 1 230431
32 0 230499
32 1 230571
76 0 231443
76 1 231512
73 0 231641
73 1 231696
78 0 232208
78 1 232255
73 0 232414
73 1 232475
83 0 232626
83 1 232704
84 0 232822
84 1 232879
73 0 233127
73 1 233198
84 0 233412
84 1 233459
65 0 233532
65 1 233600
32 0 233685
32 1 233751
8 0 234695
8 1 234780
188 0 235012
188 1 235078
32 0 235210
32 1 235307
83 0 235400
65 0 235523
83 1 235563
32 0 235611
65 1 235642
32 1 235709
80 0 236268
80 1 236352
79 0 236452
79 1 236497
84 0 236771
84 1 236857
32 0 236940
32 1 237019
83 0 237323
65 0 237428
83 1 237486
65 1 237548
32 0 237579
32 1 237683
77 0 237998
77 1 238077
65 0 238106
65 1 238180
78 0 238251
78 1 238315
65 0 238334
65 1 238408
78 0 238491
78 1 238558
67 0 238851
67 1 238905
32 0 239024
32 1 239102
85 0 239307
85 1 239377
78 0 239496
78 1 239562
32 0 239668
32 1 239737
77 0 239853
77 1 239925
73 0 240039
73 1 240115
67 0 240161
67 1 240239
32 0 240308
32 1 240393
68 0 240456
69 0 240569
68 1 240657
69 1 240717
74 0 240764
74 1 240842
85 0 240926
85 1 241019
78 0 241262
78 1 241320
32 0 241406
32 1 241483
78 0 241623
78 1 241703
69 0 241728
69 1 241812
73 0 241924
73 1 242003
78 0 242164
78 1 242251
84 0 242447
84 1 242516
65 0 242600
65 1 242688
82 0 242734
82 1 242808
90 0 242972
90 1 243048
73 0 243106
73 1 243193
65 0 243284
65 1 243386
84 0 243441
84 1 243524
32 0 243617
32 1 243696
83 0 243764
83 1 243847
73 0 243906
73 1 243977
32 0 244042
32 1 244130
83 0 244169
65 0 244272
83 1 244320
65 1 244394
32 0 244450
32 1 244520
77 0 244930
77 1 244998
65 0 245031
65 1 245108
32 0 245143
32 1 245218
80 0 245390
80 1 245469
79 0 245556
79 1 245630
84 0 245908
84 1 245978
32 0 246074
32 1 246160
66 0 247585
66 1 247650
73 0 247808
73 1 247843
8 0 249084
8 1 249210
85 0 249650
85 1 249729
67 0 249833
67 1 249913
85 0 250068
85 1 250128
82 0 250364
82 1 250431
65 0 250488
65 1 250567
32 0 250618
32 1 250690
68 0 250795
69 0 250914
68 1 250969
69 1 250994
32 0 251419
32 1 251507
82 0 251541
69 0 251648
82 1 251704
69 1 251782
76 0 252191
76 1 252250
65 0 252287
65 1 252380
88 0 252518
88 1 252606
65 0 252758
65 1 252850
82 0 252921
82 1 252993
69 0 253044
69 1 253118
32 0 253209
32 1 253295
83 0 253373
83 1 253461
73 0 253526
73 1 253598
32 0 253694
32 1 253776
80 0 253921
80 1 253993
79 0 254091
79 1 254138
65 0 254222
65 1 254335
84 0 254402
84 1 254465
69 0 254527
69 1 254581
32 0 254624
32 1 254692
68 0 255278
69 0 255391
68 1 255407
69 1 255436
32 0 255467
32 1 255560
67 0 255684
67 1 255719
65 0 255917
65 1 256013
84 0 256035
84 1 256099
69 0 256177
69 1 256260
86 0 256345
86 1 256410
65 0 256509
65 1 256600
32 0 256656
32 1 256730
69 0 256822
69 1 256899
80 0 257357
80 1 257442
73 0 257595
73 1 257669
83 0 257720
83 1 257825
79 0 257869
79 1 257939
65 0 258086
65 1 258182
68 0 258278
68 1 258361
69 0 258459
69 1 258520
32 0 258623
32 1 258703
68 0 260851
68 1 260921
73 0 261009
73 1 261056
78 0 261360
78 1 261439
84 0 261656
84 1 261714
82 0 261816
82 1 261884
189 0 262295
189 1 262345
85 0 262650
85 1 262713
78 0 262864
78 1 262924
32 0 263025
32 1 263104
83 0 263172
83 1 263288
69 0 263402
69 1 263479
82 0 263588
82 1 263656
73 0 263731
73 1 263787
65 0 263916
65 1 264026
76 0 264067
76 1 264116
32 0 264333
32 1 264383
83 0 264579
65 0 264715
83 1 264763
65 1 264871
85 0 264892
85 1 264981
32 0 265074
32 1 265189
67 0 266721
67 1 266811
65 0 267050
65 1 267125
84 0 267156
84 1 267230
69 0 267340
69 1 267422
86 0 267543
86 1 267614
65 0 267760
65 1 267839
32 0 267900
32 1 267967
70 0 268117
70 1 268187
73 0 268290
73 1 268360
76 0 268499
76 1 268573
77 0 268696
77 1 268764
69 0 268818
69 1 268874
32 0 268974
32 1 269042
68 0 269102
69 0 269210
68 1 269225
69 1 269282
32 0 269326
32 1 269403
80 0 269747
80 1 269806
69 0 269924
69 1 269997
32 0 270066
32 1 270156
78 0 270258
78 1 270354
69 0 270370
69 1 270462
84 0 270589
84 1 270663
70 0 270917
70 1 270999
76 0 271126
76 1 271204
73 0 271301
73 1 271378
88 0 271636
88 1 271716
190 0 271878
190 1 271938
32 0 272116
32 1 272171
16 0 275774
16 0 276235
16 0 276259
16 0 276284
16 0 276309
16 0 276334
16 0 276359
16 0 276384
16 0 276408
16 0 276433
16 0 276459
16 0 276483
16 0 276508
16 0 276533
16 0 276558
16 0 276582
16 0 276608
16 0 276632
16 0 276658
16 0 276682
16 0 276707
16 0 276731
16 0 276756
16 0 276781
16 0 276806
16 0 276834
16 0 276860
16 0 276883
16 0 276909
16 0 276933
16 0 276962
16 0 276986
16 0 277011
16 0 277035
16 0 277061
16 0 277085
16 0 277111
16 0 277135
16 0 277161
16 0 277185
16 0 277209
16 0 277234
16 0 277259
16 0 277284
16 0 277309
16 0 277334
16 0 277359
16 0 277383
16 0 277408
16 0 277433
16 0 277458
16 0 277483
16 0 277507
16 0 277533
16 0 277557
16 0 277582
16 0 277607
16 0 277632
16 0 277657
16 0 277682
16 0 277706
16 0 277732
16 0 277756
16 0 277781
16 0 277806
16 0 277830
16 0 277855
16 0 277880
16 0 277905
16 0 277930
16 0 277955
16 0 277983
16 0 278007
16 0 278033
16 0 278057
16 0 278085
16 0 278109
16 0 278135
16 0 278158
16 0 278184
16 0 278208
16 0 278233
16 0 278258
16 0 278283
16 0 278307
16 1 278311
16 0 279278
16 0 279732
16 0 279757
16 0 279782
16 0 279807
16 0 279832
16 0 279857
16 0 279882
16 0 279906
16 0 279931
16 0 279956
16 0 279981
16 0 280006
16 0 280031
16 0 280055
16 0 280081
16 0 280105
68 0 280107
68 1 280187
16 1 280233
85 0 280241
85 1 280311
80 0 280558
80 1 280638
65 0 280713
65 1 280749
32 0 280824
32 1 280907
83 0 281360
65 0 281458
83 1 281497
65 1 281572
32 0 281585
32 1 281673
77 0 281778
77 1 281862
65 0 281908
65 1 281961
32 0 282003
32 1 282102
80 0 282239
80 1 282340
79 0 282417
79 1 282485
84 0 282767
84 1 282834
32 0 282910
32 1 282990
73 0 284189
73 1 284261
78 0 284440
78 1 284520
82 0 284724
82 1 284755
8 0 285401
8 1 285481
84 0 286001
84 1 286080
65 0 286141
65 1 286214
76 0 286509
76 1 286570
78 0 286734
78 1 286804
73 0 286953
73 1 287019
73 0 288284
73 1 288367
32 0 288556
32 1 288640
8 0 289986
8 1 290054
8 0 290138
8 1 290213
8 0 290302
8 1 290356
8 0 290461
8 1 290489
8 0 290663
8 1 290738
8 0 290846
8 1 290891
8 0 290996
8 1 291037
8 0 291140
8 1 291190
8 0 291528
8 1 291594
86 0 291942
86 1 292003
69 0 292717
69 1 292812
68 0 292951
68 1 293019
69 0 293120
69 1 293222
65 0 293417
65 1 293506
32 0 293548
32 1 293626
67 0 293792
67 1 293873
85 0 293926
85 1 294008
32 0 294079
32 1 294166
67 0 294241
67 1 294334
65 0 294341
65 1 294432
84 0 294500
84 1 294577
73 0 294802
73 1 294883
86 0 295072
86 1 295148
65 0 295197
65 1 295285
32 0 295309
32 1 295403
80 0 295648
80 1 295768
82 0 295835
82 1 295910
73 0 295990
73 1 296073
69 0 296162
69 1 296248
84 0 296326
84 1 296399
69 0 296436
69 1 296511
78 0 296679
78 1 296759
73 0 296899
73 1 296983
32 0 297066
83 0 297155
32 1 297181
65 0 297275
83 1 297315
65 1 297397
32 0 297404
32 1 297492
80 0 297903
80 1 297974
79 0 298071
79 1 298133
86 0 298365
86 1 298450
69 0 298474
69 1 298543
83 0 298690
83 1 298799
84 0 298835
84 1 298915
73 0 299363
73 1 299433
77 0 299606
77 1 299677
32 0 299790
32 1 299859
9 0 309304
9 1 309523
9 0 310920
9 1 310976
8 0 317433
8 1 317524
188 0 317836
188 1 317904
32 0 318060
32 1 318126
83 0 318743
65 0 318784
83 1 318861
65 1 318910
32 0 318952
32 1 319037
78 0 319186
78 1 319278
69 0 319294
69 1 319361
32 0 319404
32 1 319486
66 0 321395
66 1 321452
85 0 321631
85 1 321716
67 0 321792
67 1 321874
85 0 321938
85 1 322000
82 0 322138
82 1 322239
65 0 322461
65 1 322555
77 0 322612
77 1 322645
32 0 322784
32 1 322833
68 0 322900
69 0 322971
68 1 323029
69 1 323078
32 0 323135
32 1 323182
68 0 323763
69 0 323836
68 1 323892
69 1 323937
80 0 323985
80 1 324057
65 0 324261
65 1 324334
78 0 324567
78 1 324620
65 0 324720
65 1 324797
82 0 324898
82 1 324956
69 0 325001
69 1 325068
65 0 325232
65 1 325325
32 0 325379
32 1 325454
65 0 325631
65 1 325679
77 0 325833
77 1 325899
73 0 326023
73 1 326099
78 0 326235
78 1 326314
84 0 326525
84 1 326611
73 0 326720
73 1 326810
82 0 326954
82 1 327037
73 0 327083
73 1 327149
76 0 327297
76 1 327367
79 0 327461
79 1 327535
82 0 327687
82 1 327751
32 0 327857
32 1 327936
83 0 328311
83 1 328395
73 0 328593
73 1 328678
32 0 328786
32 1 328868
83 0 328993
65 0 329104
83 1 329150
65 1 329216
8 0 329467
8 1 329505
8 0 330038
8 1 330107
80 0 330274
80 1 330372
79 0 330457
79 1 330538
65 0 330595
65 1 330679
84 0 330815
84 1 330844
69 0 330952
69 1 331036
32 0 331120
32 1 331194
83 0 338654
65 0 338735
83 1 338798
65 1 338854
32 0 339223
32 1 339312
65 0 339517
65 1 339593
8 0 339941
8 1 340022
74 0 340225
74 1 340298
85 0 340387
85 1 340463
67 0 340621
67 1 340687
65 0 340730
65 1 340805
77 0 340974
77 1 341047
32 0 341145
32 1 341218
67 0 341389
67 1 341449
65 0 341457
65 1 341551
84 0 341640
69 0 341715
84 1 341727
69 1 341795
86 0 341941
86 1 342017
65 0 342123
65 1 342203
32 0 342241
32 1 342299
74 0 342939
74 1 343009
79 0 343156
79 1 343228
67 0 343330
67 1 343408
73 0 343487
73 1 343545
8 0 344277
8 1 344371
85 0 344841
85 1 344927
82 0 345001
82 1 345082
73 0 345138
73 1 345221
32 0 345314
32 1 345401
8 0 353205
8 1 353256
190 0 353745
190 1 353840
13 0 354947
13 1 355017
67 0 357303
67 1 357361
65 0 357446
65 1 357514
77 0 357613
77 1 357687
32 0 357776
32 1 357862
65 0 357942
65 1 358018
83 0 358126
83 1 358207
84 0 358382
84 1 358455
65 0 358514
65 1 358593
32 0 358644
32 1 358694
65 0 358989
65 1 359055
77 0 359428
77 1 359488
32 0 359571
32 1 359646
65 0 359684
65 1 359748
86 0 359823
86 1 359880
85 0 360048
85 1 360113
84 0 360254
84 1 360321
32 0 360416
32 1 360497
68 0 360550
69 0 360633
68 1 360676
69 1 360728
32 0 360747
32 1 360873
90 0 361013
90 1 361080
73 0 361130
73 1 361188
83 0 361272
83 1 361341
32 0 361459
32 1 361482
16 0 362917
186 0 363140
186 1 363233
48 0 363508
48 1 363593
16 1 363672
8 0 364309
8 1 364350
8 0 364413
8 1 364500
16 0 364852
190 0 365064
190 1 365140
48 0 366026
48 1 366115
16 1 366241
16 0 374512
80 0 374562
16 1 374656
80 1 374674
65 0 374959
65 1 375053
82 0 375128
82 1 375219
69 0 375326
69 1 375386
82 0 375494
82 1 375564
69 0 375647
69 1 375719
65 0 375774
65 1 375853
32 0 375921
32 1 376001
77 0 376532
77 1 376585
69 0 376629
69 1 376699
65 0 376897
65 1 376993
32 0 377025
32 1 377101
69 0 377191
69 1 377281
83 0 377405
83 1 377500
84 0 377555
84 1 377624
69 0 377676
69 1 377737
32 0 377807
32 1 377852
85 0 378366
85 1 378417
78 0 378567
78 1 378634
65 0 378698
32 0 378778
65 1 378790
32 1 378854
78 0 378935
78 1 379001
69 0 379028
69 1 379111
85 0 379304
85 1 379382
84 0 379577
84 1 379624
82 0 379792
82 1 379860
65 0 380088
65 1 380165
190 0 380444
190 1 380520
32 0 380659
32 1 380737
16 0 381046
73 0 381130
16 1 381173
73 1 381193
77 0 381320
77 1 381402
73 0 381506
73 1 381580
32 0 381644
32 1 381723
80 0 381872
80 1 381936
76 0 382042
76 1 382096
65 0 382141
65 1 382251
67 0 382332
67 1 382387
69 0 382440
69 1 382516
32 0 382564
32 1 382644
83 0 382721
83 1 382798
73 0 382834
73 1 382903
83 0 382972
83 1 383048
84 0 383144
84 1 383204
69 0 383237
69 1 383322
77 0 383463
77 1 383532
85 0 383660
85 1 383724
76 0 383905
76 1 383976
32 0 384097
32 1 384178
82 0 384269
82 1 384337
79 0 384448
79 1 384513
77 0 384682
77 1 384752
65 0 384850
65 1 384922
78 0 384985
78 1 385051
69 0 386392
69 1 386466
83 0 386787
83 1 386877
67 0 386956
67 1 386986
188 0 387828
188 1 387896
32 0 388042
32 1 388111
68 0 388366
68 1 388430
65 0 388497
65 1 388569
82 0 388693
82 1 388767
32 0 388863
32 1 388939
65 0 389303
65 1 389379
77 0 389468
77 1 389532
8 0 389913
8 1 389984
83 0 390103
83 1 390176
32 0 404498
32 1 404559
80 0 405029
80 1 405100
82 0 405310
69 0 405355
82 1 405446
69 1 405502
70 0 405614
70 1 405704
69 0 405752
69 1 405833
84 0 405887
84 1 405953
8 0 406323
8 1 406357
82 0 406941
82 1 407021
65 0 407083
65 1 407137
32 0 407198
32 1 407275
85 0 408325
85 1 408365
8 0 408773
8 1 408872
83 0 409731
65 0 409831
83 1 409892
65 1 409969
32 0 410047
32 1 410139
65 0 410237
65 1 410340
86 0 410400
86 1 410469
69 0 410631
69 1 410721
65 0 410926
65 1 411031
8 0 411676
8 1 411761
77 0 411984
77 1 412059
32 0 412154
32 1 412216
85 0 413006
85 1 413071
78 0 413233
78 1 413282
32 0 413382
32 1 413437
67 0 413594
67 1 413665
79 0 413714
79 1 413764
76 0 413873
76 1 413943
69 0 414030
69 1 414099
67 0 414260
67 1 414339
84 0 414408
84 1 414473
73 0 414722
73 1 414786
86 0 414967
86 1 415016
32 0 415120
32 1 415188
68 0 415227
69 0 415279
68 1 415335
32 0 415384
69 1 415395
32 1 415438
80 0 415659
80 1 415726
82 0 415779
82 1 415837
79 0 415893
79 1 415947
70 0 416240
70 1 416296
69 0 416331
69 1 416397
83 0 416520
83 1 416611
79 0 416905
79 1 416984
82 0 417021
82 1 417095
73 0 417181
73 1 417250
32 0 417315
32 1 417403
80 0 417762
80 1 417840
85 0 418166
85 1 418231
84 0 418471
84 1 418522
73 0 418763
73 1 418818
78 0 419026
78 1 419082
32 0 419579
32 1 419628
77 0 419754
77 1 419820
65 0 419896
65 1 419967
73 0 420015
73 1 420085
32 0 420179
32 1 420267
80 0 420408
80 1 420452
82 0 420524
69 0 420594
82 1 420643
69 1 420707
71 0 420828
71 1 420887
65 0 420983
65 1 421046
84 0 421089
84 1 421153
73 0 421387
73 1 421441
84 0 421647
84 1 421711
32 0 421805
32 1 421885
83 0 421944
65 0 422008
83 1 422081
65 1 422152
85 0 422179
85 1 422239
32 0 422357
32 1 422444
77 0 422570
77 1 422638
65 0 422670
65 1 422751
73 0 422768
73 1 422838
32 0 422930
32 1 423010
83 0 423049
83 1 423132
69 0 423258
69 1 423318
82 0 423435
82 1 423490
73 0 423581
73 1 423639
79 0 423756
79 1 423815
83 0 423883
83 1 423954
188 0 424166
188 1 424198
8 0 424644
8 1 424703
190 0 424992
190 1 425047
32 0 425219
32 1 425264
16 0 425615
65 0 425866
65 1 425956
16 1 425967
77 0 426115
77 1 426175
32 0 426266
32 1 426335
73 0 426508
73 1 426555
78 0 426701
78 1 426769
84 0 427051
84 1 427105
65 0 427188
65 1 427255
76 0 427428
76 1 427483
78 0 427712
78 1 427756
73 0 427930
73 1 427992
84 0 428195
84 1 428255
32 0 428375
32 1 428477
83 0 428568
83 1 428626
73 0 428670
73 1 428754
32 0 428855
32 1 428918
67 0 429082
67 1 429156
65 0 429204
65 1 429285
68 0 429385
68 1 429454
82 0 429545
82 1 429605
69 0 429711
69 1 429768
32 0 429872
32 1 429967
80 0 430543
80 1 430618
82 0 430655
69 0 430733
82 1 430787
69 1 430857
71 0 430955
71 1 431017
65 0 431112
65 1 431201
84 0 431226
84 1 431282
73 0 431551
73 1 431611
84 0 431802
84 1 431860
69 0 431892
69 1 431959
32 0 432310
32 1 432366
68 0 432789
68 1 432847
65 0 432919
65 1 432985
82 0 433033
82 1 433101
32 0 433191
32 1 433284
83 0 433397
83 1 433468
73 0 433571
73 1 433651
32 0 433750
32 1 433826
67 0 434840
67 1 434889
65 0 435014
65 1 435092
68 0 435202
68 1 435248
82 0 435362
82 1 435398
69 0 435514
69 1 435584
32 0 435712
32 1 435824
67 0 435929
67 1 435983
65 0 436021
65 1 436122
82 0 436154
82 1 436206
69 0 436301
69 1 436374
32 0 436438
32 1 436548
65 0 436876
65 1 436970
86 0 437014
86 1 437060
69 0 437118
69 1 437184
65 0 437388
65 1 437462
85 0 437565
85 1 437630
32 0 437736
32 1 437811
68 0 438475
69 0 438532
68 1 438618
69 1 438654
32 0 438846
32 1 438953
73 0 439521
73 1 439597
77 0 439930
77 1 439999
66 0 440194
66 1 440251
85 0 440374
85 1 440444
78 0 440600
78 1 440668
65 0 440730
65 1 440802
84 0 440981
84 1 441038
65 0 441113
65 1 441188
84 0 441248
84 1 441310
73 0 441590
73 1 441645
84 0 441843
84 1 441910
32 0 441995
32 1 442094
77 0 442222
77 1 442297
85 0 442436
85 1 442502
76 0 442684
76 1 442760
89 0 442959
89 1 443017
8 0 443341
8 1 443429
84 0 443622
84 1 443696
190 0 443907
190 1 443970
32 0 444129
32 1 444191
16 0 444446
65 0 444684
65 1 444740
16 1 444799
67 0 445080
67 1 445158
85 0 445215
85 1 445271
77 0 445433
77 1 445483
32 0 445615
32 1 445659
67 0 445782
67 1 445839
85 0 445917
85 1 445976
32 0 446077
32 1 446182
83 0 446317
83 1 446400
84 0 446484
84 1 446521
8 0 447096
8 1 447156
73 0 447364
73 1 447417
83 0 447761
83 1 447862
84 0 448253
84 1 448320
69 0 448397
69 1 448476
77 0 448660
77 1 448729
85 0 448858
85 1 448921
76 0 449114
76 1 449190
32 0 449293
32 1 449375
79 0 449488
79 1 449554
78 0 449730
78 1 449796
76 0 450002
76 1 450068
73 0 450174
73 1 450238
78 0 450390
78 1 450460
69 0 450514
69 1 450580
32 0 450657
32 1 450720
85 0 451162
85 1 451212
78 0 451376
78 1 451436
73 0 451595
73 1 451649
73 0 451720
73 1 451796
32 0 451857
32 1 451955
80 0 452095
80 1 452171
82 0 452239
82 1 452294
79 0 452360
79 1 452418
70 0 452939
70 1 453004
69 0 453043
69 1 453106
83 0 453240
83 1 453330
79 0 453432
79 1 453515
82 0 453630
82 1 453699
73 0 453764
73 1 453828
32 0 453892
32 1 453983
83 0 454074
83 1 454158
85 0 454260
85 1 454323
78 0 454497
78 1 454574
84 0 454745
84 1 454815
32 0 454898
32 1 454988
68 0 455069
69 0 455145
68 1 455214
69 1 455255
80 0 455395
80 1 455458
65 0 455520
65 1 455613
83 0 455733
83 1 455810
73 0 455870
73 1 455943
84 0 456172
84 1 456234
73 0 456436
73 1 456512
32 0 456592
32 1 456705
83 0 456712
65 0 456822
83 1 456863
65 1 456944
85 0 456951
85 1 457024
32 0 457110
32 1 457188
67 0 457753
67 1 457806
72 0 458102
72 1 458158
73 0 458289
73 1 458355
65 0 458432
65 1 458505
82 0 458591
82 1 458657
32 0 458732
32 1 458832
78 0 459009
78 1 459083
85 0 459263
85 1 459354
32 0 459421
32 1 459523
83 0 459586
83 1 459702
84 0 459759
84 1 459830
73 0 460066
73 1 460144
85 0 460224
85 1 460290
32 0 460387
32 1 460481
83 0 460504
65 0 460572
83 1 460618
65 1 460696
32 0 460704
32 1 460804
83 0 460922
83 1 461025
69 0 461283
69 1 461334
32 0 461455
32 1 461544
68 0 462190
68 1 462258
69 0 462355
69 1 462442
83 0 462589
83 1 462665
67 0 462751
67 1 462813
85 0 463017
85 1 463081
82 0 463204
82 1 463269
67 0 463396
67 1 463476
69 0 463535
69 1 463607
32 0 463669
32 1 463749
67 0 464238
67 1 464316
85 0 464387
85 1 464453
32 0 464530
32 1 464613
77 0 464798
77 1 464882
69 0 464956
69 1 465047
68 0 465203
68 1 465285
73 0 465369
73 1 465445
85 0 465537
85 1 465607
76 0 465777
76 1 465853
32 0 465953
32 1 466057
86 0 470275
86 1 470342
73 0 470461
73 1 470543
82 0 470637
82 1 470710
84 0 470906
84 1 470971
85 0 471074
85 1 471143
65 0 471340
65 1 471423
76 0 471503
76 1 471552
190 0 471761
190 1 471819
32 0 472051
32 1 472110
16 0 472843
16 0 473306
16 0 473330
16 0 473356
16 0 473379
78 0 473398
78 1 473475
16 1 473496
85 0 473715
85 1 473781
32 0 473841
32 1 473924
77 0 474020
77 1 474098
65 0 474162
73 0 474221
65 1 474234
73 1 474302
32 0 474372
32 1 474440
80 0 474559
80 1 474620
85 0 474809
85 1 474875
78 0 475001
78 1 475072
32 0 475136
32 1 475214
73 0 475391
73 1 475448
78 0 475585
78 1 475647
32 0 475735
32 1 475813
68 0 475934
68 1 476004
73 0 476113
73 1 476169
83 0 476233
83 1 476317
67 0 476483
67 1 476568
85 0 476646
85 1 476710
84 0 476880
84 1 476934
73 0 477108
73 1 477163
69 0 477222
69 1 477284
32 0 477354
32 1 477424
16 0 482782
16 1 482847
67 0 483695
67 1 483754
65 0 483814
65 1 483870
32 0 483910
32 1 483989
85 0 484205
85 1 484262
78 0 484402
78 1 484470
73 0 484616
73 1 484663
73 0 484741
73 1 484816
32 0 484900
32 1 484988
68 0 485087
68 1 485162
73 0 485341
73 1 485414
78 0 485594
78 1 485662
84 0 485877
84 1 485929
82 0 486039
82 1 486096
69 0 486197
69 1 486249
32 0 486292
32 1 486368
69 0 486487
69 1 486550
73 0 486610
73 1 486668
32 0 486760
32 1 486852
78 0 486960
78 1 487039
73 0 487261
73 1 487329
67 0 487423
67 1 487483
73 0 487528
73 1 487600
32 0 487689
32 1 487765
78 0 487836
78 1 487909
85 0 488014
85 1 488097
32 0 488153
32 1 488245
65 0 488267
65 1 488342
85 0 488393
85 1 488456
32 0 488517
32 1 488605
68 0 492346
68 1 492431
68 0 492700
68 1 492741
69 0 492748
69 1 492851
8 0 493728
8 1 493846
8 0 493944
8 1 493996
69 0 494190
69 1 494283
86 0 494764
86 1 494834
73 0 495140
73 1 495237
67 0 495327
69 0 495449
67 1 495469
69 1 495570
189 0 496624
189 1 496673
85 0 497324
85 1 497388
82 0 497682
82 1 497761
73 0 497780
73 1 497862
32 0 497958
32 1 498057
85 0 498578
85 1 498634
32 0 498868
32 1 498972
8 0 499680
8 1 499764
8 0 499875
8 1 499930
67 0 500189
67 1 500267
85 0 500721
85 1 500793
32 0 500869
32 1 500953
67 0 501180
67 1 501255
65 0 501292
65 1 501371
82 0 501431
82 1 501507
69 0 501575
69 1 501650
32 0 501733
32 1 501783
83 0 501911
65 0 502046
83 1 502085
32 0 502118
65 1 502164
32 1 502203
80 0 502705
80 1 502778
82 0 502890
69 0 502959
82 1 503006
69 1 503085
68 0 503231
69 0 503381
68 1 503404
69 1 503478
65 0 503807
65 1 503923
32 0 504103
32 1 504211
8 0 504474
8 1 504538
8 0 504786
8 1 504882
8 0 504893
8 1 504985
8 0 505077
8 1 505155
8 0 505257
8 1 505296
8 0 505498
8 1 505544
8 0 505665
8 1 505735
83 0 506212
83 1 506295
69 0 506408
69 1 506476
32 0 506546
32 1 506641
68 0 506716
69 0 506803
68 1 506850
69 1 506931
83 0 507056
83 1 507145
67 0 507263
67 1 507349
85 0 507401
85 1 507469
82 0 507577
82 1 507655
67 0 507765
67 1 507846
69 0 507890
69 1 507974
32 0 508002
32 1 508082
8 0 509179
8 1 509250
188 0 509925
188 1 509988
32 0 510102
32 1 510183
68 0 510425
68 1 510498
65 0 510554
65 1 510636
82 0 510694
82 1 510757
65 0 510879
65 1 510950
77 0 511136
77 1 511200
73 0 511335
73 1 511404
84 0 511606
84 1 511660
69 0 511710
69 1 511757
32 0 511862
32 1 511931
83 0 512035
65 0 512115
83 1 512175
65 1 512265
32 0 512977
32 1 513062
8 0 515551
8 1 515606
8 0 515701
8 1 515756
8 0 515847
8 1 515897
8 0 515983
8 1 516036
8 0 516122
8 1 516190
8 0 516268
8 1 516328
8 0 516426
8 1 516471
8 0 516712
8 1 516740
8 0 516912
8 1 516948
219 0 517663
219 1 517724
77 0 517992
77 1 518072
73 0 518178
73 1 518254
84 0 518429
84 1 518509
69 0 518528
69 1 518615
32 0 518648
32 1 518717
65 0 518958
83 0 518977
83 1 519096
65 1 519120
8 0 520373
8 1 520416
8 0 520532
8 1 520570
83 0 520638
65 0 520737
83 1 520777
65 1 520834
32 0 520857
32 1 520946
80 0 521881
80 1 521946
82 0 522086
69 0 522169
82 1 522198
69 1 522276
68 0 522449
69 0 522587
68 1 522600
69 1 522690
65 0 522925
65 1 523015
32 0 523088
32 1 523175
80 0 523654
80 1 523745
69 0 523753
69 1 523832
32 0 523893
32 1 523979
79 0 524124
79 1 524207
32 0 524295
32 1 524381
84 0 526184
84 1 526255
65 0 526324
65 1 526410
66 0 526547
66 1 526611
76 0 526821
76 1 526899
69 0 526947
69 1 527014
84 0 527133
84 1 527205
65 0 527297
65 1 527379
32 0 527424
32 1 527507
71 0 527950
71 1 528021
82 0 528144
82 1 528212
65 0 528279
65 1 528349
70 0 528375
70 1 528434
73 0 528675
73 1 528759
67 0 529021
67 1 529095
65 0 529161
65 1 529242
32 0 529311
32 1 529381
83 0 529744
65 0 529856
83 1 529894
65 1 529979
85 0 530022
85 1 530084
32 0 530185
32 1 530311
67 0 530331
69 0 530450
67 1 530493
69 1 530601
86 0 530662
86 1 530742
65 0 530822
65 1 530918
32 0 530949
32 1 531017
77 0 531210
77 1 531297
65 0 531377
65 1 531428
73 0 531453
73 1 531527
32 0 531613
32 1 531690
80 0 532138
80 1 532215
69 0 532252
69 1 532302
82 0 532429
82 1 532492
70 0 532681
70 1 532745
79 0 532878
79 1 532945
82 0 533213
82 1 533273
77 0 533403
77 1 533486
65 0 533683
65 1 533766
78 0 533823
78 1 533896
84 0 534095
84 1 534167
190 0 535329
190 1 535387
13 0 535595
13 1 535672
190 0 537636
190 1 537689
190 0 537765
190 1 537842
190 0 537923
190 1 537993
190 0 538096
190 1 538142
190 0 538229
190 1 538281
190 0 538374
190 1 538428
190 0 538643
190 1 538710
190 0 538775
190 1 538845
13 0 544136
13 1 544196
190 0 544674
190 1 544722
190 0 544801
190 1 544865
190 0 544950
190 1 545006
190 0 545089
190 1 545151
190 0 545236
190 1 545293
190 0 545358
190 1 545441
13 0 548793
13 1 548838
190 0 549137
190 1 549185
190 0 549270
190 1 549334
190 0 549429
190 1 549479
190 0 549574
190 1 549624
190 0 549722
190 1 549755
190 0 549854
190 1 549922
190 0 549987
190 1 550022
80 0 571021
80 1 571091
73 0 571299
73 1 571361
67 0 571554
67 1 571630
84 0 571728
84 1 571785
85 0 571967
85 1 572028
82 0 572210
82 1 572266
65 0 572338
65 1 572405
32 0 572493
32 1 572551
80 0 573365
80 1 573430
82 0 573503
82 1 573553
69 0 573683
69 1 573734
90 0 574104
90 1 574182
78 0 574582
78 1 574685
84 0 574875
84 1 574948
65 0 575010
65 1 575080
84 0 575216
84 1 575289
65 0 575545
65 1 575606
32 0 575724
32 1 575800
67 0 576295
67 1 576346
82 0 576429
82 1 576485
69 0 576613
69 1 576669
68 0 576786
68 1 576847
32 0 576903
32 1 576961
67 0 577079
67 1 577148
65 0 577385
65 1 577461
32 0 577789
32 1 577867
69 0 578032
69 1 578106
83 0 578239
83 1 578311
84 0 578344
84 1 578417
69 0 578498
69 1 578552
32 0 578588
32 1 578672
85 0 578791
85 1 578852
78 0 578999
78 1 579076
32 0 579169
32 1 579242
84 0 579447
84 1 579522
65 0 579588
65 1 579652
66 0 579721
66 1 579783
76 0 580160
76 1 580226
79 0 580337
79 1 580406
85 0 580589
85 1 580650
188 0 581036
188 1 581112
32 0 581257
32 1 581329
79 0 581512
79 1 581593
32 0 581681
32 1 581761
79 0 581854
79 1 581928
80 0 582011
80 1 582086
69 0 582180
69 1 582247
82 0 582385
82 1 582448
65 0 582521
65 1 582588
32 0 582637
32 1 582717
68 0 582787
69 0 582891
68 1 582931
69 1 582995
32 0 583004
32 1 583090
65 0 583259
65 1 583285
82 0 583332
82 1 583413
84 0 583533
84 1 583568
65 0 583701
65 1 583753
190 0 584505
190 1 584549
32 0 584738
32 1 584781
16 0 590093
83 0 590552
83 1 590647
16 1 590678
69 0 590853
69 1 590926
32 0 590980
32 1 591056
86 0 591195
86 1 591270
69 0 591318
69 1 591382
68 0 591515
68 1 591588
69 0 591673
69 1 591736
32 0 591812
32 1 591879
85 0 592623
85 1 592675
78 0 592823
78 1 592880
32 0 592994
32 1 593029
84 0 593367
84 1 593445
69 0 593539
69 1 593594
77 0 594226
77 1 594274
80 0 594493
80 1 594547
76 0 594675
76 1 594737
85 0 594905
85 1 594974
32 0 595045
32 1 595135
8 0 595661
8 1 595757
188 0 596012
188 1 596074
32 0 596204
32 1 596272
83 0 600180
65 0 600287
83 1 600325
85 0 600396
65 1 600414
85 1 600474
32 0 600576
32 1 600665
79 0 601291
79 1 601362
32 0 601437
32 1 601533
73 0 611581
73 1 611634
78 0 611843
78 1 611898
67 0 612152
67 1 612213
65 0 612239
65 1 612328
80 0 612616
80 1 612682
69 0 612735
69 1 612801
82 0 612934
82 1 612985
69 0 613104
69 1 613174
32 0 613275
32 1 613340
8 0 614613
8 1 614685
8 0 614779
8 1 614840
8 0 614925
8 1 615010
8 0 615101
8 1 615146
8 0 615459
8 1 615523
8 0 615638
8 1 615687
8 0 615796
8 1 615830
8 0 615944
8 1 616001
8 0 616295
8 1 616332
65 0 617420
65 1 617525
82 0 617606
82 1 617674
72 0 618044
72 1 618103
73 0 618260
73 1 618322
84 0 618548
84 1 618601
69 0 618648
69 1 618723
67 0 618824
67 1 618888
84 0 619049
84 1 619134
85 0 619277
85 1 619361
84 0 619529
84 1 619591
8 0 619954
8 1 620044
82 0 620090
82 1 620160
65 0 620444
65 1 620510
32 0 620560
32 1 620640
86 0 621223
86 1 621292
69 0 621365
69 1 621442
67 0 622393
67 1 622446
72 0 622545
72 1 622611
69 0 622748
69 1 622809
188 0 624013
188 1 624070
32 0 624260
32 1 624316
67 0 624789
67 1 624870
85 0 624878
85 1 624957
32 0 625029
32 1 625122
79 0 625234
79 1 625323
65 0 625416
65 1 625503
77 0 625566
77 1 625649
69 0 625794
69 1 625860
78 0 625917
78 1 625989
8 0 626624
8 1 626705
8 0 626788
8 1 626827
8 0 626932
8 1 626969
8 0 627086
8 1 627140
8 0 627553
8 1 627604
79 0 628063
79 1 628138
32 0 628212
32 1 628324
77 0 628414
77 1 628496
85 0 628607
85 1 628682
76 0 628852
76 1 628923
84 0 629087
84 1 629185
73 0 629249
73 1 629315
84 0 629472
84 1 629572
85 0 629659
85 1 629718
68 0 629917
68 1 629996
73 0 630038
73 1 630104
78 0 630280
78 1 630346
69 0 630376
69 1 630448
32 0 630500
32 1 630568
68 0 630745
69 0 630856
68 1 630906
69 1 630962
32 0 630995
32 1 631069
79 0 631313
79 1 631392
65 0 631464
65 1 631557
77 0 631630
77 1 631706
69 0 631797
69 1 631882
78 0 631899
78 1 631974
73 0 632139
73 1 632197
188 0 633610
188 1 633665
32 0 633833
32 1 633897
85 0 638347
85 1 638416
78 0 638582
78 1 638637
73 0 638855
73 1 638913
73 0 638998
73 1 639072
32 0 639180
32 1 639268
83 0 639752
83 1 639831
84 0 639909
84 1 639965
65 0 640289
65 1 640373
8 0 640841
8 1 640907
220 0 641102
220 1 641160
78 0 642477
78 1 642515
68 0 642914
68 1 642994
32 0 643089
32 1 643147
80 0 643365
80 1 643430
69 0 643462
69 1 643534
32 0 643629
32 1 643695
83 0 643863
83 1 643954
67 0 644027
67 1 644089
65 0 644194
65 1 644262
82 0 644315
82 1 644392
73 0 644673
73 1 644742
188 0 645092
188 1 645144
32 0 645307
32 1 645360
65 0 645815
65 1 645868
76 0 646189
76 1 646256
84 0 646457
84 1 646521
73 0 646630
73 1 646685
73 0 646767
73 1 646835
32 0 646907
32 1 646976
73 0 647107
73 1 647179
78 0 647420
78 1 647484
32 0 647586
32 1 647660
80 0 647935
80 1 648001
73 0 648181
73 1 648248
67 0 648499
67 1 648557
73 0 648832
73 1 648899
79 0 649517
79 1 649580
65 0 649802
65 1 649897
82 0 650224
82 1 650294
69 0 650367
69 1 650445
190 0 651066
190 1 651135
32 0 651316
32 1 651382
16 0 654758
67 0 655065
16 1 655116
67 1 655131
82 0 655336
82 1 655404
69 0 655469
69 1 655528
68 0 655665
68 1 655750
32 0 655802
32 1 655859
67 0 656045
67 1 656095
65 0 656149
65 1 656255
32 0 656296
32 1 656360
69 0 656436
69 1 656528
83 0 656675
83 1 656706
84 0 656715
84 1 656833
32 0 657104
32 1 657195
8 0 657507
8 1 657562
8 0 657687
8 1 657755
69 0 657836
69 1 657899
8 0 658256
8 1 658338
84 0 658864
84 1 658921
69 0 658933
69 1 658995
32 0 659099
32 1 659173
73 0 659538
73 1 659605
78 0 659781
78 1 659859
70 0 660477
70 1 660539
8 0 661267
8 1 661281
8 0 661409
8 1 661455
8 0 661559
8 1 661617
83 0 662411
83 1 662478
85 0 662542
85 1 662602
71 0 662987
71 1 663061
69 0 663068
69 1 663146
82 0 663256
82 1 663332
65 0 663429
65 1 663529
84 0 663554
84 1 663622
65 0 663676
65 1 663741
32 0 663813
32 1 663888
79 0 664233
79 1 664302
32 0 664392
32 1 664485
78 0 664653
78 1 664710
8 0 665060
8 1 665145
66 0 665412
66 1 665478
85 0 665605
85 1 665687
67 0 665721
67 1 665820
85 0 665865
85 1 665937
82 0 666038
82 1 666117
73 0 666177
73 1 666257
69 0 666372
69 1 666448
188 0 669378
188 1 669441
32 0 669579
32 1 669636
85 0 669841
85 1 669880
78 0 670048
78 1 670110
73 0 670266
73 1 670329
73 0 670414
73 1 670496
32 0 670571
32 1 670674
70 0 671051
70 1 671121
73 0 671238
73 1 671277
73 0 671354
73 1 671423
78 0 671613
78 1 671663
68 0 671752
68 1 671812
32 0 672012
32 1 672079
70 0 672287
70 1 672348
69 0 672415
69 1 672481
82 0 672595
82 1 672667
73 0 672734
73 1 672806
67 0 673107
67 1 673140
73 0 673197
73 1 673332
84 0 673467
84 1 673570
73 0 673599
73 1 673667
32 0 673756
32 1 673857
65 0 674232
65 1 674316
84 0 679650
84 1 679733
73 0 679831
73 1 679884
73 0 679978
73 1 680062
32 0 680236
32 1 680362
65 0 682225
65 1 682323
86 0 682339
86 1 682407
78 0 682654
78 1 682707
8 0 683095
8 1 683182
65 0 683267
65 1 683356
78 0 683886
78 1 683953
68 0 684061
68 1 684140
32 0 684178
32 1 684254
84 0 684616
84 1 684707
79 0 684724
79 1 684792
84 0 684869
84 1 684945
32 0 684974
32 1 685057
70 0 685240
70 1 685310
69 0 685369
69 1 685438
76 0 685565
76 1 685632
85 0 685791
85 1 685855
76 0 686008
76 1 686091
32 0 686171
32 1 686264
68 0 686423
69 0 686514
68 1 686560
32 0 686568
69 1 686622
32 1 686661
79 0 686767
79 1 686830
66 0 687031
66 1 687104
73 0 687272
73 1 687355
69 0 687801
69 1 687878
67 0 687932
67 1 688003
84 0 688158
84 1 688224
69 0 688271
69 1 688346
32 0 688411
32 1 688470
73 0 688932
73 1 689016
78 0 689206
78 1 689258
32 0 689373
32 1 689424
77 0 689546
77 1 689602
65 0 689633
65 1 689723
73 0 689766
73 1 689803
78 0 689967
78 1 690019
73 0 690144
73 1 690197
190 0 690816
190 1 690863
50 0 694612
50 1 694694
32 0 694741
32 1 694803
80 0 695392
80 1 695460
69 0 695577
69 1 695667
82 0 695752
82 1 695818
83 0 695975
83 1 696062
79 0 696093
79 1 696162
65 0 696229
65 1 696352
78 0 696385
78 1 696448
69 0 696504
69 1 696565
32 0 696636
32 1 696682
73 0 698301
73 1 698359
78 0 698527
78 1 698589
84 0 698794
84 1 698841
82 0 698937
82 1 698993
65 0 699068
65 1 699121
32 0 699176
32 1 699243
73 0 699407
73 1 699449
78 0 699614
78 1 699672
32 0 699768
32 1 699827
73 0 700007
73 1 700048
78 0 700187
78 1 700250
67 0 700480
67 1 700523
65 0 700579
65 1 700658
80 0 700948
80 1 701017
69 0 701055
69 1 701128
82 0 701280
82 1 701353
69 0 701469
69 1 701533
32 0 701630
32 1 701714
83 0 701804
83 1 701902
73 0 701939
73 1 702007
32 0 702144
32 1 702222
79 0 702310
79 1 702389
65 0 702429
65 1 702502
77 0 702592
77 1 702650
69 0 702701
69 1 702795
78 0 702846
78 1 702892
73 0 703075
73 1 703100
73 0 703200
73 1 703260
32 0 703354
32 1 703445
83 0 703490
83 1 703570
85 0 703603
85 1 703648
78 0 703844
78 1 703892
84 0 704253
84 1 704313
32 0 704415
32 1 704488
73 0 704668
73 1 704726
78 0 704896
78 1 704939
32 0 705053
32 1 705103
73 0 705441
73 1 705476
77 0 705645
77 1 705699
80 0 705869
80 1 705912
82 0 706045
69 0 706134
82 1 706169
69 1 706239
74 0 706410
74 1 706465
85 0 706558
85 1 706630
82 0 706754
82 1 706818
85 0 706905
85 1 706958
76 0 707162
76 1 707225
32 0 707405
32 1 707464
76 0 707603
76 1 707654
79 0 707758
79 1 707816
82 0 707984
82 1 708060
188 0 708215
188 1 708271
8 0 708846
8 1 708902
190 0 709258
190 1 709303
32 0 709463
32 1 709526
16 0 709770
72 0 709897
16 1 709918
72 1 709954
65 0 710110
73 0 710188
65 1 710199
73 1 710256
78 0 710409
78 1 710466
69 0 710550
69 1 710593
76 0 710646
76 1 710727
69 0 710768
69 1 710837
32 0 710939
32 1 710989
80 0 711615
80 1 711686
69 0 711703
69 1 711769
32 0 711838
32 1 711950
67 0 712061
65 0 712144
67 1 712158
65 1 712239
82 0 712280
82 1 712359
69 0 712428
69 1 712498
32 0 712537
32 1 712635
65 0 712792
65 1 712887
67 0 712929
67 1 712996
69 0 713066
69 1 713153
83 0 713278
83 1 713349
84 0 713395
84 1 713445
73 0 713662
73 1 713733
65 0 713763
65 1 713842
32 0 713901
32 1 713971
76 0 714127
76 1 714216
69 0 714223
69 1 714285
32 0 714371
32 1 714440
80 0 714750
80 1 714821
79 0 714905
79 1 714958
65 0 715025
65 1 715124
84 0 715220
84 1 715273
8 0 715748
8 1 715835
82 0 715868
82 1 715957
84 0 716802
84 1 716863
65 0 716878
65 1 716954
32 0 717051
32 1 717123
83 0 717314
83 1 717387
85 0 717453
85 1 717510
78 0 717634
78 1 717712
84 0 717882
84 1 717946
32 0 718037
32 1 718114
70 0 718329
70 1 718381
79 0 718478
79 1 718545
82 0 718888
82 1 718942
77 0 719213
77 1 719306
65 0 719342
65 1 719408
84 0 719510
84 1 719590
69 0 719663
69 1 719711
32 0 719766
32 1 719857
68 0 719981
68 1 720058
73 0 720128
73 1 720200
78 0 720348
78 1 720409
32 0 720496
32 1 720576
82 0 721002
82 1 721059
79 0 721122
79 1 721187
66 0 721430
66 1 721482
69 0 721555
69 1 721617
32 0 721672
32 1 721745
83 0 722310
83 1 722387
73 0 722400
73 1 722472
32 0 722560
32 1 722632
8 0 728353
8 1 728424
8 0 728514
8 1 728598
8 0 728694
8 1 728759
8 0 728875
8 1 728942
8 0 729497
8 1 729570
8 0 729676
8 1 729751
8 0 729872
8 1 729916
8 0 730052
8 1 730095
8 0 730217
8 1 730260
8 0 730370
8 1 730421
8 0 730578
8 1 730638
8 0 730775
8 1 730818
82 0 731973
82 1 732042
79 0 732121
79 1 732181
66 0 732489
66 1 732559
69 0 732609
69 1 732676
190 0 733088
190 1 733146
32 0 733289
32 1 733343
16 0 742415
67 0 742729
67 1 742793
16 1 742808
85 0 743091
85 1 743143
76 0 743292
76 1 743362
79 0 743450
79 1 743526
82 0 743676
82 1 743730
73 0 743806
73 1 743858
76 0 744017
76 1 744091
69 0 744154
69 1 744217
32 0 744304
32 1 744354
65 0 744618
65 1 744691
67 0 744981
67 1 745055
69 0 745128
69 1 745183
83 0 745366
83 1 745451
84 0 745523
84 1 745575
79 0 745946
79 1 746014
82 0 746051
82 1 746097
32 0 746219
32 1 746283
72 0 746415
72 1 746492
65 0 746560
65 1 746639
73 0 746691
73 1 746765
78 0 746904
78 1 746979
69 0 747025
69 1 747101
32 0 747145
32 1 747221
83 0 747695
85 0 747762
83 1 747777
85 1 747844
78 0 747998
78 1 748059
84 0 748176
84 1 748250
32 0 748273
32 1 748342
66 0 748535
66 1 748583
8 0 748977
8 1 749050
86 0 749883
86 1 749965
73 0 750057
73 1 750114
73 0 750191
73 1 750272
188 0 751316
188 1 751381
32 0 751528
32 1 751577
80 0 753384
80 1 753432
79 0 753557
79 1 753618
82 0 753886
82 1 753948
84 0 754035
84 1 754110
79 0 754419
79 1 754477
67 0 754881
67 1 754949
65 0 755134
65 1 755202
76 0 755273
76 1 755341
73 0 755494
73 1 755549
85 0 755710
85 1 755752
76 0 755925
76 1 755973
32 0 756138
32 1 756189
80 0 756415
80 1 756468
82 0 756561
69 0 756647
82 1 756700
69 1 756793
68 0 756948
68 1 757036
79 0 757114
79 1 757180
77 0 757377
77 1 757443
73 0 757589
73 1 757646
78 0 757779
78 1 757826
65 0 757887
65 1 757958
32 0 758019
32 1 758056
65 0 758153
65 1 758222
76 0 758277
76 1 758329
65 0 758402
65 1 758472
84 0 758667
84 1 758721
85 0 758949
85 1 759006
82 0 759358
82 1 759397
73 0 759459
73 1 759528
32 0 759638
32 1 759716
68 0 759787
69 0 759874
68 1 759917
69 1 759964
32 0 760082
32 1 760165
65 0 760895
65 1 760966
76 0 761035
76 1 761125
66 0 761348
66 1 761425
188 0 761709
188 1 761779
32 0 761908
32 1 761984
65 0 762106
65 1 762179
76 0 762247
76 1 762308
66 0 762600
66 1 762664
65 0 762712
65 1 762811
83 0 762925
83 1 762970
84 0 763044
84 1 763107
82 0 763200
82 1 763278
85 0 763516
85 1 763585
32 0 763683
32 1 763750
8 0 764648
8 1 764701
188 0 765255
188 1 765321
32 0 765447
32 1 765507
77 0 765655
77 1 765715
65 0 765783
65 1 765849
82 0 766113
82 1 766211
79 0 766535
79 1 766645
32 0 766759
32 1 766870
83 0 767051
83 1 767160
73 0 767226
73 1 767310
32 0 767415
32 1 767503
71 0 768497
71 1 768554
82 0 768800
82 1 768874
73 0 768949
73 1 769013
190 0 770033
190 1 770109
32 0 770303
32 1 770350
16 0 772537
16 0 772994
16 0 773017
16 0 773043
16 0 773067
16 0 773092
16 0 773117
16 0 773142
16 0 773167
16 0 773192
16 0 773216
16 0 773241
16 0 773266
16 0 773291
16 0 773316
16 0 773340
16 0 773373
16 0 773397
16 0 773422
16 0 773448
16 0 773474
16 0 773499
16 0 773524
16 0 773549
16 0 773573
16 0 773598
16 0 773623
16 0 773648
16 0 773673
16 0 773698
16 0 773722
16 0 773748
16 0 773772
16 0 773797
16 0 773822
67 0 773845
67 1 773911
16 1 773934
8 0 774386
8 1 774481
16 0 774708
73 0 774810
16 1 774874
73 1 774888
78 0 775051
78 1 775120
67 0 775366
67 1 775431
65 0 775478
65 1 775572
80 0 775720
80 1 775798
69 0 776232
69 1 776296
82 0 776433
82 1 776497
69 0 776630
69 1 776677
65 0 776943
65 1 777031
32 0 777118
32 1 777203
65 0 777874
65 1 777978
82 0 778150
82 1 778227
69 0 778283
69 1 778333
32 0 778405
32 1 778481
8 0 779287
8 1 779311
8 0 779412
8 1 779468
69 0 780533
69 1 780607
32 0 780703
32 1 780802
67 0 781074
67 1 781143
65 0 781171
65 1 781235
32 0 781357
83 0 781417
32 1 781459
83 1 781510
73 0 781584
73 1 781659
32 0 781743
32 1 781825
67 0 781873
67 1 781951
85 0 782001
85 1 782069
76 0 782229
76 1 782298
79 0 782368
79 1 782442
65 0 782514
65 1 782604
82 0 782722
82 1 782794
69 0 782831
69 1 782900
32 0 782978
32 1 783060
80 0 783524
80 1 783587
82 0 783661
69 0 783714
82 1 783774
69 1 783851
68 0 784176
68 1 784237
79 0 784309
79 1 784377
77 0 784558
77 1 784626
73 0 784758
73 1 784819
78 0 784970
78 1 785031
65 0 785083
65 1 785147
78 0 785218
78 1 785282
84 0 785494
84 1 785551
65 0 785599
65 1 785665
32 0 785732
32 1 785783
67 0 786312
67 1 786367
82 0 786507
82 1 786586
8 0 787179
8 1 787248
85 0 787999
85 1 788057
76 0 788200
76 1 788270
79 0 788341
79 1 788405
65 0 788535
65 1 788629
82 0 788667
82 1 788719
69 0 788793
69 1 788866
65 0 789037
65 1 789108
32 0 789189
32 1 789237
67 0 789630
67 1 789681
82 0 789774
82 1 789853
69 0 789993
69 1 790075
77 0 790346
77 1 790418
190 0 790663
190 1 790728
