16 0 434889
86 0 435006
86 1 435146
16 1 435221
82 0 435308
69 0 435443
82 1 435463
69 1 435533
77 0 435735
69 0 435843
77 1 435846
69 1 435942
32 0 435969
32 1 436075
68 0 436102
69 0 436193
68 1 436224
32 0 436272
69 1 436304
32 1 436388
8 0 437161
8 1 437219
8 0 437290
8 1 437373
8 0 437423
8 1 437514
78 0 437635
65 0 437706
78 1 437727
65 1 437807
83 0 437860
83 1 437942
80 0 438095
65 0 438194
80 1 438225
65 1 438305
190 0 439049
190 1 439100
32 0 439201
32 1 439262
16 0 439398
80 0 439667
16 1 439668
80 1 439685
76 0 439777
76 1 439892
79 0 439984
79 1 440057
85 0 440176
65 0 440292
85 1 440294
65 1 440391
32 0 440420
32 1 440540
83 0 440571
83 1 440703
73 0 440937
73 1 441039
32 0 441397
32 1 441476
69 0 445443
69 1 445535
32 0 445554
32 1 445655
85 0 445733
82 0 445864
85 1 445867
65 0 445954
82 1 446000
65 1 446096
84 0 446097
190 0 446206
84 1 446232
190 1 446313
32 0 446425
32 1 446507
16 0 446594
65 0 446629
65 1 446769
16 1 446774
83 0 446812
83 1 446936
32 0 446998
32 1 447138
70 0 447725
70 1 447816
73 0 447823
73 1 447887
32 0 447951
32 1 448072
80 0 448163
80 1 448254
82 0 448260
69 0 448324
82 1 448363
69 1 448435
70 0 448572
70 1 448744
69 0 449010
69 1 449129
82 0 449260
65 0 449385
82 1 449386
65 1 449515
84 0 449517
84 1 449575
32 0 449649
83 0 449734
32 1 449765
65 0 449838
83 1 449887
32 0 449928
65 1 449980
32 1 450031
70 0 450113
73 0 450203
70 1 450265
69 0 450295
73 1 450315
69 1 450436
32 0 450439
32 1 450500
80 0 450670
80 1 450751
85 0 450853
84 0 450966
85 1 450968
73 0 451062
84 1 451078
78 0 451161
73 1 451166
78 1 451262
32 0 451345
32 1 451392
77 0 451477
65 0 451548
77 1 451598
73 0 451601
65 1 451679
73 1 451685
32 0 451738
32 1 451850
70 0 453280
70 1 453351
82 0 453431
82 1 453507
73 0 453538
73 1 453667
71 0 453757
71 1 453867
32 0 453956
32 1 454043
67 0 454114
65 0 454216
67 1 454221
65 1 454337
32 0 454366
32 1 454456
83 0 454529
65 0 454611
83 1 454674
65 1 454815
32 0 454924
32 1 454973
78 0 456807
78 1 456887
73 0 456927
73 1 457042
78 0 457305
78 1 457475
71 0 457540
65 0 457671
71 1 457676
65 1 457755
190 0 457802
190 1 457882
32 0 457982
32 1 458068
16 0 458223
16 0 458731
16 0 458771
16 0 458811
16 0 458848
16 0 458893
16 0 458932
16 0 458972
16 0 459010
16 0 459053
16 0 459098
16 0 459138
16 0 459179
16 0 459221
16 0 459260
16 0 459297
16 0 459341
16 0 459379
16 0 459420
16 0 459461
16 1 459499
16 0 459596
83 0 459714
83 1 459815
16 1 459859
65 0 459926
65 1 460017
32 0 460102
83 0 460201
32 1 460223
83 1 460295
69 0 460363
32 0 460414
69 1 460463
32 1 460525
80 0 460628
80 1 460710
85 0 460830
78 0 460880
85 1 460904
65 0 461046
78 1 461050
65 1 461129
32 0 461148
32 1 461228
90 0 461298
65 0 461440
90 1 461469
65 1 461575
80 0 461576
65 0 461685
80 1 461690
65 1 461796
68 0 461996
65 0 462082
68 1 462112
190 0 462195
65 1 462212
190 1 462318
32 0 462435
32 1 462516
16 0 462602
83 0 462690
16 1 462781
83 1 462832
79 0 462896
65 0 462993
79 1 462997
65 1 463129
82 0 463200
69 0 463268
82 1 463319
69 1 463395
76 0 463421
69 0 463532
76 1 463537
69 1 463636
32 0 463676
32 1 463755
65 0 463855
65 1 463971
80 0 463972
80 1 464066
8 0 464316
8 1 464386
66 0 464549
66 1 464652
73 0 464659
73 1 464793
65 0 464833
65 1 464944
32 0 464984
32 1 465076
83 0 465118
83 1 465249
69 0 465334
32 0 465422
69 1 465440
32 1 465541
86 0 465615
69 0 465727
86 1 465747
69 1 465859
68 0 465911
69 0 466038
68 1 466041
69 1 466176
32 0 466426
32 1 466527
80 0 466660
80 1 466733
82 0 466836
73 0 466916
82 1 466943
78 0 467024
73 1 467026
84 0 467109
78 1 467152
84 1 467212
82 0 467322
69 0 467452
82 1 467455
69 1 467556
32 0 467658
32 1 467748
78 0 467847
78 1 467928
79 0 467959
82 0 468061
79 1 468067
82 1 468196
73 0 468199
73 1 468297
190 0 469164
190 1 469232
32 0 469342
32 1 469411
16 0 469709
84 0 469979
84 1 470081
16 1 470087
69 0 470124
69 1 470239
77 0 470297
77 1 470391
80 0 470439
80 1 470551
69 0 470656
69 1 470796
82 0 470887
65 0 470996
82 1 470999
65 1 471098
84 0 471140
84 1 471262
85 0 471292
82 0 471394
85 1 471396
65 0 471514
82 1 471546
65 1 471622
32 0 471637
32 1 471728
78 0 471879
85 0 471971
78 1 472001
85 1 472083
8 0 472519
8 1 472591
8 0 472644
69 0 472759
8 1 472760
69 1 472900
32 0 472929
32 1 472985
85 0 473035
78 0 473150
85 1 473172
68 0 473227
78 1 473258
69 0 473283
68 1 473306
69 1 473385
86 0 473509
65 0 473575
86 1 473616
65 1 473741
32 0 473781
32 1 473872
80 0 473963
69 0 474042
80 1 474072
69 1 474178
32 0 474309
32 1 474327
76 0 474655
76 1 474777
65 0 474836
65 1 474947
32 0 474951
32 1 475027
53 0 475681
53 1 475752
32 0 475774
32 1 475873
54 0 477178
54 1 477240
32 0 477363
32 1 477482
71 0 477561
71 1 477625
82 0 477735
65 0 477838
82 1 477843
65 1 477939
68 0 477979
69 0 478070
68 1 478089
69 1 478216
190 0 479142
190 1 479250
32 0 479371
32 1 479421
16 0 483931
86 0 484114
86 1 484226
16 1 484311
82 0 484449
82 1 484558
69 0 484598
69 1 484693
78 0 484794
69 0 484864
78 1 484936
69 1 484964
65 0 485134
65 1 485254
32 0 485284
32 1 485394
8 0 485750
8 1 485831
8 0 485884
8 1 485942
8 0 486012
8 1 486087
8 0 486143
8 1 486269
77 0 486388
77 1 486541
69 0 486906
69 1 486998
65 0 487138
65 1 487262
32 0 487286
32 1 487385
80 0 487544
80 1 487667
69 0 487803
69 1 487972
82 0 488036
82 1 488113
70 0 488321
70 1 488502
69 0 488521
69 1 488683
67 0 488787
67 1 488817
84 0 489008
84 1 489100
65 0 489119
65 1 489244
32 0 489264
32 1 489374
69 0 489465
69 1 489596
32 0 489598
32 1 489626
73 0 497053
73 1 497164
65 0 497215
65 1 497381
82 0 497384
82 1 497472
78 0 497533
65 0 497603
78 1 497623
65 1 497723
32 0 497744
32 1 497837
67 0 497856
85 0 497957
67 1 497988
85 1 498048
32 0 498118
32 1 498209
78 0 498289
78 1 498415
73 0 498417
73 1 498557
67 0 498587
67 1 498730
83 0 498915
83 1 499054
79 0 499058
79 1 499160
8 0 499353
8 1 499425
8 0 499518
8 1 499553
8 0 499634
8 1 499724
78 0 499849
78 1 499983
83 0 500513
83 1 500632
79 0 500672
65 0 500803
79 1 500808
65 1 500926
82 0 501017
69 0 501078
82 1 501117
32 0 501212
69 1 501239
32 1 501300
188 0 502235
188 1 502295
32 0 502384
32 1 502492
69 0 502703
84 0 502706
84 1 502814
69 1 502858
77 0 503150
77 1 503290
80 0 503446
69 0 503539
80 1 503581
69 1 503670
8 0 503791
8 1 503866
8 0 503924
8 1 504004
8 0 504076
8 1 504147
8 0 504205
8 1 504328
8 0 504431
8 1 504585
84 0 504633
84 1 504749
69 0 504765
69 1 504891
77 0 504971
77 1 505062
80 0 505142
69 0 505233
80 1 505284
69 1 505378
82 0 505439
65 0 505580
82 1 505585
65 1 505722
84 0 505725
84 1 505825
85 0 505887
82 0 505946
85 1 506048
82 1 506067
73 0 506188
73 1 506269
32 0 506342
32 1 506415
73 0 506454
78 0 506534
73 1 506555
78 1 506626
32 0 506726
32 1 506808
74 0 507299
85 0 507369
74 1 507409
82 0 507499
85 1 507530
82 1 507612
32 0 507675
68 0 507822
32 1 507825
69 0 507877
68 1 507937
69 1 508049
32 0 508051
32 1 508139
48 0 508558
48 1 508640
32 0 508740
32 1 508897
71 0 508934
71 1 509003
82 0 509085
65 0 509210
82 1 509211
65 1 509337
68 0 509391
69 0 509424
68 1 509486
69 1 509646
8 0 510518
8 1 510589
8 0 510661
8 1 510752
8 0 510810
8 1 510896
8 0 510991
8 1 511057
8 0 511162
8 1 511222
8 0 511309
8 1 511369
8 0 511445
8 1 511534
189 0 512061
189 1 512144
54 0 512774
54 1 512875
8 0 513140
8 1 513251
53 0 513270
53 1 513361
32 0 513466
32 1 513566
80 0 515356
80 1 515451
65 0 515482
65 1 515572
78 0 515575
78 1 515664
65 0 515714
32 0 515751
65 1 515823
32 1 515853
76 0 515913
76 1 515980
65 0 515998
32 0 516028
65 1 516089
32 1 516132
48 0 516311
48 1 516445
32 0 516556
32 1 516670
70 0 517087
70 1 517187
82 0 517338
82 1 517515
8 0 517647
8 1 517727
8 0 517788
71 0 517882
8 1 517917
71 1 517971
82 0 518043
65 0 518145
82 1 518163
65 1 518294
68 0 518336
69 0 518397
68 1 518449
69 1 518624
188 0 520895
188 1 520972
32 0 521063
32 1 521192
90 0 521976
65 0 522126
90 1 522178
65 1 522268
80 0 522318
65 0 522377
80 1 522428
65 1 522502
68 0 522616
65 0 522701
68 1 522728
65 1 522828
32 0 522889
32 1 522991
80 0 523102
80 1 523173
85 0 523294
83 0 523425
85 1 523432
65 0 523523
83 1 523574
190 0 523636
65 1 523714
190 1 523718
32 0 523837
32 1 523904
16 0 524048
16 0 524560
16 0 524602
80 0 524630
16 1 524714
80 1 524764
69 0 524822
69 1 524973
78 0 524999
84 0 525117
78 1 525121
84 1 525219
82 0 525266
85 0 525348
82 1 525410
85 1 525463
32 0 525526
86 0 525624
32 1 525644
86 1 525755
82 0 525966
82 1 526107
65 0 526274
65 1 526404
8 0 526611
8 1 526661
8 0 526732
65 0 526833
8 1 526854
65 1 526984
82 0 527089
65 0 527212
82 1 527213
65 1 527331
32 0 527335
32 1 527390
80 0 529900
80 1 529961
82 0 530116
69 0 530285
82 1 530291
69 1 530448
70 0 530593
70 1 530735
69 0 530759
69 1 530929
82 0 531059
65 0 531200
82 1 531206
65 1 531384
77 0 531512
77 1 531606
32 0 531710
32 1 531788
67 0 531968
65 0 532042
67 1 532063
76 0 532154
65 1 532174
76 1 532266
68 0 532359
68 1 532468
85 0 532518
85 1 532664
82 0 532754
65 0 532847
82 1 532886
65 1 533004
32 0 533008
32 1 533119
8 0 534576
8 1 534667
188 0 534808
188 1 534869
32 0 534967
32 1 535037
77 0 535161
65 0 535282
77 1 535302
88 0 535463
65 1 535483
88 1 535653
73 0 535784
73 1 535986
77 0 536025
77 1 536151
32 0 536241
32 1 536352
51 0 538278
51 1 538339
51 0 538406
51 1 538506
32 0 538547
32 1 538701
71 0 539003
71 1 539127
82 0 539247
65 0 539389
82 1 539392
65 1 539512
68 0 539604
69 0 539663
68 1 539719
69 1 539810
32 0 539840
83 0 539951
32 1 539956
73 0 540061
83 1 540114
73 1 540156
80 0 540388
76 0 540488
80 1 540539
76 1 540665
79 0 540757
79 1 540907
8 0 541046
8 1 541122
8 0 541171
8 1 541263
8 0 541312
8 1 541414
32 0 541537
32 1 541616
80 0 541708
76 0 541829
80 1 541860
76 1 541912
79 0 541980
79 1 542126
65 0 542168
65 1 542310
85 0 542452
73 0 542452
85 1 542499
69 0 542549
73 1 542552
69 1 542698
8 0 543039
8 1 543079
8 0 543152
8 1 543212
8 0 543292
8 1 543399
73 0 543504
69 0 543596
73 1 543639
69 1 543751
32 0 543811
32 1 543860
83 0 544716
83 1 544886
67 0 544915
85 0 545017
67 1 545037
85 1 545143
82 0 545203
82 1 545342
84 0 545422
65 0 545528
84 1 545530
65 1 545640
32 0 545642
68 0 545741
32 1 545745
69 0 545792
68 1 545843
32 0 545903
69 1 545923
32 1 546025
86 0 546490
65 0 546634
86 1 546638
65 1 546747
82 0 546777
65 0 546907
82 1 546928
65 1 547019
190 0 547109
190 1 547224
16 0 576987
90 0 577109
16 1 577195
90 1 577212
73 0 577333
73 1 577398
85 0 577488
65 0 577595
85 1 577597
65 1 577690
32 0 577693
32 1 577794
73 0 577894
73 1 578026
68 0 578067
69 0 578156
68 1 578180
69 1 578279
65 0 578329
65 1 578477
76 0 578544
65 0 578706
76 1 578711
65 1 578819
8 0 579022
8 0 579530
8 0 579569
8 0 579610
8 0 579649
8 0 579691
8 0 579731
8 0 579772
8 0 579813
8 0 579852
8 0 579895
8 0 579938
8 0 579976
8 0 580020
8 0 580058
8 1 580088
16 0 580263
70 0 580351
16 1 580439
70 1 580465
73 0 580557
69 0 580639
73 1 580657
69 1 580751
67 0 580883
65 0 580974
67 1 580995
65 1 581086
82 0 581115
69 0 581187
82 1 581287
69 1 581338
32 0 581343
32 1 581441
90 0 581692
73 0 581795
90 1 581844
73 1 581888
32 0 581960
69 0 582010
32 1 582051
69 1 582142
32 0 582162
32 1 582253
73 0 582426
73 1 582548
68 0 582606
69 0 582739
68 1 582746
65 0 582828
69 1 582831
65 1 582980
76 0 583017
76 1 583127
65 0 583167
65 1 583259
32 0 583262
32 1 583338
73 0 583424
78 0 583513
73 1 583516
78 1 583595
32 0 583679
32 1 583805
8 0 585326
8 1 585397
8 0 585502
8 1 585560
8 0 585646
8 1 585764
68 0 586170
68 1 586270
85 0 586312
85 1 586389
80 0 586514
65 0 586555
80 1 586608
65 1 586686
32 0 586750
67 0 586856
32 1 586859
67 1 586966
85 0 586998
85 1 587096
77 0 591690
77 1 591851
8 0 599123
8 0 599633
8 0 599669
8 0 599709
8 0 599750
8 0 599791
8 0 599832
8 0 599870
8 0 599910
8 0 599951
8 0 599993
8 0 600036
8 0 600078
8 0 600120
8 0 600160
8 0 600200
8 1 600231
8 0 600396
8 1 600483
8 0 600564
8 1 600605
32 0 600971
32 1 601065
80 0 601157
79 0 601268
80 1 601315
65 0 601385
79 1 601389
65 1 601507
84 0 601602
69 0 601643
84 1 601724
32 0 601747
69 1 601803
32 1 601844
70 0 601864
73 0 601967
70 1 602014
73 1 602049
32 0 602123
69 0 602222
32 1 602251
69 1 602373
8 0 602607
8 1 602687
73 0 602778
68 0 602871
73 1 602910
69 0 602933
68 1 602982
65 0 603057
69 1 603107
65 1 603188
76 0 603342
65 0 603433
76 1 603450
65 1 603520
190 0 603543
190 1 603624
32 0 603734
32 1 603793
16 0 603957
16 0 604463
16 0 604509
16 0 604548
16 0 604588
16 0 604632
16 0 604669
16 0 604711
84 0 604741
84 1 604821
16 1 604828
82 0 604901
69 0 604991
82 1 605012
69 1 605067
90 0 605199
90 1 605331
73 0 605350
73 1 605455
82 0 605541
69 0 605615
82 1 605675
32 0 605715
69 1 605764
32 1 605806
80 0 605888
69 0 605965
80 1 605969
69 1 606062
32 0 606102
32 1 606164
76 0 606195
65 0 606293
76 1 606297
32 0 606366
65 1 606417
32 1 606465
56 0 607440
56 1 607512
188 0 609218
188 1 609289
32 0 609399
32 1 609459
78 0 609584
85 0 609653
78 1 609705
85 1 609744
32 0 609793
83 0 609874
32 1 609915
83 1 610017
79 0 610020
77 0 610110
79 1 610117
77 1 610234
65 0 610276
65 1 610335
8 0 610610
8 1 610679
8 0 610768
8 1 610829
8 0 610911
8 1 610980
8 0 611050
8 1 611148
8 0 611290
8 1 611403
8 0 611478
8 1 611570
8 0 611645
8 1 611737
82 0 612763
82 1 612906
85 0 612986
85 1 613118
84 0 613179
84 1 613291
73 0 613340
73 1 613454
78 0 613524
65 0 613629
78 1 613633
65 1 613750
32 0 613753
32 1 613859
68 0 613909
69 0 613959
68 1 614001
32 0 614039
69 1 614080
32 1 614154
68 0 614226
68 1 614337
73 0 614340
73 1 614450
77 0 614518
77 1 614662
73 0 614665
73 1 614773
78 0 614823
69 0 614956
78 1 615025
65 0 615054
69 1 615085
65 1 615204
84 0 615282
65 0 615355
84 1 615386
65 1 615517
32 0 615575
32 1 615659
8 0 616041
8 1 616147
188 0 616350
188 1 616461
32 0 616554
32 1 616600
85 0 617935
78 0 618045
85 1 618087
78 1 618150
32 0 618232
32 1 618312
77 0 618443
73 0 618534
77 1 618584
67 0 618668
73 1 618672
67 1 618769
32 0 618809
32 1 618940
68 0 618989
69 0 619081
68 1 619130
69 1 619208
74 0 619815
85 0 619894
74 1 619925
85 1 620027
78 0 620030
78 1 620148
32 0 620505
32 1 620615
67 0 620668
85 0 620740
67 1 620769
85 1 620821
32 0 620881
32 1 620942
79 0 623416
79 1 623531
65 0 623609
65 1 623684
8 0 623973
8 1 624053
85 0 624174
65 0 624262
85 1 624282
65 1 624373
32 0 624453
83 0 624553
32 1 624555
83 1 624708
73 0 624737
73 1 624809
32 0 624879
32 1 624994
66 0 625119
65 0 625233
66 1 625237
65 1 625369
67 0 625497
67 1 625588
79 0 625591
79 1 625669
78 0 625703
78 1 625824
188 0 628802
188 1 628887
32 0 629652
32 1 629714
65 0 629968
65 1 630059
80 0 630107
80 1 630220
73 0 630326
73 1 630459
8 0 630793
8 1 630884
79 0 630992
79 1 631075
73 0 631165
73 1 631249
32 0 631321
32 1 631411
79 0 633424
79 1 633494
32 0 633616
32 1 633705
73 0 633819
73 1 633953
69 0 634154
69 1 634247
83 0 634371
83 1 634493
73 0 634518
73 1 634621
82 0 634796
69 0 634876
82 1 634960
32 0 634986
69 1 635006
32 1 635096
67 0 635136
67 1 635262
85 0 635265
85 1 635366
32 0 635586
32 1 635676
83 0 635944
65 0 636073
83 1 636092
65 1 636164
77 0 636341
77 1 636444
85 0 636492
85 1 636623
82 0 636693
65 0 636797
82 1 636817
65 1 636918
73 0 637008
73 1 637080
85 0 637189
85 1 637305
32 0 637569
32 1 637626
80 0 639864
69 0 639968
80 1 639984
69 1 640087
32 0 640157
67 0 640256
32 1 640259
67 1 640372
79 0 640431
65 0 640523
79 1 640547
65 1 640665
83 0 640687
83 1 640873
8 0 641272
8 1 641337
8 0 641421
8 1 641477
8 0 641539
8 1 641622
8 0 641690
8 1 641789
77 0 641935
77 1 642067
85 0 642096
78 0 642198
85 1 642217
67 0 642365
78 1 642371
67 1 642567
69 0 642574
69 1 642606
8 0 642806
84 0 642922
8 1 642926
69 0 643014
84 1 643042
69 1 643092
8 0 643095
8 1 643193
8 0 643266
8 1 643373
84 0 643432
84 1 643491
8 0 643613
8 1 643694
8 0 643829
84 0 643979
8 1 643983
69 0 644060
84 1 644090
69 1 644172
190 0 644191
190 1 644334
32 0 644490
32 1 644552
73 0 645295
78 0 645382
73 1 645453
78 1 645507
32 0 645573
32 1 645745
84 0 646356
84 1 646458
82 0 646539
65 0 646650
82 1 646672
65 1 646772
73 0 646791
73 1 646917
83 0 647484
83 1 647629
84 0 647777
65 0 647882
84 1 647886
65 1 648022
32 0 648043
32 1 648135
79 0 648431
79 1 648543
32 0 648688
32 1 648754
66 0 651826
66 1 651945
85 0 651991
85 1 652103
67 0 652203
65 0 652305
67 1 652326
65 1 652419
84 0 652470
65 0 652561
84 1 652603
65 1 652692
32 0 652713
68 0 652833
32 1 652834
69 0 652886
68 1 652936
69 1 653007
32 0 653026
32 1 653118
67 0 653137
65 0 653227
67 1 653259
65 1 653349
82 0 653392
82 1 653530
78 0 653627
65 0 653706
78 1 653799
65 1 653819
84 0 653849
84 1 653974
32 0 654001
32 1 654093
83 0 654172
73 0 654263
83 1 654304
73 1 654324
32 0 654418
32 1 654531
83 0 655831
83 1 655933
76 0 655993
76 1 656104
65 0 656134
65 1 656256
78 0 656553
78 1 656695
73 0 656700
73 1 656796
67 0 656929
67 1 657110
65 0 657130
65 1 657251
8 0 657498
8 1 657538
8 0 657609
8 1 657690
78 0 657793
65 0 657851
78 1 657880
65 1 657955
32 0 657985
32 1 658075
83 0 658094
73 0 658135
83 1 658236
73 1 658239
32 0 658285
32 1 658387
66 0 658481
66 1 658613
82 0 658661
65 0 658824
82 1 658826
78 0 658874
65 1 658916
78 1 659031
90 0 659122
65 0 659253
90 1 659272
65 1 659425
190 0 659682
190 1 659782
32 0 659916
32 1 659956
50 0 660359
50 1 660466
32 0 661175
32 1 661279
67 0 661357
69 0 661471
67 1 661502
69 1 661575
80 0 661623
69 0 661700
80 1 661733
69 1 661838
32 0 661875
32 1 661989
82 0 662119
82 1 662230
79 0 662340
79 1 662518
83 0 663197
83 1 663463
73 0 663589
73 1 663626
73 0 663705
73 1 663797
32 0 663911
32 1 664040
83 0 664641
83 1 664792
73 0 664842
73 1 664927
32 0 664990
32 1 665098
51 0 667071
51 1 667188
32 0 667240
32 1 667380
52 0 667461
32 0 667521
52 1 667575
32 1 667644
80 0 667837
80 1 667897
82 0 668736
82 1 668877
73 0 668938
69 0 669047
73 1 669050
69 1 669233
84 0 669381
69 0 669517
84 1 669518
69 1 669629
78 0 669763
73 0 669873
78 1 669890
73 1 669992
190 0 670095
190 1 670186
32 0 670285
32 1 670347
16 0 670549
83 0 670812
83 1 670934
16 1 670938
79 0 671037
79 1 671130
65 0 671171
65 1 671301
82 0 671305
69 0 671393
82 1 671423
32 0 671604
69 1 671620
32 1 671660
83 0 673592
83 1 673732
73 0 673735
73 1 673814
32 0 673864
32 1 673985
86 0 674013
79 0 674109
86 1 674159
79 1 674178
73 0 674250
69 0 674331
73 1 674372
69 1 674473
32 0 674566
32 1 674681
66 0 675447
66 1 675574
85 0 675574
85 1 675698
78 0 675699
65 0 675816
78 1 675818
65 1 675926
190 0 676955
190 1 677016
32 0 677111
32 1 677182
74 0 677864
85 0 677943
74 1 677964
85 1 678096
77 0 678136
65 0 678279
77 1 678281
65 1 678424
32 0 678424
32 1 678519
68 0 678667
69 0 678829
68 1 678849
69 1 678980
32 0 679884
32 1 679985
82 0 680951
69 0 681042
82 1 681072
69 1 681132
8 0 681489
65 0 681541
8 1 681595
65 1 681681
67 0 681792
67 1 681898
72 0 681918
72 1 682049
73 0 682053
73 1 682155
85 0 682843
85 1 682948
32 0 683068
32 1 683141
190 0 684677
190 1 684736
8 0 685324
8 1 685405
8 0 685507
8 1 685576
190 0 685672
190 1 685773
32 0 685999
32 1 686043
77 0 691633
77 1 691734
65 0 691785
65 1 691917
78 0 692008
78 1 692103
67 0 692223
65 0 692323
67 1 692352
65 1 692485
84 0 692681
84 1 692792
32 0 692842
32 1 692933
73 0 692983
78 0 693074
73 1 693123
78 1 693188
32 0 693278
32 1 693358
86 0 693756
65 0 693876
86 1 693899
65 1 694029
82 0 694080
82 1 694205
70 0 694690
70 1 694831
85 0 694851
85 1 694943
76 0 695144
76 1 695220
32 0 695440
32 1 695512
77 0 695623
85 0 695759
77 1 695762
85 1 695880
78 0 695883
78 1 696041
84 0 696135
69 0 696207
84 1 696266
69 1 696328
76 0 696371
76 1 696469
85 0 696591
85 1 696715
73 0 696776
73 1 696877
188 0 697060
188 1 697100
32 0 697190
32 1 697312
67 0 697392
67 1 697514
85 0 697543
85 1 697695
84 0 697790
84 1 697902
82 0 697972
69 0 698078
82 1 698113
69 1 698188
73 0 698330
69 0 698461
73 1 698480
69 1 698582
82 0 698662
65 0 698780
82 1 698781
65 1 698889
84 0 698892
32 0 699020
84 1 699025
32 1 699120
67 0 699159
85 0 699222
67 1 699283
85 1 699303
32 0 699383
32 1 699454
77 0 699524
65 0 699575
77 1 699605
65 1 699687
83 0 699730
83 1 699874
73 0 699914
78 0 700035
73 1 700038
65 0 700135
78 1 700176
65 1 700249
188 0 700340
188 1 700422
32 0 700506
32 1 700552
79 0 701824
79 1 701905
80 0 702086
80 1 702212
82 0 702278
82 1 702390
73 0 702393
73 1 702563
84 0 702673
84 1 702778
32 0 702804
32 1 702900
80 0 703001
69 0 703100
80 1 703103
69 1 703212
32 0 703215
32 1 703275
76 0 703335
76 1 703396
65 0 703416
65 1 703507
32 0 703510
32 1 703578
86 0 703667
86 1 703783
82 0 703894
69 0 703944
82 1 704005
65 0 704055
69 1 704096
65 1 704156
32 0 704282
32 1 704353
8 0 704624
8 1 704679
8 0 704758
8 1 704841
79 0 704931
79 1 705033
32 0 705137
32 1 705224
83 0 705243
83 1 705368
84 0 705448
84 1 705550
82 0 705660
82 1 705818
65 0 705868
65 1 705991
8 0 706182
8 1 706211
8 0 706299
65 0 706425
8 1 706428
65 1 706558
78 0 706679
78 1 706780
65 0 706846
65 1 706977
188 0 707756
188 1 707832
32 0 707936
32 1 708014
67 0 708406
67 1 708538
79 0 708598
79 1 708731
66 0 709089
66 1 709170
79 0 709230
79 1 709337
82 0 709396
65 0 709545
82 1 709565
65 1 709688
84 0 709691
84 1 709802
32 0 709821
32 1 709923
65 0 709974
83 0 710099
65 1 710113
83 1 710341
69 0 710671
65 0 710849
69 1 710855
65 1 710990
82 0 711032
82 1 711161
65 0 711191
65 1 711376
8 0 711657
8 1 711738
8 0 711813
8 1 711887
8 0 711935
8 1 712004
8 0 712076
8 1 712135
8 0 712207
8 1 712277
8 0 712341
83 0 712430
8 1 712462
83 1 712503
69 0 712573
65 0 712704
69 1 712725
65 1 712860
82 0 712879
65 0 713010
82 1 713013
65 1 713111
32 0 713182
32 1 713293
73 0 713367
78 0 713437
73 1 713478
78 1 713569
32 0 713658
32 1 713770
83 0 717162
65 0 717292
83 1 717398
65 1 717520
84 0 717577
84 1 717698
32 0 718562
32 1 718642
83 0 718783
83 1 718929
73 0 719021
73 1 719110
32 0 719191
32 1 719261
83 0 719477
83 1 719598
84 0 719668
65 0 719789
84 1 719792
65 1 719873
84 0 719903
84 1 720036
32 0 720064
32 1 720206
67 0 720286
67 1 720401
85 0 720683
85 1 720836
32 0 720910
32 1 721032
70 0 721036
65 0 721204
70 1 721207
65 1 721286
77 0 721630
77 1 721762
73 0 721763
73 1 721854
76 0 721959
76 1 722038
73 0 722112
73 1 722252
65 0 722332
65 1 722477
32 0 722515
32 1 722606
80 0 722696
65 0 722787
80 1 722790
65 1 722902
78 0 722905
65 0 722994
78 1 723035
65 1 723075
32 0 723125
32 1 723206
76 0 723266
65 0 723337
76 1 723340
65 1 723431
32 0 723433
32 1 723532
83 0 723631
79 0 723702
83 1 723773
79 1 723814
77 0 723833
77 1 723949
78 0 724160
78 1 724244
190 0 724448
190 1 724516
32 0 724850
32 1 724894
16 0 742990
77 0 743237
77 1 743360
16 1 743362
85 0 743519
85 1 743582
76 0 743703
76 1 743803
84 0 743884
84 1 743944
73 0 744029
73 1 744100
8 0 744392
8 1 744475
67 0 744568
67 1 744661
82 0 744828
82 1 744919
73 0 744922
73 1 745046
84 0 745076
84 1 745170
73 0 745208
73 1 745299
67 0 745409
65 0 745500
67 1 745544
65 1 745627
84 0 745805
84 1 745909
85 0 745911
85 1 746017
76 0 746132
76 1 746202
32 0 746262
32 1 746347
83 0 747258
83 1 747392
73 0 747458
73 1 747585
83 0 747625
83 1 747736
84 0 747785
69 0 747896
84 1 747925
69 1 748016
77 0 748215
77 1 748327
32 0 748414
32 1 748485
68 0 748744
69 0 748834
68 1 748864
69 1 748975
32 0 749053
32 1 749161
8 0 750637
8 1 750708
8 0 750778
8 1 750849
8 0 750907
8 1 750979
69 0 751123
68 0 751276
69 1 751308
68 1 751413
73 0 751449
73 1 751560
8 0 751926
8 1 752016
73 0 752076
85 0 752120
73 1 752123
67 0 752228
85 1 752229
67 1 752355
65 0 752385
65 1 752478
84 0 752545
73 0 752659
84 1 752693
73 1 752773
8 0 752963
8 1 753150
8 0 753240
8 1 753283
8 0 753362
8 1 753425
8 0 753491
8 1 753550
8 0 753627
8 1 753666
8 0 753749
8 1 753817
85 0 753950
85 1 754092
67 0 754124
67 1 754226
65 0 754248
65 1 754347
84 0 754406
73 0 754486
84 1 754529
73 1 754588
79 0 754661
79 1 754745
78 0 754776
65 0 754893
78 1 754916
65 1 755015
76 0 755034
76 1 755121
32 0 755189
68 0 755250
32 1 755280
68 1 755391
73 0 755394
78 0 755494
73 1 755510
78 1 755593
32 0 755669
32 1 755716
82 0 756238
82 1 756359
79 0 756459
79 1 756541
8 0 756683
8 1 756753
8 0 756813
8 1 756876
16 0 756999
82 0 757066
82 1 757132
16 1 757160
79 0 757264
79 1 757366
65 0 757466
65 1 757567
77 0 757631
77 1 757753
78 0 757912
73 0 758023
78 1 758074
65 0 758198
73 1 758205
65 1 758288
8 0 758459
8 1 758519
8 0 758611
8 1 758665
8 0 758756
8 1 758797
8 0 758877
8 1 758938
77 0 759195
77 1 759297
8 0 759455
8 1 759508
8 0 759578
8 1 759662
77 0 759765
65 0 759845
77 1 759846
65 1 759954
78 0 759984
73 0 760094
78 1 760125
73 1 760215
65 0 760231
65 1 760353
32 0 760393
32 1 760462
8 0 760810
8 1 760890
188 0 761061
188 1 761143
32 0 761246
32 1 761297
78 0 761388
85 0 761468
78 1 761509
85 1 761549
32 0 761609
69 0 761692
32 1 761714
69 1 761789
32 0 761804
32 1 761894
67 0 762035
67 1 762192
72 0 762192
72 1 762348
73 0 762524
73 1 762668
65 0 762752
82 0 762884
65 1 762901
82 1 762991
32 0 763035
32 1 763145
65 0 763166
83 0 763289
65 1 763309
83 1 763363
65 0 763532
65 1 763677
32 0 763747
32 1 763838
68 0 763908
69 0 764009
68 1 764028
32 0 764088
69 1 764172
32 1 764204
82 0 764374
65 0 764497
82 1 764502
65 1 764639
89 0 764853
85 0 764854
89 1 764873
85 1 764915
8 0 765301
8 1 765373
8 0 765443
8 1 765517
85 0 765645
89 0 765665
89 1 765688
85 1 765707
190 0 765899
190 1 765973
8 0 766246
8 1 766296
8 0 766377
8 1 766469
190 0 766722
190 1 766814
32 0 767452
32 1 767513
16 0 769671
65 0 769793
65 1 769956
16 1 769979
76 0 770117
76 1 770188
84 0 770393
84 1 770484
70 0 770625
69 0 770705
70 1 770749
69 1 770823
76 0 770880
76 1 771032
8 0 773492
8 1 773572
8 0 773768
8 1 773849
8 0 773921
8 1 774002
8 0 774047
8 1 774131
8 0 774204
8 1 774266
8 0 774347
8 1 774438
16 0 774629
68 0 774738
68 1 774834
16 1 774841
79 0 774954
65 0 775076
79 1 775076
82 0 775146
65 1 775164
32 0 775270
82 1 775273
32 1 775351
78 0 775433
85 0 775504
78 1 775563
85 1 775615
32 0 775666
69 0 775733
32 1 775759
69 1 775869
32 0 775871
32 1 775958
80 0 776412
80 1 776510
76 0 776663
76 1 776750
73 0 776865
73 1 776976
78 0 777077
78 1 777178
65 0 777248
65 1 777349
32 0 777385
32 1 777495
82 0 777598
82 1 777708
79 0 777710
79 1 777783
77 0 777861
65 0 777992
77 1 777998
65 1 778072
78 0 778164
78 1 778289
73 0 778291
73 1 778382
65 0 778405
65 1 778512
32 0 778560
32 1 778683
68 0 779486
69 0 779589
68 1 779627
32 0 779718
69 1 779758
32 1 779822
82 0 781477
82 1 781578
79 0 781667
79 1 781802
77 0 782002
77 1 782135
65 0 782155
65 1 782274
78 0 782400
73 0 782506
78 1 782524
73 1 782618
32 0 782703
32 1 782819
80 0 783261
80 1 783348
82 0 783420
82 1 783535
79 0 783591
79 1 783663
83 0 783712
83 1 783819
84 0 783895
84 1 784008
73 0 784110
73 1 784221
190 0 784365
190 1 784456
32 0 784595
32 1 784636
16 0 786371
83 0 786452
83 1 786595
16 1 786599
85 0 786744
85 1 786870
78 0 786900
84 0 787040
78 1 787042
84 1 787130
32 0 787182
32 1 787261
79 0 787351
79 1 787420
32 0 787540
32 1 787641
71 0 787802
71 1 787927
82 0 788007
65 0 788129
82 1 788130
65 1 788239
77 0 788315
77 1 788455
65 0 788515
65 1 788655
68 0 788921
65 0 789075
68 1 789076
65 1 789166
32 0 789212
32 1 789252
68 0 800400
69 0 800526
68 1 800566
69 1 800697
32 0 800700
32 1 800838
8 0 802062
8 1 802147
8 0 802184
8 1 802290
8 0 802344
8 1 802416
8 0 802480
8 0 802989
8 0 803029
8 0 803068
8 0 803111
8 0 803148
8 0 803191
8 0 803230
8 0 803269
8 0 803310
8 0 803351
8 0 803391
8 0 803430
8 0 803475
8 1 803516
8 0 803839
8 1 803957
16 0 808503
16 0 809010
16 0 809050
16 0 809092
16 0 809137
16 0 809173
16 0 809212
16 0 809254
16 0 809294
16 0 809334
16 0 809375
16 0 809413
16 0 809453
16 1 809488
16 0 810186
65 0 810441
16 1 810565
65 1 810587
82 0 810715
82 1 810811
32 0 810878
84 0 810957
32 1 811001
84 1 811041
82 0 811141
69 0 811264
82 1 811295
69 1 811386
66 0 811975
85 0 812078
66 1 812119
85 1 812198
73 0 812258
73 1 812349
32 0 812411
32 1 812525
79 0 814834
79 1 814946
65 0 814985
65 1 815112
77 0 815221
77 1 815353
69 0 815482
69 1 815588
78 0 815711
78 1 815828
73 0 815858
73 1 815981
32 0 816054
32 1 816126
77 0 816216
65 0 816269
77 1 816319
73 0 816357
65 1 816410
73 1 816468
32 0 816553
32 1 816645
80 0 816742
80 1 816825
82 0 816876
69 0 816955
82 1 816975
69 1 817061
71 0 817155
65 0 817298
71 1 817300
65 1 817404
84 0 817466
84 1 817610
73 0 817613
73 1 817753
84 0 817782
84 1 817924
73 0 817983
73 1 818067
32 0 818116
32 1 818177
73 0 822902
78 0 823063
73 1 823118
78 1 823148
32 0 823259
32 1 823370
73 0 823498
78 0 823609
73 1 823624
78 1 823761
86 0 823908
65 0 824030
86 1 824049
65 1 824155
84 0 824195
65 0 824346
84 1 824351
65 1 824466
77 0 824541
77 1 824642
65 0 824693
65 1 824792
78 0 824862
78 1 824994
84 0 825128
84 1 825189
190 0 825331
190 1 825421
32 0 825543
32 1 825605
16 0 825841
83 0 825929
83 1 826062
16 1 826068
73 0 826205
73 1 826337
32 0 826445
32 1 826517
78 0 826620
85 0 826693
78 1 826757
85 1 826777
32 0 826825
32 1 826915
78 0 826995
69 0 827035
78 1 827096
65 0 827190
69 1 827210
65 1 827312
80 0 827342
80 1 827473
65 0 827493
65 1 827712
82 0 827742
82 1 827871
65 0 827913
65 1 828052
84 0 828053
84 1 828150
32 0 828258
32 1 828357
84 0 828528
69 0 828633
84 1 828653
69 1 828777
72 0 828907
72 1 829040
78 0 829233
78 1 829416
73 0 830055
73 1 830169
67 0 830249
67 1 830381
73 0 830421
73 1 830505
32 0 830647
32 1 830767
8 0 831214
8 1 831295
188 0 831446
188 1 831509
32 0 831607
67 0 831678
32 1 831712
65 0 831822
67 1 831825
65 1 831944
84 0 832034
32 0 832169
84 1 832174
32 1 832249
67 0 832729
67 1 832850
85 0 832893
85 1 833011
32 0 833095
32 1 833215
68 0 834404
68 1 834562
82 0 834663
65 0 834759
82 1 834766
65 1 834892
71 0 835001
71 1 835143
79 0 835188
83 0 835306
79 1 835329
83 1 835398
84 0 835468
69 0 835548
84 1 835588
69 1 835695
32 0 835717
32 1 835805
80 0 835895
69 0 835985
80 1 835988
69 1 836119
78 0 836123
84 0 836221
78 1 836271
84 1 836313
82 0 836383
85 0 836466
82 1 836514
85 1 836565
32 0 836614
32 1 836708
77 0 837100
69 0 837171
77 1 837227
69 1 837267
83 0 837421
83 1 837519
69 0 837599
69 1 837705
82 0 837767
82 1 837887
73 0 837892
73 1 838000
69 0 838187
69 1 838273
190 0 838332
190 1 838414
16 0 839402
80 0 839869
16 1 839950
80 1 839968
79 0 840058
79 1 840137
65 0 840178
65 1 840324
84 0 840354
69 0 840424
84 1 840464
32 0 840525
69 1 840565
32 1 840584
83 0 841369
83 1 841462
8 0 841948
8 1 842018
79 0 842150
79 1 842245
32 0 842353
32 1 842424
77 0 842494
65 0 842575
77 1 842626
65 1 842716
82 0 842771
82 1 842882
73 0 842886
73 1 843025
82 0 843045
69 0 843186
82 1 843215
69 1 843321
32 0 843324
32 1 843410
68 0 843450
69 0 843510
68 1 843561
69 1 843642
32 0 843645
32 1 843722
76 0 843807
65 0 843847
76 1 843878
65 1 843959
8 0 844090
8 1 844160
8 0 844235
8 1 844337
83 0 844388
65 0 844508
83 1 844547
65 1 844659
76 0 844660
76 1 844785
65 0 844807
65 1 844952
82 0 845030
82 1 845159
73 0 845162
73 1 845232
73 0 845296
73 1 845373
32 0 845445
32 1 845574
65 0 846021
65 1 846155
82 0 846158
82 1 846258
32 0 846349
32 1 846450
65 0 846649
65 1 846825
82 0 847069
82 1 847190
8 0 847506
84 0 847585
8 1 847588
84 1 847678
82 0 847738
82 1 847905
65 0 847945
65 1 848147
71 0 848227
69 0 848300
71 1 848321
69 1 848391
32 0 848472
32 1 848561
77 0 848662
65 0 848787
77 1 848789
73 0 848858
65 1 848878
73 1 848939
32 0 849020
32 1 849100
77 0 849191
77 1 849327
85 0 849348
85 1 849468
76 0 849572
76 1 849653
84 0 849878
84 1 849979
73 0 850028
73 1 850130
190 0 850465
190 1 850545
16 0 871716
67 0 871980
67 1 872090
16 1 872153
65 0 872343
65 1 872497
8 0 872932
8 1 873004
8 0 873074
8 1 873155
16 0 873286
83 0 873338
83 1 873463
16 1 873470
84 0 873702
84 1 873823
85 0 873875
85 1 874002
68 0 874062
68 1 874191
69 0 874271
69 1 874405
78 0 874434
78 1 874588
84 0 874663
84 1 874769
73 0 874798
73 1 874862
73 0 874932
73 1 874997
32 0 875077
65 0 875198
32 1 875202
65 1 875330
82 0 875333
82 1 875431
32 0 875534
32 1 875655
84 0 875658
84 1 875756
82 0 875836
69 0 875938
82 1 875971
69 1 876054
66 0 876103
85 0 876193
66 1 876224
85 1 876296
73 0 876377
73 1 876490
32 0 876612
32 1 876701
83 0 876852
65 0 876966
83 1 876987
32 0 877038
65 1 877129
32 1 877149
73 0 877211
73 1 877281
83 0 877475
83 1 877588
73 0 877639
73 1 877721
32 0 877931
32 1 878050
65 0 878109
65 1 878230
76 0 878310
69 0 878371
76 1 878422
65 0 878537
69 1 878541
65 1 878677
71 0 878871
65 0 878975
71 1 878975
65 1 879070
32 0 879174
32 1 879246
80 0 883164
80 1 883217
82 0 883278
82 1 883404
79 0 884088
79 1 884139
70 0 884361
70 1 884463
73 0 884512
73 1 884616
76 0 884725
76 1 884798
69 0 884888
69 1 885010
76 0 885242
76 1 885346
69 0 885406
69 1 885505
32 0 885633
32 1 885752
83 0 885881
83 1 886003
84 0 886087
84 1 886179
82 0 886249
82 1 886390
73 0 886393
71 0 886555
73 1 886558
71 1 886697
32 0 886776
32 1 886877
8 0 887113
84 0 887215
8 1 887217
84 1 887316
8 0 887446
8 1 887509
8 0 887582
67 0 887675
8 1 887677
67 1 887784
84 0 887895
32 0 887988
84 1 887988
32 1 888077
80 0 888188
69 0 888248
80 1 888270
69 1 888350
32 0 888391
32 1 888493
67 0 888577
69 0 888677
67 1 888728
69 1 888800
69 0 889105
69 1 889236
65 0 889265
65 1 889410
32 0 889433
32 1 889528
67 0 889632
69 0 889682
67 1 889702
69 1 889814
32 0 889975
32 1 890090
76 0 890192
65 0 890303
76 1 890306
65 1 890384
8 0 890760
69 0 890810
8 1 890813
69 1 890882
32 0 890973
32 1 891052
80 0 891137
76 0 891206
80 1 891237
65 0 891328
76 1 891330
65 1 891429
67 0 891634
69 0 891716
67 1 891744
69 1 891948
190 0 892276
190 1 892347
32 0 892662
32 1 892701
78 0 894112
78 1 894229
85 0 894269
85 1 894358
32 0 894430
32 1 894530
67 0 894569
67 1 894674
79 0 894676
78 0 894753
79 1 894757
84 0 894894
78 1 894898
69 0 894945
84 1 895046
69 1 895119
65 0 895162
65 1 895243
90 0 895589
65 0 895733
90 1 895769
65 1 895972
32 0 895975
32 1 896054
66 0 896867
65 0 896940
66 1 896980
65 1 897085
78 0 897257
78 1 897361
73 0 897478
73 1 897527
73 0 897597
73 1 897675
188 0 897774
188 1 897865
32 0 897944
32 1 898024
73 0 898117
78 0 898201
73 1 898203
78 1 898372
70 0 899188
70 1 899286
76 0 899291
76 1 899369
85 0 899490
85 1 899621
69 0 899878
69 1 900008
78 0 900193
84 0 900334
78 1 900355
69 0 900408
84 1 900434
69 1 900515
76 0 900596
69 0 900672
76 1 900710
69 1 900772
188 0 900967
188 1 900983
32 0 901064
32 1 901146
68 0 904284
65 0 904357
68 1 904404
65 1 904505
67 0 904511
65 0 904603
67 1 904646
65 1 904740
32 0 904902
32 1 904990
73 0 905060
73 1 905185
84 0 905308
84 1 905420
73 0 905420
73 1 905498
32 0 905578
32 1 905659
80 0 905764
80 1 905855
76 0 905858
65 0 905904
76 1 905966
65 1 906016
67 0 906106
69 0 906147
67 1 906192
69 1 906263
32 0 906283
32 1 906323
86 0 906911
86 1 907012
73 0 907032
73 1 907123
78 0 907153
78 1 907249
32 0 907339
83 0 907430
32 1 907433
73 0 907500
83 1 907521
73 1 907581
32 0 907631
32 1 907735
66 0 907966
65 0 908067
66 1 908088
65 1 908179
78 0 908202
78 1 908305
73 0 908375
73 1 908446
73 0 908567
73 1 908617
190 0 909159
190 1 909229
16 0 944908
65 0 944955
16 1 945077
83 0 945096
65 1 945117
83 1 945209
32 0 945279
32 1 945340
80 0 945421
80 1 945482
85 0 945594
84 0 945717
85 1 945720
69 0 945777
84 1 945838
65 0 945908
69 1 945939
65 1 946055
32 0 946055
32 1 946117
80 0 946214
80 1 946295
82 0 946325
69 0 946417
82 1 946460
69 1 946542
83 0 946664
85 0 946762
83 1 946824
85 1 946874
77 0 947100
77 1 947254
8 0 947414
8 1 947477
80 0 947569
80 1 947650
85 0 947759
78 0 947863
85 1 947880
69 0 947985
78 1 947987
69 1 948079
32 0 948104
32 1 948207
67 0 948257
67 1 948390
65 0 948408
65 1 948491
32 0 948510
32 1 948613
83 0 948695
83 1 948797
67 0 949903
67 1 950024
69 0 950045
69 1 950180
78 0 950246
78 1 950388
65 0 950428
65 1 950555
32 0 950558
32 1 950656
69 0 950760
69 1 950928
32 0 951043
32 1 951122
68 0 951195
68 1 951342
69 0 951362
69 1 951506
32 0 951537
32 1 951610
80 0 951693
80 1 951762
82 0 952569
82 1 952679
73 0 952727
73 1 952833
78 0 952858
78 1 952950
32 0 953034
32 1 953124
80 0 953236
65 0 953316
80 1 953320
65 1 953428
82 0 953432
82 1 953534
76 0 953676
65 0 953766
76 1 953816
65 1 953890
77 0 953939
69 0 954031
77 1 954051
69 1 954187
78 0 954247
84 0 954390
78 1 954391
84 1 954477
85 0 954528
85 1 954651
76 0 954782
76 1 954874
32 0 954944
32 1 955059
71 0 955801
71 1 955882
82 0 955962
69 0 956066
82 1 956095
69 1 956177
67 0 956339
67 1 956499
73 0 956519
69 0 956605
73 1 956635
69 1 956766
32 0 957712
32 1 957811
65 0 957894
65 1 958014
78 0 958019
78 1 958138
84 0 958319
84 1 958425
73 0 958426
73 1 958502
67 0 958596
69 0 958647
67 1 958720
69 1 958788
190 0 958831
190 1 958899
32 0 959019
32 1 959062
80 0 975110
80 1 975199
82 0 975583
82 1 975731
69 0 975757
69 1 975899
79 0 975990
79 1 976130
67 0 976225
67 1 976346
85 0 976349
85 1 976437
80 0 976559
80 1 976659
65 0 976683
65 1 976766
82 0 976825
73 0 976917
82 1 976937
73 1 977016
76 0 977126
69 0 977202
76 1 977263
69 1 977312
32 0 977373
32 1 977455
76 0 1008971
76 1 1009038
79 0 1009104
82 0 1009203
79 1 1009207
32 0 1009315
82 1 1009318
32 1 1009410
69 0 1009813
82 0 1009945
69 1 1009968
65 0 1010099
82 1 1010102
65 1 1010251
85 0 1011781
85 1 1011928
32 0 1012019
32 1 1012149
80 0 1012313
80 1 1012360
82 0 1012412
82 1 1012507
8 0 1012909
8 0 1013416
8 0 1013460
8 0 1013500
8 0 1013540
8 0 1013580
8 0 1013620
8 0 1013661
8 0 1013701
8 0 1013741
8 0 1013782
8 0 1013823
8 0 1013862
8 0 1013904
8 0 1013949
8 0 1013989
8 0 1014029
8 0 1014071
8 0 1014111
8 0 1014152
8 0 1014191
8 1 1014211
8 0 1014374
8 1 1014436
8 0 1014518
8 1 1014591
8 0 1014669
8 1 1014758
16 0 1018983
80 0 1019264
16 1 1019350
82 0 1019393
80 1 1019434
82 1 1019529
79 0 1019569
79 1 1019723
8 0 1020860
69 0 1020951
8 1 1020955
69 1 1021086
79 0 1021166
79 1 1021338
67 0 1021428
67 1 1021553
85 0 1021662
85 1 1021804
80 0 1021916
65 0 1021999
80 1 1022040
65 1 1022102
82 0 1022103
73 0 1022223
82 1 1022241
73 1 1022344
16 0 1022903
191 0 1023129
16 1 1023222
191 1 1023239
16 0 1023442
80 0 1023707
16 1 1023765
80 1 1023799
79 0 1023877
79 1 1023957
76 0 1024033
76 1 1024096
73 0 1024194
73 1 1024297
84 0 1024355
84 1 1024457
73 0 1024458
73 1 1024601
67 0 1024680
65 0 1024741
67 1 1024770
65 1 1024905
188 0 1024973
188 1 1025068
32 0 1025136
32 1 1025260
68 0 1025330
69 0 1025388
68 1 1025439
69 1 1025534
77 0 1025537
77 1 1025669
79 0 1025705
79 1 1025848
67 0 1026106
67 1 1026210
82 0 1026339
65 0 1026461
82 1 1026500
65 1 1026574
84 0 1026616
84 1 1026744
73 0 1026747
73 1 1026896
65 0 1026976
65 1 1027114
32 0 1027232
32 1 1027323
8 0 1029499
8 1 1029576
188 0 1029799
188 1 1029860
32 0 1029930
32 1 1029999
77 0 1038673
69 0 1038735
77 1 1038784
69 1 1038866
82 0 1038869
82 1 1038957
83 0 1039077
83 1 1039232
85 0 1039252
85 1 1039339
76 0 1039435
76 1 1039516
32 0 1039620
32 1 1039700
84 0 1039830
65 0 1039945
84 1 1039946
65 1 1040094
82 0 1040179
82 1 1040260
73 0 1041471
73 1 1041521
73 0 1041590
73 1 1041684
190 0 1041813
190 1 1041926
32 0 1043048
32 1 1043143
16 0 1051348
79 0 1051599
16 1 1051668
79 1 1051715
32 0 1051815
90 0 1051853
32 1 1051924
90 1 1052005
73 0 1052024
73 1 1052108
32 0 1052405
32 1 1052544
79 0 1052711
79 1 1052832
66 0 1053054
66 1 1053165
73 0 1053503
73 1 1053636
83 0 1053654
83 1 1053788
78 0 1053828
85 0 1053948
78 1 1053988
85 1 1054048
73 0 1054120
73 1 1054233
84 0 1054315
65 0 1054397
84 1 1054417
65 1 1054571
32 0 1054572
32 1 1054677
68 0 1054752
68 1 1054864
69 0 1055057
69 1 1055187
8 0 1055617
8 1 1055679
73 0 1055790
78 0 1055881
73 1 1055910
78 1 1055992
32 0 1056071
32 1 1056170
86 0 1056234
86 1 1056337
82 0 1056449
69 0 1056493
82 1 1056542
69 1 1056621
77 0 1056701
77 1 1056807
85 0 1056856
85 1 1056979
82 0 1057077
73 0 1057167
82 1 1057187
73 1 1057261
76 0 1057366
69 0 1057433
76 1 1057465
69 1 1057525
32 0 1057586
32 1 1057676
65 0 1058796
65 1 1058960
76 0 1059027
69 0 1059119
76 1 1059170
65 0 1059264
69 1 1059294
65 1 1059412
32 0 1059412
32 1 1059487
8 0 1059836
8 1 1059923
188 0 1060085
188 1 1060126
32 0 1060208
32 1 1060290
80 0 1060371
80 1 1060421
82 0 1060474
82 1 1060552
79 0 1060555
79 1 1060653
66 0 1060778
65 0 1060870
66 1 1060912
65 1 1060974
66 0 1060999
66 1 1061121
73 0 1061125
73 1 1061226
76 0 1061318
76 1 1061389
32 0 1061510
32 1 1061599
69 0 1061813
69 1 1061946
82 0 1062099
65 0 1062228
82 1 1062233
65 1 1062335
32 0 1062378
32 1 1062454
77 0 1069335
77 1 1069428
85 0 1069515
85 1 1069631
76 0 1069747
76 1 1069865
84 0 1069913
32 0 1070014
84 1 1070018
32 1 1070073
77 0 1070174
65 0 1070244
77 1 1070265
73 0 1070314
65 1 1070362
73 1 1070403
32 0 1070483
83 0 1070564
32 1 1070594
73 0 1070683
83 1 1070704
73 1 1070763
77 0 1070803
77 1 1070941
80 0 1071300
76 0 1071440
80 1 1071467
76 1 1071593
65 0 1071698
65 1 1071779
190 0 1071907
190 1 1071999
8 0 1072371
8 1 1072451
188 0 1072633
188 1 1072714
32 0 1072833
32 1 1072909
78 0 1072999
69 0 1073069
78 1 1073115
69 1 1073180
83 0 1073291
83 1 1073407
84 0 1073588
84 1 1073691
82 0 1073771
69 0 1073933
82 1 1074014
69 1 1074095
83 0 1074258
65 0 1074390
83 1 1074432
65 1 1074568
78 0 1074568
78 1 1074726
84 0 1074786
65 0 1074824
84 1 1074868
65 1 1074979
32 0 1075092
32 1 1075172
8 0 1099032
8 1 1099162
188 0 1099295
188 1 1099385
32 0 1099475
32 1 1099578
71 0 1099689
71 1 1099830
82 0 1099905
73 0 1099993
82 1 1100046
73 1 1100127
74 0 1100360
73 0 1100520
74 1 1100544
73 1 1100656
76 0 1100792
69 0 1100938
76 1 1100944
69 1 1101061
32 0 1101121
32 1 1101243
70 0 1101373
70 1 1101504
73 0 1101640
73 1 1101743
73 0 1101812
78 0 1101919
73 1 1101922
78 1 1102046
68 0 1102068
68 1 1102183
32 0 1102319
32 1 1102410
8 0 1105374
8 0 1105883
8 0 1105922
8 0 1105963
8 0 1106003
8 0 1106044
8 0 1106087
8 0 1106130
8 0 1106167
8 0 1106208
8 0 1106252
8 0 1106290
8 0 1106330
8 1 1106339
8 0 1106492
8 1 1106564
8 0 1106646
8 1 1106708
8 0 1106801
8 1 1106868
8 0 1106950
8 1 1107041
65 0 1107664
65 1 1107785
190 0 1107877
190 1 1107970
32 0 1108056
32 1 1108123
16 0 1118732
67 0 1118823
67 1 1118966
69 0 1119016
16 1 1119024
69 1 1119135
32 0 1119260
70 0 1119329
32 1 1119390
65 0 1119430
70 1 1119450
67 0 1119570
65 1 1119602
67 1 1119718
8 0 1120042
8 1 1120112
8 0 1120204
8 1 1120246
8 0 1120317
8 1 1120386
8 0 1120457
8 1 1120549
69 0 1120691
69 1 1120843
8 0 1121036
8 1 1121095
8 0 1121155
69 0 1121250
8 1 1121253
69 1 1121362
32 0 1121412
32 1 1121522
70 0 1121683
65 0 1121811
70 1 1121831
65 1 1121975
67 0 1122013
67 1 1122164
32 0 1122237
32 1 1122318
79 0 1122393
65 0 1122519
79 1 1122524
65 1 1122620
77 0 1122703
69 0 1122830
77 1 1122831
69 1 1122928
78 0 1123002
78 1 1123123
73 0 1123124
73 1 1123214
73 0 1123265
73 1 1123365
32 0 1123445
68 0 1123524
32 1 1123574
68 1 1123666
73 0 1123667
78 0 1123762
73 1 1123781
78 1 1123862
32 0 1123943
32 1 1124012
73 0 1124133
77 0 1124268
73 1 1124271
65 0 1124358
77 1 1124400
65 1 1124492
71 0 1124605
71 1 1124693
73 0 1124696
73 1 1124788
78 0 1124810
69 0 1124879
69 1 1124940
78 1 1124944
16 0 1125651
191 0 1125752
16 1 1125870
191 1 1125895
32 0 1126066
32 1 1126177
16 0 1126251
83 0 1126350
83 1 1126430
16 1 1126482
69 0 1126531
69 1 1126611
32 0 1126661
32 1 1126777
67 0 1126847
69 0 1126937
67 1 1126968
69 1 1127099
65 0 1127144
65 1 1127285
82 0 1127329
82 1 1127426
84 0 1127557
65 0 1127656
84 1 1127678
65 1 1127784
32 0 1127865
32 1 1127946
16 0 1127984
186 0 1128125
186 1 1128240
48 0 1128392
48 1 1128441
48 0 1128531
48 1 1128675
16 1 1128738
13 0 1129157
13 1 1129215
67 0 1159420
85 0 1159516
67 1 1159544
85 1 1159618
32 0 1159709
32 1 1159838
70 0 1159912
65 0 1160015
70 1 1160044
65 1 1160168
77 0 1160186
77 1 1160308
73 0 1160311
73 1 1160419
76 0 1160492
76 1 1160567
73 0 1160652
69 0 1160715
69 1 1160786
73 1 1160787
8 0 1161322
65 0 1161378
8 1 1161395
65 1 1161478
32 0 1161551
32 1 1161598
17 0 1172806
67 0 1173125
67 1 1173262
17 1 1173266
32 0 1209989
32 1 1210135
16 0 1210957
85 0 1211256
16 1 1211332
85 1 1211363
83 0 1211393
65 0 1211535
83 1 1211566
65 1 1211651
83 0 1211671
83 1 1211846
67 0 1211867
67 1 1212020
8 0 1212271
8 1 1212320
8 0 1212417
8 1 1212457
8 0 1212502
8 1 1212643
8 0 1213486
8 1 1213596
82 0 1213851
65 0 1213982
82 1 1213987
65 1 1214137
83 0 1214166
83 1 1214294
67 0 1214358
67 1 1214494
32 0 1214571
32 1 1214702
67 0 1215038
65 0 1215190
67 1 1215222
65 1 1215343
78 0 1216166
73 0 1216280
78 1 1216306
73 1 1216413
67 0 1216725
67 1 1216862
85 0 1216864
85 1 1216965
76 0 1217083
76 1 1217164
65 0 1217182
65 1 1217295
190 0 1218098
190 1 1218158
16 0 1234064
65 0 1234132
65 1 1234272
16 1 1234276
70 0 1234382
70 1 1234488
65 0 1234507
65 1 1234594
82 0 1234595
65 0 1234680
82 1 1234712
65 1 1234813
32 0 1234853
69 0 1234952
32 1 1234972
69 1 1235046
96 0 1236600
96 1 1236652
8 0 1237310
8 1 1237426
39 0 1238336
39 1 1238434
39 0 1238995
39 1 1239150
8 0 1239513
86 0 1239649
8 1 1239652
86 1 1239801
80 0 1249347
82 0 1249415
80 1 1249436
82 1 1249498
79 0 1249527
79 1 1249645
66 0 1249784
65 0 1249876
66 1 1249881
65 1 1249969
66 0 1249971
66 1 1250112
73 0 1250114
73 1 1250231
76 0 1250311
76 1 1250384
32 0 1250464
32 1 1250553
80 0 1250626
69 0 1250747
80 1 1250751
32 0 1250838
69 1 1250859
32 1 1250949
84 0 1251449
79 0 1251509
79 1 1251645
84 1 1251678
84 0 1251737
84 1 1251891
32 0 1252244
32 1 1252356
70 0 1252425
70 1 1252527
69 0 1252620
69 1 1252671
76 0 1252742
76 1 1252834
85 0 1252964
85 1 1253065
32 0 1253157
68 0 1253228
32 1 1253248
69 0 1253267
68 1 1253298
69 1 1253399
32 0 1253402
32 1 1253490
76 0 1253539
69 0 1253675
76 1 1253677
69 1 1253796
71 0 1253926
71 1 1254047
73 0 1254067
73 1 1254184
32 0 1254264
32 1 1254374
67 0 1254504
67 1 1254605
85 0 1254647
85 1 1254701
8 0 1254894
8 1 1254962
8 0 1255022
8 1 1255095
83 0 1255158
83 1 1255280
73 0 1255728
73 1 1255821
32 0 1255914
67 0 1255988
32 1 1255992
85 0 1256069
67 1 1256099
85 1 1256163
77 0 1257121
77 1 1257192
32 0 1257306
32 1 1257382
83 0 1257604
65 0 1257709
83 1 1257770
65 1 1257866
32 0 1257903
32 1 1258022
70 0 1258054
73 0 1258156
69 0 1258186
70 1 1258189
73 1 1258258
69 1 1258317
32 0 1258368
32 1 1258428
77 0 1258528
65 0 1258599
77 1 1258639
65 1 1258717
73 0 1258719
73 1 1258798
32 0 1258910
32 1 1258988
66 0 1259134
66 1 1259224
73 0 1259242
78 0 1259363
73 1 1259368
69 0 1259415
78 1 1259475
69 1 1259545
32 0 1259595
32 1 1259655
80 0 1259740
80 1 1259830
69 0 1259871
78 0 1259992
69 1 1260022
78 1 1260154
84 0 1260189
84 1 1260291
82 0 1260370
85 0 1260449
82 1 1260480
85 1 1260552
32 0 1260632
32 1 1260717
80 0 1260827
80 1 1260908
79 0 1261118
79 1 1261235
80 0 1261315
80 1 1261389
79 0 1261496
82 0 1261628
79 1 1261630
82 1 1261692
32 0 1262855
32 1 1262966
83 0 1263015
83 1 1263127
73 0 1263128
73 1 1263231
32 0 1263311
32 1 1263402
80 0 1263482
69 0 1263563
80 1 1263583
69 1 1263717
78 0 1263720
78 1 1263860
84 0 1263890
84 1 1264011
82 0 1264071
85 0 1264132
82 1 1264183
85 1 1264240
32 0 1264306
32 1 1264407
69 0 1264428
69 1 1264498
73 0 1264598
73 1 1264689
190 0 1264816
190 1 1264896
32 0 1265100
32 1 1265189
8 0 1515589
8 1 1515645
8 0 1516252
8 1 1516383
32 0 1526248
32 1 1526360
80 0 1526490
80 1 1526597
82 0 1526600
82 1 1526687
73 0 1526737
69 0 1526818
73 1 1526869
69 1 1526939
84 0 1527019
69 0 1527127
84 1 1527128
69 1 1527215
78 0 1527276
78 1 1527398
73 0 1527401
73 1 1527478
32 0 1527539
83 0 1527634
32 1 1527636
73 0 1527734
83 1 1527755
73 1 1527805
32 0 1527865
32 1 1527997
70 0 1527999
70 1 1528051
65 0 1528120
65 1 1528221
77 0 1528251
77 1 1528372
73 0 1528402
73 1 1528513
76 0 1528586
69 0 1528669
76 1 1528700
69 1 1528759
8 0 1529186
65 0 1529248
8 1 1529251
65 1 1529310
8 0 1530039
8 1 1530124
73 0 1530234
73 1 1530325
65 0 1530349
65 1 1530435
