66 0 52248
66 1 52278
82 0 52524
82 1 52534
69 0 52704
69 1 52720
77 0 52829
77 1 52842
8 0 53158
8 1 53175
8 0 53322
8 1 53336
8 0 53459
8 1 53469
8 0 53576
8 1 53602
8 0 53697
8 1 53712
86 0 54881
86 1 54912
82 0 55190
82 1 55206
69 0 55372
69 1 55389
77 0 55981
77 1 55997
69 0 56123
69 1 56141
65 0 56338
65 1 56354
32 0 56468
32 1 56484
69 0 57047
69 1 57063
65 0 57237
65 1 57252
84 0 57348
84 1 57363
87 0 57515
87 1 57536
32 0 57585
32 1 57601
79 0 58325
79 1 58341
82 0 58491
82 1 58511
73 0 58561
73 1 58574
66 0 58758
66 1 58773
73 0 58933
73 1 58950
76 0 59125
76 1 59140
16 0 59221
16 1 59571
65 0 60462
65 1 60477
190 0 61384
190 1 61402
32 0 61725
32 1 61752
68 0 62167
68 1 62202
69 0 62327
69 1 62342
83 0 62532
83 1 62550
73 0 62571
73 1 62580
32 0 62810
32 1 62830
69 0 63002
69 1 63019
83 0 63606
83 1 63624
84 0 63728
84 1 63744
69 0 63876
69 1 63894
32 0 63958
32 1 63971
73 0 64185
73 1 64200
65 0 64334
65 1 64351
82 0 64520
82 1 64537
78 0 64762
78 1 64778
65 0 64887
65 1 64902
188 0 66138
188 1 66158
32 0 66509
32 1 66527
65 0 67061
65 1 67078
70 0 67187
70 1 67212
65 0 67290
65 1 67306
82 0 67357
82 1 67368
65 0 67477
65 1 67493
32 0 67599
32 1 67613
80 0 68069
80 1 68086
76 0 68314
76 1 68329
79 0 68546
79 1 68563
85 0 69236
85 1 69252
65 0 69343
65 1 69358
32 0 69477
32 1 69497
73 0 70031
73 1 70046
78 0 70197
78 1 70215
84 0 70355
84 1 70371
82 0 70521
82 1 70538
32 0 70759
32 1 70775
8 0 71455
8 1 71474
189 0 72202
189 1 72222
85 0 72913
85 1 72927
78 0 73100
78 1 73115
65 0 73205
65 1 73218
188 0 75192
188 1 75212
32 0 75667
32 1 75685
78 0 76292
78 1 76309
85 0 76471
85 1 76486
32 0 76649
32 1 76667
65 0 76789
65 1 76806
77 0 76890
77 1 76904
32 0 77116
32 1 77136
86 0 77718
86 1 77735
65 0 77816
65 1 77828
90 0 78015
90 1 78034
85 0 78054
85 1 78065
84 0 78605
84 1 78622
32 0 78784
32 1 78804
68 0 78915
68 1 78929
69 0 79058
69 1 79075
76 0 79544
76 1 79561
79 0 79703
79 1 79719
67 0 79832
67 1 79847
32 0 79986
32 1 80004
83 0 80133
83 1 80149
8 0 80522
8 1 80542
90 0 80790
90 1 80803
65 0 80981
65 1 80992
80 0 81092
80 1 81108
65 0 81259
65 1 81278
68 0 81438
68 1 81453
65 0 81623
65 1 81639
32 0 81758
32 1 81778
8 0 82122
8 1 82137
188 0 82841
188 1 82858
32 0 83160
32 1 83177
67 0 83450
67 1 83466
85 0 83646
85 1 83663
32 0 83870
32 1 83894
84 0 84351
84 1 84366
79 0 84660
79 1 84677
65 0 84825
65 1 84838
84 0 84962
84 1 84979
69 0 85154
69 1 85171
32 0 85251
32 1 85267
67 0 85460
67 1 85477
65 0 85611
65 1 85626
32 0 85709
32 1 85725
76 0 86253
76 1 86269
79 0 87247
79 1 87263
67 0 87481
67 1 87501
85 0 87561
85 1 87573
73 0 87756
73 1 87772
69 0 87878
69 1 87894
83 0 88105
83 1 88123
67 0 88273
67 1 88289
32 0 88481
32 1 88501
73 0 88737
73 1 88751
78 0 88914
78 1 88930
84 0 89074
84 1 89092
82 0 89257
82 1 89275
32 0 89413
32 1 89431
79 0 89991
79 1 90007
32 0 90268
32 1 90285
90 0 90506
90 1 90526
79 0 90548
79 1 90555
78 0 90733
78 1 90751
65 0 90932
65 1 90951
32 0 91022
32 1 91038
68 0 91411
68 1 91427
69 0 91532
69 1 91546
32 0 91645
32 1 91663
77 0 91915
77 1 91932
73 0 92099
73 1 92116
78 0 92290
78 1 92307
84 0 92432
84 1 92449
69 0 92624
69 1 92643
32 0 92841
32 1 92860
8 0 93428
8 1 93450
8 0 93589
8 1 93603
8 0 93715
8 1 93728
8 0 93846
8 1 93863
8 0 94050
8 1 94063
85 0 94868
85 1 94886
78 0 95042
78 1 95059
84 0 95213
84 1 95229
69 0 95402
69 1 95420
90 0 96535
90 1 96553
8 0 97130
8 1 97147
190 0 97870
190 1 97892
90 0 133643
90 1 133683
73 0 133699
73 1 133705
85 0 133847
85 1 133864
65 0 133984
65 1 133999
32 0 134057
32 1 134071
73 0 134764
73 1 134779
68 0 134978
68 1 134993
69 0 135121
69 1 135135
65 0 135370
65 1 135386
76 0 135480
76 1 135495
65 0 135603
65 1 135618
32 0 136060
32 1 136080
65 0 136956
65 1 136972
8 0 137485
8 1 137508
69 0 137787
69 1 137804
83 0 137972
83 1 137988
84 0 138088
84 1 138102
69 0 138236
69 1 138252
32 0 138321
32 1 138337
83 0 138522
83 1 138539
65 0 138705
65 1 138722
32 0 138796
32 1 138810
77 0 139033
77 1 139049
65 0 139207
65 1 139223
32 0 139296
32 1 139311
84 0 139790
84 1 139806
82 0 139964
82 1 139983
69 0 140106
69 1 140121
90 0 140473
90 1 140488
69 0 140619
69 1 140627
83 0 140805
83 1 140820
67 0 140915
67 1 140928
32 0 141073
32 1 141089
80 0 141300
80 1 141317
69 0 141424
69 1 141438
32 0 141530
32 1 141544
76 0 141742
76 1 141759
65 0 141869
65 1 141884
32 0 141960
32 1 141974
79 0 142283
79 1 142299
69 0 142483
69 1 142499
65 0 142707
65 1 142723
32 0 143024
32 1 143043
49 0 143915
49 1 143932
48 0 144032
48 1 144046
188 0 145275
188 1 145293
32 0 145592
32 1 145610
83 0 146075
83 1 146092
65 0 146276
65 1 146302
32 0 146356
32 1 146371
66 0 146591
66 1 146608
69 0 146758
69 1 146773
65 0 146986
65 1 147003
85 0 147077
85 1 147090
32 0 147284
32 1 147302
79 0 147537
79 1 147551
32 0 147827
32 1 147846
67 0 148092
67 1 148107
65 0 148245
65 1 148264
70 0 148327
70 1 148341
69 0 148492
69 1 148509
65 0 148652
65 1 148669
188 0 149245
188 1 149266
32 0 149541
32 1 149554
83 0 149786
83 1 149800
65 0 149986
65 1 150015
32 0 150060
32 1 150072
70 0 150787
70 1 150804
85 0 150902
85 1 150915
77 0 151109
77 1 151136
69 0 151150
69 1 151157
90 0 151402
90 1 151418
32 0 151494
32 1 151509
79 0 151780
79 1 151796
32 0 152054
32 1 152073
84 0 152362
84 1 152379
73 0 152572
73 1 152588
70 0 152772
70 1 152791
65 0 152894
65 1 152908
82 0 152986
82 1 152999
65 0 153105
65 1 153121
32 0 153605
32 1 153624
8 0 153929
8 1 153949
188 0 154573
188 1 154589
32 0 155173
32 1 155192
65 0 156114
65 1 156140
80 0 156212
80 1 156225
79 0 156374
79 1 156390
73 0 156515
73 1 156528
32 0 156797
32 1 156816
83 0 157340
83 1 157357
65 0 157521
65 1 157537
32 0 157623
32 1 157639
77 0 158707
77 1 158725
65 0 158830
65 1 158845
32 0 158930
32 1 158948
65 0 159057
65 1 159073
80 0 159208
80 1 159225
85 0 159409
85 1 159425
67 0 159557
67 1 159576
32 0 159707
32 1 159726
83 0 159965
83 1 159983
65 0 160138
65 1 160166
32 0 160205
32 1 160219
70 0 160694
70 1 160710
65 0 160858
65 1 160887
67 0 160939
67 1 160952
32 0 161150
32 1 161170
67 0 161809
67 1 161826
85 0 162027
85 1 162043
82 0 162228
82 1 162244
65 0 162403
65 1 162434
84 0 162455
84 1 162463
32 0 162985
32 1 163002
83 0 163217
83 1 163237
65 0 163409
65 1 163428
85 0 163445
85 1 163453
32 0 163691
32 1 163712
77 0 163935
77 1 163953
65 0 164071
65 1 164086
78 0 164139
78 1 164152
67 0 164375
67 1 164394
65 0 164568
65 1 164585
82 0 164677
82 1 164690
69 0 164809
69 1 164822
32 0 165066
32 1 165084
8 0 166146
8 1 166167
188 0 167936
188 1 167957
32 0 168268
32 1 168284
83 0 171697
83 1 171714
65 0 171863
65 1 171879
32 0 171934
32 1 171948
83 0 172108
83 1 172124
84 0 172187
84 1 172199
65 0 172328
65 1 172351
85 0 172377
85 1 172387
32 0 172563
32 1 172581
67 0 172890
67 1 172907
85 0 172954
85 1 172964
32 0 173138
32 1 173156
73 0 173383
73 1 173400
85 0 173522
85 1 173537
66 0 173683
66 1 173701
73 0 173834
73 1 173850
84 0 174033
84 1 174049
85 0 174106
85 1 174116
76 0 174317
76 1 174333
32 0 174765
32 1 174786
77 0 175006
77 1 175021
69 0 175166
69 1 175185
85 0 175271
85 1 175286
188 0 175992
188 1 176013
32 0 177174
32 1 177195
83 0 177925
83 1 177943
65 0 178120
65 1 178152
32 0 178189
32 1 178205
76 0 178676
76 1 178693
85 0 178861
85 1 178878
65 0 179016
65 1 179037
77 0 179073
77 1 179085
32 0 179259
32 1 179280
77 0 179460
77 1 179477
65 0 179572
65 1 179587
83 0 179767
83 1 179784
65 0 179916
65 1 179941
32 0 179973
32 1 179988
73 0 180185
73 1 180201
77 0 180343
77 1 180360
80 0 180635
80 1 180655
82 0 180982
82 1 180998
69 0 181145
69 1 181162
85 0 181269
85 1 181282
78 0 181435
78 1 181453
65 0 181568
65 1 181584
32 0 181634
32 1 181647
8 0 182647
8 1 182668
188 0 185187
188 1 185204
32 0 185909
32 1 185930
83 0 189178
83 1 189194
65 0 189356
65 1 189373
32 0 189428
32 1 189445
73 0 189713
73 1 189730
69 0 189907
69 1 189926
83 0 190117
83 1 190139
73 0 190159
73 1 190165
77 0 190349
77 1 190366
32 0 190541
32 1 190561
73 0 190833
73 1 190849
78 0 190992
78 1 191007
32 0 191131
32 1 191147
79 0 191596
79 1 191613
82 0 191816
82 1 191834
65 0 192082
65 1 192101
83 0 192258
83 1 192278
188 0 193133
188 1 193156
32 0 193950
32 1 193969
83 0 194242
83 1 194260
65 0 194428
65 1 194455
32 0 194495
32 1 194507
78 0 194701
78 1 194718
69 0 194834
69 1 194851
32 0 194907
32 1 194919
85 0 195327
85 1 195345
73 0 195501
73 1 195517
84 0 195734
84 1 195752
65 0 195968
65 1 195989
77 0 196050
77 1 196059
32 0 196469
32 1 196488
76 0 196727
76 1 196743
65 0 196843
65 1 196859
32 0 197060
32 1 197080
70 0 197477
70 1 197495
73 0 197567
73 1 197578
76 0 197784
76 1 197802
77 0 197962
77 1 197981
69 0 198094
69 1 198110
32 0 198209
32 1 198229
83 0 199883
83 1 199903
73 0 199960
73 1 199972
32 0 200370
32 1 200394
76 0 205789
76 1 205807
8 0 206719
8 1 206738
83 0 211574
83 1 211594
65 0 211750
65 1 211767
32 0 211830
32 1 211846
70 0 212110
70 1 212136
65 0 212217
65 1 212230
67 0 212292
67 1 212305
69 0 212407
69 1 212422
77 0 212553
77 1 212569
32 0 212767
32 1 212788
65 0 213159
65 1 213177
67 0 213275
67 1 213289
84 0 213436
84 1 213453
73 0 213636
73 1 213653
86 0 213774
86 1 213791
73 0 213823
73 1 213832
84 0 214026
84 1 214042
65 0 214122
65 1 214136
84 0 214174
84 1 214185
73 0 214362
73 1 214378
32 0 214565
32 1 214585
73 0 214794
73 1 214812
77 0 214971
77 1 214988
80 0 215186
80 1 215206
82 0 215319
82 1 215337
69 0 215503
69 1 215524
85 0 215577
85 1 215587
78 0 215744
78 1 215762
65 0 215842
65 1 215858
32 0 215917
32 1 215931
8 0 216702
8 1 216717
190 0 217728
190 1 217742
73 0 233730
73 1 233763
78 0 233935
78 1 233948
32 0 234146
32 1 234161
80 0 234688
80 1 234702
79 0 234855
79 1 234869
67 0 235012
67 1 235030
84 0 235162
84 1 235176
79 0 235571
79 1 235586
82 0 236105
82 1 236120
65 0 236313
65 1 236330
32 0 236409
32 1 236424
79 0 237616
79 1 237631
66 0 237895
66 1 237909
83 0 238031
83 1 238048
69 0 238189
69 1 238204
82 0 238364
82 1 238380
86 0 238506
86 1 238520
32 0 238866
32 1 238883
79 0 252671
79 1 252684
32 0 253054
32 1 253070
73 0 253451
73 1 253465
77 0 253653
77 1 253661
65 0 253824
65 1 253856
71 0 253889
71 1 253896
73 0 254074
73 1 254088
78 0 254241
78 1 254257
69 0 254358
69 1 254377
32 0 254422
32 1 254432
68 0 257290
68 1 257305
69 0 257448
69 1 257463
8 0 259023
8 1 259044
8 0 259523
8 1 259532
8 0 259624
8 1 259633
8 0 259720
8 1 259731
8 0 259814
8 1 259824
8 0 259908
8 1 259916
8 0 260000
8 1 260010
71 0 261635
71 1 261650
73 0 261850
73 1 261863
78 0 262052
78 1 262069
69 0 262191
69 1 262198
32 0 262273
32 1 262286
67 0 263145
67 1 263160
65 0 263284
65 1 263299
82 0 263393
82 1 263408
69 0 263524
69 1 263538
32 0 263784
32 1 263802
73 0 264018
73 1 264032
78 0 264208
78 1 264223
84 0 264344
84 1 264361
82 0 264500
82 1 264514
85 0 264599
85 1 264611
67 0 264870
67 1 264886
72 0 265514
72 1 265531
73 0 265702
73 1 265716
80 0 265952
80 1 265967
69 0 266119
69 1 266136
65 0 266429
65 1 266444
16 0 266715
32 0 266893
32 1 266928
16 1 266932
84 0 268004
84 1 268022
73 0 268111
73 1 268124
77 0 268281
77 1 268297
80 0 268479
80 1 268498
85 0 268631
85 1 268649
82 0 268772
82 1 268789
73 0 268845
73 1 268857
32 0 269062
32 1 269080
86 0 269839
86 1 269856
69 0 269943
69 1 269955
67 0 270036
67 1 270049
72 0 270226
72 1 270241
73 0 270421
73 1 270438
191 0 271082
191 1 271101
32 0 271320
32 1 271355
8 0 272067
8 1 272106
8 0 272189
8 1 272203
188 0 273887
188 1 273893
32 0 274349
32 1 274364
80 0 275543
80 1 275559
65 0 275700
65 1 275721
77 0 275773
77 1 275785
69 0 275924
69 1 275947
78 0 275971
78 1 275977
73 0 276151
73 1 276168
73 0 276281
73 1 276296
32 0 276516
32 1 276538
83 0 277108
83 1 277128
85 0 277138
85 1 277147
78 0 277309
78 1 277328
84 0 277450
84 1 277467
32 0 277505
32 1 277514
73 0 277727
73 1 277744
78 0 277893
78 1 277910
8 0 278488
8 1 278509
77 0 278868
77 1 278884
66 0 279951
66 1 279969
82 0 280184
82 1 280200
65 0 280378
65 1 280396
67 0 280529
67 1 280554
65 0 280644
65 1 280656
84 0 280751
84 1 280764
73 0 281002
73 1 281018
32 0 281266
32 1 281282
67 0 294193
67 1 294222
65 0 294333
65 1 294352
32 0 294717
32 1 294737
83 0 294934
83 1 294957
73 0 294988
73 1 294997
32 0 295199
32 1 295219
67 0 295365
67 1 295383
69 0 295536
69 1 295557
73 0 295617
73 1 295630
32 0 295817
32 1 295831
68 0 296238
68 1 296267
73 0 296309
73 1 296318
78 0 296485
78 1 296502
32 0 296645
32 1 296662
80 0 297227
80 1 297244
79 0 297424
79 1 297439
8 0 298147
8 1 298167
79 0 298487
79 1 298503
67 0 298795
67 1 298813
8 0 299184
8 1 299199
8 0 299322
8 1 299338
73 0 300204
73 1 300220
67 0 300729
67 1 300747
89 0 300889
89 1 300905
85 0 301047
85 1 301063
82 0 301220
82 1 301242
73 0 301274
73 1 301283
76 0 301489
76 1 301506
69 0 301586
69 1 301599
32 0 301751
32 1 301766
68 0 302414
68 1 302432
73 0 302467
73 1 302479
74 0 302638
74 1 302657
32 0 303671
32 1 303692
66 0 303982
66 1 303999
73 0 304172
73 1 304188
83 0 304314
83 1 304332
69 0 304486
69 1 304501
82 0 304689
82 1 304707
73 0 304804
73 1 304818
67 0 304982
67 1 304998
65 0 305214
65 1 305231
32 0 305347
32 1 305363
8 0 305800
8 1 305813
188 0 306665
188 1 306685
8 0 328460
8 1 328481
190 0 330637
190 1 330653
