16 0 143561
16 0 144061
16 0 144101
16 0 144141
16 0 144180
16 0 144221
16 0 144261
16 0 144301
16 0 144341
16 0 144382
16 0 144423
16 0 144463
16 0 144502
16 0 144543
16 0 144585
16 0 144625
16 0 144665
16 0 144704
16 0 144745
16 0 144785
16 0 144825
16 0 144865
78 0 144886
78 1 144967
16 1 144970
85 0 145089
85 1 145230
32 0 145331
32 1 145451
83 0 145551
83 1 145644
84 0 145735
73 0 145785
84 1 145845
73 1 145849
85 0 145934
32 0 146015
85 1 146036
67 0 146128
32 1 146158
85 0 146218
67 1 146267
85 1 146287
77 0 146358
32 0 146458
77 1 146489
69 0 146539
32 1 146582
69 1 146633
83 0 146724
83 1 146785
84 0 146874
69 0 146924
84 1 146974
32 0 147015
69 1 147055
32 1 147128
86 0 147157
86 1 147238
82 0 147337
69 0 147397
82 1 147468
69 1 147559
77 0 147561
69 0 147661
77 1 147681
65 0 147791
69 1 147831
32 0 147941
65 1 147960
65 0 148050
32 1 148056
65 1 148184
70 0 148476
65 0 148587
70 1 148590
65 1 148681
82 0 148702
65 0 148761
32 0 148830
82 1 148835
65 1 148920
32 1 148924
80 0 148999
69 0 149093
80 1 149097
78 0 149214
69 1 149244
78 1 149334
82 0 149476
82 1 149578
85 0 149581
85 1 149700
8 0 150020
8 1 150084
8 0 150153
84 0 150223
8 1 150244
84 1 150284
82 0 150373
85 0 150423
82 1 150474
85 1 150534
32 0 150574
67 0 150667
65 0 150725
32 1 150729
67 1 150786
32 0 150826
65 1 150866
32 1 150956
83 0 151865
85 0 151966
83 1 151986
78 0 152027
85 1 152119
84 0 152148
78 1 152153
32 0 152238
84 1 152242
32 1 152308
73 0 152378
78 0 152447
73 1 152508
32 0 152549
78 1 152592
32 1 152742
65 0 152804
65 1 152865
8 0 153187
67 0 153287
8 1 153290
65 0 153388
67 1 153418
65 1 153520
83 0 153549
65 0 153610
83 1 153670
188 0 153762
65 1 153802
32 0 153911
188 1 153915
69 0 153962
32 1 154013
69 1 154072
83 0 154145
83 1 154226
84 0 154326
69 0 154365
32 0 154436
84 1 154439
69 1 154526
32 1 154588
49 0 155674
49 1 155775
50 0 155874
50 1 156014
16 0 156407
186 0 156751
186 1 156881
16 1 156952
51 0 157760
51 1 157922
57 0 157924
57 1 158002
32 0 158021
32 1 158153
77 0 158173
73 0 158304
77 1 158355
78 0 158464
73 1 158468
85 0 158584
78 1 158650
85 1 158770
84 0 158919
69 0 159010
32 0 159081
84 1 159085
69 1 159165
32 1 159168
83 0 159393
73 0 159484
83 1 159544
32 0 159585
73 1 159588
32 1 159706
73 0 159709
78 0 159766
32 0 159827
73 1 159847
78 1 159887
32 1 159967
76 0 160007
76 1 160057
79 0 160150
79 1 160232
67 0 160251
67 1 160353
32 0 160355
32 1 160442
83 0 160461
65 0 160561
32 0 160602
83 1 160624
32 1 160675
65 1 160705
77 0 160765
65 0 160835
77 1 160839
32 0 160938
65 1 160969
32 1 161019
85 0 161119
85 1 161179
73 0 161259
84 0 161359
73 1 161363
32 0 161490
84 1 161493
32 1 161560
80 0 161694
80 1 161755
69 0 161804
32 0 161875
69 1 161905
32 1 161975
16 0 162035
78 0 162095
16 1 162168
78 1 162198
69 0 162268
69 1 162368
84 0 162529
84 1 162641
70 0 162781
70 1 162922
76 0 162942
76 1 162992
73 0 163082
88 0 163156
73 1 163186
88 1 163286
32 0 163289
32 1 163366
76 0 163456
65 0 163506
76 1 163538
65 1 163639
32 0 163642
32 1 163721
85 0 163820
78 0 163900
85 1 163981
32 0 164001
78 1 164041
32 1 164115
70 0 164133
73 0 164223
70 1 164294
73 1 164298
76 0 164404
76 1 164515
77 0 164534
77 1 164679
32 0 164719
32 1 164840
67 0 165455
79 0 165534
77 0 165605
67 1 165629
77 1 165706
79 1 165711
80 0 165798
80 1 165858
76 0 165947
69 0 166077
76 1 166082
69 1 166212
84 0 166291
69 0 166403
84 1 166463
69 1 166523
90 0 166656
32 0 166758
90 1 166808
32 1 166838
85 0 166929
78 0 166997
32 0 167087
85 1 167107
78 1 167149
32 1 167210
67 0 167369
72 0 167440
67 1 167501
69 0 167571
72 1 167575
69 1 167685
83 0 167778
84 0 167907
83 1 167957
84 1 168066
73 0 168300
73 1 168401
79 0 168472
78 0 168551
79 1 168623
65 0 168683
78 1 168687
65 1 168836
82 0 168904
32 0 169035
82 1 169038
32 1 169149
83 0 169168
65 0 169249
83 1 169310
32 0 169357
65 1 169388
32 1 169438
65 0 169468
74 0 169588
65 1 169629
74 1 169702
85 0 169722
85 1 169862
84 0 169892
32 0 169963
32 1 170044
84 1 170047
85 0 170195
78 0 170255
85 1 170356
78 1 170386
32 0 170406
32 1 170527
80 0 170530
80 1 170587
82 0 170690
73 0 170740
82 1 170830
73 1 170851
69 0 170981
69 1 171156
84 0 171296
69 0 171366
84 1 171436
78 0 171474
69 1 171535
78 1 171577
190 0 172000
190 1 172144
32 0 172194
32 1 172335
16 0 172395
68 0 172474
16 1 172545
68 1 172625
65 0 172727
82 0 172847
65 1 172938
32 0 172977
82 1 172999
32 1 173099
65 0 173130
77 0 173262
65 1 173323
32 0 173393
77 1 173396
32 1 173494
16 0 177604
57 0 177708
16 1 177799
57 1 177819
80 0 177967
65 0 178068
80 1 178072
65 1 178202
85 0 178221
85 1 178313
90 0 178372
65 0 178462
90 1 178544
65 1 178623
32 0 178626
32 1 178716
83 0 178765
65 0 178826
83 1 178886
32 0 178906
65 1 178977
32 1 179016
86 0 179136
69 0 179199
86 1 179229
69 1 179299
68 0 179379
69 0 179440
68 1 179501
65 0 179570
69 1 179611
65 1 179683
8 0 180086
8 1 180157
77 0 180290
32 0 180370
77 1 180403
32 1 180510
68 0 180629
65 0 180701
68 1 180742
65 1 180792
67 0 180832
65 0 180872
67 1 180953
32 0 180972
65 1 181003
32 1 181083
83 0 181112
69 0 181186
83 1 181257
32 0 181276
69 1 181337
32 1 181341
80 0 181447
80 1 181507
82 0 181547
73 0 181627
82 1 181680
78 0 181700
73 1 181781
78 1 181841
68 0 181981
69 0 182072
68 1 182112
69 1 182216
32 0 182219
65 0 182346
32 1 182351
65 1 182515
76 0 182555
76 1 182636
71 0 182740
79 0 182840
71 1 182881
79 1 182951
82 0 183001
73 0 183092
82 1 183153
73 1 183205
84 0 183274
84 1 183455
77 0 183606
77 1 183719
85 0 183837
85 1 183919
76 0 184049
76 1 184119
16 0 184263
48 0 184524
48 1 184635
16 1 184716
32 0 185553
32 1 185684
70 0 188096
79 0 188155
70 1 188208
79 1 188256
83 0 188307
84 0 188357
83 1 188458
32 0 188462
84 1 188499
32 1 188539
77 0 188619
65 0 188701
77 1 188705
73 0 188801
65 1 188832
32 0 188916
73 1 188935
32 1 188982
68 0 189092
69 0 189205
68 1 189235
69 1 189336
86 0 189385
86 1 189497
82 0 189575
69 0 189636
82 1 189709
69 1 189760
77 0 189789
69 0 189830
77 1 189890
69 1 190011
32 0 190040
32 1 190191
83 0 190233
65 0 190314
83 1 190385
32 0 190424
65 1 190465
32 1 190525
86 0 190755
86 1 190840
65 0 190859
68 0 191000
65 1 191071
68 1 191151
32 0 191154
32 1 191273
67 0 191313
85 0 191423
67 1 191454
85 1 191504
77 0 191604
32 0 191707
77 1 191728
69 0 191798
32 1 191839
32 0 191909
69 1 191985
32 1 192030
83 0 192080
73 0 192170
83 1 192233
32 0 192236
73 1 192273
32 1 192364
69 0 192423
69 1 192574
82 0 192614
65 0 192808
82 1 192811
65 1 192989
32 0 192992
32 1 193109
67 0 193231
65 0 193302
67 1 193362
78 0 193412
65 1 193473
78 1 193477
32 0 193532
32 1 193644
8 0 194116
8 1 194187
8 0 194269
8 1 194349
77 0 194449
32 0 194580
77 1 194600
32 1 194690
82 0 194915
69 0 194985
82 1 195038
69 1 195116
67 0 195228
69 0 195309
67 1 195399
69 1 195501
188 0 196054
32 0 196183
188 1 196204
32 1 196428
82 0 196981
82 1 197112
73 0 197141
73 1 197285
8 0 197605
8 1 197679
8 0 197739
8 1 197860
70 0 198131
70 1 198224
82 0 198303
82 1 198406
73 0 198406
73 1 198494
71 0 198513
71 1 198655
190 0 198658
190 1 198715
32 0 198852
32 1 198968
16 0 199147
16 0 199651
16 0 199699
16 0 199734
16 0 199781
65 0 199816
16 1 199917
65 1 199947
77 0 200007
32 0 200137
77 1 200141
32 1 200249
65 0 200279
65 1 200460
85 0 200464
85 1 200575
90 0 200600
73 0 200680
90 1 200721
73 1 200774
84 0 200845
32 0 200925
84 1 200966
32 1 201046
67 0 201096
65 0 201166
67 1 201216
32 0 201220
65 1 201269
32 1 201329
65 0 201349
65 1 201490
90 0 201619
90 1 201795
73 0 201796
73 1 201893
32 0 201893
65 0 201943
32 1 201983
32 0 202053
65 1 202074
32 1 202183
78 0 203011
78 1 203112
73 0 203115
78 0 203232
73 1 203325
71 0 203405
78 1 203408
32 0 203515
71 1 203535
32 1 203637
8 0 204022
8 1 204073
8 0 204142
8 1 204233
83 0 204265
32 0 204365
83 1 204385
32 1 204446
73 0 204535
78 0 204596
73 1 204657
32 0 204706
78 1 204737
32 1 204789
16 0 204792
84 0 204930
16 1 205000
84 1 205040
79 0 205463
79 1 205544
85 0 205644
85 1 205735
76 0 205848
76 1 205909
79 0 206008
79 1 206069
85 0 206188
85 1 206282
83 0 206311
69 0 206401
83 1 206452
32 0 206455
69 1 206503
32 1 206542
83 0 206628
73 0 206682
83 1 206766
73 1 206807
32 0 206876
69 0 206977
32 1 206998
69 1 207098
82 0 207137
65 0 207218
82 1 207250
85 0 207310
65 1 207381
32 0 207421
85 1 207426
32 1 207541
189 0 208215
189 1 208308
55 0 208518
55 1 208606
71 0 208946
71 1 209036
82 0 209216
65 0 209317
82 1 209348
65 1 209450
68 0 209944
69 0 210003
68 1 210056
69 1 210155
188 0 210245
188 1 210302
32 0 210361
32 1 210441
67 0 210711
69 0 210773
67 1 210854
69 1 210894
69 0 210964
65 0 211104
69 1 211145
65 1 211278
32 0 211281
32 1 211420
67 0 211459
69 0 211529
67 1 211580
32 0 211619
69 1 211649
32 1 211689
65 0 211719
32 0 211812
65 1 211853
32 1 211923
8 0 212389
8 1 212440
8 0 212497
69 0 212558
8 1 212583
69 1 212681
32 0 212718
32 1 212791
80 0 212872
80 1 212920
89 0 213047
85 0 213067
89 1 213089
85 1 213092
84 0 213174
73 0 213192
84 1 213276
78 0 213277
73 1 213358
32 0 213399
78 1 213417
68 0 213455
32 1 213496
68 1 213576
8 0 213737
8 1 213789
8 0 213869
8 1 213910
8 0 213979
8 1 214030
8 0 214100
8 1 214161
8 0 214220
8 1 214274
8 0 214344
8 1 214415
8 0 214474
8 1 214605
85 0 214735
85 1 214839
84 0 214888
73 0 214968
84 1 215029
78 0 215069
73 1 215140
32 0 215179
78 1 215210
32 1 215302
68 0 215927
85 0 216017
68 1 216078
85 1 216128
66 0 216228
85 0 216432
66 1 216453
85 1 216484
8 0 216906
8 1 216997
73 0 217106
73 1 217187
79 0 217256
79 1 217360
32 0 217905
32 1 217985
80 0 218105
80 1 218186
8 0 218460
8 1 218568
8 0 218821
8 1 218952
83 0 219022
83 1 219143
32 0 219146
32 1 219213
80 0 219335
80 1 219406
69 0 219425
69 1 219526
78 0 219529
84 0 219626
78 1 219630
84 1 219687
82 0 219799
85 0 219818
82 1 219879
85 1 219979
32 0 220110
67 0 220180
67 1 220240
32 1 220270
65 0 220674
32 0 220806
65 1 220827
65 0 220927
32 1 220931
65 1 221138
73 0 221238
73 1 221300
8 0 221571
8 1 221641
8 0 221701
69 0 221781
8 1 221805
73 0 221914
69 1 221945
32 0 222025
73 1 222029
83 0 222125
32 1 222156
85 0 222225
83 1 222298
78 0 222301
85 1 222378
78 1 222409
84 0 222428
32 0 222498
84 1 222529
32 1 222579
73 0 222649
78 0 222719
32 0 222802
73 1 222807
78 1 222853
32 1 222902
83 0 223062
85 0 223142
83 1 223183
85 1 223273
68 0 223516
68 1 223667
85 0 224281
85 1 224474
76 0 224629
76 1 224747
32 0 225122
32 1 225263
70 0 225363
70 1 225434
82 0 225535
65 0 225604
82 1 225665
78 0 225695
65 1 225745
78 1 225828
84 0 225857
69 0 225907
84 1 225978
73 0 226058
69 1 226089
73 1 226179
32 0 226208
83 0 226371
32 1 226375
83 1 226543
73 0 226546
32 0 226633
73 1 226673
65 0 226693
32 1 226773
67 0 226825
65 1 226907
79 0 226936
67 1 226977
79 1 226997
76 0 227097
76 1 227147
79 0 227217
32 0 227297
79 1 227340
69 0 227419
32 1 227423
69 1 227571
68 0 227702
68 1 227752
8 0 228439
8 1 228530
32 0 228570
68 0 228690
32 1 228711
69 0 228781
68 1 228855
32 0 228894
69 1 228935
32 1 229005
79 0 229205
79 1 229319
66 0 229469
73 0 229569
66 1 229620
73 1 229700
67 0 229822
69 0 229893
67 1 229974
73 0 229993
69 1 230075
32 0 230104
73 1 230108
32 1 230245
70 0 230318
70 1 230410
79 0 230559
79 1 230680
65 0 230700
82 0 230823
65 1 230863
82 1 230904
84 0 231004
69 0 231074
84 1 231135
32 0 231175
69 1 231215
32 1 231315
67 0 231648
65 0 231728
67 1 231779
65 1 231872
76 0 231875
68 0 231971
76 1 231975
68 1 232102
190 0 232162
190 1 232232
32 0 232549
32 1 232657
16 0 232796
16 0 233301
16 0 233343
16 0 233383
16 0 233423
16 0 233463
16 0 233503
16 0 233543
16 0 233583
16 0 233624
76 0 233654
16 1 233704
76 1 233745
65 0 233825
65 1 233939
32 0 233942
32 1 234019
78 0 234149
78 1 234260
79 0 234392
79 1 234563
73 0 234663
73 1 234793
32 0 234835
83 0 234976
32 1 234983
83 1 235106
80 0 235109
80 1 235156
69 0 235206
82 0 235306
32 0 235370
69 1 235420
82 1 235440
32 1 235480
67 0 235561
65 0 235622
32 0 235662
67 1 235712
65 1 235762
32 1 235792
86 0 235875
73 0 235936
86 1 235967
78 0 236007
69 0 236067
73 1 236070
78 1 236087
69 1 236187
32 0 236190
32 1 236258
73 0 236327
78 0 236400
32 0 236480
73 1 236484
78 1 236531
32 1 236611
87 0 236650
87 1 236751
69 0 236831
69 1 236946
69 0 237016
69 1 237237
75 0 237640
69 0 237791
75 1 237794
69 1 237913
78 0 237916
78 1 238004
68 0 238033
32 0 238113
68 1 238174
32 1 238214
90 0 238528
65 0 238658
90 1 238689
65 1 238749
80 0 238770
80 1 238842
65 0 238861
65 1 238973
68 0 239355
65 0 239415
68 1 239466
65 1 239577
32 0 240000
32 1 240131
83 0 240281
65 0 240342
83 1 240404
32 0 240453
65 1 240494
32 1 240544
80 0 240664
80 1 240715
79 0 240804
79 1 240908
84 0 240937
32 0 241037
84 1 241041
32 1 241148
83 0 241167
65 0 241218
83 1 241298
32 0 241301
65 1 241372
32 1 241375
79 0 241462
32 0 241562
79 1 241583
32 1 241693
68 0 242187
65 0 242257
68 1 242360
85 0 242399
65 1 242470
85 1 242540
32 0 242580
32 1 242711
80 0 242810
80 1 242935
69 0 243005
69 1 243126
32 0 243129
32 1 243246
16 0 243249
65 0 243336
16 1 243449
65 1 243480
78 0 243518
65 0 243589
78 1 243619
65 1 243720
73 0 243723
73 1 243820
83 0 243840
32 0 243953
83 1 243983
32 1 244033
80 0 244123
80 1 244203
69 0 244243
32 0 244323
69 1 244353
32 1 244457
16 0 244476
83 0 244607
83 1 244697
16 1 244727
8 0 244973
8 1 245074
83 0 245123
65 0 245213
83 1 245274
78 0 245324
65 1 245367
73 0 245406
78 1 245447
69 0 245527
73 1 245530
69 1 245647
32 0 245650
65 0 245717
32 1 245722
65 1 245838
70 0 245891
65 0 245982
70 1 245985
65 1 246093
82 0 246112
65 0 246213
82 1 246273
65 1 246365
32 0 247240
32 1 247361
83 0 247565
73 0 247665
83 1 247685
32 0 247745
73 1 247766
83 0 247845
32 1 247878
65 0 247928
83 1 247990
32 0 248030
65 1 248110
32 1 248114
78 0 248190
69 0 248271
78 1 248294
69 1 248393
32 0 248396
32 1 248494
80 0 248614
80 1 248665
76 0 248785
76 1 248915
73 0 249050
77 0 249230
73 1 249331
77 1 249415
66 0 249534
66 1 249665
65 0 249725
65 1 249918
8 0 250148
8 1 250229
8 0 250310
8 1 250330
8 0 250403
8 1 250473
8 0 250523
8 1 250704
8 0 250784
8 1 250855
8 0 250947
8 1 251008
8 0 251118
8 1 251179
8 0 251268
8 1 251340
8 0 251431
8 1 251561
70 0 251581
65 0 251663
70 1 251692
65 1 251802
67 0 251822
69 0 251905
67 1 251991
77 0 251993
69 1 252067
77 1 252087
32 0 252108
32 1 252228
79 0 252307
77 0 252419
79 1 252424
77 1 252580
32 0 252599
68 0 252659
32 1 252710
69 0 252760
68 1 252841
32 0 252844
69 1 252933
32 1 252953
90 0 253093
65 0 253223
90 1 253294
65 1 253387
80 0 253390
65 0 253477
80 1 253507
65 1 253598
68 0 253637
65 0 253728
68 1 253808
190 0 253848
65 1 253931
190 1 253936
32 0 254001
32 1 254112
16 0 254745
65 0 254950
65 1 254991
83 0 255021
83 1 255132
8 0 255331
8 1 255414
8 0 255484
8 1 255595
83 0 255625
16 1 255725
83 1 255746
65 0 255865
65 1 256008
32 0 256028
32 1 256149
86 0 256248
69 0 256309
86 1 256349
69 1 256421
68 0 256481
69 0 256542
68 1 256623
77 0 256643
69 1 256723
77 1 256784
32 0 256803
32 1 256927
85 0 256988
85 1 257118
82 0 257148
82 1 257350
77 0 257782
65 0 257892
77 1 257916
65 1 258019
84 0 258128
79 0 258229
84 1 258265
79 1 258359
65 0 258378
65 1 258441
82 0 258521
69 0 258611
82 1 258652
65 0 258683
69 1 258794
32 0 258797
65 1 258834
32 1 258884
73 0 258965
78 0 259045
84 0 259106
73 1 259111
84 1 259186
78 1 259190
82 0 259306
69 0 259367
82 1 259479
66 0 259499
69 1 259550
65 0 259649
66 1 259653
65 1 259770
82 0 259811
69 0 259850
82 1 259954
69 1 260054
190 0 260557
190 1 260628
32 0 260667
32 1 260808
16 0 260898
16 0 261404
16 0 261446
16 0 261486
16 0 261526
16 0 261566
16 0 261606
16 0 261646
16 0 261686
16 0 261727
16 0 261767
16 0 261807
80 0 261839
16 1 261868
80 1 261911
65 0 261970
77 0 262091
65 1 262111
32 0 262201
77 1 262205
32 1 262302
80 0 262372
65 0 262465
80 1 262469
77 0 262595
65 1 262636
77 1 262716
190 0 263221
190 1 263301
16 0 280862
16 0 281368
16 0 281409
16 0 281450
16 0 281492
16 0 281532
16 0 281572
16 0 281613
16 0 281654
16 0 281693
16 0 281734
16 0 281774
16 0 281814
16 0 281854
16 0 281894
16 0 281934
16 0 281977
16 0 282019
16 0 282058
16 0 282099
16 0 282139
16 0 282179
16 0 282219
16 0 282259
16 0 282300
16 0 282340
16 0 282380
16 0 282420
16 0 282459
16 0 282502
16 0 282542
16 0 282582
16 0 282622
16 0 282662
16 0 282703
16 0 282742
16 0 282783
16 0 282823
79 0 282853
79 1 282915
16 1 282934
32 0 282977
32 1 283097
83 0 283721
65 0 283842
83 1 283904
32 0 283932
65 1 283984
32 1 284026
73 0 284116
73 1 284227
84 0 284245
73 0 284326
84 1 284397
32 0 284456
73 1 284461
32 1 284560
68 0 284720
69 0 284800
68 1 284851
69 1 284901
83 0 284971
67 0 285015
83 1 285096
67 1 285116
82 0 285186
73 0 285276
82 1 285347
73 1 285350
85 0 285759
32 0 285890
85 1 285893
32 1 286041
79 0 286044
79 1 286143
32 0 286183
32 1 286333
90 0 286667
73 0 286767
90 1 286808
32 0 286878
73 1 286882
32 1 287019
73 0 287069
73 1 287191
68 0 287242
69 0 287332
68 1 287382
65 0 287421
69 1 287494
65 1 287544
76 0 287547
65 0 287614
76 1 287635
32 0 287754
65 1 287794
32 1 287835
80 0 287923
69 0 288028
80 1 288033
69 1 288210
78 0 288270
84 0 288409
78 1 288412
84 1 288480
82 0 288603
85 0 288733
82 1 288794
85 1 288894
32 0 288934
32 1 289075
77 0 289761
77 1 289912
73 0 290405
78 0 290485
73 1 290577
69 0 290607
78 1 290611
69 1 290748
32 0 290751
32 1 290869
83 0 291192
65 0 291262
83 1 291334
85 0 291374
65 1 291415
85 1 291497
32 0 291527
32 1 291617
8 0 293171
8 1 293222
8 0 293311
8 1 293371
8 0 293452
8 1 293505
8 0 293585
8 1 293775
8 0 293855
8 1 293986
190 0 294121
190 1 294211
16 0 294271
32 0 294431
32 1 294594
73 0 294674
73 1 294735
16 1 294754
78 0 294853
84 0 294974
78 1 294979
84 1 295048
82 0 295148
82 1 295258
79 0 295261
79 1 295338
32 0 295387
32 1 295511
90 0 295560
90 1 295723
73 0 295725
32 0 295783
73 1 295786
32 1 295884
73 0 295983
68 0 296126
73 1 296130
69 0 296238
68 1 296278
65 0 296327
69 1 296398
65 1 296449
76 0 296451
65 0 296531
76 1 296552
65 1 296722
32 0 296725
32 1 296841
77 0 296951
65 0 297044
77 1 297066
32 0 297177
65 1 297218
32 1 297288
84 0 297327
84 1 297377
82 0 297487
69 0 297569
82 1 297651
69 1 297761
90 0 297971
69 0 298094
90 1 298135
69 1 298176
83 0 298325
67 0 298436
83 1 298521
67 1 298598
32 0 298601
32 1 298759
73 0 299182
77 0 299274
73 1 299374
77 1 299414
80 0 299607
80 1 299737
82 0 299807
69 0 299907
82 1 299977
85 0 300060
69 1 300091
78 0 300132
85 1 300212
65 0 300242
78 1 300245
65 1 300313
32 0 300343
67 0 300442
32 1 300445
85 0 300534
67 1 300574
32 0 300623
85 1 300664
16 0 300734
32 1 300764
67 0 300854
16 1 300895
67 1 300936
82 0 301027
82 1 301148
73 0 301150
73 1 301278
83 0 301419
84 0 301552
83 1 301674
84 1 301677
73 0 301680
78 0 301773
65 0 301824
73 1 301845
78 1 301865
65 1 301945
32 0 301994
32 1 302098
83 0 302118
73 0 302227
83 1 302257
32 0 302327
73 1 302348
32 1 302448
16 0 302700
65 0 302810
16 1 302931
65 1 302951
78 0 303012
65 0 303097
78 1 303127
65 1 303258
73 0 303261
73 1 303368
83 0 303642
32 0 303752
83 1 303773
32 1 303842
76 0 303952
65 0 304033
76 1 304037
65 1 304144
32 0 304147
32 1 304214
79 0 304283
82 0 304394
79 1 304398
65 0 304464
82 1 304525
65 1 304609
32 0 304612
32 1 304678
49 0 304768
48 0 304848
49 1 304899
48 1 304959
32 0 304988
32 1 305082
68 0 305145
73 0 305244
68 1 305305
73 1 305365
77 0 305445
73 0 305516
77 1 305587
78 0 305687
73 1 305690
69 0 305827
78 1 305868
65 0 305927
69 1 305987
65 1 306042
65 0 306183
65 1 306354
8 0 306535
8 1 306638
84 0 306677
65 0 306767
84 1 306818
188 0 306877
65 1 306928
188 1 307029
32 0 307061
32 1 307182
70 0 307361
79 0 307451
70 1 307482
65 0 307594
79 1 307615
82 0 307694
65 1 307766
82 1 307807
84 0 307917
69 0 307977
32 0 308059
84 1 308062
69 1 308120
32 1 308179
79 0 308299
79 1 308400
68 0 308419
68 1 308562
73 0 308565
73 1 308715
72 0 309816
72 1 309904
78 0 310035
73 0 310108
78 1 310179
73 1 310289
84 0 310359
84 1 310562
73 0 313652
73 1 313763
190 0 314076
190 1 314096
32 0 314468
32 1 314570
16 0 315746
16 0 316250
16 0 316290
68 0 316310
16 1 316420
68 1 316440
69 0 316530
32 0 316645
69 1 316682
32 1 316735
79 0 316864
79 1 316974
66 0 317106
73 0 317238
66 1 317269
73 1 317348
67 0 317490
69 0 317593
67 1 317683
69 1 317794
73 0 317834
73 1 317955
32 0 318004
32 1 318117
68 0 318206
73 0 318327
68 1 318377
73 1 318437
70 0 318701
73 0 318861
70 1 318881
78 0 319053
73 1 319058
78 1 319387
8 0 319630
8 1 319742
8 0 319810
8 1 319879
8 0 319898
8 1 320039
77 0 320216
73 0 320295
77 1 320366
78 0 320435
73 1 320475
69 0 320564
78 1 320608
65 0 320733
69 1 320784
65 1 320810
84 0 320846
65 0 320945
84 1 320977
65 1 321113
188 0 321203
32 0 321355
188 1 321360
32 1 321484
68 0 321735
68 1 321936
8 0 322240
8 1 322321
8 0 322360
8 1 322441
8 0 322521
8 1 322644
8 0 322795
8 1 322835
32 0 323098
32 1 323240
8 0 323388
8 1 323479
65 0 323550
32 0 323692
65 1 323712
32 1 323743
77 0 323842
69 0 323902
77 1 323943
82 0 323993
69 1 324097
82 1 324100
71 0 324177
32 0 324277
71 1 324328
32 1 324348
76 0 324418
65 0 324518
76 1 324522
32 0 324612
65 1 324632
32 1 324692
66 0 324812
65 0 324902
66 1 324906
65 1 325013
73 0 325016
73 1 325128
69 0 325228
69 1 325349
32 0 325420
32 1 325551
83 0 325954
73 0 326054
83 1 326095
32 0 326167
73 1 326171
73 0 326267
32 1 326288
77 0 326378
73 1 326418
73 0 326498
77 1 326559
32 0 326578
73 1 326651
32 1 326701
70 0 326704
65 0 326781
70 1 326802
67 0 326921
65 1 327082
67 1 327196
32 0 327236
32 1 327367
84 0 327417
79 0 327537
84 1 327557
65 0 327588
79 1 327650
65 1 327790
76 0 328749
69 0 328908
76 1 328912
69 1 329069
84 0 329098
65 0 329232
84 1 329252
65 1 329373
32 0 329494
32 1 329574
186 0 329936
186 1 330007
16 0 330087
48 0 330161
48 1 330272
16 1 330302
190 0 330512
32 0 330625
190 1 330628
32 1 330716
16 0 330797
65 0 330896
65 1 331077
16 1 331081
80 0 331210
80 1 331288
79 0 331390
79 1 331481
73 0 331581
32 0 331704
73 1 331709
32 1 331805
84 0 334958
84 1 335079
82 0 335182
69 0 335262
82 1 335323
69 1 335342
66 0 335432
85 0 335513
66 1 335554
85 1 335583
73 0 335675
69 0 335766
73 1 335786
69 1 335948
32 0 335951
32 1 336077
83 0 336139
65 0 336210
83 1 336260
32 0 336300
65 1 336341
32 1 336441
77 0 338666
81 0 338756
77 1 338776
81 1 338897
78 0 338916
78 1 339048
8 0 339431
8 1 339492
8 0 339572
65 0 339674
8 1 339678
65 1 339855
78 0 339885
78 1 340017
68 0 340086
65 0 340200
68 1 340240
65 1 340370
8 0 340704
8 1 340764
8 0 340843
65 0 340934
8 1 340939
65 1 341065
78 0 341067
78 1 341176
67 0 341209
67 1 341338
32 0 341341
32 1 341439
83 0 345235
73 0 345329
83 1 345376
32 0 345428
73 1 345432
83 0 345508
65 0 345569
32 1 345573
83 1 345629
32 0 345671
65 1 345762
32 1 345802
66 0 346122
69 0 346224
66 1 346265
65 0 346345
69 1 346436
65 1 346546
85 0 346549
85 1 346636
32 0 346669
32 1 346789
65 0 346839
65 1 346990
80 0 346993
65 0 347060
80 1 347080
65 1 347244
190 0 347313
190 1 347364
32 0 351083
32 1 351187
16 0 351922
80 0 352052
16 1 352113
80 1 352143
82 0 352224
79 0 352275
79 1 352386
82 1 352407
66 0 352485
65 0 352596
66 1 352599
66 0 352700
65 1 352749
66 1 352860
73 0 352863
73 1 352960
76 0 353071
32 0 353171
76 1 353193
67 0 353304
65 0 353334
32 1 353346
32 0 353403
67 1 353433
32 1 353514
65 1 353554
73 0 353594
78 0 353664
84 0 353746
73 1 353750
84 1 353817
78 1 353821
82 0 353886
82 1 354007
79 0 354241
32 0 354372
79 1 354375
32 1 354482
90 0 354562
73 0 354662
90 1 354725
73 1 354806
32 0 354826
32 1 354976
73 0 355066
73 1 355219
68 0 355238
69 0 355318
68 1 355379
65 0 355419
69 1 355500
65 1 355530
76 0 355534
65 0 355610
76 1 355640
65 1 355773
32 0 355777
32 1 355894
65 0 357087
77 0 357200
65 1 357242
32 0 357302
77 1 357308
83 0 357432
32 1 357436
65 0 357492
83 1 357572
32 0 357612
65 1 357673
32 1 357705
77 0 357805
69 0 357875
77 1 357895
82 0 358076
69 1 358198
82 1 358253
71 0 358489
32 0 358619
71 1 358623
32 1 358733
73 0 358863
78 0 358934
73 1 359034
32 0 359054
78 1 359084
32 1 359197
79 0 362750
79 1 362852
82 0 362881
65 0 362972
82 1 363012
83 0 363082
65 1 363174
83 1 363277
32 0 363279
32 1 363397
67 0 363437
85 0 363556
67 1 363586
32 0 363606
85 1 363677
32 1 363739
16 0 364534
65 0 364604
16 1 364718
65 1 364738
65 0 364827
65 1 364938
8 0 365534
8 1 365614
78 0 365725
65 0 365816
78 1 365839
65 1 365918
73 0 365921
73 1 366038
83 0 366057
32 0 366128
83 1 366148
32 1 366222
83 0 366292
73 0 366403
83 1 366433
73 1 366523
32 0 366573
16 0 366653
32 1 366735
67 0 366815
16 1 366875
67 1 366905
82 0 366975
82 1 367106
73 0 367109
83 0 367195
73 1 367199
84 0 367297
73 0 367358
83 1 367378
84 1 367408
78 0 367411
65 0 367508
73 1 367512
78 1 367529
65 1 367619
32 0 367648
83 0 367742
32 1 367772
83 1 367883
73 0 367886
32 0 367964
73 1 368014
32 1 368115
77 0 368288
77 1 368378
189 0 368517
65 0 368607
189 1 368611
65 1 368800
83 0 369275
32 0 369356
83 1 369376
32 1 369446
80 0 369556
80 1 369627
76 0 369762
76 1 369852
73 0 369952
77 0 370022
73 1 370103
77 1 370163
66 0 370275
66 1 370366
65 0 370385
65 1 370497
32 0 370717
32 1 370800
80 0 370970
80 1 371031
82 0 371131
73 0 371201
82 1 371285
78 0 371288
73 1 371395
78 1 371525
84 0 371696
84 1 371768
82 0 371848
85 0 371971
82 1 372010
78 0 372048
85 1 372119
32 0 372210
78 1 372214
80 0 372325
32 1 372345
65 0 372433
80 1 372437
82 0 372545
65 1 372606
82 1 372646
67 0 372900
67 1 373010
32 0 373120
32 1 373190
76 0 373936
65 0 374036
76 1 374040
65 1 374137
32 0 374140
65 0 374259
32 1 374279
65 1 374380
69 0 374542
82 0 374671
69 1 374804
82 1 374844
32 0 374874
32 1 375075
67 0 375933
85 0 376034
67 1 376094
32 0 376124
85 1 376164
32 1 376276
65 0 376910
76 0 377021
65 1 377052
84 0 377152
76 1 377156
73 0 377255
84 1 377296
73 1 377377
32 0 377396
32 1 377527
80 0 377530
80 1 377627
82 0 377850
73 0 377940
82 1 377980
69 0 378060
73 1 378091
69 1 378191
84 0 378285
69 0 378345
84 1 378445
78 0 378465
69 1 378517
73 0 378556
78 1 378637
73 1 378737
190 0 379585
190 1 379666
32 0 379859
32 1 379970
16 0 380946
16 0 381453
16 0 381493
16 0 381533
16 0 381573
16 0 381614
16 0 381654
16 0 381694
16 0 381734
16 0 381775
16 0 381816
16 0 381856
16 0 381896
16 0 381937
16 0 381977
16 0 382017
16 0 382057
16 0 382097
16 0 382137
16 0 382176
16 0 382217
65 0 382227
65 1 382361
16 1 382380
83 0 382490
83 1 382661
32 0 382664
32 1 382751
77 0 382863
77 1 382974
69 0 383244
82 0 383377
69 1 383458
82 1 383508
71 0 383678
69 0 383731
71 1 383781
32 0 383821
69 1 383891
32 1 383941
83 0 384152
73 0 384276
83 1 384306
32 0 384356
73 1 384377
67 0 384516
32 1 384520
85 0 384607
67 1 384677
32 0 384789
85 1 384793
32 1 384890
66 0 385000
66 1 385166
73 0 385169
73 1 385338
67 0 385408
73 0 385518
67 1 385599
73 1 385649
67 0 385793
76 0 385912
67 1 385954
69 0 386003
76 1 386034
69 1 386144
84 0 386165
65 0 386254
84 1 386296
32 0 386407
65 1 386448
32 1 386508
73 0 386568
78 0 386648
73 1 386728
32 0 386758
78 1 386791
32 1 386881
80 0 386884
65 0 386931
80 1 387012
82 0 387031
65 1 387102
82 1 387142
67 0 387536
67 1 387687
32 0 387690
32 1 387800
68 0 387919
65 0 387990
68 1 388011
65 1 388071
67 0 388130
65 0 388160
67 1 388241
32 0 388271
65 1 388303
69 0 388403
32 1 388407
69 1 388454
83 0 388553
83 1 388634
84 0 388694
69 0 388764
84 1 388818
32 0 388858
69 1 388898
32 1 388938
80 0 389058
80 1 389119
79 0 389219
83 0 389343
79 1 389346
83 1 389474
73 0 389477
73 1 389584
66 0 389654
73 0 389754
66 1 389817
73 1 389847
76 0 389947
76 1 390038
188 0 390341
32 0 390452
188 1 390456
68 0 390543
32 1 390583
65 0 390643
68 1 390683
82 0 390763
32 0 390827
65 1 390867
82 1 390917
32 1 390937
67 0 391027
85 0 391107
67 1 391178
85 1 391182
77 0 391248
32 0 391320
77 1 391371
69 0 391390
32 1 391451
69 1 391501
83 0 391560
83 1 391641
84 0 391711
69 0 391771
32 0 391844
84 1 391849
69 1 391885
32 1 391935
90 0 392005
73 0 392075
90 1 392136
73 1 392140
85 0 392225
65 0 392307
85 1 392328
65 1 392469
32 0 392472
32 1 392540
77 0 392629
69 0 392690
77 1 392741
65 0 392790
69 1 392873
32 0 392876
65 1 392953
32 1 392957
73 0 393033
68 0 393124
73 1 393144
69 0 393213
68 1 393264
65 0 393294
65 1 393379
69 1 393382
76 0 393385
76 1 393448
65 0 393468
65 1 393639
32 0 393642
32 1 393822
8 0 394051
8 1 394143
188 0 394253
32 0 394345
188 1 394387
32 1 394486
69 0 394596
69 1 394696
83 0 394766
83 1 394850
84 0 394950
69 0 394990
32 0 395070
84 1 395073
69 1 395110
32 1 395161
67 0 395210
85 0 395280
67 1 395323
32 0 395342
85 1 395374
83 0 395444
32 1 395475
73 0 395534
83 1 395586
73 1 395645
71 0 395665
85 0 395745
71 1 395785
85 1 395848
82 0 395888
82 1 396109
65 0 396674
65 1 396827
78 0 396830
78 1 396957
84 0 396986
65 0 397087
84 1 397158
32 0 397187
65 1 397238
32 1 397278
80 0 397380
80 1 397440
79 0 397540
83 0 397640
79 1 397644
83 1 397781
73 0 397784
73 1 397885
66 0 397975
73 0 398075
66 1 398146
73 1 398150
76 0 398285
76 1 398359
67 0 398430
67 1 398490
190 0 398660
190 1 398741
8 0 399094
8 1 399145
8 0 399224
8 1 399305
190 0 399439
190 1 399519
32 0 399539
32 1 399630
16 0 399760
65 0 399843
65 1 399984
16 1 399988
80 0 400074
80 1 400144
79 0 400284
79 1 400367
73 0 400767
73 1 400841
32 0 401555
32 1 401676
65 0 402102
83 0 402241
65 1 402335
32 0 402406
83 1 402426
32 1 402516
76 0 402616
76 1 402687
85 0 402827
85 1 402940
65 0 402990
32 0 403100
65 1 403131
32 1 403191
80 0 403301
80 1 403384
82 0 403433
73 0 403524
82 1 403605
78 0 403607
73 1 403715
78 1 403775
90 0 404069
90 1 404239
8 0 404382
8 1 404443
8 0 404533
8 1 404583
8 0 404653
20 0 404774
8 1 404783
20 1 404896
65 0 405400
65 1 405562
20 0 406147
20 1 406287
8 0 406690
8 1 406761
78 0 406913
65 0 407033
78 1 407037
65 1 407134
8 0 407569
8 1 407629
8 0 407700
65 0 407809
8 1 407812
65 1 407972
78 0 408498
78 1 408657
85 0 408900
85 1 409022
8 0 409313
8 1 409425
90 0 409465
85 0 409565
90 1 409626
85 1 409646
76 0 409766
32 0 409846
76 1 409852
32 1 410012
76 0 410018
76 1 410090
65 0 410109
32 0 410220
65 1 410260
32 1 410340
70 0 410444
70 1 410534
82 0 410635
69 0 410715
82 1 410765
69 1 410815
83 0 410907
83 1 411068
72 0 411288
72 1 411402
32 0 411433
32 1 411563
75 0 411623
69 0 411728
75 1 411761
69 1 411906
66 0 411909
65 0 412036
66 1 412043
65 1 412207
66 0 412461
66 1 412582
32 0 412762
83 0 412905
32 1 412909
73 0 413016
83 1 413077
32 0 413116
73 1 413157
32 1 413237
65 0 422110
80 0 422251
65 1 422281
80 1 422301
79 0 422412
79 1 422484
73 0 422584
32 0 422714
73 1 422726
65 0 422808
32 1 422856
83 0 422908
65 1 422988
32 0 423008
83 1 423086
32 1 423087
77 0 423179
69 0 423238
77 1 423280
82 0 423349
69 1 423443
82 1 423447
71 0 423533
69 0 423594
71 1 423685
69 1 423755
32 0 435965
32 1 436055
65 0 436365
65 1 436488
67 0 436698
65 0 436759
67 1 436799
65 1 436909
83 0 436929
65 0 436982
83 1 437053
65 1 437143
32 0 437172
32 1 437293
83 0 437323
73 0 437474
83 1 437508
32 0 437626
73 1 437630
32 1 437778
77 0 437887
77 1 437960
189 0 438100
189 1 438181
65 0 438210
65 1 438402
83 0 438576
83 1 438716
32 0 438719
32 1 438797
85 0 438917
85 1 438989
73 0 439069
84 0 439149
73 1 439190
65 0 439260
84 1 439300
32 0 439420
65 1 439453
32 1 439503
76 0 439613
76 1 439694
65 0 439743
32 0 439803
65 1 439834
32 1 439904
16 0 439977
78 0 440057
16 1 440138
78 1 440168
69 0 440227
84 0 440378
69 1 440419
84 1 440542
70 0 440652
70 1 440853
76 0 441115
76 1 441206
73 0 441336
73 1 441449
88 0 441731
88 1 441862
32 0 441865
32 1 441985
84 0 442164
84 1 442335
79 0 442527
79 1 442659
65 0 442678
65 1 442749
84 0 442818
65 0 442879
84 1 442952
65 1 443002
32 0 443006
32 1 443113
90 0 443152
90 1 443293
85 0 443393
85 1 443517
8 0 443757
8 1 443858
73 0 443980
73 1 444050
85 0 444140
85 1 444271
65 0 444301
65 1 444381
32 0 444464
16 0 444555
32 1 444596
186 0 444636
186 1 444667
48 0 444797
48 1 444877
48 0 444917
48 1 445030
16 1 445034
16 0 456313
83 0 456445
16 1 456498
83 1 456589
73 0 456629
73 1 456840
83 0 457042
83 1 457213
84 0 457343
69 0 457413
84 1 457494
77 0 457499
69 1 457576
77 1 457606
85 0 457706
85 1 457776
76 0 457896
32 0 457967
76 1 457996
32 1 458089
69 0 458160
69 1 458290
68 0 458310
85 0 458491
68 1 458514
85 1 458605
67 0 460202
65 0 460301
67 1 460373
65 1 460453
84 0 460514
73 0 460594
84 1 460655
73 1 460660
79 0 460755
78 0 460865
79 1 460895
78 1 460986
65 0 461006
76 0 461118
65 1 461169
76 1 461189
32 0 461220
32 1 461359
68 0 461480
73 0 461583
68 1 461624
78 0 461654
32 0 461744
73 1 461747
78 1 461785
32 1 461865
16 0 462004
82 0 462117
16 1 462198
82 1 462218
79 0 462257
79 1 462359
77 0 462664
77 1 462795
65 0 462864
65 1 463017
78 0 463038
73 0 463117
78 1 463138
73 1 463227
65 0 463247
65 1 463368
32 0 463371
32 1 463447
69 0 463487
69 1 463582
83 0 463652
83 1 463752
84 0 463822
69 0 463892
32 0 463913
84 1 463963
32 1 463993
69 1 464025
80 0 464115
80 1 464166
85 0 464286
85 1 464367
84 0 464396
84 1 464488
73 0 464491
78 0 464559
32 0 464650
73 1 464657
78 1 464681
32 1 464790
73 0 464793
78 0 464861
73 1 464972
78 1 465011
86 0 465314
69 0 465405
86 1 465446
69 1 465540
67 0 465580
72 0 465691
67 1 465772
73 0 465774
72 1 465832
73 1 465932
84 0 466002
84 1 466104
190 0 466505
32 0 466568
190 1 466571
32 1 466667
16 0 469163
16 0 469667
16 0 469707
16 0 469748
16 0 469788
16 0 469828
16 0 469869
16 0 469909
16 0 469949
16 0 469992
16 0 470029
16 0 470072
16 0 470112
16 0 470150
16 0 470193
16 0 470232
16 0 470272
16 0 470312
16 0 470352
16 0 470392
16 0 470431
16 0 470473
16 0 470512
16 0 470555
16 0 470595
16 0 470635
16 0 470676
16 0 470715
16 0 470756
16 0 470796
16 0 470836
16 0 470876
16 0 470916
16 0 470956
16 0 470997
80 0 471037
80 1 471099
16 1 471103
69 0 471189
69 1 471300
32 0 471303
67 0 471409
32 1 471413
65 0 471478
67 1 471543
78 0 471545
65 1 471645
78 1 471649
68 0 471694
32 0 471765
68 1 471805
32 1 471835
69 0 471885
85 0 471955
69 1 472035
32 0 472038
85 1 472057
65 0 472187
32 1 472191
77 0 472287
65 1 472368
32 0 472389
77 1 472419
32 1 472519
70 0 472539
70 1 472641
79 0 472644
83 0 472740
79 1 472744
84 0 472781
32 0 472893
83 1 472923
84 1 472927
32 1 472943
76 0 473032
65 0 473076
76 1 473126
65 1 473197
32 0 473255
32 1 473406
67 0 473589
67 1 473721
79 0 473761
79 1 473861
8 0 474064
8 1 474124
8 0 474194
83 0 474294
8 1 474298
67 0 474385
83 1 474466
79 0 474515
67 1 474559
65 0 474599
79 1 474602
65 1 474711
76 0 474730
65 0 474770
76 1 474810
65 1 474921
32 0 474924
32 1 475021
80 0 476393
65 0 476493
80 1 476497
82 0 476616
65 1 476667
82 1 476697
67 0 476837
65 0 476888
67 1 476968
32 0 477007
65 1 477027
32 1 477109
83 0 477158
69 0 477239
83 1 477349
32 0 477352
69 1 477369
32 1 477450
70 0 477499
65 0 477573
70 1 477614
65 1 477716
67 0 477766
69 0 477876
67 1 477947
65 0 477977
65 1 478069
69 1 478073
8 0 478249
8 1 478319
8 0 478399
8 1 478441
8 0 478510
8 1 478584
8 0 478653
8 1 478804
8 0 478974
8 1 479108
77 0 479227
65 0 479319
77 1 479331
73 0 479408
65 1 479459
32 0 479549
73 1 479552
32 1 479642
70 0 479721
65 0 479811
70 1 479815
65 1 479922
67 0 479962
69 0 480076
67 1 480106
65 0 480126
69 1 480217
32 0 480246
65 1 480270
83 0 480366
32 1 480370
67 0 480455
83 1 480569
79 0 480598
67 1 480630
65 0 480700
79 1 480720
65 1 480883
76 0 480885
65 0 480972
76 1 480975
65 1 481145
188 0 481185
188 1 481296
32 0 481355
68 0 481415
32 1 481475
65 0 481596
68 1 481601
82 0 481717
65 1 481818
82 1 481857
32 0 481898
65 0 482009
32 1 482029
67 0 482171
85 0 482322
65 1 482342
67 1 482372
85 1 482402
77 0 482494
32 0 482555
77 1 482616
32 1 482687
65 0 482796
85 0 482956
65 1 483027
85 1 483089
32 0 483109
65 0 483212
32 1 483232
80 0 483402
65 1 483482
80 1 483532
65 0 483728
65 1 483898
82 0 484241
85 0 484380
82 1 484400
85 1 484501
84 0 484550
32 0 484663
84 1 484713
32 1 484763
70 0 484833
79 0 484943
70 1 484965
65 0 485033
79 1 485038
82 0 485126
65 1 485197
82 1 485201
84 0 485357
69 0 485457
32 0 485497
84 1 485537
32 1 485589
69 1 485609
77 0 485682
77 1 485763
85 0 485853
85 1 485934
76 0 486043
76 1 486139
84 0 486158
69 0 486228
32 0 486308
84 1 486311
69 1 486350
32 1 486398
69 0 486438
69 1 486548
76 0 486550
69 0 486611
76 1 486632
77 0 486763
69 1 486794
69 0 486865
77 1 486885
78 0 486965
69 1 487005
78 1 487088
84 0 487108
69 0 487248
84 1 487254
69 1 487427
32 0 487431
32 1 487547
77 0 487708
79 0 487779
77 1 487830
68 0 487919
79 1 487940
69 0 488009
68 1 488050
82 0 488124
69 1 488266
82 1 488326
78 0 488330
78 1 488457
69 0 488477
32 0 488584
69 1 488638
32 1 488699
67 0 488739
65 0 488818
67 1 488869
65 1 488946
82 0 488998
69 0 489088
82 1 489181
32 0 489271
69 1 489342
32 1 489412
8 0 490463
8 0 490968
8 0 491008
8 0 491049
8 0 491090
8 0 491131
8 0 491172
8 0 491214
8 0 491253
8 0 491292
8 0 491331
8 0 491371
8 0 491411
8 0 491452
8 1 491492
8 0 491676
8 0 492181
8 0 492219
8 0 492260
8 0 492299
8 0 492341
8 0 492380
8 0 492420
8 0 492461
8 0 492500
8 0 492541
8 0 492581
8 1 492614
8 0 492866
8 0 493369
8 0 493409
8 0 493449
8 0 493489
8 0 493531
8 0 493570
8 0 493611
8 1 493642
79 0 494377
79 1 494508
8 0 494934
8 0 495436
8 0 495477
8 0 495516
8 0 495556
8 0 495597
8 0 495640
8 0 495681
8 0 495721
8 0 495761
8 0 495801
8 0 495841
8 0 495882
8 0 495922
8 0 495962
8 0 496003
8 1 496022
67 0 496811
85 0 496921
67 1 496992
85 1 497013
77 0 497112
77 1 497256
32 0 497295
32 1 497417
67 0 524136
79 0 524219
67 1 524289
78 0 524309
83 0 524419
78 1 524424
79 1 524428
73 0 524520
83 1 524540
68 0 524641
73 1 524644
69 0 524732
68 1 524737
82 0 524833
32 0 524944
69 1 524974
82 1 525004
32 1 525045
67 0 525164
65 0 525226
67 1 525307
32 0 525336
65 1 525378
32 1 525427
83 0 530084
85 0 530195
83 1 530214
78 0 530277
85 1 530358
84 0 530388
78 1 530391
32 0 530498
84 1 530539
32 1 530608
70 0 530930
79 0 531021
70 1 531052
79 1 531141
65 0 531161
82 0 531256
65 1 531316
82 1 531366
84 0 531476
69 0 531566
32 0 531625
84 1 531628
69 1 531685
32 1 531739
80 0 531839
80 1 531890
85 0 532010
85 1 532102
84 0 532122
84 1 532234
73 0 532238
78 0 532294
73 1 532395
78 1 532435
69 0 532485
69 1 532616
32 0 532619
32 1 532725
8 0 537501
8 0 538006
8 0 538046
8 0 538086
8 0 538126
8 0 538166
8 0 538206
8 0 538252
8 0 538290
8 0 538329
8 1 538370
8 0 538530
8 1 538621
8 0 538701
8 1 538764
8 0 538844
8 1 538915
8 0 538965
8 1 539126
67 0 539308
79 0 539419
67 1 539470
78 0 539489
79 1 539519
78 1 539609
68 0 539670
73 0 539852
68 1 539882
73 1 539912
84 0 540153
73 0 540264
84 1 540305
73 1 540336
73 0 540395
32 0 540527
73 1 540531
32 1 540667
77 0 540686
77 1 540780
85 0 540881
85 1 540932
76 0 541053
84 0 541132
76 1 541139
32 0 541223
84 1 541276
32 1 541306
77 0 541376
65 0 541437
77 1 541478
65 1 541586
73 0 541589
32 0 541707
73 1 541711
32 1 541818
70 0 542513
70 1 542553
8 0 542947
71 0 543057
8 1 543061
71 1 543118
82 0 543227
69 0 543290
82 1 543350
69 1 543391
76 0 543396
69 0 543462
76 1 543465
32 0 543581
69 1 543621
32 1 543701
83 0 546156
73 0 546256
83 1 546319
73 1 546390
32 0 546409
32 1 546509
83 0 548243
79 0 548366
83 1 548389
67 0 548497
79 1 548500
73 0 548637
67 1 548668
69 0 548767
73 1 548770
69 1 548922
84 0 548977
65 0 549070
84 1 549101
65 1 549232
84 0 549303
69 0 549394
65 0 549455
84 1 549459
65 1 549605
69 1 549609
32 0 549961
32 1 550141
84 0 551182
84 1 551305
82 0 551424
69 0 551526
82 1 551615
69 1 551655
8 0 551908
8 0 552413
8 0 552452
8 0 552493
8 0 552536
8 0 552575
8 0 552614
8 0 552653
8 0 552693
8 0 552734
8 0 552774
8 0 552817
8 0 552857
8 0 552897
8 0 552938
8 0 552978
8 0 553019
8 1 553049
83 0 554060
73 0 554189
83 1 554210
32 0 554313
73 1 554318
32 1 554514
83 0 554837
73 0 554977
83 1 555008
78 0 555067
73 1 555129
67 0 555198
78 1 555249
69 0 555267
67 1 555288
82 0 555421
69 1 555502
32 0 555505
32 1 555601
82 1 555605
78 0 555660
85 0 555770
78 1 555824
32 0 555874
83 0 555955
85 1 555960
32 1 555975
84 0 556095
73 0 556125
83 1 556176
73 1 556196
84 1 556247
85 0 556266
32 0 556348
85 1 556399
32 1 556499
67 0 556539
69 0 556589
67 1 556669
32 0 556709
69 1 556760
83 0 556831
32 1 556835
65 0 556913
83 1 557013
32 0 557016
65 1 557083
32 1 557087
77 0 557163
65 0 557202
77 1 557253
73 0 557316
65 1 557366
32 0 557456
73 1 557460
32 1 557517
82 0 557577
65 0 557667
82 1 557718
83 0 557799
65 1 557871
80 0 557930
83 1 557971
80 1 558021
85 0 558132
78 0 558211
85 1 558315
68 0 558364
78 1 558395
68 1 558566
190 0 558689
190 1 558759
32 0 558862
32 1 558952
16 0 559996
78 0 560217
78 1 560267
16 1 560287
85 0 560380
32 0 560471
85 1 560520
32 1 560590
83 0 560629
83 1 560790
84 0 560793
73 0 560813
73 1 560863
84 1 560913
85 0 560993
85 1 561134
32 0 561174
32 1 561295
67 0 561366
85 0 561457
67 1 561497
85 1 561547
77 0 561637
32 0 561717
77 1 561758
69 0 561811
32 1 561832
69 1 561912
83 0 561972
83 1 562073
84 0 562142
69 0 562183
32 0 562273
84 1 562277
69 1 562326
32 1 562376
83 0 562435
73 0 562526
83 1 562547
83 0 562666
73 1 562671
83 1 562757
84 0 562848
69 0 562900
84 1 562979
77 0 562999
69 1 563070
77 1 563110
85 0 563210
85 1 563270
76 0 563393
32 0 563473
76 1 563478
32 1 563594
73 0 563597
78 0 563674
32 0 563774
73 1 563777
78 1 563804
65 0 563856
32 1 563898
76 0 563948
65 1 563998
76 1 564078
84 0 564108
69 0 564148
84 1 564209
32 0 564238
69 1 564299
32 1 564361
84 0 564481
65 0 564582
84 1 564612
82 0 564782
65 1 564813
82 1 564947
32 0 565077
32 1 565208
83 0 565287
65 0 565341
83 1 565441
85 0 565461
65 1 565531
85 1 565601
67 0 568965
85 0 569084
67 1 569145
85 1 569149
77 0 569255
32 0 569348
77 1 569369
83 0 569438
32 1 569459
65 0 569568
83 1 569620
32 0 569623
65 1 569688
32 1 569738
70 0 569778
73 0 569870
70 1 569891
73 1 569932
69 0 569951
69 1 570092
32 0 570095
32 1 570213
83 0 571121
83 1 571241
84 0 571311
85 0 571424
84 1 571475
85 1 571545
68 0 571616
69 0 571696
68 1 571767
78 0 571786
69 1 571839
84 0 571898
78 1 571919
73 0 572018
84 1 572059
73 1 572120
73 0 572169
73 1 572320
32 0 572384
32 1 572503
77 0 572505
65 0 572612
77 1 572616
73 0 572702
65 1 572743
32 0 572746
73 1 572803
32 1 572845
8 0 573429
8 1 573510
8 0 573580
8 1 573642
8 0 573710
8 1 573761
8 0 573831
8 1 573906
8 0 573976
8 1 574107
32 0 574257
83 0 574369
32 1 574399
65 0 574470
83 1 574540
85 0 574560
65 1 574610
32 0 574671
85 1 574698
69 0 574781
32 1 574786
69 1 574903
76 0 574906
69 0 574963
76 1 575034
69 1 575114
86 0 575194
73 0 575293
86 1 575367
73 1 575371
73 0 575417
32 0 575568
73 1 575573
32 1 575698
77 0 575758
65 0 575870
77 1 575874
73 0 575951
65 1 576023
32 0 576025
73 1 576052
32 1 576173
80 0 576192
69 0 576303
80 1 576323
82 0 576384
69 1 576486
82 1 576489
70 0 576576
70 1 576686
79 0 576980
79 1 577081
82 0 577131
77 0 577211
82 1 577272
65 0 577341
77 1 577345
78 0 577425
65 1 577465
84 0 577565
78 1 577569
73 0 577647
84 1 577716
73 1 577747
190 0 577888
190 1 577955
16 0 581945
80 0 582025
80 1 582116
16 1 582136
82 0 582245
79 0 582346
82 1 582408
79 1 582487
8 0 582679
8 1 582730
8 0 582820
8 1 582903
8 0 582963
32 0 583094
8 1 583097
16 0 583144
32 1 583234
80 0 583254
16 1 583365
80 1 583388
82 0 583538
79 0 583638
82 1 583698
79 1 583758
66 0 583921
66 1 583991
65 0 584031
66 0 584111
65 1 584176
73 0 584217
66 1 584277
73 1 584367
76 0 584459
32 0 584582
76 1 584588
32 1 584690
84 0 584790
84 1 584871
82 0 584945
69 0 585015
82 1 585076
69 1 585116
85 0 585275
85 1 585357
8 0 585660
8 1 585761
66 0 585830
66 1 585904
85 0 585907
85 1 585974
73 0 586065
69 0 586156
73 1 586176
69 1 586288
32 0 586307
32 1 586432
67 0 586741
65 0 586801
67 1 586872
32 0 586923
65 1 586975
32 1 587025
80 0 587135
80 1 587216
82 0 587235
79 0 587336
82 1 587404
79 1 587474
70 0 587514
69 0 587654
70 1 587705
82 0 587775
69 1 587939
82 1 588049
8 0 588788
8 1 588942
83 0 589043
83 1 589215
79 0 589218
79 1 589365
82 0 589385
73 0 589502
82 1 589561
73 1 589582
73 0 589641
73 1 589782
32 0 589802
83 0 589904
32 1 589936
65 0 590016
83 1 590095
32 0 590098
65 1 590154
32 1 590264
83 0 590335
69 0 590439
83 1 590540
32 0 590570
69 1 590630
32 1 590711
73 0 591205
78 0 591304
73 1 591409
83 0 591450
78 1 591455
80 0 591580
83 1 591610
80 1 591670
73 0 591760
73 1 591914
82 0 591985
69 0 592106
82 1 592166
32 0 592255
69 1 592286
32 1 592418
68 0 593202
69 0 593283
68 1 593333
32 0 593383
69 1 593446
32 1 593476
76 0 593546
65 0 593627
76 1 593657
32 0 593727
65 1 593777
32 1 593808
73 0 593867
78 0 593960
83 0 594010
73 1 594031
78 1 594081
83 1 594111
84 0 594221
73 0 594282
84 1 594362
73 1 594402
84 0 594928
85 0 595020
84 1 595090
85 1 595161
84 0 595311
73 0 595390
84 1 595453
73 1 595635
73 0 595896
73 1 595999
76 0 596119
76 1 596199
69 0 596229
32 0 596299
69 1 596339
32 1 596431
68 0 596461
69 0 596531
68 1 596591
32 0 596594
32 1 596672
69 1 596692
73 0 596762
78 0 596812
73 1 596916
78 1 596976
86 0 597056
65 0 597177
86 1 597182
65 1 597288
84 0 597560
65 0 597670
84 1 597731
65 1 597881
77 0 597901
77 1 598056
73 0 598060
78 0 598186
73 1 598297
78 1 598440
8 0 598640
8 1 598691
8 0 598770
8 1 598891
65 0 598963
65 1 599134
78 0 599183
78 1 599324
84 0 599580
84 1 599752
32 0 603190
32 1 603291
32 0 604709
32 1 604851
68 0 604882
73 0 604993
68 1 605043
78 0 605073
32 0 605163
73 1 605167
78 1 605224
32 1 605313
65 0 605343
65 1 605568
76 0 605571
76 1 605678
84 0 605738
69 0 605819
84 1 605889
32 0 605918
69 1 605951
32 1 606062
83 0 606082
84 0 606191
83 1 606221
65 0 606271
84 1 606302
65 1 606382
84 0 606411
69 0 606464
84 1 606554
69 1 606635
32 0 607330
32 1 607503
83 0 608147
73 0 608248
83 1 608298
32 0 608368
73 1 608389
83 0 608418
32 1 608472
65 0 608511
83 1 608582
32 0 608612
65 1 608672
32 1 608743
80 0 609856
80 1 609936
79 0 610030
65 0 610140
79 1 610172
65 1 610231
84 0 610330
69 0 610403
84 1 610476
69 1 610567
8 0 623110
8 1 623210
8 0 623240
8 1 623370
8 0 623460
8 1 623523
8 0 623602
8 1 623684
8 0 623764
8 1 623885
73 0 625088
73 1 625168
65 0 625218
32 0 625359
65 1 625379
32 1 625469
76 0 625591
76 1 625692
69 0 626063
67 0 626253
69 1 626257
67 1 626405
84 0 626494
73 0 626628
84 1 626668
73 1 626708
73 0 626778
73 1 626909
68 0 629457
69 0 629571
68 1 629622
32 0 629661
69 1 629722
32 1 629752
76 0 629843
76 1 629943
65 0 630015
65 1 630137
32 0 630140
32 1 630238
69 0 630257
73 0 630337
69 1 630399
73 1 630428
190 0 630630
190 1 630700
32 0 630951
32 1 631054
16 0 631385
73 0 631848
73 1 631909
16 1 631913
78 0 632031
32 0 632121
78 1 632125
32 1 632242
77 0 632261
79 0 632371
77 1 632422
77 0 632502
79 1 632546
69 0 632647
77 1 632687
78 0 632766
69 1 632847
84 0 632926
78 1 632930
85 0 633059
84 1 633141
85 1 633144
76 0 633251
32 0 633320
76 1 633381
68 0 633401
32 1 633431
69 0 633523
68 1 633594
32 0 633597
69 1 633684
32 1 633714
70 0 633764
65 0 633884
70 1 633905
65 1 634015
84 0 634048
65 0 634119
84 1 634200
65 1 634290
32 0 634714
32 1 634845
67 0 636039
67 1 636171
82 0 636371
69 0 636431
82 1 636584
65 0 636603
69 1 636735
65 1 636835
68 0 636894
68 1 636965
8 0 637160
8 1 637201
8 0 637290
8 1 637361
68 0 637392
68 1 637511
32 0 637533
32 1 637624
67 0 637663
65 0 637736
67 1 637814
32 0 637843
65 1 637883
32 1 637935
84 0 637964
84 1 638037
82 0 638106
69 0 638186
82 1 638237
69 1 638277
66 0 638356
85 0 638436
66 1 638477
85 1 638517
73 0 638610
69 0 638631
73 1 638681
69 1 638761
32 0 638841
32 1 638962
68 0 638982
69 0 639064
68 1 639115
69 1 639135
83 0 639225
67 0 639305
83 1 639426
67 1 639506
72 0 639709
73 0 640083
72 1 640124
73 1 640334
83 0 640465
69 0 640628
83 1 640748
32 0 640751
69 1 640778
32 1 640868
83 0 640948
67 0 641039
83 1 641221
67 1 641281
79 0 641532
79 1 641595
76 0 641725
76 1 641796
73 0 641906
73 1 641997
76 0 642100
69 0 642220
76 1 642224
188 0 642320
69 1 642391
188 1 642471
32 0 642562
65 0 642623
32 1 642684
76 0 642773
65 1 642864
76 1 642924
84 0 642994
84 1 643088
70 0 643239
69 0 643329
70 1 643410
76 0 643450
69 1 643490
32 0 643592
76 1 643597
32 1 643693
86 0 643983
86 1 644065
79 0 644387
77 0 644508
32 0 644581
79 1 644585
77 1 644652
65 0 644722
32 1 644757
65 1 644872
86 0 644943
69 0 645022
86 1 645066
65 0 645107
69 1 645208
32 0 645227
65 1 645278
32 1 645318
79 0 645377
32 0 645508
79 1 645512
32 1 645591
71 0 645750
69 0 645811
71 1 645871
78 0 645921
69 1 645942
69 0 646031
78 1 646035
69 1 646147
82 0 646149
65 0 646286
82 1 646327
65 1 646467
84 0 646527
73 0 646620
84 1 646661
69 0 646741
73 1 646745
69 1 646881
32 0 646884
32 1 646982
67 0 647244
65 0 647304
67 1 647345
65 1 647435
82 0 647568
69 0 647628
82 1 647689
32 0 647718
69 1 647769
32 1 647839
65 0 648393
65 1 648494
82 0 648566
69 0 648636
82 1 648697
69 1 648737
32 0 648740
32 1 648857
50 0 648887
50 1 649027
32 0 649030
32 1 649110
65 0 649152
78 0 649263
65 1 649324
73 0 649353
78 1 649394
32 0 649413
73 1 649504
32 1 649524
73 0 650057
78 0 650141
32 0 650242
73 1 650247
78 1 650293
32 1 650352
80 0 650402
80 1 650463
76 0 650562
76 1 650636
85 0 650746
85 1 650837
83 0 650866
32 0 650966
83 1 650997
32 1 651027
76 0 651119
76 1 651201
65 0 651221
65 1 651321
32 0 651324
32 1 651382
67 0 651501
69 0 651594
67 1 651655
73 0 651694
69 1 651755
73 1 651826
32 0 651865
32 1 651996
55 0 652361
55 1 652462
32 0 652501
32 1 652604
65 0 652673
78 0 652794
65 1 652825
73 0 652875
78 1 652915
32 0 653045
73 1 653050
32 1 653128
68 0 653157
69 0 653257
68 1 653318
32 0 653321
69 1 653368
65 0 653438
32 1 653441
67 0 653581
65 1 653642
67 1 653732
65 0 654176
65 1 654347
83 0 654350
65 0 654407
83 1 654457
65 1 654680
32 0 654972
16 0 655050
32 1 655094
48 0 655295
16 1 655365
48 1 655415
190 0 655617
190 1 655728
32 0 655798
32 1 655908
16 0 656211
72 0 656482
16 1 656502
72 1 656563
65 0 656625
73 0 656696
65 1 656766
32 0 656816
73 1 656856
32 1 656957
79 0 656959
32 0 657086
79 1 657092
32 1 657200
8 0 657774
8 1 657834
8 0 657904
8 1 658015
83 0 658035
65 0 658075
83 1 658138
32 0 658209
65 1 658249
32 1 658299
70 0 658439
73 0 658530
70 1 658590
73 1 658632
32 0 658712
32 1 658833
73 0 658873
73 1 658954
85 0 659053
85 1 659157
66 0 659187
66 1 659317
73 0 659320
73 1 659397
84 0 659427
84 1 659528
190 0 659588
190 1 659651
16 0 691900
16 0 692404
16 0 692443
16 0 692483
16 0 692524
16 0 692563
16 0 692603
16 0 692644
16 0 692684
16 0 692727
16 0 692767
16 0 692807
16 0 692847
16 0 692887
16 0 692927
16 0 692968
16 0 693008
16 0 693047
16 0 693088
16 0 693129
16 0 693168
16 0 693210
16 0 693251
16 0 693292
86 0 693312
86 1 693402
16 1 693407
65 0 693533
65 1 693695
68 0 693865
68 1 694026
32 0 694054
32 1 694210
32 0 694280
32 1 694401
79 0 694404
79 1 694571
32 0 694621
32 1 694775
8 0 694944
8 1 695004
8 0 695094
8 1 695145
8 0 695216
8 1 695347
79 0 695447
79 1 695588
32 0 695608
32 1 695772
80 0 695775
80 1 695832
73 0 695942
67 0 696042
73 1 696045
67 1 696163
84 0 696244
85 0 696326
84 1 696356
85 1 696426
82 0 696466
65 0 696547
82 1 696596
65 1 696698
32 0 707875
32 1 708006
85 0 713810
78 0 713900
68 0 714019
85 1 714023
78 1 714041
69 0 714100
68 1 714151
32 0 714263
69 1 714293
32 1 714415
8 0 716350
8 0 716855
8 0 716895
8 0 716935
8 0 716975
8 0 717015
8 0 717056
8 0 717096
8 0 717136
8 0 717176
8 0 717216
8 0 717256
8 0 717299
8 0 717339
8 0 717379
8 0 717419
8 0 717461
8 0 717499
8 0 717540
8 0 717580
8 0 717620
8 0 717660
8 0 717700
8 1 717741
16 0 717863
69 0 717994
16 1 718104
69 1 718144
85 0 718173
32 0 718277
85 1 718281
67 0 718439
32 1 718444
79 0 718468
67 1 718579
78 0 718629
79 1 718669
83 0 718699
78 1 718729
73 0 718781
83 1 718811
68 0 718862
73 1 718922
69 0 718982
68 1 718988
82 0 719072
32 0 719172
69 1 719203
82 1 719242
32 1 719287
67 0 719375
65 0 719437
67 1 719527
32 0 719530
65 1 719577
32 1 719647
69 0 719677
69 1 719757
83 0 719820
83 1 719891
84 0 719971
69 0 720031
32 0 720111
84 1 720116
69 1 720171
32 1 720191
86 0 720425
86 1 720484
79 0 720487
82 0 720614
79 1 720618
82 1 720725
66 0 720754
65 0 720877
66 1 720880
65 1 721017
32 0 721067
32 1 721219
68 0 721313
69 0 721373
68 1 721435
69 1 721484
83 0 721644
83 1 721787
80 0 721935
80 1 722016
82 0 722055
69 0 722136
82 1 722166
32 0 722186
69 1 722247
32 1 722267
79 0 722489
79 1 722712
79 0 723047
79 1 723117
8 0 723572
8 1 723652
8 0 723752
8 1 723806
79 0 725504
32 0 725575
79 1 725579
32 1 725675
8 0 726949
8 1 726979
8 0 727079
8 1 727220
16 0 727715
16 1 728109
82 0 729149
82 1 729249
79 0 729252
77 0 729331
79 1 729364
65 0 729471
77 1 729475
65 1 729593
78 0 729613
73 0 729694
78 1 729734
73 1 729846
32 0 729956
32 1 730085
73 0 730087
78 0 730175
32 0 730247
73 1 730266
78 1 730340
32 1 730391
80 0 730461
80 1 730521
73 0 730631
67 0 730712
73 1 730742
67 1 730814
84 0 730905
84 1 731035
85 0 731038
82 0 731165
85 1 731168
65 0 731265
82 1 731348
65 1 731440
190 0 731442
190 1 731538
32 0 731599
16 0 731697
32 1 731737
69 0 731821
16 1 731913
69 1 731952
73 0 731991
32 0 732123
73 1 732143
83 0 732221
32 1 732225
83 1 732356
84 0 732386
65 0 732447
84 1 732487
85 0 732528
65 1 732597
32 0 732667
85 1 732670
68 0 732738
32 1 732768
69 0 732797
68 1 732861
32 0 732879
69 1 732940
32 1 733010
86 0 733029
86 1 733140
79 0 733142
79 1 733220
82 0 733251
82 1 733365
66 0 733369
66 1 733476
65 0 733516
32 0 733626
65 1 733666
32 1 733746
73 0 734332
78 0 734412
73 1 734533
84 0 734603
78 1 734606
84 1 734693
82 0 734773
79 0 734876
82 1 734907
79 1 734977
32 0 735127
32 1 735257
80 0 735329
80 1 735401
73 0 735512
65 0 735612
73 1 735617
65 1 735763
84 0 735855
65 0 735936
84 1 735976
65 1 736076
190 0 740445
32 0 740536
190 1 740540
16 0 740677
32 1 740707
80 0 740817
80 1 740881
16 1 740884
79 0 741000
79 1 741131
82 0 741210
82 1 741353
8 0 741565
8 1 741625
8 0 741705
8 1 741796
82 0 741828
79 0 741919
82 1 741959
79 1 741999
66 0 742129
66 1 742220
65 0 742239
65 1 742385
66 0 742454
73 0 742595
66 1 742625
73 1 742736
76 0 742857
32 0 742947
76 1 742978
32 1 743058
86 0 743137
79 0 743197
86 1 743238
79 1 743307
82 0 743349
82 1 743502
66 0 743505
69 0 743622
66 1 743625
69 1 743712
83 0 743802
83 1 743886
84 0 743975
84 1 744127
8 0 744349
8 1 744440
67 0 744459
67 1 744581
32 0 744600
32 1 744691
68 0 744792
69 0 744883
68 1 744934
69 1 744985
83 0 745073
83 1 745164
80 0 745449
80 1 745569
82 0 745649
69 0 745709
82 1 745750
32 0 745810
69 1 745872
32 1 745931
86 0 746041
86 1 746121
82 0 746232
69 0 746303
82 1 746375
77 0 746415
69 1 746446
69 0 746524
77 1 746546
65 0 746648
69 1 746738
32 0 746766
65 1 746797
32 1 746860
68 0 746890
69 0 746960
68 1 747010
32 0 747041
69 1 747090
32 1 747169
65 0 747260
65 1 747413
70 0 747532
65 0 747665
70 1 747670
65 1 747787
82 0 747789
65 0 747868
82 1 747939
188 0 747998
65 1 748039
188 1 748090
32 0 748320
32 1 748492
67 0 769247
65 0 769295
67 1 769327
65 1 769411
82 0 769450
69 0 769531
32 0 769592
82 1 769595
69 1 769662
32 1 769712
80 0 769913
65 0 770010
80 1 770011
65 1 770104
82 0 770195
69 0 770245
82 1 770305
32 0 770324
69 1 770345
32 1 770417
70 0 770447
79 0 770557
70 1 770577
79 1 770637
65 0 770667
82 0 770697
65 1 770758
82 1 770788
84 0 770868
69 0 770974
32 0 771014
84 1 771019
69 1 771073
32 1 771132
82 0 771342
82 1 771415
8 0 771690
70 0 771758
8 1 771789
70 1 771861
82 0 771932
85 0 772021
82 1 772093
85 1 772122
77 0 772244
79 0 772342
77 1 772363
65 0 772446
79 1 772488
83 0 772537
65 1 772570
65 0 772628
83 1 772648
65 1 772788
190 0 772791
190 1 772879
32 0 772908
32 1 773020
16 0 773664
85 0 773980
16 1 774049
85 1 774069
78 0 774158
78 1 774329
73 0 774511
73 1 774572
73 0 774652
32 0 774772
73 1 774776
32 1 774891
83 0 777377
83 1 777480
84 0 777600
65 0 777700
84 1 777750
85 0 777840
65 1 777861
32 0 777953
85 1 777956
83 0 778053
32 1 778083
73 0 778152
83 1 778233
32 0 778236
73 1 778263
32 1 778363
71 0 778435
65 0 778547
71 1 778554
78 0 778628
65 1 778659
78 1 778789
68 0 778839
69 0 778890
68 1 778972
69 1 779013
83 0 779124
67 0 779223
83 1 779303
67 1 779364
32 0 779367
32 1 779446
67 0 779475
85 0 779596
67 1 779656
32 0 779706
85 1 779710
32 1 779857
77 0 779940
65 0 780060
77 1 780063
65 1 780181
78 0 780200
65 0 780281
78 1 780342
65 1 780422
188 0 780942
32 0 781032
188 1 781051
32 1 781162
67 0 781242
79 0 781342
67 1 781382
79 1 781465
84 0 781566
85 0 781677
84 1 781727
85 1 781767
76 0 781919
76 1 782073
32 0 782112
32 1 782212
80 0 782252
69 0 782352
80 1 782355
32 0 782455
69 1 782475
32 1 782555
79 0 782636
32 0 782754
79 1 782757
32 1 782884
66 0 782987
65 0 783098
66 1 783102
65 1 783218
78 0 783221
78 1 783349
67 0 783612
65 0 783652
67 1 783733
65 1 783854
190 0 783894
190 1 784057
32 0 784109
32 1 784229
16 0 785922
67 0 786106
16 1 786177
67 1 786247
73 0 786317
78 0 786368
79 0 786371
73 1 786418
79 1 786421
69 0 786470
78 1 786490
69 1 786652
8 0 786976
8 1 787046
8 0 787146
8 1 787186
8 0 787256
8 1 787357
78 0 787772
78 1 787893
69 0 787923
32 0 788025
69 1 788046
32 1 788155
83 0 788174
83 1 788265
84 0 788324
73 0 788394
84 1 788424
73 1 788497
69 0 788516
69 1 788637
188 0 788640
32 0 788737
188 1 788741
32 1 788858
80 0 788888
80 1 788949
79 0 789031
65 0 789101
79 1 789151
65 1 789232
84 0 789555
69 0 789616
84 1 789657
32 0 789676
69 1 789726
32 1 789796
83 0 789846
69 0 789906
32 0 789979
83 1 790000
69 1 790040
32 1 790120
71 0 790209
65 0 790320
71 1 790323
78 0 790380
65 1 790441
78 1 790515
68 0 790865
69 0 790925
68 1 790998
69 1 791048
83 0 791128
67 0 791218
83 1 791309
32 0 791339
67 1 791369
32 1 791399
76 0 791491
65 0 791581
76 1 791585
65 1 791702
32 0 791705
32 1 791802
79 0 791882
32 0 792006
79 1 792010
32 1 792116
83 0 797024
83 1 797055
90 0 797194
73 0 797197
90 1 797398
73 1 797399
8 0 797969
8 1 798033
8 0 798123
8 1 798163
8 0 798242
90 0 798373
8 1 798376
73 0 798495
90 1 798525
32 0 798597
73 1 798600
32 1 798757
73 0 798760
73 1 798866
68 0 798896
69 0 798989
68 1 799038
65 0 799088
69 1 799139
65 1 799189
76 0 799192
65 0 799239
76 1 799269
65 1 799400
32 0 800512
32 1 800622
80 0 800772
80 1 800852
69 0 800882
69 1 801006
78 0 801009
78 1 801106
84 0 801126
84 1 801197
82 0 801287
85 0 801376
82 1 801397
85 1 801503
32 0 801554
69 0 801585
32 1 801634
73 0 801724
69 1 801794
73 1 801815
190 0 801996
190 1 802077
32 0 802096
32 1 802247
16 0 802250
80 0 802377
80 1 802428
16 1 802432
79 0 802542
65 0 802583
79 1 802634
65 1 802674
84 0 802774
69 0 802813
32 0 802874
84 1 802894
32 1 802944
69 1 802975
85 0 803037
78 0 803158
85 1 803218
78 1 803348
73 0 803488
73 1 803561
73 0 803651
32 0 803742
73 1 803745
32 1 803862
67 0 803902
72 0 804016
67 1 804056
73 0 804095
72 1 804136
65 0 804155
73 1 804226
82 0 804275
65 1 804336
32 0 804366
82 1 804437
32 1 804477
67 0 804620
79 0 804710
67 1 804750
78 0 804800
79 1 804861
83 0 804890
78 1 804911
83 1 804991
73 0 804994
68 0 805103
73 1 805107
69 0 805173
68 1 805176
82 0 805263
69 1 805284
65 0 805414
82 1 805475
65 1 805609
32 0 805612
32 1 805729
67 0 805820
65 0 805929
67 1 805980
65 1 806072
32 0 806075
65 0 806183
32 1 806203
83 0 806302
65 1 806343
84 0 806473
65 0 806515
83 1 806518
84 1 806575
65 1 806676
32 0 806679
32 1 806796
69 0 806816
32 0 806937
69 1 806966
32 1 807030
79 0 807109
32 0 807250
79 1 807254
32 1 807350
90 0 807441
73 0 807513
90 1 807565
32 0 807625
73 1 807629
32 1 807765
73 0 807767
68 0 807905
73 1 807909
69 0 807975
68 1 808038
65 0 808067
69 1 808138
65 1 808188
76 0 808218
65 0 808258
76 1 808309
65 1 808429
32 0 808468
32 1 808623
67 0 808813
65 0 808894
67 1 808934
78 0 808937
65 1 808994
78 1 809026
68 0 809086
68 1 809237
32 0 809649
32 1 809740
80 0 809870
80 1 809971
69 0 810000
69 1 810155
84 0 810158
84 1 810234
82 0 810355
69 0 810475
82 1 810537
69 1 810619
67 0 810689
32 0 810849
67 1 810870
32 1 811022
84 0 811142
73 0 811212
84 1 811283
77 0 811286
73 1 811333
77 1 811363
80 0 811443
80 1 811526
85 0 811647
85 1 811708
76 0 811818
32 0 811888
76 1 811929
65 0 812008
32 1 812012
65 1 812111
70 0 812114
65 0 812231
70 1 812237
65 1 812352
82 0 812355
65 0 812441
82 1 812492
32 0 812535
65 1 812565
32 1 812626
80 0 812736
80 1 812806
69 0 812836
32 0 812936
69 1 813007
32 1 813010
79 0 813109
79 1 813230
32 0 813250
90 0 813370
32 1 813373
73 0 813501
90 1 813543
73 1 813645
32 0 813684
32 1 813795
83 0 813815
69 0 813955
83 1 814067
69 1 814158
78 0 814478
73 0 814603
78 1 814623
78 0 814733
73 1 814784
84 0 814893
78 1 814897
65 0 814944
84 1 814984
65 1 815107
188 0 815167
32 0 815306
188 1 815310
68 0 815336
32 1 815387
85 0 815488
68 1 815561
85 1 815564
80 0 815880
80 1 815991
65 0 816021
65 1 816134
32 0 816137
32 1 816195
67 0 816224
85 0 816314
67 1 816375
85 1 816395
77 0 816505
77 1 816688
32 0 817221
32 1 817352
83 0 817422
69 0 817512
83 1 817616
32 0 817619
69 1 817666
32 1 817727
86 0 817876
69 0 817957
86 1 817978
69 1 818070
68 0 818140
69 0 818189
68 1 818240
32 0 818321
69 1 818350
67 0 818451
32 1 818456
69 0 818521
67 1 818573
82 0 818683
69 1 818723
85 0 818815
82 1 818874
85 1 818904
76 0 819014
32 0 819097
76 1 819137
65 0 819198
32 1 819228
76 0 819297
65 1 819358
76 1 819398
66 0 819518
65 0 819621
66 1 819642
83 0 819812
65 1 819853
83 1 819943
84 0 819983
84 1 820046
82 0 820125
85 0 820206
82 1 820276
85 1 820296
188 0 820446
188 1 820517
32 0 820610
32 1 820680
73 0 821123
77 0 821213
73 1 821304
77 1 821344
80 0 821424
80 1 821535
82 0 821628
82 1 821879
85 0 821939
78 0 822053
85 1 822143
78 1 822203
8 0 824290
8 1 824371
8 0 824461
8 1 824552
69 0 825026
85 0 825130
69 1 825171
85 1 825252
78 0 825255
65 0 825372
78 1 825376
65 1 825452
32 0 825472
32 1 825553
67 0 825574
85 0 825645
67 1 825686
32 0 825726
85 1 825748
32 1 825875
80 0 825905
80 1 825976
73 0 826308
73 1 826430
69 0 826459
69 1 826603
84 0 826713
69 0 826783
84 1 826844
78 0 826904
69 1 826934
78 1 827067
8 0 827257
8 1 827308
8 0 827388
8 1 827451
8 0 827509
8 1 827702
8 0 827772
8 1 827843
8 0 827882
8 1 828043
82 0 828325
73 0 828417
82 1 828498
73 1 828568
69 0 828691
69 1 828831
84 0 828932
69 0 829012
84 1 829094
78 0 829097
69 1 829164
78 1 829234
73 0 829275
73 1 829366
73 0 829455
73 1 829566
32 0 829589
32 1 829710
73 0 829713
78 0 829781
32 0 829842
73 1 829862
78 1 829911
32 1 829961
80 0 830014
80 1 830072
73 0 830173
65 0 830234
73 1 830284
65 1 830324
84 0 830382
65 0 830444
84 1 830505
190 0 830565
65 1 830597
190 1 830647
32 0 830697
32 1 830827
16 0 831160
83 0 831280
16 1 831311
83 1 831361
65 0 831451
85 0 831561
65 1 831603
32 0 831704
85 1 831708
32 1 831815
67 0 832429
72 0 832579
67 1 832620
73 0 832673
72 1 832734
65 0 832763
73 1 832814
82 0 832884
65 1 832945
82 1 833035
32 0 842897
32 1 843058
83 0 843096
69 0 843190
83 1 843300
32 0 843320
69 1 843380
32 1 843410
71 0 843637
65 0 843757
71 1 843761
78 0 843817
65 1 843858
78 1 843938
68 0 843968
69 0 844048
68 1 844131
69 1 844161
83 0 844271
67 0 844351
83 1 844483
32 0 844486
67 1 844503
32 1 844563
67 0 844603
85 0 844690
67 1 844761
85 1 844764
77 0 844860
32 0 844950
77 1 844954
32 1 845091
80 0 845094
80 1 845144
79 0 845234
65 0 845303
79 1 845344
65 1 845364
84 0 845424
69 0 845485
32 0 845564
84 1 845568
69 1 845639
32 1 845680
70 0 846819
73 0 846899
70 1 846970
73 1 847000
32 0 847110
32 1 847242
68 0 847603
69 0 847687
68 1 847738
69 1 847778
90 0 848130
90 1 848281
66 0 848522
66 1 848657
79 0 848674
79 1 848735
76 0 848854
76 1 848936
8 0 849169
8 1 849239
8 0 849309
8 1 849389
8 0 849419
86 0 849560
8 1 849566
79 0 849684
86 1 849705
79 1 849765
76 0 849844
76 1 849976
84 0 849996
65 0 850115
84 1 850119
84 0 850207
65 1 850299
32 0 850339
84 1 850380
32 1 850420
73 0 850500
78 0 850580
73 1 850674
78 1 850745
86 0 850804
65 0 850975
86 1 850979
65 1 851106
84 0 851289
65 0 851390
84 1 851440
65 1 851560
77 0 851563
65 0 851662
77 1 851665
78 0 851783
65 1 851813
78 1 851943
84 0 852043
85 0 852157
84 1 852198
85 1 852201
76 0 852327
32 0 852407
76 1 852443
68 0 852538
32 1 852541
73 0 852608
68 1 852680
78 0 852701
32 0 852801
73 1 852804
78 1 852851
32 1 852921
84 0 853354
65 0 853445
84 1 853475
65 1 853585
82 0 853688
65 0 853769
82 1 853840
65 1 853931
190 0 854010
190 1 854193
32 0 854222
16 0 854242
32 1 854333
65 0 854413
65 1 854545
16 1 854574
85 0 854644
85 1 854758
32 0 854806
32 1 854957
90 0 855181
90 1 855291
8 0 855512
65 0 855613
8 1 855618
65 1 855755
85 0 855758
85 1 855876
90 0 856007
90 1 856107
73 0 856110
73 1 856179
84 0 856238
32 0 856359
84 1 856362
69 0 856459
32 1 856463
73 0 856580
69 1 856620
73 1 856694
32 0 856724
32 1 856845
67 0 856935
65 0 857035
67 1 857076
32 0 857178
65 1 857198
32 1 857258
76 0 857348
65 0 857438
76 1 857442
32 0 857518
65 1 857539
32 1 857629
84 0 857671
85 0 857761
84 1 857782
85 1 857862
82 0 857881
82 1 857972
67 0 858092
67 1 858216
73 0 858246
73 1 858377
188 0 858647
32 0 858741
188 1 858763
32 1 858872
80 0 858912
79 0 858915
80 1 858972
79 1 858976
84 0 858991
84 1 859102
84 0 859152
84 1 859285
8 0 859425
8 1 859496
8 0 859576
8 1 859626
8 0 859700
8 1 859761
8 0 859820
8 1 859941
79 0 860061
79 1 860205
84 0 860224
79 0 860365
84 1 860415
79 1 860516
77 0 860615
77 1 860738
65 0 860758
78 0 860888
65 1 860909
73 0 860958
78 1 861029
73 1 861110
188 0 861232
32 0 861312
188 1 861317
32 1 861423
65 0 861837
82 0 861938
65 1 861988
32 0 862048
82 1 862078
32 1 862138
70 0 862180
73 0 862230
70 1 862311
32 0 862330
73 1 862351
32 1 862461
85 0 862481
78 0 862562
85 1 862642
32 0 862662
78 1 862685
32 1 862786
65 0 862926
76 0 863036
65 1 863056
84 0 863156
76 1 863162
84 1 863259
32 0 864478
32 1 864598
83 0 864647
73 0 864740
83 1 864761
83 0 864851
73 1 864871
83 1 864972
84 0 865082
69 0 865132
84 1 865204
77 0 865244
69 1 865285
77 1 865375
32 0 865425
32 1 865526
77 0 865529
77 1 865596
85 0 865698
85 1 865770
76 0 865880
76 1 865971
84 0 866010
32 0 866071
32 1 866141
84 1 866145
77 0 866223
65 0 866324
77 1 866330
73 0 866434
65 1 866474
32 0 866564
73 1 866568
32 1 866665
66 0 866727
85 0 866827
66 1 866887
78 0 866890
85 1 866968
78 1 866988
188 0 867118
32 0 867168
188 1 867191
32 1 867291
79 0 867351
82 0 867472
79 1 867477
73 0 867562
82 1 867612
69 0 867704
73 1 867708
69 1 867906
78 0 868520
78 1 868765
84 0 868845
65 0 868965
84 1 868969
84 0 869055
65 1 869166
32 0 869185
84 1 869220
32 1 869249
80 0 869349
69 0 869439
80 1 869444
32 0 869540
69 1 869570
32 1 869660
66 0 869722
85 0 869823
66 1 869873
85 1 869944
83 0 870013
73 0 870134
83 1 870164
73 1 870247
78 0 870397
69 0 870538
78 1 870559
69 1 870660
83 0 870761
83 1 870842
83 0 870902
83 1 871043
32 0 871345
16 0 871466
32 1 871496
186 0 871566
186 1 871617
48 0 871729
16 1 871761
48 1 871811
190 0 872091
190 1 872152
32 0 874062
32 1 874173
16 0 875122
67 0 875255
16 1 875315
67 1 875386
72 0 875456
73 0 875577
72 1 875608
65 0 875637
73 1 875710
82 0 875749
65 1 875799
32 0 875849
82 1 875910
32 1 875940
97 0 876583
101 0 876654
97 1 876726
101 1 876797
77 0 877088
73 0 877188
77 1 877231
78 0 877310
73 1 877401
78 1 877431
32 0 877481
32 1 877622
77 0 877625
73 0 877681
77 1 877755
73 1 877807
189 0 877917
189 1 878018
65 0 878047
32 0 878147
65 1 878188
32 1 878240
76 0 878321
76 1 878391
85 0 878510
65 0 878591
85 1 878595
84 0 878711
65 1 878784
84 1 878874
190 0 879064
190 1 879125
