16 0 144399
65 0 144673
65 1 144746
16 1 144762
83 0 144883
83 1 144945
84 0 145212
84 1 145281
65 0 145406
65 1 145475
90 0 145595
90 1 145664
73 0 145955
73 1 146022
188 0 146350
188 1 146419
32 0 146549
32 1 146611
83 0 147455
83 1 147509
65 0 147668
65 1 147720
77 0 147785
77 1 147843
66 0 147998
66 1 148062
65 0 148152
65 1 148221
84 0 148270
84 1 148340
65 0 148411
65 1 148451
32 0 148521
32 1 148596
68 0 148700
68 1 148768
73 0 148838
73 1 148895
77 0 149036
77 1 149104
73 0 149231
73 1 149292
78 0 149428
78 1 149498
69 0 149642
69 1 149696
65 0 149930
65 1 149996
84 0 150055
84 1 150118
65 0 150299
65 1 150362
188 0 150583
188 1 150634
32 0 150761
32 1 150823
86 0 151009
86 1 151073
82 0 151232
82 1 151281
69 0 151387
69 1 151445
77 0 151580
77 1 151644
69 0 151717
69 1 151771
65 0 152004
65 1 152063
32 0 152119
32 1 152178
69 0 152318
69 1 152381
83 0 152555
83 1 152630
84 0 152696
84 1 152754
69 0 152839
69 1 152906
32 0 152940
32 1 153014
80 0 153224
80 1 153277
76 0 153407
76 1 153465
79 0 153585
79 1 153644
73 0 153788
73 1 153846
79 0 154034
79 1 154091
65 0 154308
65 1 154356
83 0 154481
83 1 154538
65 0 154689
65 1 154731
188 0 155022
188 1 155084
32 0 155833
32 1 155914
73 0 156687
73 1 156747
78 0 157119
78 1 157179
67 0 157340
67 1 157404
72 0 157509
72 1 157573
73 0 157764
73 1 157833
83 0 158036
83 1 158101
65 0 158272
65 1 158344
190 0 159661
190 1 159715
32 0 159904
32 1 159967
16 0 160961
16 1 161266
16 0 165378
78 0 165547
78 1 165612
16 1 165649
85 0 165759
85 1 165816
32 0 165972
32 1 166035
69 0 167429
69 1 167504
83 0 167698
83 1 167767
84 0 167866
84 1 167936
69 0 168031
69 1 168090
32 0 168180
32 1 168242
80 0 168444
80 1 168508
73 0 168673
73 1 168740
67 0 168900
67 1 168942
32 0 168993
32 1 169063
68 0 169192
68 1 169253
69 0 169383
69 1 169426
32 0 169501
32 1 169565
83 0 169720
83 1 169783
79 0 169864
79 1 169926
82 0 170214
82 1 170272
69 0 170372
69 1 170424
188 0 171357
188 1 171445
32 0 171763
32 1 171826
80 0 172517
80 1 172583
76 0 172716
76 1 172775
79 0 172902
79 1 172961
85 0 173158
85 1 173216
32 0 173450
32 1 173526
8 0 174565
8 1 174624
65 0 174749
65 1 174822
32 0 174990
32 1 175071
68 0 175412
68 1 175475
69 0 175520
69 1 175583
32 0 175639
32 1 175713
67 0 175853
67 1 175917
65 0 175951
65 1 176019
84 0 176096
84 1 176167
69 0 176256
69 1 176324
86 0 176460
86 1 176534
65 0 176668
65 1 176734
32 0 176777
32 1 176853
90 0 176948
90 1 177004
73 0 177104
73 1 177161
76 0 177302
76 1 177370
69 0 177480
69 1 177547
32 0 177827
32 1 177895
8 0 179278
8 1 179337
190 0 180673
190 1 180725
32 0 180997
32 1 181050
16 0 186726
16 1 187166
16 0 191497
77 0 191678
16 1 191725
77 1 191735
69 0 192098
69 1 192159
84 0 192325
84 1 192396
69 0 192668
69 1 192733
79 0 192928
79 1 192992
82 0 193307
82 1 193375
79 0 193723
79 1 193784
76 0 193925
76 1 193990
79 0 194093
79 1 194158
71 0 194579
71 1 194636
73 0 194891
73 1 194944
73 0 195009
73 1 195074
32 0 195244
32 1 195306
65 0 195432
65 1 195473
78 0 195530
78 1 195588
85 0 195711
85 1 195776
78 0 195915
78 1 195978
84 0 196199
84 1 196264
65 0 196378
65 1 196430
85 0 196534
85 1 196592
32 0 196738
32 1 196796
90 0 197006
90 1 197054
65 0 197164
65 1 197211
80 0 197386
80 1 197443
65 0 197594
65 1 197647
68 0 197777
68 1 197839
65 0 197909
65 1 197962
32 0 198032
32 1 198113
90 0 198168
90 1 198232
73 0 198367
73 1 198431
76 0 198585
76 1 198644
69 0 198713
69 1 198767
76 0 198826
76 1 198877
69 0 198953
69 1 198994
32 0 199054
32 1 199122
84 0 199308
84 1 199367
82 0 199462
82 1 199515
69 0 199619
69 1 199672
67 0 199708
67 1 199764
85 0 199984
85 1 200041
84 0 200202
84 1 200260
69 0 200360
69 1 200424
188 0 200955
188 1 201007
32 0 201127
32 1 201191
68 0 201402
68 1 201465
65 0 201511
65 1 201580
82 0 201620
82 1 201672
32 0 201828
32 1 201897
68 0 202027
68 1 202075
73 0 202148
73 1 202202
78 0 202367
78 1 202420
32 0 202525
32 1 202582
78 0 203147
78 1 203209
69 0 203309
69 1 203361
70 0 203488
70 1 203550
69 0 203660
69 1 203684
82 0 203757
82 1 203815
73 0 204127
73 1 204183
67 0 204459
67 1 204519
73 0 204780
73 1 204838
82 0 205094
82 1 205147
69 0 205257
69 1 205308
32 0 205405
32 1 205490
78 0 206170
78 1 206225
85 0 206365
85 1 206416
32 0 206567
32 1 206624
83 0 207118
83 1 207182
189 0 207266
189 1 207312
65 0 207473
65 1 207519
32 0 207615
32 1 207668
73 0 207858
73 1 207914
78 0 208061
78 1 208123
84 0 208340
84 1 208402
65 0 208583
65 1 208647
77 0 208847
77 1 208906
80 0 209087
80 1 209146
76 0 209256
76 1 209314
65 0 209418
65 1 209464
84 0 209762
84 1 209825
32 0 210052
32 1 210114
65 0 210249
65 1 210300
83 0 210390
83 1 210453
84 0 210694
84 1 210752
65 0 210863
65 1 210922
190 0 211257
190 1 211310
32 0 211525
32 1 211578
16 0 211960
69 0 212182
69 1 212244
16 1 212255
83 0 212367
83 1 212441
84 0 212635
84 1 212700
69 0 212784
69 1 212847
32 0 212902
32 1 212966
80 0 213181
80 1 213238
85 0 213478
85 1 213535
84 0 213716
84 1 213773
73 0 214011
73 1 214073
78 0 214269
78 1 214306
32 0 214410
32 1 214467
67 0 214644
67 1 214705
85 0 214938
85 1 214980
8 0 215797
8 1 215872
73 0 216424
73 1 216475
85 0 216571
85 1 216632
68 0 216883
68 1 216948
65 0 217112
65 1 217169
84 0 217290
84 1 217347
188 0 217735
188 1 217775
32 0 217892
32 1 217955
78 0 218091
78 1 218150
85 0 218259
85 1 218317
189 0 218613
189 1 218678
73 0 218893
73 1 218946
32 0 219081
32 1 219145
65 0 219264
65 1 219315
83 0 219401
83 1 219452
65 0 219568
65 1 219627
16 0 220264
191 0 220436
191 1 220528
16 1 220539
32 0 220793
32 1 220850
16 0 221500
73 0 221699
73 1 221768
16 1 221779
78 0 221959
78 1 222022
32 0 222180
32 1 222242
68 0 222885
68 1 222941
69 0 223052
69 1 223110
67 0 223155
67 1 223219
69 0 223340
69 1 223393
8 0 224016
8 1 224085
8 0 224184
8 1 224236
8 0 224347
8 1 224393
8 0 224804
8 1 224857
73 0 225263
73 1 225320
65 0 225455
65 1 225507
78 0 225618
78 1 225686
85 0 225852
85 1 225913
65 0 226019
65 1 226078
82 0 226192
82 1 226248
73 0 226530
73 1 226588
69 0 226688
69 1 226742
32 0 226816
32 1 226884
78 0 227096
78 1 227153
85 0 227274
85 1 227331
32 0 227473
32 1 227537
65 0 227617
65 1 227676
86 0 227740
86 1 227804
69 0 227904
69 1 227973
77 0 228097
77 1 228160
32 0 228251
32 1 228313
90 0 228621
90 1 228684
65 0 228819
65 1 228881
80 0 229058
80 1 229120
65 0 229226
65 1 229277
68 0 229418
68 1 229475
65 0 229606
65 1 229663
188 0 230193
188 1 230251
32 0 230410
32 1 230474
78 0 231374
78 1 231425
73 0 231593
73 1 231656
67 0 231755
67 1 231810
73 0 231849
73 1 231897
32 0 232027
32 1 232096
68 0 232286
68 1 232345
69 0 232390
69 1 232453
32 0 232507
32 1 232575
67 0 233084
67 1 233145
82 0 233333
82 1 233395
65 0 233506
65 1 233564
67 0 233660
67 1 233701
73 0 233958
73 1 234016
85 0 234110
85 1 234167
78 0 234383
78 1 234420
32 0 234525
32 1 234593
78 0 234712
78 1 234770
85 0 234890
85 1 234937
32 0 235083
32 1 235141
65 0 235275
65 1 235320
77 0 235361
77 1 235414
32 0 235530
32 1 235586
65 0 235777
65 1 235808
86 0 235878
86 1 235929
85 0 236116
85 1 236166
84 0 236342
84 1 236394
32 0 236535
32 1 236603
80 0 236834
80 1 236880
65 0 237011
65 1 237063
82 0 237223
82 1 237285
84 0 237400
84 1 237461
69 0 237523
69 1 237589
32 0 237629
32 1 237698
68 0 237855
68 1 237903
69 0 237967
69 1 238020
32 0 238075
32 1 238150
79 0 238359
79 1 238407
32 0 238568
32 1 238626
86 0 238797
86 1 238857
82 0 238999
82 1 239056
69 0 239136
69 1 239205
77 0 239351
77 1 239409
69 0 239453
69 1 239510
32 0 239536
32 1 239599
73 0 239762
73 1 239808
68 0 240037
68 1 240101
69 0 240166
69 1 240223
65 0 240483
65 1 240541
76 0 240620
76 1 240679
65 0 240789
65 1 240848
32 0 241625
32 1 241688
65 0 241819
65 1 241877
67 0 241967
67 1 242032
69 0 242111
69 1 242169
83 0 242359
83 1 242444
84 0 242510
84 1 242572
69 0 242668
69 1 242732
8 0 243822
8 1 243891
8 0 243976
8 1 244040
8 0 244124
8 1 244188
8 0 244299
8 1 244349
8 0 244455
8 1 244517
8 0 244724
8 1 244784
80 0 245216
80 1 245278
69 0 245404
69 1 245472
78 0 245576
78 1 245641
84 0 245861
84 1 245919
82 0 246020
82 1 246072
85 0 246302
85 1 246356
32 0 246495
32 1 246557
65 0 246648
65 1 246705
67 0 246768
67 1 246834
69 0 246985
69 1 247054
65 0 247135
65 1 247192
83 0 247232
83 1 247289
84 0 247495
84 1 247558
65 0 247615
65 1 247677
32 0 247722
32 1 247785
80 0 248056
80 1 248109
69 0 248210
69 1 248269
82 0 248443
82 1 248501
73 0 248849
73 1 248907
79 0 249012
79 1 249076
65 0 249181
65 1 249237
68 0 249377
68 1 249423
65 0 249544
65 1 249601
190 0 249847
190 1 249899
32 0 250065
32 1 250124
16 0 251349
80 0 251615
80 1 251672
16 1 251709
76 0 251831
76 1 251899
79 0 252046
79 1 252097
73 0 252233
73 1 252283
76 0 252475
76 1 252538
69 0 252623
69 1 252688
32 0 252751
32 1 252816
78 0 252990
78 1 253047
69 0 253118
69 1 253181
189 0 253371
189 1 253441
65 0 253590
65 1 253649
85 0 253789
85 1 253840
32 0 254006
32 1 254065
73 0 254225
73 1 254284
78 0 254454
78 1 254517
86 0 254728
86 1 254792
65 0 254887
65 1 254940
68 0 255039
68 1 255103
65 0 255213
65 1 255269
84 0 255431
84 1 255495
190 0 257089
190 1 257137
32 0 257363
32 1 257420
16 0 265178
65 0 265337
16 1 265390
65 1 265401
83 0 265551
83 1 265614
69 0 265797
69 1 265863
65 0 265959
65 1 266028
82 0 266071
82 1 266146
65 0 266236
65 1 266284
32 0 266369
32 1 266437
69 0 269674
69 1 269744
82 0 269864
82 1 269926
65 0 270086
65 1 270161
8 0 270735
8 1 270809
8 0 270926
8 1 270983
8 0 271117
8 1 271170
65 0 274524
65 1 274587
32 0 274638
32 1 274695
70 0 274871
70 1 274930
79 0 275170
79 1 275233
83 0 275327
83 1 275386
84 0 275527
84 1 275585
32 0 275725
32 1 275788
77 0 275938
77 1 276004
65 0 276073
65 1 276131
73 0 276164
73 1 276218
32 0 276337
32 1 276400
68 0 276566
68 1 276625
69 0 276689
69 1 276754
90 0 276889
90 1 276953
65 0 277098
65 1 277162
83 0 277422
83 1 277485
84 0 277601
84 1 277653
82 0 277753
82 1 277812
85 0 278083
85 1 278139
79 0 278305
79 1 278364
83 0 278458
83 1 278515
8 0 281858
8 0 282410
8 0 282445
8 0 282480
8 0 282513
8 1 282537
8 0 282683
8 1 282739
8 0 282840
8 1 282905
8 0 282988
8 1 283064
8 0 283153
8 1 283235
8 0 283348
8 1 283424
84 0 285051
84 1 285114
82 0 285199
82 1 285270
73 0 285556
73 1 285622
83 0 285760
83 1 285820
84 0 285940
84 1 286006
188 0 287467
188 1 287524
32 0 287649
32 1 287708
65 0 289622
65 1 289686
32 0 289730
32 1 289794
70 0 289969
70 1 290035
79 0 290280
79 1 290337
83 0 290463
83 1 290520
84 0 290635
84 1 290699
32 0 290859
32 1 290922
85 0 291129
85 1 291191
78 0 291351
78 1 291406
32 0 291495
32 1 291558
70 0 291717
70 1 291782
69 0 291893
69 1 291951
76 0 292095
76 1 292148
32 0 292262
32 1 292326
68 0 292501
68 1 292570
69 0 292634
69 1 292708
32 0 292724
32 1 292805
76 0 293211
76 1 293279
65 0 293389
65 1 293442
80 0 293502
80 1 293561
79 0 293667
79 1 293719
86 0 293973
86 1 294042
73 0 294118
73 1 294176
84 0 294371
84 1 294435
65 0 294556
65 1 294625
188 0 294859
188 1 294916
32 0 295056
32 1 295113
79 0 296450
79 1 296514
32 0 296695
32 1 296757
80 0 296963
80 1 297026
76 0 297142
76 1 297201
79 0 297311
79 1 297368
65 0 297462
65 1 297508
73 0 297558
73 1 297627
69 0 298710
69 1 298772
32 0 298833
32 1 298901
8 0 300313
8 1 300395
8 0 301042
8 1 301128
8 0 301223
8 1 301287
8 0 301378
8 1 301451
8 0 301542
8 1 301606
8 0 301707
8 1 301769
8 0 301961
8 1 302014
8 0 302361
8 1 302439
8 0 302580
8 1 302648
79 0 303649
79 1 303707
32 0 303882
32 1 303950
80 0 304383
80 1 304441
76 0 304562
76 1 304630
79 0 304750
79 1 304815
65 0 304965
65 1 305060
73 0 305130
73 1 305198
69 0 305345
69 1 305407
32 0 305519
32 1 305583
65 0 305929
65 1 305993
77 0 306073
77 1 306131
8 0 306568
8 1 306642
8 0 306752
8 1 306817
8 0 308425
8 1 308505
188 0 308963
188 1 309023
32 0 309173
32 1 309245
67 0 311404
67 1 311474
65 0 311548
65 1 311607
82 0 311681
82 1 311733
69 0 311813
69 1 311870
32 0 311910
32 1 311990
65 0 312115
65 1 312190
80 0 312239
80 1 312303
79 0 312398
79 1 312456
73 0 312561
73 1 312609
32 0 312764
32 1 312822
65 0 312927
65 1 312990
32 0 313026
32 1 313095
70 0 313276
70 1 313337
8 0 314071
8 1 314140
83 0 314803
83 1 314872
8 0 315424
8 1 315521
8 0 315606
8 1 315685
8 0 315792
8 1 315860
83 0 316457
83 1 316531
189 0 316692
189 1 316749
65 0 316814
65 1 316882
32 0 316961
32 1 317036
84 0 317572
84 1 317631
82 0 317721
82 1 317789
65 0 317865
65 1 317928
78 0 318038
78 1 318102
83 0 318217
83 1 318292
70 0 318744
70 1 318806
79 0 319080
79 1 319146
82 0 319302
82 1 319364
77 0 319493
77 1 319557
65 0 319733
65 1 319812
84 0 319873
84 1 319930
32 0 320062
32 1 320167
73 0 320305
73 1 320368
78 0 320538
78 1 320573
32 0 320688
32 1 320752
90 0 321013
90 1 321071
65 0 321177
65 1 321228
80 0 321354
80 1 321423
65 0 321518
65 1 321575
68 0 321711
68 1 321763
65 0 321858
65 1 321916
188 0 322675
188 1 322732
32 0 322858
32 1 322917
65 0 323038
65 1 323106
80 0 324455
80 1 324501
79 0 324611
79 1 324657
73 0 324758
73 1 324814
32 0 325001
32 1 325061
73 0 325487
73 1 325544
65 0 325649
65 1 325711
82 0 325807
82 1 325860
32 0 326019
32 1 326076
80 0 326279
80 1 326336
76 0 326443
76 1 326506
79 0 326615
79 1 326673
65 0 326763
65 1 326820
73 0 326856
73 1 326908
69 0 327099
69 1 327164
188 0 327541
188 1 327593
32 0 327757
32 1 327814
8 0 328839
8 1 328907
8 0 329003
8 1 329066
188 0 331186
188 1 331265
8 0 331967
8 1 332037
190 0 332449
190 1 332503
32 0 332666
32 1 332723
16 0 332970
78 0 333104
16 1 333133
78 1 333162
85 0 333283
85 1 333345
32 0 333485
32 1 333551
77 0 333690
77 1 333749
65 0 333824
73 0 333874
65 1 333888
73 1 333936
32 0 334073
32 1 334135
73 0 334275
73 1 334332
78 0 334472
78 1 334536
84 0 334741
84 1 334805
69 0 334890
69 1 334965
76 0 335085
76 1 335155
69 0 335248
69 1 335319
71 0 335444
71 1 335514
69 0 335594
69 1 335652
65 0 335902
65 1 335953
77 0 336022
77 1 336068
32 0 336169
32 1 336234
67 0 336358
67 1 336415
69 0 336446
69 1 336499
32 0 336512
32 1 336581
83 0 336727
83 1 336796
69 0 336846
69 1 336914
32 0 336953
32 1 337038
73 0 337446
73 1 337497
78 0 337638
78 1 337702
84 0 338058
84 1 338165
65 0 338410
65 1 338480
77 0 338611
77 1 338672
80 0 338795
80 1 338857
76 0 338973
76 1 339035
65 0 339121
65 1 339167
190 0 339920
190 1 339968
32 0 340157
32 1 340209
16 0 345554
73 0 345732
73 1 345793
16 1 345805
78 0 345936
78 1 346000
83 0 346225
83 1 346293
65 0 346339
65 1 346402
32 0 346498
32 1 346549
82 0 347002
82 1 347065
65 0 347156
65 1 347236
77 0 347345
77 1 347415
65 0 347459
65 1 347528
78 0 347588
78 1 347657
69 0 347732
69 1 347795
77 0 347876
77 1 347927
32 0 348018
32 1 348080
80 0 348256
80 1 348306
79 0 348407
79 1 348460
90 0 348570
90 1 348644
73 0 348734
73 1 348792
84 0 348998
84 1 349058
73 0 349282
73 1 349351
86 0 349577
86 1 349639
73 0 349695
73 1 349747
32 0 349896
32 1 349954
83 0 350065
83 1 350128
73 0 350172
73 1 350229
32 0 350395
32 1 350458
65 0 350882
65 1 350936
83 0 351010
83 1 351062
84 0 351292
84 1 351365
69 0 351470
69 1 351529
80 0 351905
80 1 351969
84 0 352255
84 1 352327
65 0 352418
65 1 352481
77 0 352581
77 1 352634
32 0 352714
32 1 352777
73 0 352928
73 1 352981
78 0 353131
78 1 353183
32 0 353289
32 1 353340
67 0 353490
67 1 353569
79 0 353694
79 1 353745
78 0 354076
78 1 354146
84 0 354370
84 1 354438
73 0 354684
73 1 354744
78 0 354927
78 1 354983
85 0 355099
85 1 355163
65 0 355263
65 1 355342
82 0 355406
82 1 355463
69 0 355550
69 1 355607
32 0 355721
32 1 355769
86 0 364538
86 1 364606
69 0 364736
69 1 364814
78 0 364970
78 1 365044
73 0 365237
73 1 365304
8 0 365998
8 1 366089
8 0 366179
8 1 366246
8 0 366346
8 1 366404
8 0 366540
8 1 366609
83 0 368841
83 1 368921
79 0 368972
79 1 369037
65 0 369619
65 1 369692
82 0 369802
82 1 369877
69 0 370023
69 1 370091
76 0 370492
76 1 370557
69 0 370657
69 1 370723
188 0 370885
188 1 370943
32 0 371058
32 1 371122
83 0 371384
83 1 371447
65 0 371527
65 1 371584
85 0 371694
85 1 371758
32 0 371893
32 1 371958
77 0 372087
77 1 372146
65 0 372231
65 1 372288
67 0 372399
67 1 372467
65 0 372558
65 1 372601
82 0 372710
82 1 372761
32 0 372902
32 1 372969
78 0 373242
78 1 373310
73 0 373475
73 1 373534
78 0 373679
78 1 373737
83 0 374355
83 1 374417
79 0 374503
79 1 374561
65 0 374696
65 1 374753
82 0 374880
82 1 374942
69 0 375008
69 1 375059
65 0 375311
65 1 375366
190 0 375574
190 1 375626
16 0 393454
16 1 393566
16 0 397373
67 0 397585
16 1 397620
67 1 397661
69 0 397872
69 1 397941
76 0 398315
76 1 398379
32 0 398499
32 1 398568
77 0 398658
77 1 398733
65 0 398822
73 0 398866
65 1 398879
73 1 398925
32 0 399065
32 1 399129
77 0 399238
77 1 399301
85 0 399442
85 1 399499
76 0 399691
76 1 399759
84 0 400041
84 1 400109
32 0 400280
32 1 400337
73 0 402271
73 1 402344
77 0 402515
77 1 402580
73 0 402715
73 1 402761
32 0 402898
32 1 402960
80 0 403131
80 1 403199
76 0 403315
76 1 403373
65 0 403504
65 1 403574
67 0 403683
67 1 403742
32 0 403847
32 1 403926
90 0 404559
90 1 404628
73 0 404749
73 1 404818
76 0 404974
76 1 405043
69 0 405082
69 1 405164
76 0 405174
76 1 405247
69 0 405328
69 1 405374
32 0 405424
32 1 405481
68 0 406070
68 1 406129
69 0 406209
69 1 406268
32 0 406342
32 1 406417
83 0 407295
83 1 407359
65 0 407512
65 1 407579
77 0 407832
77 1 407890
66 0 408086
66 1 408148
65 0 408265
65 1 408338
84 0 408388
84 1 408457
65 0 408572
65 1 408629
32 0 408835
32 1 408915
8 0 412354
8 1 412433
190 0 413177
190 1 413252
32 0 413473
32 1 413535
16 0 414615
67 0 414764
67 1 414829
16 1 414877
69 0 414973
69 1 415032
65 0 415143
65 1 415213
32 0 415256
32 1 415309
77 0 415751
77 1 415814
65 0 415890
65 1 415971
73 0 415985
73 1 416042
32 0 416195
32 1 416262
66 0 416389
66 1 416459
85 0 416579
85 1 416648
78 0 416772
78 1 416836
65 0 416907
65 1 416958
32 0 416988
32 1 417052
90 0 417188
90 1 417240
73 0 417310
73 1 417368
32 0 417523
32 1 417592
65 0 417657
65 1 417707
32 0 417778
32 1 417842
83 0 418066
83 1 418112
65 0 418283
65 1 418354
80 0 418460
80 1 418530
84 0 418785
84 1 418859
65 0 418943
65 1 419019
77 0 419153
77 1 419229
78 0 419359
78 1 419428
73 0 419609
73 1 419668
73 0 419722
73 1 419790
190 0 420047
190 1 420098
32 0 420299
32 1 420356
16 0 426299
84 0 426508
16 1 426561
84 1 426572
69 0 426767
69 1 426831
8 0 428607
8 1 428655
8 0 428795
8 1 428864
16 0 429350
77 0 429543
16 1 429602
77 1 429628
65 0 429785
65 1 429843
32 0 429905
32 1 429967
80 0 430480
80 1 430555
79 0 430645
79 1 430701
84 0 430927
84 1 430981
32 0 431155
32 1 431219
84 0 431525
84 1 431593
82 0 431690
82 1 431753
69 0 431873
69 1 431942
90 0 432278
90 1 432369
73 0 432472
73 1 432528
32 0 432668
32 1 432726
76 0 432871
76 1 432928
65 0 432994
65 1 433062
32 0 433111
32 1 433170
79 0 433362
79 1 433420
82 0 433546
82 1 433615
73 0 433691
73 1 433749
67 0 433950
67 1 434008
69 0 434052
69 1 434119
32 0 434144
32 1 434218
79 0 434389
79 1 434457
82 0 434700
82 1 434763
65 0 434797
65 1 434883
32 0 434918
32 1 434985
86 0 435091
86 1 435154
82 0 435289
82 1 435347
69 0 435428
69 1 435490
65 0 435601
65 1 435669
85 0 435815
85 1 435866
190 0 436833
190 1 436888
32 0 437086
32 1 437133
16 0 437419
73 0 437561
16 1 437604
73 1 437620
78 0 437767
78 1 437818
32 0 437908
32 1 437976
71 0 439192
71 1 439255
69 0 439335
69 1 439393
78 0 439494
78 1 439565
69 0 439654
69 1 439706
82 0 439837
82 1 439905
65 0 440005
65 1 440063
76 0 440228
76 1 440276
32 0 440426
32 1 440484
83 0 440604
83 1 440666
85 0 440732
85 1 440793
78 0 440925
78 1 440994
84 0 441185
84 1 441226
32 0 441362
32 1 441437
79 0 441622
79 1 441675
32 0 441799
32 1 441857
80 0 442027
80 1 442080
69 0 442170
69 1 442240
82 0 442383
82 1 442451
83 0 442567
83 1 442618
79 0 442789
79 1 442864
65 0 442935
65 1 443008
78 0 443088
78 1 443145
65 0 443192
65 1 443251
32 0 443264
32 1 443328
77 0 443467
77 1 443530
65 0 443625
65 1 443657
84 0 443784
84 1 443847
73 0 444099
73 1 444167
78 0 444344
78 1 444403
65 0 444483
65 1 444551
76 0 444635
76 1 444698
65 0 444748
65 1 444807
32 0 444866
32 1 444940
83 0 445021
83 1 445084
73 0 445133
73 1 445196
32 0 445327
32 1 445395
77 0 445526
77 1 445583
65 0 445609
65 1 445660
32 0 445700
32 1 445768
84 0 446005
84 1 446076
82 0 446177
82 1 446218
69 0 446297
69 1 446367
69 0 446850
69 1 446907
83 0 447240
83 1 447293
67 0 447357
67 1 447411
32 0 447525
32 1 447593
8 0 450536
8 1 450600
8 0 450726
8 1 450778
8 0 450878
8 1 450941
8 0 451077
8 1 451135
90 0 451953
90 1 452020
69 0 452149
69 1 452224
83 0 452451
83 1 452514
67 0 452600
67 1 452658
32 0 452782
32 1 452846
76 0 459124
76 1 459188
8 0 459684
8 1 459774
73 0 460211
73 1 460284
65 0 460380
65 1 460438
78 0 460471
78 1 460539
73 0 460666
73 1 460728
78 0 460848
78 1 460916
84 0 461076
84 1 461145
69 0 461200
69 1 461263
32 0 461303
32 1 461371
68 0 461512
68 1 461580
69 0 461631
69 1 461698
32 0 461713
32 1 461798
79 0 461948
79 1 462015
82 0 462277
82 1 462341
65 0 462406
65 1 462459
32 0 462568
32 1 462631
56 0 465767
56 1 465820
16 0 466216
186 0 466379
16 1 466437
186 1 466471
48 0 466762
48 1 466818
48 0 466878
48 1 466943
188 0 468118
188 1 468181
32 0 468293
32 1 468356
70 0 468561
70 1 468618
65 0 468708
65 1 468761
82 0 468795
82 1 468860
65 0 468959
65 1 468991
32 0 469073
32 1 469131
86 0 470109
86 1 470167
82 0 470318
82 1 470365
69 0 470450
69 1 470519
85 0 470639
85 1 470701
78 0 470847
78 1 470888
32 0 470983
32 1 471053
65 0 471153
65 1 471221
74 0 471262
74 1 471324
85 0 471425
85 1 471490
84 0 471644
84 1 471709
79 0 471995
79 1 472051
82 0 472328
82 1 472389
190 0 474145
190 1 474248
32 0 474987
32 1 475077
16 0 479598
68 0 479778
16 1 479818
68 1 479851
65 0 480001
65 1 480074
82 0 480160
82 1 480178
32 0 480878
32 1 480963
80 0 482636
80 1 482698
82 0 482941
82 1 483005
69 0 483090
69 1 483154
70 0 483228
70 1 483296
69 0 483403
69 1 483464
82 0 483530
82 1 483592
32 0 484623
32 1 484692
83 0 485636
83 1 485698
65 0 485792
65 1 485857
32 0 485886
32 1 485965
77 0 486142
77 1 486212
65 0 486261
65 1 486323
73 0 486373
73 1 486426
32 0 486550
32 1 486607
76 0 486738
76 1 486795
69 0 486872
69 1 486951
78 0 487040
78 1 487103
69 0 487244
69 1 487301
86 0 487421
86 1 487485
83 0 487654
83 1 487729
69 0 487920
69 1 487976
8 0 488679
8 1 488770
8 0 488891
8 1 488940
69 0 492278
69 1 492345
83 0 492477
83 1 492539
67 0 492634
67 1 492687
32 0 492777
32 1 492858
73 0 493023
73 1 493090
78 0 493231
78 1 493284
32 0 493379
32 1 493447
80 0 493617
80 1 493673
65 0 493803
65 1 493878
84 0 493968
84 1 494021
32 0 494160
32 1 494236
68 0 494427
68 1 494485
85 0 494580
85 1 494643
80 0 494869
80 1 494937
65 0 495047
65 1 495094
32 0 495225
32 1 495282
67 0 496293
67 1 496362
69 0 496426
69 1 496489
32 0 496530
32 1 496613
8 0 499386
8 0 499940
8 0 499982
8 0 500020
8 0 500043
8 0 500080
8 0 500111
8 0 500145
8 0 500180
8 1 500187
8 0 500409
8 1 500488
84 0 501418
84 1 501476
188 0 501823
188 1 501886
32 0 501992
32 1 502055
83 0 502413
83 1 502474
65 0 502540
65 1 502577
32 0 502636
32 1 502710
77 0 502876
77 1 502946
65 0 503000
65 1 503053
73 0 503103
73 1 503162
32 0 503317
32 1 503370
66 0 503948
66 1 504016
85 0 504191
85 1 504250
84 0 504425
84 1 504489
79 0 504774
79 1 504831
78 0 505068
78 1 505126
69 0 505291
69 1 505355
90 0 506903
90 1 506965
32 0 506995
32 1 507070
84 0 507261
84 1 507324
69 0 507435
69 1 507488
76 0 507682
76 1 507748
69 0 507827
69 1 507886
67 0 508096
67 1 508155
79 0 508420
79 1 508500
77 0 508667
77 1 508736
65 0 508867
65 1 508914
78 0 509017
78 1 509071
68 0 509313
68 1 509370
65 0 509520
65 1 509568
32 0 510190
32 1 510271
83 0 510557
83 1 510621
65 0 510785
65 1 510843
85 0 510908
85 1 510971
32 0 511152
32 1 511216
68 0 511895
68 1 511941
79 0 512072
79 1 512136
65 0 512250
65 1 512318
82 0 512425
82 1 512476
32 0 512637
32 1 512702
83 0 512785
83 1 512839
65 0 513020
65 1 513059
32 0 513114
32 1 513184
83 0 513349
83 1 513414
84 0 513528
84 1 513592
65 0 513693
65 1 513762
85 0 513846
85 1 513919
32 0 514061
32 1 514131
67 0 515104
67 1 515173
65 0 515202
65 1 515263
84 0 515332
84 1 515396
69 0 515477
69 1 515535
86 0 515609
86 1 515666
65 0 515808
65 1 515871
32 0 515925
32 1 515993
67 0 516618
67 1 516682
76 0 516792
76 1 516855
73 0 517005
73 1 517059
80 0 517199
80 1 517268
69 0 517342
69 1 517421
32 0 517558
32 1 517621
76 0 519470
76 1 519540
73 0 519675
73 1 519737
78 0 519894
78 1 519955
73 0 520091
73 1 520150
83 0 520304
83 1 520368
84 0 520492
84 1 520549
73 0 520816
73 1 520879
84 0 521089
84 1 521147
65 0 521257
65 1 521303
32 0 522054
32 1 522127
68 0 522348
68 1 522416
85 0 522536
85 1 522600
80 0 522841
80 1 522905
65 0 522985
65 1 523042
32 0 523102
32 1 523170
67 0 523291
67 1 523356
69 0 523415
69 1 523478
32 0 523498
32 1 523566
77 0 523787
77 1 523829
65 0 523903
65 1 523961
32 0 524006
32 1 524076
84 0 524258
84 1 524319
82 0 524405
82 1 524463
69 0 524547
69 1 524616
90 0 524771
90 1 524835
69 0 525046
69 1 525099
83 0 525294
83 1 525362
67 0 525422
67 1 525469
32 0 525584
32 1 525654
68 0 525849
68 1 525916
73 0 526192
73 1 526252
77 0 526391
77 1 526464
73 0 526580
73 1 526642
78 0 526787
78 1 526846
69 0 526966
69 1 527036
65 0 527286
65 1 527337
84 0 527404
84 1 527466
65 0 527566
65 1 527620
190 0 528247
190 1 528305
32 0 528491
32 1 528562
16 0 529117
80 0 529292
80 1 529349
16 1 529360
82 0 529641
82 1 529706
69 0 529789
69 1 529853
68 0 529952
68 1 530016
8 0 530583
8 1 530635
70 0 531062
70 1 531131
69 0 531231
69 1 531282
82 0 531382
82 1 531439
32 0 531595
32 1 531665
76 0 531899
76 1 531956
73 0 532103
73 1 532161
78 0 532301
78 1 532364
73 0 532499
73 1 532559
83 0 532713
83 1 532777
84 0 533269
84 1 533330
69 0 533410
69 1 533467
65 0 533714
65 1 533766
32 0 533821
32 1 533891
65 0 534025
65 1 534071
67 0 534148
67 1 534210
69 0 534353
69 1 534419
69 0 534500
69 1 534545
65 0 534733
65 1 534801
32 0 534881
32 1 534943
65 0 536146
65 1 536204
32 0 536268
32 1 536336
68 0 536462
68 1 536525
73 0 536591
73 1 536649
77 0 536800
77 1 536862
73 0 536990
73 1 537052
78 0 537214
78 1 537271
69 0 537391
69 1 537449
84 0 537695
84 1 537754
73 0 538039
73 1 538085
73 0 538160
73 1 538222
188 0 539771
188 1 539822
32 0 540002
32 1 540072
65 0 540221
65 1 540280
69 0 540485
69 1 540548
82 0 540632
82 1 540685
85 0 541191
85 1 541258
76 0 541470
76 1 541528
32 0 541673
32 1 541725
67 0 542126
67 1 542179
85 0 542298
85 1 542360
82 0 542617
82 1 542679
65 0 542769
65 1 542821
84 0 542926
84 1 542979
32 0 546869
32 1 546997
83 0 558373
83 1 558451
73 0 558481
73 1 558526
32 0 558687
32 1 558762
68 0 558901
68 1 558953
79 0 559030
79 1 559089
82 0 559384
82 1 559452
8 0 560242
8 1 560278
65 0 561455
65 1 561525
82 0 561665
82 1 561730
32 0 561859
32 1 561940
65 0 562195
65 1 562263
8 0 562781
8 1 562862
71 0 563267
71 1 563331
65 0 563420
65 1 563478
78 0 563557
78 1 563671
68 0 563757
68 1 563821
85 0 563921
85 1 563986
76 0 564177
76 1 564238
32 0 564355
32 1 564417
67 0 564598
67 1 564663
65 0 564717
65 1 564774
32 0 564845
32 1 564909
73 0 565324
73 1 565381
78 0 565542
78 1 565599
67 0 565785
67 1 565848
65 0 565885
65 1 565954
32 0 566019
32 1 566087
69 0 566162
69 1 566222
32 0 566266
32 1 566330
70 0 566621
70 1 566683
79 0 566800
79 1 566862
65 0 567028
65 1 567097
82 0 567186
82 1 567249
84 0 567360
84 1 567427
69 0 567494
69 1 567556
32 0 567623
32 1 567696
68 0 567903
68 1 567967
69 0 568067
69 1 568131
86 0 568225
86 1 568290
82 0 568445
82 1 568509
69 0 568593
69 1 568661
77 0 568813
77 1 568869
69 0 568920
69 1 568983
32 0 569077
32 1 569131
83 0 569643
83 1 569703
73 0 569779
73 1 569842
32 0 570017
32 1 570069
65 0 570220
65 1 570278
77 0 570328
77 1 570382
32 0 570516
32 1 570569
84 0 571610
84 1 571695
79 0 571800
79 1 571867
65 0 572127
65 1 572184
84 0 572263
84 1 572325
65 0 572442
65 1 572492
32 0 574104
32 1 574202
90 0 574286
90 1 574354
73 0 574439
73 1 574499
85 0 574593
85 1 574656
65 0 574727
65 1 574785
32 0 574854
32 1 574917
76 0 575084
76 1 575143
65 0 575213
65 1 575264
32 0 575334
32 1 575402
68 0 575713
68 1 575770
73 0 575927
73 1 575996
83 0 576161
83 1 576217
80 0 576308
80 1 576373
79 0 576462
79 1 576524
90 0 576761
90 1 576829
73 0 576913
73 1 576980
84 0 577192
84 1 577256
73 0 577461
73 1 577519
69 0 577605
69 1 577667
32 0 577717
32 1 577774
83 0 578015
83 1 578072
65 0 578173
65 1 578231
32 0 578328
32 1 578386
70 0 579069
70 1 579131
65 0 579212
65 1 579249
67 0 579322
67 1 579375
32 0 579501
32 1 579564
67 0 581031
67 1 581096
69 0 581191
69 1 581255
69 0 581358
69 1 581406
65 0 581593
65 1 581666
32 0 581691
32 1 581744
67 0 581864
67 1 581929
69 0 581957
69 1 582018
32 0 582048
32 1 582134
77 0 582350
77 1 582413
73 0 582544
73 1 582596
189 0 582781
189 1 582840
65 0 582980
65 1 583048
77 0 583102
77 1 583137
32 0 583243
32 1 583314
80 0 583548
80 1 583606
82 0 583786
82 1 583855
79 0 583990
79 1 584048
80 0 584229
80 1 584291
85 0 584491
85 1 584557
83 0 584688
83 1 584746
32 0 584770
32 1 584838
73 0 585009
73 1 585066
8 0 585835
8 1 585917
8 0 586077
8 1 586160
190 0 587334
190 1 587393
32 0 587664
32 1 587717
72 0 592799
72 1 592868
8 0 593259
8 1 593311
16 0 599934
83 0 600116
16 1 600151
83 1 600179
65 0 600365
65 1 600429
77 0 600619
77 1 600670
66 0 600891
66 1 600948
69 0 601149
69 1 601227
84 0 601422
84 1 601492
69 0 601607
69 1 601671
76 0 601813
76 1 601874
69 0 601921
69 1 601983
32 0 602084
32 1 602148
83 0 604230
83 1 604299
85 0 604403
85 1 604467
78 0 604601
78 1 604668
84 0 604836
84 1 604884
32 0 605019
32 1 605083
80 0 605304
80 1 605366
69 0 605456
69 1 605525
78 0 605937
78 1 606005
84 0 606222
84 1 606295
82 0 606381
82 1 606450
85 0 606661
85 1 606720
32 0 606854
32 1 606912
82 0 607083
82 1 607140
69 0 607246
69 1 607305
76 0 607527
76 1 607584
65 0 607704
65 1 607763
88 0 607937
88 1 608000
65 0 608094
65 1 608158
82 0 608249
82 1 608307
69 0 608401
69 1 608469
190 0 610893
190 1 610950
16 0 641020
83 0 641235
83 1 641297
16 1 641340
73 0 641978
73 1 642037
83 0 642207
83 1 642293
84 0 642372
84 1 642440
69 0 642525
69 1 642599
77 0 642745
77 1 642803
85 0 642944
85 1 642985
76 0 643226
76 1 643279
32 0 643390
32 1 643441
69 0 643728
69 1 643789
68 0 643966
68 1 644027
85 0 644319
85 1 644383
67 0 644658
67 1 644716
65 0 644801
65 1 644871
84 0 645006
84 1 645069
73 0 645374
73 1 645429
79 0 645545
79 1 645607
78 0 645762
78 1 645819
65 0 645925
65 1 645994
76 0 646058
76 1 646114
32 0 646241
32 1 646304
68 0 646383
68 1 646461
73 0 646518
73 1 646569
78 0 646740
78 1 646787
32 0 646882
32 1 646952
16 0 647193
82 0 647414
82 1 647465
16 1 647499
73 0 647787
73 1 647849
8 0 648410
8 1 648467
79 0 648720
79 1 648783
77 0 648949
77 1 649017
65 0 649088
65 1 649145
78 0 649195
78 1 649259
73 0 649384
73 1 649438
65 0 649532
65 1 649588
190 0 650402
190 1 650434
190 0 650509
190 1 650564
32 0 650746
32 1 650781
8 0 651973
8 1 652036
8 0 652166
8 1 652223
8 0 652392
8 1 652446
190 0 655292
190 1 655344
190 0 655413
190 1 655471
32 0 655627
32 1 655678
85 0 656111
85 1 656174
78 0 656319
78 1 656375
32 0 656481
32 1 656547
83 0 657696
83 1 657749
85 0 657844
85 1 657907
66 0 658098
66 1 658155
73 0 658421
73 1 658484
69 0 658645
69 1 658713
67 0 658881
67 1 658940
84 0 659075
84 1 659132
32 0 659268
32 1 659337
70 0 659511
70 1 659587
79 0 659712
79 1 659775
65 0 659922
65 1 660008
82 0 660119
82 1 660181
84 0 660286
84 1 660349
69 0 660399
69 1 660463
32 0 660512
32 1 660575
68 0 660722
68 1 660790
69 0 660834
69 1 660888
90 0 661012
90 1 661077
66 0 661513
66 1 661579
65 0 661680
65 1 661736
84 0 661820
84 1 661884
85 0 662115
85 1 662177
84 0 662404
84 1 662456
32 0 662656
32 1 662721
73 0 664434
73 1 664488
78 0 664642
78 1 664688
32 0 664769
32 1 664837
85 0 665034
85 1 665085
76 0 665286
76 1 665349
84 0 665634
84 1 665691
73 0 665932
73 1 665997
77 0 666171
77 1 666224
65 0 666295
65 1 666346
32 0 666361
32 1 666420
80 0 666723
80 1 666783
69 0 666904
69 1 666962
82 0 667180
82 1 667242
73 0 667595
73 1 667652
79 0 667752
79 1 667827
65 0 667928
65 1 667978
68 0 668125
68 1 668173
65 0 668292
65 1 668349
188 0 668740
188 1 668803
32 0 668930
32 1 669013
77 0 669087
77 1 669152
65 0 669197
65 1 669259
73 0 669274
73 1 669325
32 0 669463
32 1 669521
65 0 669585
65 1 669649
76 0 669723
76 1 669787
69 0 669882
69 1 669917
83 0 670160
83 1 670216
190 0 670433
190 1 670486
32 0 671997
32 1 672081
16 0 673303
65 0 673573
65 1 673630
16 1 673691
86 0 673965
86 1 674029
65 0 674133
65 1 674190
78 0 674301
78 1 674358
68 0 674434
68 1 674485
32 0 674525
32 1 674583
73 0 674757
73 1 674811
78 0 674947
78 1 674998
32 0 675091
32 1 675158
86 0 675296
86 1 675353
69 0 675443
69 1 675493
68 0 675583
68 1 675641
69 0 675741
69 1 675798
82 0 675839
82 1 675902
69 0 675991
69 1 676031
32 0 676096
32 1 676167
83 0 676290
83 1 676349
73 0 676469
73 1 676533
84 0 676744
84 1 676795
85 0 676991
85 1 677063
65 0 677159
65 1 677222
84 0 677288
84 1 677340
73 0 677547
73 1 677605
65 0 677694
65 1 677765
32 0 677794
32 1 677857
65 0 677987
65 1 678040
67 0 678099
67 1 678140
84 0 678351
84 1 678408
85 0 678615
85 1 678677
65 0 678779
65 1 678842
76 0 678921
76 1 678973
65 0 679028
65 1 679079
32 0 679114
32 1 679173
73 0 679303
73 1 679366
78 0 679507
78 1 679560
32 0 679646
32 1 679723
67 0 679869
67 1 679932
65 0 680022
65 1 680089
82 0 680164
82 1 680222
69 0 680316
69 1 680352
32 0 680402
32 1 680466
78 0 680692
78 1 680756
69 0 680815
69 1 680868
32 0 680899
32 1 680966
65 0 681147
65 1 681211
70 0 681290
70 1 681342
76 0 681644
76 1 681701
65 0 681802
65 1 681848
77 0 681944
77 1 682003
32 0 682136
32 1 682190
68 0 683715
68 1 683778
69 0 683828
69 1 683885
32 0 683962
32 1 684042
67 0 684166
67 1 684223
65 0 684253
65 1 684311
84 0 684396
84 1 684465
69 0 684529
69 1 684578
86 0 684667
86 1 684725
65 0 684851
65 1 684902
32 0 685013
32 1 685092
76 0 685833
76 1 685891
85 0 686073
85 1 686135
78 0 686266
78 1 686330
73 0 686464
73 1 686517
32 0 686668
32 1 686726
66 0 686871
66 1 686935
85 0 687055
85 1 687120
78 0 687235
78 1 687294
69 0 687388
69 1 687456
188 0 687697
188 1 687754
32 0 687901
32 1 687963
76 0 689020
76 1 689077
85 0 689234
85 1 689302
67 0 689517
67 1 689574
82 0 689735
82 1 689788
85 0 690019
85 1 690093
82 0 690310
82 1 690368
85 0 690603
85 1 690658
8 0 691399
8 1 691457
73 0 691748
73 1 691806
76 0 691936
76 1 691995
69 0 692049
69 1 692107
32 0 692181
32 1 692241
65 0 692365
65 1 692429
85 0 692469
85 1 692515
32 0 692649
32 1 692695
76 0 692877
76 1 692933
85 0 693105
85 1 693169
65 0 693249
65 1 693308
84 0 693377
84 1 693429
189 0 693886
189 1 693945
79 0 694150
79 1 694195
32 0 694346
32 1 694393
80 0 694588
80 1 694647
85 0 694838
85 1 694888
84 0 695301
84 1 695366
73 0 695575
73 1 695634
78 0 695794
78 1 695823
32 0 695930
32 1 695999
82 0 696274
82 1 696339
65 0 696434
65 1 696490
90 0 696651
90 1 696708
78 0 697286
78 1 697345
65 0 697439
65 1 697496
190 0 701631
190 1 701687
32 0 701892
32 1 701956
16 0 702127
65 0 702309
16 1 702325
65 1 702357
77 0 702773
77 1 702824
32 0 702920
32 1 702985
65 0 705544
65 1 705597
74 0 705694
74 1 705756
85 0 705857
85 1 705913
78 0 706086
78 1 706142
83 0 706238
83 1 706288
32 0 706329
32 1 706393
76 0 706637
76 1 706694
65 0 706750
65 1 706802
32 0 706872
32 1 706925
79 0 707086
79 1 707148
32 0 707295
32 1 707353
8 0 709079
8 0 709630
8 0 709665
8 0 709698
8 0 709732
8 0 709766
8 0 709799
8 0 709833
8 0 709866
8 0 709902
8 0 709935
8 1 709941
32 0 710778
32 1 710893
8 0 711449
8 1 711538
84 0 712029
84 1 712098
82 0 712189
82 1 712257
69 0 712322
69 1 712368
67 0 712438
67 1 712486
85 0 712778
85 1 712837
84 0 713021
84 1 713073
32 0 713207
32 1 713272
76 0 713484
76 1 713542
65 0 713557
65 1 713647
32 0 713680
32 1 713721
79 0 713852
79 1 713920
32 0 714045
32 1 714108
65 0 714218
65 1 714294
76 0 714353
76 1 714412
84 0 714624
84 1 714682
65 0 714765
65 1 714820
32 0 714889
32 1 714948
16 0 715420
222 0 715967
222 1 716063
16 1 716188
78 0 716977
78 1 717024
79 0 717229
79 1 717286
82 0 717437
82 1 717512
77 0 717637
77 1 717694
65 0 717845
65 1 717891
76 0 718032
76 1 718089
73 0 718239
73 1 718303
84 0 718504
84 1 718561
65 0 718615
65 1 718673
84 0 718749
84 1 718811
69 0 718921
69 1 718967
16 0 719435
222 0 720566
222 1 720664
16 1 720686
188 0 721369
188 1 721421
32 0 721537
32 1 721600
68 0 721917
68 1 721969
65 0 722005
65 1 722063
67 0 722123
67 1 722181
65 0 722191
65 1 722249
32 0 722279
32 1 722352
80 0 722572
80 1 722639
79 0 722720
79 1 722767
84 0 722974
84 1 723022
32 0 723161
32 1 723225
83 0 723285
83 1 723349
65 0 723504
65 1 723539
32 0 723616
32 1 723667
8 0 724306
8 1 724357
189 0 724642
189 1 724694
73 0 724943
73 1 724994
32 0 725204
32 1 725251
83 0 726025
83 1 726081
80 0 726207
80 1 726266
85 0 726446
85 1 726505
78 0 726687
78 1 726714
32 0 726815
32 1 726883
65 0 727084
65 1 727148
83 0 727272
83 1 727327
65 0 727400
65 1 727457
190 0 728317
190 1 728371
32 0 728578
32 1 728632
16 0 732900
77 0 733093
16 1 733132
77 1 733161
65 0 733341
65 1 733401
74 0 733736
74 1 733799
79 0 734095
79 1 734159
82 0 734473
82 1 734534
73 0 734813
73 1 734881
84 0 735159
84 1 735220
65 0 735308
65 1 735369
84 0 735476
84 1 735537
69 0 735613
69 1 735664
65 0 735879
65 1 735949
32 0 735989
32 1 736051
79 0 736293
79 1 736308
65 0 737291
65 1 737365
77 0 737847
77 1 737909
69 0 738025
69 1 738095
78 0 738178
78 1 738236
73 0 738388
73 1 738455
76 0 738627
76 1 738683
79 0 738779
79 1 738840
82 0 739036
82 1 739094
32 0 739168
32 1 739225
83 0 740018
83 1 740071
85 0 740136
85 1 740200
78 0 740355
78 1 740419
84 0 740626
84 1 740681
32 0 740872
32 1 740936
70 0 741498
70 1 741556
79 0 741667
79 1 741725
65 0 741865
65 1 741945
82 0 742048
82 1 742106
84 0 742223
84 1 742292
69 0 742346
69 1 742393
32 0 742494
32 1 742551
68 0 747836
68 1 747928
69 0 748071
69 1 748147
8 0 748822
8 1 748901
8 0 749035
8 1 749093
8 0 751337
8 0 751888
8 0 751922
8 0 751956
8 0 751990
8 0 752024
8 0 752057
8 0 752091
8 1 752097
8 0 752253
8 1 752349
8 0 752446
8 1 752536
8 0 752677
8 1 752779
8 0 752909
8 0 753463
8 0 753503
8 0 753536
8 0 753567
8 1 753593
8 0 753734
8 1 753824
8 0 753914
8 1 753979
8 0 754078
8 1 754130
8 0 754236
8 1 754306
8 0 754410
8 1 754482
8 0 754619
8 1 754688
80 0 755295
80 1 755364
79 0 755468
79 1 755534
80 0 755667
80 1 755736
85 0 755987
85 1 756052
76 0 756237
76 1 756304
65 0 756424
65 1 756493
84 0 756589
84 1 756647
73 0 756854
73 1 756922
69 0 757011
69 1 757065
73 0 757170
73 1 757227
32 0 757398
32 1 757462
65 0 757586
65 1 757665
82 0 757735
82 1 757804
69 0 757863
69 1 757927
32 0 758027
32 1 758096
8 0 763705
8 1 763805
8 0 763920
8 1 763999
8 0 764119
8 1 764184
8 0 764343
8 1 764413
69 0 764949
69 1 764997
83 0 765182
83 1 765252
84 0 765306
84 1 765374
69 0 765434
69 1 765498
32 0 765592
32 1 765660
68 0 767551
68 1 767615
69 0 767739
69 1 767804
82 0 767969
82 1 768037
65 0 768128
65 1 768184
78 0 768336
78 1 768401
74 0 768585
74 1 768653
65 0 768759
65 1 768809
84 0 768895
84 1 768954
65 0 769008
65 1 769061
32 0 769161
32 1 769224
68 0 769682
68 1 769743
69 0 769799
69 1 769852
32 0 769957
32 1 770031
77 0 772029
77 1 772080
79 0 772205
79 1 772273
68 0 772418
68 1 772486
85 0 772576
85 1 772640
76 0 772814
76 1 772879
32 0 772989
32 1 773051
73 0 773188
73 1 773247
78 0 773407
78 1 773459
32 0 773549
32 1 773616
67 0 773767
67 1 773824
65 0 773904
65 1 773958
82 0 774022
82 1 774086
69 0 774140
69 1 774198
32 0 774294
32 1 774353
83 0 778831
83 1 778905
69 0 779005
69 1 779085
32 0 779114
32 1 779177
68 0 779364
68 1 779421
69 0 779461
69 1 779523
83 0 779723
83 1 779792
70 0 780124
70 1 780191
65 0 780322
65 1 780379
83 0 780641
83 1 780697
79 0 780864
79 1 780922
65 0 781023
65 1 781084
82 0 781205
82 1 781262
65 0 781339
65 1 781374
32 0 781469
32 1 781526
69 0 790170
69 1 790234
68 0 790408
68 1 790473
85 0 790798
85 1 790862
67 0 791093
67 1 791163
65 0 791218
65 1 791284
82 0 791360
82 1 791434
69 0 791490
69 1 791548
65 0 791743
65 1 791810
32 0 791877
32 1 791949
67 0 792457
67 1 792519
79 0 792962
79 1 793025
80 0 793548
80 1 793611
73 0 793822
73 1 793875
73 0 793959
73 1 794027
76 0 795081
76 1 795145
79 0 795249
79 1 795307
82 0 795497
82 1 795565
32 0 795688
32 1 795751
65 0 796309
65 1 796363
83 0 796467
83 1 796530
84 0 796745
84 1 796813
65 0 796880
65 1 796926
90 0 797086
90 1 797137
73 0 797505
73 1 797552
186 0 798813
186 1 798858
32 0 799035
32 1 799097
83 0 799217
83 1 799284
73 0 799324
73 1 799380
32 0 799497
32 1 799560
65 0 799646
65 1 799708
83 0 799793
83 1 799852
84 0 800042
84 1 800100
65 0 800140
65 1 800209
32 0 800273
32 1 800330
80 0 800627
80 1 800691
69 0 800736
69 1 800795
32 0 800875
32 1 800937
66 0 801189
66 1 801246
85 0 801402
85 1 801460
78 0 801595
78 1 801659
65 0 801715
65 1 801771
32 0 801821
32 1 801879
68 0 802327
68 1 802385
82 0 802526
82 1 802584
69 0 802683
69 1 802742
80 0 802993
80 1 803051
84 0 803302
84 1 803361
65 0 803425
65 1 803482
84 0 803588
84 1 803641
69 0 803756
69 1 803827
190 0 804123
190 1 804169
32 0 804336
32 1 804395
16 0 804609
83 0 804782
16 1 804800
83 1 804839
67 0 805015
67 1 805068
79 0 805404
79 1 805457
65 0 805521
65 1 805607
76 0 805646
76 1 805699
65 0 805759
65 1 805834
32 0 805895
32 1 805954
79 0 806339
79 1 806402
78 0 806597
78 1 806661
76 0 806876
76 1 806930
73 0 807075
73 1 807139
78 0 807394
78 1 807458
69 0 807592
69 1 807650
32 0 807780
32 1 807838
78 0 810944
78 1 811031
85 0 811175
85 1 811232
32 0 811373
32 1 811441
69 0 811547
69 1 811598
83 0 811765
83 1 811835
84 0 811895
84 1 811965
69 0 812003
69 1 812063
32 0 812157
32 1 812232
79 0 812970
79 1 813023
32 0 813210
32 1 813263
77 0 813944
77 1 814006
69 0 814288
69 1 814351
84 0 814587
84 1 814650
79 0 814988
79 1 815051
68 0 815397
68 1 815462
65 0 815556
65 1 815610
32 0 815739
32 1 815801
66 0 839768
66 1 839843
85 0 839977
85 1 840040
78 0 840175
78 1 840232
65 0 840283
65 1 840357
32 0 840371
32 1 840439
68 0 840750
68 1 840815
69 0 840864
69 1 840922
32 0 840981
32 1 841066
65 0 841237
65 1 841315
189 0 841451
189 1 841503
73 0 841755
73 1 841808
32 0 841997
32 1 842049
8 0 844315
8 0 844867
8 0 844903
8 0 844936
8 0 844972
8 0 845002
8 0 845035
8 0 845070
8 0 845103
8 0 845138
8 1 845144
8 0 845330
8 1 845388
8 0 845484
8 1 845562
8 0 845668
8 1 845752
8 0 845852
8 1 845920
8 0 846023
8 1 846101
8 0 846202
8 1 846289
8 0 846394
8 1 846483
8 0 846605
8 1 846690
8 0 847108
8 1 847197
66 0 854078
66 1 854146
85 0 854297
85 1 854350
78 0 854505
78 1 854569
65 0 854644
65 1 854703
32 0 854790
32 1 854856
65 0 855393
65 1 855462
76 0 855562
76 1 855620
69 0 855820
69 1 855895
71 0 856166
71 1 856246
69 0 856330
69 1 856394
82 0 856469
82 1 856526
69 0 856602
69 1 856655
32 0 858504
32 1 858628
73 0 859261
73 1 859329
78 0 859497
78 1 859548
32 0 859633
32 1 859703
67 0 859868
67 1 859921
69 0 860000
69 1 860060
69 0 860165
69 1 860209
65 0 860380
65 1 860481
32 0 860521
32 1 860587
67 0 860797
67 1 860856
69 0 860889
69 1 860953
32 0 860997
32 1 861077
80 0 861308
80 1 861364
82 0 861474
82 1 861549
73 0 861650
73 1 861714
86 0 862079
86 1 862143
69 0 862213
69 1 862281
83 0 862492
83 1 862549
84 0 862640
84 1 862705
69 0 862764
69 1 862827
32 0 862943
32 1 863006
73 0 869543
73 1 869614
78 0 869790
78 1 869854
86 0 870084
86 1 870160
65 0 870240
65 1 870303
84 0 870373
84 1 870459
65 0 870553
65 1 870606
77 0 870747
77 1 870820
65 0 870891
65 1 870953
78 0 871024
78 1 871093
84 0 871304
84 1 871367
85 0 871567
85 1 871631
76 0 871836
76 1 871894
190 0 873406
190 1 873489
32 0 873847
32 1 873906
16 0 879061
67 0 879382
67 1 879455
16 1 879510
79 0 879933
79 1 879990
80 0 880158
80 1 880227
73 0 880512
73 1 880578
73 0 880670
73 1 880727
73 0 881184
73 1 881236
32 0 881611
32 1 881648
78 0 882626
78 1 882694
85 0 882849
85 1 882908
32 0 883546
32 1 883603
77 0 885932
77 1 886002
65 0 886046
65 1 886122
73 0 886155
73 1 886214
32 0 886359
32 1 886417
73 0 886582
73 1 886640
78 0 886811
78 1 886879
86 0 887107
86 1 887179
65 0 887285
65 1 887354
84 0 887418
84 1 887486
65 0 887556
65 1 887614
32 0 887741
32 1 887821
8 0 894022
8 0 894576
8 0 894621
8 0 894646
8 0 894676
8 0 894712
8 0 894746
8 0 894780
8 0 894813
8 0 894848
8 0 894882
8 0 894915
8 1 894921
8 0 895047
8 1 895123
8 0 895241
8 1 895321
65 0 895817
65 1 895893
82 0 895967
82 1 896019
32 0 896149
32 1 896200
84 0 896351
84 1 896415
82 0 896505
82 1 896568
69 0 896662
69 1 896714
66 0 896821
66 1 896890
85 0 897499
85 1 897563
73 0 897688
73 1 897745
32 0 897933
32 1 897990
83 0 898525
83 1 898582
65 0 898661
65 1 898711
32 0 898762
32 1 898843
65 0 898962
65 1 899016
73 0 899430
73 1 899488
66 0 899832
66 1 899885
65 0 899960
65 1 900022
32 0 900072
32 1 900130
80 0 900613
80 1 900670
65 0 900766
65 1 900828
82 0 900974
82 1 901037
84 0 901144
84 1 901206
69 0 901236
69 1 901288
32 0 901367
32 1 901419
68 0 901566
68 1 901617
69 0 901673
69 1 901732
32 0 901817
32 1 901881
76 0 904425
76 1 904482
69 0 904578
69 1 904647
67 0 904838
67 1 904899
84 0 905085
84 1 905148
73 0 905508
73 1 905567
73 0 905633
73 1 905683
76 0 905841
76 1 905903
69 0 905983
69 1 906046
32 0 906176
32 1 906216
80 0 907861
80 1 907923
82 0 908245
82 1 908309
69 0 908394
69 1 908449
68 0 908636
68 1 908695
65 0 908779
65 1 908832
84 0 908952
84 1 909021
69 0 909095
69 1 909153
32 0 909249
32 1 909311
76 0 912860
76 1 912959
65 0 913019
65 1 913083
32 0 913178
32 1 913246
83 0 913598
83 1 913653
67 0 913743
67 1 913808
79 0 914109
79 1 914178
65 0 914269
65 1 914327
76 0 914401
76 1 914455
65 0 914525
65 1 914561
188 0 916526
188 1 916594
32 0 916740
32 1 916803
68 0 920463
68 1 920520
8 0 921903
8 1 921965
83 0 922383
83 1 922434
84 0 922535
84 1 922603
65 0 922688
65 1 922736
78 0 922837
78 1 922899
68 0 922999
68 1 923054
32 0 923094
32 1 923156
73 0 923338
73 1 923395
78 0 923594
78 1 923668
32 0 923719
32 1 923777
66 0 923938
66 1 923997
65 0 924127
65 1 924185
78 0 924244
78 1 924296
67 0 924512
67 1 924564
65 0 924610
65 1 924672
32 0 924752
32 1 924831
76 0 925389
76 1 925441
79 0 925541
79 1 925604
82 0 925779
82 1 925836
188 0 926451
188 1 926508
32 0 926658
32 1 926715
65 0 927077
65 1 927133
86 0 927234
86 1 927292
65 0 927388
65 1 927450
78 0 927541
78 1 927605
68 0 927665
68 1 927722
32 0 927761
32 1 927820
73 0 927990
73 1 928042
78 0 928203
78 1 928249
32 0 928340
32 1 928404
70 0 928609
70 1 928666
65 0 928742
65 1 928803
84 0 928843
84 1 928906
65 0 928966
65 1 929029
32 0 929095
32 1 929168
85 0 929686
85 1 929756
78 0 929941
78 1 929998
32 0 930090
32 1 930158
80 0 930446
80 1 930504
82 0 930655
82 1 930717
79 0 930817
79 1 930881
70 0 931157
70 1 931222
69 0 931306
69 1 931360
83 0 931580
83 1 931627
79 0 931757
79 1 931810
82 0 932056
82 1 932128
190 0 933647
190 1 933694
32 0 934920
32 1 934977
16 0 935133
16 1 935269
83 0 935293
83 1 935357
65 0 935422
65 1 935508
32 0 935528
32 1 935608
70 0 935759
70 1 935805
73 0 936069
73 1 936127
69 0 936197
69 1 936255
32 0 936324
32 1 936400
83 0 936535
83 1 936592
67 0 936672
67 1 936725
79 0 937022
79 1 937089
83 0 937204
83 1 937266
73 0 937317
73 1 937369
32 0 937503
32 1 937567
76 0 937711
76 1 937775
65 0 937806
65 1 937865
32 0 937944
32 1 938003
84 0 938183
84 1 938246
65 0 938356
65 1 938413
66 0 938489
66 1 938542
76 0 938782
76 1 938839
65 0 938895
65 1 938957
32 0 939042
32 1 939101
83 0 939668
83 1 939732
73 0 939825
73 1 939882
32 0 940018
32 1 940081
65 0 940177
65 1 940235
8 0 940945
8 1 940998
69 0 941157
69 1 941219
68 0 941429
68 1 941510
85 0 941599
85 1 941668
67 0 941864
67 1 941927
65 0 942002
65 1 942064
84 0 942134
84 1 942191
73 0 942451
73 1 942498
32 0 942648
32 1 942707
73 0 942888
73 1 942945
78 0 943196
78 1 943253
32 0 944229
32 1 944283
8 0 946823
8 1 946897
8 0 947013
8 1 947084
8 0 947238
8 1 947302
65 0 950028
65 1 950092
83 0 950171
83 1 950239
65 0 950294
65 1 950357
32 0 950427
32 1 950517
67 0 950879
67 1 950943
85 0 951083
85 1 951142
77 0 951342
77 1 951393
32 0 951488
32 1 951552
65 0 951662
65 1 951705
77 0 951768
77 1 951822
32 0 951927
32 1 951984
70 0 952144
70 1 952202
79 0 952307
79 1 952379
83 0 952536
83 1 952593
84 0 952698
84 1 952756
32 0 952906
32 1 952975
83 0 953110
83 1 953169
73 0 953249
73 1 953298
32 0 953437
32 1 953507
78 0 953620
78 1 953678
79 0 953834
79 1 953897
73 0 953993
73 1 954051
188 0 954291
188 1 954343
32 0 954449
32 1 954511
76 0 954701
76 1 954758
65 0 954809
65 1 954866
32 0 954916
32 1 954984
82 0 955166
82 1 955219
65 0 955295
65 1 955362
78 0 955468
78 1 955527
68 0 955631
68 1 955689
85 0 955896
85 1 955947
76 0 956150
76 1 956202
32 0 956325
32 1 956383
78 0 956503
78 1 956557
79 0 956728
79 1 956780
83 0 956895
83 1 956953
84 0 957078
84 1 957135
82 0 957226
82 1 957283
85 0 957514
85 1 957567
190 0 957887
190 1 957913
16 0 992898
78 0 993026
78 1 993088
16 1 993106
73 0 993261
73 1 993329
67 0 993455
67 1 993518
73 0 993598
73 1 993656
79 0 993782
79 1 993854
68 0 994161
68 1 994219
65 0 994294
65 1 994369
84 0 994419
84 1 994492
65 0 994557
65 1 994618
32 0 994669
32 1 994733
78 0 995145
78 1 995203
85 0 995319
85 1 995376
32 0 995508
32 1 995571
77 0 995747
77 1 995811
189 0 996016
189 1 996073
65 0 996193
65 1 996256
77 0 996296
77 1 996346
32 0 996437
32 1 996495
80 0 996665
80 1 996723
82 0 996823
82 1 996879
73 0 996970
73 1 997023
67 0 997277
67 1 997330
69 0 997421
69 1 997480
80 0 997825
80 1 997882
85 0 998541
85 1 998561
84 0 998743
84 1 998785
32 0 998936
32 1 998988
76 0 999239
76 1 999293
65 0 999387
65 1 999439
32 0 999504
32 1 999535
32 0 999543
32 1 999562
65 0 999724
65 1 999769
82 0 999861
82 1 999918
84 0 1000048
84 1 1000102
65 0 1000201
65 1 1000238
190 0 1002823
190 1 1002891
32 0 1003078
32 1 1003136
16 0 1003270
80 0 1003436
16 1 1003449
80 1 1003492
82 0 1003845
82 1 1003913
79 0 1004043
79 1 1004101
66 0 1004347
66 1 1004405
65 0 1004479
65 1 1004544
66 0 1004624
66 1 1004683
73 0 1004878
73 1 1004942
76 0 1005106
76 1 1005160
32 0 1005285
32 1 1005341
83 0 1005910
83 1 1005968
73 0 1006018
73 1 1006069
32 0 1006226
32 1 1006284
80 0 1006459
80 1 1006526
69 0 1007054
69 1 1007101
78 0 1007417
78 1 1007492
84 0 1007662
84 1 1007722
82 0 1007826
82 1 1007883
85 0 1007950
85 1 1008008
32 0 1008143
32 1 1008195
67 0 1008310
65 0 1008350
67 1 1008363
65 1 1008409
32 0 1008483
32 1 1008562
78 0 1009205
78 1 1009270
85 0 1009394
85 1 1009447
32 0 1009591
32 1 1009648
77 0 1009809
77 1 1009873
8 0 1010345
8 1 1010393
65 0 1010919
65 1 1010988
77 0 1011053
77 1 1011111
32 0 1011215
32 1 1011272
70 0 1011383
70 1 1011447
79 0 1011572
79 1 1011636
83 0 1011746
83 1 1011807
84 0 1011948
84 1 1012002
32 0 1012137
32 1 1012205
80 0 1012421
80 1 1012480
82 0 1012755
82 1 1012809
69 0 1012858
69 1 1012918
65 0 1013138
65 1 1013196
32 0 1013280
32 1 1013344
73 0 1013750
73 1 1013808
78 0 1013969
78 1 1014022
84 0 1014237
84 1 1014305
69 0 1014381
69 1 1014433
82 0 1014513
82 1 1014578
83 0 1014918
83 1 1014977
65 0 1015067
65 1 1015135
84 0 1015300
84 1 1015357
65 0 1015436
65 1 1015491
32 0 1015550
32 1 1015569
68 0 1015735
68 1 1015794
69 0 1015848
69 1 1015916
32 0 1015951
32 1 1016022
80 0 1016308
80 1 1016362
73 0 1016583
73 1 1016645
67 0 1017802
67 1 1017859
84 0 1018368
84 1 1018424
85 0 1018705
85 1 1018763
82 0 1019340
82 1 1019404
65 0 1019517
65 1 1019566
32 0 1022156
32 1 1022262
68 0 1023831
68 1 1023894
69 0 1023978
69 1 1024046
189 0 1024252
189 1 1024303
65 0 1024410
65 1 1024461
32 0 1024541
32 1 1024605
76 0 1024915
76 1 1024978
85 0 1025164
85 1 1025226
78 0 1025377
78 1 1025441
71 0 1025622
71 1 1025681
85 0 1025865
85 1 1025929
76 0 1026159
76 1 1026211
32 0 1026331
32 1 1026388
84 0 1026570
84 1 1026639
73 0 1026725
73 1 1026784
77 0 1026968
77 1 1027033
80 0 1027413
80 1 1027498
85 0 1027704
85 1 1027756
76 0 1027963
76 1 1028024
85 0 1028195
85 1 1028252
73 0 1028373
73 1 1028430
190 0 1029585
190 1 1029665
32 0 1030257
32 1 1030321
16 0 1030844
73 0 1031009
73 1 1031073
16 1 1031110
78 0 1031255
78 1 1031314
32 0 1031409
32 1 1031484
83 0 1031599
83 1 1031663
67 0 1031753
67 1 1031812
72 0 1032154
72 1 1032212
73 0 1032394
73 1 1032467
77 0 1032638
77 1 1032696
66 0 1032903
66 1 1032950
32 0 1033060
32 1 1033133
80 0 1033349
80 1 1033405
79 0 1033497
79 1 1033544
84 0 1033769
84 1 1033822
32 0 1033993
32 1 1034055
65 0 1035257
65 1 1035315
70 0 1035467
70 1 1035529
73 0 1035866
73 1 1035928
82 0 1036185
82 1 1036237
77 0 1036487
77 1 1036552
65 0 1036616
65 1 1036680
32 0 1036689
32 1 1036749
67 0 1036894
67 1 1036958
65 0 1037048
65 1 1037100
32 0 1037120
32 1 1037189
73 0 1040194
73 1 1040257
77 0 1040436
77 1 1040495
73 0 1040631
73 1 1040687
32 0 1040848
32 1 1040902
84 0 1044418
84 1 1044480
82 0 1044597
82 1 1044649
69 0 1044705
69 1 1044767
90 0 1044893
90 1 1044962
69 0 1045092
69 1 1045155
83 0 1045355
83 1 1045412
84 0 1045508
84 1 1045571
69 0 1045657
69 1 1045706
32 0 1045736
32 1 1045806
65 0 1046008
65 1 1046091
68 0 1046232
68 1 1046296
77 0 1046702
77 1 1046765
73 0 1046901
73 1 1046957
82 0 1047205
82 1 1047267
65 0 1047332
65 1 1047395
84 0 1047456
84 1 1047523
73 0 1047718
73 1 1047770
69 0 1047830
69 1 1047876
32 0 1047963
32 1 1048010
80 0 1048234
80 1 1048293
73 0 1048448
73 1 1048507
67 0 1048711
67 1 1048754
84 0 1048870
84 1 1048925
85 0 1049147
85 1 1049211
82 0 1049431
82 1 1049479
65 0 1049569
65 1 1049631
32 0 1050130
32 1 1050199
65 0 1050298
65 1 1050350
67 0 1050416
67 1 1050474
69 0 1050559
69 1 1050612
65 0 1050793
65 1 1050853
83 0 1050922
83 1 1050974
84 0 1051195
84 1 1051259
65 0 1051353
65 1 1051411
188 0 1051638
188 1 1051685
32 0 1051779
32 1 1051847
16 0 1052401
69 0 1052578
16 1 1052631
69 1 1052642
83 0 1052776
83 1 1052833
84 0 1053050
84 1 1053087
69 0 1053223
69 1 1053291
32 0 1053451
32 1 1053498
8 0 1054824
8 1 1054892
8 0 1054979
8 1 1055040
8 0 1055126
8 1 1055179
8 0 1055278
8 1 1055325
8 0 1055435
8 1 1055480
8 0 1055591
8 1 1055649
8 0 1055786
8 1 1055837
190 0 1056552
190 1 1056604
32 0 1056858
32 1 1056904
16 0 1058363
69 0 1058504
16 1 1058538
69 1 1058549
83 0 1058684
83 1 1058747
84 0 1059007
84 1 1059065
69 0 1059170
69 1 1059234
32 0 1059329
32 1 1059393
80 0 1061181
80 1 1061240
76 0 1061365
76 1 1061422
65 0 1061527
65 1 1061575
67 0 1061726
67 1 1061778
85 0 1062044
85 1 1062106
84 0 1062297
84 1 1062355
65 0 1062446
65 1 1062504
32 0 1062584
32 1 1062658
86 0 1063222
86 1 1063279
73 0 1063570
73 1 1063633
90 0 1064110
90 1 1064183
85 0 1064596
85 1 1064664
65 0 1064780
65 1 1064838
76 0 1064987
76 1 1065039
188 0 1077500
188 1 1077620
32 0 1077841
32 1 1077914
73 0 1078221
73 1 1078278
65 0 1078392
65 1 1078461
82 0 1078528
82 1 1078579
32 0 1078720
32 1 1078798
67 0 1078900
67 1 1078964
79 0 1079095
79 1 1079167
77 0 1079378
77 1 1079446
66 0 1079689
66 1 1079753
73 0 1079955
73 1 1080016
78 0 1080157
78 1 1080225
65 0 1080303
65 1 1080363
84 0 1080443
84 1 1080508
73 0 1080709
73 1 1080768
65 0 1080832
65 1 1080897
32 0 1080916
32 1 1080976
68 0 1081143
68 1 1081187
69 0 1081246
69 1 1081299
32 0 1081349
32 1 1081412
67 0 1081558
67 1 1081606
73 0 1081978
73 1 1082030
8 0 1082588
8 1 1082650
85 0 1082973
85 1 1083027
76 0 1083272
76 1 1083329
79 0 1083419
79 1 1083476
82 0 1083653
82 1 1083728
73 0 1083783
73 1 1083830
32 0 1083976
32 1 1084039
69 0 1084139
69 1 1084187
83 0 1084383
83 1 1084445
84 0 1084515
84 1 1084578
69 0 1084643
69 1 1084705
32 0 1084756
32 1 1084813
82 0 1084991
82 1 1085038
69 0 1085142
69 1 1085200
85 0 1085335
85 1 1085393
83 0 1085515
83 1 1085553
73 0 1085630
73 1 1085692
84 0 1085899
84 1 1085958
65 0 1086062
65 1 1086125
190 0 1087870
190 1 1087937
32 0 1088816
32 1 1088886
16 0 1095311
67 0 1095498
67 1 1095573
16 1 1095584
69 0 1095746
69 1 1095806
69 0 1095862
69 1 1095924
65 0 1095990
65 1 1096058
32 0 1096132
32 1 1096200
67 0 1096542
67 1 1096606
69 0 1096620
69 1 1096688
32 0 1096738
32 1 1096796
86 0 1096922
86 1 1096940
82 0 1097086
82 1 1097144
69 0 1097155
69 1 1097222
65 0 1097387
65 1 1097462
32 0 1097472
32 1 1097534
83 0 1097700
83 1 1097759
65 0 1097818
65 1 1097878
32 0 1097922
32 1 1097986
68 0 1098112
68 1 1098179
69 0 1098259
69 1 1098316
83 0 1098503
83 1 1098549
67 0 1098609
67 1 1098667
82 0 1098852
82 1 1098899
73 0 1099191
73 1 1099237
69 0 1099373
69 1 1099422
8 0 1103147
8 0 1103697
8 0 1103731
8 0 1103765
8 0 1103800
8 0 1103833
8 0 1103867
8 0 1103901
8 0 1103935
8 0 1103968
8 0 1104003
8 0 1104037
8 0 1104071
8 1 1104085
8 0 1104247
8 1 1104314
8 0 1104601
8 1 1104682
65 0 1105515
65 1 1105567
82 0 1105687
82 1 1105736
32 0 1105903
32 1 1105965
84 0 1106162
84 1 1106178
82 0 1106316
82 1 1106378
69 0 1106463
69 1 1106521
66 0 1106643
66 1 1106712
73 0 1107086
73 1 1107162
32 0 1107414
32 1 1107497
83 0 1108468
83 1 1108526
65 0 1108586
65 1 1108640
32 0 1108710
32 1 1108783
68 0 1108980
68 1 1109038
69 0 1109127
69 1 1109169
83 0 1109376
83 1 1109436
67 0 1109493
67 1 1109552
82 0 1109716
82 1 1109769
73 0 1110090
73 1 1110151
69 0 1110273
69 1 1110327
188 0 1110639
188 1 1110689
32 0 1110791
32 1 1110854
83 0 1111068
83 1 1111121
65 0 1111151
65 1 1111212
32 0 1111283
32 1 1111351
69 0 1111427
69 1 1111482
88 0 1111659
88 1 1111712
80 0 1112078
80 1 1112135
82 0 1112301
82 1 1112371
73 0 1112465
73 1 1112520
77 0 1112679
77 1 1112731
69 0 1112858
69 1 1112920
188 0 1113247
188 1 1113299
32 0 1113405
32 1 1113464
80 0 1113665
80 1 1113723
79 0 1113812
79 1 1113861
65 0 1113971
65 1 1114007
84 0 1114121
84 1 1114178
8 0 1114821
8 1 1114890
8 0 1115006
8 1 1115080
89 0 1115693
89 1 1115739
8 0 1116283
8 1 1116336
84 0 1116540
84 1 1116608
32 0 1116695
32 1 1116766
68 0 1117436
68 1 1117488
79 0 1117594
79 1 1117657
65 0 1117779
65 1 1117843
82 0 1117983
82 1 1118034
32 0 1118191
32 1 1118258
83 0 1118450
83 1 1118540
65 0 1118580
65 1 1118620
32 0 1118690
32 1 1118777
66 0 1124627
66 1 1124696
65 0 1124741
65 1 1124817
78 0 1124873
78 1 1124937
85 0 1125074
85 1 1125134
73 0 1125280
73 1 1125342
69 0 1125427
69 1 1125446
83 0 1125673
83 1 1125741
67 0 1125862
67 1 1125913
190 0 1127502
190 1 1127611
32 0 1128639
32 1 1128699
16 0 1136242
67 0 1136334
67 1 1136391
16 1 1136402
85 0 1136599
85 1 1136659
32 0 1136786
32 1 1136848
83 0 1136945
83 1 1137006
73 0 1137096
73 1 1137150
71 0 1137595
71 1 1137659
85 0 1137885
85 1 1137953
82 0 1138171
82 1 1138230
65 0 1138334
65 1 1138391
78 0 1138492
78 1 1138556
84 0 1138711
84 1 1138769
65 0 1138844
65 1 1138903
32 0 1138978
32 1 1139035
78 0 1139668
78 1 1139733
85 0 1139853
85 1 1139905
32 0 1140036
32 1 1140093
69 0 1140177
69 1 1140214
83 0 1140439
83 1 1140485
8 0 1141288
8 1 1141357
88 0 1141940
88 1 1141996
73 0 1142158
73 1 1142225
83 0 1142342
83 1 1142400
84 0 1142524
84 1 1142589
65 0 1142653
65 1 1142717
32 0 1142792
32 1 1142856
16 0 1143331
67 0 1143534
67 1 1143590
16 1 1143667
79 0 1144084
79 1 1144136
86 0 1144494
86 1 1144556
73 0 1144813
73 1 1144875
68 0 1145122
68 1 1145186
189 0 1145453
189 1 1145500
49 0 1146003
49 1 1146105
57 0 1146431
57 1 1146481
32 0 1146669
32 1 1146722
80 0 1147177
80 1 1147242
69 0 1147317
69 1 1147384
32 0 1147444
32 1 1147520
65 0 1147650
65 1 1147707
84 0 1147768
84 1 1147826
85 0 1148040
85 1 1148098
78 0 1148279
78 1 1148332
67 0 1148583
67 1 1148642
73 0 1148927
73 1 1148980
16 0 1149201
16 1 1149297
8 0 1150191
8 1 1150270
73 0 1151635
73 1 1151692
188 0 1152129
188 1 1152192
32 0 1152311
32 1 1152371
70 0 1152632
70 1 1152701
73 0 1152805
73 1 1152840
73 0 1152915
73 1 1152976
78 0 1153143
78 1 1153202
68 0 1153502
68 1 1153555
67 0 1153786
67 1 1153840
65 0 1153904
65 1 1153961
32 0 1154017
32 1 1154087
78 0 1154613
78 1 1154677
85 0 1154788
85 1 1154846
32 0 1154996
32 1 1155055
83 0 1155194
83 1 1155254
65 0 1155415
65 1 1155444
8 0 1156212
8 1 1156261
69 0 1157501
69 1 1157565
32 0 1157628
32 1 1157687
82 0 1157896
82 1 1157950
69 0 1158019
69 1 1158071
83 0 1158272
83 1 1158336
80 0 1158481
80 1 1158535
69 0 1158655
69 1 1158712
67 0 1158882
67 1 1158945
84 0 1159105
84 1 1159181
65 0 1159214
65 1 1159278
32 0 1159354
32 1 1159418
68 0 1159507
68 1 1159571
73 0 1159756
73 1 1159815
83 0 1159970
83 1 1160016
84 0 1160162
84 1 1160232
65 0 1160351
65 1 1160404
78 0 1160544
78 1 1160602
84 0 1161084
84 1 1161152
65 0 1161197
65 1 1161260
82 0 1161333
82 1 1161404
69 0 1161475
69 1 1161527
65 0 1161726
65 1 1161784
32 0 1161839
32 1 1161909
83 0 1162093
83 1 1162162
79 0 1162352
79 1 1162409
67 0 1162570
67 1 1162635
73 0 1162729
73 1 1162794
65 0 1164079
65 1 1164142
76 0 1164191
76 1 1164249
65 0 1164314
65 1 1164377
190 0 1164462
190 1 1164509
32 0 1164729
32 1 1164756
32 0 1165723
32 1 1165800
16 0 1170533
80 0 1170758
80 1 1170828
16 1 1170849
65 0 1171120
65 1 1171194
82 0 1171249
82 1 1171308
69 0 1171387
69 1 1171446
32 0 1171480
32 1 1171559
67 0 1171661
67 1 1171728
65 0 1171747
65 1 1171826
32 0 1171857
32 1 1171932
70 0 1172081
70 1 1172139
73 0 1172400
73 1 1172451
69 0 1172557
69 1 1172604
67 0 1172875
67 1 1172928
65 0 1172963
65 1 1173036
82 0 1173121
82 1 1173178
69 0 1173244
69 1 1173299
32 0 1173405
32 1 1173468
80 0 1174187
80 1 1174246
69 0 1174386
69 1 1174433
82 0 1174644
82 1 1174702
83 0 1174822
83 1 1174885
79 0 1175092
79 1 1175175
78 0 1175402
78 1 1175472
65 0 1175562
65 1 1175632
74 0 1175928
74 1 1175991
32 0 1176122
32 1 1176184
65 0 1176281
65 1 1176340
76 0 1176400
76 1 1176451
32 0 1176571
32 1 1176635
80 0 1176805
80 1 1176865
73 0 1177000
73 1 1177057
67 0 1177229
67 1 1177286
84 0 1177402
84 1 1177453
85 0 1177695
85 1 1177769
82 0 1177944
82 1 1178001
73 0 1178080
73 1 1178134
73 0 1178204
73 1 1178261
32 0 1178406
32 1 1178469
69 0 1178744
69 1 1178800
83 0 1178968
83 1 1179036
84 0 1179117
84 1 1179168
69 0 1179228
69 1 1179285
32 0 1179350
32 1 1179432
80 0 1179656
80 1 1179721
82 0 1179840
82 1 1179903
73 0 1180004
73 1 1180060
78 0 1180233
78 1 1180289
83 0 1180450
83 1 1180526
32 0 1180596
32 1 1180655
67 0 1185162
67 1 1185208
85 0 1185324
85 1 1185383
32 0 1185508
32 1 1185583
65 0 1185676
65 1 1185723
67 0 1185804
67 1 1185872
84 0 1186044
84 1 1186112
73 0 1186359
73 1 1186428
86 0 1186663
86 1 1186720
73 0 1186936
73 1 1187008
84 0 1187225
84 1 1187287
65 0 1187306
65 1 1187364
84 0 1187481
84 1 1187555
69 0 1187605
69 1 1187664
65 0 1187860
65 1 1187911
32 0 1187941
32 1 1188009
83 0 1188195
83 1 1188253
65 0 1188317
65 1 1188374
32 0 1188431
32 1 1188504
80 0 1188735
80 1 1188811
82 0 1188942
82 1 1189011
79 0 1189191
79 1 1189273
80 0 1190022
80 1 1190090
82 0 1190287
82 1 1190345
73 0 1190470
73 1 1190527
69 0 1190658
69 1 1190715
188 0 1190963
188 1 1191013
32 0 1191129
32 1 1191180
67 0 1191382
67 1 1191439
65 0 1191495
65 1 1191556
69 0 1191749
69 1 1191796
32 0 1191856
32 1 1191932
8 0 1193167
8 1 1193219
8 0 1193330
8 1 1193387
82 0 1194057
82 1 1194107
69 0 1194162
69 1 1194213
32 0 1194299
32 1 1194370
68 0 1194453
68 1 1194507
73 0 1194637
73 1 1194696
70 0 1194961
70 1 1195019
69 0 1195115
69 1 1195166
82 0 1195262
82 1 1195321
65 0 1195436
65 1 1195494
32 0 1195567
32 1 1195627
68 0 1198347
68 1 1198408
69 0 1198425
69 1 1198483
32 0 1198556
32 1 1198638
76 0 1198925
76 1 1198983
65 0 1199053
65 1 1199100
32 0 1199194
32 1 1199248
80 0 1199684
80 1 1199741
69 0 1199851
69 1 1199916
82 0 1200116
82 1 1200178
83 0 1200295
83 1 1200353
79 0 1200538
79 1 1200613
65 0 1200718
65 1 1200763
78 0 1200838
78 1 1200895
65 0 1200950
65 1 1201011
32 0 1201020
32 1 1201074
76 0 1201218
76 1 1201282
65 0 1201316
65 1 1201381
32 0 1201420
32 1 1201483
80 0 1201654
80 1 1201711
69 0 1201808
69 1 1201865
82 0 1202090
82 1 1202155
83 0 1202390
83 1 1202454
79 0 1202599
79 1 1202667
65 0 1202768
65 1 1202826
78 0 1202892
78 1 1202950
65 0 1203035
65 1 1203098
190 0 1203283
190 1 1203336
32 0 1203476
32 1 1203528
16 0 1203726
70 0 1203874
16 1 1203909
70 1 1203919
73 0 1204210
73 1 1204261
69 0 1204346
69 1 1204416
67 0 1204566
67 1 1204628
65 0 1204688
65 1 1204776
82 0 1204810
82 1 1204867
69 0 1204948
69 1 1205012
32 0 1205076
32 1 1205144
70 0 1205611
70 1 1205681
65 0 1205725
65 1 1205794
67 0 1205844
67 1 1205908
32 0 1206049
32 1 1206123
65 0 1206310
65 1 1206383
76 0 1206448
76 1 1206495
84 0 1206725
84 1 1206783
67 0 1206977
67 1 1207043
69 0 1207142
69 1 1207192
86 0 1207292
86 1 1207350
65 0 1207420
65 1 1207484
32 0 1207534
32 1 1207596
8 0 1209079
8 1 1209315
8 0 1209316
8 1 1209318
8 0 1209394
8 1 1209445
8 0 1209541
8 1 1209599
8 0 1209693
8 1 1209739
8 0 1209845
8 1 1209897
8 0 1209997
8 1 1210054
8 0 1210161
8 1 1210219
8 0 1210541
8 1 1210620
69 0 1211244
69 1 1211295
32 0 1211392
32 1 1211454
65 0 1211600
65 1 1211658
76 0 1211722
76 1 1211779
84 0 1212036
84 1 1212099
67 0 1212260
67 1 1212328
69 0 1212428
69 1 1212487
86 0 1212733
86 1 1212824
65 0 1212863
65 1 1212933
32 0 1212983
32 1 1213058
83 0 1213530
83 1 1213597
73 0 1213667
73 1 1213724
32 0 1213863
32 1 1213928
73 0 1214285
73 1 1214352
83 0 1214422
83 1 1214479
73 0 1214560
73 1 1214614
32 0 1214815
32 1 1214877
86 0 1215284
86 1 1215354
69 0 1215424
69 1 1215474
68 0 1215575
68 1 1215629
69 0 1215662
69 1 1215720
32 0 1215825
32 1 1215910
68 0 1216280
68 1 1216328
69 0 1216397
69 1 1216466
32 0 1216581
32 1 1216645
84 0 1217716
84 1 1217775
82 0 1217894
82 1 1217923
69 0 1218048
69 1 1218107
65 0 1219353
65 1 1219424
66 0 1219529
66 1 1219582
65 0 1219621
65 1 1219683
32 0 1219720
32 1 1219793
83 0 1220463
83 1 1220513
65 0 1220657
65 1 1220715
190 0 1220836
190 1 1220895
32 0 1221145
32 1 1221181
