16 0 1158730
73 0 1159136
73 1 1159232
16 1 1159296
78 0 1159392
78 1 1159480
32 0 1159584
32 1 1159672
77 0 1159800
77 1 1159888
79 0 1159977
79 1 1160040
77 0 1160112
77 1 1160240
69 0 1160360
69 1 1160456
78 0 1160536
78 1 1160672
84 0 1160752
84 1 1160848
85 0 1160880
85 1 1160976
76 0 1161136
76 1 1161248
32 0 1161344
32 1 1161440
68 0 1161472
68 1 1161640
32 0 1161680
32 1 1161784
8 0 1162144
8 1 1162256
69 0 1162416
69 1 1162496
32 0 1162888
32 1 1162985
70 0 1163168
70 1 1163280
65 0 1163360
65 1 1163456
84 0 1163696
84 1 1163792
65 0 1163816
65 1 1163904
32 0 1163968
32 1 1164056
86 0 1164752
86 1 1164856
82 0 1164920
82 1 1165008
69 0 1165096
69 1 1165216
77 0 1165280
77 1 1165385
69 0 1165424
69 1 1165552
65 0 1165616
65 1 1165720
32 0 1165752
32 1 1165864
69 0 1165977
69 1 1166088
83 0 1166200
83 1 1166288
84 0 1166385
84 1 1166504
69 0 1166544
69 1 1166664
32 0 1166704
32 1 1166816
68 0 1167328
68 1 1167464
69 0 1167528
69 1 1167656
83 0 1167816
83 1 1167936
84 0 1167984
84 1 1168096
85 0 1168192
85 1 1168256
76 0 1168400
76 1 1168512
32 0 1168576
32 1 1168680
68 0 1168833
69 0 1169000
68 1 1169016
32 0 1169080
69 1 1169128
32 1 1169176
80 0 1169280
80 1 1169384
76 0 1169544
76 1 1169640
79 0 1169752
79 1 1169840
65 0 1170000
65 1 1170088
8 0 1170528
8 1 1170664
73 0 1171032
73 1 1171112
79 0 1171304
79 1 1171384
65 0 1171512
65 1 1171600
83 0 1171696
83 1 1171808
65 0 1171888
65 1 1172016
188 0 1172320
188 1 1172416
32 0 1172792
32 1 1172896
80 0 1173232
80 1 1173344
79 0 1173440
79 1 1173520
83 0 1173560
83 1 1173640
79 0 1173680
79 1 1173792
77 0 1173856
77 1 1173984
79 0 1174000
79 1 1174104
82 0 1174264
82 1 1174360
65 0 1174456
65 1 1174560
84 0 1174864
84 1 1174984
65 0 1175024
65 1 1175144
32 0 1175232
32 1 1175344
67 0 1175368
67 1 1175464
72 0 1175560
72 1 1175664
73 0 1175688
73 1 1175785
65 0 1175824
65 1 1175952
82 0 1175984
82 1 1176088
188 0 1176440
188 1 1176520
32 0 1176640
32 1 1176736
68 0 1176856
68 1 1176976
65 0 1177064
65 1 1177160
32 0 1177240
32 1 1177344
83 0 1177440
83 1 1177592
80 0 1177784
80 1 1177904
82 0 1178104
82 1 1178248
69 0 1178264
69 1 1178360
32 0 1178464
32 1 1178568
78 0 1179200
78 1 1179296
79 0 1179560
79 1 1179648
80 0 1179792
80 1 1179912
65 0 1179952
65 1 1180048
84 0 1180160
69 0 1180264
84 1 1180304
69 1 1180400
32 0 1180416
32 1 1180504
67 0 1180552
67 1 1180656
65 0 1180704
65 1 1180800
82 0 1180840
69 0 1180944
82 1 1181008
69 1 1181056
32 0 1181080
32 1 1181184
78 0 1181288
78 1 1181392
85 0 1181408
85 1 1181512
32 0 1181584
32 1 1181688
70 0 1182080
70 1 1182176
65 0 1182224
65 1 1182368
8 0 1182696
8 1 1182792
65 0 1183048
65 1 1183160
67 0 1183280
67 1 1183384
69 0 1183464
69 1 1183576
32 0 1183608
32 1 1183704
76 0 1183792
76 1 1183896
85 0 1184016
85 1 1184104
67 0 1184136
67 1 1184232
76 0 1184384
76 1 1184488
85 0 1184617
85 1 1184712
82 0 1184800
82 1 1184896
73 0 1184904
73 1 1184984
76 0 1185080
76 1 1185184
69 0 1185344
69 1 1185448
32 0 1185608
32 1 1185688
77 0 1185776
77 1 1185880
65 0 1185904
73 0 1185992
65 1 1186024
73 1 1186096
32 0 1186160
32 1 1186288
66 0 1186320
66 1 1186409
85 0 1186416
78 0 1186528
85 1 1186536
78 1 1186656
69 0 1186704
69 1 1186832
188 0 1188360
188 1 1188440
32 0 1188536
32 1 1188640
85 0 1189432
85 1 1189536
76 0 1189688
76 1 1189776
84 0 1189848
84 1 1189944
73 0 1190112
73 1 1190216
77 0 1190288
77 1 1190408
69 0 1190472
69 1 1190536
76 0 1190640
76 1 1190728
69 0 1190752
69 1 1190840
32 0 1190880
32 1 1190992
90 0 1191048
90 1 1191144
73 0 1191168
73 1 1191272
76 0 1191385
76 1 1191464
69 0 1191504
69 1 1191608
32 0 1191672
32 1 1191776
65 0 1191832
65 1 1191912
32 0 1192040
32 1 1192144
70 0 1192216
70 1 1192296
83 0 1192432
83 1 1192504
84 0 1192728
84 1 1192856
32 0 1192953
32 1 1193072
8 0 1193648
8 1 1193736
8 0 1194472
8 1 1194576
8 0 1194656
8 1 1194752
79 0 1195200
79 1 1195280
83 0 1195312
83 1 1195408
84 0 1195424
84 1 1195528
32 0 1195536
32 1 1195640
83 0 1195672
65 0 1195792
83 1 1195864
65 1 1195912
85 0 1195953
85 1 1196056
32 0 1196160
32 1 1196256
70 0 1196280
70 1 1196392
79 0 1196416
65 0 1196520
79 1 1196544
65 1 1196656
82 0 1196792
82 1 1196880
84 0 1197000
84 1 1197120
69 0 1197224
69 1 1197368
32 0 1197440
32 1 1197536
80 0 1198512
80 1 1198624
76 0 1198656
76 1 1198752
79 0 1198840
79 1 1198952
65 0 1199016
65 1 1199072
8 0 1199913
8 1 1200032
73 0 1200152
73 1 1200280
65 0 1200736
65 1 1200872
83 0 1201080
83 1 1201184
65 0 1201312
65 1 1201384
32 0 1201536
32 1 1201624
83 0 1202016
83 1 1202152
65 0 1202216
65 1 1202304
85 0 1202440
85 1 1202544
32 0 1202664
32 1 1202776
83 0 1202872
83 1 1202952
8 0 1203160
8 1 1203280
73 0 1204640
73 1 1204728
78 0 1204872
78 1 1204960
83 0 1205024
83 1 1205128
79 0 1205160
79 1 1205264
73 0 1205456
73 1 1205520
8 0 1205744
8 1 1205848
82 0 1205888
82 1 1205976
73 0 1206040
73 1 1206176
84 0 1206200
84 1 1206320
65 0 1206353
65 1 1206480
32 0 1206656
32 1 1206753
67 0 1206953
65 0 1207088
67 1 1207112
65 1 1207224
82 0 1207304
69 0 1207416
82 1 1207496
69 1 1207544
32 0 1207553
32 1 1207656
65 0 1207672
32 0 1207768
65 1 1207776
32 1 1207896
70 0 1207920
70 1 1208048
79 0 1208056
83 0 1208153
79 1 1208168
83 1 1208264
84 0 1208265
84 1 1208376
32 0 1208393
32 1 1208504
67 0 1208528
67 1 1208633
73 0 1208681
73 1 1208776
85 0 1208848
85 1 1208936
68 0 1208944
68 1 1209072
65 0 1209096
65 1 1209216
84 0 1209248
84 1 1209368
188 0 1209560
188 1 1209640
32 0 1209720
32 1 1209808
86 0 1210856
86 1 1211000
82 0 1211136
82 1 1211248
69 0 1211368
69 1 1211472
77 0 1211560
77 1 1211680
69 0 1211720
69 1 1211856
8 0 1212840
8 1 1212921
8 0 1213024
8 1 1213104
8 0 1213200
8 1 1213296
8 0 1213392
8 1 1213464
8 0 1213568
8 1 1213640
86 0 1214856
86 1 1214968
82 0 1215032
82 1 1215136
69 0 1215248
69 1 1215344
77 0 1215384
77 1 1215488
69 0 1215496
69 1 1215632
65 0 1215696
65 1 1215800
32 0 1215968
32 1 1216072
80 0 1216424
80 1 1216560
76 0 1216720
76 1 1216864
79 0 1218472
79 1 1218576
73 0 1218937
73 1 1219112
79 0 1219272
79 1 1219384
65 0 1219456
65 1 1219592
83 0 1219688
83 1 1219840
65 0 1219856
65 1 1219976
32 0 1220384
32 1 1220472
78 0 1220616
78 1 1220728
85 0 1220760
85 1 1220856
32 0 1220921
32 1 1221024
65 0 1221048
65 1 1221152
32 0 1221192
32 1 1221304
70 0 1221336
70 1 1221432
79 0 1221480
83 0 1221576
79 1 1221584
83 1 1221712
84 0 1221736
84 1 1221840
32 0 1221856
32 1 1221928
73 0 1222008
78 0 1222112
73 1 1222120
78 1 1222232
83 0 1222312
83 1 1222408
79 0 1222480
79 1 1222584
84 0 1222792
84 1 1222896
73 0 1222952
73 1 1223040
78 0 1223120
78 1 1223208
8 0 1223400
8 1 1223496
84 0 1223544
84 1 1223656
65 0 1223688
65 1 1223784
32 0 1223840
32 1 1223937
83 0 1224008
83 1 1224136
84 0 1224280
84 1 1224400
8 0 1224624
8 1 1224712
8 0 1224776
8 1 1224904
8 0 1225000
8 1 1225072
32 0 1225385
32 1 1225464
68 0 1225512
69 0 1225648
68 1 1225712
69 1 1225792
32 0 1225808
32 1 1225920
80 0 1226072
80 1 1226136
76 0 1226448
76 1 1226584
79 0 1226664
79 1 1226768
73 0 1226912
73 1 1227000
32 0 1227088
32 1 1227208
67 0 1227264
79 0 1227368
67 1 1227384
79 1 1227472
78 0 1227520
78 1 1227608
83 0 1227632
83 1 1227744
84 0 1227768
84 1 1227864
65 0 1227880
65 1 1227952
78 0 1228032
78 1 1228144
84 0 1228184
84 1 1228304
69 0 1228376
69 1 1228488
32 0 1228496
32 1 1228592
67 0 1228688
73 0 1228776
67 1 1228808
73 1 1228880
32 0 1228952
32 1 1229080
67 0 1229128
67 1 1229224
8 0 1229408
8 1 1229512
68 0 1229537
69 0 1229624
68 1 1229720
32 0 1229760
69 1 1229784
32 1 1229888
80 0 1230224
80 1 1230344
76 0 1230360
76 1 1230488
79 0 1230536
79 1 1230648
73 0 1230744
73 1 1230832
32 0 1230896
32 1 1230976
79 0 1235352
79 1 1235464
67 0 1235504
67 1 1235625
65 0 1235625
65 1 1235720
90 0 1235864
90 1 1235968
73 0 1236032
73 1 1236120
79 0 1236208
79 1 1236328
78 0 1236400
78 1 1236512
65 0 1236584
65 1 1236704
76 0 1236776
76 1 1236872
69 0 1236928
69 1 1237048
190 0 1239176
190 1 1239256
32 0 1239464
32 1 1239520
16 0 1243120
16 0 1243619
16 0 1243652
16 0 1243686
16 0 1243718
16 0 1243751
16 0 1243785
16 0 1243818
16 0 1243851
16 0 1243884
16 0 1243916
86 0 1243928
86 1 1244040
16 1 1244048
82 0 1244200
82 1 1244312
69 0 1244392
69 1 1244496
77 0 1244896
77 1 1244968
69 0 1245016
69 1 1245152
65 0 1245176
65 1 1245248
32 0 1245344
32 1 1245432
80 0 1245536
80 1 1245680
69 0 1245712
82 0 1245816
69 1 1245840
82 1 1245912
70 0 1246032
70 1 1246160
69 0 1246208
69 1 1246352
67 0 1246416
67 1 1246520
84 0 1246664
84 1 1246776
65 0 1246792
65 1 1246904
32 0 1246944
32 1 1247048
80 0 1247144
80 1 1247288
69 0 1247320
69 1 1247424
78 0 1247440
78 1 1247560
84 0 1247568
82 0 1247632
84 1 1247720
85 0 1247752
82 1 1247776
85 1 1247872
32 0 1247944
32 1 1248088
77 0 1248192
77 1 1248336
73 0 1248408
73 1 1248528
78 0 1248552
78 1 1248664
69 0 1248768
69 1 1248872
32 0 1248968
32 1 1249064
65 0 1249104
65 1 1249224
82 0 1249272
82 1 1249384
32 0 1249400
32 1 1249504
70 0 1249568
70 1 1249664
73 0 1249712
73 1 1249824
32 0 1249928
32 1 1250048
73 0 1254032
73 1 1254144
78 0 1254224
78 1 1254320
83 0 1254440
83 1 1254576
79 0 1254608
79 1 1254736
82 0 1254784
82 1 1254888
73 0 1255120
73 1 1255232
84 0 1255288
84 1 1255400
65 0 1255448
65 1 1255576
32 0 1255664
32 1 1255816
67 0 1256136
67 1 1256232
85 0 1256336
85 1 1256488
32 0 1256600
32 1 1256752
78 0 1256960
78 1 1257072
79 0 1257144
79 1 1257280
82 0 1257288
82 1 1257408
73 0 1257424
73 1 1257536
32 0 1257600
32 1 1257720
79 0 1257760
79 1 1257888
67 0 1257904
65 0 1258016
67 1 1258040
65 1 1258144
90 0 1258272
90 1 1258416
73 0 1258424
73 1 1258504
79 0 1258576
79 1 1258704
78 0 1258728
78 1 1258856
65 0 1258888
65 1 1258976
76 0 1259032
76 1 1259152
73 0 1259248
73 1 1259368
188 0 1259648
188 1 1259728
32 0 1259808
32 1 1259904
79 0 1261880
79 1 1261992
32 0 1262096
32 1 1262224
84 0 1262256
84 1 1262368
69 0 1262416
69 1 1262512
77 0 1262528
77 1 1262632
79 0 1262744
79 1 1262872
8 0 1263112
8 1 1263232
80 0 1263288
80 1 1263400
69 0 1263424
69 1 1263544
82 0 1263552
82 1 1263680
65 0 1263704
65 1 1263824
84 0 1263928
84 1 1263992
85 0 1264064
85 1 1264160
82 0 1264392
82 1 1264528
65 0 1264536
65 1 1264640
32 0 1264728
32 1 1264840
68 0 1264920
69 0 1265104
68 1 1265112
32 0 1265176
69 1 1265208
32 1 1265272
67 0 1265408
65 0 1265528
67 1 1265560
65 1 1265632
77 0 1265728
77 1 1265808
32 0 1265944
32 1 1266128
50 0 1267314
50 1 1267424
54 0 1268088
54 1 1268208
32 0 1268296
32 1 1268416
68 0 1268632
68 1 1268800
69 0 1268816
69 1 1268912
32 0 1268928
32 1 1269048
71 0 1269336
71 1 1269464
82 0 1269504
82 1 1269600
65 0 1269696
65 1 1269832
68 0 1269840
69 0 1269992
68 1 1270072
69 1 1270136
32 0 1270240
32 1 1270392
8 0 1271192
8 1 1271312
188 0 1271560
188 1 1271648
32 0 1271744
32 1 1271824
66 0 1273360
66 1 1273480
82 0 1273552
82 1 1273656
73 0 1273736
73 1 1273824
90 0 1273880
90 1 1273968
65 0 1274064
65 1 1274184
32 0 1274264
32 1 1274360
85 0 1274592
85 1 1274680
83 0 1274728
83 1 1274832
79 0 1274872
79 1 1274968
65 0 1275088
65 1 1275200
82 0 1275248
65 0 1275368
82 1 1275384
65 1 1275504
190 0 1277472
190 1 1277536
32 0 1277752
32 1 1277808
16 0 1277968
68 0 1278072
16 1 1278184
68 1 1278216
69 0 1278344
69 1 1278440
32 0 1278536
32 1 1278648
79 0 1279464
79 1 1279552
66 0 1279600
66 1 1279720
73 0 1279768
73 1 1279880
67 0 1280112
67 1 1280264
69 0 1280288
73 0 1280416
69 1 1280440
73 1 1280512
32 0 1280608
32 1 1280720
86 0 1280800
86 1 1280936
82 0 1280968
82 1 1281056
69 0 1281136
69 1 1281264
77 0 1281288
77 1 1281408
69 0 1281424
65 0 1281560
69 1 1281584
65 1 1281672
32 0 1281792
32 1 1281944
77 0 1282096
77 1 1282216
69 0 1282248
69 1 1282384
65 0 1282768
65 1 1282888
32 0 1282960
32 1 1283080
80 0 1283152
80 1 1283288
82 0 1283320
69 0 1283416
82 1 1283480
69 1 1283568
70 0 1283808
70 1 1283968
69 0 1284016
82 0 1284160
69 1 1284176
82 1 1284304
65 0 1284336
65 1 1284456
84 0 1284544
65 0 1284648
84 1 1284656
65 1 1284752
32 0 1284816
32 1 1284912
65 0 1284960
65 1 1285080
80 0 1285200
80 1 1285320
65 0 1285352
65 1 1285480
82 0 1285656
82 1 1285824
69 0 1285912
69 1 1286040
32 0 1286088
32 1 1286216
73 0 1286328
73 1 1286464
78 0 1286528
78 1 1286624
32 0 1286760
32 1 1286896
8 0 1287344
8 1 1287448
8 0 1287536
8 1 1287616
8 0 1287712
8 1 1287792
80 0 1288296
80 1 1288384
82 0 1288456
82 1 1288568
73 0 1288696
73 1 1288792
78 0 1288856
78 1 1288946
32 0 1289056
32 1 1289136
65 0 1289192
65 1 1289312
80 0 1289704
80 1 1289824
82 0 1289936
82 1 1290032
73 0 1290096
73 1 1290192
76 0 1290312
76 1 1290408
73 0 1290512
73 1 1290616
69 0 1290736
69 1 1290872
189 0 1291048
189 1 1291152
77 0 1291416
77 1 1291520
65 0 1291568
65 1 1291656
73 0 1291696
73 1 1291792
16 0 1304176
16 0 1304676
16 0 1304710
16 0 1304743
16 0 1304775
16 0 1304808
16 0 1304842
16 0 1304874
16 0 1304907
16 0 1304941
16 0 1304973
16 0 1305007
16 0 1305040
16 0 1305072
73 0 1305096
73 1 1305184
16 1 1305232
78 0 1305336
78 1 1305416
32 0 1305496
32 1 1305584
90 0 1305624
90 1 1305712
73 0 1305720
73 1 1305808
85 0 1305888
85 1 1305960
65 0 1305992
65 1 1306088
32 0 1306104
32 1 1306216
73 0 1306288
73 1 1306384
68 0 1306424
68 1 1306560
69 0 1306648
69 1 1306760
65 0 1306832
65 1 1306936
76 0 1307032
76 1 1307144
65 0 1307192
65 1 1307272
32 0 1307320
32 1 1307408
77 0 1307496
77 1 1307592
65 0 1307624
65 1 1307704
32 0 1307760
32 1 1307856
84 0 1307984
82 0 1308144
84 1 1308192
82 1 1308224
69 0 1308456
69 1 1308608
90 0 1308752
90 1 1308864
69 0 1308976
69 1 1309120
83 0 1309296
83 1 1309432
67 0 1309552
67 1 1309648
32 0 1309800
32 1 1309880
70 0 1310632
70 1 1310736
65 0 1310792
65 1 1310888
82 0 1310936
65 0 1311040
82 1 1311080
65 1 1311144
32 0 1311176
32 1 1311256
65 0 1311344
65 1 1311448
76 0 1311464
76 1 1311568
65 0 1311600
65 1 1311712
82 0 1311816
82 1 1311888
77 0 1311944
77 1 1312048
65 0 1312088
65 1 1312176
32 0 1312232
32 1 1312328
80 0 1312472
80 1 1312608
69 0 1312624
69 1 1312744
32 0 1312768
32 1 1312888
76 0 1312936
65 0 1313024
76 1 1313064
65 1 1313136
32 0 1313216
32 1 1313336
79 0 1313448
79 1 1313536
82 0 1313584
82 1 1313704
65 0 1313720
65 1 1313848
32 0 1314216
32 1 1314312
57 0 1314672
57 1 1314792
189 0 1314952
189 1 1315072
49 0 1315432
49 1 1315544
48 0 1315784
48 1 1315872
32 0 1316184
32 1 1316248
83 0 1321192
83 1 1321328
84 0 1321440
84 1 1321576
65 0 1321600
65 1 1321712
85 0 1321768
85 1 1321856
32 0 1321936
32 1 1322032
73 0 1322080
78 0 1322176
73 1 1322192
78 1 1322304
32 0 1322376
32 1 1322496
80 0 1322560
80 1 1322688
65 0 1322712
65 1 1322832
84 0 1322880
84 1 1322992
32 0 1323024
32 1 1323096
79 0 1323496
79 1 1323584
32 0 1323704
32 1 1323808
80 0 1323864
80 1 1323984
69 0 1324024
82 0 1324128
69 1 1324168
82 1 1324248
73 0 1324288
73 1 1324400
79 0 1324481
65 0 1324584
79 1 1324624
65 1 1324704
68 0 1324768
65 0 1324880
68 1 1324920
65 1 1325000
32 0 1325016
32 1 1325112
68 0 1325176
69 0 1325328
68 1 1325344
32 0 1325440
69 1 1325488
32 1 1325544
84 0 1325608
84 1 1325720
73 0 1325736
73 1 1325848
77 0 1325880
77 1 1326032
80 0 1326056
80 1 1326216
32 0 1327448
32 1 1327600
68 0 1327848
69 0 1328000
68 1 1328024
69 1 1328128
32 0 1328136
32 1 1328224
67 0 1328296
65 0 1328424
67 1 1328432
77 0 1328496
65 1 1328536
77 1 1328608
32 0 1328688
32 1 1328792
79 0 1328864
79 1 1328976
32 0 1329048
32 1 1329152
79 0 1329224
79 1 1329328
82 0 1329392
65 0 1329496
82 1 1329504
65 1 1329608
32 0 1331408
32 1 1331472
86 0 1332032
86 1 1332128
69 0 1332226
69 1 1332344
82 0 1332352
82 1 1332472
73 0 1332536
73 1 1332632
70 0 1332688
73 0 1332776
70 1 1332808
73 1 1332872
67 0 1332936
65 0 1333048
67 1 1333064
65 1 1333160
78 0 1333264
78 1 1333328
68 0 1333448
68 1 1333552
32 0 1333616
32 1 1333712
77 0 1333800
77 1 1333880
69 0 1333936
69 1 1334024
83 0 1334136
83 1 1334272
65 0 1334296
65 1 1334408
74 0 1334456
74 1 1334544
69 0 1334584
69 1 1334704
188 0 1335072
188 1 1335192
32 0 1335320
32 1 1335416
85 0 1335664
85 1 1335744
73 0 1335848
73 1 1335952
84 0 1336000
84 1 1336112
65 0 1336152
65 1 1336264
78 0 1336296
78 1 1336400
68 0 1336432
68 1 1336568
85 0 1336624
85 1 1336720
77 0 1336840
77 1 1336920
65 0 1336944
65 1 1337040
32 0 1337064
32 1 1337152
76 0 1337232
76 1 1337328
65 0 1337336
65 1 1337456
32 0 1337504
32 1 1337632
89 0 1337824
89 1 1337928
79 0 1339264
79 1 1339368
85 0 1339672
85 1 1339752
84 0 1339896
84 1 1340000
85 0 1340008
85 1 1340080
66 0 1340448
66 1 1340552
69 0 1340648
69 1 1340760
37 0 1340888
37 0 1341389
37 0 1341422
37 0 1341455
37 0 1341487
37 0 1341521
37 1 1341536
37 0 1341624
37 1 1341712
37 0 1341832
37 1 1341944
8 0 1342304
8 1 1342369
8 0 1342656
8 1 1342776
80 0 1343216
80 1 1343296
69 0 1343312
69 1 1343416
39 0 1343664
39 0 1344164
39 0 1344197
39 0 1344230
39 0 1344263
39 0 1344296
39 0 1344329
39 0 1344362
39 0 1344395
39 0 1344428
39 0 1344461
39 0 1344494
39 1 1344504
32 0 1344728
32 1 1344800
8 0 1346864
8 1 1346976
188 0 1347168
188 1 1347248
32 0 1347344
32 1 1347440
68 0 1350928
68 1 1351056
85 0 1351176
85 1 1351256
80 0 1351440
80 1 1351544
65 0 1351600
65 1 1351680
32 0 1351713
32 1 1351808
67 0 1351848
65 0 1351960
67 1 1351976
65 1 1352072
82 0 1352120
69 0 1352200
82 1 1352280
69 1 1352328
32 0 1352344
32 1 1352424
77 0 1352496
65 0 1352576
77 1 1352584
65 1 1352688
32 0 1352704
32 1 1352792
82 0 1352832
82 1 1352928
73 0 1352984
73 1 1353080
68 0 1353096
68 1 1353184
73 0 1353224
73 1 1353296
67 0 1353344
67 1 1353472
32 0 1353544
32 1 1353616
73 0 1353840
73 1 1353968
8 0 1354168
8 1 1354264
68 0 1354680
68 1 1354792
73 0 1355408
73 1 1355504
78 0 1355568
78 1 1355696
32 0 1355760
32 1 1355880
80 0 1355944
65 0 1356064
80 1 1356088
65 1 1356168
84 0 1356224
84 1 1356328
77 0 1356512
77 1 1356584
8 0 1356912
8 1 1356984
188 0 1357192
188 1 1357280
32 0 1357376
32 1 1357472
77 0 1358840
77 1 1358944
65 0 1358960
65 1 1359056
32 0 1359104
32 1 1359208
83 0 1359368
83 1 1359472
80 0 1359544
80 1 1359648
65 0 1359656
65 1 1359752
76 0 1359856
76 1 1359952
32 0 1360032
32 1 1360136
80 0 1360232
69 0 1360320
80 1 1360344
69 1 1360456
32 0 1360488
70 0 1360568
32 1 1360592
65 0 1360696
70 1 1360704
65 1 1360816
84 0 1360832
65 0 1360936
84 1 1360960
65 1 1361056
188 0 1361496
188 1 1361560
32 0 1361688
32 1 1361776
80 0 1361840
80 1 1361952
69 0 1361960
69 1 1362072
32 0 1362112
68 0 1362216
32 1 1362232
68 1 1362320
73 0 1362336
73 1 1362456
78 0 1362464
78 1 1362584
84 0 1362600
73 0 1362704
84 1 1362712
73 1 1362824
188 0 1363096
188 1 1363200
32 0 1363440
32 1 1363512
77 0 1363752
77 1 1363880
69 0 1363888
69 1 1364008
71 0 1364048
71 1 1364216
8 0 1364392
8 1 1364520
82 0 1364560
71 0 1364632
82 1 1364656
71 1 1364776
32 0 1364832
32 1 1364944
73 0 1365040
73 1 1365168
78 0 1365464
78 1 1365608
32 0 1365704
32 1 1365784
71 0 1365920
71 1 1366000
82 0 1366832
82 1 1366960
65 0 1367008
65 1 1367136
68 0 1367280
68 1 1367384
73 0 1367416
73 1 1367496
78 0 1367536
78 1 1367648
65 0 1367688
65 1 1367800
32 0 1367848
32 1 1367944
67 0 1367984
67 1 1368096
85 0 1368136
85 1 1368224
76 0 1368360
76 1 1368464
69 0 1368512
69 1 1368632
71 0 1368728
71 1 1368856
32 0 1368872
32 1 1368968
78 0 1369096
73 0 1369184
78 1 1369208
73 1 1369312
83 0 1369328
83 1 1369448
84 0 1369496
84 1 1369648
69 0 1369672
69 1 1369800
32 0 1369840
32 1 1369936
73 0 1370208
73 1 1370280
78 0 1370376
78 1 1370496
71 0 1370872
71 1 1371056
82 0 1371216
82 1 1371328
69 0 1371448
69 1 1371544
68 0 1371672
68 1 1371816
73 0 1371880
73 1 1371976
69 0 1372048
69 1 1372168
78 0 1372184
78 1 1372272
84 0 1372312
69 0 1372440
84 1 1372448
69 1 1372544
32 0 1372616
32 1 1372728
83 0 1372768
83 1 1372856
73 0 1373056
73 1 1373256
32 0 1373352
32 1 1373472
70 0 1373744
70 1 1373896
65 0 1373960
65 1 1374104
67 0 1374160
67 1 1374264
32 0 1374320
32 1 1374400
77 0 1374520
77 1 1374616
73 0 1374672
73 1 1374784
67 0 1374800
67 1 1374904
32 0 1374928
32 1 1375016
68 0 1375080
68 1 1375224
69 0 1375248
69 1 1375400
74 0 1375416
74 1 1375544
85 0 1375728
85 1 1375896
78 0 1376424
78 1 1376512
188 0 1376896
188 1 1376952
32 0 1377064
32 1 1377160
68 0 1377224
68 1 1377336
85 0 1377376
85 1 1377480
80 0 1377608
80 1 1377728
65 0 1377760
65 1 1377864
32 0 1377888
32 1 1377992
67 0 1378024
65 0 1378152
67 1 1378160
65 1 1378272
82 0 1378312
69 0 1378400
82 1 1378472
69 1 1378528
32 0 1378648
32 1 1378744
77 0 1378872
77 1 1378976
65 0 1379496
65 1 1379584
32 0 1379736
32 1 1379832
73 0 1380088
73 1 1380192
78 0 1380240
78 1 1380352
84 0 1380432
84 1 1380528
65 0 1380608
65 1 1380704
76 0 1380840
76 1 1380968
78 0 1381056
78 1 1381176
69 0 1381288
69 1 1381400
83 0 1381496
83 1 1381616
67 0 1381664
67 1 1381768
32 0 1381848
32 1 1381984
67 0 1382016
67 1 1382128
85 0 1382152
85 1 1382232
32 0 1382336
32 1 1382496
78 0 1382840
78 1 1382936
73 0 1382976
73 1 1383072
83 0 1383096
83 1 1383224
84 0 1383288
69 0 1383392
84 1 1383432
69 1 1383528
32 0 1383528
32 1 1383624
80 0 1383744
80 1 1383872
82 0 1383888
82 1 1384008
73 0 1384032
73 1 1384112
69 0 1384160
69 1 1384272
84 0 1384376
84 1 1384504
69 0 1384504
69 1 1384616
78 0 1384704
78 1 1384816
73 0 1384896
73 1 1385016
32 0 1385080
32 1 1385168
73 0 1385192
78 0 1385296
73 1 1385312
78 1 1385416
32 0 1385496
32 1 1385592
79 0 1385648
79 1 1385776
82 0 1385792
82 1 1385888
65 0 1385904
65 1 1386016
83 0 1386136
83 1 1386248
32 0 1387000
32 1 1387064
76 0 1387800
76 1 1387880
65 0 1388008
65 1 1388120
32 0 1388176
32 1 1388272
80 0 1388392
80 1 1388488
82 0 1388528
82 1 1388656
65 0 1388680
65 1 1388800
78 0 1388864
78 1 1388944
90 0 1389016
90 1 1389112
188 0 1389432
188 1 1389488
32 0 1389592
32 1 1389680
77 0 1390392
77 1 1390448
8 0 1392064
8 1 1392216
68 0 1392896
68 1 1392976
85 0 1393032
85 1 1393112
80 0 1393264
80 1 1393352
65 0 1393440
32 0 1393544
65 1 1393552
32 1 1393648
67 0 1393696
67 1 1393848
65 0 1393880
65 1 1394008
82 0 1394104
69 0 1394208
82 1 1394288
69 1 1394336
32 0 1394408
32 1 1394504
77 0 1394664
77 1 1394784
69 0 1394816
82 0 1394944
69 1 1394960
82 1 1395056
71 0 1395160
71 1 1395304
32 0 1395496
32 1 1395576
83 0 1395864
83 1 1395992
69 0 1396120
69 1 1396248
65 0 1396272
65 1 1396384
82 0 1396408
65 0 1396520
82 1 1396544
65 1 1396640
32 0 1396744
32 1 1396872
76 0 1397256
76 1 1397312
65 0 1397336
65 1 1397432
32 0 1397496
32 1 1397568
83 0 1397592
65 0 1397680
83 1 1397760
65 1 1397808
76 0 1397992
76 1 1398072
65 0 1398080
65 1 1398168
188 0 1402664
188 1 1402704
32 0 1402840
32 1 1402976
65 0 1403000
65 1 1403128
74 0 1403160
74 1 1403264
85 0 1403304
85 1 1403424
78 0 1403464
78 1 1403576
71 0 1403600
71 1 1403704
32 0 1403720
32 1 1403824
73 0 1403888
78 0 1403984
73 1 1404016
78 1 1404104
65 0 1404112
65 1 1404200
80 0 1404288
80 1 1404400
79 0 1404472
79 1 1404568
73 0 1404672
73 1 1404768
32 0 1404848
32 1 1404944
65 0 1404984
65 1 1405064
67 0 1405176
67 1 1405296
65 0 1405360
65 1 1405440
83 0 1405520
65 0 1405656
83 1 1405704
65 1 1405760
188 0 1405880
188 1 1405976
32 0 1406088
32 1 1406168
73 0 1406280
73 1 1406400
65 0 1406424
65 1 1406528
85 0 1406568
85 1 1406656
32 0 1406712
32 1 1406824
67 0 1406856
67 1 1406952
73 0 1406984
73 1 1407088
78 0 1407104
78 1 1407208
65 0 1407280
65 1 1407392
32 0 1408000
32 1 1408104
83 0 1408224
83 1 1408312
73 0 1408368
73 1 1408456
32 0 1408816
32 1 1409016
77 0 1411928
77 1 1412024
65 0 1412168
65 1 1412272
32 0 1412312
32 1 1412400
74 0 1412536
74 1 1412656
79 0 1412672
79 1 1412792
67 0 1412856
67 1 1412968
32 0 1412992
32 1 1413064
80 0 1413168
80 1 1413288
69 0 1413304
32 0 1413408
69 1 1413416
32 1 1413512
67 0 1413560
65 0 1413704
67 1 1413712
65 1 1413808
76 0 1413896
76 1 1414024
67 0 1414544
67 1 1414640
85 0 1414728
85 1 1414832
76 0 1415240
76 1 1415320
65 0 1415400
65 1 1415504
84 0 1415792
84 1 1415920
79 0 1415960
79 1 1416056
82 0 1416112
82 1 1416200
32 0 1416408
32 1 1416536
67 0 1416592
67 1 1416696
85 0 1416712
85 1 1416816
32 0 1416904
32 1 1417000
65 0 1417064
65 1 1417168
76 0 1417368
76 1 1417520
84 0 1417560
84 1 1417664
73 0 1417688
73 1 1417816
32 0 1417896
32 1 1417992
80 0 1418208
80 1 1418336
82 0 1418416
82 1 1418504
73 0 1418528
73 1 1418656
69 0 1418720
69 1 1418848
84 0 1419016
84 1 1419144
69 0 1419192
69 1 1419304
78 0 1419416
78 1 1419552
73 0 1419624
73 1 1419832
188 0 1420320
188 1 1420432
32 0 1420736
32 1 1420800
65 0 1420904
65 1 1420992
83 0 1421072
84 0 1421200
83 1 1421216
65 0 1421320
84 1 1421344
65 1 1421416
32 0 1421560
32 1 1421704
69 0 1421904
69 1 1422008
32 0 1422088
32 1 1422232
79 0 1422344
79 1 1422472
32 0 1422576
32 1 1422680
90 0 1422688
90 1 1422784
73 0 1422800
73 1 1422944
32 0 1423024
32 1 1423144
82 0 1425360
82 1 1425472
69 0 1425536
69 1 1425640
76 0 1425720
76 1 1425832
65 0 1425856
65 1 1425960
88 0 1426064
88 1 1426184
65 0 1426280
65 1 1426376
84 0 1426488
65 0 1426568
84 1 1426608
65 1 1426688
32 0 1426728
32 1 1426832
68 0 1426896
69 0 1427008
68 1 1427072
32 0 1427120
69 1 1427136
32 1 1427216
86 0 1427256
65 0 1427368
86 1 1427392
65 1 1427504
82 0 1427528
65 0 1427648
82 1 1427688
65 1 1427768
16 0 1466496
83 0 1466696
83 1 1466808
16 1 1466848
73 0 1466976
73 1 1467072
83 0 1467104
83 1 1467224
84 0 1467320
69 0 1467432
84 1 1467464
69 1 1467552
77 0 1467568
77 1 1467696
85 0 1467960
85 1 1468056
76 0 1468208
76 1 1468328
32 0 1468408
32 1 1468512
68 0 1468544
69 0 1468672
68 1 1468736
69 1 1468808
32 0 1468840
32 1 1469000
8 0 1469304
8 1 1469408
8 0 1469496
8 1 1469552
8 0 1469648
8 1 1469728
69 0 1469976
69 1 1470096
68 0 1470144
68 1 1470288
85 0 1470560
85 1 1470640
67 0 1470704
67 1 1470832
65 0 1470840
65 1 1470952
84 0 1470968
84 1 1471064
73 0 1471080
73 1 1471152
79 0 1471224
79 1 1471312
78 0 1471376
78 1 1471464
65 0 1471528
65 1 1471600
76 0 1471624
76 1 1471720
32 0 1471784
32 1 1471904
68 0 1471912
73 0 1471992
68 1 1472016
73 1 1472104
78 0 1472152
78 1 1472248
32 0 1472336
32 1 1472424
82 0 1472456
82 1 1472536
79 0 1472544
79 1 1472656
77 0 1472656
65 0 1472776
77 1 1472808
65 1 1472880
73 0 1473056
73 1 1473184
78 0 1473216
78 1 1473320
8 0 1473456
8 1 1473576
8 0 1473632
8 1 1473728
78 0 1474720
78 1 1474824
73 0 1474848
73 1 1474968
65 0 1475000
65 1 1475104
32 0 1475176
32 1 1475264
69 0 1475352
69 1 1475456
32 0 1475480
32 1 1475576
79 0 1475664
79 1 1475768
32 0 1475856
32 1 1475952
67 0 1476008
67 1 1476112
79 0 1476152
79 1 1476240
77 0 1476304
77 1 1476448
66 0 1476512
66 1 1476616
73 0 1476672
73 1 1476760
78 0 1476808
78 1 1476904
65 0 1476944
65 1 1477056
84 0 1477152
84 1 1477240
73 0 1477264
73 1 1477384
69 0 1477424
69 1 1477536
32 0 1477664
32 1 1477808
68 0 1479032
69 0 1479152
68 1 1479208
32 0 1479280
69 1 1479296
32 1 1479408
66 0 1479496
66 1 1479608
85 0 1479632
85 1 1479736
65 0 1479880
78 0 1479936
65 1 1479968
78 1 1480040
8 0 1480248
8 1 1480336
8 0 1480416
8 1 1480504
8 0 1480584
8 1 1480640
8 0 1480744
8 1 1480840
8 0 1480912
8 1 1481016
8 0 1481168
8 1 1481296
8 0 1481520
8 1 1481616
68 0 1481912
69 0 1482040
68 1 1482072
69 1 1482144
32 0 1482160
32 1 1482248
80 0 1482368
80 1 1482456
80 0 1482496
80 1 1482544
8 0 1483488
8 1 1483568
82 0 1483664
82 1 1483776
65 0 1483792
65 1 1483912
67 0 1484008
67 1 1484120
84 0 1484232
84 1 1484336
73 0 1484368
73 1 1484480
67 0 1484504
73 0 1484568
67 1 1484616
73 1 1484672
32 0 1484752
66 0 1484848
32 1 1484856
66 1 1484960
85 0 1485008
85 1 1485104
78 0 1485112
78 1 1485240
69 0 1485296
69 1 1485409
32 0 1485441
32 1 1485513
83 0 1485545
83 1 1485633
73 0 1485649
73 1 1485745
32 0 1485817
32 1 1485905
80 0 1486001
80 1 1486121
82 0 1486153
82 1 1486265
65 0 1486313
65 1 1486441
67 0 1486505
67 1 1486609
84 0 1486721
84 1 1486809
73 0 1486833
73 1 1486921
67 0 1486985
73 0 1487041
67 1 1487097
73 1 1487161
32 0 1487249
32 1 1487353
73 0 1487417
78 0 1487505
73 1 1487521
78 1 1487625
71 0 1487705
71 1 1487873
82 0 1487905
82 1 1488025
79 0 1488041
79 1 1488153
90 0 1488209
90 1 1488297
73 0 1488353
73 1 1488457
84 0 1488593
84 1 1488705
79 0 1488889
79 1 1488993
65 0 1489041
65 1 1489145
82 0 1489217
69 0 1489321
82 1 1489377
69 1 1489457
188 0 1489817
188 1 1489873
32 0 1489977
32 1 1490049
80 0 1490769
80 1 1490889
82 0 1491641
82 1 1491753
73 0 1492585
73 1 1492681
78 0 1492721
78 1 1492825
84 0 1492913
82 0 1493017
84 1 1493081
82 1 1493161
69 0 1493233
69 1 1493353
32 0 1493369
32 1 1493465
80 0 1493553
80 1 1493665
82 0 1493761
82 1 1493897
65 0 1493945
65 1 1494073
67 0 1494241
67 1 1494345
84 0 1494473
84 1 1494537
73 0 1494633
73 1 1494737
67 0 1494769
73 0 1494865
67 1 1494873
73 1 1494937
76 0 1495065
76 1 1495145
69 0 1495177
69 1 1495273
32 0 1495321
32 1 1495433
66 0 1495489
66 1 1495601
85 0 1495617
85 1 1495713
78 0 1495729
78 1 1495849
69 0 1495881
69 1 1495993
32 0 1496049
32 1 1496145
83 0 1496161
83 1 1496257
69 0 1496513
69 1 1496657
32 0 1496777
32 1 1496897
78 0 1497017
78 1 1497129
85 0 1497153
85 1 1497233
77 0 1497313
77 1 1497417
65 0 1497505
65 1 1497609
82 0 1498121
65 0 1498225
82 1 1498249
65 1 1498329
32 0 1498409
32 1 1498497
83 0 1498577
83 1 1498673
69 0 1498769
69 1 1498889
82 0 1499017
82 1 1499129
73 0 1499241
73 1 1499321
79 0 1499401
79 1 1499521
90 0 1499585
90 1 1499689
73 0 1499753
73 1 1499849
84 0 1499929
84 1 1500017
65 0 1500121
65 1 1500217
84 0 1500337
84 1 1500457
69 0 1500537
65 0 1500697
69 1 1500721
65 1 1500833
32 0 1501265
32 1 1501481
65 0 1501737
65 1 1501833
67 0 1502241
67 1 1502377
79 0 1502441
79 1 1502545
82 0 1502585
82 1 1502713
68 0 1502953
68 1 1503065
65 0 1503185
65 1 1503289
84 0 1503377
65 0 1503489
84 1 1503505
65 1 1503609
32 0 1503729
32 1 1503849
65 0 1503937
65 1 1504065
78 0 1504177
78 1 1504313
85 0 1504313
85 1 1504457
77 0 1504513
77 1 1504681
73 0 1504681
73 1 1504825
84 0 1504921
84 1 1505025
79 0 1505057
79 1 1505185
82 0 1505241
82 1 1505361
32 0 1505409
32 1 1505537
83 0 1505545
83 1 1505649
85 0 1505761
85 1 1505857
66 0 1505913
66 1 1506025
73 0 1506041
73 1 1506129
69 0 1506209
69 1 1506329
67 0 1506417
67 1 1506521
84 0 1506633
84 1 1506785
69 0 1506801
69 1 1506977
32 0 1507977
32 1 1508025
83 0 1508425
83 1 1508521
73 0 1509473
73 1 1509641
32 0 1510401
32 1 1510513
83 0 1510673
83 1 1510817
32 0 1513105
32 1 1513201
67 0 1513273
67 1 1513369
72 0 1513409
72 1 1513497
73 0 1513537
73 1 1513625
65 0 1514065
65 1 1514177
82 0 1514201
82 1 1514297
32 0 1514369
32 1 1514425
83 0 1514537
83 1 1514641
84 0 1514761
84 1 1514889
82 0 1514905
82 1 1514977
73 0 1515081
73 1 1515161
67 0 1515209
67 1 1515329
84 0 1515561
84 1 1515713
69 0 1515817
69 1 1515945
84 0 1516137
84 1 1516289
69 0 1516321
65 0 1516473
69 1 1516513
65 1 1516593
90 0 1516721
90 1 1516817
8 0 1517289
8 1 1517401
32 0 1517489
32 1 1517569
67 0 1517697
85 0 1517793
67 1 1517801
85 1 1517881
32 0 1517993
32 1 1518105
67 0 1518177
67 1 1518313
65 0 1518353
65 1 1518457
82 0 1518521
69 0 1518617
82 1 1518665
69 1 1518745
32 0 1518761
32 1 1518849
83 0 1519361
83 1 1519481
85 0 1519617
85 1 1519705
78 0 1519737
78 1 1519849
84 0 1519857
84 1 1519969
32 0 1520033
32 1 1520137
82 0 1520177
82 1 1520265
8 0 1520497
8 1 1520601
84 0 1520657
82 0 1520777
84 1 1520825
82 1 1520889
65 0 1521017
65 1 1521137
84 0 1521201
84 1 1521305
65 0 1521385
65 1 1521481
84 0 1521609
84 1 1521729
69 0 1521793
69 1 1521921
32 0 1522321
32 1 1522433
80 0 1522681
80 1 1522793
73 0 1522969
73 1 1523105
8 0 1523265
8 1 1523385
82 0 1523425
82 1 1523537
73 0 1523633
73 1 1523745
78 0 1523793
78 1 1523881
84 0 1523897
82 0 1524049
84 1 1524057
82 1 1524161
69 0 1524265
32 0 1524361
69 1 1524369
32 1 1524457
80 0 1524681
80 1 1524825
82 0 1524929
82 1 1525057
65 0 1525081
65 1 1525209
67 0 1525337
67 1 1525449
84 0 1525561
84 1 1525657
73 0 1525705
73 1 1525809
67 0 1525857
73 0 1525953
67 1 1525961
73 1 1526049
76 0 1526153
76 1 1526257
69 0 1526289
69 1 1526409
32 0 1526433
32 1 1526537
82 0 1526569
82 1 1526673
69 0 1526697
69 1 1526793
76 0 1526833
69 0 1526953
76 1 1526961
69 1 1527057
32 0 1527161
32 1 1527297
83 0 1527345
83 1 1527457
69 0 1527617
69 1 1527745
32 0 1527977
32 1 1528081
78 0 1528217
78 1 1528345
85 0 1528369
85 1 1528481
77 0 1528545
77 1 1528689
65 0 1528697
65 1 1528825
82 0 1528849
65 0 1528953
82 1 1529001
65 1 1529065
32 0 1529705
32 1 1529801
76 0 1534289
76 1 1534377
73 0 1534489
73 1 1534569
80 0 1534697
80 1 1534785
83 0 1534865
65 0 1535025
83 1 1535073
65 1 1535169
32 0 1535441
32 1 1535545
85 0 1535649
85 1 1535753
78 0 1535785
78 1 1535905
69 0 1535937
73 0 1536025
69 1 1536049
73 1 1536145
32 0 1536241
32 1 1536321
80 0 1536441
80 1 1536561
82 0 1536601
69 0 1536729
82 1 1536769
69 1 1536865
71 0 1537017
71 1 1537145
65 0 1537201
65 1 1537321
84 0 1537369
84 1 1537465
73 0 1537585
73 1 1537705
67 0 1537777
67 1 1537849
8 0 1538345
8 1 1538449
82 0 1538505
82 1 1538577
73 0 1538641
73 1 1538737
32 0 1538817
32 1 1538913
80 0 1539065
80 1 1539177
69 0 1539201
69 1 1539313
78 0 1539337
84 0 1539441
78 1 1539449
82 0 1539497
84 1 1539585
85 0 1539601
82 1 1539633
85 1 1539729
32 0 1539833
32 1 1539945
73 0 1540297
73 1 1540345
8 0 1540673
8 1 1540761
86 0 1540897
86 1 1541025
73 0 1541049
73 1 1541129
65 0 1541201
65 1 1541313
84 0 1541361
65 0 1541457
84 1 1541473
65 1 1541577
32 0 1541633
32 1 1541753
82 0 1541833
82 1 1541993
69 0 1542001
65 0 1542113
69 1 1542177
65 1 1542225
76 0 1542305
76 1 1542425
65 0 1542457
65 1 1542569
188 0 1542857
188 1 1542921
32 0 1543041
32 1 1543169
73 0 1544337
73 1 1544441
78 0 1544473
78 1 1544553
32 0 1544641
32 1 1544721
83 0 1544793
83 1 1544857
73 0 1544889
73 1 1545025
83 0 1545089
83 1 1545193
84 0 1545353
84 1 1545488
69 0 1545512
69 1 1545632
77 0 1545744
77 1 1545864
85 0 1545968
85 1 1546048
76 0 1546160
76 1 1546256
32 0 1546328
32 1 1546440
69 0 1546464
69 1 1546568
68 0 1546656
68 1 1546792
85 0 1546840
85 1 1546920
67 0 1546968
67 1 1547088
65 0 1547160
65 1 1547280
84 0 1547408
84 1 1547528
73 0 1547736
73 1 1547824
79 0 1547936
79 1 1548056
78 0 1548136
78 1 1548224
65 0 1548272
65 1 1548376
76 0 1548392
76 1 1548488
32 0 1548584
32 1 1548696
78 0 1548832
78 1 1548960
85 0 1549048
85 1 1549144
32 0 1549248
32 1 1549344
83 0 1549408
83 1 1549480
69 0 1549544
69 1 1549688
8 0 1549784
8 1 1549880
8 0 1549944
8 1 1550024
69 0 1550104
83 0 1550232
69 1 1550248
83 1 1550352
84 0 1550520
84 1 1550648
69 0 1550664
69 1 1550784
32 0 1550824
32 1 1550960
73 0 1551472
73 1 1551568
78 0 1551624
78 1 1551712
67 0 1551760
67 1 1551864
85 0 1551888
85 1 1551992
82 0 1552040
82 1 1552152
65 0 1552216
65 1 1552336
74 0 1552440
74 1 1552560
65 0 1552584
65 1 1552712
84 0 1552792
84 1 1552888
32 0 1553432
32 1 1553520
68 0 1553560
69 0 1553664
68 1 1553776
69 1 1553816
76 0 1553912
76 1 1554008
79 0 1554120
79 1 1554208
67 0 1554224
67 1 1554312
32 0 1554376
32 1 1554464
83 0 1554712
65 0 1554824
83 1 1554896
65 1 1554936
32 0 1554944
32 1 1555016
71 0 1555184
71 1 1555312
65 0 1555368
65 1 1555472
78 0 1555504
78 1 1555600
68 0 1555624
68 1 1555776
69 0 1555888
69 1 1555992
83 0 1556080
83 1 1556200
84 0 1556240
84 1 1556352
73 0 1556400
73 1 1556528
32 0 1556664
32 1 1556752
76 0 1556816
76 1 1556920
73 0 1557016
73 1 1557128
66 0 1557152
66 1 1557272
69 0 1557368
82 0 1557464
69 1 1557472
82 1 1557584
32 0 1557640
32 1 1557736
80 0 1557848
80 1 1557968
69 0 1558000
69 1 1558128
82 0 1558168
82 1 1558288
8 0 1558600
8 1 1558728
78 0 1558848
78 1 1558984
84 0 1559144
84 1 1559280
82 0 1559384
82 1 1559528
85 0 1559536
85 1 1559640
32 0 1559752
32 1 1559856
84 0 1559888
84 1 1560000
73 0 1560080
73 1 1560176
78 0 1560248
78 1 1560320
69 0 1560352
69 1 1560472
32 0 1561256
32 1 1561320
8 0 1561648
8 1 1561752
32 0 1562928
32 1 1562992
83 0 1563168
83 1 1563264
73 0 1563288
73 1 1563408
32 0 1563488
32 1 1563592
83 0 1570504
65 0 1570632
83 1 1570720
65 1 1570752
32 0 1570816
32 1 1570904
73 0 1579280
73 1 1579400
78 0 1579440
78 1 1579528
67 0 1579624
67 1 1579752
69 0 1579824
82 0 1579952
69 1 1579960
82 1 1580048
67 0 1580184
67 1 1580296
73 0 1580320
73 1 1580424
32 0 1580520
32 1 1580600
76 0 1580704
76 1 1580800
85 0 1580928
85 1 1581008
67 0 1581024
67 1 1581120
76 0 1581184
76 1 1581280
85 0 1581376
85 1 1581464
73 0 1581632
73 1 1581728
8 0 1581936
8 1 1582024
82 0 1582072
82 1 1582168
73 0 1582184
73 1 1582296
32 0 1582392
32 1 1582488
78 0 1582688
78 1 1582816
79 0 1582840
79 1 1582968
73 0 1583048
73 1 1583152
32 0 1583224
32 1 1583320
67 0 1583344
67 1 1583456
72 0 1583472
72 1 1583584
73 0 1583632
65 0 1583752
73 1 1583784
82 0 1583880
65 1 1583904
82 1 1583992
32 0 1584016
32 1 1584104
68 0 1584144
65 0 1584232
68 1 1584272
65 1 1584352
67 0 1584408
65 0 1584520
67 1 1584568
65 1 1584624
32 0 1584672
32 1 1584784
80 0 1585080
80 1 1585256
79 0 1585400
79 1 1585496
84 0 1585592
84 1 1585688
73 0 1585696
73 1 1585792
32 0 1585864
32 1 1585960
71 0 1586040
71 1 1586208
82 0 1586256
82 1 1586368
69 0 1586456
69 1 1586568
73 0 1586632
73 1 1586712
8 0 1586936
8 1 1587040
83 0 1587080
83 1 1587184
73 0 1587208
73 1 1587320
190 0 1588064
190 1 1588128
32 0 1588256
32 1 1588320
16 0 1588424
16 0 1588924
16 0 1588957
16 0 1588990
16 0 1589023
16 0 1589055
16 0 1589088
16 0 1589121
16 0 1589154
16 0 1589187
16 0 1589221
16 0 1589254
16 0 1589287
16 0 1589320
16 0 1589352
16 0 1589385
16 0 1589418
16 0 1589452
16 0 1589485
16 0 1589517
16 0 1589551
16 0 1589584
16 0 1589616
16 0 1589650
16 0 1589683
16 0 1589715
16 0 1589749
16 0 1589782
16 0 1589814
16 0 1589848
16 0 1589881
16 0 1589913
16 0 1589947
16 0 1589980
16 0 1590012
16 0 1590046
16 0 1590079
16 0 1590111
16 0 1590144
16 0 1590178
16 0 1590211
16 0 1590243
16 0 1590277
16 0 1590310
16 0 1590343
16 0 1590376
16 0 1590408
16 0 1590441
16 0 1590475
16 0 1590508
16 0 1590540
16 0 1590574
16 0 1590606
16 0 1590639
16 0 1590673
16 0 1590705
16 0 1590738
16 0 1590771
16 0 1590804
16 0 1590837
16 0 1590870
16 0 1590903
16 0 1590936
16 0 1590970
16 0 1591002
16 0 1591035
16 0 1591068
16 0 1591101
80 0 1591104
16 1 1591208
80 1 1591240
69 0 1591440
69 1 1591528
78 0 1591616
78 1 1591720
84 0 1591904
84 1 1592056
82 0 1592104
82 1 1592208
85 0 1592224
85 1 1592320
32 0 1592432
32 1 1592536
65 0 1592560
65 1 1592656
32 0 1592704
32 1 1592808
82 0 1593048
82 1 1593184
69 0 1593256
69 1 1593368
77 0 1593456
69 0 1593592
77 1 1593600
69 1 1593736
68 0 1593832
68 1 1593952
73 0 1593968
73 1 1594048
65 0 1594104
65 1 1594200
32 0 1594248
32 1 1594360
83 0 1594400
83 1 1594488
73 0 1594536
73 1 1594624
83 0 1594656
83 1 1594768
84 0 1594872
84 1 1594992
69 0 1595040
69 1 1595136
77 0 1595168
77 1 1595264
85 0 1595352
85 1 1595440
76 0 1595584
76 1 1595656
32 0 1595784
65 0 1595888
32 1 1595904
82 0 1596016
65 1 1596032
82 1 1596136
32 0 1596152
32 1 1596264
84 0 1596288
84 1 1596440
82 0 1596448
82 1 1596576
69 0 1596656
69 1 1596776
66 0 1596856
66 1 1596944
85 0 1597048
85 1 1597112
73 0 1597352
73 1 1597488
73 0 1597552
73 1 1597664
32 0 1597736
32 1 1597840
65 0 1597864
65 1 1597968
80 0 1598088
80 1 1598208
76 0 1598352
76 1 1598456
73 0 1599056
73 1 1599216
67 0 1599400
67 1 1599544
65 0 1599600
65 1 1599752
84 0 1599848
69 0 1599984
84 1 1600000
32 0 1600104
69 1 1600112
82 0 1600208
32 1 1600224
69 0 1600328
82 1 1600344
69 1 1600472
71 0 1600512
71 1 1600640
85 0 1600648
85 1 1600736
76 0 1601112
76 1 1601200
65 0 1601240
65 1 1601352
77 0 1601424
77 1 1601544
69 0 1601592
78 0 1601696
69 1 1601720
78 1 1601808
84 0 1601888
69 0 1602008
84 1 1602024
69 1 1602136
76 0 1602368
76 1 1602496
69 0 1602512
69 1 1602600
32 0 1602624
32 1 1602744
69 0 1602784
69 1 1602888
88 0 1603008
88 1 1603112
73 0 1603368
73 1 1603504
83 0 1603632
83 1 1603760
84 0 1603824
84 1 1603984
69 0 1604000
69 1 1604136
78 0 1604232
78 1 1604336
84 0 1604392
84 1 1604520
69 0 1604560
69 1 1604640
32 0 1604760
32 1 1604864
83 0 1604944
83 1 1605048
73 0 1605056
73 1 1605168
32 0 1605256
32 1 1605328
65 0 1608368
65 1 1608496
82 0 1608560
82 1 1608664
32 0 1608712
32 1 1608800
84 0 1608872
84 1 1609024
82 0 1609120
82 1 1609240
69 0 1609328
69 1 1609448
66 0 1609544
66 1 1609640
85 0 1609664
85 1 1609744
73 0 1609944
73 1 1610016
73 0 1610080
73 1 1610168
32 0 1610280
83 0 1610344
32 1 1610360
65 0 1610488
83 1 1610528
65 1 1610576
32 0 1610584
32 1 1610688
70 0 1610960
70 1 1611120
73 0 1611256
73 1 1611384
69 0 1611440
69 1 1611568
32 0 1611632
32 1 1611744
80 0 1611888
80 1 1612000
69 0 1612040
82 0 1612176
69 1 1612200
82 1 1612288
83 0 1612376
83 1 1612472
8 0 1612800
8 1 1612904
8 0 1613360
8 1 1613464
8 0 1613576
8 1 1613656
8 0 1613824
8 1 1613864
65 0 1614232
65 1 1614336
67 0 1614480
67 1 1614608
8 0 1615120
8 1 1615200
8 0 1615440
8 1 1615544
79 0 1615952
79 1 1616008
69 0 1616072
69 1 1616160
8 0 1616344
8 1 1616488
8 0 1616544
8 1 1616632
8 0 1616776
8 1 1616824
32 0 1617144
32 1 1617232
80 0 1617376
80 1 1617440
69 0 1617528
69 1 1617640
82 0 1617720
82 1 1617832
77 0 1617984
77 1 1618080
73 0 1618176
73 1 1618256
83 0 1618328
69 0 1618456
83 1 1618488
69 1 1618601
32 0 1618601
32 1 1618696
65 0 1618760
65 1 1618856
78 0 1618920
78 1 1619024
85 0 1619064
85 1 1619144
77 0 1619232
77 1 1619368
73 0 1619384
73 1 1619504
84 0 1619568
84 1 1619712
69 0 1619728
69 1 1619824
32 0 1619840
32 1 1619952
71 0 1620008
71 1 1620184
82 0 1620208
82 1 1620304
69 0 1620416
69 1 1620536
83 0 1620616
83 1 1620720
69 0 1620824
69 1 1620936
76 0 1621088
76 1 1621200
73 0 1621304
73 1 1621408
32 0 1621568
32 1 1621656
70 0 1621712
70 1 1621872
65 0 1622040
65 1 1622176
67 0 1622448
67 1 1622576
85 0 1622592
85 1 1622696
84 0 1622792
84 1 1622936
69 0 1622952
69 1 1623056
32 0 1623080
32 1 1623200
68 0 1623224
68 1 1623344
73 0 1623344
73 1 1623464
78 0 1623472
78 1 1623616
32 0 1623800
32 1 1624024
67 0 1624112
67 1 1624256
85 0 1624280
85 1 1624400
82 0 1624584
82 1 1624704
73 0 1624744
73 1 1624824
79 0 1624928
79 1 1625080
90 0 1625288
90 1 1625392
73 0 1625432
73 1 1625536
84 0 1625664
84 1 1625776
65 0 1625856
65 1 1625976
84 0 1626096
84 1 1626256
69 0 1626320
69 1 1626432
8 0 1627272
8 1 1627744
69 0 1628480
69 1 1628592
65 0 1629144
65 1 1629256
32 0 1629376
32 1 1629464
68 0 1629560
69 0 1629656
68 1 1629728
32 0 1629736
69 1 1629776
32 1 1629848
65 0 1629928
32 0 1630016
65 1 1630024
32 1 1630120
73 0 1630272
73 1 1630408
78 0 1630472
78 1 1630584
67 0 1630616
67 1 1630776
69 0 1630848
82 0 1630976
69 1 1631048
82 1 1631072
67 0 1631264
65 0 1631376
67 1 1631400
65 1 1631488
32 0 1631560
32 1 1631680
67 0 1631784
69 0 1631952
67 1 1631960
69 1 1632056
86 0 1632128
65 0 1632248
86 1 1632256
65 1 1632344
32 0 1632400
32 1 1632488
78 0 1632624
78 1 1632712
79 0 1632792
79 1 1632912
85 0 1633008
85 1 1633112
190 0 1634328
190 1 1634400
32 0 1634536
32 1 1634600
16 0 1635328
16 1 1635736
16 0 1636288
16 1 1636640
8 0 1636736
8 1 1636864
8 0 1637088
8 1 1637224
190 0 1638120
190 1 1638184
16 0 1657776
16 0 1658276
16 0 1658309
16 0 1658343
16 0 1658374
16 0 1658408
16 0 1658441
16 0 1658473
16 0 1658507
16 0 1658540
16 0 1658573
16 0 1658605
16 0 1658639
16 0 1658672
16 0 1658705
16 0 1658738
16 0 1658770
16 0 1658804
16 0 1658837
16 0 1658869
16 0 1658903
80 0 1658904
80 1 1658984
16 1 1659072
73 0 1659216
73 1 1659280
67 0 1659376
67 1 1659464
84 0 1659584
84 1 1659696
85 0 1659720
85 1 1659808
82 0 1659848
82 1 1659976
65 0 1660024
65 1 1660112
32 0 1660184
32 1 1660288
83 0 1660552
83 1 1660704
8 0 1660848
8 1 1660960
69 0 1661016
69 1 1661128
83 0 1661168
83 1 1661288
84 0 1661384
84 1 1661512
69 0 1661584
69 1 1661672
32 0 1661760
32 1 1661864
85 0 1661976
85 1 1662072
78 0 1662112
78 1 1662240
65 0 1662272
65 1 1662344
32 0 1662448
32 1 1662552
79 0 1662640
79 1 1662776
70 0 1662800
70 1 1662888
8 0 1663000
8 1 1663088
8 0 1663160
8 1 1663248
70 0 1663376
70 1 1663480
79 0 1663672
79 1 1663816
65 0 1663904
65 1 1664048
82 0 1664048
82 1 1664152
84 0 1664248
84 1 1664376
69 0 1664408
69 1 1664480
32 0 1664680
32 1 1664808
68 0 1664904
68 1 1665008
69 0 1665112
69 1 1665232
84 0 1665320
84 1 1665424
65 0 1665488
65 1 1665608
76 0 1665696
76 1 1665808
73 0 1665912
73 1 1666024
65 0 1666040
65 1 1666160
84 0 1666192
84 1 1666320
65 0 1666384
65 1 1666496
188 0 1667352
188 1 1667416
32 0 1667528
32 1 1667608
80 0 1668520
80 1 1668664
65 0 1668984
65 1 1669168
82 0 1669272
82 1 1669408
69 0 1669456
69 1 1669584
32 0 1669624
32 1 1669768
65 0 1669776
65 1 1669880
32 0 1670032
32 1 1670192
70 0 1670208
70 1 1670312
73 0 1670368
73 1 1670496
32 0 1670592
32 1 1670728
68 0 1671496
68 1 1671632
8 0 1672128
8 1 1672160
68 0 1672624
68 1 1672800
69 0 1672840
69 1 1673008
83 0 1673544
83 1 1673688
8 0 1674248
8 1 1674672
8 0 1674824
8 1 1674920
8 0 1674984
8 1 1675096
8 0 1676456
8 1 1676568
8 0 1676688
8 1 1676768
8 0 1676840
8 1 1676928
65 0 1677168
65 1 1677280
86 0 1677504
86 1 1677640
69 0 1677664
69 1 1677792
65 0 1677800
65 1 1677880
32 0 1677904
32 1 1678008
76 0 1678088
76 1 1678200
79 0 1678304
79 1 1678384
67 0 1678400
67 1 1678504
32 0 1678544
32 1 1678648
73 0 1678824
73 1 1678984
78 0 1679040
78 1 1679208
32 0 1679376
32 1 1679488
79 0 1679560
79 1 1679688
32 0 1679736
32 1 1679880
8 0 1683520
8 1 1683640
8 0 1683736
8 1 1683816
8 0 1683968
8 1 1684080
84 0 1684760
84 1 1684888
82 0 1684912
82 1 1685040
85 0 1685080
85 1 1685160
78 0 1685256
78 1 1685352
32 0 1685448
32 1 1685552
84 0 1685576
84 1 1685688
69 0 1685752
69 1 1685872
77 0 1685880
77 1 1685968
80 0 1686056
80 1 1686184
76 0 1686232
76 1 1686320
85 0 1686472
85 1 1686584
188 0 1688624
188 1 1688680
32 0 1688808
32 1 1688912
79 0 1692432
79 1 1692552
32 0 1692920
32 1 1693032
83 0 1693192
83 1 1693296
8 0 1693624
8 1 1693736
8 0 1693984
8 1 1694080
8 0 1694360
8 1 1694480
188 0 1694952
188 1 1695032
8 0 1695288
8 1 1695424
77 0 1695576
77 1 1695704
85 0 1696448
85 1 1696536
76 0 1696648
76 1 1696744
84 0 1696824
84 1 1696936
73 0 1696968
73 1 1697056
32 0 1697144
32 1 1697248
79 0 1697312
79 1 1697440
65 0 1697512
65 1 1697600
77 0 1697640
77 1 1697776
69 0 1697824
69 1 1697920
78 0 1698048
78 1 1698152
73 0 1698176
73 1 1698312
32 0 1698448
32 1 1698552
70 0 1698672
70 1 1698800
65 0 1698968
65 1 1699144
67 0 1699176
67 1 1699280
32 0 1699312
32 1 1699440
68 0 1699496
68 1 1699616
73 0 1699664
73 1 1699760
86 0 1700088
86 1 1700216
69 0 1700456
69 1 1700592
82 0 1700680
82 1 1700744
83 0 1700840
83 1 1700968
69 0 1701040
69 1 1701120
32 0 1701152
32 1 1701248
76 0 1701408
76 1 1701536
85 0 1701640
85 1 1701728
67 0 1701752
67 1 1701840
76 0 1701904
76 1 1702000
85 0 1702096
85 1 1702200
82 0 1702264
82 1 1702344
73 0 1702376
73 1 1702472
188 0 1703256
188 1 1703320
32 0 1703448
32 1 1703544
85 0 1703672
85 1 1703776
78 0 1703872
78 1 1703968
85 0 1704016
85 1 1704096
76 0 1704232
76 1 1704328
32 0 1704440
32 1 1704544
69 0 1704568
69 1 1704648
83 0 1704760
83 1 1704864
84 0 1704912
69 0 1705064
84 1 1705104
69 1 1705176
32 0 1705352
32 1 1705448
73 0 1705552
73 1 1705680
78 0 1705720
78 1 1705848
84 0 1705896
84 1 1706008
73 0 1706064
73 1 1706160
78 0 1706240
78 1 1706352
83 0 1706488
32 0 1706592
83 1 1706608
32 1 1706672
80 0 1706760
80 1 1706896
69 0 1706912
32 0 1707008
69 1 1707016
32 1 1707104
74 0 1707200
79 0 1707344
74 1 1707352
83 0 1707456
79 1 1707464
83 1 1707576
188 0 1707752
188 1 1707864
65 0 1708080
65 1 1708136
32 0 1708224
32 1 1708352
8 0 1708520
8 1 1708584
8 0 1708696
8 1 1708736
65 0 1709304
65 1 1709408
8 0 1710304
8 1 1710440
32 0 1711280
32 1 1711368
65 0 1711496
65 1 1711600
76 0 1711912
76 1 1711984
84 0 1712072
84 1 1712168
73 0 1712328
73 1 1712400
73 0 1712456
73 1 1712552
32 0 1712648
32 1 1712752
67 0 1712784
67 1 1712912
73 0 1712984
73 1 1713080
84 0 1713416
84 1 1713536
69 0 1713592
69 1 1713712
83 0 1713888
83 1 1714008
67 0 1714104
67 1 1714232
188 0 1715184
188 1 1715248
32 0 1715368
32 1 1715440
65 0 1715456
65 1 1715576
76 0 1715968
76 1 1716112
84 0 1716480
84 1 1716608
73 0 1716760
73 1 1716840
73 0 1716928
73 1 1717008
32 0 1717136
32 1 1717248
86 0 1717320
86 1 1717424
73 0 1717448
73 1 1717536
78 0 1717568
78 1 1717664
32 0 1717768
32 1 1717880
73 0 1717936
78 0 1718048
73 1 1718064
78 1 1718176
65 0 1718200
65 1 1718304
85 0 1718384
85 1 1718512
78 0 1718648
78 1 1718776
84 0 1718904
84 1 1719080
82 0 1719144
85 0 1719288
82 1 1719304
85 1 1719400
32 0 1719472
32 1 1719616
70 0 1719656
70 1 1719776
85 0 1719856
85 1 1719992
71 0 1720088
71 1 1720224
73 0 1720248
73 1 1720344
78 0 1720400
78 1 1720528
68 0 1720784
68 1 1720944
32 0 1724448
32 1 1724544
8 0 1725224
8 1 1725344
188 0 1725480
188 1 1725560
32 0 1725656
32 1 1725792
73 0 1727104
73 1 1727232
78 0 1727272
78 1 1727376
83 0 1727376
65 0 1727480
83 1 1727544
32 0 1727600
65 1 1727608
32 1 1727696
83 0 1727744
69 0 1727864
83 1 1727888
32 0 1727960
69 1 1727992
32 1 1728064
79 0 1728224
79 1 1728344
66 0 1728368
66 1 1728464
69 0 1728784
69 1 1728864
83 0 1728864
83 1 1728920
8 0 1729912
8 1 1730016
8 0 1730096
8 1 1730176
83 0 1730232
69 0 1730328
83 1 1730368
69 1 1730488
82 0 1730544
82 1 1730672
86 0 1730928
86 1 1731104
65 0 1731224
65 1 1731352
32 0 1731368
32 1 1731464
67 0 1731576
67 1 1731728
69 0 1731816
69 1 1731936
76 0 1732048
76 1 1732192
69 0 1732288
69 1 1732392
32 0 1732464
32 1 1732600
68 0 1732696
68 1 1732784
79 0 1732888
79 1 1733008
85 0 1733168
85 1 1733264
65 0 1733288
65 1 1733376
32 0 1733432
32 1 1733528
80 0 1733616
80 1 1733752
69 0 1733792
69 1 1733904
82 0 1733920
82 1 1734056
83 0 1734112
83 1 1734256
79 0 1734272
79 1 1734376
78 0 1734488
78 1 1734592
65 0 1734632
65 1 1734736
74 0 1735504
74 1 1735600
69 0 1735640
69 1 1735736
32 0 1735776
32 1 1735888
80 0 1735984
80 1 1736136
82 0 1736152
82 1 1736272
73 0 1736328
73 1 1736432
78 0 1736480
78 1 1736600
67 0 1736680
73 0 1736776
67 1 1736784
73 1 1736880
80 0 1737056
80 1 1737168
65 0 1737200
65 1 1737280
76 0 1737432
76 1 1737560
69 0 1737576
69 1 1737680
32 0 1737736
32 1 1737840
67 0 1738088
67 1 1738184
65 0 1738256
65 1 1738368
82 0 1738408
69 0 1738512
82 1 1738568
32 0 1738640
69 1 1738648
32 1 1738728
86 0 1738800
73 0 1738872
86 1 1738912
78 0 1738992
73 1 1739000
78 1 1739112
32 0 1739200
32 1 1739304
73 0 1739416
78 0 1739520
73 1 1739528
78 1 1739624
32 0 1739720
32 1 1739800
77 0 1739888
77 1 1740016
73 0 1740048
73 1 1740176
74 0 1740240
74 1 1740360
76 0 1741248
76 1 1741352
79 0 1741448
79 1 1741536
67 0 1741608
67 1 1741696
188 0 1742136
188 1 1742200
32 0 1742304
32 1 1742392
84 0 1742432
84 1 1742520
79 0 1742568
79 1 1742648
65 0 1742792
65 1 1742904
84 0 1742960
84 1 1743088
65 0 1743144
65 1 1743296
32 0 1743440
32 1 1743568
65 0 1743640
65 1 1743744
71 0 1744112
71 1 1744208
73 0 1744536
73 1 1744624
84 0 1744808
84 1 1744912
65 0 1744968
65 1 1745056
84 0 1745144
84 1 1745232
73 0 1745264
73 1 1745368
65 0 1745424
65 1 1745536
32 0 1745576
32 1 1745664
80 0 1745784
80 1 1745896
65 0 1745952
65 1 1746064
8 0 1746384
8 1 1746496
8 0 1746568
8 1 1746664
80 0 1749688
80 1 1749800
65 0 1749888
65 1 1749984
82 0 1750056
82 1 1750192
65 0 1750200
65 1 1750320
78 0 1750448
78 1 1750520
68 0 1750544
68 1 1750648
32 0 1750672
32 1 1750760
65 0 1750800
65 1 1750912
32 0 1750936
32 1 1751024
70 0 1751152
70 1 1751248
73 0 1751288
73 1 1751408
32 0 1751480
32 1 1751624
73 0 1751872
73 1 1751992
78 0 1752032
78 1 1752168
32 0 1752776
32 1 1752880
74 0 1753064
74 1 1753160
85 0 1753216
85 1 1753320
82 0 1753360
85 0 1753472
82 1 1753480
85 1 1753552
76 0 1753688
76 1 1753784
32 0 1753896
32 1 1753976
76 0 1754432
76 1 1754496
187 0 1754704
187 1 1754784
83 0 1754936
83 1 1755016
79 0 1755120
79 1 1755208
83 0 1755912
83 1 1756016
73 0 1756104
73 1 1756200
82 0 1756312
82 1 1756424
73 0 1756464
73 1 1756560
73 0 1756624
73 1 1756712
32 0 1756856
32 1 1756976
76 0 1757024
76 1 1757144
79 0 1757256
82 0 1757384
79 1 1757408
82 1 1757520
37 0 1758760
37 0 1759260
37 0 1759293
37 0 1759325
37 0 1759359
37 0 1759392
37 0 1759424
37 0 1759457
37 0 1759491
37 0 1759524
37 0 1759557
37 1 1759584
8 0 1760320
8 1 1760424
8 0 1760488
8 1 1760584
39 0 1760904
39 0 1761404
39 0 1761438
39 0 1761471
39 0 1761504
39 0 1761536
39 0 1761569
39 0 1761602
39 0 1761635
39 0 1761668
39 1 1761688
39 0 1761832
39 1 1761920
190 0 1765848
190 1 1765968
32 0 1766168
32 1 1766272
16 0 1769144
79 0 1769328
79 1 1769416
16 1 1769432
65 0 1769560
65 1 1769672
77 0 1769696
77 1 1769824
69 0 1769912
69 1 1770040
78 0 1770072
78 1 1770184
73 0 1770264
73 1 1770352
73 0 1770424
73 1 1770504
32 0 1770616
32 1 1770680
80 0 1770808
80 1 1770920
69 0 1770960
69 1 1771048
32 0 1771064
32 1 1771152
65 0 1771232
65 1 1771320
84 0 1771408
84 1 1771512
85 0 1771536
85 1 1771656
78 0 1771712
78 1 1771832
67 0 1771848
67 1 1771936
73 0 1771960
73 1 1772032
32 0 1772144
32 1 1772232
68 0 1772616
68 1 1772744
85 0 1772920
85 1 1773104
67 0 1773240
69 0 1773400
67 1 1773416
65 0 1773488
69 1 1773536
65 1 1773632
85 0 1773888
85 1 1774024
32 0 1774120
32 1 1774232
86 0 1774384
86 1 1774504
73 0 1774536
73 1 1774656
69 0 1774720
69 1 1774856
84 0 1775552
84 1 1775640
73 0 1775672
73 1 1775776
32 0 1775864
32 1 1775968
68 0 1775984
68 1 1776112
73 0 1776136
73 1 1776256
70 0 1776288
70 1 1776416
69 0 1776528
69 1 1776664
82 0 1776728
82 1 1776856
73 0 1776944
73 1 1777072
84 0 1777120
84 1 1777240
69 0 1777328
69 1 1777480
188 0 1778312
188 1 1778376
32 0 1778496
32 1 1778624
77 0 1779016
77 1 1779120
65 0 1779120
65 1 1779224
73 0 1779248
73 1 1779376
32 0 1779440
32 1 1779552
65 0 1779576
65 1 1779648
83 0 1779816
83 1 1779912
80 0 1780160
80 1 1780304
82 0 1780408
69 0 1780552
82 1 1780584
69 1 1780696
188 0 1783048
188 1 1783096
32 0 1783400
32 1 1783456
69 0 1784128
69 1 1784224
73 0 1784456
73 1 1784600
32 0 1784704
32 1 1784808
69 0 1784848
82 0 1784984
69 1 1785016
65 0 1785120
82 1 1785128
65 1 1785248
85 0 1785344
85 1 1785480
32 0 1785576
32 1 1785672
80 0 1785792
80 1 1785896
82 0 1785960
82 1 1786072
69 0 1786248
69 1 1786440
79 0 1786568
79 1 1786664
67 0 1786832
67 1 1786952
85 0 1787016
85 1 1787088
80 0 1787376
80 1 1787456
65 0 1787552
65 1 1787672
84 0 1787736
84 1 1787840
73 0 1787864
73 1 1787960
32 0 1788088
32 1 1788192
67 0 1788216
67 1 1788320
85 0 1788336
85 1 1788432
32 0 1788488
32 1 1788584
65 0 1788616
65 1 1788712
68 0 1788784
68 1 1788920
69 0 1789016
69 1 1789136
86 0 1789232
86 1 1789344
65 0 1789400
65 1 1789504
82 0 1789608
65 0 1789712
82 1 1789736
65 1 1789840
84 0 1789896
84 1 1790000
32 0 1790064
32 1 1790208
68 0 1790232
69 0 1790368
68 1 1790416
32 0 1790432
69 1 1790480
32 1 1790576
77 0 1791216
77 1 1791272
69 0 1791328
69 1 1791448
83 0 1791560
83 1 1791664
69 0 1791784
69 1 1791904
82 0 1792208
82 1 1792312
73 0 1792432
73 1 1792496
73 0 1792552
73 1 1792632
76 0 1792752
76 1 1792848
69 0 1792856
69 1 1792952
32 0 1792984
32 1 1793064
76 0 1793192
76 1 1793280
79 0 1793376
79 1 1793480
82 0 1793608
82 1 1793744
32 0 1793864
32 1 1793976
83 0 1794200
83 1 1794280
73 0 1794384
73 1 1794576
32 0 1794728
32 1 1794896
68 0 1794944
68 1 1795080
69 0 1795152
69 1 1795272
32 0 1795360
32 1 1795456
65 0 1795560
65 1 1795648
66 0 1795968
66 1 1796096
8 0 1796336
8 1 1796456
77 0 1796848
77 1 1796936
66 0 1797016
66 1 1797128
73 0 1797192
73 1 1797264
84 0 1797416
84 1 1797496
73 0 1797544
73 1 1797608
73 0 1797984
73 1 1798064
76 0 1798248
76 1 1798360
79 0 1798472
79 1 1798544
8 0 1798776
8 1 1798880
69 0 1798984
69 1 1799088
32 0 1799168
32 1 1799272
76 0 1799368
76 1 1799464
79 0 1799560
82 0 1799640
79 1 1799648
82 1 1799744
190 0 1801640
190 1 1801704
32 0 1801928
32 1 1801984
16 0 1802184
16 0 1802684
16 0 1802717
16 0 1802750
16 0 1802783
16 0 1802816
16 0 1802849
16 0 1802882
16 0 1802915
16 0 1802948
16 0 1802981
16 0 1803014
16 0 1803047
16 0 1803080
16 0 1803113
16 0 1803146
16 0 1803179
79 0 1803184
79 1 1803264
16 1 1803352
32 0 1803416
32 1 1803520
90 0 1803584
73 0 1803680
90 1 1803688
73 1 1803792
32 0 1803896
32 1 1803976
79 0 1804264
79 1 1804376
66 0 1804472
66 1 1804576
73 0 1804600
73 1 1804696
83 0 1804744
83 1 1804880
78 0 1804992
78 1 1805104
85 0 1805176
85 1 1805248
73 0 1805360
73 1 1805480
84 0 1805584
84 1 1805688
65 0 1805736
32 0 1805872
65 1 1805880
32 1 1806016
78 0 1806136
78 1 1806288
85 0 1806360
85 1 1806512
32 0 1806616
32 1 1806736
80 0 1806920
80 1 1807008
79 0 1807240
79 1 1807376
65 0 1807472
65 1 1807592
84 0 1807664
69 0 1807808
84 1 1807832
69 1 1807952
32 0 1807976
32 1 1808080
70 0 1808112
70 1 1808224
73 0 1808224
73 1 1808336
32 0 1808400
32 1 1808496
68 0 1808536
68 1 1808672
69 0 1808712
69 1 1808792
83 0 1808896
83 1 1809008
67 0 1809040
67 1 1809152
82 0 1809256
82 1 1809376
73 0 1809400
73 1 1809496
83 0 1809552
65 0 1809704
83 1 1809744
65 1 1809824
32 0 1809848
32 1 1809944
67 0 1810008
67 1 1810104
85 0 1810120
85 1 1810240
32 0 1810288
32 1 1810384
65 0 1810432
65 1 1810544
67 0 1810632
67 1 1810728
85 0 1810736
85 1 1810816
82 0 1810968
82 1 1811040
65 0 1811176
65 1 1811280
84 0 1811424
84 1 1811536
69 0 1811616
69 1 1811760
84 0 1811848
69 0 1811968
84 1 1812016
69 1 1812096
32 0 1812648
32 1 1812728
73 0 1812824
73 1 1812968
78 0 1812976
78 1 1813088
83 0 1813120
65 0 1813248
83 1 1813296
65 1 1813336
32 0 1813440
32 1 1813496
80 0 1814128
80 1 1814208
79 0 1814288
79 1 1814400
84 0 1814440
84 1 1814544
32 0 1814560
32 1 1814656
83 0 1814712
83 1 1814808
80 0 1814816
80 1 1814928
85 0 1815072
85 1 1815160
78 0 1815192
78 1 1815320
69 0 1815352
69 1 1815432
32 0 1815448
32 1 1815552
67 0 1815616
65 0 1815736
67 1 1815752
32 0 1815856
65 1 1815864
32 1 1815928
69 0 1816088
82 0 1816208
69 1 1816232
65 0 1816312
82 1 1816336
65 1 1816424
32 0 1816520
32 1 1816640
85 0 1816784
85 1 1816888
78 0 1816904
78 1 1817024
65 0 1817064
65 1 1817160
32 0 1817360
32 1 1817472
67 0 1817600
67 1 1817704
8 0 1818104
8 1 1818240
77 0 1818368
77 1 1818472
65 0 1818512
73 0 1818600
65 1 1818632
73 1 1818704
32 0 1818776
32 1 1818880
73 0 1818944
78 0 1819024
73 1 1819032
78 1 1819176
67 0 1819360
67 1 1819472
79 0 1819576
79 1 1819696
77 0 1820072
77 1 1820152
79 0 1820192
79 1 1820312
68 0 1820337
68 1 1820488
65 0 1820536
65 1 1820632
32 0 1820664
32 1 1820760
68 0 1820832
68 1 1820968
69 0 1821104
69 1 1821240
67 0 1821368
67 1 1821496
65 0 1821504
65 1 1821624
84 0 1821688
84 1 1821792
32 0 1821816
32 1 1821904
79 0 1822000
79 1 1822136
32 0 1822216
32 1 1822312
90 0 1822328
90 1 1822408
73 0 1822416
73 1 1822528
32 0 1822600
32 1 1822696
79 0 1822832
79 1 1822960
66 0 1823016
66 1 1823112
73 0 1823144
73 1 1823272
83 0 1823520
83 1 1823672
78 0 1823904
78 1 1824088
85 0 1824112
85 1 1824272
73 0 1824352
73 1 1824480
84 0 1824624
84 1 1824744
65 0 1824800
65 1 1824872
32 0 1824928
32 1 1825024
73 0 1825104
78 0 1825224
73 1 1825240
78 1 1825344
32 0 1825408
32 1 1825552
90 0 1825576
90 1 1825664
73 0 1825696
73 1 1825792
85 0 1825880
85 1 1825968
65 0 1825992
65 1 1826080
32 0 1826136
32 1 1826240
68 0 1826264
69 0 1826408
68 1 1826448
32 0 1826520
69 1 1826544
32 1 1826624
65 0 1826672
65 1 1826784
90 0 1826888
90 1 1826992
73 0 1827008
73 1 1827104
