20 0 97769
20 1 97880
86 0 97931
20 0 98038
86 1 98058
20 1 98138
82 0 98185
69 0 98232
82 1 98285
77 0 98311
69 1 98324
69 0 98379
77 1 98452
69 1 98462
65 0 98557
32 0 98674
65 1 98703
68 0 98749
32 1 98783
69 0 98803
68 1 98850
32 0 98889
69 1 98942
65 0 98997
32 1 99001
70 0 99073
65 1 99110
65 0 99163
70 1 99180
82 0 99259
65 1 99312
82 1 99342
32 0 99469
32 1 99519
8 0 99700
219 0 99776
8 1 99822
219 1 99891
32 0 99921
32 1 100036
69 0 100085
83 0 100154
69 1 100200
83 1 100266
84 0 100327
69 0 100389
84 1 100445
69 1 100547
32 0 100559
32 1 100599
8 0 100758
8 1 100841
8 0 100912
8 1 100994
8 0 101060
8 1 101126
8 0 101203
8 1 101273
32 0 101407
68 0 101491
32 1 101504
69 0 101557
68 1 101594
69 1 101636
83 0 101685
84 0 101772
83 1 101807
85 0 101833
84 1 101873
85 1 101929
76 0 102036
32 0 102109
76 1 102129
68 0 102136
32 1 102186
69 0 102206
68 1 102249
32 0 102278
69 1 102315
77 0 102318
32 1 102372
79 0 102409
77 1 102448
78 0 102525
79 1 102548
79 0 102624
78 1 102687
79 1 102739
84 0 103315
79 0 103404
84 1 103411
78 0 103470
79 1 103507
78 1 103550
219 0 103699
219 1 103804
188 0 105300
188 1 105389
32 0 105417
32 1 105537
221 0 106187
221 1 106266
78 0 106440
78 1 106542
79 0 106932
79 1 107038
82 0 107050
65 0 107110
82 1 107156
84 0 107227
65 1 107267
84 1 107313
32 0 108510
68 0 108560
32 1 108613
68 1 108656
65 0 108761
82 0 108845
65 1 108924
32 0 108930
82 1 108937
32 1 109039
70 0 109607
70 1 109674
82 0 109736
85 0 109822
82 1 109848
85 1 109901
77 0 109988
79 0 110047
77 1 110098
83 0 110128
79 1 110141
83 1 110230
190 0 110333
190 1 110428
32 0 110550
32 1 110680
20 0 110703
20 1 110841
78 0 111679
20 0 111719
78 1 111769
85 0 111825
20 1 111842
32 0 111875
85 1 111891
32 1 111980
80 0 112004
79 0 112070
84 0 112110
80 1 112113
79 1 112158
32 0 112174
84 1 112184
83 0 112264
32 1 112273
219 0 112300
83 1 112350
32 0 112393
219 1 112402
32 1 112513
83 0 112641
80 0 112743
83 1 112759
80 1 112846
85 0 112875
85 1 112940
78 0 113037
78 1 113116
32 0 113123
67 0 113186
32 1 113216
219 0 113259
67 1 113303
219 1 113355
32 0 113394
221 0 113466
32 1 113509
221 1 113548
77 0 113659
73 0 113751
77 1 113801
32 0 113810
73 1 113847
32 1 113919
80 0 113987
76 0 114059
65 0 114076
80 1 114099
67 0 114156
76 1 114169
65 1 114196
69 0 114233
67 1 114276
32 0 114322
69 1 114335
65 0 114399
32 1 114419
84 0 114534
65 1 114538
84 1 114610
220 0 114968
84 0 115048
220 1 115068
32 0 115119
84 1 115125
32 1 115217
68 0 115244
69 0 115324
68 1 115354
32 0 115408
69 1 115445
77 0 115448
32 1 115510
77 1 115556
85 0 115609
85 1 115681
76 0 115890
76 1 115951
84 0 115957
84 1 116040
188 0 116370
32 0 116463
188 1 116466
83 0 116523
32 1 116559
83 1 116639
85 0 116694
78 0 116754
85 1 116808
84 0 116834
78 1 116884
84 1 116950
32 0 116982
32 1 117084
68 0 117257
68 1 117360
8 0 117536
65 0 117595
8 1 117635
68 0 117687
65 1 117730
69 0 117781
68 1 117821
80 0 117900
69 1 117914
84 0 118000
80 1 118007
84 1 118080
85 0 118128
85 1 118212
76 0 118308
32 0 118389
76 1 118412
32 1 118487
73 0 118757
73 1 118837
8 0 119028
8 1 119126
90 0 119136
90 1 119239
73 0 119246
73 1 119335
76 0 119437
69 0 119516
76 1 119544
69 1 119636
76 0 119642
76 1 119745
79 0 119811
82 0 119884
79 1 119904
32 0 119947
82 1 119983
32 1 120066
83 0 120536
69 0 120682
83 1 120722
78 0 120758
69 1 120778
73 0 120850
78 1 120883
78 0 120940
73 1 120982
69 0 121045
78 1 121052
69 1 121125
190 0 121884
190 1 121967
32 0 122122
32 1 122269
20 0 122383
20 1 122521
90 0 122548
20 0 122621
90 1 122683
73 0 122697
20 1 122761
73 1 122783
76 0 122865
69 0 122908
76 1 122961
69 1 122994
76 0 123023
69 0 123073
32 0 123113
76 1 123120
69 1 123150
32 1 123226
84 0 123326
82 0 123374
84 1 123417
82 1 123460
69 0 123541
69 1 123643
67 0 123683
85 0 123776
67 1 123786
85 1 123859
84 0 123875
84 1 123957
69 0 124037
69 1 124137
32 0 124140
32 1 124267
65 0 124726
32 0 124832
65 1 124845
70 0 124911
32 1 124928
70 1 125001
79 0 125015
83 0 125085
79 1 125105
84 0 125171
83 1 125197
32 0 125237
84 1 125276
32 1 125329
70 0 125369
70 1 125485
79 0 125561
65 0 125594
82 0 125634
79 1 125657
65 1 125720
82 1 125730
84 0 125801
69 0 125827
32 0 125887
84 1 125893
69 1 125933
80 0 125990
32 1 126000
76 0 126059
80 1 126114
76 1 126153
79 0 126206
79 1 126299
73 0 126403
73 1 126502
79 0 126720
79 1 126836
83 0 126874
83 1 126966
188 0 128731
188 1 128814
32 0 128895
32 1 129014
83 0 129632
83 1 129724
189 0 129740
189 1 129828
65 0 129850
65 1 129940
85 0 129967
85 1 130053
32 0 130086
32 1 130189
65 0 130225
68 0 130308
65 1 130360
68 1 130424
85 0 130458
78 0 130515
85 1 130571
65 0 130600
78 1 130651
84 0 130661
65 1 130724
32 0 130730
84 1 130763
32 1 130819
67 0 130887
65 0 130943
67 1 130997
65 1 131069
78 0 131069
84 0 131174
78 1 131204
73 0 131258
84 1 131274
73 1 131340
84 0 131355
84 1 131431
219 0 131487
219 1 131564
222 0 131689
222 1 131775
73 0 131900
73 1 131976
32 0 131979
32 1 132084
77 0 132782
65 0 132864
77 1 132900
82 0 132952
65 1 132998
82 1 133050
73 0 133060
32 0 133143
73 1 133146
68 0 133177
32 1 133213
69 0 133260
68 1 133286
32 0 133356
69 1 133379
65 0 133432
32 1 133448
80 0 133505
65 1 133532
80 1 133585
219 0 133688
219 1 133777
190 0 134596
190 1 134682
9 0 134883
9 1 135002
16 0 146586
16 0 147077
16 0 147106
16 0 147136
16 0 147170
16 0 147200
16 0 147230
16 0 147259
16 0 147291
16 0 147320
16 0 147349
16 0 147379
16 0 147409
16 0 147439
16 0 147469
16 0 147498
13 0 147512
13 1 147594
16 1 147838
20 0 147936
20 1 148075
70 0 148705
20 0 148772
70 1 148832
73 0 148871
20 1 148908
73 1 148951
73 0 148991
78 0 149064
73 1 149110
68 0 149127
78 1 149181
32 0 149197
68 1 149230
32 1 149313
73 0 149469
65 0 149532
73 1 149569
82 0 149589
78 0 149642
65 1 149652
82 1 149665
78 1 149728
219 0 149850
219 1 149940
32 0 150107
77 0 150166
32 1 150209
77 1 150309
73 0 150575
73 1 150654
189 0 150797
65 0 150856
189 1 150883
82 0 150916
32 0 150982
65 1 150999
82 1 151025
32 1 151078
70 0 151104
70 1 151188
73 0 151307
73 1 151370
32 0 151403
80 0 151496
32 1 151509
76 0 151572
80 1 151618
76 1 151651
219 0 151754
67 0 151840
219 1 151847
67 1 151932
85 0 151976
84 0 152045
85 1 152055
32 0 152098
84 1 152114
83 0 152192
32 1 152201
219 0 152264
83 1 152267
219 1 152353
32 0 152381
32 1 152462
70 0 152722
70 1 152794
8 0 153056
8 1 153139
78 0 153248
73 0 153314
78 1 153357
78 0 153420
73 1 153469
78 1 153511
71 0 153535
71 1 153628
219 0 153634
219 1 153700
188 0 153949
188 1 154074
32 0 154084
78 0 154178
32 1 154194
85 0 154234
78 1 154294
32 0 154303
85 1 154327
83 0 154373
32 1 154409
219 0 154471
83 1 154475
32 0 154541
219 1 154554
32 1 154654
80 0 154668
76 0 154717
80 1 154780
76 1 154823
79 0 154877
85 0 154995
79 1 155028
85 1 155074
219 0 155204
219 1 155290
32 0 155342
32 1 155456
83 0 155660
65 0 155739
83 1 155785
85 0 155808
65 1 155865
85 1 155904
32 0 155927
83 0 155991
32 1 156033
219 0 156063
83 1 156086
219 1 156155
32 0 156169
32 1 156290
70 0 156730
70 1 156809
73 0 156816
69 0 156898
73 1 156901
32 0 156968
69 1 156994
32 1 157051
84 0 157101
69 0 157160
84 1 157200
69 1 157276
77 0 157276
77 1 157366
80 0 157435
69 0 157487
80 1 157534
82 0 157560
69 1 157613
82 1 157656
65 0 157748
84 0 157850
65 1 157876
84 1 157938
85 0 157952
82 0 158022
85 1 158042
82 1 158101
73 0 158114
73 1 158214
32 0 158240
32 1 158336
68 0 158584
68 1 158743
69 0 158798
32 0 158897
69 1 158907
32 1 158990
80 0 159025
69 0 159043
83 0 159092
80 1 159109
69 1 159161
83 1 159216
84 0 159250
69 0 159302
84 1 159335
32 0 159397
69 1 159414
32 1 159520
53 0 159630
189 0 159719
53 1 159729
54 0 159815
189 1 159821
54 1 159914
32 0 159945
32 1 160067
71 0 160240
71 1 160334
82 0 160403
65 0 160451
82 1 160500
68 0 160579
65 1 160582
69 0 160653
68 1 160709
32 0 160752
69 1 160792
32 1 160854
67 0 161768
69 0 161824
67 1 161880
76 0 161887
69 1 161917
83 0 162006
76 1 162009
83 1 162115
73 0 162136
85 0 162235
73 1 162294
83 0 162314
85 1 162341
83 1 162413
188 0 163244
188 1 163323
32 0 163453
32 1 163577
221 0 165269
221 1 165348
78 0 165502
78 1 165588
83 0 165588
83 1 165691
219 0 165738
219 1 165824
32 0 165834
32 1 165944
221 0 165963
221 1 166045
78 0 166180
78 1 166275
32 0 166279
32 1 166341
90 0 166391
73 0 166421
90 1 166480
73 1 166506
76 0 166612
69 0 166635
69 1 166691
76 1 166704
76 0 166758
76 1 166847
69 0 167098
69 1 167194
32 0 167451
32 1 167557
85 0 167779
85 1 167888
82 0 167897
82 1 167960
77 0 167980
77 1 168051
84 0 168331
84 1 168390
8 0 168535
219 0 168621
8 1 168676
84 0 168740
219 1 168757
84 1 168822
79 0 168857
65 0 168907
79 1 168969
82 0 168988
65 1 169031
69 0 169044
82 1 169103
32 0 169113
69 1 169156
83 0 169230
32 1 169246
69 0 169299
32 0 169332
83 1 169345
69 1 169395
65 0 169431
78 0 169448
32 1 169449
65 1 169530
85 0 169561
78 1 169561
78 0 169644
85 1 169677
78 1 169734
222 0 170461
222 1 170543
219 0 170599
219 1 170695
32 0 170698
32 1 170777
84 0 170841
69 0 170901
84 1 170948
77 0 170978
69 1 170991
77 1 171040
80 0 171254
80 1 171353
69 0 171622
69 1 171710
82 0 172465
65 0 172537
82 1 172583
84 0 172656
65 1 172673
85 0 172739
84 1 172752
85 1 172828
82 0 172835
73 0 172914
82 1 172918
32 0 172997
73 1 173014
32 1 173112
77 0 173123
65 0 173159
73 0 173239
77 1 173276
65 1 173276
32 0 173282
73 1 173335
83 0 173365
32 1 173402
67 0 173475
83 1 173501
219 0 173573
67 1 173586
219 1 173678
90 0 173705
90 1 173814
85 0 173844
85 1 173934
84 0 173966
69 0 174036
84 1 174089
32 0 174125
69 1 174148
32 1 174221
186 0 175083
186 1 175165
73 0 175291
73 1 175364
32 0 175462
32 1 175581
78 0 177398
73 0 177514
78 1 177528
78 0 177610
73 1 177676
78 1 177742
83 0 177799
83 1 177892
79 0 177917
65 0 177977
79 1 178010
65 1 178126
82 0 178196
82 1 178312
69 0 178649
69 1 178777
32 0 179630
32 1 179755
16 0 179755
16 1 180004
16 0 180116
57 0 180520
57 1 180603
16 1 180656
77 0 180766
77 1 180904
8 0 181089
8 1 181154
85 0 181435
85 1 181494
8 0 181841
8 1 181926
80 0 182011
80 1 182130
85 0 182185
85 1 182247
222 0 182589
222 1 182691
73 0 182818
78 0 182884
73 1 182930
78 1 182973
219 0 183096
32 0 183146
219 1 183179
67 0 183225
32 1 183238
69 0 183308
67 1 183358
69 1 183415
189 0 183504
73 0 183620
189 1 183650
73 1 183699
32 0 183722
68 0 183795
32 1 183831
68 1 183891
82 0 183957
69 0 184000
82 1 184053
80 0 184070
69 1 184100
84 0 184149
80 1 184185
84 1 184242
188 0 184308
188 1 184411
32 0 184443
32 1 184541
68 0 185000
68 1 185129
65 0 185129
82 0 185215
65 1 185271
32 0 185281
82 1 185338
32 1 185423
78 0 185776
69 0 185829
78 1 185865
32 0 185892
69 1 185935
77 0 185974
32 1 186004
77 1 186054
85 0 186103
85 1 186189
76 0 186306
76 1 186402
222 0 186528
222 1 186606
85 0 186756
85 1 186835
77 0 186959
73 0 187071
77 1 187084
77 0 187137
73 1 187160
32 0 187241
77 1 187247
186 0 187357
32 1 187371
186 1 187433
73 0 187516
32 0 187586
73 1 187612
67 0 187704
32 1 187708
85 0 187721
85 1 187817
67 1 187844
32 0 187896
32 1 188039
65 0 188091
65 1 188267
84 0 188596
84 1 188688
220 0 188955
84 0 189038
220 1 189051
84 1 189130
16 0 189198
48 0 189549
48 1 189657
16 1 189700
190 0 189956
190 1 190061
9 0 190664
9 1 190757
20 0 202221
20 1 202371
90 0 202400
20 0 202482
90 1 202548
73 0 202635
20 1 202635
85 0 202740
73 1 202786
65 0 202810
85 1 202856
32 0 202905
65 1 202956
32 1 203002
73 0 203012
68 0 203075
73 1 203118
69 0 203161
68 1 203204
69 1 203250
65 0 203291
76 0 203358
65 1 203419
76 1 203434
219 0 203546
219 1 203625
32 0 203628
80 0 203725
32 1 203741
69 0 203794
80 1 203835
69 1 203898
78 0 203932
84 0 203985
78 1 204041
82 0 204045
85 0 204111
84 1 204112
82 1 204154
85 1 204197
32 0 204223
77 0 204301
32 1 204339
73 0 204372
77 1 204399
78 0 204458
73 1 204495
69 0 204501
32 0 204548
78 1 204565
69 1 204598
65 0 204680
32 1 204700
82 0 204802
65 1 204839
32 0 204906
82 1 204942
32 1 205024
16 0 206034
17 0 206070
37 0 206125
37 1 206217
16 1 206343
17 1 206350
39 0 206942
39 1 207037
221 0 207354
221 1 207456
78 0 207614
78 1 207709
67 0 207709
69 0 207779
80 0 207827
67 1 207840
69 1 207873
80 1 207903
69 0 207933
32 0 208018
69 1 208038
32 1 208149
221 0 208385
221 1 208464
78 0 208613
32 0 208696
78 1 208705
70 0 208752
32 1 208778
69 0 208818
76 0 208864
70 1 208884
69 1 208914
85 0 208980
76 1 209021
76 0 209084
85 1 209120
76 1 209212
32 0 209273
32 1 209368
85 0 209772
85 1 209897
82 0 209946
77 0 210020
82 1 210030
77 1 210119
219 0 210236
219 1 210326
84 0 210539
79 0 210619
84 1 210622
79 1 210708
82 0 210725
82 1 210804
16 0 211004
190 0 211066
190 1 211168
16 1 211215
17 0 211313
37 0 211538
37 1 211632
37 0 211668
37 1 211761
37 0 211804
37 1 211890
37 0 211936
37 1 212024
37 0 212064
37 1 212156
39 0 212421
16 0 212447
39 1 212487
37 0 212763
37 1 212869
16 1 212950
17 1 212963
68 0 213065
69 0 213190
68 1 213250
69 1 213312
67 0 213351
85 0 213433
67 1 213443
85 1 213555
82 0 213555
82 1 213615
71 0 213709
69 0 213796
71 1 213835
69 1 213894
17 0 214180
17 1 214262
32 0 214348
32 1 214460
17 0 214573
39 0 214629
39 1 214702
39 0 214775
39 1 214841
39 0 214897
39 1 214969
39 0 215025
39 1 215104
17 1 215385
32 0 215592
32 1 215704
77 0 215909
77 1 215998
189 0 216072
65 0 216184
189 1 216190
65 1 216306
186 0 216327
186 1 216394
32 0 216400
32 1 216493
84 0 216785
82 0 216860
84 1 216903
82 1 216932
69 0 217312
69 1 217432
90 0 217568
73 0 217650
90 1 217657
32 0 217720
73 1 217730
32 1 217836
221 0 217858
221 1 217932
78 0 218080
32 0 218146
78 1 218169
32 1 218265
74 0 218286
74 1 218399
85 0 218468
82 0 218524
85 1 218531
85 0 218603
82 1 218620
85 1 218676
76 0 218772
32 0 218863
76 1 218863
32 1 218958
79 0 218969
82 0 219055
79 1 219081
69 0 219134
82 1 219184
73 0 219243
69 1 219246
73 1 219316
32 0 219364
49 0 219442
32 1 219488
48 0 219501
49 1 219542
48 1 219601
16 0 219644
190 0 219987
190 1 220074
16 1 220133
48 0 220238
48 1 220317
48 0 220369
48 1 220471
32 0 220471
32 1 220586
68 0 220686
73 0 220776
68 1 220779
77 0 220855
73 1 220872
73 0 220951
77 1 220977
78 0 221047
73 1 221080
78 1 221130
69 0 221133
65 0 221173
69 1 221236
222 0 221289
65 1 221309
222 1 221398
65 0 221442
65 1 221537
188 0 221587
32 0 221706
188 1 221713
65 0 221792
32 1 221832
186 0 221881
65 1 221921
186 1 221971
32 0 221988
76 0 222087
32 1 222093
85 0 222222
76 1 222235
65 0 222282
85 1 222318
32 0 222348
65 1 222401
77 0 222464
32 1 222467
73 0 222573
77 1 222616
67 0 222659
73 1 222672
67 1 222763
85 0 222770
85 1 222849
76 0 222910
32 0 222990
76 1 223033
68 0 223099
32 1 223115
69 0 223196
68 1 223222
69 1 223325
74 0 223632
74 1 223758
85 0 223778
78 0 223858
85 1 223897
78 1 223967
16 0 227076
17 0 227094
37 0 227261
37 1 227385
37 0 227436
37 1 227522
37 0 227564
37 1 227649
37 0 227721
37 1 227797
16 1 228241
17 1 228244
8 0 229139
8 1 229227
77 0 231697
77 1 231799
73 0 231839
73 1 231898
8 0 232310
8 1 232369
8 0 232445
8 1 232518
77 0 232850
77 1 232943
189 0 233051
189 1 233146
65 0 233149
65 1 233285
186 0 233294
186 1 233344
32 0 233435
32 1 233574
8 0 234342
8 1 234415
8 0 234504
8 1 234580
8 0 234646
8 1 234726
8 0 234777
8 1 234863
8 0 235283
8 1 235385
65 0 235481
186 0 235533
65 1 235609
32 0 235622
186 1 235636
76 0 235719
32 1 235745
85 0 235855
76 1 235885
65 0 235921
85 1 235944
32 0 235980
65 1 236043
32 1 236096
77 0 236250
73 0 236349
77 1 236412
67 0 236428
73 1 236451
85 0 236539
67 1 236556
85 1 236613
76 0 236699
32 0 236809
76 1 236809
32 1 236897
68 0 236921
69 0 236988
68 1 237037
74 0 237050
69 1 237120
85 0 237172
74 1 237182
78 0 237268
85 1 237298
78 1 237362
188 0 237460
188 1 237562
32 0 237592
32 1 237721
77 0 237827
77 1 237911
189 0 238008
189 1 238074
8 0 238694
8 1 238791
8 0 239016
8 1 239115
73 0 239269
73 1 239380
71 0 239390
71 1 239492
73 0 239798
73 1 239903
69 0 240008
69 1 240103
78 0 240113
78 1 240219
65 0 240455
32 0 240583
65 1 240596
32 1 240689
67 0 240838
67 1 240952
79 0 241022
82 0 241094
79 1 241134
69 0 241144
82 1 241181
69 1 241208
83 0 241268
80 0 241344
83 1 241379
80 1 241440
85 0 241499
85 1 241585
78 0 241656
90 0 241739
78 1 241749
90 1 241834
219 0 241883
219 1 241955
84 0 241991
84 1 242090
79 0 242151
65 0 242231
79 1 242267
82 0 242300
65 1 242353
69 0 242386
82 1 242429
69 1 242479
32 0 243549
32 1 243661
8 0 243908
8 1 243997
188 0 244208
188 1 244299
32 0 244341
32 1 244434
65 0 244630
186 0 244722
65 1 244750
32 0 244816
186 1 244816
32 1 244914
80 0 245347
76 0 245366
80 1 245436
69 0 245465
76 1 245486
69 1 245526
67 0 245782
65 0 245875
67 1 245941
32 0 245971
65 1 246007
32 1 246086
67 0 246814
67 1 246932
85 0 246999
85 1 247110
32 0 247162
32 1 247271
16 0 248267
17 0 248290
37 0 248373
37 1 248485
37 0 248544
37 1 248630
37 0 248684
37 1 248761
37 0 248807
37 1 248880
39 0 249074
39 1 249196
16 1 249262
17 1 249265
8 0 249423
8 1 249521
8 0 249675
8 1 249751
8 0 249875
8 1 249927
32 0 250312
32 1 250438
73 0 250565
73 1 250668
65 0 250675
65 1 250786
8 0 250847
8 1 250932
8 0 250983
8 1 251059
8 0 251102
8 1 251204
32 0 251554
32 1 251665
8 0 251775
8 1 251883
188 0 252014
32 0 252105
188 1 252122
32 1 252217
73 0 252220
65 0 252274
73 1 252310
82 0 252330
32 0 252394
82 1 252407
65 1 252410
77 0 252456
32 1 252499
65 0 252529
77 1 252562
73 0 252615
65 1 252661
32 0 252675
73 1 252698
65 0 252790
32 1 252793
80 0 252866
65 1 252912
79 0 252945
80 1 253004
79 1 253033
73 0 253097
32 0 253149
73 1 253169
83 0 253209
32 1 253262
219 0 253272
83 1 253298
32 0 253367
219 1 253377
32 1 253486
80 0 253715
76 0 253781
69 0 253831
80 1 253834
76 1 253890
69 1 253906
32 0 254086
32 1 254201
67 0 254266
85 0 254348
67 1 254388
85 1 254414
8 0 254576
8 1 254624
8 0 254700
8 1 254759
8 0 254816
8 1 254923
67 0 254942
67 1 255015
8 0 255025
8 1 255094
67 0 255436
32 0 255548
67 1 255561
32 1 255659
67 0 255676
85 0 255722
67 1 255782
32 0 255834
85 1 255841
32 1 255939
80 0 256966
82 0 257105
80 1 257112
82 1 257188
73 0 257216
69 0 257293
73 1 257319
84 0 257378
69 1 257395
69 0 257448
84 1 257488
78 0 257508
69 1 257547
78 1 257653
73 0 257659
73 1 257736
73 0 257816
73 1 257903
32 0 257986
32 1 258105
186 0 258618
186 1 258716
73 0 258934
73 1 259029
191 0 259278
191 1 259442
83 0 259462
65 0 259526
83 1 259589
85 0 259609
65 1 259655
85 1 259704
32 0 259757
32 1 259852
70 0 259899
65 0 259963
70 1 260006
77 0 260009
65 1 260062
73 0 260111
77 1 260145
73 1 260194
76 0 260282
76 1 260330
73 0 260433
73 1 260520
65 0 260677
65 1 260780
32 0 260850
32 1 260941
221 0 261295
221 1 261395
78 0 261582
78 1 261690
84 0 261857
82 0 261989
84 1 262023
82 1 262079
189 0 262187
189 1 262322
79 0 262340
79 1 262459
32 0 262505
32 1 262627
67 0 262707
67 1 262818
219 0 262917
219 1 263006
76 0 263135
76 1 263217
219 0 263314
219 1 263400
84 0 263416
84 1 263510
79 0 263516
79 1 263608
82 0 263620
82 1 263715
73 0 263718
69 0 263801
73 1 263814
32 0 263863
69 1 263906
76 0 263973
32 1 263986
85 0 264115
76 1 264145
85 1 264198
78 0 264278
71 0 264374
78 1 264377
71 1 264449
219 0 264698
219 1 264798
32 0 264821
32 1 264920
67 0 264923
85 0 265010
67 1 265039
85 1 265103
32 0 265109
32 1 265225
77 0 265228
77 1 265324
65 0 265327
65 1 265431
186 0 265441
186 1 265534
73 0 265673
78 0 265757
73 1 265803
78 1 265870
65 0 265872
32 0 265995
65 1 266018
32 1 266135
70 0 267077
70 1 267162
73 0 267194
69 0 267300
73 1 267313
69 1 267436
32 0 267479
32 1 267595
8 0 267939
8 1 268031
8 0 268080
8 1 268162
8 0 268219
8 1 268292
8 0 268353
8 1 268425
8 0 268476
8 1 268558
8 0 268610
8 1 268680
65 0 269170
188 0 269279
65 1 269285
32 0 269394
188 1 269404
70 0 269473
32 1 269490
73 0 269556
70 1 269556
69 0 269644
73 1 269650
32 0 269703
69 1 269739
83 0 269779
32 1 269799
83 1 269875
80 0 269875
82 0 269961
80 1 269972
69 0 270005
82 1 270061
69 1 270123
32 0 270362
77 0 270467
32 1 270473
65 0 270545
77 1 270558
82 0 270617
65 1 270656
69 0 270676
82 1 270729
69 1 270769
188 0 270801
188 1 270880
32 0 270890
70 0 270943
32 1 270986
70 1 271042
73 0 271085
69 0 271158
73 1 271168
32 0 271271
69 1 271278
32 1 271390
221 0 273702
221 1 273788
78 0 273943
78 1 274028
84 0 274031
82 0 274088
84 1 274142
82 1 274202
189 0 274208
79 0 274268
189 1 274314
79 1 274419
32 0 274438
32 1 274521
68 0 274604
69 0 274673
68 1 274743
69 1 274759
83 0 274821
84 0 274933
83 1 274956
84 1 275018
73 0 275112
78 0 275178
73 1 275232
78 1 275281
65 0 275493
65 1 275602
222 0 275625
222 1 275751
73 0 275923
69 0 276006
73 1 276019
32 0 276132
69 1 276158
65 0 276207
32 1 276248
76 0 276287
65 1 276307
69 0 276373
76 1 276415
65 0 276444
69 1 276490
83 0 276559
65 1 276619
219 0 276646
83 1 276666
219 1 276728
32 0 276743
80 0 276836
32 1 276842
69 0 276909
80 1 276942
32 0 276975
69 1 277012
32 1 277121
77 0 277220
79 0 277338
77 1 277352
77 0 277440
79 1 277496
69 0 277532
77 1 277562
69 1 277625
78 0 277636
78 1 277732
84 0 277745
84 1 277850
190 0 279137
190 1 279213
32 0 279261
32 1 279373
20 0 279383
65 0 279532
20 1 279545
20 0 279615
65 1 279671
20 1 279754
8 0 280101
8 1 280187
20 0 280503
65 0 280635
20 1 280665
20 0 280731
65 1 280773
186 0 280863
20 1 280870
186 1 280942
32 0 281260
32 1 281395
65 0 281534
65 1 281695
8 0 281863
8 1 281960
8 0 282027
8 1 282100
8 0 282166
8 1 282239
8 0 282300
8 1 282377
20 0 282426
83 0 282522
20 1 282539
20 0 282606
83 1 282651
219 0 282682
20 1 282729
32 0 282765
219 1 282795
65 0 282838
32 1 282881
83 0 282920
65 1 283011
67 0 283050
83 1 283093
67 1 283166
85 0 283176
85 1 283255
76 0 283390
76 1 283476
222 0 284042
222 1 284167
73 0 284277
32 0 284338
73 1 284355
32 1 284450
77 0 284461
77 1 284564
85 0 284634
85 1 284711
90 0 284741
90 1 284839
73 0 284853
73 1 284942
67 0 284960
67 1 285065
219 0 285104
219 1 285183
32 0 285239
32 1 285320
79 0 285401
84 0 285490
79 1 285503
32 0 285606
84 1 285612
32 1 285685
8 0 286043
8 1 286119
8 0 286179
8 1 286264
8 0 286315
8 1 286388
84 0 286510
84 1 286593
79 0 286614
84 0 286716
79 1 286734
84 1 286799
32 0 286810
32 1 286922
68 0 286958
68 1 287048
82 0 287112
85 0 287153
82 1 287228
77 0 287261
85 1 287271
85 0 287361
77 1 287397
85 1 287463
76 0 287920
76 1 288008
188 0 288125
32 0 288234
188 1 288243
73 0 288333
32 1 288349
65 0 288376
73 1 288432
82 0 288452
32 0 288492
65 1 288515
82 1 288525
32 1 288598
67 0 289490
67 1 289600
220 0 289785
220 1 289864
78 0 290020
68 0 290086
78 1 290122
32 0 290168
68 1 290198
32 1 290287
221 0 290627
221 1 290733
78 0 291153
78 1 291242
32 0 291255
83 0 291301
32 1 291344
70 0 291400
83 1 291453
70 1 291516
220 0 291659
220 1 291723
82 0 292049
82 1 292130
222 0 292215
222 1 292264
8 0 292713
8 1 292815
186 0 292877
186 1 292982
73 0 293058
84 0 293106
73 1 293152
32 0 293169
84 1 293198
65 0 293242
32 1 293288
65 1 293377
74 0 293520
74 1 293649
85 0 293654
78 0 293738
85 1 293770
71 0 293810
78 1 293843
73 0 293883
71 1 293886
73 1 293966
32 0 293976
76 0 294076
32 1 294098
65 0 294118
76 1 294188
32 0 294191
65 1 294251
68 0 294267
32 1 294307
69 0 294327
68 1 294374
69 1 294423
83 0 294484
84 0 294582
83 1 294612
84 1 294684
78 0 294774
78 1 294856
8 0 295084
8 1 295160
73 0 295285
78 0 295361
73 1 295410
78 1 295470
65 0 295477
65 1 295579
222 0 295618
222 1 295720
73 0 295839
73 1 295925
69 0 295940
69 1 296070
32 0 296319
32 1 296421
83 0 296696
83 1 296798
219 0 296853
32 0 296934
219 1 296954
32 1 297046
83 0 297146
83 1 297287
84 0 297357
84 1 297460
17 0 298423
37 0 298662
37 1 298755
37 0 298818
37 1 298896
37 0 298958
37 1 299041
37 0 299095
37 1 299184
37 0 299233
37 1 299329
39 0 299508
39 1 299611
17 1 299743
37 0 299812
37 1 299924
8 0 300302
8 1 300395
17 0 300501
17 1 300811
69 0 301043
77 0 301096
69 1 301149
77 1 301235
17 0 301416
39 0 301517
39 1 301576
39 0 301665
39 1 301725
39 0 301794
39 1 301863
39 0 301926
39 1 301999
17 1 302078
219 0 302362
219 1 302470
77 0 302601
32 0 302678
77 1 302694
32 1 302809
84 0 303050
84 1 303122
79 0 303122
79 1 303201
222 0 303325
222 1 303411
73 0 303533
32 0 303602
73 1 303617
76 0 303706
32 1 303723
65 0 303749
76 1 303808
32 0 303822
79 0 303865
65 1 303868
32 1 303918
79 1 303957
32 0 303987
77 0 304073
32 1 304093
65 0 304140
77 1 304176
83 0 304202
65 1 304262
83 1 304298
219 0 304308
219 1 304390
188 0 305648
188 1 305740
32 0 305790
32 1 305905
76 0 305987
76 1 306076
65 0 306101
65 1 306245
32 0 306445
32 1 306573
80 0 306977
79 0 307095
80 1 307158
79 1 307211
86 0 307353
69 0 307409
86 1 307438
69 1 307511
186 0 307709
84 0 307837
186 1 307840
84 1 307926
73 0 307971
73 1 308059
32 0 308112
32 1 308230
186 0 309796
186 1 309891
73 0 310012
73 1 310097
32 0 310163
32 1 310293
8 0 311016
8 1 311108
8 0 311169
8 1 311249
8 0 311305
8 1 311383
8 0 311438
8 1 311507
190 0 312538
190 1 312613
32 0 312713
32 1 312841
20 0 313398
20 1 313563
83 0 313928
20 0 314034
83 1 314040
20 1 314177
69 0 314449
65 0 314546
69 1 314579
82 0 314642
65 1 314685
65 0 314732
82 1 314758
32 0 314861
65 1 314887
32 1 314983
65 0 316316
65 1 316446
77 0 316768
77 1 316909
32 0 316942
32 1 317060
8 0 317299
8 1 317377
8 0 317431
8 1 317537
8 0 317878
8 1 317954
65 0 318406
82 0 318495
32 0 318518
82 1 318559
65 1 318572
32 1 318628
70 0 318628
73 0 318707
70 1 318708
32 0 318764
73 1 318813
32 1 318856
68 0 318868
68 1 318967
8 0 319133
8 1 319252
73 0 319294
68 0 319353
69 0 319410
73 1 319413
68 1 319466
69 1 319495
65 0 319532
76 0 319594
65 1 319644
76 1 319673
219 0 319767
32 0 319843
219 1 319853
68 0 319892
65 0 319949
32 1 319949
68 1 319982
67 0 320066
65 1 320099
67 1 320136
219 0 320147
32 0 320227
219 1 320231
32 1 320339
78 0 322561
78 1 322676
69 0 323209
69 1 323299
189 0 323313
189 1 323419
65 0 323491
77 0 323617
65 1 323620
77 1 323734
32 0 323741
32 1 323853
85 0 323921
85 1 323998
73 0 324087
73 1 324197
84 0 324208
84 1 324316
65 0 324469
32 0 324586
65 1 324602
32 1 324705
76 0 327039
65 0 327092
76 1 327136
32 0 327162
65 1 327231
32 1 327281
68 0 327322
73 0 327425
68 1 327431
86 0 327503
73 1 327526
69 0 327566
86 1 327596
82 0 327689
69 1 327725
82 1 327774
83 0 327835
69 0 327882
32 0 327939
83 1 327949
69 1 327995
32 1 328061
70 0 329053
73 0 329143
70 1 329153
73 1 329218
76 0 329890
77 0 329980
76 1 330043
69 0 330089
77 1 330102
69 1 330204
188 0 332011
188 1 332098
32 0 332104
32 1 332229
65 0 332685
65 1 332810
8 0 333099
8 1 333254
68 0 333335
65 0 333402
68 1 333425
67 0 333498
65 1 333538
219 0 333571
67 1 333604
219 1 333664
32 0 333758
32 1 333860
16 0 335807
17 0 335826
37 0 335984
37 1 336113
16 1 336167
17 1 336183
8 0 336319
8 1 336411
83 0 336879
65 0 336941
83 1 337017
85 0 337036
65 1 337083
85 1 337136
32 0 337159
32 1 337275
84 0 337969
79 0 338059
84 1 338072
84 0 338148
79 1 338195
32 0 338231
84 1 338261
32 1 338344
67 0 338381
85 0 338455
67 1 338491
32 0 338514
85 1 338534
32 1 338636
80 0 338646
79 0 338729
80 1 338792
86 0 338798
79 1 338841
69 0 338868
86 1 338920
186 0 338963
69 1 338967
84 0 339076
186 1 339077
73 0 339175
84 1 339185
73 1 339252
32 0 339255
186 0 339361
32 1 339370
186 1 339453
73 0 339555
32 0 339624
73 1 339635
32 1 339728
85 0 339737
78 0 339809
85 1 339839
78 1 339904
32 0 339954
32 1 340013
8 0 340707
8 1 340819
8 0 340893
8 1 340979
8 0 342233
8 1 342315
8 0 342630
8 1 342719
8 0 342797
8 1 342876
8 0 342946
8 1 343019
8 0 343092
8 1 343148
190 0 343831
190 1 343907
9 0 344253
9 1 344338
20 0 346659
83 0 346782
20 1 346806
20 0 346879
83 1 346922
20 1 347020
73 0 347088
83 0 347165
73 1 347207
83 1 347263
84 0 347324
69 0 347386
77 0 347422
84 1 347446
69 1 347482
77 1 347515
85 0 347561
85 1 347652
76 0 347743
32 0 347802
76 1 347828
69 0 347851
32 1 347901
69 1 347934
68 0 348014
68 1 348102
85 0 348132
67 0 348192
85 1 348209
65 0 348238
67 1 348288
65 1 348362
222 0 348362
222 1 348428
73 0 348576
79 0 348635
73 1 348691
79 1 348747
78 0 348801
65 0 348864
78 1 348894
76 0 348949
32 0 348989
65 1 349003
76 1 349036
68 0 349055
32 1 349098
73 0 349145
68 1 349161
78 0 349201
73 1 349244
32 0 349253
20 0 349287
78 1 349310
32 1 349325
82 0 349378
20 1 349421
20 0 349438
79 0 349461
82 1 349491
77 0 349514
79 1 349565
20 1 349585
77 1 349624
220 0 350056
220 1 350141
78 0 350320
73 0 350405
65 0 350452
78 1 350465
73 1 350504
65 1 350577
32 0 350587
32 1 350685
78 0 350798
85 0 350897
78 1 350948
32 0 351000
85 1 351014
83 0 351110
32 1 351116
69 0 351176
32 0 351219
83 1 351239
69 1 351272
32 1 351321
70 0 351348
70 1 351444
65 0 351554
67 0 351672
65 1 351694
69 0 351766
67 1 351816
69 1 351887
16 0 352363
17 0 352399
37 0 352490
37 1 352615
37 0 352671
37 1 352768
16 1 352979
17 1 352995
69 0 353204
32 0 353305
69 1 353311
32 1 353423
80 0 353582
69 0 353678
80 1 353692
69 1 353729
32 0 353872
68 0 353937
32 1 353970
68 1 354017
82 0 354088
85 0 354167
82 1 354193
77 0 354268
85 1 354295
85 0 354376
77 1 354425
85 1 354468
76 0 354572
32 0 354658
76 1 354681
32 1 354758
67 0 355126
69 0 355198
67 1 355261
69 1 355328
76 0 355456
76 1 355503
32 0 355555
32 1 355667
66 0 355702
85 0 355781
66 1 355808
78 0 355903
85 1 355910
78 1 355996
188 0 356384
188 1 356485
32 0 356577
32 1 356739
186 0 356848
186 1 356904
8 0 357512
8 1 357594
8 0 357641
8 1 357716
8 0 357769
8 1 357858
32 0 357871
32 1 357984
186 0 357987
186 1 358077
8 0 358298
8 1 358385
8 0 358441
8 1 358523
188 0 358700
188 1 358812
32 0 358850
32 1 358979
78 0 359118
73 0 359213
78 1 359266
67 0 359295
73 1 359311
73 0 359370
67 1 359407
32 0 359440
73 1 359456
77 0 359523
32 1 359546
77 1 359609
219 0 360230
219 1 360340
67 0 360343
65 0 360412
67 1 360429
82 0 360502
65 1 360545
32 0 360578
82 1 360611
78 0 360644
32 1 360681
85 0 360724
78 1 360782
32 0 360792
85 1 360825
32 1 360890
65 0 360909
32 0 361025
65 1 361044
70 0 361130
32 1 361130
70 1 361220
79 0 361231
83 0 361281
79 1 361326
84 0 361359
83 1 361405
32 0 361428
84 1 361465
32 1 361524
86 0 361564
86 1 361644
82 0 361708
69 0 361762
82 1 361812
79 0 361816
69 1 361852
68 0 361901
79 1 361915
65 0 361955
68 1 361994
84 0 362060
65 1 362106
219 0 362127
84 1 362156
219 1 362199
190 0 362390
190 1 362469
32 0 362529
32 1 362624
20 0 363101
20 1 363235
78 0 364588
20 0 364614
78 1 364670
20 1 364757
85 0 364880
32 0 364967
85 1 364987
83 0 365059
32 1 365099
69 0 365140
32 0 365170
83 1 365200
69 1 365226
32 1 365295
70 0 365311
65 0 365374
70 1 365407
67 0 365479
65 1 365489
69 0 365543
67 1 365586
32 0 365602
69 1 365661
32 1 365727
65 0 365859
65 1 365974
66 0 366091
83 0 366150
66 1 366180
83 1 366259
79 0 366262
79 1 366356
76 0 366452
76 1 366557
85 0 366605
85 1 366681
84 0 366709
32 0 366809
84 1 366842
78 0 366845
32 1 366905
73 0 366944
78 1 366974
73 1 367043
77 0 367056
73 0 367148
77 1 367214
67 0 367237
73 1 367280
32 0 367349
67 1 367363
32 1 367461
66 0 367895
73 0 367985
66 1 368004
78 0 368080
73 1 368126
69 0 368150
78 1 368179
69 1 368245
188 0 368302
32 0 368381
188 1 368394
80 0 368451
32 1 368488
82 0 368517
80 1 368547
82 1 368600
79 0 368622
71 0 368678
79 1 368721
71 1 368741
82 0 368823
65 0 368868
82 1 368920
77 0 368938
65 1 368974
65 0 369024
77 1 369078
32 0 369109
65 1 369159
69 0 369179
32 1 369212
83 0 369259
69 1 369292
83 1 369367
84 0 369387
69 0 369434
84 1 369484
32 0 369494
69 1 369550
32 1 369613
221 0 369696
221 1 369779
78 0 369937
86 0 370012
78 1 370031
69 0 370064
86 1 370114
69 1 370167
67 0 370271
72 0 370396
67 1 370420
73 0 370480
72 1 370513
73 1 370572
84 0 370624
84 1 370714
219 0 370745
219 1 370830
188 0 371278
32 0 371353
188 1 371367
32 1 371456
80 0 371476
82 0 371543
80 1 371559
82 1 371625
79 0 371662
70 0 371728
69 0 371781
79 1 371784
70 1 371840
69 1 371856
83 0 371927
83 1 372016
73 0 372043
73 1 372161
8 0 372486
8 1 372569
79 0 372609
82 0 372698
79 1 372718
82 1 372787
73 0 372790
73 1 372870
73 0 372912
32 0 372976
73 1 373016
65 0 373042
32 1 373105
85 0 373131
65 1 373172
32 0 373215
85 1 373228
32 1 373303
77 0 373374
69 0 373453
77 1 373509
84 0 373542
69 1 373578
84 1 373634
79 0 373635
68 0 373727
79 1 373728
69 0 373801
68 1 373845
32 0 373881
69 1 373924
32 1 373980
69 0 374062
69 1 374160
8 0 374417
86 0 374490
8 1 374503
69 0 374536
86 1 374582
69 1 374622
67 0 374676
72 0 374737
67 1 374783
73 0 374797
72 1 374853
32 0 374863
68 0 374907
73 1 374920
32 1 374966
69 0 374999
68 1 375059
32 0 375082
69 1 375135
80 0 375141
32 1 375188
82 0 375207
80 1 375264
69 0 375270
82 1 375317
69 1 375349
68 0 375406
65 0 375456
68 1 375498
82 0 375571
65 1 375611
69 0 375624
32 0 375677
82 1 375690
69 1 375720
80 0 375750
32 1 375787
69 0 375820
80 1 375870
69 1 375903
78 0 375939
84 0 376002
82 0 376035
78 1 376042
85 0 376085
84 1 376086
82 1 376125
32 0 376128
85 1 376177
32 1 376267
70 0 376856
70 1 376940
73 0 376958
69 0 377021
73 1 377041
32 0 377061
69 1 377103
32 1 377143
67 0 377192
65 0 377242
67 1 377258
65 1 377340
8 0 377437
8 1 377517
8 0 377574
8 1 377650
8 0 377700
8 1 377806
67 0 377813
65 0 377889
67 1 377932
65 1 378011
82 0 378022
69 0 378088
82 1 378143
32 0 378163
69 1 378193
32 1 378276
8 0 378869
8 1 378984
8 0 379003
8 0 379493
8 0 379524
8 1 379560
8 0 379947
8 1 380045
8 0 380171
8 1 380263
8 0 380343
8 1 380418
8 0 380714
8 1 380822
69 0 381920
69 1 382017
76 0 382066
69 0 382172
76 1 382192
69 1 382282
86 0 382471
86 1 382566
73 0 382614
73 1 382713
73 0 382757
73 1 382859
32 0 382940
32 1 383085
68 0 383916
73 0 383995
68 1 384038
78 0 384058
73 1 384097
32 0 384133
78 1 384197
32 1 384233
71 0 384365
69 0 384431
78 0 384465
71 1 384489
69 1 384522
69 0 384563
78 1 384603
69 1 384649
82 0 384771
65 0 384827
82 1 384870
222 0 384917
65 1 384937
222 1 385012
73 0 385110
65 0 385167
73 1 385200
32 0 385249
65 1 385275
16 0 385315
32 1 385381
192 0 385463
192 1 385585
16 1 385643
20 0 385880
90 0 385998
20 1 386005
90 1 386118
20 0 386124
20 1 386239
16 0 386314
192 0 386442
192 1 386557
16 1 386628
190 0 387827
190 1 387919
32 0 388223
32 1 388370
20 0 388499
20 1 388644
221 0 390596
221 1 390715
20 0 390731
20 1 390837
78 0 391286
78 1 391384
32 0 391399
65 0 391498
32 1 391508
76 0 391580
65 1 391600
76 1 391695
84 0 391920
69 0 391986
84 1 392032
32 0 392062
69 1 392101
32 1 392178
222 0 392358
222 1 392492
219 0 392551
219 1 392653
82 0 392669
82 1 392775
73 0 392795
73 1 392864
188 0 396465
188 1 396541
32 0 396675
32 1 396794
83 0 396979
73 0 397074
83 1 397094
78 0 397137
67 0 397185
73 1 397194
69 0 397252
78 1 397255
67 1 397291
82 0 397361
69 1 397403
32 0 397437
82 1 397476
83 0 397506
219 0 397553
32 1 397555
83 1 397605
32 0 397629
219 1 397658
70 0 397701
32 1 397738
73 0 397784
70 1 397801
85 0 397857
73 1 397910
85 1 397949
188 0 398062
188 1 398161
32 0 398172
32 1 398274
85 0 398321
32 0 398397
85 1 398410
32 1 398505
8 0 398834
8 1 398893
8 0 398979
8 1 399078
78 0 399246
85 0 399346
78 1 399408
85 1 399444
32 0 399464
32 1 399557
186 0 399574
186 1 399673
84 0 399721
73 0 399771
84 1 399810
85 0 399873
73 1 399926
32 0 399975
85 1 399976
32 1 400051
67 0 400083
67 1 400236
220 0 400255
220 1 400376
84 0 400441
32 0 400539
84 1 400552
32 1 400654
68 0 400669
69 0 400766
32 0 400819
68 1 400820
69 1 400889
32 1 400939
66 0 400955
73 0 401062
66 1 401078
78 0 401162
73 1 401205
69 0 401211
78 1 401267
32 0 401271
69 1 401327
83 0 401347
32 1 401390
219 0 401422
83 1 401462
32 0 401486
219 1 401509
32 1 401601
77 0 401631
77 1 401727
219 0 401837
219 1 401924
32 0 401924
32 1 402046
82 0 402160
82 1 402241
8 0 402427
80 0 402535
8 1 402542
82 0 402638
80 1 402654
82 1 402717
79 0 402729
79 1 402838
78 0 402946
85 0 403035
78 1 403071
78 0 403122
85 1 403158
78 1 403214
222 0 403339
222 1 403431
188 0 403590
188 1 403687
32 0 403780
221 0 403849
32 1 403895
221 1 403948
78 0 404072
78 1 404144
83 0 404151
83 1 404276
219 0 404296
219 1 404371
188 0 404639
32 0 404751
188 1 404764
32 1 404873
68 0 404929
73 0 404990
68 1 405007
78 0 405060
73 1 405106
32 0 405125
65 0 405177
78 1 405180
32 1 405233
85 0 405276
65 1 405289
85 1 405368
90 0 405374
90 1 405455
73 0 405464
73 1 405554
84 0 405576
69 0 405645
84 1 405691
32 0 405741
69 1 405751
32 1 405843
80 0 406990
79 0 407052
80 1 407095
84 0 407124
79 1 407183
32 0 407186
84 1 407219
83 0 407282
32 1 407308
219 0 407358
83 1 407385
219 1 407431
8 0 407754
8 1 407823
219 0 408023
219 1 408108
32 0 408343
32 1 408471
90 0 409303
90 1 409402
73 0 409431
67 0 409510
73 1 409516
32 0 409609
67 1 409636
67 0 409705
32 1 409721
67 1 409791
219 0 409955
219 1 410107
32 0 410140
32 1 410213
20 0 410854
82 0 410979
20 1 410980
20 0 411027
82 1 411046
79 0 411059
77 0 411138
20 1 411165
79 1 411178
77 1 411221
220 0 411804
220 1 411890
78 0 412247
73 0 412319
78 1 412359
65 0 412395
73 1 412418
32 0 412457
65 1 412488
32 1 412514
69 0 412574
83 0 412633
69 1 412670
83 1 412735
84 0 412763
69 0 412830
84 1 412866
32 0 412926
69 1 412952
32 1 413056
68 0 414032
69 0 414108
68 1 414151
80 0 414201
69 1 414204
65 0 414273
80 1 414293
82 0 414347
82 1 414416
65 1 414416
84 0 414488
69 0 414535
84 1 414581
32 0 414614
69 1 414657
32 1 414750
68 0 414879
69 0 414940
68 1 414986
32 0 415031
69 1 415048
65 0 415130
32 1 415134
32 0 415250
65 1 415266
32 1 415366
70 0 415380
70 1 415479
73 0 415499
73 1 415581
32 0 415593
32 1 415712
80 0 417092
80 1 417202
82 0 417212
82 1 417304
73 0 417394
73 1 417536
8 0 417827
8 1 417908
8 0 417973
8 1 418052
8 0 418119
8 1 418191
79 0 419405
79 1 419493
32 0 419521
32 1 419655
222 0 419718
222 1 419819
65 0 419842
82 0 419892
219 0 419962
65 1 419968
82 1 419975
32 0 420057
219 1 420064
32 1 420152
67 0 420156
85 0 420246
67 1 420249
32 0 420315
85 1 420341
32 1 420417
85 0 420449
78 0 420516
85 1 420555
32 0 420626
78 1 420645
32 1 420724
16 0 421676
17 0 421716
37 0 421874
37 1 421994
37 0 422060
37 1 422159
16 1 422255
17 1 422271
66 0 422501
66 1 422615
73 0 422641
78 0 422736
73 1 422792
69 0 422796
78 1 422855
32 0 422901
69 1 422918
69 0 423020
32 1 423054
69 1 423133
68 0 423231
68 1 423323
85 0 423363
67 0 423413
85 1 423429
65 0 423472
67 1 423518
65 1 423601
84 0 423755
84 1 423870
219 0 423932
219 1 424021
190 0 425590
190 1 425689
32 0 425989
32 1 426141
20 0 426440
20 1 426564
80 0 426600
20 0 426665
80 1 426698
69 0 426727
20 1 426806
69 1 426829
78 0 426854
84 0 426972
78 1 426989
82 0 427049
85 0 427111
84 1 427124
82 1 427177
85 1 427230
32 0 427333
65 0 427435
32 1 427448
32 0 427518
65 1 427552
70 0 427615
32 1 427638
73 0 427707
70 1 427708
32 0 427779
73 1 427792
32 1 427883
80 0 428195
69 0 428231
80 1 428261
82 0 428298
69 1 428360
82 1 428380
70 0 428482
79 0 428619
70 1 428620
82 0 428721
79 1 428724
77 0 428813
82 1 428820
65 0 428913
77 1 428914
65 1 429029
78 0 430210
78 1 430309
222 0 430456
222 1 430558
73 0 430668
73 1 430748
188 0 430854
32 0 430937
188 1 430970
83 0 430999
32 1 431039
73 0 431085
83 1 431092
83 0 431128
73 1 431174
83 1 431211
84 0 431266
69 0 431319
77 0 431359
84 1 431375
69 1 431425
77 1 431454
85 0 431519
85 1 431588
76 0 431694
32 0 431770
76 1 431790
69 0 431833
32 1 431863
69 1 431895
68 0 431977
85 0 432036
68 1 432053
85 1 432132
67 0 432135
65 0 432169
67 1 432238
222 0 432261
65 1 432287
222 1 432351
73 0 432483
79 0 432544
73 1 432597
79 1 432649
78 0 432701
65 0 432780
78 1 432803
65 1 432886
76 0 432896
76 1 432982
32 0 432989
65 0 433042
32 1 433081
82 0 433130
65 1 433200
32 0 433207
82 1 433237
32 1 433273
84 0 433345
82 0 433405
84 1 433444
82 1 433475
69 0 433526
66 0 433574
69 1 433617
85 0 433686
66 1 433699
85 1 433726
85 0 434103
85 1 434182
8 0 434506
8 1 434602
73 0 434649
32 0 434728
73 1 434761
82 0 434827
32 1 434834
69 0 434877
82 1 434920
69 1 434976
70 0 434993
79 0 435069
70 1 435092
82 0 435155
79 1 435172
77 0 435247
82 1 435257
65 0 435307
77 1 435366
84 0 435379
65 1 435440
32 0 435450
84 1 435474
32 1 435533
68 0 435563
73 0 435613
68 1 435636
78 0 435675
73 1 435722
32 0 435745
78 1 435804
32 1 435810
84 0 435888
69 0 435935
84 1 435978
77 0 435991
69 1 436021
69 0 436084
77 1 436127
69 1 436169
73 0 436188
73 1 436241
8 0 436553
8 1 436602
76 0 436743
76 1 436852
73 0 436938
73 1 437026
73 0 437341
73 1 437423
188 0 437827
188 1 437941
32 0 437985
32 1 438093
221 0 438451
221 1 438540
78 0 438770
78 1 438859
67 0 438918
69 0 438995
67 1 439061
80 0 439095
69 1 439118
80 1 439187
220 0 439797
220 1 439882
78 0 440055
68 0 440113
78 1 440153
32 0 440167
68 1 440203
68 0 440265
32 1 440275
69 0 440344
68 1 440396
32 0 440419
69 1 440472
76 0 440472
32 1 440511
65 0 440555
76 1 440581
32 0 440614
65 1 440680
32 1 440727
80 0 440733
82 0 440809
80 1 440842
82 1 440889
79 0 440922
71 0 440975
79 1 441011
71 1 441027
82 0 441120
65 0 441173
82 1 441232
77 0 441265
65 1 441296
77 1 441352
219 0 441495
219 1 441568
188 0 441996
188 1 442100
32 0 442115
80 0 442211
32 1 442234
80 1 442307
220 0 442896
220 1 442978
78 0 443174
78 1 443253
219 0 443394
219 1 443480
32 0 443499
32 1 443618
76 0 443685
65 0 443771
76 1 443800
32 0 443830
65 1 443890
80 0 443929
32 1 443939
82 0 443995
80 1 444012
82 1 444079
79 0 444118
70 0 444194
79 1 444256
69 0 444262
70 1 444322
69 1 444341
83 0 444390
79 0 444482
83 1 444505
82 0 444562
79 1 444575
82 1 444664
73 0 444664
73 1 444737
32 0 444750
32 1 444879
186 0 444900
186 1 444991
8 0 445333
8 1 445436
8 0 445505
8 1 445599
16 0 446664
17 0 446670
37 0 446770
37 1 446873
17 1 446919
16 1 446938
69 0 447083
69 1 447185
8 0 447403
8 1 447505
77 0 447597
69 0 447677
77 1 447729
84 0 447746
69 1 447799
79 0 447812
84 1 447832
79 1 447921
68 0 447939
69 0 447990
76 0 448056
68 1 448060
69 1 448109
69 0 448165
76 1 448198
32 0 448238
69 1 448277
68 0 448333
32 1 448361
69 0 448398
68 1 448447
32 0 448460
69 1 448539
80 0 448556
32 1 448576
82 0 448628
69 0 448682
80 1 448685
82 1 448734
69 1 448761
68 0 448826
65 0 448883
68 1 448933
82 0 448996
65 1 449030
69 0 449046
82 1 449102
32 0 449112
69 1 449145
65 0 449217
32 1 449260
82 0 449347
65 1 449374
69 0 449414
82 1 449472
69 1 449529
32 0 449554
32 1 449676
8 0 449857
8 1 449929
8 0 449987
8 1 450077
8 0 450107
8 1 450218
76 0 450261
69 0 450331
32 0 450391
76 1 450394
69 1 450440
80 0 450457
32 1 450490
82 0 450553
80 1 450573
82 1 450646
79 0 450659
70 0 450744
69 0 450791
79 1 450804
70 1 450860
69 1 450885
83 0 450951
83 1 451046
79 0 451055
82 0 451121
79 1 451151
82 1 451213
73 0 451232
73 1 451324
76 0 451534
76 1 451611
79 0 451668
82 0 451720
79 1 451757
82 1 451879
32 0 451961
32 1 452088
16 0 452132
57 0 452224
57 1 452297
16 1 452408
221 0 452487
221 1 452592
78 0 452738
32 0 452794
78 1 452824
83 0 452859
32 1 452916
80 0 452929
83 1 452983
69 0 452989
80 1 453038
69 1 453074
67 0 453138
73 0 453184
67 1 453230
65 0 453260
73 1 453287
76 0 453366
65 1 453369
32 0 453445
76 1 453468
67 0 453544
32 1 453571
69 0 453621
67 1 453684
73 0 453697
69 1 453723
73 1 453789
32 0 453789
32 1 453898
66 0 454181
66 1 454290
219 0 454328
84 0 454443
219 1 454468
82 0 454501
84 1 454567
82 1 454603
220 0 455189
220 1 455272
78 0 455460
73 0 455546
78 1 455615
73 1 455654
16 0 455881
48 0 455958
48 1 456087
16 1 456139
190 0 456192
190 1 456320
9 0 456756
9 1 456861
20 0 483144
20 1 483282
80 0 485516
20 0 485614
80 1 485650
73 0 485723
20 1 485743
73 1 485822
67 0 485832
67 1 485954
84 0 486106
85 0 486201
84 1 486207
85 1 486293
82 0 486604
65 0 486683
82 1 486733
32 0 486752
65 1 486813
65 0 486888
32 1 486921
76 0 486978
65 1 487014
76 1 487054
219 0 487151
219 1 487237
84 0 487240
84 1 487335
85 0 487384
85 1 487463
82 0 487463
82 1 487546
65 0 487884
65 1 488008
84 0 488066
84 1 488139
219 0 488161
32 0 488258
219 1 488271
69 0 488363
32 1 488364
83 0 488443
69 1 488496
83 1 488578
84 0 488618
69 0 488674
84 1 488734
32 0 488734
69 1 488777
79 0 488790
32 1 488836
79 1 488916
32 0 488916
32 1 489010
73 0 489075
73 1 489190
77 0 489416
77 1 489548
65 0 489629
65 1 489731
71 0 489734
71 1 489823
73 0 489830
78 0 489896
73 1 489954
65 0 489990
78 1 490031
32 0 490064
65 1 490104
32 1 490179
67 0 490215
67 1 490317
8 0 490670
8 1 490750
8 0 490800
8 1 490879
8 0 490927
8 1 491029
69 0 491109
32 0 491222
69 1 491228
32 1 491328
67 0 491369
85 0 491439
67 1 491469
32 0 491489
85 1 491551
67 0 491582
32 1 491598
65 0 491661
67 1 491674
82 0 491757
65 1 491783
65 0 491842
82 1 491879
65 1 491966
67 0 492006
67 1 492110
84 0 492204
69 0 492254
84 1 492287
82 0 492359
69 1 492406
32 0 492439
82 1 492452
32 1 492541
82 0 492545
69 0 492598
82 1 492647
69 1 492703
76 0 492996
76 1 493056
73 0 493162
73 1 493260
71 0 493267
73 0 493356
71 1 493366
73 1 493428
79 0 493510
79 1 493606
83 0 494293
83 1 494389
188 0 498829
188 1 498952
8 0 500004
8 1 500137
190 0 500956
190 1 501010
32 0 501141
32 1 501299
20 0 501736
20 1 501875
68 0 501954
20 0 502036
68 1 502069
73 0 502115
20 1 502138
73 1 502204
69 0 502260
82 0 502392
69 1 502421
82 1 502487
186 0 502490
186 1 502590
8 0 502958
8 1 503040
8 0 503091
8 1 503173
8 0 503220
86 0 503302
8 1 503319
69 0 503428
86 1 503441
69 1 503551
82 0 503616
82 1 503711
186 0 503739
186 1 503815
73 0 503915
73 1 504004
32 0 504010
32 1 504117
79 0 504119
65 0 504186
79 1 504219
65 1 504288
77 0 504314
69 0 504374
77 1 504404
69 1 504466
78 0 504554
73 0 504554
78 1 504583
73 1 504652
32 0 504675
32 1 504802
83 0 506590
83 1 506702
85 0 506702
78 0 506785
85 1 506844
84 0 506860
32 0 506923
78 1 506926
84 1 506960
65 0 507029
32 1 507032
76 0 507085
65 1 507149
76 1 507175
219 0 507287
219 1 507376
84 0 507387
84 1 507473
85 0 507522
82 0 507582
85 1 507598
82 1 507670
73 0 507686
32 0 507742
73 1 507775
32 1 507870
68 0 507918
69 0 508004
68 1 508042
32 0 508111
69 1 508164
32 1 508223
16 0 509724
192 0 509888
192 1 509994
16 1 510036
67 0 510129
79 0 510229
67 1 510242
78 0 510295
68 0 510351
79 1 510364
78 1 510424
68 1 510440
85 0 510481
85 1 510564
67 0 510570
67 1 510659
219 0 510714
219 1 510820
84 0 510831
84 1 510926
79 0 510933
82 0 511020
79 1 511043
82 1 511115
85 0 511145
85 1 511228
8 0 511550
8 1 511651
16 0 511651
192 0 511799
192 1 511916
16 1 511975
32 0 512650
32 1 512798
8 0 513628
8 1 513759
188 0 515252
188 1 515364
32 0 515364
32 1 515486
83 0 515591
67 0 515693
83 1 515719
69 0 515822
67 1 515884
78 0 515921
69 1 515931
78 1 516029
65 0 516073
32 0 516179
65 1 516212
80 0 516285
32 1 516288
69 0 516377
80 1 516424
69 1 516457
84 0 516563
82 0 516623
84 1 516685
82 1 516712
69 0 517412
69 1 517488
67 0 517793
67 1 517885
220 0 517934
220 1 518021
78 0 518162
68 0 518216
78 1 518267
68 1 518303
85 0 518336
85 1 518434
83 0 518651
83 1 518779
8 0 518874
189 0 519000
8 1 519046
83 0 519079
189 1 519122
69 0 519145
83 1 519208
32 0 519221
69 1 519264
221 0 519310
32 1 519328
221 1 519400
78 0 519523
84 0 519586
78 1 519615
82 0 519646
84 1 519698
189 0 519728
82 1 519748
79 0 519808
189 1 519847
32 0 519923
79 1 519923
32 1 520015
77 0 520138
79 0 520250
77 1 520280
78 0 520342
79 1 520387
65 0 520420
78 1 520466
82 0 520499
65 1 520555
82 1 520598
72 0 520741
73 0 520856
72 1 520899
73 1 520956
17 0 521360
16 0 521363
37 0 521525
37 1 521625
17 1 521671
16 1 521677
8 0 521769
8 1 521845
16 0 522322
192 0 522567
192 1 522692
16 1 522732
78 0 522793
79 0 522906
78 1 522919
79 1 522985
8 0 523177
8 1 523255
8 0 523317
8 1 523399
8 0 523462
8 1 523538
66 0 526630
66 1 526742
73 0 526809
73 1 526887
8 0 527128
8 1 527201
8 0 527286
8 1 527361
66 0 528639
73 0 528728
66 1 528774
83 0 528807
73 1 528846
69 0 528863
83 1 528912
69 1 528945
82 0 529006
82 1 529091
73 0 529173
73 1 529265
67 0 529336
219 0 529458
67 1 529478
219 1 529564
190 0 531412
190 1 531498
32 0 531589
32 1 531692
20 0 532009
20 1 532168
77 0 533831
77 1 533939
20 0 533951
73 0 534069
20 1 534082
73 1 534151
32 0 534168
83 0 534256
32 1 534285
69 0 534331
83 1 534381
32 0 534401
69 1 534444
80 0 534470
32 1 534494
65 0 534533
80 1 534566
82 0 534606
65 1 534665
69 0 534678
32 0 534732
82 1 534742
69 1 534778
32 1 534828
219 0 534881
219 1 534979
32 0 534982
32 1 535098
8 0 535206
8 1 535292
8 0 535345
67 0 535437
8 1 535447
219 0 535509
67 1 535527
32 0 535602
219 1 535612
70 0 535689
32 1 535718
73 0 535798
70 1 535798
69 0 535879
73 1 535898
69 1 535961
67 0 536020
65 0 536098
67 1 536131
82 0 536206
65 1 536223
69 0 536276
32 0 536323
82 1 536333
69 1 536366
32 1 536478
69 0 536500
82 0 536552
69 1 536586
82 1 536641
65 0 536648
32 0 536728
65 1 536774
80 0 536829
32 1 536842
82 0 536922
80 1 536968
69 0 536972
82 1 537018
69 1 537074
79 0 537174
79 1 537267
67 0 537661
85 0 537743
67 1 537756
85 1 537822
80 0 538419
65 0 538502
80 1 538529
84 0 538598
65 1 538645
84 1 538681
32 0 538988
32 1 539090
68 0 539327
69 0 539415
68 1 539426
69 1 539558
8 0 539860
8 1 539988
79 0 540095
65 0 540174
79 1 540231
82 0 540238
32 0 540304
65 1 540314
82 1 540337
32 1 540417
68 0 540575
68 1 540644
69 0 540800
32 0 540872
69 1 540914
65 0 541000
32 1 541003
83 0 541079
83 1 541173
65 1 541199
80 0 541472
69 0 541535
80 1 541571
69 1 541611
67 0 541740
67 1 541802
67 0 542175
67 1 542278
84 0 542401
84 1 542503
85 0 542519
85 1 542602
76 0 542707
76 1 542809
32 0 542827
32 1 542930
8 0 543355
8 1 543434
8 0 543498
8 1 543577
8 0 543635
8 1 543716
8 0 543764
8 1 543847
8 0 543888
8 1 543982
84 0 544122
84 1 544234
85 0 544254
85 1 544294
76 0 544601
32 0 544713
76 1 544714
32 1 544811
68 0 544859
69 0 544950
68 1 544973
32 0 545049
69 1 545072
32 1 545154
8 0 546356
8 1 546461
8 0 546523
8 1 546614
8 0 546670
8 1 546765
68 0 547242
69 0 547344
68 1 547378
32 0 547420
69 1 547466
32 1 547548
65 0 547767
189 0 547882
65 1 547892
76 0 548017
189 1 548020
76 1 548145
8 0 548382
8 1 548465
76 0 548888
32 0 549001
76 1 549005
70 0 549083
32 1 549111
65 0 549150
70 1 549193
67 0 549266
65 1 549293
69 0 549333
32 0 549390
67 1 549394
69 1 549445
80 0 549481
32 1 549514
69 0 549524
80 1 549587
32 0 549600
69 1 549627
32 1 549707
16 0 549717
192 0 549852
192 1 549959
16 1 550008
68 0 550065
68 1 550138
8 0 550497
8 1 550566
67 0 550596
67 1 550686
79 0 550721
78 0 550818
68 0 550861
79 1 550874
78 1 550935
68 1 550961
85 0 551014
67 0 551070
85 1 551097
67 1 551172
219 0 551237
219 1 551337
84 0 551340
84 1 551412
79 0 551444
82 0 551510
79 1 551550
82 1 551599
16 0 551657
192 0 551760
192 1 551886
32 0 551896
16 1 551923
32 1 552035
85 0 552076
73 0 552159
85 1 552218
73 1 552271
77 0 552315
73 0 552392
84 0 552467
77 1 552467
73 1 552509
32 0 552529
84 1 552539
32 1 552643
83 0 552669
65 0 552735
85 0 552781
83 1 552788
65 1 552868
32 0 552868
85 1 552869
77 0 552931
32 1 552970
77 1 553050
85 0 553084
85 1 553177
76 0 553287
76 1 553371
222 0 553468
222 1 553566
85 0 553693
85 1 553767
77 0 553865
73 0 553949
77 1 553998
73 1 554074
84 0 554376
84 1 554486
188 0 555157
188 1 555239
32 0 555373
32 1 555484
86 0 555778
86 1 555869
219 0 556060
219 1 556166
90 0 556437
90 1 556539
220 0 557204
220 1 557287
78 0 557453
68 0 557542
78 1 557552
85 0 557605
68 1 557611
85 1 557693
189 0 557813
83 0 557913
189 1 557914
69 0 557989
32 0 558022
83 1 558051
69 1 558091
80 0 558138
32 1 558147
69 0 558227
80 1 558237
32 0 558287
69 1 558327
32 1 558402
69 0 558424
73 0 558510
69 1 558513
73 1 558595
32 0 558830
32 1 558981
71 0 562860
71 1 562965
82 0 563261
82 1 563375
65 0 563375
65 1 563503
66 0 563802
66 1 563871
65 0 563976
65 1 564134
32 0 564226
32 1 564362
186 0 565027
186 1 565143
8 0 565636
8 1 565753
221 0 565936
221 1 566048
78 0 566307
32 0 566404
78 1 566433
32 1 566496
65 0 566627
65 1 566775
8 0 567024
8 1 567129
67 0 567129
65 0 567199
67 1 567245
82 0 567332
65 1 567361
69 0 567397
32 0 567463
82 1 567476
69 1 567489
83 0 567582
32 1 567589
69 0 567672
32 0 567689
83 1 567712
69 1 567738
32 1 567797
77 0 567856
77 1 568014
8 0 568469
8 1 568558
8 0 568613
8 1 568702
8 0 568740
189 0 568845
8 1 568927
189 1 568950
65 0 569150
82 0 569215
32 0 569274
65 1 569310
82 1 569314
32 1 569376
77 0 569492
73 0 569594
77 1 569635
73 1 569661
186 0 569788
67 0 569855
186 1 569890
65 0 569890
67 1 569956
65 1 570025
190 0 570035
190 1 570115
32 0 570317
32 1 570433
20 0 574163
20 1 574308
79 0 574417
20 0 574480
79 1 574533
32 0 574562
20 1 574612
32 1 574641
90 0 574706
73 0 574762
90 1 574839
73 1 574865
32 0 574914
79 0 575023
32 1 575029
79 1 575113
66 0 575211
73 0 575277
66 1 575310
73 1 575370
186 0 575524
186 1 575619
78 0 575753
85 0 575823
78 1 575885
85 1 575901
73 0 575965
73 1 576067
84 0 576099
84 1 576189
219 0 576241
219 1 576324
32 0 576428
32 1 576557
221 0 576557
221 1 576623
8 0 576842
8 1 576893
8 0 576965
8 1 577047
188 0 577956
188 1 578069
32 0 578089
32 1 578234
221 0 578263
221 1 578353
78 0 578552
32 0 578681
78 1 578685
65 0 578818
32 1 578828
67 0 578926
65 1 578943
69 0 579005
76 0 579051
67 1 579057
69 1 579097
76 1 579156
69 0 579165
69 1 579256
32 0 579273
32 1 579379
86 0 579451
86 1 579527
82 0 579618
69 0 579674
82 1 579733
77 0 579743
69 1 579780
77 1 579859
85 0 579983
82 0 580069
85 1 580079
82 1 580167
73 0 580185
73 1 580277
32 0 580341
32 1 580446
16 0 580489
57 0 580565
57 1 580658
16 1 580717
80 0 580784
80 1 580887
82 0 580948
69 0 581009
82 1 581052
69 1 581075
83 0 581136
85 0 581228
83 1 581234
85 1 581277
80 0 581512
80 1 581621
85 0 581687
85 1 581767
78 0 581889
78 1 581997
32 0 582172
32 1 582283
80 0 583273
80 1 583395
82 0 583423
73 0 583525
82 1 583542
77 0 583628
73 1 583654
73 0 583759
77 1 583815
73 1 583866
73 0 583919
32 0 584005
73 1 584018
65 0 584120
32 1 584146
65 1 584268
78 0 584350
73 0 584465
78 1 584485
73 1 584538
32 0 584680
32 1 584792
68 0 584808
85 0 584926
68 1 584939
85 1 585005
80 0 585431
80 1 585523
219 0 585680
219 1 585778
32 0 585862
32 1 585964
20 0 586104
20 1 586202
72 0 586223
20 0 586283
72 1 586325
20 1 586402
82 0 586414
82 1 586506
73 0 586513
73 1 586602
83 0 586605
84 0 586695
83 1 586712
79 0 586758
84 1 586789
79 1 586855
83 0 586868
83 1 586944
16 0 587031
48 0 587107
48 1 587200
16 1 587256
188 0 589573
188 1 589645
32 0 589716
32 1 589821
38 0 590758
38 1 590900
40 0 591454
40 1 591608
38 0 592174
38 1 592325
40 0 592640
40 1 592787
67 0 594255
67 1 594374
82 0 594454
69 0 594503
82 1 594563
69 1 594589
68 0 594667
32 0 594755
68 1 594755
69 0 594851
32 1 594878
69 1 594937
85 0 594970
85 1 595046
32 0 595063
32 1 595142
67 0 595148
67 1 595244
219 0 595278
219 1 595372
32 0 595579
32 1 595681
8 0 596444
8 1 596520
8 0 596585
8 1 596664
8 0 596733
8 1 596810
8 0 596892
8 1 596974
32 0 597232
67 0 597343
32 1 597353
219 0 597386
67 1 597441
219 1 597504
32 0 597511
32 1 597628
83 0 600273
69 0 600348
32 0 600394
83 1 600404
69 1 600459
32 1 600498
80 0 600508
69 0 600601
80 1 600630
69 1 600683
84 0 600761
82 0 600835
84 1 600884
82 1 600897
69 0 600974
69 1 601038
67 0 601289
69 0 601333
67 1 601366
69 1 601402
65 0 601512
32 0 601609
65 1 601635
32 1 601712
220 0 602078
220 1 602163
8 0 602573
221 0 602702
8 1 602709
221 1 602838
78 0 602997
78 1 603082
32 0 603094
32 1 603203
77 0 603216
65 0 603281
77 1 603324
82 0 603353
65 1 603397
69 0 603423
32 0 603466
82 1 603482
69 1 603511
80 0 603534
32 1 603580
65 0 603634
80 1 603644
82 0 603703
82 1 603776
65 1 603776
84 0 603854
69 0 603891
84 1 603940
69 1 603999
32 0 604018
77 0 604082
32 1 604089
77 1 604190
85 0 604240
78 0 604330
85 1 604356
78 1 604437
67 0 604447
67 1 604523
73 0 604537
78 0 604606
73 1 604649
68 0 604721
78 1 604735
32 0 604811
68 1 604828
32 1 604934
8 0 605467
8 1 605583
188 0 606497
32 0 606573
188 1 606573
70 0 606638
32 1 606671
70 1 606744
73 0 606795
73 1 606901
69 0 606923
69 1 607052
32 0 607055
32 1 607188
8 0 607886
8 1 607965
8 0 608045
8 1 608111
8 0 608178
8 1 608247
8 0 608312
8 1 608380
8 0 608450
8 1 608526
8 0 608592
8 1 608675
190 0 609431
190 1 609500
32 0 609599
32 1 609773
