9 1 191681
16 0 233732
86 0 234066
86 1 234161
16 1 234178
82 0 234548
82 1 234667
69 0 234730
69 1 234834
77 0 235081
77 1 235193
69 0 235235
69 1 235331
65 0 235556
65 1 235684
32 0 235767
32 1 235851
65 0 235962
65 1 236055
67 0 236213
67 1 236304
85 0 236450
85 1 236526
77 0 236733
77 1 236824
32 0 236954
32 1 237045
69 0 237228
69 1 237315
83 0 237599
83 1 237687
84 0 237869
84 1 237956
69 0 238070
69 1 238187
32 0 238306
32 1 238393
77 0 239209
77 1 239297
79 0 239495
79 1 239596
72 0 240151
72 1 240250
79 0 240280
79 1 240348
84 0 240673
84 1 240751
8 0 241470
8 1 241550
82 0 241711
82 1 241778
65 0 241979
65 1 242122
84 0 242460
84 1 242544
65 0 242885
65 1 243008
188 0 245214
188 1 245286
32 0 245754
32 1 245808
65 0 246622
65 1 246705
32 0 246837
32 1 246925
78 0 247280
78 1 247356
73 0 247516
73 1 247611
78 0 247813
78 1 247892
83 0 248243
83 1 248334
32 0 248688
32 1 248744
83 0 249809
83 1 249887
73 0 249963
73 1 250027
32 0 250257
32 1 250328
80 0 250684
80 1 250797
69 0 250935
69 1 251002
32 0 251241
32 1 251308
83 0 251453
83 1 251521
84 0 251782
84 1 251869
82 0 251989
82 1 252045
65 0 252336
65 1 252456
90 0 252649
90 1 252757
73 0 252855
73 1 252928
32 0 253122
32 1 253210
83 0 253305
83 1 253388
69 0 253489
69 1 253584
32 0 253729
32 1 253786
67 0 253938
67 1 254013
73 0 254221
73 1 254292
82 0 254490
82 1 254556
67 0 254850
67 1 254937
85 0 255048
85 1 255107
76 0 255365
76 1 255450
65 0 255478
65 1 255618
32 0 255715
32 1 255792
65 0 256197
65 1 256305
78 0 256393
78 1 256472
69 0 256525
69 1 256608
86 0 257223
86 1 257335
79 0 257463
79 1 257543
73 0 257634
73 1 257726
79 0 258082
79 1 258177
83 0 258437
83 1 258517
190 0 260813
190 1 260905
78 0 265089
78 1 265161
85 0 265287
85 1 265389
189 0 265948
189 1 266020
77 0 266373
77 1 266459
73 0 266542
73 1 266649
32 0 266835
32 1 266915
80 0 267177
80 1 267264
76 0 267381
76 1 267485
20 0 267673
20 1 269019
65 0 270724
65 1 270808
67 0 271072
67 1 271123
69 0 271303
69 1 271384
32 0 271592
32 1 271676
65 0 272812
65 1 272938
67 0 273243
67 1 273299
69 0 273534
69 1 273598
65 0 273848
65 1 273944
83 0 274077
83 1 274160
84 0 274446
84 1 274534
65 0 274766
65 1 274886
32 0 274992
32 1 275071
86 0 275259
86 1 275327
82 0 275540
82 1 275624
69 0 275762
69 1 275857
77 0 276053
77 1 276144
69 0 276177
69 1 276285
190 0 276788
190 1 276867
73 0 283275
73 1 283351
78 0 283625
78 1 283703
32 0 283863
32 1 283978
90 0 284202
90 1 284305
73 0 284457
73 1 284533
76 0 284725
76 1 284825
69 0 284875
69 1 284983
76 0 285096
76 1 285203
69 0 285218
69 1 285315
32 0 285551
32 1 285631
84 0 285833
84 1 285936
82 0 286053
82 1 286144
69 0 286231
69 1 286286
67 0 286514
67 1 286630
85 0 286772
85 1 286851
84 0 287092
84 1 287180
69 0 287306
69 1 287413
32 0 287484
32 1 287572
65 0 287723
65 1 287848
32 0 287931
32 1 288022
70 0 288166
70 1 288265
79 0 288419
79 1 288508
83 0 288592
83 1 288697
84 0 288927
84 1 289010
32 0 289117
32 1 289188
80 0 289631
80 1 289730
85 0 290163
85 1 290233
84 0 290477
84 1 290580
73 0 290646
73 1 290726
78 0 290905
78 1 290988
32 0 291100
32 1 291192
77 0 291331
77 1 291423
65 0 291472
65 1 291579
73 0 291876
73 1 291944
32 0 292147
32 1 292231
82 0 292326
82 1 292417
69 0 292543
69 1 292599
67 0 293241
67 1 293321
69 0 293428
69 1 293520
32 0 293624
32 1 293704
68 0 293942
68 1 294010
65 0 294135
65 1 294247
82 0 294440
82 1 294520
32 0 294623
32 1 294707
70 0 295123
70 1 295210
65 0 295339
65 1 295466
82 0 295624
82 1 295712
65 0 295860
65 1 296000
32 0 296057
32 1 296129
80 0 296540
80 1 296621
82 0 296779
82 1 296864
69 0 296986
69 1 297054
67 0 297284
67 1 297355
73 0 297479
73 1 297571
79 0 297793
79 1 297867
73 0 298140
73 1 298219
84 0 298523
84 1 298594
65 0 298947
65 1 299102
84 0 299364
84 1 299451
73 0 299716
73 1 299775
73 0 299885
73 1 299945
37 0 302064
37 1 302140
37 0 302266
37 1 302350
37 0 302473
37 1 302568
37 0 302846
37 1 302929
37 0 303053
37 1 303149
37 0 303628
37 1 303708
8 0 306346
8 1 306432
80 0 306858
80 1 306934
39 0 307732
39 1 308712
39 0 308984
39 1 309051
39 0 309179
39 1 309242
39 0 309346
39 1 309416
39 0 309516
39 1 309596
39 0 309752
39 1 309804
188 0 310700
188 1 310759
32 0 310908
32 1 310991
65 0 311324
65 1 311443
69 0 311820
69 1 311955
82 0 312062
82 1 312142
85 0 312419
85 1 312501
76 0 312780
76 1 312866
32 0 313051
32 1 313142
69 0 313692
69 1 313772
82 0 313972
82 1 314031
65 0 314265
65 1 314403
32 0 314529
32 1 314611
82 0 314944
82 1 315048
69 0 315110
69 1 315202
67 0 315442
67 1 315505
69 0 315624
69 1 315700
32 0 315831
32 1 315922
83 0 316109
83 1 316200
73 0 316364
73 1 316455
32 0 316642
32 1 316714
85 0 317014
85 1 317082
83 0 317342
83 1 317442
67 0 317616
67 1 317688
65 0 317837
65 1 317935
84 0 318156
84 1 318232
188 0 319502
188 1 319572
32 0 319707
32 1 319781
85 0 320023
85 1 320095
77 0 320281
77 1 320347
73 0 320452
73 1 320533
68 0 320902
68 1 320985
73 0 321067
73 1 321139
68 0 321635
68 1 321723
73 0 321934
73 1 321994
8 0 323642
8 1 323731
8 0 323912
8 1 323972
84 0 324960
84 1 325027
65 0 325280
65 1 325407
84 0 325602
84 1 325676
69 0 325865
69 1 325989
32 0 326193
32 1 326281
83 0 327674
83 1 327753
67 0 327916
67 1 327996
65 0 328154
65 1 328285
90 0 328483
90 1 328591
85 0 328807
85 1 328878
84 0 329119
84 1 329202
65 0 329463
65 1 329570
190 0 342096
190 1 342177
32 0 342476
32 1 342557
86 0 343543
86 1 343620
82 0 343773
82 1 343885
69 0 343955
69 1 344075
77 0 344292
77 1 344391
69 0 344418
69 1 344524
65 0 344864
65 1 344996
32 0 345100
32 1 345173
80 0 345605
80 1 345688
69 0 345780
69 1 345886
82 0 346020
82 1 346104
70 0 346447
70 1 346523
69 0 346662
69 1 346734
67 0 346970
67 1 347050
84 0 347687
84 1 347750
65 0 348040
65 1 348167
32 0 348240
32 1 348338
80 0 348773
80 1 348864
69 0 348948
69 1 349035
78 0 349266
78 1 349334
84 0 349672
84 1 349756
82 0 349894
82 1 349978
85 0 350096
85 1 350184
32 0 350380
32 1 350464
77 0 350615
77 1 350670
73 0 350763
73 1 350864
78 0 351048
78 1 351132
69 0 351179
69 1 351275
32 0 351334
32 1 351406
82 0 352022
82 1 352082
69 0 352218
69 1 352282
80 0 352583
80 1 352660
82 0 352892
82 1 352967
69 0 353076
69 1 353132
90 0 353530
90 1 353633
73 0 353797
73 1 353880
78 0 354108
78 1 354180
84 0 354474
84 1 354537
65 0 354749
65 1 354865
32 0 355052
32 1 355120
79 0 355567
79 1 355663
32 0 355916
32 1 355975
90 0 356505
90 1 356599
73 0 356764
73 1 356827
32 0 357075
32 1 357123
68 0 358190
68 1 358265
69 0 358375
69 1 358450
32 0 358562
32 1 358622
86 0 359030
65 0 359059
86 1 359097
65 1 359155
82 0 359463
82 1 359514
65 0 359747
65 1 359867
32 0 359944
32 1 360020
67 0 360259
67 1 360331
85 0 360553
85 1 360632
32 0 360873
32 1 360964
84 0 361117
84 1 361181
69 0 361355
69 1 361440
77 0 361555
77 1 361639
80 0 361996
80 1 362099
69 0 362188
69 1 362284
82 0 362914
82 1 363021
65 0 363222
65 1 363342
84 0 363585
84 1 363660
85 0 363806
85 1 363888
82 0 364031
82 1 364134
73 0 364183
73 1 364271
32 0 364529
32 1 364598
68 0 364742
68 1 364815
69 0 364910
69 1 364978
32 0 365076
32 1 365144
77 0 365461
77 1 365528
65 0 365603
65 1 365692
88 0 365980
88 1 366078
73 0 366226
73 1 366294
77 0 366527
77 1 366599
32 0 366742
32 1 366808
50 0 368942
50 1 369056
56 0 369364
56 1 369451
8 0 370779
8 1 370888
8 0 371362
8 1 371450
51 0 372082
51 1 372165
48 0 372411
48 1 372506
32 0 372892
32 1 372971
71 0 373445
71 1 373513
82 0 373607
82 1 373695
65 0 373894
65 1 374030
68 0 374156
68 1 374229
69 0 374330
69 1 374417
188 0 375327
188 1 375422
32 0 375654
32 1 375733
67 0 378299
67 1 378402
85 0 378458
85 1 378530
32 0 378741
32 1 378827
83 0 378934
83 1 379065
79 0 379170
79 1 379270
65 0 379302
65 1 379418
82 0 379603
82 1 379710
69 0 379828
69 1 379931
188 0 390264
188 1 390329
32 0 390638
32 1 390725
70 0 391299
70 1 391373
65 0 391771
65 1 391939
82 0 392436
82 1 392524
65 0 392721
65 1 392835
32 0 393107
32 1 393175
85 0 393434
85 1 393521
77 0 393695
77 1 393803
73 0 393901
73 1 394009
68 0 394229
68 1 394333
73 0 394424
73 1 394496
84 0 394873
84 1 394957
65 0 395202
65 1 395320
84 0 395531
84 1 395631
69 0 395778
69 1 395902
32 0 396067
32 1 396175
69 0 396299
69 1 396413
67 0 396712
67 1 396782
8 0 398056
8 1 398148
88 0 398561
88 1 398656
67 0 398801
67 1 398843
69 0 399006
69 1 399089
83 0 399687
83 1 399801
73 0 399880
73 1 399983
86 0 400338
86 1 400429
65 0 400463
65 1 400583
190 0 402632
190 1 402719
65 0 408963
65 1 409060
67 0 409246
67 1 409357
85 0 409447
85 1 409530
77 0 409734
77 1 409838
32 0 409964
32 1 410046
50 0 410750
50 1 410850
32 0 410952
32 1 411032
83 0 411282
83 1 411384
65 0 411499
65 1 411623
80 0 411762
80 1 411866
65 0 412072
65 1 412176
8 0 412818
8 1 412938
84 0 413770
84 1 413854
65 0 413884
65 1 413980
77 0 414314
77 1 414401
65 0 414605
65 1 414722
78 0 415022
78 1 415108
73 0 415262
73 1 415353
32 0 415604
32 1 415666
65 0 415821
65 1 415928
77 0 416018
77 1 416108
32 0 416213
32 1 416320
65 0 416358
65 1 416490
86 0 416666
86 1 416743
85 0 417273
85 1 417351
84 0 417528
84 1 417632
32 0 417721
32 1 417800
79 0 418543
79 1 418638
32 0 418874
32 1 418950
86 0 419251
86 1 419331
82 0 419418
82 1 419533
69 0 419629
69 1 419732
77 0 419845
77 1 419940
69 0 419981
69 1 420104
32 0 420173
32 1 420253
65 0 420571
65 1 420685
84 0 420952
84 1 421051
73 0 421167
73 1 421234
80 0 421539
80 1 421635
73 0 421799
73 1 421878
67 0 422152
67 1 422234
65 0 422351
65 1 422482
32 0 422488
32 1 422558
80 0 422914
80 1 423021
69 0 423048
69 1 423140
78 0 423403
78 1 423470
84 0 423759
84 1 423846
82 0 423939
82 1 424027
85 0 424087
85 1 424171
32 0 424368
32 1 424443
80 0 424740
80 1 424827
69 0 424856
69 1 424956
82 0 425163
82 1 425239
73 0 425420
73 1 425507
79 0 425590
79 1 425668
65 0 425735
65 1 425793
68 0 426318
68 1 426408
65 0 426572
65 1 426679
32 0 426788
32 1 426876
65 0 427446
65 1 427553
67 0 427787
67 1 427851
69 0 427989
69 1 428073
65 0 428251
65 1 428387
83 0 428502
83 1 428586
84 0 428975
84 1 429039
65 0 429252
65 1 429368
32 0 431046
32 1 431133
67 0 431482
67 1 431557
85 0 431749
85 1 431825
32 0 432009
32 1 432109
84 0 432207
84 1 432271
69 0 432540
69 1 432632
77 0 432811
77 1 432891
80 0 433525
80 1 433613
69 0 433737
69 1 433813
82 0 434007
82 1 434086
65 0 434289
65 1 434397
84 0 434679
84 1 434766
85 0 434910
85 1 434990
82 0 435097
82 1 435181
73 0 435259
73 1 435331
32 0 435543
32 1 435630
80 0 435951
80 1 436043
69 0 436070
69 1 436186
83 0 436399
83 1 436499
84 0 436743
84 1 436818
69 0 436981
69 1 437093
32 0 437203
32 1 437279
49 0 441450
49 1 441564
52 0 442049
52 1 442145
32 0 442888
32 1 442959
71 0 444716
71 1 444782
82 0 444806
82 1 444910
65 0 445136
65 1 445264
68 0 445391
68 1 445490
69 0 445531
69 1 445651
39 0 457178
39 1 457302
188 0 457658
188 1 457721
32 0 461076
32 1 461152
80 0 544342
80 1 544485
8 0 546207
8 1 546351
8 0 546476
8 1 546619
188 0 547303
188 1 547378
32 0 547552
32 1 547612
80 0 548012
80 1 548097
69 0 548235
69 1 548335
82 0 548490
82 1 548586
73 0 548692
73 1 548779
79 0 548870
79 1 548958
65 0 549403
65 1 549535
68 0 549676
68 1 549751
65 0 549880
65 1 549992
32 0 550115
32 1 550202
79 0 550639
79 1 550735
8 0 551374
8 1 551472
73 0 551767
73 1 551859
78 0 552059
78 1 552139
32 0 552262
32 1 552362
67 0 552794
67 1 552917
65 0 552990
65 1 553101
82 0 553264
82 1 553355
69 0 553462
69 1 553562
32 0 554055
32 1 554143
65 0 554382
65 1 554510
77 0 554684
77 1 554768
32 0 554927
32 1 555018
83 0 556287
83 1 556387
67 0 556542
67 1 556633
72 0 556873
72 1 556956
73 0 557286
73 1 557379
77 0 557644
77 1 557739
66 0 558008
66 1 558103
65 0 558121
65 1 558252
84 0 558516
84 1 558631
32 0 558795
32 1 558850
84 0 559906
84 1 559996
73 0 560095
73 1 560166
78 0 560431
78 1 560522
85 0 560687
85 1 560781
84 0 561023
84 1 561114
65 0 561366
65 1 561490
32 0 561595
32 1 561681
68 0 561900
68 1 561955
69 0 562047
69 1 562126
32 0 562257
32 1 562332
73 0 562720
73 1 562812
65 0 562829
65 1 562974
82 0 563191
82 1 563270
78 0 563546
78 1 563637
65 0 563649
65 1 563797
32 0 563860
32 1 563943
67 0 564463
67 1 564538
85 0 564671
85 1 564760
32 0 564955
32 1 565051
85 0 565217
85 1 565303
78 0 565434
78 1 565529
65 0 565620
65 1 565767
32 0 565852
32 1 565935
68 0 566127
68 1 566194
69 0 566292
69 1 566372
32 0 566444
32 1 566516
84 0 566822
84 1 566902
79 0 567148
79 1 567217
65 0 567284
65 1 567395
77 0 567646
77 1 567712
78 0 568056
78 1 568136
65 0 568193
65 1 568301
32 0 578151
32 1 578242
70 0 578453
70 1 578545
79 0 578720
79 1 578819
83 0 578947
83 1 579067
84 0 581083
84 1 581158
32 0 581227
32 1 581318
78 0 581674
78 1 581757
69 0 581870
69 1 581962
86 0 582336
86 1 582418
79 0 582601
79 1 582708
73 0 582779
73 1 582891
84 0 583070
84 1 583162
73 0 583256
73 1 583348
32 0 583563
32 1 583638
83 0 585012
83 1 585123
65 0 585329
65 1 585457
32 0 586449
32 1 586541
8 0 590236
8 1 590323
77 0 590710
77 1 590778
190 0 593801
190 1 593873
8 0 627254
8 1 627366
16 0 630359
8 0 632259
8 1 632371
16 1 633075
46 0 633595
46 1 633697
190 0 635214
190 1 635286
16 0 640010
65 0 640184
16 1 640263
65 1 640323
67 0 640511
67 1 640606
85 0 640827
85 1 640920
77 0 641121
77 1 641208
32 0 641327
32 1 641402
50 0 641724
50 1 641828
32 0 641942
32 1 642021
90 0 642406
90 1 642537
73 0 642617
73 1 642700
76 0 642879
76 1 642966
69 0 643009
69 1 643112
32 0 645827
32 1 645928
46 0 647577
46 1 647665
46 0 647798
46 1 647888
46 0 648005
46 1 648085
46 0 648193
46 1 648277
46 0 648389
46 1 648485
46 0 648585
46 1 648685
46 0 648790
46 1 648869
46 0 648969
46 1 649065
46 0 649445
46 1 649525
46 0 649637
46 1 649724
46 0 649845
46 1 649928
46 0 650049
46 1 650137
46 0 650564
46 1 650617
46 0 650780
46 1 650868
46 0 651241
46 1 651305
8 0 656032
8 1 656112
16 0 656862
78 0 657270
78 1 657361
16 1 657495
8 0 665278
8 1 665345
16 0 665772
65 0 666656
16 1 666813
65 1 666814
8 0 672253
8 1 672323
190 0 673513
190 1 673580
32 0 673722
32 1 673794
16 0 678957
83 0 679321
16 1 679428
83 1 679448
65 0 679571
65 1 679691
80 0 679962
80 1 680058
84 0 680614
84 1 680774
65 0 680939
65 1 681059
77 0 681318
77 1 681430
65 0 681557
65 1 681677
78 0 681830
78 1 681905
65 0 681977
65 1 682093
32 0 682269
32 1 682349
84 0 683128
84 1 683215
82 0 683325
82 1 683430
69 0 683518
69 1 683605
67 0 683954
67 1 684033
85 0 684235
85 1 684311
84 0 684513
84 1 684608
65 0 684815
65 1 684958
32 0 685035
32 1 685118
65 0 685257
65 1 685373
32 0 685472
32 1 685547
80 0 686016
80 1 686092
76 0 686269
76 1 686352
79 0 686469
79 1 686552
85 0 686779
85 1 686863
65 0 687007
65 1 687159
84 0 687399
84 1 687486
32 0 687572
32 1 687640
69 0 687792
69 1 687879
88 0 688369
88 1 688465
67 0 688601
67 1 688680
69 0 688814
69 1 688905
83 0 689182
83 1 689270
73 0 689509
73 1 689584
86 0 690384
86 1 690484
190 0 692156
190 1 692223
32 0 692582
32 1 692649
32 0 705974
32 1 706065
32 0 716903
32 1 716981
65 0 717374
65 1 717506
32 0 717690
32 1 717778
8 0 718555
8 1 718667
8 0 718750
8 1 718838
8 0 719537
8 1 719632
188 0 720454
188 1 720517
32 0 720663
32 1 720727
65 0 720916
65 1 721044
32 0 721335
32 1 721415
70 0 721583
70 1 721675
79 0 721874
79 1 721942
83 0 722026
83 1 722142
84 0 722394
84 1 722497
32 0 722570
32 1 722649
73 0 723396
73 1 723467
78 0 723709
78 1 723788
78 0 723892
78 1 723943
79 0 724356
79 1 724459
85 0 724620
85 1 724716
82 0 724918
82 1 725023
65 0 725206
65 1 725349
84 0 725587
84 1 725686
32 0 725832
32 1 725911
84 0 726351
84 1 726451
79 0 726555
79 1 726634
65 0 726841
65 1 726996
84 0 727208
84 1 727308
65 0 727586
65 1 727713
32 0 727795
32 1 727875
90 0 728270
90 1 728390
73 0 728581
73 1 728648
85 0 728952
85 1 729027
65 0 729200
65 1 729319
188 0 734402
188 1 734459
32 0 734783
32 1 734844
79 0 735431
79 1 735530
32 0 735753
32 1 735817
86 0 736032
86 1 736123
82 0 736246
82 1 736357
69 0 736436
69 1 736539
77 0 736612
77 1 736704
69 0 736744
69 1 736840
32 0 736894
32 1 736985
80 0 737409
80 1 737496
69 0 737622
69 1 737729
32 0 737825
32 1 737904
67 0 738068
67 1 738143
65 0 738314
65 1 738432
82 0 738616
82 1 738719
69 0 738824
69 1 738927
32 0 739003
32 1 739087
69 0 739871
69 1 739962
85 0 740102
85 1 740197
32 0 740409
32 1 740495
78 0 740994
78 1 741088
85 0 741222
85 1 741325
32 0 741512
32 1 741593
79 0 741850
79 1 741961
32 0 742194
32 1 742270
65 0 742440
65 1 742568
71 0 742727
71 1 742791
82 0 742950
82 1 743033
69 0 743176
69 1 743256
69 0 743343
69 1 743403
90 0 743863
90 1 743951
90 0 744030
90 1 744123
8 0 745864
8 1 745971
8 0 746252
8 1 746355
69 0 747160
69 1 747239
90 0 747538
90 1 747622
32 0 747757
32 1 747848
80 0 748283
80 1 748370
69 0 748438
69 1 748542
78 0 748735
78 1 748803
84 0 749043
84 1 749142
82 0 749207
82 1 749304
85 0 749366
85 1 749453
32 0 749657
32 1 749726
67 0 749797
67 1 749906
65 0 750054
65 1 750198
32 0 750379
32 1 750463
84 0 750623
84 1 750717
69 0 750859
69 1 750955
32 0 751067
32 1 751146
84 0 751407
84 1 751504
73 0 751623
73 1 751711
78 0 751880
78 1 751967
69 0 752056
69 1 752147
32 0 752193
32 1 752264
73 0 752493
73 1 752593
78 0 752774
78 1 752837
32 0 752946
32 1 753029
67 0 753159
67 1 753219
65 0 753361
65 1 753480
83 0 753759
83 1 753842
65 0 753875
65 1 753960
16 0 765753
90 0 766382
16 1 766465
90 1 766502
73 0 766637
73 1 766753
85 0 766871
85 1 766975
65 0 767011
65 1 767119
32 0 767390
32 1 767485
73 0 767641
73 1 767764
68 0 768168
68 1 768238
69 0 768359
69 1 768419
65 0 768717
65 1 768849
76 0 768897
76 1 768997
65 0 769012
65 1 769124
32 0 769223
32 1 769314
80 0 769623
80 1 769731
69 0 769760
69 1 769873
78 0 770080
78 1 770168
84 0 770391
84 1 770486
82 0 770591
82 1 770682
85 0 770741
85 1 770837
32 0 771009
32 1 771101
77 0 771213
77 1 771280
73 0 771370
73 1 771476
78 0 771643
78 1 771722
69 0 771854
69 1 771945
32 0 772033
32 1 772113
82 0 772449
82 1 772521
69 0 772594
69 1 772681
80 0 772926
80 1 773006
82 0 773209
82 1 773289
69 0 773376
69 1 773452
90 0 773973
90 1 774081
73 0 774133
73 1 774226
78 0 774378
78 1 774465
84 0 774662
84 1 774741
65 0 774969
65 1 775078
32 0 775133
32 1 775201
79 0 775559
79 1 775646
32 0 775848
32 1 775947
90 0 776406
90 1 776500
73 0 776643
73 1 776715
32 0 777011
32 1 777098
68 0 777419
68 1 777511
73 0 777767
73 1 777830
78 0 778609
78 1 778677
32 0 778857
32 1 778933
80 0 779422
80 1 779523
69 0 779574
69 1 779666
82 0 779838
82 1 779918
73 0 780381
73 1 780460
79 0 780889
79 1 780964
65 0 781100
65 1 781207
68 0 781481
68 1 781548
65 0 781654
65 1 781766
32 0 781887
32 1 781954
68 0 782418
68 1 782479
69 0 782613
69 1 782672
32 0 782781
32 1 782850
80 0 783300
80 1 783375
82 0 783528
82 1 783608
73 0 783840
73 1 783914
77 0 784113
77 1 784204
65 0 784220
65 1 784340
86 0 784858
86 1 784940
65 0 785126
65 1 785238
82 0 785432
82 1 785499
65 0 785662
65 1 785780
189 0 786251
189 1 786311
86 0 786788
86 1 786881
65 0 786904
65 1 787012
82 0 787457
82 1 787525
65 0 787695
65 1 787811
32 0 787912
32 1 787979
65 0 788158
65 1 788253
32 0 788365
32 1 788453
65 0 788691
65 1 788791
78 0 788885
78 1 788975
85 0 789077
85 1 789181
76 0 789603
76 1 789706
85 0 789870
85 1 789953
73 0 790037
73 1 790113
190 0 790762
190 1 790834
32 0 793395
32 1 793457
16 0 794083
77 0 794247
77 1 794324
16 1 794342
32 0 794540
32 1 794623
65 0 794732
65 1 794800
8 0 795346
8 1 795433
84 0 795702
84 1 795788
82 0 795881
82 1 795945
69 0 796423
69 1 796513
90 0 796829
90 1 796908
69 0 797219
69 1 797291
83 0 797797
83 1 797885
67 0 797987
67 1 798075
32 0 798233
32 1 798302
76 0 798668
76 1 798755
65 0 798767
65 1 798876
32 0 798960
32 1 799044
56 0 801068
56 1 801131
16 0 801862
190 0 802046
16 1 802138
190 1 802161
8 0 803499
8 1 803587
16 0 804000
186 0 804755
186 1 804843
16 1 805204
51 0 806191
51 1 806305
48 0 806387
48 1 806467
188 0 808224
188 1 808307
32 0 808455
32 1 808519
77 0 809009
77 1 809083
65 0 809125
65 1 809233
78 0 809391
78 1 809471
65 0 809568
65 1 809704
78 0 810138
78 1 810210
67 0 810440
67 1 810540
32 0 810603
32 1 810667
77 0 811006
77 1 811086
73 0 811229
73 1 811317
67 0 811585
67 1 811685
85 0 811709
85 1 811777
76 0 812047
76 1 812127
32 0 812317
32 1 812393
68 0 812567
68 1 812651
69 0 812716
69 1 812785
32 0 812864
32 1 812941
74 0 813556
74 1 813612
85 0 813705
85 1 813816
78 0 814007
78 1 814083
188 0 822175
188 1 822261
32 0 822457
32 1 822553
68 0 824037
68 1 824133
85 0 824235
85 1 824303
32 0 824586
32 1 824672
8 0 825280
8 1 825379
79 0 825765
79 1 825821
8 0 826312
8 1 826411
80 0 826709
80 1 826796
65 0 826859
65 1 826970
32 0 827109
32 1 827188
67 0 827520
67 1 827644
65 0 827714
65 1 827809
82 0 827994
82 1 828106
69 0 828204
69 1 828287
32 0 828295
32 1 828391
73 0 828865
73 1 828936
77 0 829125
77 1 829196
73 0 829468
73 1 829543
32 0 829748
32 1 829823
80 0 830180
80 1 830276
82 0 830392
82 1 830483
69 0 830604
69 1 830659
71 0 830972
65 0 831051
71 1 831061
65 1 831183
84 0 831435
84 1 831519
69 0 831651
69 1 831758
83 0 832340
83 1 832491
67 0 832658
67 1 832764
32 0 832865
32 1 832945
67 0 834356
67 1 834407
65 0 834576
65 1 834696
70 0 834877
70 1 834965
69 0 834986
69 1 835086
65 0 835228
65 1 835351
85 0 835509
85 1 835568
65 0 835648
65 1 835760
190 0 836672
190 1 836745
32 0 836987
32 1 837062
79 0 840197
79 1 840284
68 0 840399
68 1 840483
65 0 840592
65 1 840720
84 0 840977
84 1 841089
65 0 841141
65 1 841261
32 0 841487
32 1 841551
80 0 842095
80 1 842159
82 0 842244
82 1 842352
69 0 842440
69 1 842536
71 0 842790
71 1 842857
65 0 843041
65 1 843169
84 0 843350
84 1 843450
73 0 843529
73 1 843599
84 0 843732
84 1 843836
65 0 844077
65 1 844217
32 0 844371
32 1 844459
67 0 845083
67 1 845150
65 0 845297
65 1 845413
69 0 845897
69 1 846020
8 0 847732
8 1 847827
70 0 848003
70 1 848062
69 0 848200
69 1 848296
65 0 848492
65 1 848627
85 0 848719
85 1 848798
65 0 848814
65 1 848911
188 0 850116
188 1 850192
32 0 850365
32 1 850433
79 0 852021
79 1 852084
32 0 852307
32 1 852386
73 0 852530
73 1 852612
65 0 852644
65 1 852764
85 0 852906
85 1 852974
32 0 853171
32 1 853258
83 0 853470
83 1 853566
73 0 853694
73 1 853726
32 0 855634
32 1 855734
80 0 856175
80 1 856264
76 0 856445
76 1 856544
69 0 856551
69 1 856696
67 0 857034
67 1 857137
32 0 857198
32 1 857282
73 0 857760
73 1 857848
78 0 858034
78 1 858104
32 0 858229
32 1 858300
83 0 858379
83 1 858476
80 0 858677
80 1 858777
65 0 858791
65 1 858888
84 0 859148
84 1 859231
69 0 859356
69 1 859451
32 0 859518
32 1 859591
76 0 859875
76 1 859963
65 0 859975
65 1 860090
32 0 860207
32 1 860291
71 0 860455
71 1 860567
65 0 860612
65 1 860730
82 0 860916
82 1 861011
65 0 861128
65 1 861251
74 0 861969
74 1 862052
32 0 863012
32 1 863072
85 0 863521
85 1 863580
78 0 863769
78 1 863864
68 0 864213
68 1 864293
69 0 864398
69 1 864490
32 0 864571
32 1 864634
73 0 865127
73 1 865195
77 0 865377
77 1 865464
73 0 865603
73 1 865679
32 0 865888
32 1 865968
80 0 866241
80 1 866333
76 0 866506
76 1 866577
65 0 866698
65 1 866810
67 0 867045
67 1 867117
69 0 867293
69 1 867393
32 0 867491
32 1 867559
83 0 867680
83 1 867767
65 0 867843
65 1 867960
32 0 868053
32 1 868120
79 0 868539
79 1 868615
32 0 868816
32 1 868895
83 0 869134
83 1 869217
65 0 869320
65 1 869419
86 0 869664
86 1 869734
85 0 869940
85 1 870008
82 0 870210
82 1 870297
69 0 870870
69 1 870949
90 0 871224
90 1 871328
32 0 872220
32 1 872278
69 0 872539
69 1 872638
70 0 872962
70 1 873021
69 0 873103
69 1 873207
67 0 873354
67 1 873437
84 0 873681
84 1 873756
85 0 873961
85 1 874056
65 0 874660
65 1 874759
78 0 874983
78 1 875051
68 0 875306
68 1 875397
32 0 875473
32 1 875544
77 0 875837
77 1 875936
73 0 876048
73 1 876144
67 0 876509
67 1 876584
73 0 876657
73 1 876748
32 0 877098
32 1 877165
65 0 893286
65 1 893387
67 0 893543
67 1 893638
84 0 893865
84 1 893960
73 0 894070
73 1 894149
86 0 894640
86 1 894715
73 0 894885
73 1 895001
84 0 895247
84 1 895334
65 0 895541
65 1 895652
84 0 895882
84 1 895982
73 0 896070
73 1 896161
32 0 896579
32 1 896659
73 0 902535
73 1 902611
78 0 902854
78 1 902942
32 0 903065
32 1 903161
71 0 903450
71 1 903554
65 0 903742
65 1 903885
82 0 904033
82 1 904132
65 0 904225
65 1 904384
74 0 904662
74 1 904728
190 0 905430
190 1 905510
32 0 906228
32 1 906288
68 0 908854
68 1 908966
85 0 909055
85 1 909119
80 0 909393
80 1 909496
65 0 909509
65 1 909637
32 0 909794
32 1 909894
65 0 910121
65 1 910232
67 0 910376
67 1 910443
69 0 910578
69 1 910854
69 0 910938
69 1 910986
65 0 912036
65 1 912151
32 0 912276
32 1 912376
77 0 913110
77 1 913222
65 0 913251
65 1 913379
32 0 913807
32 1 913879
68 0 914034
68 1 914146
85 0 914343
85 1 914419
67 0 914584
67 1 914667
32 0 914866
32 1 914953
83 0 915415
83 1 915530
73 0 915604
73 1 915692
32 0 915862
32 1 915969
70 0 916070
70 1 916145
65 0 916279
65 1 916390
67 0 916564
67 1 916615
32 0 916697
32 1 916774
85 0 916983
85 1 917095
78 0 917267
78 1 917334
32 0 917468
32 1 917559
68 0 917620
68 1 917720
85 0 917839
85 1 917895
83 0 918160
83 1 918267
32 0 918391
32 1 918486
83 0 918805
83 1 918912
73 0 919005
73 1 919108
32 0 919336
32 1 919419
77 0 919588
77 1 919678
65 0 919709
65 1 919816
32 0 919888
32 1 919968
73 0 920269
73 1 920340
77 0 920539
77 1 920634
66 0 920879
66 1 920962
82 0 921122
82 1 921197
65 0 921345
65 1 921463
67 0 921713
67 1 921788
32 0 921901
32 1 921977
80 0 922705
80 1 922792
69 0 922881
69 1 922973
78 0 923210
78 1 923277
84 0 923535
84 1 923644
82 0 923802
82 1 923908
85 0 923995
85 1 924078
32 0 924270
32 1 924366
65 0 924437
65 1 924528
32 0 924635
32 1 924695
80 0 925055
80 1 925150
76 0 925292
76 1 925373
69 0 925424
69 1 925520
67 0 925767
67 1 925835
65 0 925982
65 1 926112
32 0 926187
32 1 926250
73 0 926682
73 1 926761
78 0 926982
78 1 927041
32 0 927157
32 1 927228
79 0 927654
79 1 927729
82 0 927923
82 1 928010
65 0 928171
65 1 928266
83 0 928383
83 1 928471
32 0 928623
32 1 928694
83 0 929084
83 1 929180
65 0 929247
65 1 929351
32 0 929402
32 1 929489
77 0 929638
77 1 929722
65 0 929732
65 1 929850
32 0 929885
32 1 929957
73 0 930185
73 1 930277
78 0 930668
78 1 930735
84 0 931081
84 1 931164
65 0 931439
65 1 931555
76 0 931679
76 1 931775
78 0 932065
78 1 932137
69 0 932187
69 1 932282
83 0 932449
83 1 932541
67 0 932693
67 1 932772
32 0 932882
32 1 932958
67 0 933164
67 1 933240
85 0 933373
85 1 933457
32 0 933632
32 1 933704
80 0 934084
80 1 934173
82 0 934191
82 1 934307
73 0 934599
73 1 934695
69 0 934778
69 1 934866
84 0 935241
84 1 935341
69 0 935415
69 1 935527
78 0 935808
78 1 935907
73 0 936105
73 1 936188
73 0 936259
73 1 936318
32 0 938869
32 1 938928
76 0 939331
76 1 939419
65 0 939439
65 1 939551
32 0 939640
32 1 939712
79 0 940010
79 1 940092
32 0 940311
32 1 940386
84 0 940583
84 1 940678
69 0 940800
69 1 940902
82 0 941004
82 1 941080
65 0 941299
65 1 941393
83 0 941576
83 1 941668
65 0 941688
65 1 941820
32 0 944411
32 1 944495
83 0 944641
83 1 944724
65 0 944796
65 1 944900
32 0 944951
32 1 945010
83 0 945125
83 1 945224
65 0 945667
65 1 945772
86 0 946018
86 1 946094
85 0 946273
85 1 946361
82 0 946656
82 1 946747
65 0 946899
65 1 947023
77 0 947076
77 1 947160
32 0 947265
32 1 947356
85 0 947891
85 1 947961
78 0 948183
78 1 948255
32 0 948386
32 1 948470
83 0 950138
83 1 950234
85 0 950276
85 1 950384
67 0 950710
67 1 950774
32 0 950913
32 1 951000
80 0 954024
80 1 954103
65 0 954110
65 1 954219
82 0 954450
82 1 954545
84 0 954879
84 1 954974
73 0 955129
73 1 955217
67 0 955375
67 1 955450
73 0 955527
73 1 955620
80 0 955879
80 1 955983
65 0 956023
65 1 956158
78 0 956367
78 1 956455
68 0 956723
68 1 956802
32 0 956984
32 1 957072
76 0 957361
76 1 957460
65 0 957495
65 1 957611
32 0 957688
32 1 957757
68 0 957880
68 1 957956
73 0 958116
73 1 958199
83 0 958372
83 1 958439
67 0 958596
67 1 958668
85 0 958962
85 1 959037
84 0 959267
84 1 959355
73 0 959463
73 1 959530
73 0 959600
73 1 959671
32 0 959971
32 1 960017
80 0 963195
80 1 963298
79 0 963446
79 1 963526
76 0 963678
76 1 963777
73 0 963871
73 1 963971
84 0 964280
84 1 964344
73 0 964369
73 1 964437
67 0 964984
67 1 965088
69 0 965329
69 1 965437
188 0 966695
188 1 966781
32 0 966909
32 1 966999
68 0 967207
68 1 967262
69 0 967337
69 1 967409
32 0 967509
32 1 967569
83 0 967968
83 1 968067
69 0 968178
69 1 968222
82 0 968441
82 1 968513
86 0 968828
86 1 968899
73 0 969063
73 1 969155
67 0 969443
67 1 969531
73 0 969599
73 1 969690
85 0 969782
85 1 969868
188 0 970290
188 1 970370
32 0 970546
32 1 970623
68 0 974308
68 1 974387
69 0 974482
69 1 974561
32 0 974695
32 1 974770
83 0 975151
83 1 975231
80 0 975444
80 1 975540
79 0 975650
79 1 975746
82 0 975958
82 1 976077
84 0 976186
84 1 976265
188 0 977074
188 1 977142
32 0 977263
32 1 977351
69 0 978044
69 1 978147
84 0 978312
84 1 978388
67 0 978572
67 1 978660
190 0 979307
190 1 979371
32 0 984811
32 1 984880
76 0 986161
65 0 986253
76 1 986264
65 1 986373
32 0 986539
32 1 986627
8 0 987396
8 1 987495
8 0 987579
8 1 987667
8 0 987744
8 1 987820
16 0 988738
77 0 988926
77 1 989022
16 1 989063
65 0 989525
65 1 989643
32 0 989713
32 1 989796
73 0 990212
73 1 990299
78 0 990449
78 1 990545
84 0 990777
84 1 990881
79 0 991072
79 1 991143
82 0 991218
82 1 991315
67 0 991645
67 1 991737
32 0 991794
32 1 991874
65 0 992010
65 1 992117
67 0 992285
67 1 992374
65 0 992484
65 1 992588
83 0 992728
83 1 992816
65 0 992923
65 1 993014
32 0 993203
32 1 993259
73 0 993615
73 1 993710
78 0 993883
78 1 993955
32 0 994084
32 1 994167
74 0 994962
74 1 995053
85 0 995146
85 1 995237
84 0 995410
84 1 995505
8 0 996303
8 1 996387
82 0 996686
82 1 996786
85 0 996890
85 1 996954
76 0 997193
76 1 997268
32 0 997427
32 1 997511
79 0 998125
79 1 998192
82 0 998325
82 1 998442
69 0 998780
69 1 998888
73 0 998921
73 1 999021
32 0 999231
32 1 999314
49 0 999647
49 1 999745
51 0 999909
51 1 1000001
32 0 1000315
32 1 1000395
68 0 1003600
68 1 1003707
85 0 1003756
85 1 1003844
80 0 1004043
80 1 1004158
65 0 1004168
65 1 1004306
32 0 1004455
32 1 1004530
67 0 1004673
67 1 1004756
65 0 1004856
65 1 1004979
82 0 1005118
82 1 1005214
69 0 1005330
69 1 1005433
32 0 1005482
32 1 1005546
73 0 1005833
73 1 1005933
65 0 1005948
65 1 1006076
85 0 1006090
85 1 1006179
32 0 1006372
32 1 1006452
80 0 1006765
80 1 1006861
82 0 1007099
82 1 1007190
65 0 1007309
65 1 1007426
78 0 1007562
78 1 1007649
88 0 1007911
88 1 1007962
8 0 1008594
8 1 1008689
90 0 1008861
90 1 1008960
85 0 1009112
85 1 1009207
76 0 1009367
76 1 1009449
32 0 1009632
32 1 1009735
67 0 1009881
67 1 1009961
85 0 1010096
85 1 1010165
32 0 1010364
32 1 1010439
70 0 1010662
70 1 1010737
65 0 1010998
65 1 1011085
77 0 1011198
77 1 1011257
73 0 1011368
73 1 1011458
76 0 1011629
76 1 1011733
73 0 1011820
73 1 1011896
65 0 1011986
65 1 1012111
32 0 1016160
32 1 1016218
83 0 1016615
83 1 1016702
73 0 1016770
73 1 1016863
32 0 1017042
32 1 1017154
77 0 1017314
77 1 1017417
65 0 1017569
65 1 1017645
32 0 1017777
32 1 1017848
80 0 1019248
80 1 1019342
85 0 1019611
85 1 1019687
78 0 1019895
78 1 1019978
32 0 1020085
32 1 1020169
73 0 1020645
73 1 1020725
78 0 1021071
78 1 1021146
32 0 1021268
32 1 1021338
80 0 1021834
80 1 1021935
65 0 1021999
65 1 1022131
84 0 1022389
84 1 1022488
32 0 1022758
32 1 1022822
67 0 1023470
67 1 1023545
85 0 1023829
85 1 1023892
32 0 1024094
32 1 1024161
76 0 1024596
76 1 1024667
65 0 1024716
65 1 1024816
80 0 1024933
80 1 1025016
84 0 1025323
84 1 1025419
79 0 1025542
79 1 1025621
80 0 1025893
80 1 1025976
85 0 1026396
85 1 1026474
76 0 1026678
76 1 1026756
32 0 1027012
32 1 1027072
73 0 1027551
73 1 1027642
78 0 1028001
78 1 1028070
32 0 1028209
32 1 1028266
77 0 1028440
77 1 1028521
65 0 1028553
65 1 1028681
78 0 1029147
78 1 1029229
65 0 1029282
65 1 1029403
190 0 1032071
190 1 1032145
32 0 1032681
32 1 1032733
83 0 1034783
83 1 1034876
80 0 1035162
80 1 1035246
82 0 1035610
82 1 1035687
69 0 1035827
69 1 1035935
32 0 1036120
32 1 1036202
83 0 1036353
83 1 1036440
69 0 1036528
69 1 1036616
65 0 1036766
65 1 1036857
82 0 1037174
82 1 1037250
65 0 1037407
65 1 1037510
32 0 1037661
32 1 1037724
73 0 1038448
73 1 1038532
69 0 1038569
69 1 1038677
83 0 1038981
83 1 1039084
32 0 1039315
32 1 1039408
73 0 1039733
73 1 1039797
78 0 1040001
78 1 1040080
32 0 1040239
32 1 1040306
67 0 1040628
67 1 1040679
65 0 1040788
65 1 1040896
82 0 1041095
82 1 1041181
84 0 1041420
84 1 1041503
73 0 1041649
73 1 1041724
69 0 1041824
69 1 1041936
82 0 1042061
82 1 1042187
32 0 1042344
32 1 1042436
85 0 1042647
85 1 1042735
78 0 1042884
78 1 1042979
68 0 1043156
68 1 1043219
69 0 1043335
69 1 1043431
32 0 1043469
32 1 1043541
77 0 1043708
77 1 1043799
65 0 1043820
65 1 1043955
32 0 1044016
32 1 1044086
73 0 1044406
73 1 1044483
78 0 1044692
78 1 1044755
84 0 1046342
84 1 1046430
65 0 1046611
65 1 1046743
76 0 1046802
76 1 1046865
78 0 1047144
78 1 1047222
69 0 1047394
69 1 1047474
83 0 1047625
83 1 1047739
67 0 1047887
67 1 1047972
32 0 1048118
32 1 1048210
67 0 1048507
67 1 1048574
85 0 1048701
85 1 1048780
32 0 1048982
32 1 1049042
80 0 1049405
80 1 1049493
82 0 1049708
82 1 1049780
73 0 1049876
73 1 1049947
69 0 1050053
69 1 1050145
84 0 1050567
84 1 1050654
69 0 1050726
69 1 1050826
78 0 1050980
78 1 1051057
73 0 1051216
73 1 1051292
73 0 1051395
73 1 1051445
32 0 1051856
32 1 1051932
68 0 1052509
68 1 1052560
69 0 1052664
69 1 1052724
32 0 1052812
32 1 1052876
65 0 1053108
65 1 1053212
73 0 1053391
73 1 1053462
67 0 1053683
67 1 1053762
73 0 1053813
73 1 1053877
32 0 1054097
32 1 1054164
76 0 1054361
76 1 1054464
65 0 1054479
65 1 1054607
32 0 1054749
32 1 1054837
79 0 1055258
79 1 1055330
32 0 1055605
32 1 1055677
84 0 1055861
84 1 1055945
69 0 1056109
69 1 1056220
82 0 1056349
82 1 1056424
65 0 1056588
65 1 1056684
83 0 1056865
83 1 1056968
65 0 1057033
65 1 1057141
32 0 1057253
32 1 1057323
8 0 1061625
8 1 1061705
190 0 1062114
190 1 1062169
32 0 1062396
32 1 1062451
16 0 1063409
192 0 1063636
83 0 1063680
192 1 1063760
16 1 1063762
83 1 1063836
80 0 1064333
80 1 1064409
82 0 1064452
82 1 1064545
69 0 1064599
69 1 1064691
32 0 1064928
32 1 1065008
83 0 1065219
83 1 1065287
69 0 1065367
69 1 1065438
65 0 1065584
65 1 1065700
82 0 1065957
82 1 1066040
65 0 1066169
65 1 1066269
32 0 1066347
32 1 1066411
73 0 1066753
73 1 1066833
78 0 1066999
78 1 1067095
84 0 1067319
84 1 1067427
82 0 1067480
82 1 1067559
85 0 1067611
85 1 1067700
32 0 1067888
32 1 1067943
73 0 1068215
73 1 1068290
78 0 1068507
78 1 1068587
32 0 1068711
32 1 1068785
67 0 1068907
67 1 1068951
65 0 1069077
65 1 1069157
83 0 1069290
83 1 1069358
65 0 1069436
65 1 1069536
32 0 1069663
32 1 1069743
83 0 1071934
83 1 1072036
73 0 1072345
73 1 1072434
32 0 1072824
32 1 1072879
77 0 1073936
77 1 1074020
65 0 1074124
65 1 1074239
32 0 1074287
32 1 1074355
8 0 1075615
8 1 1075731
8 0 1076420
8 1 1076471
8 0 1076601
8 1 1076653
67 0 1077996
67 1 1078067
73 0 1078183
73 1 1078263
84 0 1078582
84 1 1078650
69 0 1078793
69 1 1078904
83 0 1079095
83 1 1079174
67 0 1079340
67 1 1079436
32 0 1079510
32 1 1079570
79 0 1079878
79 1 1079974
32 0 1080182
32 1 1080282
67 0 1080384
67 1 1080471
65 0 1080571
65 1 1080674
82 0 1080877
82 1 1080965
84 0 1081197
84 1 1081287
69 0 1081362
69 1 1081479
32 0 1081565
32 1 1081644
83 0 1081967
83 1 1082054
65 0 1082191
65 1 1082285
85 0 1082499
85 1 1082610
32 0 1082968
32 1 1083035
77 0 1083747
77 1 1083834
65 0 1083893
65 1 1083997
32 0 1084007
32 1 1084085
85 0 1084421
85 1 1084488
73 0 1084598
73 1 1084681
84 0 1084764
84 1 1084848
32 0 1084954
32 1 1085030
76 0 1085250
76 1 1085340
65 0 1085343
65 1 1085473
32 0 1085556
32 1 1085643
84 0 1085800
84 1 1085863
69 0 1085999
69 1 1086103
76 0 1086205
76 1 1086292
69 0 1086336
69 1 1086423
86 0 1086976
86 1 1087048
73 0 1087205
73 1 1087279
90 0 1087786
90 1 1087878
79 0 1088012
79 1 1088076
82 0 1088290
82 1 1088370
190 0 1090932
190 1 1090984
8 0 1094020
8 1 1094103
16 0 1107905
83 0 1108171
16 1 1108221
83 1 1108290
73 0 1108521
73 1 1108616
83 0 1108660
83 1 1108779
73 0 1109019
73 1 1109100
84 0 1109201
84 1 1109283
69 0 1109410
69 1 1109538
77 0 1109618
77 1 1109717
85 0 1109842
85 1 1109949
76 0 1110135
76 1 1110238
32 0 1110419
32 1 1110501
69 0 1110628
69 1 1110707
68 0 1110830
68 1 1110922
85 0 1111101
85 1 1111172
67 0 1111377
67 1 1111462
65 0 1111585
65 1 1111701
84 0 1111946
84 1 1112033
73 0 1112149
73 1 1112233
79 0 1112335
79 1 1112435
78 0 1112682
78 1 1112752
65 0 1112819
65 1 1112939
76 0 1113015
76 1 1113115
32 0 1113392
32 1 1113465
68 0 1113958
68 1 1114037
73 0 1114138
73 1 1114242
78 0 1114446
78 1 1114518
32 0 1114650
32 1 1114734
16 0 1115118
82 0 1115585
16 1 1115661
82 1 1115676
79 0 1115881
79 1 1115965
77 0 1116255
77 1 1116351
65 0 1116426
65 1 1116537
78 0 1116615
78 1 1116695
73 0 1116846
73 1 1116941
65 0 1116967
65 1 1117094
32 0 1117218
32 1 1117306
69 0 1117457
69 1 1117565
83 0 1117670
83 1 1117777
84 0 1117983
84 1 1118050
69 0 1118544
69 1 1118632
32 0 1119023
32 1 1119079
80 0 1119960
80 1 1120048
69 0 1120115
69 1 1120186
32 0 1120329
32 1 1120413
85 0 1120617
85 1 1120717
78 0 1120859
78 1 1120938
32 0 1121039
32 1 1121134
68 0 1121230
68 1 1121330
82 0 1121434
82 1 1121521
85 0 1121729
85 1 1121808
77 0 1121983
77 1 1122051
32 0 1122164
32 1 1122248
71 0 1122679
71 1 1122750
82 0 1122771
82 1 1122859
69 0 1123023
69 1 1123119
83 0 1123317
83 1 1123404
73 0 1123555
73 1 1123631
84 0 1123880
84 1 1123959
190 0 1125571
190 1 1125631
32 0 1125908
32 1 1125967
78 0 1126402
78 1 1126497
8 0 1127096
8 1 1127171
16 0 1127505
78 0 1127777
78 1 1127860
16 1 1127989
85 0 1128010
85 1 1128097
32 0 1128401
32 1 1128471
69 0 1129100
69 1 1129200
83 0 1129319
83 1 1129446
84 0 1129700
84 1 1129772
69 0 1129875
69 1 1129995
32 0 1130153
32 1 1130217
65 0 1135906
65 1 1136011
78 0 1136397
78 1 1136493
67 0 1136611
67 1 1136698
79 0 1137062
79 1 1137162
82 0 1137370
82 1 1137473
65 0 1137631
65 1 1137774
84 0 1137945
84 1 1138036
32 0 1138161
32 1 1138248
76 0 1138530
76 1 1138653
65 0 1138668
65 1 1138804
32 0 1138882
32 1 1138954
82 0 1139086
82 1 1139166
69 0 1139266
69 1 1139361
65 0 1139527
65 1 1139639
76 0 1139682
76 1 1139765
73 0 1139873
73 1 1139965
84 0 1140252
84 1 1140348
65 0 1140502
65 1 1140610
84 0 1141746
84 1 1141806
73 0 1141877
73 1 1141945
76 0 1142089
76 1 1142185
69 0 1142289
69 1 1142405
32 0 1142583
32 1 1142651
79 0 1146169
79 1 1146257
70 0 1146418
70 1 1146473
69 0 1146571
69 1 1146682
82 0 1146796
82 1 1146900
73 0 1147048
73 1 1147134
84 0 1147349
84 1 1147417
69 0 1147636
69 1 1147760
32 0 1147855
32 1 1147936
68 0 1148243
68 1 1148339
69 0 1148428
69 1 1148519
32 0 1148581
32 1 1148667
68 0 1149161
68 1 1149244
69 0 1149310
69 1 1149387
90 0 1149771
90 1 1149866
86 0 1150346
86 1 1150409
79 0 1150733
79 1 1150820
76 0 1150942
76 1 1151037
84 0 1151348
84 1 1151425
65 0 1151621
65 1 1151771
82 0 1151931
82 1 1152021
69 0 1152115
69 1 1152231
65 0 1152389
65 1 1152528
32 0 1152584
32 1 1152668
84 0 1153133
84 1 1153213
69 0 1153345
69 1 1153472
72 0 1156877
72 1 1156939
78 0 1157178
78 1 1157241
79 0 1157542
79 1 1157633
76 0 1157789
76 1 1157880
79 0 1158013
79 1 1158104
71 0 1158510
71 1 1158598
73 0 1158692
73 1 1158755
67 0 1159279
67 1 1159382
65 0 1159432
65 1 1159580
188 0 1160710
188 1 1160784
32 0 1160912
32 1 1160996
78 0 1161255
78 1 1161311
85 0 1161482
85 1 1161546
32 0 1161739
32 1 1161807
80 0 1162199
80 1 1162286
82 0 1162322
82 1 1162426
69 0 1162626
69 1 1162720
71 0 1163024
71 1 1163095
65 0 1163098
65 1 1163236
84 0 1163761
84 1 1163857
69 0 1163965
69 1 1164065
83 0 1164299
83 1 1164398
84 0 1164649
84 1 1164723
69 0 1164788
69 1 1164906
32 0 1164997
32 1 1165088
79 0 1166510
79 1 1166590
65 0 1166857
65 1 1166965
77 0 1167093
77 1 1167177
69 0 1167513
69 1 1167597
78 0 1167668
78 1 1167744
73 0 1167917
73 1 1168021
32 0 1168263
32 1 1168331
80 0 1168702
80 1 1168798
69 0 1168877
69 1 1168969
78 0 1169206
78 1 1169278
82 0 1169446
82 1 1169529
8 0 1170110
8 1 1170210
84 0 1170327
84 1 1170415
82 0 1170705
82 1 1170795
85 0 1170846
85 1 1170929
32 0 1171210
32 1 1171292
192 0 1171565
192 1 1171673
32 0 1171880
32 1 1171963
8 0 1173769
8 1 1173852
8 0 1173948
8 1 1174035
65 0 1175056
65 1 1175171
32 0 1175255
32 1 1175338
80 0 1175842
80 1 1175918
85 0 1176200
85 1 1176267
84 0 1176526
84 1 1176577
69 0 1176721
69 1 1176834
32 0 1177031
32 1 1177122
65 0 1177241
65 1 1177339
8 0 1177987
8 1 1178062
8 0 1178155
8 1 1178211
65 0 1178474
65 1 1178565
32 0 1178857
32 1 1178940
70 0 1179202
70 1 1179285
65 0 1179399
65 1 1179495
67 0 1179717
67 1 1179803
69 0 1179823
69 1 1179928
32 0 1180040
32 1 1180096
70 0 1180323
70 1 1180411
65 0 1180530
65 1 1180634
84 0 1180853
84 1 1180937
65 0 1181189
65 1 1181319
32 0 1181386
32 1 1181463
80 0 1182226
80 1 1182302
82 0 1182427
82 1 1182510
79 0 1182670
79 1 1182742
86 0 1183056
86 1 1183135
79 0 1183228
79 1 1183302
67 0 1183529
67 1 1183600
65 0 1183793
65 1 1183897
82 0 1184130
82 1 1184225
73 0 1184368
73 1 1184436
76 0 1184599
76 1 1184682
79 0 1184754
79 1 1184837
82 0 1185078
82 1 1185165
32 0 1185289
32 1 1185349
68 0 1186139
68 1 1186223
65 0 1186308
65 1 1186436
84 0 1186810
84 1 1186910
69 0 1187021
69 1 1187144
32 0 1187248
32 1 1187328
68 0 1187537
68 1 1187628
69 0 1187706
69 1 1187798
32 0 1187909
32 1 1187989
65 0 1191106
65 1 1191214
86 0 1191390
65 0 1191474
86 1 1191483
65 1 1191599
78 0 1191879
78 1 1191951
83 0 1192241
83 1 1192329
85 0 1192570
85 1 1192642
76 0 1192930
76 1 1193018
32 0 1193187
32 1 1193270
84 0 1193582
84 1 1193666
69 0 1193797
69 1 1193893
72 0 1194249
72 1 1194309
78 0 1194548
78 1 1194610
79 0 1195009
79 1 1195058
76 0 1195176
76 1 1195273
79 0 1195386
79 1 1195469
71 0 1195798
71 1 1195889
73 0 1195975
73 1 1196047
67 0 1196409
67 1 1196482
32 0 1196613
32 1 1196680
83 0 1196849
83 1 1196940
73 0 1197066
73 1 1197143
32 0 1197324
32 1 1197400
73 0 1197622
73 1 1197702
78 0 1197870
78 1 1197942
70 0 1198179
70 1 1198257
79 0 1198415
79 1 1198498
82 0 1198694
82 1 1198778
77 0 1198885
77 1 1198956
65 0 1199017
65 1 1199137
84 0 1199370
84 1 1199450
73 0 1199557
73 1 1199632
79 0 1199725
79 1 1199809
78 0 1200031
78 1 1200102
65 0 1200154
65 1 1200257
76 0 1200467
76 1 1200533
190 0 1200909
190 1 1200956
32 0 1203624
32 1 1203674
16 0 1204262
76 0 1204441
76 1 1204520
16 1 1204529
32 0 1204897
32 1 1204979
83 0 1205542
83 1 1205637
67 0 1205810
67 1 1205890
79 0 1206094
79 1 1206163
65 0 1206216
65 1 1206321
76 0 1206412
65 0 1206487
76 1 1206494
65 1 1206587
32 0 1206772
32 1 1206832
83 0 1207122
83 1 1207189
69 0 1207308
69 1 1207391
32 0 1207480
32 1 1207528
67 0 1207773
67 1 1207835
69 0 1207965
69 1 1208064
82 0 1208195
82 1 1208285
69 0 1208340
69 1 1208460
32 0 1208633
32 1 1208697
67 0 1211131
67 1 1211221
79 0 1211426
79 1 1211490
80 0 1211969
80 1 1212069
73 0 1212252
73 1 1212335
73 0 1212416
73 1 1212484
76 0 1212676
76 1 1212751
79 0 1212834
79 1 1212920
82 0 1213061
82 1 1213153
32 0 1213431
32 1 1213491
76 0 1217777
76 1 1217842
85 0 1218002
85 1 1218085
67 0 1218650
67 1 1218725
82 0 1218871
82 1 1218991
85 0 1219146
85 1 1219229
82 0 1219404
82 1 1219512
73 0 1219591
73 1 1219667
32 0 1219890
32 1 1219950
67 0 1220130
67 1 1220205
65 0 1220331
65 1 1220439
82 0 1220577
82 1 1220685
69 0 1220786
69 1 1220882
32 0 1221661
32 1 1221765
78 0 1222461
78 1 1222512
85 0 1222670
85 1 1222762
189 0 1223670
189 1 1223742
73 0 1223978
73 1 1224062
32 0 1224334
32 1 1224385
86 0 1224696
86 1 1224771
79 0 1224894
79 1 1224967
82 0 1225309
82 1 1225381
32 0 1225467
32 1 1225559
65 0 1225744
65 1 1225852
74 0 1226327
74 1 1226411
85 0 1226524
85 1 1226620
84 0 1227506
84 1 1227609
65 0 1227702
65 1 1227821
32 0 1227927
32 1 1228002
67 0 1228273
67 1 1228364
85 0 1228458
85 1 1228530
32 0 1228732
32 1 1228807
78 0 1229040
78 1 1229095
73 0 1229242
73 1 1229334
77 0 1229483
77 1 1229578
73 0 1229667
73 1 1229767
67 0 1229884
67 1 1229951
32 0 1230036
32 1 1230108
73 0 1230462
73 1 1230553
78 0 1230774
78 1 1230820
32 0 1230963
32 1 1231047
86 0 1233182
86 1 1233278
73 0 1233390
73 1 1233482
65 0 1233528
65 1 1233645
84 0 1233922
84 1 1234018
65 0 1234205
65 1 1234345
188 0 1236668
188 1 1236747
32 0 1236957
32 1 1237044
8 0 1242299
8 1 1242359
8 0 1242707
8 1 1242775
65 0 1257471
65 1 1257554
188 0 1266375
188 1 1266443
32 0 1266594
32 1 1266678
78 0 1266948
78 1 1267037
85 0 1267236
85 1 1267324
189 0 1268024
189 1 1268100
73 0 1268311
73 1 1268383
32 0 1268592
32 1 1268684
70 0 1268959
70 1 1269064
79 0 1269272
79 1 1269351
82 0 1269495
82 1 1269583
77 0 1269753
77 1 1269841
69 0 1269936
69 1 1270044
65 0 1270207
65 1 1270340
90 0 1270535
90 1 1270658
65 0 1270715
65 1 1270819
32 0 1270836
32 1 1270928
67 0 1271188
67 1 1271283
65 0 1271372
65 1 1271501
32 0 1271591
32 1 1271662
73 0 1272449
73 1 1272541
78 0 1272791
78 1 1272883
68 0 1273363
68 1 1273463
73 0 1273558
73 1 1273650
86 0 1273914
86 1 1273985
73 0 1274090
73 1 1274182
90 0 1274554
90 1 1274703
73 0 1274910
73 1 1275001
188 0 1329082
188 1 1329141
32 0 1329284
32 1 1329364
67 0 1329679
67 1 1329767
79 0 1330494
79 1 1330573
80 0 1330711
80 1 1330794
73 0 1331046
73 1 1331117
73 0 1331195
73 1 1331266
32 0 1331504
32 1 1331580
83 0 1331732
83 1 1331832
85 0 1331998
85 1 1332069
78 0 1332256
78 1 1332335
84 0 1332505
84 1 1332628
32 0 1332732
32 1 1332808
80 0 1334096
80 1 1334180
85 0 1334720
85 1 1334804
83 0 1334889
83 1 1334967
73 0 1335007
73 1 1335078
32 0 1335282
32 1 1335373
83 0 1335533
83 1 1335641
65 0 1335758
65 1 1335882
32 0 1335958
32 1 1336022
77 0 1336586
77 1 1336653
69 0 1336760
69 1 1336851
77 0 1337000
77 1 1337071
79 0 1337437
79 1 1337501
82 0 1337761
82 1 1337849
69 0 1337970
69 1 1338061
90 0 1338445
90 1 1338552
69 0 1338698
69 1 1338806
32 0 1338994
32 1 1339061
76 0 1341974
76 1 1342049
85 0 1342281
85 1 1342360
67 0 1342454
67 1 1342536
82 0 1342692
82 1 1342795
85 0 1342928
85 1 1342995
82 0 1343048
82 1 1343148
73 0 1343250
73 1 1343329
32 0 1343628
32 1 1343679
80 0 1344120
80 1 1344223
69 0 1344280
69 1 1344384
32 0 1344589
32 1 1344652
67 0 1344760
67 1 1344848
65 0 1344947
65 1 1345063
82 0 1345212
82 1 1345305
69 0 1345413
69 1 1345500
32 0 1345602
32 1 1345678
76 0 1346498
76 1 1346577
69 0 1346665
69 1 1346757
32 0 1346903
32 1 1346980
85 0 1347403
85 1 1347467
73 0 1347580
73 1 1347661
84 0 1347811
84 1 1347866
65 0 1348141
65 1 1348257
32 0 1348342
32 1 1348431
68 0 1348550
68 1 1348651
85 0 1348763
85 1 1348828
80 0 1349119
80 1 1349236
65 0 1349337
65 1 1349421
32 0 1349716
32 1 1349772
79 0 1354184
79 1 1354262
32 0 1354740
32 1 1354807
80 0 1355239
80 1 1355319
69 0 1355571
69 1 1355670
82 0 1355804
82 1 1355876
73 0 1356049
73 1 1356116
79 0 1356265
79 1 1356353
65 0 1356496
65 1 1356616
68 0 1356798
68 1 1356866
65 0 1356965
65 1 1357077
32 0 1357136
32 1 1357229
83 0 1357333
83 1 1357436
73 0 1357562
73 1 1357653
32 0 1357859
32 1 1357958
67 0 1360742
67 1 1360825
65 0 1361017
65 1 1361124
82 0 1361263
82 1 1361366
69 0 1361460
69 1 1361563
32 0 1361790
32 1 1361853
78 0 1362153
78 1 1362228
85 0 1362405
85 1 1362492
189 0 1363200
189 1 1363303
73 0 1363707
73 1 1363795
32 0 1364201
32 1 1364283
65 0 1364860
65 1 1364947
74 0 1365596
74 1 1365667
85 0 1365775
85 1 1365871
84 0 1366118
84 1 1366217
65 0 1366411
65 1 1366578
32 0 1366645
32 1 1366721
67 0 1366837
67 1 1366937
85 0 1367028
85 1 1367140
32 0 1367348
32 1 1367423
78 0 1367778
78 1 1367858
73 0 1367958
73 1 1368062
77 0 1368205
77 1 1368304
73 0 1368414
73 1 1368510
67 0 1368697
67 1 1368783
190 0 1369280
190 1 1369352
32 0 1371569
32 1 1371692
16 0 1405669
69 0 1406267
69 1 1406386
16 1 1406389
76 0 1406883
76 1 1407014
69 0 1407029
69 1 1407157
86 0 1408845
86 1 1408968
73 0 1409158
73 1 1409242
73 0 1409305
73 1 1409361
32 0 1411801
32 1 1411956
83 0 1416796
83 1 1416964
85 0 1417000
85 1 1417075
78 0 1417297
78 1 1417420
84 0 1417575
84 1 1417711
32 0 1417866
32 1 1417953
80 0 1426273
80 1 1426362
85 0 1426556
85 1 1426667
83 0 1426793
73 0 1426948
83 1 1426980
73 1 1427036
32 0 1427340
32 1 1427427
83 0 1427681
83 1 1427829
65 0 1427895
65 1 1427994
32 0 1428216
32 1 1428290
8 0 1447067
8 1 1447204
8 0 1447342
8 1 1447421
8 0 1447522
8 1 1447618
8 0 1447689
8 1 1447801
8 0 1447883
8 1 1447991
8 0 1448057
8 1 1448168
8 0 1448253
8 1 1448356
8 0 1448447
8 1 1448543
8 0 1448681
8 1 1448745
8 0 1448856
8 1 1448952
8 0 1449038
8 1 1449138
8 0 1449246
8 1 1449331
8 0 1449447
8 1 1449542
8 0 1449653
8 1 1449761
8 0 1449871
8 1 1449937
8 0 1450221
8 1 1450334
8 0 1450452
8 1 1450543
8 0 1450636
8 1 1450735
8 0 1450817
8 1 1450921
8 0 1451001
8 1 1451104
16 0 1452162
83 0 1452559
16 1 1452618
83 1 1452681
69 0 1452932
69 1 1453053
32 0 1453249
32 1 1453344
80 0 1454001
80 1 1454105
65 0 1454117
65 1 1454249
82 0 1454439
82 1 1454511
69 0 1454605
69 1 1454721
32 0 1454806
32 1 1454894
67 0 1455145
67 1 1455222
65 0 1455332
65 1 1455476
32 0 1455530
32 1 1455602
68 0 1455804
68 1 1455932
73 0 1456034
73 1 1456102
83 0 1456321
83 1 1456416
67 0 1457015
67 1 1457107
73 0 1458238
73 1 1458314
80 0 1459086
80 1 1459182
76 0 1459633
76 1 1459697
73 0 1459858
73 1 1459949
78 0 1460296
78 1 1460359
65 0 1460386
65 1 1460495
32 0 1460593
32 1 1460673
65 0 1460922
65 1 1461037
32 0 1461227
32 1 1461291
8 0 1464205
8 1 1464332
8 0 1464452
8 1 1464555
69 0 1465548
69 1 1465661
76 0 1465840
69 0 1465936
76 1 1465945
69 1 1466019
86 0 1466380
86 1 1466467
73 0 1466746
73 1 1466801
76 0 1466978
76 1 1467057
79 0 1467138
79 1 1467226
82 0 1467296
82 1 1467400
32 0 1467567
32 1 1467658
65 0 1467935
65 1 1468034
32 0 1468325
32 1 1468392
68 0 1469033
68 1 1469120
73 0 1469259
73 1 1469319
83 0 1469378
83 1 1469467
80 0 1469636
80 1 1469719
65 0 1469843
65 1 1469951
82 0 1470225
82 1 1470333
85 0 1470478
85 1 1470557
84 0 1470712
84 1 1470807
190 0 1475447
190 1 1475516
32 0 1475946
32 1 1476034
16 0 1482098
80 0 1482335
16 1 1482411
80 1 1482434
82 0 1482736
82 1 1482843
79 0 1482932
79 1 1483020
70 0 1483503
70 1 1483590
82 0 1483710
82 1 1483757
8 0 1484659
8 1 1484781
69 0 1484851
69 1 1484937
83 0 1485120
83 1 1485211
79 0 1485435
79 1 1485518
82 0 1485768
82 1 1485875
73 0 1485991
73 1 1486055
73 0 1486141
73 1 1486196
32 0 1486880
32 1 1486963
84 0 1487410
84 1 1487488
82 0 1487601
82 1 1487668
69 0 1487794
69 1 1487836
66 0 1488599
66 1 1488682
85 0 1488928
85 1 1488991
73 0 1489113
73 1 1489205
69 0 1489245
69 1 1489325
32 0 1489534
32 1 1489597
83 0 1490578
83 1 1490674
65 0 1491119
65 1 1491228
32 0 1491369
32 1 1491450
73 0 1491952
73 1 1492028
78 0 1492197
78 1 1492277
84 0 1492549
84 1 1492636
69 0 1492749
69 1 1492873
82 0 1493058
82 1 1493132
65 0 1493333
65 1 1493468
67 0 1493633
67 1 1493700
84 0 1493952
84 1 1494048
73 0 1494180
73 1 1494270
79 0 1494360
79 1 1494460
78 0 1494694
78 1 1494770
69 0 1494800
69 1 1494897
90 0 1495357
90 1 1495441
69 0 1495599
69 1 1495695
32 0 1496135
32 1 1496199
77 0 1496335
77 1 1496422
65 0 1496442
65 1 1496566
73 0 1496617
73 1 1496697
32 0 1496888
32 1 1496964
77 0 1497118
77 1 1497206
85 0 1497362
85 1 1497451
76 0 1497654
76 1 1497734
84 0 1497898
84 1 1497985
32 0 1498113
32 1 1498196
67 0 1498460
67 1 1498540
85 0 1498657
85 1 1498733
32 0 1498945
32 1 1499012
69 0 1499412
69 1 1499495
76 0 1499578
69 0 1499666
76 1 1499676
69 1 1499774
86 0 1500077
86 1 1500145
73 0 1500348
73 1 1500408
73 0 1500496
73 1 1500543
32 0 1500797
32 1 1500874
73 0 1501074
73 1 1501156
78 0 1501296
78 1 1501374
32 0 1501491
32 1 1501575
84 0 1501780
84 1 1501873
73 0 1502040
73 1 1502119
77 0 1502533
77 1 1502588
80 0 1503058
80 1 1503153
85 0 1503462
85 1 1503534
76 0 1503717
76 1 1503804
32 0 1503981
32 1 1504049
80 0 1504561
80 1 1504625
82 0 1504762
82 1 1504839
69 0 1504944
69 1 1505032
68 0 1505272
68 1 1505354
65 0 1505538
65 1 1505641
82 0 1505845
82 1 1505919
73 0 1506087
73 1 1506162
73 0 1506241
73 1 1506301
32 0 1507563
32 1 1507610
85 0 1508019
85 1 1508099
78 0 1508287
78 1 1508367
69 0 1508482
69 1 1508558
73 0 1508898
73 1 1508973
32 0 1509181
32 1 1509260
76 0 1509704
76 1 1509775
69 0 1509859
69 1 1509951
67 0 1510203
67 1 1510269
84 0 1510600
84 1 1510642
73 0 1510831
73 1 1510915
73 0 1510998
73 1 1511040
188 0 1515982
188 1 1516031
32 0 1516208
32 1 1516287
83 0 1516551
83 1 1516659
65 0 1516714
65 1 1516818
189 0 1517329
189 1 1517389
8 0 1518527
8 1 1518611
32 0 1519118
32 1 1519206
76 0 1519689
76 1 1519805
69 0 1519864
69 1 1519955
32 0 1520114
32 1 1520190
67 0 1520303
67 1 1520363
65 0 1520473
65 1 1520597
80 0 1520777
80 1 1520873
84 0 1521299
84 1 1521373
69 0 1521476
69 1 1521571
90 0 1521974
90 1 1522082
69 0 1522240
69 1 1522332
32 0 1522454
32 1 1522525
65 0 1522583
65 1 1522707
69 0 1523148
69 1 1523184
8 0 1523780
8 1 1523890
84 0 1524900
84 1 1525000
69 0 1525504
69 1 1525619
78 0 1525754
78 1 1525833
84 0 1526092
84 1 1526171
73 0 1526346
73 1 1526430
65 0 1526538
65 1 1526669
190 0 1533517
190 1 1533565
32 0 1533851
32 1 1533933
16 0 1538119
80 0 1538311
16 1 1538337
80 1 1538391
82 0 1538699
82 1 1538812
69 0 1538858
69 1 1538990
68 0 1539142
68 1 1539222
65 0 1539343
65 1 1539458
82 0 1539660
82 1 1539743
69 0 1539911
69 1 1540002
65 0 1540179
65 1 1540298
32 0 1540539
32 1 1540617
76 0 1541043
76 1 1541135
69 0 1541176
69 1 1541251
67 0 1541524
67 1 1541583
84 0 1541837
84 1 1541920
73 0 1542081
73 1 1542175
76 0 1542331
76 1 1542427
79 0 1542510
79 1 1542610
82 0 1542684
82 1 1542782
32 0 1543043
32 1 1543115
84 0 1543369
84 1 1543477
82 0 1543564
82 1 1543648
69 0 1543773
69 1 1543868
66 0 1544295
66 1 1544370
85 0 1544580
85 1 1544635
73 0 1544774
73 1 1544861
69 0 1544873
69 1 1544969
32 0 1545126
32 1 1545213
70 0 1545288
70 1 1545351
65 0 1545504
65 1 1545620
67 0 1545794
67 1 1545863
85 0 1545980
85 1 1546067
84 0 1546309
84 1 1546385
65 0 1546647
65 1 1546791
32 0 1546889
32 1 1546965
65 0 1547056
65 1 1547156
83 0 1547656
83 1 1547764
84 0 1548284
84 1 1548372
70 0 1548578
70 1 1548622
69 0 1548729
69 1 1548797
76 0 1548967
76 1 1549062
32 0 1549236
32 1 1549312
73 0 1549474
73 1 1549578
78 0 1549716
78 1 1549812
67 0 1550004
67 1 1550077
65 0 1550236
65 1 1550344
84 0 1550526
84 1 1550618
32 0 1550728
32 1 1550812
67 0 1554753
67 1 1554868
79 0 1555051
79 1 1555110
80 0 1555282
80 1 1555386
73 0 1555599
73 1 1555650
73 0 1555734
73 1 1555802
32 0 1556082
32 1 1556185
83 0 1556691
83 1 1556818
65 0 1556914
65 1 1557058
32 0 1557179
32 1 1557266
78 0 1557515
78 1 1557590
85 0 1557723
85 1 1557822
32 0 1558030
32 1 1558117
70 0 1558351
70 1 1558427
73 0 1558566
69 0 1558637
73 1 1558650
69 1 1558750
32 0 1558869
32 1 1558988
78 0 1559129
78 1 1559220
69 0 1559272
69 1 1559368
86 0 1559719
86 1 1559789
79 0 1560001
79 1 1560105
73 0 1560190
73 1 1560293
84 0 1560542
84 1 1560630
73 0 1560791
73 1 1560858
32 0 1561110
32 1 1561209
83 0 1561368
83 1 1561482
65 0 1561544
65 1 1561679
32 0 1561745
32 1 1561821
70 0 1562705
70 1 1562776
65 0 1562959
65 1 1563098
67 0 1563404
67 1 1563519
65 0 1563650
65 1 1563765
32 0 1563876
32 1 1563931
79 0 1564598
79 1 1564685
82 0 1564780
82 1 1564881
69 0 1564995
69 1 1565103
32 0 1565451
32 1 1565530
83 0 1565648
83 1 1565750
85 0 1565939
85 1 1566001
80 0 1566298
80 1 1566389
76 0 1566523
76 1 1566627
73 0 1566729
73 1 1566824
77 0 1567018
77 1 1567090
69 0 1567153
69 1 1567231
78 0 1567441
78 1 1567520
84 0 1567775
84 1 1567859
69 0 1568321
69 1 1568452
8 0 1569370
8 1 1569453
65 0 1569768
65 1 1569900
82 0 1570714
82 1 1570813
69 0 1570895
69 1 1571003
32 0 1571067
32 1 1571151
68 0 1571281
68 1 1571357
69 0 1571451
69 1 1571531
32 0 1571598
32 1 1571665
188 0 1571895
188 1 1571975
69 0 1571998
69 1 1572099
70 0 1572366
70 1 1572434
8 0 1572940
8 1 1573035
68 0 1573122
68 1 1573234
73 0 1573577
73 1 1573652
84 0 1574332
84 1 1574408
65 0 1574477
65 1 1574569
84 0 1574878
84 1 1574966
73 0 1575082
73 1 1575152
73 0 1575229
73 1 1575301
37 0 1576849
37 1 1577888
37 0 1578027
37 1 1578107
37 0 1578228
37 1 1578304
37 0 1578422
37 1 1578486
37 0 1578598
37 1 1578670
37 0 1578772
37 1 1578855
37 0 1578962
37 1 1579033
37 0 1579155
37 1 1579266
8 0 1579861
8 1 1579988
77 0 1581063
77 1 1581133
190 0 1590676
190 1 1590743
32 0 1591526
32 1 1591634
16 0 1757194
80 0 1757539
80 1 1757634
16 1 1757641
65 0 1758067
65 1 1758170
82 0 1758391
82 1 1758491
73 0 1758623
73 1 1758711
78 0 1758917
78 1 1759001
84 0 1759252
84 1 1759352
73 0 1759519
73 1 1759595
73 0 1759723
73 1 1759774
32 0 1760463
32 1 1760543
84 0 1760934
84 1 1761017
82 0 1761125
82 1 1761229
69 0 1761315
69 1 1761395
66 0 1761867
66 1 1761942
85 0 1762139
85 1 1762186
73 0 1762296
73 1 1762390
69 0 1762408
69 1 1762500
32 0 1762666
32 1 1762751
83 0 1762910
83 1 1763005
65 0 1763101
65 1 1763220
32 0 1763356
32 1 1763438
69 0 1766495
69 1 1766566
68 0 1766762
68 1 1766865
85 0 1767067
85 1 1767143
67 0 1767458
67 1 1767505
69 0 1767653
69 1 1767736
32 0 1767871
32 1 1767963
67 0 1768224
67 1 1768296
79 0 1768551
79 1 1768631
80 0 1768769
80 1 1768861
73 0 1769050
73 1 1769130
73 0 1769212
73 1 1769279
73 0 1772877
73 1 1772972
32 0 1774095
32 1 1774178
65 0 1774793
65 1 1774953
83 0 1775333
83 1 1775445
84 0 1775908
84 1 1775996
69 0 1776158
69 1 1776282
70 0 1776410
70 1 1776481
76 0 1777005
76 1 1777091
32 0 1777325
32 1 1777408
73 0 1777603
73 1 1777710
78 0 1777987
78 1 1778067
67 0 1778250
67 1 1778302
65 0 1778437
65 1 1778548
84 0 1778893
84 1 1778973
32 0 1779104
32 1 1779180
83 0 1779482
83 1 1779605
65 0 1779647
65 1 1779771
32 0 1779958
32 1 1780042
8 0 1782347
8 1 1782455
8 0 1782803
8 1 1782916
8 0 1783185
8 1 1783297
65 0 1783774
65 1 1783862
67 0 1784043
67 1 1784111
69 0 1784272
69 1 1784359
83 0 1784490
83 1 1784578
84 0 1784853
84 1 1784946
73 0 1785119
73 1 1785203
65 0 1785282
65 1 1785422
32 0 1785532
32 1 1785596
83 0 1785699
83 1 1785781
65 0 1785856
65 1 1785959
32 0 1786128
32 1 1786192
83 0 1786275
83 1 1786335
69 0 1786469
69 1 1786560
32 0 1786810
32 1 1786889
67 0 1787112
67 1 1787199
79 0 1787426
79 1 1787498
77 0 1788253
77 1 1788321
80 0 1788537
80 1 1788632
79 0 1788755
79 1 1788822
82 0 1789166
82 1 1789249
84 0 1789416
84 1 1789479
69 0 1789698
69 1 1789813
32 0 1789975
32 1 1790062
67 0 1790862
67 1 1790949
73 0 1791117
73 1 1791211
86 0 1791535
86 1 1791623
73 0 1791691
73 1 1791755
76 0 1791946
76 1 1792011
73 0 1792130
73 1 1792215
88 0 1792615
88 1 1792693
187 0 1793237
187 1 1793364
90 0 1793568
90 1 1793644
65 0 1793756
65 1 1793854
84 0 1794084
84 1 1794169
32 0 1794413
32 1 1794513
76 0 1794876
76 1 1794975
65 0 1795042
65 1 1795122
32 0 1795300
32 1 1795367
83 0 1795890
83 1 1795966
67 0 1796166
67 1 1796252
79 0 1796924
79 1 1796982
65 0 1797033
65 1 1797149
76 0 1797542
76 1 1797629
65 0 1797679
65 1 1797807
190 0 1800005
190 1 1800057
37 0 1800458
37 1 1800506
37 0 1800638
37 1 1800717
37 0 1800811
37 1 1800895
37 0 1800991
37 1 1801066
37 0 1801168
37 1 1801248
37 0 1801355
37 1 1801418
37 0 1801529
37 1 1801600
37 0 1801701
37 1 1801787
37 0 1801892
37 1 1801960
37 0 1802070
37 1 1802143
37 0 1802262
37 1 1802318
37 0 1802440
37 1 1802508
37 0 1802622
37 1 1802689
37 0 1802800
37 1 1802888
37 0 1802980
37 1 1803044
39 0 1804061
39 1 1804121
8 0 1804555
8 1 1804643
8 0 1804833
8 1 1804924
16 0 2260131
83 0 2260505
16 1 2260627
83 1 2260667
85 0 2261033
85 1 2261132
78 0 2261359
78 1 2261461
84 0 2261542
84 1 2261638
32 0 2261904
32 1 2261975
8 0 2262806
8 0 2263940
8 1 2264002
8 0 2264319
8 1 2264407
8 0 2264500
8 1 2264588
8 0 2264654
8 1 2264753
8 0 2264878
8 1 2264929
16 0 2265733
73 0 2265909
73 1 2266009
16 1 2266039
78 0 2266297
78 1 2266369
32 0 2266527
32 1 2266603
83 0 2266880
83 1 2266992
67 0 2267204
67 1 2267240
69 0 2267386
69 1 2267461
78 0 2267703
78 1 2267795
69 0 2267820
69 1 2267940
84 0 2268237
84 1 2268349
65 0 2268638
65 1 2268762
32 0 2268851
32 1 2268927
82 0 2269196
82 1 2269316
69 0 2269388
69 1 2269447
83 0 2269678
83 1 2269754
80 0 2270170
80 1 2270254
69 0 2270540
69 1 2270624
67 0 2270953
67 1 2271009
84 0 2271279
84 1 2271367
73 0 2271485
73 1 2271591
86 0 2271911
86 1 2271982
65 0 2272231
65 1 2272343
32 0 2272387
32 1 2272487
83 0 2272590
83 1 2272686
85 0 2272815
85 1 2272897
78 0 2273072
78 1 2273151
84 0 2273268
84 1 2273376
32 0 2273452
32 1 2273528
80 0 2273912
80 1 2274024
69 0 2274127
69 1 2274225
82 0 2274348
82 1 2274424
83 0 2274666
83 1 2274766
79 0 2274873
79 1 2274965
78 0 2275213
78 1 2275289
65 0 2275368
65 1 2275496
74 0 2278126
74 1 2278220
69 0 2278330
69 1 2278429
32 0 2278665
32 1 2278754
67 0 2279104
67 1 2279180
65 0 2279326
65 1 2279454
82 0 2279614
82 1 2279730
69 0 2279904
69 1 2279982
32 0 2280098
32 1 2280213
83 0 2288972
83 1 2289053
67 0 2289209
67 1 2289301
82 0 2289532
82 1 2289628
73 0 2289913
73 1 2290020
85 0 2290124
85 1 2290215
188 0 2295330
188 1 2295385
32 0 2295559
32 1 2295638
65 0 2295823
65 1 2295946
76 0 2296092
76 1 2296173
84 0 2296508
84 1 2296600
69 0 2296749
69 1 2296861
76 0 2297409
76 1 2297500
69 0 2297520
69 1 2297657
32 0 2297807
32 1 2297882
67 0 2298033
67 1 2298121
65 0 2298224
65 1 2298383
82 0 2298571
82 1 2298663
69 0 2298789
69 1 2298905
32 0 2299012
32 1 2299099
68 0 2303423
68 1 2303467
69 0 2303594
69 1 2303677
83 0 2303910
83 1 2304022
69 0 2304083
69 1 2304175
78 0 2304493
78 1 2304580
69 0 2304737
69 1 2304853
65 0 2305089
65 1 2305209
90 0 2305628
90 1 2305737
65 0 2305787
65 1 2305891
188 0 2306217
188 1 2306309
32 0 2306480
32 1 2306568
65 0 2306863
65 1 2306971
76 0 2307076
76 1 2307168
84 0 2307381
84 1 2307453
69 0 2307653
69 1 2307777
76 0 2307852
69 0 2307916
76 1 2307940
69 1 2308024
32 0 2308243
32 1 2308327
67 0 2308472
67 1 2308555
65 0 2308647
65 1 2308772
82 0 2308933
82 1 2309033
69 0 2309173
69 1 2309281
32 0 2309374
32 1 2309461
68 0 2313196
68 1 2313308
83 0 2313992
83 1 2314104
67 0 2314678
67 1 2314780
85 0 2314913
85 1 2314966
84 0 2315482
84 1 2315577
65 0 2315819
65 1 2315967
32 0 2316062
32 1 2316145
85 0 2316319
85 1 2316410
78 0 2316596
78 1 2316671
69 0 2316755
69 1 2316843
76 0 2317016
69 0 2317099
76 1 2317109
69 1 2317195
32 0 2317367
32 1 2317446
67 0 2317590
67 1 2317689
85 0 2317826
85 1 2317894
32 0 2318119
32 1 2318218
65 0 2318312
65 1 2318440
76 0 2318505
76 1 2318609
84 0 2318787
84 1 2318878
69 0 2318989
69 1 2319080
76 0 2319187
69 0 2319263
76 1 2319271
69 1 2319376
32 0 2330006
32 1 2330078
73 0 2330254
73 1 2330358
78 0 2330565
78 1 2330632
32 0 2330757
32 1 2330849
71 0 2331102
71 1 2331197
82 0 2331425
82 1 2331528
85 0 2331655
85 1 2331750
80 0 2332169
80 1 2332276
85 0 2332586
85 1 2332665
82 0 2332893
82 1 2332996
73 0 2333401
73 1 2333519
190 0 2334734
190 1 2334793
32 0 2393959
32 1 2394041
16 0 2394416
83 0 2394764
16 1 2394908
83 1 2394960
85 0 2395216
85 1 2395316
78 0 2395524
78 1 2395615
84 0 2395760
84 1 2395860
32 0 2395982
32 1 2396050
80 0 2396522
80 1 2396629
69 0 2396711
69 1 2396835
82 0 2396956
82 1 2397008
83 0 2397307
83 1 2397431
79 0 2397558
79 1 2397662
78 0 2397888
78 1 2397996
65 0 2398045
65 1 2398193
74 0 2398593
74 1 2398677
69 0 2398774
69 1 2398890
32 0 2399032
32 1 2399115
73 0 2400101
73 1 2400188
77 0 2400392
77 1 2400475
66 0 2400836
66 1 2400923
82 0 2401094
82 1 2401197
65 0 2401398
65 1 2401501
67 0 2401715
67 1 2401803
65 0 2401930
65 1 2402078
84 0 2402323
84 1 2402371
69 0 2402491
69 1 2402602
32 0 2402725
32 1 2402820
83 0 2403128
83 1 2403247
85 0 2403451
85 1 2403535
77 0 2403749
77 1 2403849
65 0 2403856
65 1 2404026
82 0 2404215
82 1 2404327
32 0 2404474
32 1 2404569
83 0 2404740
83 1 2404867
73 0 2404962
73 1 2405056
32 0 2405248
32 1 2405355
65 0 2405555
65 1 2405691
76 0 2405772
76 1 2405863
84 0 2406079
84 1 2406163
69 0 2406360
69 1 2406495
76 0 2406565
69 0 2406648
76 1 2406658
69 1 2406768
32 0 2409296
32 1 2409408
73 0 2409952
73 1 2410047
77 0 2410649
77 1 2410741
66 0 2411056
66 1 2411155
82 0 2411328
82 1 2411411
65 0 2411606
65 1 2411733
67 0 2411938
67 1 2412017
65 0 2412161
65 1 2412299
84 0 2412576
84 1 2412666
69 0 2412742
69 1 2412865
32 0 2412992
32 1 2413084
77 0 2414224
77 1 2414324
65 0 2414387
65 1 2414531
73 0 2414681
73 1 2414764
32 0 2415140
32 1 2415219
71 0 2415620
71 1 2415719
82 0 2415915
82 1 2416054
79 0 2416200
79 1 2416307
83 0 2416865
83 1 2417000
73 0 2543714
73 1 2543788
190 0 2557573
190 1 2557652
32 0 2582563
32 1 2582665
16 0 2582911
83 0 2583283
16 1 2583330
83 1 2583446
69 0 2583632
69 1 2583727
32 0 2583969
32 1 2584057
80 0 2584356
65 0 2584449
80 1 2584482
65 1 2584555
82 0 2584779
82 1 2584872
69 0 2585006
69 1 2585105
32 0 2585168
32 1 2585256
67 0 2585539
67 1 2585622
65 0 2585772
32 0 2585904
65 1 2585919
32 1 2585996
80 0 2586641
80 1 2586725
82 0 2586766
82 1 2586890
69 0 2587035
69 1 2587150
79 0 2587413
79 1 2587496
67 0 2587941
67 1 2588062
85 0 2588199
85 1 2588264
80 0 2588577
80 1 2588680
65 0 2588698
65 1 2588834
82 0 2589018
82 1 2589117
69 0 2589229
69 1 2589318
65 0 2589711
65 1 2589839
32 0 2589966
32 1 2590017
68 0 2590143
68 1 2590186
69 0 2590294
69 1 2590361
32 0 2590517
32 1 2590588
66 0 2590758
66 1 2590838
65 0 2590850
65 1 2590997
90 0 2591486
90 1 2591579
65 0 2591662
65 1 2591788
32 0 2591901
32 1 2591980
73 0 2592656
73 1 2592739
78 0 2592998
78 1 2593079
32 0 2593258
32 1 2593332
65 0 2593573
65 1 2593736
67 0 2594080
67 1 2594160
69 0 2594275
69 1 2594363
65 0 2594796
65 1 2594929
83 0 2595071
83 1 2595143
84 0 2595469
84 1 2595540
65 0 2595838
65 1 2595965
32 0 2596061
32 1 2596152
83 0 2596523
83 1 2596627
67 0 2596844
67 1 2596907
69 0 2597045
69 1 2597133
78 0 2597307
69 0 2597381
78 1 2597390
69 1 2597490
84 0 2598294
84 1 2598385
65 0 2598625
65 1 2598769
32 0 2598844
32 1 2598933
69 0 2599098
69 1 2599193
83 0 2599311
83 1 2599419
84 0 2599659
84 1 2599722
69 0 2599907
69 1 2600027
32 0 2600250
32 1 2600341
67 0 2601499
67 1 2601563
69 0 2601855
69 1 2601942
65 0 2602111
65 1 2602258
32 0 2602386
32 1 2602493
67 0 2602694
67 1 2602762
65 0 2602895
65 1 2603016
82 0 2603132
82 1 2603240
69 0 2603340
69 1 2603460
32 0 2603571
32 1 2603639
80 0 2626906
80 1 2627014
82 0 2627114
82 1 2627238
69 0 2627449
69 1 2627568
83 0 2628253
83 1 2628401
85 0 2628638
85 1 2628686
80 0 2629060
80 1 2629163
85 0 2629450
85 1 2629517
78 0 2629772
78 1 2629875
69 0 2629912
69 1 2630047
32 0 2630177
32 1 2630239
78 0 2638065
78 1 2638181
79 0 2638411
79 1 2638511
84 0 2638611
84 1 2638703
65 0 2638961
65 1 2639093
82 0 2639250
82 1 2639329
69 0 2639739
69 1 2639887
65 0 2640096
65 1 2640268
32 0 2640485
32 1 2640583
65 0 2650373
65 1 2650516
8 0 2652894
8 1 2652995
85 0 2653996
85 1 2654089
78 0 2654299
78 1 2654370
79 0 2654724
79 1 2654822
82 0 2654942
82 1 2655057
32 0 2655214
32 1 2655313
65 0 2655479
65 1 2655599
83 0 2655723
83 1 2655826
80 0 2656434
80 1 2656517
69 0 2657495
69 1 2657596
67 0 2658053
67 1 2658152
84 0 2658363
84 1 2658430
69 0 2658571
69 1 2658686
32 0 2658813
32 1 2658912
67 0 2659290
67 1 2659377
65 0 2659496
65 1 2659602
82 0 2659869
82 1 2659977
69 0 2660077
69 1 2660177
32 0 2660274
32 1 2660370
80 0 2661683
80 1 2661759
82 0 2661901
82 1 2661992
8 0 2669506
8 1 2669771
8 0 2670703
8 1 2670789
73 0 2674161
73 1 2674248
78 0 2674449
78 1 2674537
84 0 2674783
84 1 2674883
69 0 2675029
69 1 2675181
82 0 2675348
82 1 2675434
69 0 2675516
69 1 2675609
83 0 2676015
83 1 2676127
69 0 2676325
69 1 2676425
65 0 2676597
65 1 2676720
90 0 2676919
90 1 2677035
65 0 2677082
65 1 2677189
32 0 2677313
32 1 2677396
77 0 2677606
65 0 2677706
77 1 2677720
65 1 2677842
73 0 2677927
73 1 2678022
32 0 2678306
32 1 2678403
77 0 2678630
77 1 2678694
85 0 2678834
85 1 2678933
76 0 2679119
76 1 2679230
84 0 2679436
84 1 2679515
69 0 2679763
69 1 2679875
32 0 2680673
32 1 2680753
80 0 2681271
80 1 2681371
69 0 2681456
69 1 2681575
82 0 2681699
82 1 2681763
83 0 2683695
83 1 2683814
79 0 2684337
79 1 2684432
65 0 2684501
65 1 2684653
78 0 2684845
78 1 2684935
69 0 2684944
69 1 2685052
190 0 2685724
190 1 2685815
32 0 2756031
32 1 2756130
16 0 2756581
70 0 2757001
16 1 2757121
70 1 2757137
73 0 2757449
73 1 2757516
69 0 2757582
69 1 2757723
67 0 2758028
67 1 2758108
65 0 2758214
65 1 2758359
82 0 2758503
82 1 2758579
69 0 2758673
69 1 2758783
32 0 2758911
32 1 2759002
83 0 2759112
83 1 2759212
67 0 2759364
67 1 2759407
82 0 2759575
82 1 2759683
73 0 2759955
73 1 2760026
69 0 2760054
69 1 2760158
32 0 2760300
32 1 2760376
80 0 2760779
80 1 2760855
69 0 2760953
69 1 2761090
32 0 2761207
32 1 2761287
85 0 2761563
85 1 2761642
78 0 2761818
78 1 2761917
68 0 2762235
68 1 2762339
69 0 2762412
69 1 2762508
32 0 2762570
32 1 2762662
65 0 2762856
65 1 2762991
80 0 2763408
80 1 2763468
85 0 2763737
85 1 2763829
67 0 2764064
67 1 2764167
65 0 2764243
65 1 2764391
32 0 2764399
32 1 2764480
8 0 2767263
8 1 2767350
188 0 2767797
188 1 2767865
32 0 2768050
32 1 2768133
80 0 2768762
80 1 2768849
69 0 2768929
69 1 2769045
32 0 2769176
32 1 2769256
74 0 2770080
74 1 2770139
79 0 2770274
79 1 2770360
83 0 2770806
83 1 2770926
188 0 2772445
188 1 2772512
32 0 2772764
32 1 2772831
80 0 2773511
80 1 2773594
69 0 2773672
69 1 2773783
32 0 2774232
32 1 2774304
68 0 2776036
68 1 2776143
73 0 2776326
73 1 2776405
70 0 2776857
70 1 2776918
69 0 2777216
69 1 2777311
82 0 2777507
82 1 2777586
73 0 2777860
73 1 2777931
84 0 2778095
84 1 2778166
69 0 2778333
69 1 2778440
32 0 2778577
32 1 2778664
67 0 2782773
67 1 2782867
79 0 2783797
79 1 2783876
82 0 2784412
82 1 2784499
80 0 2784879
80 1 2784969
73 0 2785230
73 1 2785297
8 0 2785852
8 1 2785948
85 0 2786405
85 1 2786476
84 0 2786626
84 1 2786750
73 0 2786807
73 1 2786890
8 0 2788793
8 1 2788868
8 0 2788960
8 1 2789031
82 0 2790033
82 1 2790141
73 0 2790212
73 1 2790305
32 0 2791020
32 1 2791096
68 0 2791271
68 1 2791315
69 0 2792531
69 1 2792623
32 0 2792760
32 1 2792856
66 0 2793710
66 1 2793805
69 0 2793894
69 1 2794005
84 0 2794359
84 1 2794451
79 0 2794625
79 1 2794724
78 0 2794976
78 1 2795056
190 0 2852936
190 1 2853008
32 0 2853218
32 1 2853301
16 0 2853514
84 0 2854055
84 1 2854206
16 1 2854262
79 0 2854334
79 1 2854385
84 0 2854862
84 1 2854995
73 0 2855063
73 1 2855163
32 0 2855571
32 1 2855666
67 0 2855948
67 1 2856016
69 0 2856212
69 1 2856291
73 0 2856516
73 1 2856599
32 0 2856778
32 1 2856855
67 0 2856936
67 1 2857004
65 0 2857112
65 1 2857233
82 0 2857394
82 1 2857471
87 0 2857585
69 0 2857606
69 1 2857669
87 1 2857672
32 0 2857771
32 1 2857851
8 0 2859003
8 1 2859086
8 0 2859171
8 1 2859255
8 0 2859340
8 1 2859423
69 0 2860932
69 1 2861013
32 0 2861142
32 1 2861239
83 0 2861544
83 1 2861635
67 0 2861781
67 1 2861837
82 0 2862075
82 1 2862167
73 0 2862374
73 1 2862433
85 0 2862499
85 1 2862598
32 0 2862763
32 1 2862863
67 0 2863019
67 1 2863098
8 0 2863754
8 1 2863862
83 0 2864123
83 1 2864226
85 0 2864366
85 1 2864449
78 0 2864621
78 1 2864704
84 0 2864902
84 1 2865005
32 0 2865049
32 1 2865136
66 0 2865353
66 1 2865440
65 0 2865508
65 1 2865652
82 0 2865814
82 1 2865901
66 0 2866194
66 1 2866285
65 0 2866302
65 1 2866432
84 0 2866644
84 1 2866740
73 0 2866968
73 1 2867043
32 0 2867874
32 1 2867961
67 0 2868213
67 1 2868273
69 0 2868414
69 1 2868505
69 0 2868608
69 1 2868661
65 0 2868896
65 1 2869003
32 0 2869146
32 1 2869226
67 0 2869543
67 1 2869611
69 0 2869730
69 1 2869833
32 0 2869927
32 1 2870002
73 0 2870330
73 1 2870417
78 0 2870603
78 1 2870683
83 0 2870938
83 1 2871017
69 0 2871135
69 1 2871206
65 0 2871365
65 1 2871479
77 0 2871642
77 1 2871725
78 0 2871978
78 1 2872041
65 0 2872070
65 1 2872179
32 0 2872328
32 1 2872403
67 0 2873037
67 1 2873104
65 0 2873247
65 1 2873358
32 0 2873434
32 1 2873517
65 0 2873635
65 1 2873747
67 0 2873925
67 1 2874008
69 0 2874156
69 1 2874267
65 0 2874562
65 1 2874686
83 0 2874835
83 1 2874906
84 0 2875169
84 1 2875232
65 0 2875415
65 1 2875535
32 0 2875595
32 1 2875659
80 0 2876138
80 1 2876215
82 0 2876403
82 1 2876490
69 0 2876609
69 1 2876672
79 0 2876918
79 1 2876994
67 0 2877337
67 1 2877420
85 0 2877775
85 1 2877858
80 0 2878349
80 1 2878458
65 0 2878485
65 1 2878606
82 0 2878774
82 1 2878874
69 0 2879002
69 1 2879082
32 0 2879209
32 1 2879272
69 0 2880452
69 1 2880556
82 0 2880724
82 1 2880785
65 0 2881002
65 1 2881130
32 0 2881256
32 1 2881328
68 0 2883699
68 1 2883763
69 0 2883873
69 1 2883953
83 0 2884408
83 1 2884481
84 0 2884916
84 1 2884964
73 0 2885126
73 1 2885221
78 0 2885410
65 0 2885465
78 1 2885495
65 1 2885581
84 0 2885865
84 1 2885937
65 0 2886102
65 1 2886237
32 0 2886324
32 1 2886408
69 0 2886480
69 1 2886564
88 0 2886882
88 1 2886961
67 0 2888359
67 1 2888463
76 0 2888602
76 1 2888657
73 0 2888820
73 1 2888919
83 0 2889311
83 1 2889378
73 0 2889846
73 1 2889904
8 0 2891801
8 1 2891883
8 0 2891992
8 1 2892056
8 0 2892171
8 1 2892238
85 0 2893260
85 1 2893336
83 0 2894083
83 1 2894202
73 0 2894556
73 1 2894635
86 0 2894727
86 1 2894842
32 0 2895461
32 1 2895536
66 0 2896017
66 1 2896103
65 0 2896184
65 1 2896288
82 0 2896465
82 1 2896552
66 0 2896836
66 1 2896916
65 0 2896970
65 1 2897042
84 0 2897318
84 1 2897404
73 0 2897586
73 1 2897677
76 0 2897837
76 1 2897940
79 0 2898011
79 1 2898103
82 0 2898264
82 1 2898365
32 0 2901198
32 1 2901269
73 0 2902004
73 1 2902099
78 0 2902418
78 1 2902497
32 0 2902639
32 1 2902726
65 0 2902866
65 1 2902957
67 0 2903165
67 1 2903244
69 0 2903372
69 1 2903472
65 0 2903585
65 1 2903708
32 0 2903781
32 1 2903849
80 0 2904258
80 1 2904345
69 0 2904432
69 1 2904556
82 0 2904683
82 1 2904770
73 0 2904976
73 1 2905068
79 0 2905146
79 1 2905234
65 0 2905253
65 1 2905370
68 0 2905616
68 1 2905670
65 0 2905758
65 1 2905866
190 0 2908969
190 1 2909032
188 0 2912129
188 1 2912183
