16 0 126003
86 0 126048
86 1 126134
16 1 126194
82 0 126263
82 1 126357
69 0 126433
69 1 126518
77 0 126839
77 1 126976
69 0 127005
65 0 127099
69 1 127139
65 1 127286
32 0 127293
32 1 127417
68 0 127430
73 0 127513
68 1 127556
73 1 127595
78 0 127703
78 1 127810
32 0 127842
32 1 127956
85 0 127994
85 1 128092
76 0 128209
76 1 128305
84 0 128374
73 0 128436
84 1 128466
73 1 128501
77 0 128602
77 1 128681
69 0 128750
76 0 128839
69 1 128843
76 1 128925
69 0 128932
69 1 129014
32 0 129086
32 1 129240
90 0 129643
73 0 129807
90 1 129830
73 1 129895
76 0 130036
76 1 130121
69 0 130150
69 1 130245
32 0 130292
32 1 130413
69 0 130916
69 1 131040
83 0 131113
83 1 131219
84 0 131225
84 1 131321
69 0 131372
32 0 131450
69 1 131466
32 1 131565
77 0 131911
77 1 132021
79 0 132133
79 1 132217
72 0 132685
72 1 132766
79 0 132900
79 1 132981
82 0 133174
82 1 133259
65 0 133342
65 1 133449
84 0 133469
84 1 133547
65 0 133578
65 1 133692
190 0 134423
190 1 134522
32 0 134698
32 1 134801
16 0 137320
65 0 137422
65 1 137491
16 1 137517
82 0 137597
82 1 137695
32 0 137777
32 1 137897
84 0 137937
84 1 138030
82 0 138095
82 1 138170
69 0 138242
69 1 138331
66 0 138388
66 1 138470
85 0 138657
85 1 138748
73 0 138827
73 1 138921
32 0 138974
32 1 139072
83 0 139136
65 0 139205
83 1 139277
65 1 139323
32 0 139329
32 1 139446
70 0 140162
70 1 140287
73 0 140299
73 1 140397
69 0 140437
32 0 140500
69 1 140544
32 1 140616
77 0 140690
77 1 140778
85 0 140880
85 1 140961
76 0 141071
84 0 141159
76 1 141171
32 0 141243
84 1 141246
32 1 141343
77 0 141404
77 1 141493
65 0 141535
73 0 141617
65 1 141664
73 1 141697
32 0 141780
32 1 141902
70 0 142931
70 1 143096
82 0 143145
82 1 143271
73 0 143294
73 1 143366
71 0 143535
71 1 143610
190 0 144007
190 1 144099
32 0 144247
32 1 144351
16 0 144401
76 0 144596
76 1 144679
16 1 144696
73 0 144843
73 1 144919
80 0 145061
80 1 145140
83 0 145155
83 1 145274
69 0 145368
69 1 145453
83 0 145530
83 1 145626
69 0 145689
69 1 145801
84 0 145825
84 1 145916
8 0 147251
8 1 147380
8 0 148638
8 1 148734
84 0 149072
84 1 149178
69 0 149188
69 1 149282
32 0 149308
32 1 149415
90 0 149530
90 1 149631
65 0 149717
65 1 149828
80 0 149881
65 0 149940
80 1 149969
65 1 150062
78 0 150145
78 1 150223
65 0 150264
65 1 150370
8 0 150821
8 1 150946
8 0 151009
8 1 151140
68 0 151744
65 0 151846
68 1 151879
65 1 151997
32 0 152021
83 0 152139
32 1 152169
73 0 152251
83 1 152257
73 1 152371
32 0 152474
32 1 152594
71 0 157907
71 1 157996
69 0 158006
69 1 158114
82 0 158192
82 1 158273
85 0 158346
85 1 158422
76 0 158589
76 1 158648
188 0 159150
188 1 159245
32 0 159319
32 1 159447
68 0 159563
69 0 159685
68 1 159757
32 0 159843
69 1 159847
32 1 159983
65 0 160113
65 1 160271
67 0 160744
67 1 160856
69 0 160953
69 1 161067
69 0 161107
69 1 161208
65 0 161310
65 1 161461
32 0 161486
32 1 161606
78 0 161818
78 1 161909
85 0 162086
85 1 162184
32 0 162293
32 1 162408
78 0 162980
78 1 163068
73 0 163236
73 1 163336
32 0 163374
83 0 163495
32 1 163498
83 1 163613
69 0 163706
32 0 163735
69 1 163791
32 1 163888
80 0 163917
65 0 164013
80 1 164028
65 1 164147
82 0 164205
82 1 164303
69 0 164318
69 1 164393
32 0 164409
32 1 164519
67 0 164534
67 1 164692
65 0 164692
32 0 164824
65 1 164852
32 1 164960
65 0 166692
32 0 166808
65 1 166823
32 1 166948
86 0 167157
86 1 167249
69 0 167306
78 0 167425
69 1 167438
78 1 167499
73 0 167610
84 0 167685
73 1 167690
84 1 167787
32 0 167802
32 1 167913
73 0 168023
73 1 168114
65 0 168124
65 1 168253
82 0 168290
82 1 168384
78 0 169158
78 1 169186
65 0 169324
65 1 169441
32 0 169648
32 1 169787
67 0 169968
67 1 170094
85 0 170114
85 1 170212
32 0 170231
32 1 170362
65 0 170365
65 1 170497
68 0 170543
68 1 170635
69 0 170701
69 1 170778
86 0 170897
65 0 170993
86 1 171002
65 1 171141
82 0 171154
82 1 171237
65 0 171271
65 1 171359
84 0 171366
84 1 171444
190 0 172426
190 1 172535
32 0 172688
32 1 172796
16 0 172936
80 0 173081
16 1 173144
80 1 173167
65 0 173253
82 0 173381
65 1 173387
82 1 173460
67 0 173562
67 1 173650
65 0 173669
65 1 173777
32 0 173780
32 1 173866
78 0 173959
78 1 174048
73 0 174138
73 1 174213
67 0 174244
73 0 174329
67 1 174335
73 1 174414
32 0 174424
32 1 174542
16 0 174629
67 0 174746
16 1 174820
67 1 174829
82 0 174928
82 1 175010
65 0 175038
65 1 175134
67 0 175160
67 1 175225
73 0 175511
73 1 175603
85 0 175695
85 1 175784
78 0 175887
78 1 175978
85 0 176052
85 1 176147
76 0 176293
76 1 176380
32 0 176470
32 1 176593
78 0 177196
78 1 177279
85 0 177404
85 1 177502
32 0 177594
32 1 177707
65 0 177766
32 0 177835
65 1 177898
32 1 177947
70 0 178516
70 1 178621
79 0 178709
79 1 178811
83 0 179031
83 1 179137
84 0 179306
84 1 179368
32 0 179718
32 1 179880
67 0 180030
67 1 180119
65 0 180164
32 0 180273
65 1 180305
32 1 180393
73 0 180417
73 1 180522
78 0 180618
32 0 180730
78 1 180733
65 0 180792
32 1 180831
76 0 180913
65 1 180927
76 1 181005
84 0 181106
84 1 181174
73 0 181201
73 1 181256
32 0 181305
32 1 181432
65 0 181445
78 0 181566
65 1 181579
78 1 181645
73 0 181772
73 1 181851
190 0 182661
190 1 182801
32 0 182905
32 1 183001
16 0 183052
67 0 183215
16 1 183248
67 1 183300
79 0 183918
79 1 183989
80 0 184090
80 1 184171
73 0 184284
73 1 184368
73 0 184466
73 1 184540
73 0 184602
73 1 184669
32 0 185310
32 1 185432
84 0 185623
84 1 185718
65 0 185750
82 0 185848
65 1 185871
82 1 185944
69 0 185978
32 0 186056
69 1 186073
32 1 186148
83 0 186193
83 1 186331
189 0 186567
189 1 186652
65 0 186680
65 1 186803
82 0 186944
82 1 187035
32 0 187142
32 1 187248
70 0 187309
70 1 187398
73 0 187450
73 1 187546
32 0 187581
32 1 187672
66 0 187818
66 1 187897
85 0 188008
85 1 188080
67 0 188145
85 0 188191
67 1 188246
85 1 188259
82 0 188398
82 1 188486
65 0 188501
84 0 188598
65 1 188639
84 1 188678
32 0 188753
68 0 188841
32 1 188867
69 0 188927
68 1 188973
32 0 189005
69 1 189048
32 1 189117
90 0 192967
90 1 193068
65 0 193148
65 1 193259
80 0 193288
65 0 193384
80 1 193393
65 1 193528
68 0 194566
65 0 194658
68 1 194707
65 1 194826
190 0 195466
190 1 195605
32 0 195731
32 1 195881
16 0 198294
73 0 198359
73 1 198421
16 1 198455
78 0 198534
78 1 198642
32 0 198687
32 1 198789
80 0 198844
80 1 198936
76 0 199028
76 1 199070
85 0 199226
85 1 199305
83 0 199374
83 1 199479
188 0 200140
188 1 200253
32 0 200356
32 1 200478
78 0 201076
78 1 201186
69 0 201253
32 0 201345
69 1 201376
32 1 201428
71 0 201549
65 0 201618
71 1 201631
78 0 201765
65 1 201772
78 1 201844
68 0 201933
68 1 201972
73 0 202021
73 1 202061
32 0 202367
32 1 202458
8 0 203204
8 1 203342
77 0 203830
77 1 203941
32 0 203975
32 1 204097
67 0 204141
67 1 204228
85 0 204240
85 1 204338
32 0 204379
32 1 204479
74 0 204700
74 1 204778
73 0 204866
73 1 204951
78 0 205034
78 1 205124
68 0 205459
68 1 205557
32 0 205665
32 1 205772
76 0 205869
76 1 205989
65 0 206029
32 0 206127
65 1 206160
32 1 206232
83 0 206284
83 1 206397
67 0 206996
67 1 207114
72 0 207247
72 1 207328
73 0 207473
73 1 207556
73 0 207647
73 1 207739
188 0 210284
188 1 210385
8 0 210854
8 1 210962
190 0 211484
190 1 211586
32 0 211680
16 0 211765
32 1 211784
68 0 211920
16 1 211943
68 1 212001
65 0 212017
82 0 212112
65 1 212144
82 1 212196
32 0 212270
32 1 212371
65 0 212432
65 1 212567
67 0 212570
67 1 212674
73 0 212694
73 1 212725
8 0 213310
8 1 213421
79 0 213569
79 1 213652
76 0 213757
76 1 213833
79 0 213911
79 1 213993
32 0 214090
32 1 214197
78 0 214301
78 1 214374
85 0 214480
85 1 214562
32 0 214654
32 1 214771
67 0 215020
67 1 215119
82 0 215197
69 0 215225
82 1 215274
69 1 215333
68 0 215379
68 1 215471
32 0 215540
32 1 215658
67 0 215735
65 0 215781
67 1 215843
32 0 215880
65 1 215923
32 1 215969
86 0 216231
86 1 216314
79 0 216503
79 1 216610
77 0 216728
77 1 216832
32 0 216866
32 1 216971
65 0 216980
65 1 217097
74 0 217106
74 1 217192
85 0 217267
85 1 217346
78 0 217444
78 1 217543
71 0 218270
71 1 218371
69 0 218467
69 1 218563
32 0 218662
32 1 218772
78 0 218990
78 1 219079
85 0 219184
85 1 219269
32 0 219292
32 1 219407
68 0 219437
79 0 219515
68 1 219519
79 1 219611
65 0 219637
65 1 219740
82 0 219785
82 1 219870
32 0 219931
32 1 220024
68 0 220038
68 1 220130
73 0 220130
73 1 220225
78 0 220337
32 0 220452
78 1 220461
67 0 220581
32 1 220584
65 0 220623
67 1 220667
65 1 220746
85 0 220827
85 1 220915
90 0 220922
90 1 221028
65 0 221112
65 1 221197
32 0 221203
32 1 221338
86 0 221755
86 1 221847
82 0 221913
69 0 221930
82 1 221969
69 1 222060
77 0 222089
77 1 222175
73 0 222297
73 1 222381
73 0 222469
73 1 222557
188 0 223180
188 1 223280
32 0 223364
32 1 223467
67 0 223493
73 0 223589
67 1 223609
73 1 223692
32 0 223713
32 1 223809
77 0 223853
77 1 223945
65 0 223957
73 0 224062
65 1 224089
73 1 224135
32 0 224135
32 1 224251
65 0 224261
76 0 224340
65 1 224410
76 1 224453
69 0 224509
69 1 224574
83 0 224653
32 0 224713
83 1 224758
32 1 224834
68 0 224963
68 1 225055
73 0 225101
73 1 225181
78 0 225290
78 1 225401
32 0 225421
32 1 225543
67 0 225571
65 0 225654
67 1 225710
85 0 225779
65 1 225796
85 1 225868
90 0 225891
90 1 225996
65 0 226062
32 0 226150
65 1 226226
32 1 226288
82 0 226427
69 0 226506
82 1 226578
69 1 226668
83 0 227028
83 1 227150
84 0 227261
84 1 227370
82 0 227434
82 1 227524
85 0 227681
85 1 227740
67 0 227836
67 1 227910
84 0 227955
84 1 228024
73 0 228233
73 1 228312
73 0 228397
73 1 228485
76 0 228624
76 1 228680
79 0 228806
79 1 228879
82 0 228984
82 1 229083
32 0 229313
32 1 229453
67 0 229576
65 0 229619
67 1 229685
65 1 229778
85 0 230047
85 1 230150
90 0 230186
90 1 230307
65 0 230368
84 0 230445
65 1 230502
84 1 230545
69 0 231084
69 1 231189
32 0 231459
32 1 231600
68 0 231684
69 0 231745
68 1 231798
32 0 231844
69 1 231898
32 1 231966
80 0 232414
80 1 232532
65 0 232558
65 1 232691
78 0 232752
78 1 232838
68 0 232876
69 0 232950
68 1 232973
77 0 233025
69 1 233052
77 1 233112
73 0 233211
73 1 233288
69 0 233366
69 1 233448
190 0 235144
190 1 235246
32 0 235443
32 1 235578
16 0 236983
86 0 237114
16 1 237156
86 1 237218
69 0 237320
69 1 237402
68 0 237507
68 1 237612
69 0 237685
69 1 237766
77 0 237787
77 1 237906
32 0 238372
32 1 238546
68 0 238894
68 1 239002
65 0 239026
67 0 239128
65 1 239141
65 0 239194
67 1 239233
65 1 239327
32 0 239414
32 1 239525
83 0 239650
83 1 239794
67 0 239992
67 1 240097
72 0 240200
72 1 240295
73 0 240420
73 1 240513
77 0 240607
77 1 240701
66 0 240810
86 0 240837
66 1 240844
86 1 240879
65 0 240905
82 0 241039
65 1 241043
82 1 241120
8 0 241550
8 1 241681
8 0 241900
8 1 242038
8 0 242661
8 1 242818
65 0 242859
65 1 242994
82 0 243398
82 1 243513
69 0 243587
69 1 243672
65 0 243695
32 0 243797
65 1 243836
32 1 243905
86 0 244003
86 1 244083
82 0 244175
69 0 244198
82 1 244234
69 1 244306
77 0 244316
77 1 244393
73 0 244519
73 1 244601
73 0 244676
73 1 244762
32 0 245152
32 1 245286
189 0 245399
189 1 245495
32 0 245526
65 0 245584
32 1 245620
65 1 245696
68 0 245795
68 1 245888
73 0 245914
73 1 246016
67 0 246016
65 0 246085
67 1 246125
32 0 246139
65 1 246227
32 1 246261
86 0 246952
86 1 247037
69 0 247080
78 0 247180
69 1 247202
78 1 247261
73 0 247380
73 1 247462
82 0 247549
69 0 247574
82 1 247639
69 1 247715
65 0 247783
65 1 247887
32 0 247890
32 1 248008
80 0 248085
80 1 248220
82 0 248232
82 1 248311
73 0 248721
73 1 248797
77 0 248942
77 1 249020
65 0 249027
65 1 249142
86 0 249313
86 1 249384
69 0 249419
69 1 249534
82 0 249578
82 1 249654
73 0 249733
73 1 249814
73 0 249887
73 1 249968
32 0 250374
32 1 250519
189 0 250723
189 1 250830
32 0 250885
32 1 251001
86 0 251200
86 1 251292
65 0 251307
32 0 251448
65 1 251454
32 1 251562
65 0 251614
65 1 251762
68 0 251910
68 1 252024
85 0 252868
85 1 252959
67 0 253069
67 1 253178
69 0 253263
32 0 253390
69 1 253408
32 1 253497
86 0 254989
86 1 255098
69 0 255137
69 1 255225
83 0 255319
84 0 255407
83 1 255440
84 1 255469
73 0 255693
73 1 255789
32 0 255859
32 1 255971
66 0 256088
66 1 256169
85 0 256271
85 1 256355
78 0 256451
78 1 256553
69 0 256584
32 0 256673
69 1 256707
32 1 256783
83 0 257727
73 0 257846
83 1 257856
73 1 257942
32 0 258007
32 1 258131
73 0 258147
73 1 258242
78 0 258361
78 1 258459
32 0 258510
32 1 258618
80 0 258731
80 1 258850
82 0 259054
82 1 259158
79 0 259191
79 1 259270
66 0 259635
66 1 259712
76 0 259861
76 1 259943
69 0 259992
69 1 260099
77 0 260112
77 1 260204
65 0 260261
32 0 260356
65 1 260388
32 1 260463
86 0 260868
86 1 260996
73 0 261046
73 1 261137
82 0 261184
82 1 261268
85 0 261315
85 1 261395
83 0 261523
83 1 261632
85 0 262581
85 1 262660
76 0 262790
76 1 262874
85 0 263030
85 1 263106
73 0 263202
73 1 263286
32 0 263345
32 1 263470
67 0 263559
65 0 263682
67 1 263698
65 1 263770
82 0 263891
69 0 263964
82 1 264015
69 1 264061
32 0 264100
32 1 264186
69 0 264396
69 1 264504
8 0 264835
8 1 264948
78 0 265152
78 1 265248
69 0 265279
32 0 265376
69 1 265383
32 1 265452
67 0 265570
79 0 265599
67 1 265619
79 1 265682
77 0 265786
77 1 265866
80 0 265980
80 1 266076
76 0 266154
76 1 266243
73 0 266345
67 0 266417
73 1 266427
65 0 266473
67 1 266506
32 0 266571
65 1 266615
32 1 266658
86 0 267235
86 1 267324
73 0 267457
69 0 267533
73 1 267543
69 1 267641
84 0 267774
84 1 267826
73 0 267866
73 1 267938
76 0 268062
76 1 268153
69 0 268796
69 1 268921
32 0 269929
32 1 270068
65 0 270081
65 1 270228
8 0 270642
8 1 270791
65 0 271346
65 1 271503
67 0 271581
67 1 271694
85 0 271728
85 1 271810
77 0 271930
77 1 272004
190 0 272243
190 1 272326
16 0 288193
79 0 288284
16 1 288383
79 1 288396
32 0 288452
90 0 288535
32 1 288558
73 0 288643
90 1 288673
73 1 288732
32 0 288758
32 1 288863
73 0 288987
73 1 289077
68 0 289209
69 0 289295
68 1 289341
69 1 289392
65 0 289482
65 1 289634
76 0 289693
76 1 289862
65 0 290105
65 1 290250
32 0 290760
32 1 290913
69 0 290984
69 1 291056
83 0 291148
83 1 291269
84 0 291272
84 1 291371
69 0 291406
69 1 291505
32 0 291528
32 1 291636
73 0 292132
73 1 292224
68 0 292324
69 0 292446
68 1 292471
69 1 292541
65 0 292604
65 1 292702
76 0 292739
76 1 292838
65 0 292859
65 1 292954
188 0 293577
188 1 293711
32 0 293761
32 1 293879
68 0 293907
69 0 293934
68 1 294003
69 1 294066
67 0 294153
73 0 294202
67 1 294246
73 1 294305
32 0 294339
32 1 294470
78 0 295254
78 1 295343
85 0 295474
85 1 295559
32 0 295670
32 1 295788
80 0 296684
80 1 296802
79 0 296916
79 1 296981
84 0 297093
84 1 297178
32 0 297193
32 1 297328
68 0 297405
69 0 297451
68 1 297511
69 1 297583
67 0 297628
65 0 297670
67 1 297720
65 1 297770
84 0 297827
84 1 297912
32 0 297973
32 1 298085
83 0 298456
65 0 298514
83 1 298581
32 0 298653
65 1 298654
32 1 298798
68 0 299019
68 1 299116
69 0 299188
69 1 299273
83 0 299355
83 1 299459
67 0 299513
67 1 299638
82 0 299745
82 1 299842
73 0 299870
73 1 299978
85 0 300063
85 1 300125
32 0 300152
32 1 300280
79 0 300418
79 1 300515
32 0 300565
32 1 300689
90 0 300831
90 1 300953
73 0 301014
73 1 301111
32 0 301237
32 1 301394
70 0 302776
70 1 302898
82 0 302898
82 1 303019
85 0 303067
85 1 303156
77 0 303289
77 1 303374
79 0 303478
79 1 303568
65 0 303615
65 1 303743
83 0 303900
65 0 303946
83 1 304002
65 1 304042
32 0 305171
32 1 305318
83 0 305730
65 0 305806
83 1 305876
65 1 305961
85 0 306067
85 1 306149
32 0 308100
32 1 308239
79 0 309267
79 1 309349
32 0 309533
32 1 309694
90 0 309870
90 1 309993
73 0 310061
73 1 310148
32 0 310197
32 1 310305
66 0 310479
66 1 310562
65 0 310613
65 1 310755
78 0 310934
78 1 311016
65 0 311058
65 1 311180
76 0 311228
76 1 311310
65 0 311332
65 1 311454
190 0 312034
190 1 312170
32 0 312279
16 0 312369
32 1 312393
86 0 312532
16 1 312548
86 1 312594
79 0 312830
79 1 312933
73 0 313031
73 1 313122
32 0 313149
32 1 313273
69 0 316011
69 1 316127
86 0 316240
86 1 316341
73 0 316383
73 1 316465
84 0 316618
84 1 316704
65 0 316713
65 1 316847
32 0 316891
83 0 316991
32 1 316998
65 0 317070
83 1 317124
32 0 317141
65 1 317200
32 1 317246
80 0 317345
80 1 317472
82 0 317522
69 0 317605
82 1 317653
69 1 317730
90 0 318246
90 1 318357
73 0 318493
73 1 318577
78 0 318679
78 1 318775
84 0 318933
84 1 319011
32 0 319179
32 1 319305
79 0 319367
79 1 319455
32 0 319607
32 1 319733
90 0 320701
90 1 320835
73 0 321615
73 1 321700
32 0 321825
32 1 321943
78 0 322720
78 1 322816
69 0 322843
69 1 322952
82 0 323011
82 1 323094
69 0 323097
69 1 323179
85 0 323302
85 1 323378
83 0 323424
73 0 323510
83 1 323529
73 1 323588
84 0 323728
84 1 323806
65 0 323859
65 1 323989
190 0 324850
190 1 324965
32 0 325028
16 0 325106
32 1 325136
65 0 325229
16 1 325274
65 1 325351
83 0 325361
83 1 325452
65 0 325483
65 1 325632
68 0 326178
68 1 326270
65 0 326311
65 1 326445
82 0 326491
82 1 326570
188 0 327235
188 1 327330
32 0 327438
32 1 327565
79 0 327636
79 1 327718
32 0 327774
90 0 327841
32 1 327884
90 1 327956
85 0 328097
85 1 328163
8 0 328662
8 1 328759
73 0 329264
73 1 329382
32 0 329466
32 1 329586
70 0 329648
82 0 329675
70 1 329731
82 1 329814
85 0 329837
85 1 329912
77 0 330029
77 1 330120
79 0 330235
79 1 330311
65 0 330382
65 1 330534
83 0 330834
65 0 330933
83 1 331006
65 1 331091
32 0 331118
32 1 331288
73 0 331643
73 1 331813
78 0 331976
78 1 332048
67 0 332233
67 1 332301
69 0 332395
69 1 332507
80 0 332558
80 1 332630
69 0 332642
69 1 332733
32 0 333378
32 1 333545
68 0 335042
68 1 335179
85 0 335190
85 1 335262
80 0 335371
80 1 335479
65 0 335501
32 0 335613
65 1 335621
32 1 335719
85 0 336506
85 1 336591
78 0 336700
78 1 336815
32 0 336842
32 1 336933
83 0 337015
83 1 337127
79 0 337149
79 1 337245
77 0 337356
77 1 337448
78 0 337526
78 1 337624
32 0 337669
32 1 337779
66 0 338185
66 1 338260
85 0 338410
85 1 338483
78 0 338626
78 1 338700
188 0 339978
188 1 340075
32 0 340142
32 1 340250
67 0 340304
67 1 340406
79 0 340413
79 1 340491
78 0 340623
78 1 340701
84 0 340909
84 1 340990
73 0 341131
73 1 341209
78 0 341310
78 1 341383
85 0 341470
85 1 341552
65 0 341570
32 0 341679
65 1 341684
32 1 341779
67 0 341825
67 1 341913
89 0 341923
89 1 341998
32 0 342151
32 1 342264
8 0 342534
8 1 342641
8 0 342715
8 1 342817
85 0 343273
85 1 343369
32 0 343421
32 1 343561
85 0 343591
85 1 343670
78 0 343762
78 1 343857
32 0 343881
32 1 343979
77 0 344326
77 1 344421
73 0 344528
73 1 344605
67 0 344653
32 0 344732
67 1 344774
32 1 344817
68 0 344992
69 0 345026
68 1 345076
69 1 345165
74 0 345274
74 1 345362
85 0 345442
85 1 345516
78 0 345607
78 1 345699
32 0 345740
32 1 345824
76 0 345873
76 1 345982
85 0 346085
85 1 346173
65 0 346253
84 0 346341
65 1 346354
84 1 346425
32 0 347468
32 1 347592
73 0 347697
73 1 347776
78 0 347898
78 1 347995
32 0 348055
32 1 348132
70 0 348390
70 1 348469
65 0 348519
65 1 348631
77 0 348673
77 1 348752
73 0 348866
73 1 348929
76 0 349049
76 1 349130
73 0 349225
73 1 349306
69 0 349313
69 1 349423
188 0 350847
188 1 350948
32 0 352240
32 1 352395
65 0 352655
65 1 352789
76 0 352866
76 1 352990
65 0 354207
65 1 354312
84 0 354456
84 1 354571
85 0 355551
85 1 355637
82 0 355693
82 1 355772
73 0 355789
73 1 355887
32 0 355952
32 1 356072
68 0 356078
69 0 356139
68 1 356204
32 0 356244
69 1 356284
32 1 356379
8 0 358276
8 0 358765
8 0 358793
8 0 358824
8 0 358852
8 0 358881
8 1 358931
8 0 359092
8 1 359184
8 0 359280
8 1 359373
8 0 359450
8 1 359553
8 0 359640
8 1 359730
8 0 359847
8 1 359938
73 0 367032
73 1 367121
78 0 367270
78 1 367366
32 0 367452
32 1 367560
85 0 367788
85 1 367867
8 0 368277
8 1 368421
74 0 368814
74 1 368899
85 0 368993
85 1 369063
82 0 369124
82 1 369228
85 0 369287
85 1 369361
76 0 369520
76 1 369612
32 0 369711
32 1 369817
85 0 369918
85 1 370001
78 0 370117
78 1 370206
69 0 370265
69 1 370370
73 0 370381
73 1 370460
32 0 370564
32 1 370667
77 0 370879
77 1 370981
69 0 371078
69 1 371183
83 0 371297
83 1 371422
69 0 371523
69 1 371612
32 0 371685
32 1 371829
82 0 372493
82 1 372607
79 0 372687
79 1 372761
84 0 373029
84 1 373103
85 0 373200
85 1 373281
78 0 373411
78 1 373519
68 0 373588
69 0 373651
68 1 373713
69 1 373763
32 0 373807
32 1 373915
83 0 374311
73 0 374433
83 1 374456
73 1 374545
32 0 374627
32 1 374763
8 0 385196
8 1 385312
8 0 385381
8 1 385483
8 0 385540
8 1 385654
8 0 385715
8 1 385795
188 0 386480
188 1 386578
32 0 386671
32 1 386791
80 0 388340
80 1 388392
76 0 388516
76 1 388584
73 0 388730
73 1 388801
78 0 388934
78 1 389011
65 0 389594
65 1 389719
32 0 389869
32 1 389998
8 0 391792
8 1 391898
8 0 391966
8 1 392067
8 0 392137
8 1 392217
8 0 392294
8 1 392386
8 0 392452
8 1 392567
8 0 392713
8 1 392870
67 0 393311
67 1 393407
65 0 393455
32 0 393545
65 1 393550
32 1 393630
77 0 393780
77 1 393896
65 0 393943
65 1 394064
8 0 395355
8 1 395483
8 0 395557
8 1 395659
8 0 395721
8 1 395815
8 0 395879
8 1 395997
8 0 396231
8 1 396322
80 0 396916
80 1 396995
76 0 397097
76 1 397183
73 0 397300
73 1 397365
78 0 397467
78 1 397558
65 0 397580
32 0 397652
65 1 397700
32 1 397756
67 0 397860
67 1 397929
85 0 397929
85 1 398014
32 0 398061
32 1 398168
77 0 398371
77 1 398457
65 0 398508
78 0 398583
65 1 398613
78 1 398661
67 0 398849
67 1 398933
65 0 398962
82 0 399056
65 1 399066
82 1 399136
32 0 399285
32 1 399367
8 0 399794
8 1 399963
69 0 400287
69 1 400401
32 0 400665
32 1 400772
66 0 400968
66 1 401047
85 0 401168
85 1 401244
78 0 401339
78 1 401433
65 0 401443
32 0 401548
65 1 401584
32 1 401647
83 0 401745
85 0 401808
83 1 401827
85 1 401902
32 0 401961
32 1 402083
8 0 402591
8 1 402631
8 0 402726
8 1 402823
73 0 403372
73 1 403493
32 0 403504
32 1 403634
86 0 403762
86 1 403847
65 0 403866
65 1 403977
82 0 403987
82 1 404066
73 0 404239
73 1 404313
65 0 404409
65 1 404553
84 0 405286
84 1 405367
65 0 405436
65 1 405564
190 0 406318
190 1 406396
32 0 406611
32 1 406716
16 0 407518
65 0 407683
16 1 407810
65 1 407843
80 0 407890
80 1 407991
79 0 408088
79 1 408176
73 0 408380
73 1 408465
32 0 408528
32 1 408690
8 0 412394
8 1 412498
188 0 415660
188 1 415780
32 0 415886
32 1 416023
73 0 416059
73 1 416154
78 0 416260
32 0 416352
78 1 416367
32 1 416456
80 0 416532
65 0 416609
80 1 416626
65 1 416740
69 0 416973
69 1 417068
82 0 417202
82 1 417282
73 0 417327
73 1 417392
79 0 417490
79 1 417552
65 0 417633
65 1 417770
68 0 417780
68 1 417878
65 0 417890
65 1 417995
32 0 418056
32 1 418146
68 0 418348
69 0 418418
68 1 418487
32 0 418500
69 1 418543
32 1 418613
80 0 418733
80 1 418823
65 0 418839
65 1 418974
78 0 418980
78 1 419068
68 0 419163
69 0 419246
68 1 419308
77 0 419315
77 1 419396
69 1 419400
73 0 419488
73 1 419566
69 0 420642
69 1 420790
188 0 421309
188 1 421427
32 0 421458
32 1 421559
85 0 421669
85 1 421752
82 0 421885
82 1 421993
77 0 422000
77 1 422089
69 0 422166
69 1 422267
65 0 422375
65 1 422490
65 0 422737
65 1 422877
8 0 423721
8 1 423875
90 0 424005
90 1 424139
65 0 424218
65 1 424352
32 0 424475
32 1 424608
51 0 425442
51 1 425549
189 0 425608
189 1 425722
52 0 425783
52 1 425867
32 0 425931
32 1 426072
79 0 426274
79 1 426368
82 0 426491
69 0 426563
82 1 426601
69 1 426669
32 0 426685
32 1 426813
69 0 426911
32 0 427024
69 1 427034
32 1 427149
8 0 428347
8 1 428539
8 0 428621
8 1 428778
68 0 429163
69 0 429262
68 1 429334
69 1 429384
32 0 429474
32 1 429614
83 0 429927
83 1 430050
69 0 430140
69 1 430296
82 0 430383
82 1 430474
86 0 430600
86 1 430702
73 0 430770
73 1 430907
67 0 430958
67 1 431063
85 0 431077
85 1 431154
8 0 431881
8 1 432002
73 0 432495
73 1 432589
85 0 432698
85 1 432775
32 0 433419
32 1 433556
73 0 433662
73 1 433744
78 0 433878
78 1 433973
84 0 434094
84 1 434169
69 0 434207
69 1 434280
78 0 434333
78 1 434415
83 0 434552
83 1 434673
188 0 437360
188 1 437489
32 0 437547
32 1 437659
76 0 437718
76 1 437848
65 0 437870
32 0 437939
65 1 438020
32 1 438031
68 0 438117
68 1 438199
73 0 438209
73 1 438288
83 0 438294
83 1 438432
84 0 438475
84 1 438547
65 0 438563
65 1 438655
78 0 438684
78 1 438768
84 0 438899
84 1 438964
65 0 439010
65 1 439149
190 0 439696
190 1 439798
32 0 439909
32 1 440021
16 0 440142
65 0 440244
80 0 440349
16 1 440359
65 1 440366
80 1 440441
79 0 440542
79 1 440621
73 0 440787
73 1 440874
188 0 441669
188 1 441791
32 0 441873
32 1 442002
80 0 442407
82 0 442539
80 1 442559
69 0 442576
82 1 442625
69 1 442722
71 0 443250
71 1 443341
65 0 443383
84 0 443471
65 1 443504
84 1 443544
73 0 443913
73 1 443995
77 0 444101
77 1 444192
32 0 445417
32 1 445535
80 0 445599
80 1 445711
82 0 445905
82 1 445996
81 0 446057
81 1 446112
78 0 446201
78 1 446272
8 0 446749
8 1 446890
8 0 447239
8 1 447366
65 0 447570
65 1 447704
78 0 447823
78 1 447905
90 0 448008
90 1 448104
73 0 448197
73 1 448236
8 0 448619
8 1 448728
85 0 449284
85 1 449366
76 0 449520
76 1 449598
188 0 449967
188 1 450099
32 0 450221
32 1 450341
76 0 453889
65 0 454026
76 1 454055
65 1 454117
32 0 454148
32 1 454247
67 0 454390
65 0 454436
67 1 454465
65 1 454567
82 0 454577
82 1 454660
69 0 454700
32 0 454802
69 1 454815
32 1 454895
73 0 455311
73 1 455404
78 0 455558
78 1 455654
67 0 455798
67 1 455887
69 0 455940
82 0 456043
69 1 456062
82 1 456113
67 0 456209
65 0 456280
67 1 456286
65 1 456450
77 0 456477
77 1 456549
32 0 456699
32 1 456800
83 0 456807
65 0 456872
83 1 456956
32 0 456959
65 1 456997
32 1 457070
78 0 457326
78 1 457415
69 0 457458
69 1 457510
32 0 457531
32 1 457646
65 0 457673
65 1 457835
68 0 457975
68 1 458080
85 0 458125
85 1 458197
78 0 458306
78 1 458382
65 0 458407
77 0 458522
65 1 458538
77 1 458604
32 0 458655
32 1 458770
66 0 458889
66 1 458928
8 0 459399
8 1 459541
68 0 459748
68 1 459830
73 0 459873
73 1 459968
78 0 460074
78 1 460165
32 0 460217
32 1 460314
78 0 460355
78 1 460438
79 0 460571
79 1 460665
85 0 460774
85 1 460857
32 0 460896
32 1 460971
67 0 461011
85 0 461100
67 1 461107
85 1 461183
32 0 461223
32 1 461322
84 0 461537
84 1 461678
79 0 461727
79 1 461806
84 0 461842
84 1 461931
73 0 461986
73 1 462065
73 0 462153
73 1 462235
190 0 463234
190 1 463307
37 0 463533
37 0 464021
37 0 464050
37 0 464080
37 0 464110
37 0 464139
37 0 464169
37 0 464199
37 1 464228
37 0 464539
37 1 464676
37 0 464763
37 1 464836
188 0 465623
188 1 465695
37 0 465769
37 1 465856
37 0 465935
37 1 466028
37 0 466103
37 1 466185
37 0 466270
37 1 466342
37 0 466436
37 1 466501
37 0 466588
37 1 466663
37 0 466749
37 1 466817
37 0 466901
37 1 466982
37 0 467060
37 1 467157
188 0 467694
188 1 467773
32 0 470216
32 1 470330
16 0 470432
65 0 470512
16 1 470633
65 1 470651
80 0 470674
80 1 470785
79 0 470870
79 1 470973
73 0 471115
73 1 471202
32 0 471291
32 1 471394
67 0 471585
67 1 471717
79 0 471727
79 1 471822
8 0 472528
8 1 472695
8 0 472836
8 1 472947
67 0 473622
67 1 473740
85 0 473794
85 1 473848
76 0 474228
76 1 474303
67 0 474966
67 1 475041
65 0 475090
77 0 475222
65 1 475224
77 1 475302
32 0 476386
32 1 476507
67 0 476550
67 1 476659
79 0 476736
79 1 476815
80 0 476918
80 1 477006
73 0 477163
73 1 477247
73 0 477338
73 1 477427
73 0 478087
73 1 478215
32 0 478374
32 1 478511
83 0 478919
73 0 479030
83 1 479047
73 1 479155
32 0 479185
67 0 479311
32 1 479317
67 1 479406
79 0 479428
79 1 479513
78 0 479651
78 1 479733
84 0 479807
84 1 479880
73 0 479924
73 1 479996
78 0 480109
78 1 480188
85 0 480272
65 0 480349
85 1 480349
65 1 480483
77 0 480496
77 1 480575
32 0 480670
67 0 480759
32 1 480779
67 1 480877
85 0 480911
85 1 480957
32 0 481366
32 1 481494
69 0 481619
69 1 481729
76 0 481788
76 1 481882
65 0 481897
65 1 481983
78 0 482044
78 1 482136
32 0 482205
32 1 482323
76 0 482706
76 1 482818
85 0 482969
67 0 483057
85 1 483060
67 1 483155
82 0 483276
82 1 483348
85 0 483373
85 1 483445
76 0 483577
76 1 483669
32 0 483772
32 1 483883
80 0 483948
80 1 484026
65 0 484074
65 1 484194
78 0 484212
78 1 484294
65 0 484298
65 1 484412
32 0 484504
32 1 484596
83 0 484653
83 1 484755
69 0 484840
69 1 484939
65 0 485058
65 1 485222
82 0 485479
82 1 485565
65 0 485572
65 1 485696
188 0 486268
188 1 486376
32 0 486483
32 1 486603
67 0 486609
67 1 486729
78 0 486850
78 1 486951
68 0 487013
68 1 487101
32 0 487174
32 1 487302
8 0 487735
8 1 487837
8 0 487922
8 1 488028
8 0 488112
8 1 488220
65 0 488585
65 1 488717
78 0 488782
78 1 488860
68 0 489032
68 1 489144
188 0 490169
188 1 490275
32 0 490310
32 1 490415
68 0 490586
68 1 490675
65 0 490678
65 1 490790
67 0 490810
65 0 490853
67 1 490903
65 1 490949
32 0 491941
32 1 492063
78 0 492434
78 1 492516
85 0 492635
85 1 492711
32 0 492790
32 1 492927
69 0 492984
69 1 493074
88 0 493194
88 1 493305
73 0 493308
73 1 493398
83 0 493435
83 1 493547
84 0 493563
84 1 493638
65 0 493676
65 1 493805
32 0 494258
32 1 494376
85 0 494466
85 1 494539
82 0 494608
82 1 494688
71 0 494773
71 1 494856
69 0 494892
69 1 494987
78 0 494996
78 1 495086
84 0 495211
84 1 495283
69 0 495301
69 1 495400
188 0 496015
188 1 496113
32 0 496166
32 1 496283
78 0 496378
78 1 496468
69 0 496493
32 0 496572
69 1 496618
32 1 496673
67 0 496739
79 0 496782
67 1 496828
79 1 496857
78 0 496963
78 1 497065
67 0 497203
67 1 497302
69 0 497360
69 1 497468
84 0 498673
84 1 498783
82 0 498864
65 0 498943
82 1 498949
65 1 499068
188 0 500441
188 1 500549
8 0 500881
8 1 500982
77 0 501527
77 1 501629
32 0 501677
32 1 501771
80 0 501825
80 1 501934
69 0 501996
32 0 502035
69 1 502109
32 1 502128
78 0 502317
78 1 502369
69 0 503523
69 1 503646
86 0 503737
86 1 503826
79 0 504013
79 1 504098
73 0 504178
73 1 504267
76 0 504362
76 1 504448
69 0 504516
32 0 504633
69 1 504636
32 1 504749
67 0 505120
65 0 505215
67 1 505248
65 1 505348
83 0 505385
83 1 505519
78 0 505544
78 1 505633
73 0 505731
73 1 505820
67 0 505834
67 1 505939
69 0 507000
69 1 507119
190 0 507955
190 1 508047
32 0 508499
70 0 508630
70 1 508692
67 0 508712
32 1 508834
67 1 508917
8 0 509533
8 1 509684
8 0 509770
8 1 509905
16 0 530966
83 0 531284
16 1 531365
83 1 531436
73 0 531503
73 1 531686
83 0 531929
83 1 532091
84 0 532161
84 1 532247
69 0 532299
69 1 532400
77 0 532449
77 1 532522
85 0 532641
85 1 532715
76 0 532839
76 1 532954
32 0 533041
32 1 533155
69 0 533256
69 1 533392
68 0 533911
68 1 534040
85 0 534138
85 1 534239
67 0 534264
65 0 534356
67 1 534400
84 0 534453
65 1 534502
84 1 534522
73 0 534837
73 1 534927
79 0 535025
79 1 535108
78 0 535240
78 1 535319
65 0 535402
65 1 535537
76 0 535538
76 1 535626
32 0 535743
32 1 535855
82 0 536076
69 0 536154
82 1 536208
80 0 536267
69 1 536276
80 1 536386
82 0 536413
69 0 536489
82 1 536541
69 1 536572
90 0 536764
90 1 536902
73 0 536940
73 1 537039
78 0 537145
78 1 537233
84 0 537355
65 0 537428
84 1 537433
32 0 537552
65 1 537554
32 1 537655
85 0 537682
85 1 537782
78 0 537909
78 1 538020
32 0 538058
32 1 538155
83 0 538190
85 0 538307
83 1 538309
85 1 538371
66 0 538541
66 1 538613
73 0 538742
73 1 538823
69 0 538924
69 1 539015
67 0 539019
67 1 539098
84 0 540171
84 1 540267
32 0 540395
32 1 540490
77 0 540685
77 1 540802
85 0 541831
85 1 541927
76 0 542052
76 1 542145
84 0 542159
84 1 542251
32 0 542831
32 1 542963
80 0 543117
80 1 543272
82 0 543330
69 0 543381
82 1 543446
69 1 543512
65 0 543751
65 1 543901
32 0 543924
32 1 544055
65 0 544067
65 1 544193
77 0 544228
77 1 544323
80 0 545098
80 1 545180
76 0 545273
76 1 545356
85 0 545485
85 1 545557
32 0 546061
32 1 546209
80 0 546321
80 1 546449
69 0 546483
78 0 546619
69 1 546634
78 1 546702
84 0 546778
82 0 546825
84 1 546882
85 0 546898
82 1 546925
85 1 546981
32 0 547031
65 0 547090
32 1 547133
65 1 547238
67 0 547297
69 0 547366
67 1 547383
69 1 547482
65 0 547490
65 1 547621
83 0 547644
83 1 547770
84 0 547801
84 1 547878
65 0 547970
65 1 548097
32 0 549110
32 1 549238
70 0 550348
70 1 550452
69 0 550552
69 1 550630
82 0 550724
82 1 550823
69 0 550904
69 1 550982
65 0 551004
65 1 551099
83 0 551203
83 1 551323
84 0 551843
84 1 551932
82 0 552034
82 1 552115
65 0 552150
65 1 552289
190 0 553108
190 1 553209
32 0 553376
32 1 553467
16 0 558453
86 0 558581
86 1 558657
16 1 558658
79 0 558862
79 1 558975
73 0 559060
73 1 559156
32 0 559189
32 1 559281
77 0 559354
77 1 559436
69 0 559538
69 1 559636
78 0 559660
78 1 559735
84 0 559945
84 1 560020
73 0 560211
73 1 560291
79 0 560383
79 1 560470
78 0 560569
78 1 560673
65 0 560711
65 1 560848
32 0 560883
32 1 561015
73 0 561209
73 1 561279
78 0 561425
78 1 561512
83 0 561774
65 0 561901
83 1 561959
65 1 562062
32 0 562334
32 1 562442
73 0 564716
73 1 564815
8 0 565800
8 1 565951
68 0 566476
68 1 566595
79 0 566620
79 1 566699
85 0 566835
85 1 566914
65 0 566936
65 1 567073
32 0 567288
65 0 567416
32 1 567432
65 1 567546
83 0 567655
80 0 567783
83 1 567785
80 1 567871
69 0 567952
69 1 568074
67 0 568126
67 1 568218
84 0 568358
84 1 568422
69 0 568502
69 1 568628
16 0 570072
186 0 570393
16 1 570471
186 1 570524
13 0 572727
13 1 572829
189 0 573000
189 1 573074
32 0 573201
32 1 573323
80 0 573858
80 1 573951
82 0 574034
82 1 574129
73 0 574206
73 1 574285
77 0 574397
77 1 574487
85 0 574597
85 1 574662
76 0 574789
76 1 574873
32 0 575147
32 1 575291
73 0 576016
73 1 576105
76 0 576216
76 1 576324
32 0 576358
32 1 576481
82 0 576501
69 0 576580
82 1 576623
80 0 576650
69 1 576666
80 1 576725
82 0 576751
69 0 576807
82 1 576833
69 1 576866
90 0 577021
90 1 577152
73 0 577344
73 1 577430
78 0 577548
78 1 577630
84 0 577751
84 1 577836
65 0 577852
65 1 577956
32 0 577963
32 1 578049
73 0 578119
73 1 578195
77 0 578300
77 1 578368
80 0 578514
80 1 578588
79 0 578689
79 1 578757
82 0 578952
82 1 579039
84 0 579109
84 1 579191
65 0 579242
78 0 579341
65 1 579365
78 1 579418
84 0 579550
84 1 579616
65 0 579641
65 1 579756
32 0 579789
32 1 579900
83 0 580044
83 1 580172
84 0 580333
84 1 580431
82 0 580527
82 1 580603
65 0 580647
84 0 580774
65 1 580791
84 1 580844
69 0 581626
69 1 581771
71 0 582122
71 1 582211
73 0 582323
73 1 582416
67 0 582475
65 0 582532
67 1 582582
32 0 582664
65 1 582676
32 1 582808
65 0 582906
32 0 583025
65 1 583046
32 1 583148
69 0 584972
69 1 585066
68 0 585171
68 1 585250
85 0 585295
85 1 585390
67 0 585429
67 1 585597
65 0 585601
84 0 585622
84 1 585702
65 1 585722
73 0 585842
73 1 585925
69 0 585934
69 1 586034
73 0 586062
73 1 586137
188 0 586940
188 1 587103
32 0 587151
32 1 587258
68 0 587272
69 0 587299
32 0 587341
68 1 587357
32 1 587439
69 1 587452
67 0 587605
65 0 587648
67 1 587691
65 1 587787
82 0 587797
82 1 587892
69 0 587909
69 1 588017
32 0 588029
32 1 588146
68 0 588620
69 0 588692
68 1 588756
69 1 588812
8 0 589889
8 0 590380
8 0 590408
8 0 590438
8 1 590473
8 0 590563
8 1 590661
8 0 590733
8 1 590835
8 0 591185
8 1 591318
65 0 591385
65 1 591511
32 0 591594
32 1 591735
67 0 591953
67 1 592050
65 0 592050
65 1 592171
82 0 592181
82 1 592260
69 0 592327
69 1 592408
85 0 592458
85 1 592538
8 0 592939
8 1 593050
73 0 593595
73 1 593695
32 0 593717
32 1 593815
67 0 594002
67 1 594074
65 0 594117
65 1 594246
76 0 594289
76 1 594368
84 0 594543
65 0 594598
84 1 594607
65 1 594704
84 0 594720
84 1 594795
69 0 594848
69 1 594953
32 0 595120
32 1 595253
68 0 595383
69 0 595427
68 1 595484
69 1 595553
80 0 595957
80 1 596086
73 0 596250
73 1 596335
78 0 596539
78 1 596632
68 0 596764
69 0 596814
68 1 596903
32 0 596945
69 1 596965
32 1 597086
71 0 598600
71 1 598679
65 0 598714
65 1 598873
8 0 599401
8 1 599535
8 0 599614
8 1 599765
8 0 599829
8 1 599990
8 0 600068
8 1 600138
32 0 600648
32 1 600778
71 0 601020
71 1 601101
65 0 601132
78 0 601264
65 1 601274
78 1 601356
68 0 601437
73 0 601554
68 1 601570
73 1 601638
82 0 601807
69 0 601884
82 1 601886
69 1 601989
65 0 602126
65 1 602257
32 0 603487
32 1 603635
83 0 603666
73 0 603760
83 1 603783
73 1 603852
32 0 604161
32 1 604316
83 0 604397
73 0 604519
83 1 604522
73 1 604601
77 0 604733
77 1 604824
84 0 605035
84 1 605111
73 0 605246
73 1 605338
82 0 605434
69 0 605495
82 1 605548
69 1 605621
65 0 605678
65 1 605807
32 0 605832
32 1 605959
73 0 606091
73 1 606210
78 0 606341
78 1 606446
86 0 607026
86 1 607120
65 0 607164
65 1 607284
84 0 607318
65 0 607369
84 1 607405
65 1 607490
67 0 607721
67 1 607822
69 0 607884
69 1 607993
73 0 608031
73 1 608104
76 0 608225
76 1 608310
79 0 608388
79 1 608464
82 0 608489
82 1 608584
188 0 609532
188 1 609657
32 0 609721
32 1 609824
82 0 609828
69 0 609884
82 1 609946
69 1 610005
83 0 610091
80 0 610200
83 1 610212
80 1 610299
69 0 610391
69 1 610499
67 0 611242
67 1 611393
84 0 611912
84 1 611994
73 0 612143
73 1 612232
86 0 612259
86 1 612351
32 0 612363
32 1 612472
68 0 612588
69 0 612829
68 1 612851
69 1 612987
80 0 613411
80 1 613539
73 0 614036
73 1 614112
78 0 614223
78 1 614314
68 0 614486
69 0 614550
68 1 614646
69 1 614666
32 0 614800
32 1 614905
73 0 615284
73 1 615365
78 0 615499
78 1 615574
84 0 615745
84 1 615840
82 0 615961
82 1 616039
69 0 616277
69 1 616356
65 0 616458
65 1 616576
71 0 616583
71 1 616665
65 0 616688
32 0 616793
65 1 616806
32 1 616879
69 0 616980
69 1 617057
67 0 617138
67 1 617262
79 0 617274
79 1 617347
78 0 617492
78 1 617582
79 0 617699
79 1 617778
77 0 617863
77 1 617955
73 0 618041
73 1 618128
69 0 618135
69 1 618248
32 0 621097
32 1 621207
65 0 621217
32 0 621296
65 1 621322
32 1 621385
85 0 621643
85 1 621722
78 0 621807
78 1 621903
85 0 621986
85 1 622062
73 0 622150
73 1 622242
32 0 622271
32 1 622383
83 0 622442
83 1 622570
84 0 622597
84 1 622679
65 0 622696
65 1 622809
84 0 623054
84 1 623126
190 0 623766
190 1 623840
13 0 624006
13 1 624079
189 0 625033
189 1 625118
32 0 625211
32 1 625329
65 0 626292
65 1 626439
76 0 626956
76 1 627067
32 0 627168
32 1 627296
68 0 628332
68 1 628440
79 0 628529
79 1 628618
73 0 628713
73 1 628805
76 0 628926
76 1 629026
69 0 629104
69 1 629229
65 0 629319
65 1 629456
32 0 629742
32 1 629878
67 0 629956
67 1 630047
79 0 630053
79 1 630128
78 0 630247
78 1 630332
84 0 630522
84 1 630590
65 0 630695
65 1 630813
8 0 631960
8 1 632078
8 0 632168
8 1 632260
83 0 633098
83 1 633248
84 0 633268
84 1 633363
65 0 633375
65 1 633487
32 0 634633
32 1 634795
84 0 635249
84 1 635337
79 0 635373
79 1 635459
67 0 635874
67 1 636016
77 0 636051
77 1 636163
65 0 636576
65 1 636720
73 0 636723
73 1 636836
32 0 636938
32 1 637091
73 0 637506
73 1 637620
78 0 637759
78 1 637869
32 0 637969
32 1 638061
78 0 638167
78 1 638260
69 0 638359
69 1 638457
71 0 638528
71 1 638601
76 0 638759
76 1 638860
73 0 638980
73 1 639053
72 0 639259
72 1 639324
8 0 639681
8 1 639770
74 0 640312
74 1 640410
65 0 640450
65 1 640555
82 0 640636
82 1 640725
69 0 640811
65 0 640877
69 1 640891
65 1 640997
32 0 641006
32 1 641116
83 0 641138
84 0 641224
83 1 641273
84 1 641306
82 0 641392
82 1 641471
65 0 641481
65 1 641606
84 0 641609
84 1 641688
69 0 641746
69 1 641808
71 0 641834
71 1 641909
73 0 642043
73 1 642122
67 0 642155
65 0 642210
67 1 642263
32 0 642323
65 1 642353
32 1 642445
65 0 643134
32 0 643279
65 1 643292
32 1 643411
69 0 643479
69 1 643557
68 0 643652
68 1 643735
85 0 644001
85 1 644074
67 0 644222
67 1 644352
84 0 644466
65 0 644515
84 1 644541
65 1 644661
73 0 644730
73 1 644800
69 0 644843
69 1 644928
73 0 645003
73 1 645072
8 0 645666
8 1 645748
8 0 645862
8 1 645963
8 0 646057
8 1 646162
8 0 646492
8 1 646578
8 0 646671
8 1 646780
65 0 647167
65 1 647300
84 0 647369
84 1 647457
73 0 647584
73 1 647666
69 0 647709
69 1 647803
73 0 647821
73 1 647902
188 0 648659
188 1 648796
32 0 648842
67 0 648957
32 1 648967
65 0 649030
67 1 649084
65 1 649150
82 0 649194
82 1 649286
69 0 649320
69 1 649424
32 0 649493
32 1 649613
8 0 653792
8 1 653887
8 0 653987
8 1 654075
8 0 654150
8 1 654262
8 0 654314
8 1 654481
85 0 655120
85 1 655216
32 0 655281
67 0 655395
32 1 655402
67 1 655504
82 0 655624
82 1 655710
8 0 656200
65 0 656375
8 1 656411
65 1 656501
82 0 656889
82 1 656985
69 0 657041
32 0 657133
69 1 657137
32 1 657244
78 0 657406
78 1 657498
69 0 657508
32 0 657579
69 1 657620
32 1 657679
67 0 657812
67 1 657921
79 0 657951
79 1 658049
78 0 658200
78 1 658289
70 0 658389
82 0 658432
70 1 658519
82 1 658575
85 0 658615
85 1 658688
78 0 658785
78 1 658878
84 0 659008
84 1 659083
65 0 659099
65 1 659211
77 0 659257
77 1 659371
32 0 659498
32 1 659650
76 0 659928
76 1 660054
65 0 660057
65 1 660170
32 0 660195
32 1 660285
78 0 660610
78 1 660680
79 0 660836
79 1 660922
73 0 661006
73 1 661088
32 0 661142
73 0 661262
32 1 661282
73 1 661335
78 0 661433
78 1 661526
32 0 662824
32 1 662938
84 0 663050
84 1 663137
65 0 663185
65 1 663292
82 0 663304
82 1 663385
65 0 663399
65 1 663497
32 0 665613
32 1 665751
83 0 665774
83 1 665885
73 0 665901
32 0 665997
73 1 665999
32 1 666125
67 0 666188
67 1 666311
72 0 666416
72 1 666508
73 0 666617
73 1 666696
65 0 666739
65 1 666876
82 0 666887
82 1 666962
32 0 667054
32 1 667161
76 0 667225
76 1 667323
65 0 667375
32 0 667464
65 1 667492
32 1 667563
78 0 667999
78 1 668083
73 0 668185
73 1 668261
86 0 668388
86 1 668461
69 0 668500
69 1 668605
76 0 668695
76 1 668804
32 0 668876
32 1 668990
80 0 669023
80 1 669097
76 0 669194
76 1 669271
65 0 669315
65 1 669428
78 0 669459
78 1 669518
69 0 669605
69 1 669683
84 0 669754
84 1 669837
65 0 669857
65 1 669955
82 0 669975
82 1 670053
190 0 671683
190 1 671747
32 0 672466
32 1 672524
13 0 690427
13 1 690523
16 0 691095
78 0 691233
78 1 691314
16 1 691337
85 0 691428
85 1 691504
32 0 691555
32 1 691650
65 0 691719
77 0 691800
65 1 691837
77 1 691890
73 0 691990
73 1 692079
32 0 692126
32 1 692238
65 0 692338
77 0 692450
65 1 692468
77 1 692529
8 0 692777
8 1 692885
8 0 692958
8 1 693057
8 0 693142
8 1 693221
8 0 693300
8 1 693409
8 0 694136
8 1 694269
8 0 694430
8 1 694552
8 0 694660
8 1 694759
8 0 694847
8 1 694956
8 0 695075
8 1 695176
16 0 695553
78 0 695654
78 1 695739
16 1 695743
85 0 695854
85 1 695929
32 0 695959
32 1 696061
77 0 696600
77 1 696733
65 0 696761
65 1 696868
73 0 696881
73 1 696976
32 0 697067
32 1 697182
83 0 697318
80 0 697407
83 1 697447
80 1 697509
69 0 697573
69 1 697653
82 0 697733
82 1 697818
32 0 697915
32 1 698016
78 0 698114
78 1 698196
73 0 698305
73 1 698371
77 0 698478
77 1 698561
73 0 698648
73 1 698727
67 0 698780
67 1 698886
188 0 699673
188 1 699818
32 0 699880
32 1 699980
73 0 700057
73 1 700139
78 0 700252
78 1 700344
67 0 700503
67 1 700591
69 0 700623
82 0 700730
69 1 700734
82 1 700804
67 0 700895
67 1 700988
32 0 701041
32 1 701132
68 0 701260
68 1 701342
79 0 701528
79 1 701604
65 0 701695
82 0 701816
65 1 701825
82 1 701901
32 0 701999
32 1 702093
83 0 702256
65 0 702340
83 1 702385
65 1 702445
32 0 702482
32 1 702603
73 0 703538
73 1 703624
78 0 703754
78 1 703855
70 0 703933
70 1 704068
76 0 704118
76 1 704207
8 0 704690
8 1 704802
8 0 704885
8 1 704989
8 0 705068
8 1 705166
8 0 705365
8 1 705493
70 0 705865
70 1 705965
65 0 706015
67 0 706107
65 1 706114
67 1 706191
32 0 706332
32 1 706423
67 0 706576
67 1 706661
69 0 706698
69 1 706790
69 0 706842
69 1 706947
65 0 707028
65 1 707166
32 0 707179
32 1 707282
67 0 707293
67 1 707412
69 0 707496
32 0 707586
69 1 707602
32 1 707662
80 0 708024
80 1 708113
79 0 708194
79 1 708287
65 0 708301
65 1 708435
84 0 708435
84 1 708527
69 0 708548
32 0 708630
69 1 708649
32 1 708712
84 0 708869
73 0 708931
84 1 708932
73 1 709010
78 0 709122
78 1 709214
69 0 709227
32 0 709320
69 1 709336
32 1 709412
68 0 709508
68 1 709675
69 0 709885
69 1 709997
32 0 710077
32 1 710191
77 0 710532
77 1 710627
73 0 710738
73 1 710816
78 0 710922
78 1 711011
69 0 711069
69 1 711171
190 0 712389
190 1 712477
16 0 746527
84 0 746648
84 1 746721
16 1 746728
65 0 746835
66 0 746947
65 1 746956
66 1 747016
76 0 747224
76 1 747302
79 0 747414
79 1 747502
85 0 747588
85 1 747683
76 0 747801
76 1 747915
32 0 747929
69 0 748067
32 1 748069
69 1 748155
83 0 748225
84 0 748291
83 1 748347
84 1 748367
69 0 748457
32 0 748503
69 1 748561
32 1 748600
67 0 748694
67 1 748819
69 0 748942
76 0 749014
69 1 749019
76 1 749116
69 0 749160
69 1 749249
66 0 749705
66 1 749787
82 0 749888
82 1 749986
85 0 750115
85 1 750193
8 0 752620
8 0 753109
8 0 753138
8 0 753169
8 0 753198
8 0 753227
8 0 753257
8 0 753287
8 0 753315
8 0 753344
8 0 753374
8 0 753403
8 0 753433
8 0 753462
8 0 753492
8 0 753522
8 0 753553
8 0 753580
8 0 753610
8 0 753640
8 0 753670
8 0 753699
8 0 753730
8 0 753759
8 0 753789
8 0 753818
8 0 753848
8 0 753879
8 0 753907
8 0 753936
8 0 753966
8 0 753995
8 0 754025
8 0 754055
8 0 754084
8 0 754115
8 0 754144
8 1 754190
16 0 758276
86 0 758348
86 1 758428
16 1 758454
73 0 758609
73 1 758704
65 0 758760
65 1 758881
84 0 758917
65 0 758997
84 1 759005
65 1 759112
32 0 759138
32 1 759249
79 0 760065
79 1 760147
65 0 760172
77 0 760301
65 1 760307
77 1 760386
69 0 760451
78 0 760481
78 1 760555
69 1 760563
73 0 760658
73 1 760720
76 0 760814
76 1 760906
79 0 760981
79 1 761057
82 0 761057
82 1 761158
32 0 761206
32 1 761334
69 0 761503
69 1 761658
82 0 761744
82 1 761852
65 0 761944
32 0 762062
65 1 762078
32 1 762177
79 0 762207
79 1 762312
32 0 762395
32 1 762483
67 0 762531
79 0 762622
67 1 762634
79 1 762698
77 0 762847
77 1 762937
66 0 763481
66 1 763547
73 0 764566
73 1 764635
78 0 765308
78 1 765396
65 0 765463
84 0 765575
65 1 765584
84 1 765632
73 0 765773
73 1 765845
69 0 765913
32 0 766021
69 1 766040
32 1 766134
8 0 776174
8 0 776660
8 0 776689
8 0 776719
8 0 776749
8 0 776778
8 0 776808
8 0 776838
8 0 776867
8 0 776897
8 1 776936
8 0 777075
8 1 777167
8 0 777252
8 1 777333
8 0 777419
8 1 777488
8 0 777585
8 1 777659
8 0 777749
8 1 777834
8 0 777916
8 1 778001
8 0 778071
8 1 778141
78 0 778666
78 1 778771
85 0 778875
85 1 778967
32 0 779034
32 1 779162
69 0 779240
69 1 779358
82 0 779411
65 0 779506
82 1 779511
32 0 779615
65 1 779647
32 1 779719
65 0 779745
84 0 779852
65 1 779856
84 1 779927
65 0 779941
65 1 780037
84 0 780048
84 1 780127
32 0 780490
32 1 780636
68 0 780701
69 0 780746
32 0 780821
68 1 780823
69 1 780918
32 1 780945
68 0 785374
73 0 785480
68 1 785482
73 1 785568
78 0 785699
78 1 785811
32 0 785898
32 1 785970
65 0 786123
65 1 786292
86 0 786347
86 1 786440
8 0 786919
8 1 787050
67 0 787138
67 1 787253
69 0 787347
69 1 787456
65 0 787540
65 1 787687
32 0 787737
32 1 787881
80 0 788242
69 0 788314
80 1 788359
69 1 788445
82 0 788506
82 1 788610
73 0 788705
73 1 788795
79 0 788879
79 1 788954
65 0 788981
65 1 789120
68 0 789185
68 1 789270
65 0 789281
65 1 789386
32 0 789440
32 1 789544
68 0 791908
68 1 792072
73 0 792102
73 1 792199
70 0 792220
69 0 792273
70 1 792310
69 1 792386
82 0 792457
82 1 792531
73 0 792573
73 1 792648
84 0 792784
65 0 792844
84 1 792860
65 1 792982
32 0 792991
32 1 793097
68 0 793164
69 0 793182
68 1 793225
32 0 793269
69 1 793294
32 1 793374
65 0 793391
65 1 793493
32 0 794753
32 1 794876
78 0 795022
78 1 795115
79 0 795241
79 1 795320
65 0 795327
65 1 795452
83 0 795481
84 0 795593
83 1 795605
84 1 795677
82 0 795752
82 1 795841
65 0 795859
65 1 795982
190 0 796663
190 1 796764
32 0 796980
32 1 797074
16 0 800413
68 0 800547
16 1 800621
68 1 800630
73 0 800950
73 1 801041
70 0 801143
69 0 801192
70 1 801244
69 1 801313
84 0 802631
84 1 802697
144 0 803202
144 1 803260
82 0 803321
69 0 803432
82 1 803485
69 1 803583
8 0 803905
8 1 804021
8 0 804069
8 1 804178
8 0 804228
8 1 804382
82 0 804510
69 0 804582
82 1 804634
69 1 804718
77 0 805309
77 1 805402
8 0 805723
8 1 805800
78 0 806359
78 1 806465
65 0 806724
65 1 806875
8 0 807586
8 1 807718
84 0 808560
84 1 808653
65 0 808690
32 0 808824
65 1 808857
32 1 808925
68 0 809003
73 0 809082
68 1 809109
73 1 809168
78 0 809261
78 1 809356
84 0 809482
84 1 809582
82 0 809655
82 1 809751
69 0 809761
69 1 809896
32 0 809903
32 1 810013
83 0 810034
65 0 810093
83 1 810176
65 1 810230
82 0 810230
82 1 810313
65 0 810334
67 0 810440
65 1 810445
67 1 810519
73 0 810708
73 1 810796
32 0 810986
32 1 811095
83 0 811153
83 1 811288
73 0 811294
73 1 811379
32 0 811404
32 1 811475
66 0 811693
66 1 811780
79 0 811930
79 1 812009
71 0 812200
71 1 812281
65 0 812330
65 1 812435
84 0 812438
84 1 812505
73 0 812644
73 1 812729
32 0 812833
32 1 812933
69 0 812943
69 1 813055
82 0 813102
82 1 813188
65 0 813202
32 0 813318
65 1 813337
32 1 813406
80 0 816852
80 1 816978
79 0 817196
79 1 817344
65 0 817367
65 1 817510
84 0 817698
84 1 817804
69 0 817864
32 0 817928
69 1 817933
32 1 818027
79 0 818110
79 1 818212
32 0 818249
32 1 818356
73 0 818417
73 1 818496
68 0 818613
69 0 818716
68 1 818725
69 1 818884
69 0 819147
69 1 819286
32 0 819401
32 1 819520
77 0 819605
77 1 819704
65 0 819716
73 0 819857
65 1 819866
73 1 819939
32 0 820007
32 1 820130
80 0 820254
80 1 820398
82 0 820475
69 0 820541
82 1 820603
69 1 820659
71 0 820720
71 1 820803
78 0 820951
78 1 821037
65 0 821070
78 0 821179
65 1 821195
78 1 821257
84 0 821416
84 1 821481
65 0 822073
65 1 822223
190 0 825795
190 1 825881
32 0 826034
32 1 826109
16 0 834326
67 0 834421
67 1 834510
16 1 834527
69 0 834737
69 1 834874
32 0 834900
32 1 835018
68 0 836049
68 1 836168
73 0 836690
73 1 836811
70 0 836921
69 0 837007
70 1 837046
69 1 837136
82 0 837218
69 0 837266
82 1 837334
69 1 837389
65 0 837478
65 1 837593
32 0 837629
32 1 837776
69 0 839005
69 1 839139
82 0 839223
82 1 839315
65 0 839334
32 0 839449
65 1 839469
32 1 839534
82 0 839614
82 1 839703
79 0 839749
79 1 839825
76 0 839931
76 1 840001
85 0 840126
85 1 840204
76 0 840322
32 0 840417
76 1 840424
32 1 840535
70 0 840614
69 0 840663
70 1 840710
69 1 840795
77 0 841057
77 1 841183
69 0 841266
69 1 841351
73 0 841422
73 1 841502
73 0 841586
73 1 841668
188 0 847187
188 1 847301
32 0 847388
32 1 847553
67 0 848011
67 1 848110
65 0 848116
82 0 848231
65 1 848238
82 1 848316
69 0 848361
69 1 848486
32 0 848496
32 1 848577
65 0 850497
82 0 850671
65 1 850677
82 1 850752
65 0 850848
65 1 850969
32 0 850982
32 1 851086
70 0 851225
70 1 851320
79 0 851470
79 1 851560
65 0 851591
65 1 851730
82 0 851756
82 1 851851
84 0 851931
84 1 852009
69 0 852050
69 1 852126
32 0 852138
32 1 852231
76 0 852354
76 1 852443
73 0 852546
73 1 852621
77 0 852722
77 1 852802
73 0 852878
73 1 852956
84 0 853077
84 1 853152
65 0 853180
65 1 853293
84 0 853304
84 1 853380
32 0 853862
32 1 854005
73 0 854124
73 1 854216
78 0 854316
78 1 854439
32 0 854442
32 1 854540
65 0 854674
71 0 854776
65 1 854805
71 1 854851
79 0 855009
79 1 855098
82 0 855746
82 1 855831
65 0 855870
65 1 855991
188 0 861670
188 1 861808
32 0 861914
32 1 862012
68 0 862054
68 1 862179
85 0 862212
85 1 862289
80 0 862389
65 0 862500
80 1 862502
32 0 862606
65 1 862621
32 1 862700
67 0 862735
85 0 862840
67 1 862841
85 1 862926
77 0 863060
77 1 863163
32 0 863249
32 1 863364
83 0 863369
83 1 863491
69 0 863572
69 1 863658
32 0 864141
32 1 864269
80 0 864364
80 1 864452
79 0 864553
79 1 864629
65 0 864657
84 0 864771
65 1 864775
84 1 864870
69 0 864904
32 0 864962
69 1 865001
32 1 865057
79 0 865385
79 1 865457
66 0 865846
66 1 865932
83 0 866377
83 1 866463
69 0 866567
69 1 866639
82 0 866694
82 1 866769
86 0 866885
65 0 866964
86 1 866971
65 1 867100
32 0 867107
32 1 867188
83 0 867264
73 0 867362
83 1 867365
73 1 867442
32 0 867482
32 1 867564
68 0 867676
73 0 867748
68 1 867787
73 1 867811
78 0 867924
78 1 868016
32 0 868064
32 1 868165
83 0 868339
83 1 868448
67 0 868572
67 1 868700
69 0 868859
69 1 868972
65 0 869374
65 1 869497
32 0 869732
32 1 869864
80 0 878131
80 1 878224
73 0 878372
73 1 878461
67 0 878621
67 1 878749
84 0 878764
84 1 878850
65 0 878866
65 1 878968
84 0 878981
84 1 879063
65 0 879070
65 1 879156
190 0 893089
190 1 893213
32 0 893604
32 1 893767
16 0 904913
73 0 905007
73 1 905083
16 1 905111
78 0 905174
78 1 905271
32 0 905320
32 1 905425
80 0 905499
80 1 905587
76 0 905709
76 1 905795
85 0 905970
85 1 906043
83 0 906149
83 1 906257
188 0 907020
188 1 907139
32 0 907165
32 1 907290
79 0 907400
79 1 907478
77 0 907588
77 1 907699
65 0 907756
65 1 907912
78 0 907937
78 1 908016
69 0 908082
69 1 908164
73 0 908385
73 1 908452
8 0 908938
8 1 909043
78 0 909509
78 1 909589
73 0 909719
73 1 909798
73 0 909877
73 1 909987
32 0 910101
32 1 910251
73 0 912021
73 1 912088
78 0 912224
78 1 912296
86 0 912473
86 1 912551
65 0 912605
84 0 912698
65 1 912703
84 1 912769
65 0 912807
65 1 912884
85 0 913281
85 1 913343
188 0 914081
188 1 914183
32 0 914248
32 1 914356
78 0 914480
78 1 914569
69 0 914605
69 1 914701
71 0 914754
71 1 914830
79 0 915038
79 1 915108
67 0 915461
67 1 915563
73 0 915625
73 1 915713
65 0 915850
65 1 915971
85 0 916016
85 1 916091
188 0 917150
188 1 917259
32 0 917360
32 1 917472
84 0 917949
82 0 918018
84 1 918077
82 1 918160
73 0 918206
73 1 918275
77 0 918386
77 1 918472
73 0 918578
73 1 918649
84 0 919345
84 1 919447
8 0 919891
8 1 920024
8 0 920091
8 1 920201
8 0 920272
8 1 920357
8 0 920424
8 1 920515
8 0 920583
8 1 920685
8 0 920897
8 1 921024
8 0 921168
8 1 921229
32 0 921722
32 1 921863
83 0 956200
83 1 956357
32 0 956530
32 1 956657
8 0 956982
8 1 957124
69 0 957315
69 1 957456
32 0 957490
32 1 957620
84 0 957941
84 1 958053
65 0 958088
82 0 958164
65 1 958223
82 1 958245
71 0 958632
71 1 958713
85 0 958931
85 1 959012
73 0 959626
73 1 959724
65 0 959816
65 1 959934
85 0 959963
85 1 960042
32 0 962019
32 1 962173
83 0 962183
65 0 962254
83 1 962320
85 0 962387
65 1 962395
85 1 962486
32 0 962637
32 1 962761
70 0 962890
65 0 962965
70 1 962969
65 1 963084
67 0 963094
67 1 963181
69 0 963207
69 1 963296
65 0 963338
65 1 963475
85 0 963595
85 1 963683
32 0 963707
32 1 963830
80 0 963932
80 1 964020
79 0 964443
79 1 964512
76 0 964616
76 1 964698
73 0 964803
73 1 964878
84 0 965026
84 1 965104
73 0 965245
73 1 965327
67 0 965365
65 0 965418
67 1 965471
65 1 965574
32 0 966527
32 1 966691
8 0 968213
8 1 968382
32 0 969112
32 1 969236
73 0 969327
73 1 969402
78 0 969574
78 1 969682
32 0 969747
32 1 969858
86 0 970196
86 1 970285
65 0 970307
65 1 970420
90 0 970525
90 1 970623
85 0 970662
85 1 970752
76 0 970869
76 1 970969
32 0 970993
32 1 971126
76 0 971129
76 1 971208
85 0 971333
85 1 971413
77 0 971537
77 1 971609
73 0 971723
73 1 971794
73 0 971865
73 1 971940
190 0 990443
190 1 990526
32 0 999558
32 1 999677
16 0 999684
84 0 999825
16 1 999868
84 1 999904
65 0 999999
65 1 1000121
66 0 1000155
66 1 1000228
76 0 1000425
76 1 1000523
79 0 1000631
79 1 1000717
85 0 1000808
85 1 1000899
76 0 1001007
76 1 1001119
32 0 1001152
65 0 1001262
32 1 1001272
65 1 1001410
82 0 1001481
82 1 1001572
69 0 1001707
69 1 1001788
32 0 1001855
32 1 1001973
83 0 1002055
73 0 1002157
83 1 1002170
73 1 1002244
32 0 1002377
32 1 1002469
83 0 1002765
83 1 1002920
69 0 1003038
69 1 1003130
77 0 1003173
77 1 1003287
78 0 1003396
78 1 1003468
73 0 1003753
73 1 1003832
70 0 1004205
70 1 1004288
73 0 1004338
73 1 1004409
67 0 1004444
65 0 1004545
67 1 1004575
65 1 1004712
84 0 1004722
84 1 1004798
73 0 1004934
73 1 1005013
73 0 1005094
73 1 1005179
32 0 1005235
32 1 1005369
66 0 1006364
66 1 1006437
73 0 1006841
73 1 1006912
66 0 1007043
66 1 1007115
76 0 1007290
76 1 1007364
73 0 1007506
73 1 1007581
67 0 1007696
67 1 1007812
69 0 1007819
69 1 1007948
32 0 1008073
32 1 1008167
80 0 1015580
80 1 1015701
69 0 1015740
69 1 1015842
82 0 1015919
82 1 1016019
83 0 1016573
83 1 1016702
79 0 1016754
79 1 1016820
78 0 1016974
78 1 1017046
65 0 1017073
65 1 1017195
74 0 1017206
74 1 1017274
85 0 1017391
85 1 1017467
76 0 1017637
76 1 1017732
32 0 1017895
32 1 1018039
67 0 1018532
67 1 1018654
69 0 1018753
69 1 1018879
78 0 1018973
78 1 1019065
84 0 1019256
84 1 1019282
82 0 1019421
82 1 1019502
65 0 1019527
65 1 1019654
76 0 1019745
76 1 1019825
188 0 1020815
188 1 1020914
32 0 1020984
32 1 1021078
77 0 1021116
77 1 1021191
65 0 1021253
73 0 1021325
65 1 1021359
73 1 1021391
32 0 1021427
32 1 1021538
73 0 1021549
73 1 1021614
78 0 1021728
78 1 1021814
32 0 1021880
32 1 1021973
86 0 1022168
86 1 1022260
65 0 1022284
65 1 1022405
82 0 1022417
82 1 1022490
83 0 1022568
84 0 1022653
83 1 1022660
84 1 1022725
65 0 1022776
65 1 1022896
188 0 1027421
188 1 1027541
32 0 1027618
32 1 1027723
80 0 1027805
80 1 1027890
65 0 1027903
65 1 1027998
82 0 1028138
82 1 1028225
65 0 1028268
65 1 1028363
78 0 1028417
78 1 1028513
68 0 1028631
68 1 1028713
32 0 1028801
32 1 1028950
65 0 1029058
65 1 1029173
32 0 1029230
32 1 1029375
70 0 1032126
70 1 1032226
73 0 1032312
73 1 1032398
32 0 1032581
32 1 1032728
79 0 1035056
32 0 1035177
79 1 1035183
32 1 1035316
82 0 1035326
69 0 1035406
82 1 1035457
69 1 1035498
80 0 1035512
82 0 1035595
69 0 1035615
80 1 1035631
82 1 1035678
69 1 1035744
90 0 1035865
90 1 1036016
69 0 1036098
69 1 1036204
78 0 1036261
78 1 1036353
84 0 1036492
65 0 1036550
84 1 1036563
65 1 1036692
82 0 1036699
82 1 1036783
69 0 1036797
32 0 1036887
69 1 1036888
32 1 1036992
65 0 1037026
65 1 1037162
32 0 1037231
32 1 1037369
76 0 1039434
76 1 1039532
85 0 1039681
85 1 1039749
73 0 1039858
73 1 1039944
32 0 1039985
16 0 1040060
32 1 1040083
16 1 1040248
68 0 1040259
68 1 1040341
85 0 1040664
85 1 1040743
77 0 1040850
77 1 1040949
78 0 1041046
78 1 1041134
69 0 1041201
69 1 1041287
90 0 1041438
90 1 1041590
69 0 1041712
69 1 1041803
85 0 1041872
85 1 1041951
189 0 1042739
189 1 1042826
16 0 1042867
84 0 1043028
16 1 1043036
84 1 1043116
65 0 1043130
65 1 1043243
84 0 1043358
84 1 1043443
65 0 1043464
65 1 1043539
76 0 1043653
76 1 1043742
32 0 1044351
32 1 1044478
73 0 1044542
73 1 1044634
78 0 1044763
78 1 1044882
32 0 1045016
32 1 1045118
77 0 1045468
77 1 1045554
85 0 1045688
85 1 1045757
74 0 1045878
74 1 1045951
76 0 1046092
76 1 1046172
79 0 1046260
79 1 1046337
67 0 1046469
67 1 1046571
85 0 1046618
85 1 1046699
76 0 1046807
76 1 1046905
32 0 1046933
32 1 1047079
79 0 1047155
79 1 1047231
65 0 1047280
77 0 1047375
65 1 1047415
77 1 1047461
69 0 1047530
78 0 1047585
69 1 1047605
78 1 1047661
73 0 1047773
73 1 1047842
76 0 1047966
76 1 1048056
79 0 1048137
82 0 1048195
79 1 1048211
82 1 1048268
190 0 1048908
190 1 1048995
32 0 1049160
32 1 1049277
16 0 1052170
73 0 1052242
73 1 1052300
16 1 1052326
78 0 1052431
78 1 1052543
32 0 1052887
32 1 1053007
83 0 1053132
83 1 1053273
84 0 1053295
84 1 1053374
65 0 1053413
65 1 1053526
78 0 1053587
78 1 1053676
65 0 1053740
65 1 1053839
71 0 1053873
71 1 1053946
65 0 1054051
65 1 1054101
188 0 1054986
188 1 1055138
32 0 1055232
32 1 1055402
69 0 1055557
69 1 1055668
83 0 1055828
83 1 1055954
84 0 1056078
84 1 1056180
69 0 1056250
69 1 1056348
32 0 1056369
32 1 1056484
85 0 1057336
85 1 1057421
78 0 1057550
78 1 1057655
32 0 1057720
32 1 1057822
66 0 1058173
66 1 1058260
65 0 1058274
65 1 1058416
82 0 1058431
82 1 1058498
66 0 1058622
66 1 1058721
65 0 1058740
65 1 1058851
84 0 1058858
84 1 1058934
32 0 1059071
32 1 1059189
80 0 1061634
65 0 1061747
80 1 1061749
65 1 1061880
82 0 1062016
82 1 1062112
84 0 1062186
84 1 1062262
73 0 1062438
73 1 1062518
65 0 1062590
76 0 1062675
65 1 1062713
76 1 1062769
32 0 1062804
32 1 1062934
68 0 1063022
68 1 1063121
69 0 1063194
69 1 1063273
90 0 1063578
90 1 1063685
66 0 1063962
66 1 1064052
82 0 1064190
82 1 1064271
65 0 1064313
67 0 1064410
65 1 1064440
67 1 1064505
84 0 1064616
84 1 1064690
65 0 1064744
65 1 1064843
8 0 1065759
8 1 1065823
8 0 1065928
8 1 1066056
65 0 1066339
65 1 1066485
84 0 1066630
84 1 1066715
188 0 1067116
188 1 1067247
32 0 1067270
32 1 1067391
80 0 1067431
80 1 1067557
79 0 1067672
79 1 1067748
82 0 1067842
82 1 1067954
84 0 1068025
84 1 1068124
82 0 1069451
69 0 1069547
82 1 1069613
69 1 1069706
84 0 1070068
84 1 1070171
73 0 1070382
73 1 1070508
90 0 1070525
90 1 1070638
65 0 1070718
65 1 1070806
84 0 1070897
84 1 1070988
32 0 1071199
32 1 1071295
73 0 1072470
73 1 1072547
78 0 1072666
78 1 1072762
84 0 1072899
82 0 1072975
84 1 1073033
82 1 1073094
189 0 1073229
189 1 1073297
85 0 1073600
85 1 1073682
78 0 1073796
78 1 1073907
32 0 1073940
32 1 1074038
77 0 1074112
77 1 1074193
79 0 1074303
79 1 1074382
68 0 1074496
68 1 1074592
32 0 1074617
32 1 1074729
65 0 1074757
83 0 1074911
65 1 1074938
83 1 1075034
69 0 1075110
77 0 1075205
69 1 1075212
77 1 1075306
65 0 1075326
78 0 1075413
65 1 1075423
78 1 1075503
65 0 1075537
65 1 1075613
84 0 1075701
84 1 1075774
79 0 1075920
79 1 1076001
82 0 1076012
82 1 1076097
32 0 1076170
32 1 1076337
73 0 1077305
73 1 1077377
78 0 1077505
78 1 1077577
71 0 1077713
71 1 1077790
69 0 1077814
69 1 1077898
82 0 1077929
82 1 1078002
73 0 1078298
73 1 1078377
76 0 1078484
76 1 1078568
79 0 1078652
79 1 1078720
82 0 1078727
82 1 1078802
32 0 1078817
32 1 1078931
68 0 1079189
73 0 1079262
68 1 1079278
73 1 1079345
78 0 1079457
78 1 1079559
32 0 1079624
32 1 1079727
80 0 1079817
80 1 1079911
69 0 1079938
69 1 1080046
82 0 1080126
82 1 1080208
73 0 1080227
73 1 1080312
65 0 1080470
65 1 1080601
68 0 1080657
68 1 1080733
65 0 1080781
65 1 1080880
8 0 1081790
8 1 1081896
8 0 1081959
8 1 1082102
8 0 1082205
8 1 1082314
79 0 1082921
79 1 1083004
65 0 1083034
65 1 1083210
68 0 1083266
65 0 1083352
68 1 1083359
32 0 1083458
65 1 1083468
32 1 1083550
82 0 1083614
82 1 1083700
69 0 1083732
69 1 1083831
78 0 1083895
78 1 1083987
65 0 1083999
65 1 1084112
83 0 1084150
83 1 1084273
67 0 1084415
67 1 1084501
69 0 1084532
69 1 1084611
78 0 1084628
78 1 1084711
84 0 1084841
84 1 1084920
73 0 1085031
73 1 1085117
83 0 1085142
83 1 1085258
84 0 1085288
84 1 1085356
65 0 1085397
65 1 1085480
190 0 1086334
190 1 1086426
