16 0 35320
65 0 35421
16 1 35477
65 1 35539
67 0 35763
67 1 35835
85 0 35891
85 1 35947
77 0 36074
77 1 36146
32 0 36179
32 1 36266
69 0 36353
69 1 36409
32 0 36443
32 1 36529
83 0 36659
83 1 36722
69 0 36835
69 1 36890
65 0 37027
65 1 37091
82 0 37219
82 1 37299
65 0 37411
65 1 37466
190 0 37681
190 1 37770
32 0 37827
32 1 37897
16 0 38419
86 0 38546
16 1 38570
86 1 38601
82 0 38762
69 0 38834
82 1 38875
69 1 38930
77 0 39027
77 1 39106
69 0 39170
69 1 39242
65 0 39435
65 1 39514
32 0 39690
32 1 39794
69 0 39954
69 1 40019
83 0 40122
83 1 40186
84 0 40363
69 0 40466
84 1 40490
69 1 40546
32 0 40554
32 1 40634
85 0 40738
85 1 40794
78 0 40899
78 1 40970
65 0 41059
65 1 41130
32 0 41146
32 1 41225
66 0 41409
66 1 41489
85 0 41497
85 1 41553
78 0 41650
78 1 41737
65 0 41810
65 1 41882
188 0 41946
188 1 42041
32 0 42082
32 1 42169
73 0 42233
73 1 42290
78 0 42395
78 1 42482
32 0 42523
32 1 42602
83 0 42667
83 1 42739
67 0 42874
67 1 42930
72 0 43147
73 0 43267
72 1 43306
73 1 43346
77 0 43834
77 1 43899
66 0 44179
66 1 44243
190 0 44315
190 1 44394
32 0 44458
32 1 44538
16 0 45675
65 0 45794
16 1 45827
65 1 45874
83 0 45986
83 1 46058
84 0 46194
84 1 46267
65 0 46386
65 1 46459
90 0 46626
90 1 46698
73 0 46802
73 1 46890
32 0 46922
32 1 46993
65 0 47081
65 1 47137
32 0 47185
32 1 47265
70 0 47770
70 1 47850
79 0 47906
79 1 47970
83 0 48002
83 1 48074
84 0 48202
84 1 48274
32 0 48299
32 1 48362
83 0 48482
83 1 48562
79 0 48627
79 1 48658
65 0 48722
65 1 48794
82 0 48939
69 0 49043
82 1 49074
69 1 49130
32 0 49179
32 1 49250
8 0 49978
8 1 50025
188 0 50306
188 1 50393
32 0 50435
32 1 50513
68 0 50569
69 0 50649
68 1 50681
69 1 50738
83 0 50946
83 1 51026
73 0 51050
73 1 51122
32 0 51162
32 1 51242
84 0 51635
69 0 51722
84 1 51746
69 1 51810
77 0 51866
77 1 51946
80 0 52099
80 1 52170
69 0 52219
69 1 52290
82 0 52386
82 1 52466
65 0 52569
65 1 52641
84 0 52809
84 1 52874
85 0 52922
85 1 52985
82 0 53033
82 1 53114
65 0 53209
65 1 53282
32 0 53314
32 1 53394
69 0 53473
69 1 53545
83 0 53666
83 1 53739
84 0 53899
69 0 53971
84 1 54002
69 1 54059
32 0 54067
32 1 54139
85 0 54226
85 1 54281
78 0 54401
78 1 54457
65 0 54505
65 1 54570
32 0 55290
32 1 55353
77 0 55529
73 0 55682
77 1 55706
73 1 55746
67 0 55810
67 1 55890
65 0 56018
65 1 56098
188 0 56194
188 1 56273
32 0 56314
32 1 56409
68 0 56609
69 0 56722
68 1 56755
69 1 56817
32 0 56994
32 1 57089
73 0 57209
73 1 57265
65 0 57322
65 1 57402
82 0 57586
82 1 57665
78 0 57722
78 1 57787
65 0 57851
65 1 57922
190 0 58346
190 1 58426
32 0 58490
32 1 58571
16 0 59675
65 0 59794
16 1 59825
65 1 59890
77 0 59930
77 1 60018
32 0 60058
32 1 60129
70 0 60520
70 1 60594
79 0 60650
79 1 60713
83 0 60761
83 1 60841
84 0 60946
32 0 60993
84 1 61017
32 1 61088
80 0 61144
80 1 61216
65 0 61272
65 1 61354
78 0 61386
78 1 61449
65 0 61515
65 1 61569
32 0 61585
32 1 61672
76 0 61704
76 1 61768
65 0 61840
65 1 61912
32 0 61954
32 1 62032
77 0 62493
77 1 62554
65 0 62602
65 1 62682
71 0 62874
71 1 62954
65 0 63075
65 1 63154
90 0 63346
90 1 63417
73 0 63498
73 1 63561
78 0 63682
78 1 63754
32 0 63786
32 1 63872
67 0 64032
67 1 64105
85 0 64113
85 1 64186
32 0 64234
32 1 64297
84 0 64392
84 1 64448
82 0 64552
82 1 64625
79 0 64706
79 1 64778
84 0 64970
84 1 65042
73 0 65090
73 1 65145
78 0 65266
78 1 65330
69 0 65378
69 1 65449
84 0 65585
84 1 65656
65 0 65800
65 1 65880
32 0 66088
32 1 66176
83 0 66264
83 1 66344
73 0 66393
73 1 66465
32 0 66488
32 1 66560
65 0 66681
65 1 66753
77 0 66784
77 1 66858
32 0 66898
32 1 66986
83 0 67176
83 1 67256
73 0 67305
73 1 67376
77 0 67506
77 1 67578
84 0 67786
84 1 67866
73 0 67898
73 1 67970
84 0 68226
84 1 68282
32 0 68338
32 1 68416
70 0 68875
70 1 68930
82 0 69034
82 1 69106
73 0 69202
73 1 69282
71 0 69466
71 1 69554
85 0 69586
85 1 69666
76 0 69827
76 1 69898
32 0 69953
32 1 70034
80 0 70674
80 1 70754
69 0 70810
69 1 70882
32 0 70898
32 1 70992
76 0 71032
76 1 71104
65 0 71145
65 1 71216
32 0 71272
32 1 71352
85 0 71576
85 1 71640
82 0 71842
82 1 71905
69 0 72026
69 1 72089
67 0 72266
67 1 72346
72 0 72586
73 0 72689
72 1 72729
73 1 72778
190 0 73480
190 1 73561
32 0 73633
32 1 73705
16 0 74562
69 0 74842
16 1 74914
69 1 74922
32 0 75194
32 1 75305
8 0 75624
8 1 75672
8 0 75778
8 1 75833
16 0 76219
65 0 76384
16 1 76417
65 1 76489
32 0 76585
32 1 76672
70 0 77298
70 1 77378
79 0 77434
79 1 77497
83 0 77538
83 1 77618
84 0 77738
84 1 77801
32 0 77833
32 1 77920
80 0 78008
80 1 78064
82 0 78232
82 1 78304
79 0 78361
79 1 78426
88 0 79402
88 1 79482
73 0 79506
73 1 79561
77 0 79682
77 1 79746
65 0 79778
65 1 79858
84 0 80050
84 1 80121
73 0 80162
73 1 80226
86 0 80314
86 1 80378
32 0 80442
32 1 80489
48 0 82042
48 1 82114
32 0 82178
32 1 82266
71 0 82530
71 1 82602
82 0 82857
82 1 82968
65 0 83104
65 1 83184
68 0 83386
69 0 83482
68 1 83537
69 1 83586
32 0 83682
32 1 83760
65 0 83848
65 1 83904
83 0 84040
83 1 84112
84 0 84306
84 1 84377
65 0 84522
65 1 84593
90 0 84762
90 1 84818
73 0 85042
73 1 85097
190 0 85329
190 1 85410
32 0 85482
32 1 85562
16 0 85674
73 0 85752
16 1 85776
73 1 85816
78 0 85920
78 1 86000
32 0 86008
32 1 86104
77 0 86232
79 0 86352
77 1 86392
79 1 86456
68 0 86552
68 1 86616
32 0 86656
32 1 86728
78 0 86896
78 1 86968
79 0 87104
79 1 87186
82 0 87290
82 1 87361
77 0 87377
77 1 87450
65 0 87530
65 1 87585
76 0 87618
76 1 87689
32 0 87738
32 1 87825
73 0 88008
73 1 88072
65 0 88112
65 1 88184
82 0 88354
82 1 88417
78 0 88482
78 1 88545
65 0 88594
65 1 88665
32 0 88744
32 1 88816
65 0 92889
65 1 92953
82 0 93121
82 1 93186
32 0 93226
32 1 93321
84 0 93401
82 0 93480
84 1 93512
82 1 93568
69 0 93680
69 1 93752
66 0 93962
66 1 94033
85 0 94138
85 1 94193
73 0 94274
73 1 94354
32 0 94402
32 1 94464
83 0 94505
65 0 94600
83 1 94624
65 1 94680
32 0 94688
32 1 94752
78 0 94856
78 1 94928
73 0 95040
73 1 95104
78 0 95424
78 1 95488
71 0 95674
71 1 95745
65 0 95914
65 1 95985
188 0 96122
188 1 96201
32 0 96242
32 1 96338
83 0 96402
65 0 96505
83 1 96531
65 1 96578
32 0 96610
32 1 96681
78 0 96786
78 1 96849
69 0 96985
69 1 97049
32 0 97104
32 1 97185
74 0 97432
74 1 97464
85 0 97552
85 1 97624
67 0 97681
67 1 97762
65 0 97866
65 1 97929
77 0 97979
77 1 98049
32 0 98090
32 1 98169
67 0 98256
67 1 98320
85 0 98384
85 1 98464
32 0 98512
32 1 98568
66 0 100490
66 1 100561
85 0 100602
85 1 100666
76 0 101185
76 1 101258
71 0 101402
71 1 101473
65 0 101626
65 1 101697
82 0 101986
82 1 102034
73 0 102089
73 1 102169
32 0 102218
68 0 102297
32 1 102306
69 0 102394
68 1 102433
69 1 102481
32 0 102497
32 1 102585
90 0 102929
90 1 102984
65 0 103112
65 1 103177
80 0 103242
80 1 103321
65 0 103386
65 1 103457
68 0 103634
68 1 103696
65 0 103818
65 1 103881
188 0 104722
188 1 104818
32 0 104850
32 1 104945
83 0 105096
65 0 105200
83 1 105216
65 1 105280
32 0 105328
32 1 105416
70 0 105704
70 1 105776
65 0 105888
65 1 105952
67 0 106056
67 1 106144
69 0 106705
69 1 106777
77 0 106818
77 1 106905
32 0 106945
32 1 107024
79 0 107232
79 1 107304
65 0 108105
65 1 108193
77 0 108345
77 1 108433
69 0 108522
69 1 108593
78 0 108634
78 1 108706
73 0 108809
73 1 108889
32 0 108970
32 1 109064
68 0 109088
69 0 109168
68 1 109216
69 1 109256
32 0 109264
32 1 109352
90 0 109609
90 1 109680
65 0 109793
65 1 109857
80 0 109929
80 1 110000
65 0 110072
65 1 110144
68 0 110706
68 1 110777
65 0 110890
65 1 110961
190 0 111778
190 1 111849
32 0 111962
32 1 112049
16 0 112201
16 0 112700
16 0 112733
16 0 112766
16 0 112800
65 0 112827
16 1 112889
65 1 112930
78 0 113363
85 0 113441
78 1 113481
85 1 113514
76 0 113658
76 1 113729
32 0 113778
32 1 113857
65 0 113936
65 1 114000
67 0 114160
69 0 114232
67 1 114280
69 1 114320
83 0 114440
83 1 114504
84 0 114632
84 1 114698
65 0 114835
65 1 114905
32 0 114929
32 1 115009
77 0 115154
77 1 115216
65 0 115280
65 1 115352
73 0 115368
73 1 115440
32 0 115464
32 1 115520
77 0 115600
77 1 115656
85 0 115760
85 1 115816
76 0 115952
76 1 116025
84 0 116074
84 1 116137
32 0 116210
32 1 116280
65 0 116402
65 1 116457
32 0 116490
32 1 116569
80 0 118110
80 1 118185
76 0 118322
76 1 118385
79 0 118514
79 1 118554
73 0 118673
73 1 118713
8 0 118961
8 1 119032
85 0 119154
85 1 119225
65 0 119298
65 1 119370
84 0 119554
84 1 119617
32 0 119698
32 1 119777
73 0 119882
73 1 119922
78 0 120018
78 1 120105
32 0 120130
32 1 120209
68 0 120336
69 0 120408
68 1 120448
69 1 120504
67 0 120600
69 0 120728
67 1 120744
69 1 120824
77 0 120864
77 1 120944
66 0 121064
66 1 121128
82 0 121242
82 1 121313
73 0 121362
73 1 121416
69 0 121482
69 1 121553
32 0 121585
32 1 121656
80 0 121688
80 1 121776
69 0 121792
69 1 121880
78 0 121944
78 1 122024
84 0 122064
84 1 122120
82 0 122224
82 1 122280
85 0 122304
85 1 122384
32 0 122440
32 1 122480
67 0 122497
67 1 122576
65 0 122712
65 1 122776
32 0 122808
32 1 122896
65 0 122992
65 1 123032
32 0 123120
32 1 123216
70 0 123800
70 1 123880
79 0 123920
79 1 123992
83 0 124024
83 1 124096
84 0 124256
84 1 124312
32 0 124360
32 1 124424
67 0 125346
67 1 125434
65 0 125555
65 1 125625
76 0 125674
76 1 125745
68 0 126027
68 1 126097
190 0 126274
190 1 126353
32 0 126418
32 1 126480
16 0 126512
65 0 126640
16 1 126680
65 1 126728
32 0 127376
32 1 127473
70 0 127688
70 1 127768
79 0 127808
79 1 127872
83 0 127920
83 1 127984
84 0 128128
84 1 128200
32 0 128216
32 1 128288
83 0 128560
83 1 128624
73 0 128664
73 1 128728
32 0 128769
32 1 128848
80 0 128872
80 1 128952
69 0 129000
69 1 129072
82 0 129176
82 1 129240
8 0 129504
8 1 129568
83 0 129648
83 1 129728
84 0 130505
69 0 130602
84 1 130625
69 1 130682
32 0 130683
32 1 130752
49 0 131632
48 0 131705
49 1 131721
48 1 131793
32 0 131850
32 1 131920
71 0 132449
71 1 132521
82 0 132624
82 1 132688
65 0 132785
65 1 132882
68 0 133026
69 0 133129
68 1 133177
69 1 133226
32 0 133233
32 1 133336
80 0 133400
80 1 133480
69 0 133512
69 1 133584
32 0 133632
32 1 133704
84 0 134120
84 1 134192
73 0 134224
73 1 134288
77 0 134408
77 1 134488
80 0 134576
80 1 134648
85 0 134760
85 1 134824
76 0 134952
76 1 135016
32 0 135056
32 1 135128
90 0 135264
90 1 135336
73 0 135368
73 1 135424
76 0 135544
76 1 135616
69 0 135664
69 1 135736
73 0 135944
73 1 136008
188 0 136162
188 1 136233
32 0 136274
32 1 136368
73 0 136440
73 1 136496
65 0 136552
65 1 136632
82 0 136816
82 1 136880
32 0 136936
32 1 137016
78 0 137176
78 1 137248
79 0 137816
79 1 137888
65 0 137952
65 1 138032
80 0 138072
80 1 138152
84 0 138320
69 0 138393
84 1 138416
69 1 138489
65 0 138690
65 1 138760
32 0 139122
32 1 139208
78 0 139288
78 1 139336
85 0 139424
85 1 139496
32 0 139544
32 1 139600
65 0 139672
65 1 139728
32 0 139768
32 1 139848
67 0 140120
67 1 140193
79 0 140241
79 1 140312
66 0 140608
66 1 140680
79 0 140688
79 1 140760
82 0 141040
82 1 141112
65 0 141224
65 1 141280
84 0 141434
84 1 141497
32 0 141530
32 1 141608
84 0 141768
69 0 141864
84 1 141888
69 1 141968
77 0 141992
77 1 142064
80 0 142192
80 1 142272
69 0 142320
69 1 142394
82 0 142472
82 1 142552
65 0 142681
65 1 142752
84 0 142914
84 1 142968
85 0 142993
85 1 143065
82 0 143114
82 1 143186
65 0 143282
65 1 143352
32 0 143385
32 1 143456
83 0 144016
83 1 144096
85 0 144217
85 1 144272
66 0 144456
66 1 144514
32 0 144569
32 1 144632
48 0 146033
48 1 146113
32 0 146153
32 1 146248
71 0 146490
71 1 146552
82 0 146650
82 1 146705
65 0 146778
65 1 146864
68 0 146986
69 0 147089
68 1 147129
69 1 147185
188 0 147338
188 1 147433
32 0 147474
32 1 147561
80 0 147658
80 1 147729
69 0 147794
69 1 147857
78 0 147922
78 1 147993
84 0 148034
84 1 148105
82 0 148194
82 1 148273
85 0 148298
85 1 148384
32 0 148441
32 1 148504
65 0 148688
65 1 148760
32 0 148840
32 1 148912
73 0 149024
73 1 149096
78 0 149224
78 1 149288
71 0 149592
71 1 149664
72 0 149760
72 1 149816
69 0 149856
69 1 149936
84 0 150048
84 1 150112
65 0 150224
65 1 150288
32 0 150328
32 1 150400
83 0 150456
83 1 150512
73 0 150568
73 1 150648
32 0 150704
32 1 150768
65 0 150856
65 1 150928
32 0 150968
32 1 151048
80 0 151144
80 1 151224
85 0 151401
85 1 151480
84 0 151584
69 0 151688
84 1 151704
69 1 151769
65 0 151944
65 1 152032
32 0 152064
32 1 152152
83 0 152208
65 0 152312
83 1 152328
65 1 152384
32 0 152416
32 1 152488
78 0 152624
73 0 152760
78 1 152776
73 1 152848
78 0 152984
78 1 153064
71 0 153232
71 1 153304
65 0 153496
65 1 153568
190 0 153672
190 1 153752
32 0 153808
32 1 153896
16 0 154641
83 0 154920
16 1 154960
83 1 154984
65 0 155121
65 1 155185
32 0 155241
32 1 155328
83 0 155352
83 1 155432
69 0 155585
69 1 155648
8 0 155904
8 1 155968
80 0 156569
80 1 156649
69 0 157082
69 1 157145
82 0 157266
82 1 157320
65 0 157489
65 1 157553
77 0 157586
77 1 157673
32 0 157761
67 0 157796
32 1 157824
67 1 157872
65 0 158024
65 1 158104
32 0 158184
32 1 158256
86 0 158872
86 1 158944
79 0 158968
79 1 159040
82 0 159144
82 1 159216
32 0 159280
32 1 159352
70 0 159688
70 1 159760
73 0 159792
73 1 159872
32 0 159920
32 1 159992
84 0 161024
69 0 161128
84 1 161160
69 1 161232
77 0 161458
77 1 161545
69 0 162058
69 1 162144
8 0 163154
8 1 163208
80 0 163553
80 1 163617
69 0 163664
69 1 163736
82 0 163842
84 0 163853
84 1 163872
82 1 163888
8 0 165025
8 1 165080
65 0 165264
65 1 165344
84 0 166112
84 1 166193
85 0 166217
85 1 166298
82 0 166394
82 1 166464
73 0 166497
73 1 166569
32 0 166594
32 1 166681
68 0 167664
69 0 167776
68 1 167808
32 0 167864
69 1 167872
32 1 167944
73 0 168152
73 1 168216
65 0 168264
65 1 168336
82 0 168464
82 1 168528
78 0 168568
78 1 168640
65 0 168688
65 1 168760
32 0 168792
32 1 168864
83 0 168912
83 1 168976
73 0 168992
73 1 169072
32 0 169096
32 1 169168
78 0 169240
78 1 169328
69 0 169360
69 1 169432
32 0 169464
32 1 169552
86 0 169672
86 1 169752
79 0 169864
79 1 169936
77 0 170144
77 1 170224
32 0 170264
32 1 170352
80 0 170408
80 1 170472
85 0 170600
85 1 170680
84 0 170744
69 0 170840
84 1 170872
69 1 170936
65 0 171096
65 1 171176
32 0 171208
32 1 171304
66 0 171664
66 1 171736
85 0 171776
85 1 171848
67 0 171928
67 1 172008
85 0 172040
85 1 172112
82 0 172184
82 1 172256
65 0 172360
65 1 172440
32 0 172448
32 1 172536
68 0 172584
69 0 172672
68 1 172712
32 0 172744
69 1 172776
32 1 172824
90 0 173264
90 1 173328
65 0 173464
65 1 173521
80 0 173584
80 1 173656
65 0 173696
65 1 173768
70 0 173912
70 1 173976
65 0 174088
65 1 174160
8 0 174305
8 1 174369
8 0 174474
8 1 174561
68 0 175881
68 1 175968
65 0 176072
65 1 176136
32 0 176200
32 1 176280
73 0 176376
73 1 176448
78 0 176536
78 1 176624
32 0 176640
32 1 176728
67 0 176848
67 1 176912
85 0 176976
85 1 177048
82 0 177128
82 1 177200
65 0 177320
65 1 177392
78 0 177432
78 1 177488
68 0 177776
68 1 177848
190 0 179073
190 1 179145
16 0 184314
90 0 184426
16 1 184458
90 1 184505
73 0 184610
73 1 184698
85 0 184809
85 1 184881
65 0 184993
65 1 185066
32 0 185106
32 1 185185
73 0 185298
73 1 185361
68 0 185537
69 0 185602
68 1 185666
69 1 185697
65 0 185859
65 1 185922
76 0 186010
76 1 186081
65 0 186154
65 1 186209
32 0 186242
32 1 186321
80 0 186377
80 1 186441
69 0 186489
69 1 186578
78 0 186609
78 1 186682
84 0 186730
84 1 186810
82 0 186905
82 1 186978
85 0 186979
85 1 187049
32 0 187098
32 1 187169
77 0 187273
77 1 187370
73 0 187418
73 1 187481
78 0 187578
78 1 187650
69 0 187713
69 1 187778
32 0 187818
32 1 187882
73 0 187938
73 1 188009
78 0 188106
78 1 188193
67 0 188258
69 0 188354
67 1 188377
69 1 188433
80 0 188450
80 1 188521
69 0 188585
69 1 188658
32 0 188706
32 1 188784
68 0 189290
69 0 189378
68 1 189418
69 1 189458
32 0 189482
32 1 189561
68 0 189648
68 1 189721
73 0 189786
73 1 189866
77 0 189993
77 1 190058
73 0 190162
73 1 190225
78 0 190353
78 1 190426
69 0 190474
69 1 190554
65 0 190618
65 1 190689
84 0 190865
84 1 190938
65 0 191081
65 1 191162
32 0 191865
32 1 191944
67 0 192056
67 1 192128
85 0 192160
85 1 192233
32 0 192266
32 1 192336
79 0 192546
79 1 192626
32 0 192665
32 1 192760
67 0 192832
67 1 192914
65 0 193026
65 1 193106
70 0 193266
69 0 193362
70 1 193402
69 1 193450
65 0 193602
65 1 193666
32 0 193730
32 1 193816
66 0 193936
66 1 194010
85 0 194026
85 1 194082
78 0 194186
78 1 194266
65 0 194314
65 1 194386
32 0 194450
32 1 194536
70 0 194914
70 1 194994
65 0 195090
65 1 195162
67 0 195258
67 1 195322
85 0 195386
85 1 195458
84 0 195498
84 1 195570
65 0 195698
65 1 195770
32 0 195802
32 1 195896
76 0 195952
76 1 196032
65 0 196064
65 1 196146
32 0 196217
32 1 196304
69 0 196408
69 1 196465
88 0 196650
88 1 196722
80 0 196810
80 1 196890
82 0 196994
69 0 197090
82 1 197113
69 1 197170
83 0 197306
83 1 197370
79 0 197434
79 1 197498
82 0 197730
82 1 197801
85 0 197849
85 1 197913
76 0 198049
76 1 198106
32 0 198153
32 1 198224
68 0 198352
68 1 198384
69 0 198802
69 1 198882
32 0 198913
32 1 199009
65 0 199106
65 1 199178
67 0 199330
67 1 199418
65 0 199538
65 1 199610
83 0 199721
83 1 199794
65 0 199922
65 1 199993
190 0 200465
190 1 200553
32 0 200602
32 1 200680
16 0 201634
73 0 201713
16 1 201762
73 1 201778
69 0 201930
69 1 202010
83 0 202186
83 1 202257
69 0 202378
69 1 202441
32 0 202481
32 1 202578
65 0 202713
65 1 202792
84 0 203017
84 1 203081
65 0 203234
65 1 203290
84 0 203442
84 1 203474
32 0 203529
32 1 203617
68 0 203696
69 0 203784
68 1 203824
69 1 203880
32 0 203888
32 1 203968
66 0 204168
66 1 204257
85 0 204314
85 1 204378
78 0 204473
78 1 204553
65 0 204602
65 1 204665
32 0 204722
32 1 204794
67 0 208179
67 1 208250
85 0 208290
85 1 208353
32 0 208386
32 1 208472
76 0 208552
76 1 208624
65 0 208704
65 1 208777
80 0 208858
80 1 208921
84 0 209138
69 0 209249
84 1 209289
69 1 209353
190 0 209961
190 1 210042
32 0 210122
32 1 210201
16 0 212610
78 0 212682
16 1 212705
78 1 212746
85 0 212946
85 1 213009
32 0 213114
32 1 213185
73 0 213594
73 1 213658
78 0 213778
78 1 213849
67 0 213929
69 0 214026
67 1 214065
69 1 214114
80 0 214138
80 1 214202
69 0 214258
69 1 214329
32 0 214378
32 1 214449
70 0 215017
70 1 215106
79 0 215121
79 1 215193
65 0 215258
65 1 215329
82 0 215458
82 1 215521
84 0 215650
69 0 215746
84 1 215770
69 1 215841
32 0 215866
32 1 215953
68 0 216216
68 1 216304
69 0 216554
69 1 216626
86 0 216818
86 1 216882
82 0 217026
69 0 217130
82 1 217145
69 1 217218
77 0 217234
77 1 217306
69 0 217361
69 1 217442
188 0 217682
188 1 217729
8 0 218250
8 1 218322
190 0 218769
190 1 218850
32 0 218889
32 1 218968
16 0 221649
90 0 221834
16 1 221881
90 1 221929
73 0 221986
73 1 222034
85 0 222146
85 1 222201
32 0 222266
32 1 222336
68 0 222544
68 1 222616
69 0 222785
69 1 222858
32 0 222906
32 1 222986
68 0 223176
68 1 223248
85 0 223312
85 1 223392
77 0 223498
77 1 223561
73 0 223666
73 1 223730
78 0 223850
73 0 223946
78 1 223978
73 1 224041
67 0 224106
67 1 224186
65 0 224274
65 1 224354
32 0 224378
32 1 224456
69 0 224512
69 1 224576
32 0 224616
32 1 224697
90 0 225080
90 1 225152
85 0 225354
85 1 225426
65 0 225482
65 1 225554
32 0 225602
32 1 225664
73 0 225856
73 1 225920
68 0 226081
69 0 226170
68 1 226217
69 1 226258
65 0 226402
65 1 226474
76 0 226570
76 1 226649
65 0 226690
65 1 226762
190 0 226970
190 1 227049
32 0 227146
32 1 227208
16 0 230403
77 0 230778
16 1 230841
77 1 230849
65 0 231009
65 1 231082
32 0 231153
32 1 231225
84 0 231641
82 0 231713
84 1 231746
82 1 231802
69 0 231922
69 1 231994
90 0 232288
90 1 232368
69 0 232520
69 1 232600
83 0 232809
83 1 232889
67 0 233009
67 1 233088
32 0 233160
32 1 233240
67 0 233448
67 1 233528
65 0 233641
65 1 233713
78 0 233786
78 1 233858
68 0 233890
68 1 233960
32 0 234008
32 1 234088
80 0 235250
79 0 235360
80 1 235392
79 1 235457
8 0 236002
8 1 236049
8 0 236130
8 1 236176
65 0 236442
65 1 236521
77 0 236538
77 1 236626
32 0 236674
32 1 236760
67 0 237016
67 1 237096
72 0 237136
72 1 237209
69 0 237258
69 1 237329
70 0 237602
70 1 237665
188 0 237889
188 1 237986
32 0 238018
32 1 238105
67 0 238656
67 1 238744
72 0 238760
73 0 238858
72 1 238882
73 1 238945
65 0 238960
65 1 239024
82 0 239218
82 1 239281
32 0 239346
32 1 239424
82 0 239955
82 1 240042
65 0 240155
65 1 240233
77 0 240298
77 1 240362
65 0 240428
65 1 240489
78 0 240530
78 1 240592
32 0 240714
32 1 240800
73 0 241064
73 1 241128
78 0 241240
78 1 241324
32 0 241331
32 1 241424
80 0 241480
80 1 241552
65 0 241592
65 1 241672
84 0 241832
32 0 241896
84 1 241904
32 1 241992
77 0 242032
77 1 242104
65 0 242160
65 1 242232
73 0 242240
73 1 242304
32 0 242320
32 1 242384
77 0 242464
77 1 242528
85 0 242624
85 1 242688
76 0 242792
76 1 242880
84 0 242920
84 1 242992
65 0 243128
65 1 243209
32 0 243234
32 1 243320
86 0 243576
86 1 243640
82 0 243800
69 0 243906
82 1 243921
69 1 243985
77 0 244002
77 1 244074
69 0 244138
69 1 244217
32 0 244265
32 1 244344
83 0 245291
83 1 245378
73 0 245379
73 1 245457
32 0 245514
32 1 245584
68 0 245896
68 1 245984
85 0 246008
85 1 246072
80 0 246162
80 1 246242
65 0 246290
65 1 246352
32 0 246394
32 1 246473
66 0 247160
66 1 247233
69 0 247370
69 1 247450
65 0 247602
65 1 247673
85 0 247730
85 1 247802
32 0 247850
32 1 247912
67 0 247945
67 1 248016
65 0 248136
65 1 248216
70 0 248392
69 0 248488
70 1 248529
69 1 248577
65 0 248723
65 1 248802
85 0 249026
85 1 249089
65 0 249178
65 1 249249
188 0 249450
188 1 249513
32 0 249546
32 1 249634
70 0 249888
70 1 249960
65 0 250056
65 1 250136
67 0 250256
67 1 250320
32 0 250425
32 1 250512
77 0 250688
73 0 250816
77 1 250848
73 1 250904
83 0 250960
83 1 251032
67 0 251098
67 1 251178
65 0 251281
65 1 251362
82 0 251522
69 0 251610
82 1 251625
69 1 251713
32 0 251994
32 1 252072
83 0 252192
83 1 252264
73 0 252312
73 1 252384
32 0 252424
32 1 252496
67 0 252664
67 1 252744
73 0 252752
73 1 252824
84 0 253184
69 0 253289
84 1 253312
69 1 253370
83 0 253522
83 1 253585
67 0 253682
67 1 253753
190 0 254202
190 1 254273
32 0 254330
32 1 254400
16 0 257554
73 0 257650
16 1 257666
73 1 257713
77 0 257810
77 1 257881
73 0 257962
73 1 258033
32 0 258090
32 1 258178
70 0 258202
70 1 258265
65 0 258354
65 1 258425
67 0 258522
67 1 258593
32 0 258642
32 1 258736
83 0 259184
83 1 259264
73 0 259280
73 1 259360
32 0 259376
32 1 259449
77 0 259530
77 1 259594
65 0 259674
65 1 259754
78 0 259802
78 1 259874
65 0 259970
65 1 260049
78 0 260122
78 1 260185
67 0 260363
67 1 260442
32 0 260506
32 1 260593
77 0 260724
77 1 260792
73 0 261008
73 1 261080
67 0 261520
67 1 261586
85 0 261634
85 1 261705
76 0 261882
76 1 261952
32 0 262019
32 1 262096
68 0 262152
69 0 262256
68 1 262304
69 1 262376
74 0 262520
74 1 262568
85 0 262656
85 1 262712
78 0 262824
78 1 262889
188 0 263210
188 1 263289
32 0 263339
32 1 263418
73 0 263552
73 1 263616
65 0 263664
65 1 263736
82 0 263888
82 1 263952
32 0 263992
32 1 264064
68 0 264168
68 1 264248
85 0 264304
85 1 264352
80 0 264464
80 1 264552
65 0 264632
65 1 264688
32 0 264728
32 1 264800
83 0 265120
83 1 265184
84 0 265344
84 1 265408
65 0 265544
65 1 265624
85 0 265648
85 1 265721
32 0 265770
68 0 265832
32 1 265848
69 0 265920
68 1 265960
69 1 266008
32 0 266032
32 1 266120
86 0 266208
86 1 266296
79 0 266408
79 1 266464
82 0 266568
82 1 266649
66 0 266778
66 1 266840
65 0 266898
65 1 266969
32 0 267018
32 1 267088
67 0 267152
67 1 267232
85 0 267264
85 1 267336
32 0 267376
32 1 267456
73 0 267568
73 1 267624
85 0 267712
85 1 267784
66 0 268168
66 1 268240
73 0 268256
73 1 268328
84 0 268424
84 1 268496
65 0 268608
65 1 268698
32 0 268746
32 1 268817
77 0 268914
77 1 268985
69 0 269026
69 1 269097
65 0 269274
65 1 269337
190 0 269562
190 1 269625
32 0 269690
32 1 269744
16 0 272059
77 0 272138
16 1 272186
77 1 272217
69 0 272306
69 1 272385
82 0 272521
82 1 272577
71 0 272746
71 1 272825
69 0 272849
69 1 272946
32 0 272994
32 1 273072
8 0 273440
8 1 273496
77 0 273616
77 1 273696
32 0 273736
32 1 273824
65 0 274048
65 1 274120
80 0 274296
79 0 274368
80 1 274416
79 1 274488
73 0 274600
73 1 274680
32 0 274729
32 1 274808
73 0 274856
73 1 274928
78 0 275048
78 1 275120
32 0 275128
32 1 275216
79 0 275352
79 1 275432
82 0 275520
82 1 275600
65 0 275712
65 1 275776
83 0 275880
83 1 275944
32 0 275984
32 1 276080
83 0 276160
83 1 276224
73 0 276232
73 1 276304
32 0 276336
32 1 276400
78 0 276464
78 1 276544
69 0 276608
69 1 276672
32 0 276680
32 1 276760
73 0 276792
73 1 276856
78 0 276968
78 1 277040
84 0 277096
84 1 277176
65 0 277312
65 1 277384
76 0 277472
76 1 277544
78 0 277712
73 0 277832
78 1 277872
73 1 277912
77 0 278024
77 1 278096
32 0 278136
32 1 278216
67 0 278288
67 1 278360
85 0 278368
85 1 278448
32 0 278504
32 1 278552
80 0 278592
80 1 278680
82 0 278768
82 1 278832
79 0 278896
79 1 278936
8 0 279272
8 1 279368
73 0 280266
73 1 280329
69 0 280369
69 1 280449
84 0 280673
69 0 280794
84 1 280825
69 1 280889
78 0 280930
78 1 281019
73 0 281138
73 1 281201
73 0 281266
73 1 281337
190 0 281922
190 1 282002
32 0 282075
32 1 282128
16 0 283313
65 0 283426
16 1 283537
65 1 283546
8 0 283865
8 1 283929
16 0 284250
73 0 284354
16 1 284362
73 1 284425
78 0 284522
78 1 284609
32 0 284626
32 1 284720
79 0 284856
79 1 284928
82 0 285040
82 1 285112
65 0 285208
65 1 285288
83 0 285400
83 1 285472
32 0 285504
32 1 285600
83 0 285936
83 1 286008
84 0 286176
84 1 286248
65 0 286376
65 1 286456
77 0 286528
77 1 286608
32 0 286642
32 1 286728
76 0 287689
76 1 287752
65 0 287801
65 1 287872
32 0 287921
32 1 287992
79 0 288872
79 1 288969
32 0 289002
32 1 289081
67 0 289170
67 1 289241
65 0 289362
65 1 289425
70 0 289594
69 0 289673
70 1 289728
69 1 289777
65 0 289930
65 1 290008
188 0 290138
188 1 290233
32 0 290249
32 1 290352
83 0 290504
65 0 290592
83 1 290616
65 1 290664
85 0 290704
85 1 290784
32 0 290800
32 1 290880
67 0 290960
67 1 291040
72 0 291104
73 0 291232
72 1 291256
73 1 291328
65 0 291336
65 1 291400
82 0 291568
82 1 291624
32 0 291672
32 1 291760
77 0 291808
77 1 291880
65 0 291952
65 1 292032
78 0 292081
78 1 292160
67 0 292200
67 1 292272
65 0 292384
65 1 292464
77 0 292560
77 1 292632
32 0 292664
32 1 292728
80 0 293752
80 1 293848
82 0 293896
82 1 293968
65 0 294064
65 1 294144
78 0 294216
78 1 294272
90 0 294440
90 1 294521
85 0 294938
85 1 295008
76 0 295170
76 1 295241
32 0 295274
32 1 295361
67 0 295441
67 1 295513
85 0 295546
85 1 295609
32 0 295640
32 1 295696
80 0 295752
80 1 295840
82 0 295928
82 1 296016
73 0 296040
73 1 296112
69 0 296176
69 1 296248
84 0 296512
69 0 296632
84 1 296656
69 1 296720
78 0 296785
78 1 296882
73 0 296953
73 1 297017
73 0 297090
73 1 297161
32 0 297242
32 1 297329
76 0 297440
76 1 297496
65 0 297528
65 1 297608
32 0 297648
32 1 297736
16 0 297992
78 0 298040
16 1 298088
78 1 298104
69 0 298208
69 1 298280
65 0 298368
65 1 298440
84 0 298600
84 1 298664
65 0 298768
65 1 298848
16 0 299016
32 0 299288
32 1 299376
79 0 299456
79 1 299512
16 1 299528
77 0 300128
77 1 300200
76 0 300488
76 1 300560
69 0 300592
69 1 300681
84 0 300921
69 0 301025
84 1 301049
69 1 301114
190 0 301739
190 1 301817
32 0 301890
32 1 301961
16 0 304180
65 0 304290
16 1 304322
65 1 304385
77 0 304755
77 1 304842
32 0 304890
32 1 304977
70 0 305097
70 1 305185
79 0 305201
79 1 305265
83 0 305329
83 1 305369
84 0 305489
84 1 305569
32 0 305593
32 1 305681
79 0 305761
79 1 305833
32 0 305937
32 1 306033
68 0 306105
68 1 306185
65 0 306257
65 1 306329
84 0 306457
84 1 306521
65 0 306633
65 1 306705
32 0 306761
32 1 306849
65 0 306889
65 1 306961
67 0 307889
67 1 307961
79 0 307993
79 1 308057
76 0 308153
76 1 308201
79 0 308289
79 1 308345
32 0 308394
32 1 308457
67 0 308585
67 1 308665
85 0 308681
85 1 308761
32 0 308793
32 1 308873
70 0 308977
70 1 309041
82 0 309129
82 1 309193
65 0 309273
65 1 309361
83 0 309601
83 1 309649
83 0 309721
83 1 309786
32 0 309842
32 1 309922
83 0 310066
83 1 310161
73 0 310193
73 1 310273
32 0 310313
32 1 310393
16 0 310601
82 0 310745
16 1 310785
82 1 310825
65 0 310945
65 1 311025
76 0 311145
76 1 311217
85 0 311329
85 1 311393
67 0 311433
67 1 311513
65 0 311657
65 1 311729
32 0 311881
32 1 311977
83 0 312153
83 1 312217
73 0 312233
73 1 312313
32 0 312345
32 1 312417
65 0 312545
65 1 312633
32 0 312721
32 1 312793
70 0 313713
70 1 313793
79 0 313833
79 1 313897
83 0 313937
83 1 314009
84 0 314137
84 1 314209
32 0 314233
32 1 314321
70 0 314641
70 1 314721
79 0 314753
79 1 314825
65 0 314857
65 1 314946
82 0 315057
82 1 315105
84 0 315217
84 1 315321
69 0 315345
69 1 315441
32 0 315465
32 1 315561
66 0 316321
85 0 316401
66 1 316409
85 1 316465
78 0 316561
78 1 316641
65 0 316697
65 1 316761
32 0 316793
32 1 316873
79 0 317297
79 1 317361
77 0 317465
77 1 317561
76 0 317753
76 1 317833
69 0 317937
69 1 318025
84 0 318153
84 1 318225
65 0 318345
65 1 318425
190 0 319089
190 1 319195
16 0 329300
80 0 329362
16 1 329387
80 1 329434
65 0 329514
65 1 329562
82 0 329802
69 0 329906
82 1 329922
69 1 329994
82 0 330130
69 0 330202
82 1 330234
69 1 330290
65 0 330458
65 1 330522
32 0 330602
32 1 330649
77 0 330745
77 1 330818
69 0 330889
69 1 330954
82 0 331058
82 1 331130
8 0 331466
8 1 331538
65 0 331586
65 1 331674
32 0 331706
32 1 331785
68 0 332074
69 0 332146
68 1 332186
69 1 332226
83 0 332354
83 1 332434
80 0 332482
80 1 332562
82 0 332602
69 0 332690
82 1 332706
32 0 332769
69 1 332777
32 1 332857
69 0 333162
69 1 333202
8 0 333410
8 1 333466
83 0 333522
83 1 333594
73 0 334122
73 1 334194
83 0 334299
83 1 334385
84 0 334538
84 1 334618
69 0 334626
69 1 334706
77 0 334746
77 1 334810
85 0 334906
85 1 334986
76 0 335106
76 1 335154
32 0 335202
32 1 335306
69 0 335330
69 1 335410
68 0 335522
68 1 335594
85 0 335642
85 1 335714
67 0 335730
67 1 335802
65 0 335899
65 1 335970
84 0 336130
84 1 336202
73 0 336242
73 1 336282
79 0 336378
79 1 336434
78 0 336546
78 1 336602
65 0 336650
65 1 336722
76 0 336754
76 1 336834
32 0 336866
32 1 336969
68 0 337291
68 1 337370
73 0 337410
73 1 337474
78 0 337578
78 1 337650
32 0 337666
32 1 337761
16 0 337938
82 0 338002
82 1 338058
16 1 338066
79 0 338378
79 1 338458
77 0 338538
77 1 338610
65 0 338690
65 1 338762
78 0 338770
78 1 338842
73 0 338851
73 1 338939
65 0 339026
65 1 339098
32 0 339130
32 1 339225
69 0 339321
69 1 339386
83 0 339497
83 1 339578
84 0 339714
69 0 339810
84 1 339834
32 0 339882
69 1 339898
32 1 339977
67 0 339993
67 1 340081
65 0 340194
65 1 340282
32 0 340330
32 1 340410
69 0 341058
69 1 341122
83 0 341274
83 1 341346
84 0 341538
69 0 341634
84 1 341658
69 1 341738
32 0 341762
32 1 341841
85 0 341921
85 1 341986
78 0 342090
78 1 342154
85 0 342242
85 1 342314
76 0 342443
76 1 342538
32 0 342562
32 1 342657
68 0 342697
69 0 342785
68 1 342817
69 1 342858
83 0 342986
83 1 343066
84 0 343234
84 1 343306
85 0 343338
85 1 343418
76 0 343538
76 1 343626
32 0 343650
32 1 343737
68 0 343761
69 0 343849
68 1 343897
32 0 343946
69 1 343962
32 1 344033
66 0 344274
66 1 344354
85 0 344771
85 1 344834
78 0 344939
78 1 345010
190 0 345476
190 1 345562
32 0 345619
32 1 345697
16 0 345793
83 0 345954
16 1 345994
83 1 346050
73 0 346170
73 1 346250
71 0 346402
71 1 346466
85 0 346514
85 1 346586
82 0 346642
82 1 346739
32 0 346770
32 1 346873
67 0 347082
67 1 347162
65 0 347266
65 1 347346
32 0 347386
32 1 347473
69 0 347521
69 1 347593
88 0 347842
88 1 347914
73 0 348018
73 1 348082
83 0 348098
83 1 348178
84 0 348306
84 1 348378
65 0 348482
65 1 348554
32 0 348594
32 1 348697
84 0 348745
84 1 348817
65 0 348938
65 1 349018
82 0 349138
82 1 349210
73 0 349322
73 1 349394
32 0 349419
32 1 349497
67 0 349585
67 1 349657
65 0 349762
65 1 349834
82 0 349978
69 0 350082
82 1 350090
32 0 350154
69 1 350162
32 1 350241
78 0 350345
78 1 350417
69 0 350746
69 1 350842
32 0 350906
32 1 351009
73 0 351426
73 1 351482
78 0 351610
78 1 351682
84 0 351802
82 0 351890
84 1 351930
82 1 351970
69 0 352066
69 1 352146
67 0 352234
67 1 352314
188 0 352617
188 1 352713
32 0 352761
32 1 352849
68 0 354409
68 1 354483
65 0 354546
65 1 354626
82 0 354755
82 1 354827
32 0 354907
32 1 355001
83 0 355097
83 1 355169
85 0 355209
85 1 355265
78 0 355369
78 1 355443
84 0 355507
69 0 355609
84 1 355641
77 0 355689
69 1 355697
77 1 355769
32 0 355793
32 1 355873
73 0 355961
73 1 356025
78 0 356129
78 1 356210
32 0 356227
32 1 356313
84 0 356401
84 1 356473
79 0 356529
79 1 356585
80 0 356721
80 1 356778
85 0 356899
85 1 356969
76 0 357107
76 1 357186
32 0 357235
32 1 357321
84 0 357843
84 1 357915
65 0 358051
65 1 358122
82 0 358265
82 1 358321
73 0 358499
73 1 358563
76 0 358699
76 1 358746
79 0 358827
79 1 358899
32 0 358969
32 1 359057
8 0 359281
8 1 359337
82 0 359369
82 1 359441
32 0 359507
32 1 359579
68 0 360113
68 1 360194
73 0 360226
73 1 360297
78 0 360394
32 0 360482
78 1 360491
32 1 360569
76 0 360657
76 1 360729
85 0 360825
85 1 360897
77 0 361010
77 1 361090
69 0 361139
69 1 361210
190 0 361626
190 1 361698
32 0 361761
32 1 361834
16 0 362225
83 0 362722
16 1 362794
83 1 362818
80 0 362882
80 1 362954
85 0 363074
85 1 363146
78 0 363234
78 1 363314
32 0 363346
32 1 363426
65 0 363466
65 1 363530
83 0 363635
83 1 363706
84 0 363850
84 1 363938
65 0 364066
65 1 364146
32 0 364202
32 1 364289
70 0 364457
70 1 364529
73 0 364617
73 1 364665
73 0 364762
73 1 364818
78 0 364922
78 1 364994
68 0 365162
68 1 365226
32 0 365282
32 1 365354
67 0 365457
67 1 365529
79 0 365609
79 1 365673
78 0 365769
78 1 365833
83 0 365938
83 1 365994
84 0 366146
84 1 366225
73 0 366266
73 1 366329
69 0 366402
69 1 366473
78 0 366546
78 1 366602
84 0 366762
84 1 366826
32 0 366890
32 1 366977
67 0 367041
67 1 367121
65 0 367225
65 1 367305
32 0 367369
32 1 367449
69 0 368330
69 1 368394
88 0 368650
88 1 368722
73 0 368802
73 1 368866
83 0 368899
83 1 368978
84 0 369098
84 1 369161
65 0 369258
65 1 369346
32 0 369362
32 1 369441
77 0 369497
77 1 369569
85 0 369681
85 1 369737
76 0 369841
76 1 369914
84 0 369954
69 0 370042
84 1 370066
69 1 370130
32 0 370154
32 1 370226
84 0 370489
84 1 370561
65 0 370681
65 1 370761
82 0 370899
82 1 370970
73 0 371011
73 1 371098
32 0 371131
32 1 371217
77 0 372243
77 1 372314
85 0 372539
85 1 372602
76 0 372802
76 1 372890
84 0 373010
84 1 373082
32 0 373106
32 1 373186
83 0 373377
83 1 373449
85 0 373593
85 1 373657
66 0 373769
66 1 373849
68 0 374234
69 0 374322
68 1 374362
69 1 374402
90 0 374634
90 1 374706
86 0 374978
86 1 375066
79 0 375098
79 1 375162
76 0 375258
76 1 375330
84 0 375370
84 1 375450
65 0 375562
65 1 375641
84 0 375826
69 0 375938
84 1 375946
69 1 376034
188 0 376090
188 1 376178
32 0 376211
32 1 376289
73 0 376345
73 1 376401
78 0 376529
78 1 376601
32 0 376617
32 1 376713
67 0 376777
67 1 376849
79 0 376897
79 1 376961
77 0 377025
77 1 377105
80 0 377201
80 1 377281
65 0 377346
65 1 377410
82 0 377562
82 1 377634
65 0 377738
65 1 377818
84 0 377986
84 1 378050
73 0 378098
73 1 378169
69 0 378234
69 1 378306
32 0 378354
32 1 378433
67 0 378513
67 1 378585
85 0 378633
32 0 378705
85 1 378713
32 1 378785
78 0 378873
78 1 378961
79 0 379161
73 0 379257
79 1 379297
73 1 379329
190 0 379561
190 1 379626
32 0 379739
32 1 379809
16 0 381914
84 0 381962
84 1 382026
16 1 382050
79 0 382451
79 1 382521
84 0 382746
84 1 382825
85 0 382851
85 1 382922
83 0 383626
83 1 383706
73 0 383730
73 1 383785
188 0 383930
188 1 384002
32 0 384043
32 1 384121
80 0 384161
80 1 384225
69 0 384273
69 1 384361
78 0 384377
78 1 384457
84 0 384497
84 1 384561
82 0 384665
82 1 384738
85 0 384739
85 1 384818
32 0 384867
32 1 384938
65 0 384995
65 1 385073
32 0 385139
32 1 385209
70 0 388091
70 1 388170
73 0 388187
73 1 388266
32 0 388291
32 1 388385
73 0 389947
73 1 390009
78 0 390139
78 1 390218
32 0 390250
32 1 390337
84 0 390513
84 1 390585
79 0 390673
79 1 390737
80 0 390873
80 1 390929
85 0 391059
85 1 391129
76 0 391267
76 1 391337
32 0 391370
32 1 391459
67 0 391546
69 0 391642
67 1 391690
76 0 391730
69 1 391746
76 1 391802
79 0 391914
79 1 391986
82 0 392099
82 1 392170
32 0 392194
32 1 392257
77 0 392337
77 1 392417
65 0 392689
65 1 392769
73 0 393034
73 1 393122
32 0 393210
32 1 393281
69 0 393633
69 1 393705
68 0 393865
68 1 393937
85 0 394026
85 1 394097
67 0 394138
67 1 394226
65 0 394323
65 1 394377
84 0 394546
69 0 394634
84 1 394658
69 1 394738
32 0 394746
32 1 394833
80 0 394977
79 0 395049
80 1 395089
79 1 395153
80 0 395409
79 0 395506
80 1 395538
79 1 395586
65 0 395659
65 1 395738
82 0 395890
69 0 395986
82 1 396010
69 1 396066
32 0 396067
32 1 396161
65 0 396249
65 1 396337
82 0 396577
82 1 396657
32 0 396721
32 1 396825
84 0 396889
82 0 396977
84 1 397001
82 1 397057
69 0 397145
69 1 397225
66 0 397369
66 1 397449
85 0 397506
85 1 397578
73 0 397651
73 1 397746
32 0 397779
32 1 397874
83 0 397914
65 0 398003
83 1 398026
65 1 398099
32 0 398131
32 1 398226
76 0 398937
76 1 399009
85 0 399106
85 1 399169
65 0 399234
65 1 399297
77 0 399354
77 1 399443
32 0 399458
32 1 399553
77 0 399689
77 1 399777
79 0 399921
79 1 399993
68 0 400153
69 0 400257
68 1 400298
69 1 400362
76 0 400410
76 1 400473
69 0 400506
69 1 400578
32 0 400634
32 1 400713
68 0 400777
69 0 400873
68 1 400905
32 0 400921
69 1 400961
32 1 401017
76 0 401089
76 1 401169
65 0 401233
65 1 401313
32 0 401361
32 1 401449
67 0 401593
69 0 401705
67 1 401745
69 1 401785
73 0 401865
73 1 401937
32 0 401993
67 0 402057
32 1 402065
67 1 402145
65 0 402249
65 1 402321
82 0 402473
69 0 402569
82 1 402593
69 1 402657
32 0 402664
32 1 402761
83 0 403257
83 1 403345
85 0 403361
85 1 403433
78 0 403537
78 1 403617
84 0 403762
84 1 403786
32 0 403923
32 1 404009
65 0 404241
65 1 404313
67 0 404465
67 1 404553
85 0 404617
85 1 404673
77 0 404810
77 1 404882
32 0 404898
32 1 405001
73 0 405041
73 1 405105
78 0 405225
78 1 405297
32 0 405321
32 1 405417
84 0 405617
84 1 405697
79 0 405721
79 1 405785
80 0 405889
80 1 405961
32 0 406009
32 1 406097
83 0 406201
83 1 406281
73 0 406289
73 1 406369
32 0 406417
32 1 406497
70 0 406961
70 1 407025
65 0 407113
65 1 407193
67 0 407298
67 1 407369
32 0 407450
32 1 407553
65 0 407585
65 1 407641
83 0 407745
83 1 407809
84 0 407953
84 1 408033
65 0 408145
65 1 408225
32 0 408297
32 1 408393
66 0 408505
66 1 408577
73 0 408585
73 1 408649
78 0 408753
78 1 408817
69 0 408873
69 1 408945
190 0 409194
190 1 409282
32 0 409330
32 1 409409
16 0 410483
80 0 410612
16 1 410635
80 1 410689
82 0 410819
82 1 410889
79 0 410922
79 1 410993
70 0 411186
69 0 411290
70 1 411322
69 1 411386
83 0 411499
83 1 411577
79 0 411731
79 1 411801
82 0 411890
82 1 411970
73 0 412034
73 1 412089
73 0 412162
73 1 412234
32 0 412282
32 1 412377
65 0 412393
65 1 412481
82 0 412817
82 1 412905
32 0 412953
32 1 413057
84 0 413153
82 0 413233
84 1 413273
82 1 413337
69 0 413417
69 1 413505
66 0 413657
66 1 413745
85 0 413785
85 1 413857
73 0 413929
73 1 414009
32 0 414025
32 1 414129
83 0 414129
65 0 414217
83 1 414249
65 1 414313
32 0 414329
32 1 414417
70 0 414577
70 1 414609
73 0 414641
73 1 414721
69 0 414761
69 1 414841
32 0 414897
32 1 414969
77 0 415201
77 1 415265
65 0 415321
65 1 415385
73 0 415409
73 1 415497
32 0 415569
32 1 415641
68 0 416738
69 0 416859
68 1 416897
69 1 416921
83 0 417043
83 1 417130
67 0 417267
67 1 417337
72 0 417482
73 0 417618
72 1 417658
73 1 417706
83 0 417939
83 1 418025
73 0 418107
73 1 418145
188 0 418355
188 1 418458
32 0 418499
32 1 418593
83 0 418635
65 0 418713
83 1 418737
65 1 418803
32 0 418827
32 1 418897
73 0 419049
73 1 419073
73 0 419177
73 1 419233
32 0 419593
32 1 419689
65 0 419777
65 1 419841
8 0 420097
8 1 420153
67 0 420209
67 1 420289
79 0 420836
79 1 420897
78 0 421034
78 1 421113
83 0 421210
83 1 421288
73 0 421297
73 1 421368
68 0 421450
69 0 421529
68 1 421569
69 1 421625
82 0 421762
69 0 421849
82 1 421873
69 1 421946
32 0 421954
32 1 422050
80 0 422098
80 1 422177
65 0 422442
65 1 422521
82 0 422658
82 1 422744
84 0 422874
69 0 422969
84 1 423001
69 1 423073
78 0 423346
78 1 423416
69 0 423441
69 1 423521
82 0 423610
82 1 423689
73 0 423730
73 1 423800
32 0 423858
32 1 423936
80 0 423984
80 1 424056
69 0 424120
69 1 424200
32 0 424232
32 1 424320
69 0 425064
69 1 425152
76 0 425328
76 1 425408
69 0 425464
69 1 425536
86 0 425760
86 1 425832
73 0 425889
73 1 425968
32 0 426001
32 1 426080
83 0 426456
83 1 426520
73 0 426560
73 1 426624
32 0 426656
32 1 426744
83 0 426856
83 1 426928
84 0 427104
84 1 427168
85 0 427216
85 1 427288
68 0 427360
69 0 427464
68 1 427496
78 0 427536
69 1 427560
78 1 427624
84 0 427744
84 1 427816
73 0 427840
73 1 427904
188 0 428506
188 1 428592
32 0 428650
32 1 428712
73 0 428776
73 1 428840
65 0 428880
65 1 428952
82 0 429112
82 1 429176
32 0 429208
32 1 429296
69 0 429376
69 1 429448
76 0 429464
76 1 429544
69 0 429600
69 1 429680
86 0 429808
86 1 429888
73 0 429992
73 1 430040
73 0 430128
73 1 430200
32 0 430256
32 1 430328
83 0 430392
83 1 430448
73 0 430496
73 1 430552
32 0 430592
32 1 430672
83 0 430776
83 1 430848
84 0 430992
84 1 431048
85 0 431104
85 1 431168
68 0 431264
78 0 431376
78 1 431384
69 0 431416
68 1 431464
69 1 431536
78 0 431712
78 1 431800
8 0 432896
8 1 432936
8 0 433064
8 1 433112
8 0 433200
8 1 433256
69 0 434074
69 1 434153
78 0 434242
78 1 434320
84 0 434441
84 1 434504
73 0 434562
73 1 434616
73 0 434706
73 1 434776
32 0 434826
32 1 434904
65 0 434944
65 1 435032
82 0 435152
82 1 435232
32 0 435344
32 1 435432
84 0 435504
82 0 435592
84 1 435616
82 1 435688
69 0 435784
69 1 435880
66 0 436056
66 1 436136
85 0 436168
85 1 436224
73 0 436312
73 1 436392
32 0 436424
32 1 436512
83 0 436528
65 0 436632
83 1 436648
65 1 436704
32 0 436712
32 1 436792
70 0 436904
70 1 436992
73 0 437048
73 1 437120
69 0 437152
69 1 437224
32 0 437264
32 1 437352
73 0 439168
73 1 439240
77 0 439353
77 1 439432
80 0 439570
80 1 439640
76 0 439738
76 1 439808
73 0 439929
73 1 439992
67 0 440058
67 1 440136
65 0 440225
65 1 440296
84 0 440465
84 1 440536
73 0 440570
73 1 440648
32 0 440721
32 1 440784
65 0 442090
65 1 442152
83 0 442250
83 1 442328
84 0 442505
84 1 442568
70 0 442738
69 0 442816
70 1 442864
69 1 442913
76 0 442938
76 1 443024
32 0 443058
32 1 443144
73 0 443184
73 1 443256
78 0 443360
78 1 443448
67 0 443480
67 1 443576
65 0 443656
65 1 443728
84 0 443904
84 1 443976
32 0 444032
32 1 444120
83 0 444208
65 0 444320
83 1 444328
65 1 444392
32 0 444408
32 1 444504
73 0 444720
73 1 444784
78 0 444912
78 1 444992
84 0 445128
69 0 445240
84 1 445272
69 1 445336
76 0 445448
76 1 445520
69 0 445576
69 1 445664
65 0 445816
65 1 445896
71 0 446056
71 1 446144
65 0 446296
65 1 446368
32 0 446424
32 1 446496
67 0 446864
69 0 446960
67 1 447008
69 1 447048
32 0 447064
32 1 447168
83 0 447312
83 1 447376
69 0 447464
69 1 447544
32 0 447576
32 1 447664
80 0 447776
80 1 447856
82 0 447864
69 0 447976
82 1 448000
69 1 448064
68 0 448224
68 1 448304
65 0 448400
65 1 448480
188 0 448664
188 1 448760
32 0 448800
32 1 448888
78 0 451778
85 0 451888
78 1 451928
85 1 451985
32 0 452034
32 1 452120
83 0 452416
65 0 452504
83 1 452536
65 1 452608
32 0 452640
32 1 452728
67 0 452824
67 1 452904
79 0 452992
79 1 453064
80 0 453520
80 1 453592
73 0 453696
73 1 453768
69 0 453840
69 1 453912
90 0 454184
90 1 454248
69 0 454392
69 1 454456
32 0 454512
32 1 454592
83 0 454744
65 0 454856
83 1 454872
65 1 454928
85 0 455024
85 1 455104
32 0 455136
32 1 455224
83 0 455432
65 0 455568
83 1 455600
65 1 455672
32 0 455696
32 1 455800
84 0 455984
84 1 456032
82 0 456128
82 1 456200
65 0 456304
65 1 456392
84 0 456624
69 0 456728
84 1 456752
69 1 456816
90 0 457080
90 1 457144
69 0 457272
69 1 457336
32 0 457392
32 1 457497
83 0 457536
83 1 457600
67 0 457680
67 1 457768
79 0 457816
79 1 457880
65 0 457936
65 1 458008
76 0 458072
76 1 458144
65 0 458192
65 1 458264
32 0 458352
32 1 458424
80 0 458560
80 1 458632
69 0 458688
69 1 458760
32 0 458808
32 1 458896
76 0 458992
76 1 459072
79 0 459152
79 1 459216
67 0 459312
67 1 459392
85 0 459464
85 1 459536
82 0 459672
82 1 459736
73 0 459760
73 1 459840
32 0 459896
32 1 459968
83 0 460080
83 1 460136
69 0 460232
69 1 460304
67 0 460424
67 1 460504
85 0 460560
85 1 460624
78 0 460752
78 1 460824
68 0 461192
69 0 461304
68 1 461344
69 1 461392
190 0 461520
190 1 461592
16 0 481323
73 0 481386
16 1 481426
73 1 481458
78 0 481554
78 1 481642
32 0 481650
32 1 481738
80 0 482242
80 1 482330
73 0 482434
73 1 482499
67 0 482602
67 1 482682
84 0 483306
84 1 483394
85 0 483402
85 1 483474
65 0 483546
65 1 483642
82 0 483746
82 1 483826
32 0 483890
32 1 483977
8 0 484539
8 1 484594
65 0 484619
65 1 484690
32 0 484746
32 1 484826
83 0 484865
83 1 484930
85 0 485018
85 1 485074
78 0 485210
78 1 485282
84 0 485331
84 1 485394
32 0 485434
32 1 485514
77 0 485546
77 1 485626
65 0 485659
65 1 485730
73 0 485746
73 1 485826
32 0 485843
32 1 485905
77 0 485961
77 1 486026
85 0 486122
85 1 486178
76 0 486314
76 1 486346
84 0 486386
84 1 486466
73 0 486586
73 1 486666
32 0 486730
32 1 486825
79 0 487394
79 1 487458
65 0 487499
65 1 487562
77 0 487594
77 1 487666
69 0 487714
69 1 487786
78 0 487826
78 1 487898
73 0 487922
73 1 488002
32 0 488091
32 1 488169
67 0 488241
67 1 488322
65 0 488426
65 1 488506
82 0 488650
69 0 488763
82 1 488778
69 1 488858
32 0 488914
32 1 488969
68 0 489594
68 1 489674
73 0 489691
73 1 489770
83 0 489794
83 1 489858
67 0 489914
67 1 489986
85 0 490026
85 1 490098
84 0 490186
84 1 490250
65 0 490402
65 1 490474
190 0 490699
190 1 490778
32 0 490818
32 1 490905
16 0 492739
73 0 492826
16 1 492858
73 1 492890
78 0 492994
78 1 493082
32 0 493098
32 1 493185
67 0 493209
69 0 493305
67 1 493346
69 1 493394
78 0 493419
78 1 493498
84 0 493594
84 1 493666
82 0 493762
82 1 493834
85 0 493883
85 1 493962
32 0 493987
32 1 494065
83 0 494129
83 1 494193
85 0 494250
85 1 494314
78 0 494419
78 1 494498
84 0 494539
84 1 494610
32 0 494651
32 1 494737
50 0 495474
50 1 495562
32 0 495586
32 1 495666
67 0 497802
67 1 497882
65 0 498010
65 1 498082
82 0 498218
69 0 498306
82 1 498322
69 1 498386
32 0 498426
32 1 498513
65 0 498585
65 1 498657
84 0 498850
84 1 498922
82 0 498993
82 1 499066
65 0 499162
65 1 499250
71 0 499426
71 1 499490
32 0 499546
32 1 499634
65 0 499674
65 1 499762
84 0 499978
69 0 500074
84 1 500114
69 1 500162
78 0 500234
78 1 500338
84 0 500546
84 1 500626
73 0 500658
73 1 500714
65 0 500802
65 1 500882
32 0 500930
32 1 501002
67 0 501090
69 0 501202
67 1 501258
69 1 501314
76 0 501354
76 1 501418
79 0 501530
79 1 501586
82 0 501642
82 1 501722
76 0 501906
76 1 501978
65 0 502026
65 1 502098
84 0 502306
84 1 502370
73 0 502442
73 1 502506
190 0 502738
190 1 502818
32 0 502915
32 1 502978
16 0 508954
83 0 509066
16 1 509090
83 1 509186
8 0 509530
8 1 509602
16 0 509931
80 0 510051
16 1 510074
80 1 510114
65 0 510178
65 1 510234
82 0 510394
82 1 510459
32 0 510482
32 1 510569
83 0 510633
65 0 510721
83 1 510745
32 0 510801
65 1 510809
32 1 510873
70 0 511218
70 1 511290
73 0 511306
73 1 511378
69 0 511434
69 1 511506
32 0 511546
32 1 511633
50 0 512154
50 1 512226
32 0 512275
32 1 512338
73 0 512442
73 1 512506
78 0 512626
78 1 512706
86 0 512794
86 1 512874
65 0 512995
65 1 513066
84 0 513226
84 1 513290
65 0 513402
65 1 513474
84 0 513625
84 1 513690
73 0 513738
73 1 513810
32 0 513850
32 1 513929
65 0 513985
65 1 514065
73 0 514314
73 1 514394
32 0 514426
32 1 514514
16 0 514922
71 0 514994
16 1 515035
71 1 515066
82 0 515202
69 0 515282
82 1 515313
69 1 515370
67 0 515474
67 1 515562
73 0 515619
73 1 515690
69 0 515723
69 1 515794
73 0 515882
73 1 515954
32 0 516010
32 1 516097
16 0 516273
65 0 516417
16 1 516458
65 1 516506
78 0 516562
78 1 516634
84 0 516786
84 1 516858
73 0 516882
73 1 516946
67 0 517042
69 0 517162
67 1 517218
69 1 517258
190 0 518043
190 1 518114
32 0 518178
32 1 518257
16 0 520962
73 0 521074
16 1 521092
73 1 521129
78 0 521234
78 1 521314
32 0 521346
32 1 521441
65 0 521537
65 1 521609
76 0 522066
76 1 522146
84 0 522322
69 0 522426
84 1 522458
69 1 522514
32 0 522539
32 1 522610
80 0 522817
80 1 522889
65 0 522913
65 1 522993
82 0 523185
82 1 523258
84 0 523466
84 1 523538
73 0 523586
73 1 523666
32 0 523730
32 1 523817
79 0 524282
79 1 524353
65 0 524410
65 1 524481
77 0 524522
77 1 524610
69 0 524691
69 1 524762
78 0 524834
78 1 524939
73 0 525202
73 1 525274
73 0 525346
73 1 525410
32 0 526970
32 1 527057
68 0 527433
69 0 527530
68 1 527570
69 1 527618
90 0 527994
90 1 528049
66 0 528314
66 1 528370
65 0 528562
65 1 528650
84 0 528802
84 1 528874
188 0 531362
188 1 531497
32 0 531650
32 1 531738
83 0 531994
65 0 532090
83 1 532114
65 1 532186
85 0 532242
85 1 532314
32 0 532346
32 1 532426
83 0 532522
83 1 532602
85 0 532610
85 1 532682
78 0 532794
78 1 532866
84 0 532907
84 1 532978
32 0 533018
32 1 533105
65 0 533153
65 1 533232
84 0 533409
69 0 533497
84 1 533529
69 1 533585
78 0 533617
78 1 533689
84 0 533746
84 1 533810
73 0 533866
73 1 533938
32 0 533986
32 1 534065
76 0 534137
76 1 534209
65 0 534257
65 1 534329
32 0 534385
32 1 534473
85 0 535545
85 1 535601
78 0 535746
78 1 535818
69 0 535882
69 1 535954
76 0 535986
76 1 536058
69 0 536122
69 1 536186
32 0 536226
32 1 536305
74 0 536849
79 0 536946
74 1 536985
79 1 537042
67 0 537122
67 1 537202
85 0 537266
85 1 537330
82 0 537491
82 1 537530
73 0 537570
73 1 537642
32 0 537666
32 1 537746
67 0 538993
67 1 539074
65 0 539179
65 1 539266
32 0 539322
68 0 539419
32 1 539430
69 0 539547
68 1 539585
32 0 539641
69 1 539649
32 1 539729
69 0 539825
69 1 539897
88 0 540217
88 1 540314
69 0 540779
69 1 540842
77 0 540979
77 1 541073
80 0 541202
80 1 541265
76 0 541362
76 1 541441
85 0 541586
85 1 541657
32 0 541770
32 1 541856
68 0 542778
69 0 542896
68 1 542928
69 1 542985
83 0 543169
83 1 543241
69 0 543361
69 1 543433
78 0 543666
78 1 543705
85 0 543802
85 1 543873
76 0 544009
76 1 544081
32 0 544146
32 1 544232
67 0 544304
67 1 544384
85 0 544432
85 1 544504
32 0 544688
32 1 544776
67 0 545040
67 1 545112
79 0 545504
79 1 545512
77 0 545705
77 1 545777
80 0 545881
80 1 545961
65 0 546033
65 1 546105
83 0 546242
83 1 546305
85 0 546345
85 1 546409
76 0 546602
76 1 546681
32 0 546785
32 1 546864
80 0 546928
80 1 547000
69 0 547064
69 1 547136
32 0 547160
32 1 547248
79 0 547328
79 1 547400
32 0 547456
32 1 547545
72 0 547864
72 1 547944
65 0 547968
65 1 548040
82 0 548192
82 1 548264
84 0 548378
84 1 548441
73 0 548489
73 1 548553
69 0 548609
69 1 548681
32 0 548833
32 1 548928
83 0 548992
65 0 549105
83 1 549112
65 1 549184
32 0 549352
32 1 549448
8 0 550754
8 1 550824
85 0 551882
85 1 551953
32 0 552025
32 1 552112
83 0 553473
83 1 553545
67 0 553642
67 1 553721
82 0 553850
82 1 553937
73 0 553970
73 1 554032
83 0 554098
83 1 554178
85 0 554274
85 1 554345
76 0 554482
76 1 554561
32 0 554585
32 1 554681
73 0 554736
73 1 554808
78 0 554912
78 1 554984
84 0 555048
84 1 555104
82 0 555193
82 1 555272
189 0 555761
189 1 555824
79 0 555978
79 1 556040
32 0 556089
32 1 556168
67 0 556248
67 1 556344
65 0 556432
65 1 556528
82 0 556696
82 1 556760
84 0 556921
69 0 557026
84 1 557057
69 1 557138
190 0 557866
190 1 557946
32 0 559616
32 1 559688
16 0 559994
16 1 560114
85 0 560115
85 1 560193
78 0 560289
78 1 560376
32 0 560392
32 1 560473
66 0 560592
66 1 560656
65 0 560696
65 1 560768
82 0 560904
82 1 560984
66 0 561176
66 1 561256
65 0 561280
65 1 561361
84 0 561538
84 1 561609
32 0 561681
32 1 561744
73 0 562392
73 1 562456
77 0 562585
77 1 562656
80 0 562777
80 1 562857
8 0 563113
8 1 563177
66 0 563402
66 1 563481
82 0 563705
82 1 563768
65 0 563858
65 1 563945
67 0 564050
67 1 564112
65 0 564201
65 1 564273
84 0 564426
84 1 564504
32 0 564554
32 1 564624
73 0 564680
73 1 564744
78 0 564864
78 1 564952
32 0 564968
32 1 565048
65 0 565112
65 1 565184
76 0 565240
76 1 565320
66 0 565529
66 1 565600
65 0 565736
65 1 565808
83 0 565920
83 1 565976
84 0 566128
84 1 566200
82 0 566378
82 1 566441
85 0 566513
85 1 566593
32 0 566673
32 1 566752
83 0 567136
83 1 567216
84 0 567344
84 1 567416
65 0 567536
65 1 567617
32 0 567674
32 1 567744
80 0 567816
80 1 567880
69 0 567896
69 1 567976
32 0 568008
32 1 568096
74 0 568512
79 0 568624
74 1 568648
79 1 568704
83 0 568808
83 1 568880
32 0 568952
32 1 569048
83 0 570369
83 1 570456
73 0 570488
73 1 570560
32 0 570601
32 1 570672
80 0 571176
80 1 571248
65 0 571296
65 1 571368
82 0 571545
69 0 571650
82 1 571673
32 0 571736
69 1 571753
32 1 571834
67 0 571873
67 1 571960
65 0 572072
65 1 572160
32 0 572200
32 1 572288
69 0 572624
69 1 572696
32 0 572760
32 1 572840
70 0 573296
70 1 573384
79 0 573424
79 1 573496
65 0 573560
65 1 573672
82 0 573897
82 1 573968
84 0 574192
69 0 574296
84 1 574328
69 1 574392
32 0 574448
32 1 574528
82 0 574648
69 0 574752
82 1 574776
69 1 574848
76 0 575128
76 1 575200
65 0 575240
65 1 575320
90 0 575449
90 1 575529
65 0 575649
65 1 575720
84 0 576258
84 1 576346
190 0 577193
190 1 577288
32 0 577425
32 1 577496
16 0 582705
83 0 582890
16 1 582914
83 1 582952
65 0 583105
65 1 583176
76 0 583225
76 1 583305
65 0 583361
65 1 583432
32 0 583457
32 1 583552
69 0 583688
69 1 583760
83 0 583888
83 1 583968
84 0 584200
69 0 584312
84 1 584336
69 1 584416
32 0 584424
32 1 584496
85 0 584608
85 1 584680
78 0 584776
78 1 584848
65 0 584904
65 1 584984
32 0 585040
32 1 585120
68 0 585232
69 0 585336
68 1 585392
69 1 585440
32 0 585456
32 1 585536
80 0 592473
80 1 592560
82 0 592632
82 1 592706
79 0 592730
79 1 592801
84 0 593074
84 1 593145
79 0 593178
79 1 593249
67 0 593426
67 1 593522
79 0 593530
79 1 593609
76 0 593722
76 1 593793
188 0 593978
188 1 594073
32 0 594121
32 1 594201
69 0 596818
69 1 596881
32 0 596913
32 1 597000
70 0 597064
70 1 597152
79 0 597176
79 1 597248
65 0 597280
65 1 597360
82 0 597488
82 1 597560
84 0 597688
69 0 597776
84 1 597800
69 1 597888
32 0 597904
32 1 597992
73 0 598144
73 1 598216
77 0 598352
77 1 598424
80 0 598528
80 1 598592
85 0 598696
85 1 598760
78 0 598856
78 1 598936
65 0 598984
65 1 599074
84 0 599226
79 0 599288
84 1 599297
79 1 599362
65 0 599458
65 1 599529
82 0 599650
69 0 599754
82 1 599777
69 1 599858
190 0 599994
190 1 600072
32 0 600130
32 1 600208
16 0 600312
65 0 600424
16 1 600480
65 1 600528
82 0 600768
69 0 600864
82 1 600896
69 1 600968
32 0 601000
32 1 601080
50 0 601872
50 1 601952
32 0 601992
32 1 602080
83 0 602249
83 1 602322
84 0 602458
84 1 602529
65 0 602634
65 1 602714
84 0 602882
84 1 602953
85 0 603026
85 1 603089
73 0 603194
73 1 603273
32 0 603298
32 1 603377
73 0 603458
73 1 603537
77 0 603666
77 1 603737
80 0 603866
80 1 603945
85 0 604050
85 1 604113
78 0 604210
78 1 604298
65 0 604330
65 1 604409
84 0 604578
79 0 604649
84 1 604661
79 1 604721
65 0 604826
65 1 604913
82 0 605060
69 0 605195
82 1 605225
69 1 605322
32 0 606138
32 1 606201
73 0 606480
73 1 606496
78 0 606648
78 1 606728
32 0 606792
32 1 606872
83 0 607225
83 1 607296
84 0 607424
84 1 607496
65 0 607600
65 1 607688
78 0 607720
78 1 607800
71 0 607936
71 1 608008
65 0 608128
65 1 608208
32 0 608256
32 1 608336
83 0 608376
83 1 608432
73 0 608481
73 1 608561
32 0 608602
32 1 608697
73 0 608722
73 1 608793
78 0 608898
78 1 608977
32 0 609026
32 1 609128
68 0 609264
68 1 609336
82 0 609464
69 0 609592
82 1 609624
69 1 609696
80 0 609792
80 1 609872
65 0 609896
65 1 609976
84 0 610120
84 1 610185
65 0 610307
65 1 610393
188 0 610962
188 1 611041
32 0 611074
32 1 611170
84 0 611290
84 1 611352
65 0 611472
65 1 611552
86 0 611736
86 1 611792
65 0 611920
65 1 612000
78 0 612088
78 1 612144
85 0 612240
85 1 612296
76 0 612416
76 1 612489
32 0 612522
32 1 612592
69 0 612672
69 1 612752
32 0 612792
32 1 612864
70 0 613024
70 1 613104
79 0 613144
79 1 613216
65 0 613768
65 1 613840
82 0 614000
82 1 614072
84 0 614224
69 0 614312
84 1 614328
32 0 614400
69 1 614408
32 1 614456
73 0 614520
73 1 614600
78 0 614696
78 1 614760
65 0 614808
65 1 614880
76 0 616624
76 1 616704
84 0 616720
84 1 616792
32 0 616832
32 1 616912
83 0 616992
83 1 617056
73 0 617072
73 1 617152
32 0 617192
32 1 617264
65 0 617457
65 1 617536
82 0 617760
69 0 617856
82 1 617888
69 1 617952
32 0 617960
32 1 618048
79 0 618120
79 1 618200
32 0 618248
32 1 618336
66 0 618776
66 1 618864
79 0 618888
79 1 618960
76 0 619072
76 1 619160
84 0 619280
84 1 619352
65 0 619512
65 1 619584
32 0 619672
32 1 619728
66 0 620880
66 1 620968
85 0 621016
85 1 621064
80 0 621216
80 1 621296
69 0 621360
69 1 621432
82 0 621560
82 1 621624
66 0 621961
66 1 622033
65 0 622090
65 1 622153
32 0 622226
32 1 622313
80 0 622512
80 1 622592
69 0 622648
69 1 622712
32 0 622768
32 1 622848
67 0 623040
67 1 623120
65 0 623232
65 1 623312
82 0 623472
69 0 623568
82 1 623592
69 1 623664
32 0 623672
32 1 623752
83 0 623816
83 1 623888
69 0 623984
69 1 624064
32 0 624088
32 1 624176
83 0 624808
83 1 624888
80 0 624992
80 1 625080
82 0 625240
82 1 625304
73 0 625400
73 1 625488
74 0 626066
74 1 626121
73 0 626258
73 1 626330
78 0 626458
78 1 626529
65 0 626578
65 1 626665
32 0 626706
32 1 626785
80 0 627104
80 1 627168
69 0 627224
69 1 627312
82 0 627456
82 1 627536
69 0 627761
69 1 627840
84 0 628016
84 1 628088
73 0 628242
73 1 628305
73 0 628386
73 1 628441
190 0 629250
190 1 629346
32 0 629530
32 1 629608
16 0 631346
83 0 631514
16 1 631554
83 1 631608
69 0 631730
69 1 631809
32 0 631882
32 1 631960
86 0 631976
86 1 632056
69 0 632136
69 1 632208
68 0 632312
68 1 632376
32 0 632593
32 1 632688
8 0 633416
8 1 633488
69 0 633544
69 1 633625
32 0 633664
32 1 633744
83 0 633976
83 1 634024
73 0 634104
73 1 634184
32 0 634240
32 1 634336
67 0 634424
69 0 634536
67 1 634592
69 1 634640
82 0 635264
82 1 635336
85 0 635400
85 1 635472
76 0 635640
76 1 635705
32 0 635738
32 1 635816
83 0 635872
83 1 635952
73 0 636000
73 1 636080
32 0 636112
32 1 636184
78 0 636416
78 1 636496
79 0 636664
79 1 636744
82 0 636904
82 1 636984
73 0 637057
73 1 637080
73 0 637168
73 1 637248
190 0 638329
190 1 638400
32 0 638482
32 1 638545
16 0 638714
16 1 638864
67 0 638872
69 0 638928
67 1 638936
69 1 639025
82 0 639184
82 1 639248
85 0 639376
85 1 639449
76 0 639576
76 1 639632
32 0 639696
32 1 639768
69 0 639832
69 1 639912
83 0 640064
83 1 640144
84 0 640320
69 0 640432
84 1 640448
69 1 640528
32 0 640536
32 1 640616
68 0 640736
69 0 640824
68 1 640864
69 1 640920
32 0 640936
32 1 641016
85 0 641232
85 1 641288
78 0 641392
78 1 641489
32 0 641504
32 1 641592
65 0 641680
65 1 641768
76 0 641832
76 1 641920
66 0 642112
66 1 642184
65 0 642328
65 1 642408
83 0 642552
83 1 642624
84 0 642776
84 1 642840
82 0 642936
82 1 643016
85 0 643104
85 1 643176
32 0 643216
32 1 643304
68 0 643688
69 0 643776
68 1 643816
69 1 643864
83 0 644008
83 1 644080
67 0 644192
67 1 644280
72 0 644376
73 0 644496
72 1 644528
73 1 644600
83 0 644736
83 1 644800
188 0 645056
188 1 645136
32 0 645176
32 1 645264
70 0 645376
70 1 645464
79 0 645504
79 1 645568
65 0 645616
65 1 645696
82 0 645832
82 1 645904
84 0 646040
69 0 646152
84 1 646168
69 1 646248
32 0 646264
32 1 646337
70 0 646744
70 1 646808
82 0 646914
82 1 646984
85 0 647064
85 1 647136
77 0 647256
77 1 647344
79 0 647376
79 1 647456
83 0 647560
83 1 647632
190 0 648721
190 1 648800
32 0 648904
32 1 648968
16 0 652065
83 0 652250
16 1 652289
83 1 652328
67 0 652466
69 0 652594
67 1 652641
69 1 652672
78 0 652810
78 1 652880
65 0 652946
65 1 653017
32 0 653066
32 1 653152
69 0 653272
69 1 653344
83 0 653472
83 1 653544
84 0 653720
69 0 653816
84 1 653832
69 1 653920
32 0 653944
32 1 654008
85 0 654096
85 1 654160
78 0 654264
78 1 654336
65 0 654392
65 1 654464
32 0 654504
32 1 654592
73 0 654832
73 1 654912
78 0 655024
78 1 655088
32 0 655096
32 1 655192
67 0 655240
67 1 655296
65 0 655376
65 1 655472
82 0 655624
69 0 655712
82 1 655721
69 1 655800
32 0 655816
32 1 655920
84 0 656152
84 1 656224
79 0 657000
79 1 657072
65 0 657136
65 1 657224
84 0 657400
84 1 657472
65 0 657601
65 1 657680
32 0 657738
32 1 657809
76 0 657825
76 1 657922
85 0 658034
85 1 658105
77 0 658202
77 1 658289
69 0 658314
69 1 658386
65 0 658538
65 1 658609
32 0 658642
32 1 658721
83 0 658825
83 1 658880
69 0 659000
69 1 659080
32 0 659120
32 1 659208
66 0 661890
66 1 661977
85 0 662017
85 1 662089
67 0 662178
67 1 662273
85 0 662282
85 1 662345
82 0 662522
82 1 662593
65 0 662690
65 1 662769
32 0 662802
32 1 662889
68 0 662897
69 0 663009
68 1 663056
32 0 663081
69 1 663097
32 1 663169
86 0 664225
86 1 664305
73 0 664321
73 1 664392
65 0 664497
65 1 664585
84 0 664729
84 1 664809
65 0 664929
65 1 665008
190 0 665697
190 1 665744
