16 0 64947
83 0 65044
73 0 65103
16 1 65123
83 1 65143
73 1 65175
78 0 65288
78 1 65352
67 0 65373
69 0 65447
67 1 65472
69 1 65532
82 0 65583
82 1 65662
32 0 65692
78 0 65762
32 1 65781
78 1 65831
85 0 65896
85 1 65971
32 0 65996
32 1 66072
80 0 66095
80 1 66160
82 0 66165
69 0 66201
82 1 66226
65 0 66290
69 1 66304
65 1 66389
32 0 66394
32 1 66504
73 0 66509
73 1 66564
77 0 66654
77 1 66729
73 0 66799
73 1 66863
32 0 66888
32 1 66988
80 0 66992
80 1 67063
76 0 67127
65 0 67147
76 1 67198
65 1 67243
67 0 67307
69 0 67382
67 1 67412
32 0 67436
69 1 67476
32 1 67516
67 0 67616
67 1 67706
85 0 67711
85 1 67770
77 0 67871
32 0 67921
77 1 67939
69 0 68000
32 1 68025
69 1 68074
32 0 68125
32 1 68215
86 0 68334
86 1 68409
82 0 68414
69 0 68453
82 1 68479
69 1 68538
77 0 68543
77 1 68628
69 0 68633
69 1 68698
65 0 68718
32 0 68783
65 1 68817
32 1 68872
65 0 68907
65 1 68997
67 0 69018
85 0 69052
67 1 69097
85 1 69111
77 0 69217
77 1 69296
32 0 69397
32 1 69470
80 0 69475
80 1 69530
69 0 69550
69 1 69620
78 0 69676
84 0 69735
78 1 69749
82 0 69785
84 1 69809
85 0 69845
82 1 69864
85 1 69914
32 0 69919
32 1 70029
67 0 70054
65 0 70109
67 1 70161
65 1 70209
32 0 70214
78 0 70278
32 1 70298
78 1 70333
73 0 70413
73 1 70478
78 0 70563
71 0 70618
78 1 70637
69 0 70683
71 1 70698
69 1 70767
32 0 70797
32 1 70891
83 0 70926
83 1 71002
73 0 71016
73 1 71071
32 0 71105
32 1 71201
69 0 71415
69 1 71485
32 0 71515
32 1 71604
70 0 71739
82 0 71775
70 1 71809
82 1 71869
73 0 71929
73 1 72003
71 0 72034
71 1 72103
188 0 72148
188 1 72224
32 0 72329
32 1 72422
79 0 72502
79 1 72557
32 0 72592
83 0 72651
32 1 72666
65 0 72726
83 1 72776
32 0 72801
65 1 72831
32 1 72875
70 0 72891
70 1 72970
73 0 72980
73 1 73040
69 0 73052
69 1 73130
32 0 73135
32 1 73235
77 0 75182
77 1 75244
65 0 75264
73 0 75334
65 1 75344
73 1 75409
32 0 75419
32 1 75493
71 0 75548
82 0 75603
71 1 75618
69 0 75643
82 1 75668
69 1 75723
85 0 75728
85 1 75817
32 0 75822
32 1 75912
73 0 75942
73 1 76012
78 0 76102
32 0 76158
78 1 76182
32 1 76266
84 0 76326
84 1 76380
82 0 76456
65 0 76491
82 1 76510
65 1 76570
70 0 76575
70 1 76645
73 0 76690
73 1 76755
67 0 76785
67 1 76880
32 0 76910
32 1 77009
188 0 77069
188 1 77141
8 0 77343
8 1 77393
8 0 77453
8 1 77518
188 0 77637
188 1 77717
32 0 77722
32 1 77826
65 0 78326
65 1 78420
71 0 78615
71 1 78690
76 0 78694
76 1 78744
79 0 78800
79 1 78874
77 0 78999
77 1 79073
69 0 79078
69 1 79144
82 0 79199
65 0 79267
82 1 79283
65 1 79352
84 0 79382
84 1 79457
73 0 79472
73 1 79542
69 0 79557
69 1 79642
188 0 79686
188 1 79771
32 0 79791
32 1 79880
65 0 79915
77 0 79945
65 1 80000
77 1 80025
66 0 80216
66 1 80295
85 0 80299
85 1 80359
84 0 80560
69 0 80610
84 1 80628
69 1 80689
73 0 80923
73 1 80983
65 0 81003
65 1 81087
83 0 81102
83 1 81178
8 0 81626
8 1 81686
74 0 81896
74 1 81960
69 0 82010
69 1 82074
188 0 82170
188 1 82234
32 0 82783
32 1 82887
73 0 83730
73 1 83790
78 0 83905
78 1 83994
84 0 84093
84 1 84169
65 0 84174
65 1 84258
82 0 84263
82 1 84313
90 0 84433
73 0 84472
90 1 84513
73 1 84543
69 0 84648
82 0 84712
69 1 84737
82 1 84797
73 0 84802
73 1 84867
188 0 85929
188 1 85988
32 0 86115
32 1 86193
79 0 86352
79 1 86412
32 0 86532
83 0 86592
32 1 86617
65 0 86682
83 1 86726
32 0 86756
65 1 86791
32 1 86860
83 0 86885
83 1 86965
69 0 87030
69 1 87100
32 0 87112
32 1 87239
83 0 87244
83 1 87304
8 0 87564
8 1 87644
67 0 87679
73 0 87738
67 1 87758
73 1 87818
82 0 87878
82 1 87963
67 0 88312
85 0 88392
67 1 88401
85 1 88452
76 0 88587
76 1 88671
69 0 88691
69 1 88775
32 0 89763
32 1 89852
68 0 90651
69 0 90710
68 1 90735
69 1 90800
83 0 90870
83 1 90945
84 0 91014
84 1 91094
85 0 91100
85 1 91164
76 0 91288
76 1 91368
32 0 91478
32 1 91587
68 0 92177
69 0 92241
68 1 92280
69 1 92320
32 0 92325
32 1 92444
71 0 92509
71 1 92574
82 0 92624
69 0 92649
82 1 92699
69 1 92754
85 0 92764
85 1 92839
32 0 93328
32 1 93397
77 0 93412
77 1 93476
65 0 93492
65 1 93571
73 0 93586
73 1 93656
32 0 93661
32 1 93761
65 0 93776
65 1 93875
76 0 93891
76 1 93955
69 0 93960
69 1 94030
83 0 94111
32 0 94186
83 1 94219
32 1 94259
68 0 94439
65 0 94494
68 1 94514
65 1 94578
67 0 94603
65 0 94664
67 1 94678
65 1 94758
32 0 94769
32 1 94848
68 0 96480
69 0 96553
68 1 96568
69 1 96648
83 0 96728
83 1 96817
90 0 97153
65 0 97251
90 1 97276
65 1 97366
80 0 97432
80 1 97495
69 0 97530
69 1 97595
90 0 97775
73 0 97835
90 1 97884
73 1 97899
82 0 98020
69 0 98069
82 1 98081
65 0 98145
69 1 98175
65 1 98233
8 0 98897
8 0 99396
8 0 99426
8 0 99455
8 0 99485
8 0 99514
8 0 99545
8 0 99575
8 0 99604
8 0 99634
8 0 99664
8 0 99694
8 1 99719
8 0 100124
8 1 100183
8 0 100268
8 1 100332
8 0 100397
8 1 100467
8 0 100547
8 1 100612
8 0 100682
8 1 100756
76 0 100981
76 1 101055
65 0 101060
65 1 101141
32 0 101151
32 1 101230
67 0 101235
85 0 101274
67 1 101315
85 1 101334
77 0 101425
77 1 101509
32 0 101514
83 0 101579
32 1 101593
83 1 101688
69 0 101713
32 0 101778
69 1 101863
32 1 101892
70 0 102287
70 1 102362
65 0 102371
65 1 102456
67 0 102461
67 1 102526
69 0 102541
69 1 102616
32 0 102771
32 1 102855
68 0 102900
69 0 102950
68 1 102966
69 1 103044
83 0 103120
83 1 103219
90 0 103394
65 0 103509
90 1 103528
65 1 103618
80 0 103853
80 1 103942
69 0 103952
69 1 104027
90 0 104158
73 0 104211
90 1 104261
73 1 104271
82 0 104402
69 0 104471
82 1 104485
65 0 104520
69 1 104560
32 0 104610
65 1 104630
32 1 104690
73 0 104780
73 1 104854
78 0 104944
78 1 105024
32 0 105049
32 1 105124
16 0 105403
82 0 105493
16 1 105518
82 1 105568
79 0 105588
79 1 105663
77 0 105762
77 1 105842
65 0 105852
65 1 105921
78 0 105947
78 1 106021
73 0 106092
73 1 106166
65 0 106271
65 1 106370
188 0 106491
188 1 106545
32 0 106595
65 0 106674
32 1 106684
68 0 106759
65 1 106779
68 1 106834
73 0 106863
73 1 106908
67 0 106978
65 0 107033
67 1 107043
65 1 107134
32 0 107153
32 1 107272
83 0 107277
83 1 107357
84 0 107452
73 0 107502
84 1 107527
73 1 107567
77 0 107667
77 1 107751
32 0 107756
32 1 107841
67 0 107966
85 0 108036
67 1 108053
85 1 108096
32 0 108131
32 1 108225
84 0 108310
84 1 108394
79 0 108399
79 1 108464
84 0 108509
84 1 108584
73 0 108629
73 1 108678
73 0 108759
73 1 108823
32 0 108928
32 1 109038
67 0 109197
67 1 109277
85 0 109282
85 1 109347
77 0 109477
77 1 109537
32 0 109577
32 1 109656
69 0 110270
69 1 110354
32 0 110399
32 1 110494
83 0 110555
83 1 110639
73 0 110644
73 1 110693
32 0 110748
32 1 110847
67 0 110852
65 0 110907
67 1 110937
65 1 111007
84 0 111078
32 0 111142
84 1 111152
32 1 111211
68 0 111316
69 0 111386
68 1 111421
32 0 111446
69 1 111481
32 1 111515
73 0 111650
73 1 111710
77 0 111795
77 1 111884
80 0 112189
80 1 112263
76 0 112339
76 1 112428
73 0 112508
73 1 112573
67 0 112842
65 0 112912
67 1 112926
65 1 112997
84 0 113092
84 1 113171
73 0 113176
73 1 113231
32 0 113541
32 1 113635
83 0 113665
85 0 113730
83 1 113774
85 1 113784
78 0 113894
84 0 113954
78 1 113969
84 1 114054
32 0 114070
32 1 114183
8 0 116901
8 0 117399
8 0 117429
8 0 117459
8 0 117489
8 0 117519
8 0 117549
8 0 117579
8 1 117588
84 0 118344
69 0 118402
84 1 118431
69 1 118491
32 0 118501
32 1 118596
83 0 118621
85 0 118676
83 1 118711
85 1 118740
78 0 118830
84 0 118870
78 1 118905
84 1 118940
32 0 119000
65 0 119066
32 1 119080
65 1 119159
85 0 119184
85 1 119254
84 0 119274
84 1 119354
79 0 119389
79 1 119474
82 0 119549
82 1 119613
73 0 119623
73 1 119688
84 0 120241
65 0 120292
84 1 120316
65 1 120386
84 0 120506
84 1 120596
73 0 120605
73 1 120670
76 0 120805
76 1 120879
69 0 120920
69 1 121004
32 0 121105
32 1 121223
68 0 121278
69 0 121368
68 1 121413
32 0 121443
69 1 121467
32 1 121547
76 0 121562
69 0 121602
76 1 121632
69 1 121697
32 0 121707
32 1 121812
73 0 121901
73 1 121961
65 0 121971
65 1 122067
32 0 122077
32 1 122165
84 0 122240
79 0 122305
84 1 122320
79 1 122375
84 0 122415
84 1 122484
32 0 122554
32 1 122649
84 0 122739
84 1 122824
73 0 122844
73 1 122903
77 0 123024
77 1 123099
80 0 123308
80 1 123392
85 0 123497
85 1 123557
76 0 123677
76 1 123746
32 0 123781
32 1 123861
80 0 123886
80 1 123960
82 0 123975
82 1 124031
73 0 124081
73 1 124145
78 0 124240
78 1 124324
32 0 124329
32 1 124399
83 0 124424
83 1 124504
85 0 124514
85 1 124573
82 0 124843
80 0 124883
82 1 124908
80 1 124962
73 0 125083
73 1 125152
78 0 125251
78 1 125326
68 0 125341
69 0 125402
68 1 125421
69 1 125491
82 0 125651
69 0 125690
82 1 125700
69 1 125780
32 0 125950
32 1 126021
90 0 126428
65 0 126523
90 1 126558
80 0 126583
65 1 126612
80 1 126652
65 0 126698
65 1 126787
68 0 126877
65 0 126957
68 1 126972
65 1 127043
32 0 127731
32 1 127834
83 0 127974
65 0 128015
83 1 128070
65 1 128123
85 0 128153
85 1 128198
32 0 128303
32 1 128393
65 0 128532
65 1 128647
76 0 128767
76 1 128836
84 0 128956
84 1 129037
69 0 129042
69 1 129125
32 0 129130
32 1 129195
8 0 135279
8 1 135398
84 0 136071
69 0 136131
84 1 136156
69 1 136240
8 0 136565
8 1 136639
8 0 136715
8 1 136784
76 0 137807
76 1 137868
69 0 137906
69 1 137968
190 0 137991
190 1 138056
32 0 138155
16 0 138254
32 1 138274
73 0 138349
73 1 138404
16 1 138424
78 0 138514
32 0 138574
78 1 138588
32 1 138663
82 0 138688
69 0 138758
82 1 138778
69 1 138833
83 0 138898
83 1 138968
84 0 139033
84 1 139102
32 0 139117
32 1 139197
67 0 139281
69 0 139356
67 1 139371
69 1 139431
32 0 139436
32 1 139491
83 0 139566
83 1 139666
32 0 139690
65 0 139755
32 1 139770
65 1 139815
90 0 140059
90 1 140164
73 0 140169
73 1 140209
67 0 140269
67 1 140353
188 0 140383
188 1 140453
32 0 140484
65 0 140583
32 1 140598
83 0 140648
65 1 140667
83 1 140742
84 0 140803
69 0 140867
84 1 140882
69 1 140947
80 0 141176
80 1 141236
84 0 141261
84 1 141341
32 0 141376
32 1 141465
83 0 141520
65 0 141605
83 1 141645
32 0 141650
65 1 141724
32 1 141769
86 0 141879
73 0 141939
86 1 141960
73 1 142000
78 0 142103
65 0 142148
78 1 142168
32 0 142213
65 1 142233
32 1 142328
86 0 142482
86 1 142542
65 0 142557
65 1 142637
82 0 142727
65 0 142782
82 1 142811
65 1 142876
188 0 142921
188 1 142987
32 0 142992
32 1 143110
83 0 143674
65 0 143764
83 1 143789
32 0 143833
65 1 143868
32 1 143950
83 0 144009
83 1 144078
69 0 144148
69 1 144227
32 0 144232
32 1 144332
70 0 144412
65 0 144462
70 1 144496
65 1 144541
67 0 144561
65 0 144636
67 1 144666
32 0 144716
65 1 144731
32 1 144840
77 0 144951
77 1 145026
65 0 145041
73 0 145110
65 1 145140
73 1 145174
32 0 145184
32 1 145284
67 0 145454
65 0 145529
67 1 145543
65 1 145608
76 0 145613
76 1 145673
68 0 145698
68 1 145783
188 0 145845
188 1 145917
32 0 145963
83 0 146057
32 1 146072
83 1 146166
65 0 146171
32 0 146191
65 1 146266
80 0 146291
32 1 146306
80 1 146366
85 0 146476
85 1 146545
84 0 146650
69 0 146710
84 1 146720
69 1 146795
77 0 146830
77 1 146899
32 0 146925
32 1 147030
73 0 147084
73 1 147139
69 0 147179
69 1 147243
83 0 147343
83 1 147413
73 0 148052
73 1 148091
32 0 149353
32 1 149457
68 0 149567
68 1 149642
73 0 149646
73 1 149701
78 0 149816
78 1 149881
32 0 149887
67 0 149977
32 1 150021
65 0 150045
67 1 150070
65 1 150145
83 0 150210
65 0 150268
83 1 150310
65 1 150374
32 0 150399
32 1 150519
83 0 150629
83 1 150703
73 0 150930
73 1 150989
32 0 151043
32 1 151132
83 0 151152
65 0 151232
83 1 151277
32 0 151317
65 1 151342
32 1 151421
78 0 151486
78 1 151541
69 0 151546
69 1 151606
32 0 151611
32 1 151715
86 0 151850
86 1 151865
66 0 151875
85 0 151910
66 1 151931
85 1 151966
67 0 152199
85 0 152259
67 1 152269
85 1 152319
82 0 152503
65 0 152563
82 1 152588
65 1 152653
77 0 152723
77 1 152793
32 0 152817
32 1 152924
68 0 152938
69 0 153008
68 1 153052
32 0 153057
69 1 153102
32 1 153166
86 0 153261
86 1 153331
82 0 153336
69 0 153376
82 1 153396
69 1 153450
77 0 153480
69 0 153530
77 1 153550
69 1 153605
65 0 153650
65 1 153755
32 0 153839
32 1 153894
66 0 155710
66 1 155774
85 0 155779
85 1 155834
78 0 155959
78 1 156018
65 0 156338
65 1 156417
32 0 156447
32 1 156547
73 0 156562
73 1 156631
77 0 156736
77 1 156816
80 0 156942
80 1 157010
82 0 157035
69 0 157090
82 1 157125
69 1 157185
85 0 157220
85 1 157289
78 0 157384
78 1 157459
65 0 157464
65 1 157559
188 0 157589
188 1 157658
32 0 157699
32 1 157803
8 0 160676
8 0 161174
8 0 161203
8 0 161233
8 0 161263
8 0 161293
8 0 161323
8 0 161353
8 1 161363
8 0 161582
8 1 161652
8 0 161747
8 1 161806
8 0 161902
8 1 161952
190 0 166998
190 1 167056
32 0 167102
32 1 167206
16 0 167246
67 0 167331
16 1 167396
67 1 167420
65 0 167480
65 1 167580
77 0 167595
77 1 167655
32 0 167670
32 1 167784
65 0 167789
65 1 167869
84 0 167915
84 1 167965
65 0 167984
84 0 168059
65 1 168083
84 1 168138
32 0 168258
32 1 168343
65 0 168368
65 1 168452
77 0 168457
77 1 168522
32 0 168607
32 1 168702
65 0 168717
65 1 168801
86 0 168846
86 1 168947
85 0 168952
85 1 169001
84 0 169046
84 1 169120
32 0 169135
32 1 169210
68 0 169285
69 0 169350
68 1 169370
69 1 169439
32 0 169444
32 1 169509
83 0 169574
83 1 169644
80 0 169649
80 1 169714
85 0 169818
85 1 169894
83 0 169924
83 1 169993
32 0 170033
32 1 170137
68 0 170143
69 0 170197
68 1 170237
69 1 170312
83 0 170357
80 0 170492
83 1 170511
80 1 170551
82 0 170601
69 0 170671
82 1 170691
69 1 170766
32 0 170773
32 1 170830
83 0 171833
83 1 171914
73 0 171929
73 1 171997
84 0 172037
84 1 172122
85 0 172147
85 1 172216
65 0 172221
65 1 172296
84 0 172306
84 1 172396
73 0 172421
73 1 172481
65 0 172550
65 1 172645
32 0 172746
32 1 172845
77 0 173039
77 1 173104
69 0 173109
69 1 173179
84 0 173273
69 0 173313
84 1 173333
69 1 173413
79 0 173548
79 1 173602
76 0 173802
76 1 173878
8 0 174101
8 1 174166
82 0 174211
82 1 174281
79 0 174285
79 1 174350
76 0 174436
76 1 174520
79 0 174581
79 1 174655
71 0 174675
71 1 174739
73 0 174779
73 1 174854
67 0 174980
65 0 175073
67 1 175093
65 1 175193
32 0 177552
32 1 177656
83 0 177701
73 0 177741
83 1 177810
73 1 177820
32 0 177907
32 1 178015
68 0 178085
69 0 178155
68 1 178179
69 1 178249
83 0 178324
83 1 178409
80 0 178414
80 1 178483
82 0 178504
69 0 178558
82 1 178578
69 1 178663
32 0 178668
32 1 178773
86 0 178884
86 1 178957
82 0 178962
82 1 179012
69 0 179017
69 1 179057
77 0 179102
69 0 179131
77 1 179171
69 1 179246
65 0 179281
65 1 179391
32 0 179411
32 1 179480
68 0 179770
69 0 179861
68 1 179880
69 1 179954
32 0 180732
32 1 180817
65 0 182428
83 0 182497
65 1 182542
83 1 182597
84 0 182682
65 0 182732
84 1 182756
65 1 182806
90 0 182932
90 1 183036
73 0 183040
73 1 183090
190 0 183220
190 1 183305
16 0 198332
65 0 198431
16 1 198466
65 1 198541
77 0 198571
77 1 198635
32 0 198665
32 1 198785
85 0 199034
85 1 199103
78 0 199219
78 1 199288
32 0 199308
32 1 199384
80 0 199414
80 1 199488
82 0 199492
82 1 199567
79 0 199619
79 1 199683
8 0 199848
8 0 200345
8 0 200376
8 0 200405
8 0 200435
8 0 200465
8 0 200494
8 0 200525
8 0 200555
8 0 200585
8 0 200614
8 0 200644
8 1 200674
16 0 200715
68 0 200805
16 1 200855
69 0 200879
68 1 200903
69 1 200978
32 0 200984
32 1 201107
79 0 201137
79 1 201198
66 0 201247
66 1 201332
73 0 201347
73 1 201407
67 0 201467
69 0 201532
67 1 201557
69 1 201631
73 0 201667
73 1 201727
32 0 201742
32 1 201842
65 0 201857
77 0 201951
65 1 201965
77 1 202030
32 0 202035
32 1 202120
80 0 202195
80 1 202220
82 0 202255
82 1 202319
79 0 202339
79 1 202409
71 0 202469
82 0 202504
71 1 202519
82 1 202589
65 0 202594
77 0 202680
65 1 202698
77 1 202748
32 0 202835
32 1 202918
70 0 203008
70 1 203067
73 0 203072
73 1 203122
88 0 203252
88 1 203336
188 0 203402
188 1 203477
32 0 203522
32 1 203611
77 0 203678
77 1 203741
65 0 203746
65 1 203821
32 0 203862
32 1 203935
84 0 204010
82 0 204055
84 1 204069
82 1 204144
69 0 204204
69 1 204274
90 0 204394
90 1 204494
69 0 204589
69 1 204663
83 0 204753
83 1 204844
67 0 204858
67 1 204983
32 0 205096
32 1 205206
80 0 206587
80 1 206662
65 0 206683
65 1 206752
78 0 206798
65 0 206839
78 1 206853
65 1 206927
32 0 206967
73 0 207066
32 1 207086
73 1 207136
78 0 207221
32 0 207275
78 1 207305
32 1 207365
79 0 207435
79 1 207505
82 0 207510
82 1 207585
65 0 207589
65 1 207666
32 0 207669
32 1 207754
57 0 209216
57 1 209295
32 0 209385
32 1 209480
83 0 209989
73 0 210043
83 1 210053
73 1 210097
32 0 210197
32 1 210301
65 0 210382
65 1 210471
80 0 210556
80 1 210641
79 0 210736
79 1 210807
73 0 210895
73 1 210950
32 0 210996
32 1 211084
65 0 211784
65 1 211873
77 0 211878
77 1 211938
32 0 211993
32 1 212076
67 0 214022
67 1 214106
72 0 214111
72 1 214171
69 0 214175
69 1 214261
83 0 214336
83 1 214405
84 0 214471
73 0 214535
84 1 214545
73 1 214600
73 0 214665
73 1 214739
32 0 214746
32 1 214849
85 0 214879
85 1 214943
90 0 215093
85 0 215183
90 1 215203
85 1 215248
65 0 215302
65 1 215392
76 0 215412
76 1 215492
69 0 215507
69 1 215592
32 0 215597
32 1 215686
68 0 215726
69 0 215787
68 1 215832
32 0 215861
69 1 215890
32 1 215970
70 0 215975
65 0 216020
70 1 216045
65 1 216100
67 0 216205
67 1 216294
85 0 216299
85 1 216359
84 0 216430
84 1 216509
188 0 216524
188 1 216599
32 0 216614
32 1 216723
77 0 216809
77 1 216868
73 0 216933
73 1 216998
67 0 217003
67 1 217087
32 0 217112
32 1 217217
68 0 217222
69 0 217287
68 1 217316
69 1 217381
74 0 217437
74 1 217506
85 0 217616
85 1 217681
78 0 217807
78 1 217880
32 0 218599
32 1 218707
8 0 219737
8 1 219791
188 0 219926
188 1 219994
32 0 219999
67 0 220074
32 1 220088
67 1 220168
73 0 220203
73 1 220263
84 0 220278
84 1 220348
73 0 220378
84 0 220403
73 1 220438
84 1 220492
188 0 221361
188 1 221451
32 0 222323
32 1 222427
69 0 222661
69 1 222737
88 0 222836
88 1 222931
69 0 223031
69 1 223110
82 0 223256
82 1 223315
67 0 223525
67 1 223599
73 0 223605
73 1 223664
84 0 223795
84 1 223858
73 0 223899
73 1 223953
73 0 224034
73 1 224087
32 0 224157
32 1 224277
8 0 224571
8 0 225070
8 0 225100
8 0 225130
8 0 225159
8 0 225189
8 0 225219
8 0 225249
8 1 225274
8 0 225519
8 1 225594
8 0 225669
8 1 225739
67 0 226182
67 1 226257
65 0 226261
65 1 226336
84 0 226432
69 0 226451
84 1 226486
69 1 226555
86 0 226752
65 0 226815
86 1 226829
65 1 226910
32 0 226930
32 1 226994
69 0 227044
69 1 227114
88 0 227213
88 1 227293
69 0 227373
69 1 227443
82 0 227463
82 1 227538
67 0 227683
67 1 227764
73 0 227769
73 1 227832
84 0 227942
84 1 228012
73 0 228037
73 1 228095
73 0 228161
73 1 228236
32 0 228265
32 1 228360
70 0 228385
70 1 228460
73 0 228480
73 1 228544
90 0 228635
90 1 228745
73 0 228964
73 1 229024
67 0 229138
69 0 229223
67 1 229263
69 1 229317
32 0 229337
67 0 229442
32 1 229467
65 0 229517
67 1 229547
65 1 229642
32 0 229646
32 1 229752
83 0 229802
65 0 229861
83 1 229901
65 1 229961
32 0 229986
32 1 230090
70 0 231343
70 1 231407
73 0 231412
73 1 231471
85 0 231536
85 1 231606
32 0 231642
73 0 231717
32 1 231736
73 1 231786
78 0 231875
32 0 231925
78 1 231945
32 1 232000
70 0 232035
70 1 232129
79 0 232134
79 1 232209
82 0 232219
82 1 232284
77 0 232339
77 1 232404
65 0 232424
65 1 232523
32 0 232528
32 1 232603
83 0 232668
73 0 232724
83 1 232733
73 1 232783
32 0 232862
32 1 232962
83 0 232997
65 0 233072
83 1 233106
65 1 233191
32 0 233196
32 1 233266
73 0 235216
73 1 235266
77 0 236044
77 1 236123
73 0 236208
73 1 236278
32 0 236282
67 0 236372
32 1 236412
65 0 236437
67 1 236452
65 1 236551
80 0 236631
80 1 236697
65 0 236722
65 1 236826
84 0 236966
84 1 237041
32 0 237175
32 1 237274
84 0 237749
84 1 237813
79 0 237818
79 1 237873
78 0 237998
78 1 238062
85 0 238152
85 1 238222
83 0 238327
83 1 238416
32 0 238472
32 1 238566
80 0 238571
80 1 238636
69 0 238646
69 1 238716
32 0 238722
32 1 238805
90 0 239189
73 0 239269
90 1 239283
73 1 239328
85 0 239389
85 1 239458
65 0 239508
65 1 239593
32 0 239598
32 1 239683
82 0 239797
69 0 239842
82 1 239857
69 1 239946
83 0 240002
83 1 240086
80 0 240091
80 1 240146
69 0 240161
69 1 240236
67 0 240266
67 1 240366
84 0 240455
84 1 240520
73 0 240525
73 1 240585
86 0 240741
86 1 240769
86 0 240840
65 0 240865
86 1 240890
65 1 240974
188 0 241153
188 1 241243
32 0 241383
32 1 241467
65 0 241867
80 0 241917
65 1 241946
80 1 241991
79 0 242066
79 1 242140
73 0 242220
73 1 242290
32 0 242295
32 1 242389
74 0 242455
74 1 242524
79 0 242609
79 1 242690
66 0 242700
66 1 242773
77 0 242833
188 0 242838
77 1 242883
188 1 242893
32 0 242978
32 1 243072
8 0 244539
8 1 244589
8 0 244705
8 1 244739
8 0 244839
8 1 244912
8 0 244998
8 1 245062
8 0 245612
8 1 245692
8 0 245791
8 1 245850
8 0 245945
8 1 246019
8 0 246099
8 1 246164
8 0 246259
8 1 246319
8 0 246404
8 1 246478
8 0 246569
8 1 246633
8 0 246729
8 1 246803
8 0 246883
8 1 246952
8 0 247037
8 1 247101
8 0 247412
8 1 247471
65 0 247561
65 1 247656
190 0 247970
190 1 248020
32 0 249600
32 1 249715
16 0 249735
65 0 249824
16 1 249874
80 0 249939
65 1 249948
80 1 250018
79 0 250108
79 1 250173
73 0 250248
73 1 250322
32 0 250347
32 1 250447
74 0 250717
74 1 250786
79 0 250881
79 1 250955
66 0 251015
66 1 251085
188 0 251160
188 1 251235
32 0 251295
32 1 251374
73 0 257368
73 1 257437
78 0 257537
78 1 257612
84 0 257647
84 1 257721
65 0 257731
76 0 257816
65 1 257845
76 1 257880
78 0 258001
78 1 258060
73 0 258140
73 1 258204
82 0 258209
82 1 258269
73 0 258314
73 1 258384
67 0 258714
67 1 258784
73 0 258789
73 1 258848
8 0 259317
8 1 259392
8 0 259518
8 1 259586
32 0 260679
32 1 260792
67 0 260827
85 0 260882
67 1 260931
85 1 260951
32 0 261011
32 1 261111
80 0 261116
80 1 261201
82 0 261270
82 1 261350
73 0 261355
73 1 261420
69 0 261465
69 1 261560
84 0 261595
69 0 261660
84 1 261680
69 1 261759
78 0 261800
78 1 261884
73 0 261969
73 1 262038
188 0 264472
188 1 264537
32 0 264572
32 1 264667
80 0 264906
80 1 264961
76 0 265055
76 1 265139
73 0 265235
73 1 265299
77 0 265495
77 1 265549
66 0 265913
66 1 265977
65 0 266028
65 1 266111
84 0 266157
84 1 266246
188 0 266266
188 1 266336
32 0 266371
32 1 266475
67 0 270864
67 1 270993
72 0 271063
69 0 271112
72 1 271127
69 1 271183
83 0 271297
83 1 271382
84 0 271452
84 1 271542
73 0 271546
73 1 271597
73 0 271681
32 0 271731
73 1 271741
32 1 271840
85 0 271875
85 1 271940
90 0 271970
90 1 272089
85 0 272094
85 1 272159
65 0 272219
65 1 272314
76 0 272319
76 1 272389
69 0 272429
69 1 272509
32 0 272528
32 1 272624
8 0 274309
8 1 274363
188 0 274504
188 1 274568
32 0 274654
78 0 274717
32 1 274732
78 1 274777
73 0 274862
73 1 274927
77 0 275027
77 1 275096
73 0 275176
73 1 275231
67 0 275246
67 1 275340
32 0 275365
32 1 275485
73 0 275525
73 1 275596
69 0 275621
69 1 275699
83 0 275779
83 1 275879
73 0 275884
73 1 275929
84 0 275964
84 1 276048
32 0 276063
32 1 276148
68 0 276188
68 1 276253
73 0 276258
73 1 276318
78 0 276428
78 1 276487
32 0 276512
67 0 276603
32 1 276618
79 0 276672
67 1 276692
79 1 276731
77 0 276836
77 1 276926
85 0 277011
85 1 277070
78 0 277340
78 1 277405
188 0 281529
188 1 281589
32 0 281635
32 1 281733
16 0 282157
77 0 282302
16 1 282346
77 1 282386
65 0 282521
65 1 282606
73 0 282646
73 1 282705
32 0 282765
32 1 282859
8 0 283473
8 1 283550
8 0 283628
8 1 283687
8 0 283767
8 1 283846
8 0 284186
8 1 284276
16 0 288140
77 0 288260
16 1 288299
77 1 288325
65 0 288354
65 1 288436
73 0 288444
73 1 288498
32 0 288528
32 1 288638
67 0 291428
73 0 291537
67 1 291551
73 1 291586
84 0 291855
84 1 291934
69 0 291954
69 1 292054
8 0 292425
8 0 292922
8 0 292951
8 0 292981
8 0 293012
8 0 293040
8 1 293070
8 0 293260
8 1 293320
8 0 293406
8 1 293495
16 0 293541
67 0 293659
16 1 293694
67 1 293744
73 0 293779
73 1 293834
84 0 293914
84 1 293988
73 0 294043
73 1 294093
84 0 294097
84 1 294147
32 0 294333
32 1 294442
80 0 294462
80 1 294532
69 0 294587
69 1 294646
78 0 294836
78 1 294916
84 0 294920
82 0 294975
84 1 295010
85 0 295020
82 1 295065
85 1 295105
32 0 295150
32 1 295249
68 0 295763
68 1 295838
8 0 296262
8 1 296517
68 0 297135
69 0 297199
68 1 297219
69 1 297304
90 0 297778
90 1 297878
86 0 298426
79 0 298481
86 1 298508
79 1 298532
76 0 298621
76 1 298700
84 0 298790
84 1 298885
65 0 298895
65 1 298970
82 0 299349
69 0 299434
82 1 299458
65 0 299473
69 1 299505
65 1 299574
8 0 303044
8 1 303138
32 0 303846
32 1 303950
83 0 304888
73 0 304953
83 1 304967
73 1 305003
32 0 305067
32 1 305152
73 0 305157
73 1 305212
77 0 305321
77 1 305396
66 0 305542
66 1 305601
85 0 305725
85 1 305770
78 0 305895
78 1 305970
65 0 305985
65 1 306089
84 0 306294
65 0 306349
84 1 306363
65 1 306438
84 0 306515
84 1 306598
73 0 306603
73 1 306643
82 0 306738
69 0 306802
82 1 306817
65 0 306887
69 1 306927
65 1 306992
32 0 306997
32 1 307081
70 0 307186
70 1 307271
85 0 307281
85 1 307345
78 0 307435
78 1 307516
67 0 307521
67 1 307576
84 0 307690
84 1 307759
73 0 307764
73 1 307824
79 0 307889
79 1 307964
78 0 308069
65 0 308103
78 1 308139
65 1 308193
82 0 308223
82 1 308293
73 0 308343
73 1 308393
73 0 308458
73 1 308523
32 0 308528
32 1 308612
67 0 308617
67 1 308722
82 0 308806
69 0 308866
82 1 308886
69 1 308961
73 0 309016
73 1 309060
69 0 309090
82 0 309170
69 1 309195
82 1 309255
85 0 309290
85 1 309350
76 0 309491
76 1 309565
85 0 309664
85 1 309724
73 0 309789
73 1 309863
188 0 309999
188 1 310058
32 0 310063
67 0 310162
32 1 310182
69 0 310252
67 1 310297
32 0 310322
69 1 310352
32 1 310416
84 0 310461
84 1 310542
79 0 310547
79 1 310611
84 0 310626
84 1 310706
73 0 310711
73 1 310771
32 0 310786
32 1 310885
65 0 310955
65 1 311070
82 0 311090
82 1 311174
32 0 311215
32 1 311294
84 0 311299
82 0 311354
84 1 311371
82 1 311454
69 0 311484
69 1 311573
66 0 311608
66 1 311698
85 0 311703
85 1 311743
73 0 311818
73 1 311892
32 0 311967
32 1 312062
83 0 312092
65 0 312172
83 1 312221
32 0 312256
65 1 312271
32 1 312361
70 0 312401
65 0 312446
70 1 312468
65 1 312531
67 0 312556
67 1 312665
69 0 312670
69 1 312745
77 0 312795
77 1 312840
188 0 317118
188 1 317207
32 0 317303
32 1 317412
83 0 320190
83 1 320260
79 0 320264
79 1 320329
67 0 320404
67 1 320485
73 0 320738
73 1 320797
65 0 320948
65 1 321032
76 0 321037
76 1 321107
73 0 321167
73 1 321246
90 0 321266
65 0 321346
90 1 321380
65 1 321452
82 0 321561
69 0 321595
82 1 321640
69 1 321705
32 0 321710
32 1 321810
8 0 322529
8 1 322587
188 0 322762
188 1 322837
32 0 322872
32 1 322971
80 0 325385
80 1 325480
76 0 325565
76 1 325644
73 0 325719
73 1 325784
77 0 325893
77 1 325978
65 0 325988
65 1 326092
66 0 326258
66 1 326322
82 0 326372
82 1 326447
73 0 326493
73 1 326561
32 0 326581
32 1 326676
73 0 326701
73 1 326765
78 0 326865
78 1 326935
32 0 326950
32 1 327049
65 0 327109
65 1 327214
69 0 327299
82 0 327359
69 1 327394
82 1 327479
32 0 327494
32 1 327608
76 0 327618
76 1 327708
73 0 327823
73 1 327892
66 0 328047
66 1 328122
69 0 328147
82 0 328226
69 1 328251
82 1 328306
188 0 329214
188 1 329284
32 0 329308
32 1 329408
69 0 329434
69 1 329523
88 0 329608
88 1 329692
80 0 329697
80 1 329747
69 0 329787
69 1 329877
68 0 330202
73 0 330297
68 1 330305
73 1 330366
84 0 330471
84 1 330555
73 0 330560
73 1 330605
73 0 330675
73 1 330744
188 0 331962
188 1 332026
32 0 332041
32 1 332120
76 0 332165
76 1 332245
85 0 332344
85 1 332420
67 0 332425
82 0 332481
67 1 332514
82 1 332574
85 0 332579
85 1 332643
82 0 332659
82 1 332748
73 0 332773
73 1 332838
32 0 332918
32 1 333027
67 0 333661
67 1 333746
65 0 333751
65 1 333820
82 0 333871
69 0 333930
82 1 333945
69 1 334015
32 0 334020
32 1 334069
70 0 334154
65 0 334194
70 1 334224
65 1 334279
67 0 334319
67 1 334414
32 0 334429
32 1 334499
66 0 334689
66 1 334763
73 0 334767
73 1 334812
78 0 334917
69 0 334967
78 1 334987
69 1 335031
32 0 335082
32 1 335161
65 0 335206
65 1 335321
84 0 335391
84 1 335436
65 0 335452
84 0 335510
65 1 335545
84 1 335600
65 0 335610
65 1 335645
32 0 335780
32 1 335861
76 0 336757
76 1 336817
8 0 337051
8 1 337111
8 0 337191
8 1 337250
8 0 337326
8 1 337401
32 0 337431
32 1 337544
76 0 337575
76 1 337639
8 0 338034
8 1 338098
84 0 338188
82 0 338243
84 1 338262
85 0 338298
82 1 338332
85 1 338372
80 0 338483
80 1 338562
85 0 338671
85 1 338726
76 0 338821
76 1 338906
85 0 338996
85 1 339060
73 0 339131
32 0 339180
73 1 339195
67 0 339291
32 1 339314
65 0 339359
67 1 339384
65 1 339445
84 0 339504
84 1 339578
32 0 339594
32 1 339663
83 0 339709
83 1 339803
73 0 339814
73 1 339873
32 0 339923
32 1 340022
83 0 340057
83 1 340147
85 0 340172
85 1 340232
70 0 340322
70 1 340392
76 0 340448
76 1 340521
69 0 340526
69 1 340690
84 0 341134
84 1 341209
85 0 341259
85 1 341319
76 0 341459
76 1 341533
85 0 341638
85 1 341693
73 0 341773
73 1 341838
32 0 341853
32 1 341947
83 0 341952
83 1 342017
73 0 342027
73 1 342086
32 0 342091
32 1 342181
80 0 342236
69 0 342283
80 1 342311
69 1 342375
32 0 342382
67 0 342451
32 1 342490
65 0 342520
67 1 342540
65 1 342620
82 0 342690
69 0 342730
82 1 342755
32 0 342795
69 1 342819
32 1 342854
69 0 344067
69 1 344150
32 0 344180
32 1 344245
66 0 344340
73 0 344396
66 1 344410
73 1 344465
78 0 344559
78 1 344634
69 0 344639
69 1 344704
32 0 344744
32 1 344808
83 0 344843
65 0 344888
83 1 344923
32 0 344968
65 1 344998
32 1 345038
80 0 345158
80 1 345222
85 0 345332
85 1 345393
78 0 345507
69 0 345531
69 1 345561
78 1 345571
77 0 345885
77 1 345965
32 0 346080
32 1 346149
65 0 346958
65 1 347057
67 0 347211
67 1 347311
67 0 347377
69 0 347486
67 1 347515
69 1 347590
78 0 348055
78 1 348109
84 0 348164
84 1 348229
32 0 348269
32 1 348348
8 0 354003
8 1 354076
190 0 354413
190 1 354481
16 0 361506
65 0 361586
16 1 361660
73 0 361665
65 1 361725
73 1 361735
67 0 361840
73 0 361884
67 1 361899
73 1 361939
32 0 362010
32 1 362124
65 0 362128
65 1 362218
82 0 362288
82 1 362369
32 0 362379
32 1 362452
70 0 362473
70 1 362547
73 0 362552
73 1 362602
32 0 362633
32 1 362737
77 0 362777
77 1 362862
85 0 362942
85 1 363006
76 0 363111
76 1 363180
84 0 363190
69 0 363246
84 1 363260
32 0 363310
69 1 363326
32 1 363381
68 0 363445
69 0 363494
68 1 363530
32 0 363574
69 1 363599
32 1 363654
90 0 363724
73 0 363794
90 1 363834
73 1 363858
67 0 363928
67 1 364024
8 0 364268
8 1 364333
83 0 364378
83 1 364447
188 0 364477
188 1 364552
32 0 364578
32 1 364676
78 0 364696
78 1 364756
85 0 364831
32 0 364891
85 1 364901
32 1 364986
83 0 364995
83 1 365070
84 0 365110
73 0 365175
84 1 365195
73 1 365229
85 0 365299
85 1 365365
32 0 365370
68 0 365449
32 1 365479
65 0 365484
68 1 365543
65 1 365593
67 0 365608
65 0 365683
67 1 365723
32 0 365778
65 1 365788
32 1 365858
69 0 366138
69 1 366166
8 0 366367
8 1 366431
83 0 366486
85 0 366566
83 1 366585
85 1 366641
78 0 366741
84 0 366760
78 1 366821
84 1 366865
32 0 366891
32 1 367010
69 0 367129
69 1 367199
85 0 367214
85 1 367284
32 0 367294
32 1 367423
67 0 367987
69 0 368057
67 1 368086
76 0 368116
69 1 368141
76 1 368181
32 0 368211
32 1 368312
77 0 368353
65 0 368382
77 1 368415
65 1 368485
73 0 368510
32 0 368556
73 1 368580
32 1 368645
73 0 368689
73 1 368764
78 0 368864
78 1 368939
32 0 368969
32 1 369048
77 0 369158
65 0 369208
77 1 369233
65 1 369293
83 0 369298
83 1 369408
85 0 369438
85 1 369502
82 0 369552
65 0 369613
82 1 369627
32 0 369677
65 1 369711
32 1 369751
83 0 369996
65 0 370051
83 1 370085
65 1 370150
32 0 370155
32 1 370225
67 0 370316
79 0 370381
67 1 370391
79 1 370449
77 0 370544
77 1 370629
69 0 370644
69 1 370714
78 0 370724
78 1 370804
84 0 370838
69 0 370884
84 1 370908
69 1 370983
90 0 371117
90 1 371202
188 0 374837
188 1 374897
32 0 374952
32 1 375057
68 0 375061
65 0 375131
68 1 375146
65 1 375226
82 0 375276
82 1 375352
32 0 375357
32 1 375445
83 0 375510
83 1 375585
73 0 375605
73 1 375665
83 0 375690
83 1 375749
84 0 375849
69 0 375899
84 1 375914
77 0 375939
69 1 375984
77 1 376018
85 0 376108
85 1 376163
76 0 376285
75 0 376294
75 1 376318
76 1 376338
32 0 376343
32 1 376452
8 0 377715
8 1 377784
8 0 377854
8 1 377923
32 0 377958
32 1 378092
69 0 378097
69 1 378172
68 0 378182
68 1 378272
85 0 378318
85 1 378382
67 0 378417
65 0 378472
67 1 378497
65 1 378566
84 0 378626
73 0 378677
84 1 378706
73 1 378756
79 0 378831
79 1 378891
78 0 378991
65 0 379015
78 1 379060
65 1 379109
76 0 379160
76 1 379234
32 0 379254
32 1 379350
69 0 379649
69 1 379723
32 0 379738
32 1 379842
67 0 379867
65 0 379907
67 1 379942
65 1 380017
77 0 380022
77 1 380092
32 0 380142
32 1 380246
76 0 380274
65 0 380332
76 1 380342
65 1 380426
32 0 380436
32 1 380550
80 0 380620
80 1 380665
65 0 380675
65 1 380770
77 0 381000
77 1 381069
65 0 381109
65 1 381209
78 0 381214
78 1 381275
84 0 381384
84 1 381443
188 0 381494
188 1 381568
8 0 382293
8 1 382347
190 0 382490
190 1 382571
32 0 383233
32 1 383343
16 0 383348
84 0 383572
16 1 383612
82 0 383637
84 1 383667
82 1 383732
69 0 383782
69 1 383877
66 0 383937
66 1 384026
85 0 384052
85 1 384115
73 0 384195
73 1 384271
69 0 384276
69 1 384336
32 0 384375
32 1 384504
82 0 384684
69 0 384724
82 1 384749
69 1 384804
70 0 384908
70 1 384998
79 0 385013
79 1 385077
82 0 385118
82 1 385187
77 0 385232
77 1 385298
69 0 385303
69 1 385382
188 0 385458
188 1 385532
32 0 385557
32 1 385651
82 0 385676
69 0 385731
82 1 385751
69 1 385810
70 0 385850
70 1 385940
79 0 385980
79 1 386045
82 0 386055
82 1 386135
77 0 386190
77 1 386260
69 0 386271
69 1 386350
188 0 386399
188 1 386474
32 0 386973
32 1 387057
82 0 387112
69 0 387177
82 1 387196
69 1 387253
70 0 387307
69 0 387381
70 1 387406
69 1 387476
79 0 387536
79 1 387606
82 0 387695
82 1 387765
77 0 387805
77 1 387885
69 0 387906
69 1 388005
188 0 388169
188 1 388251
32 0 388310
32 1 388398
65 0 388413
65 1 388518
84 0 388892
84 1 388972
65 0 389012
84 0 389066
65 1 389106
84 1 389166
32 0 389297
32 1 389375
68 0 389779
68 1 389849
73 0 389949
73 1 390019
78 0 390118
78 1 390198
32 0 390213
32 1 390309
80 0 390339
80 1 390418
85 0 390522
85 1 390582
78 0 390672
78 1 390767
67 0 390771
67 1 390832
84 0 390866
84 1 390926
32 0 390981
32 1 391075
68 0 391090
69 0 391160
68 1 391195
32 0 391220
69 1 391251
32 1 391336
86 0 391465
86 1 391534
69 0 391539
69 1 391614
68 0 391994
69 0 392053
68 1 392083
69 1 392143
82 0 392197
69 0 392258
82 1 392283
69 1 392347
32 0 392463
32 1 392532
65 0 394313
76 0 394392
65 1 394422
76 1 394451
32 0 394501
32 1 394610
67 0 394775
85 0 394835
67 1 394850
85 1 394900
82 0 394985
82 1 395055
73 0 395084
73 1 395154
76 0 395295
76 1 395379
8 0 395644
8 1 395713
67 0 395773
67 1 395843
85 0 395847
85 1 395907
76 0 396027
76 1 396112
69 0 396116
69 1 396181
73 0 396216
73 1 396282
188 0 396386
188 1 396455
32 0 396485
32 1 396575
65 0 396595
65 1 396689
76 0 396694
76 1 396764
32 0 396804
32 1 396904
80 0 396959
80 1 397033
82 0 397068
82 1 397128
79 0 397134
79 1 397213
71 0 397294
82 0 397338
71 1 397358
82 1 397412
65 0 397483
77 0 397557
65 1 397567
77 1 397627
69 0 397652
69 1 397737
73 0 397792
73 1 397857
32 0 397922
32 1 398041
83 0 398086
83 1 398180
67 0 398215
79 0 398281
67 1 398291
79 1 398345
65 0 398395
65 1 398484
76 0 398489
76 1 398559
82 0 398809
69 0 398874
82 1 398888
32 0 398959
69 1 398968
32 1 399038
67 0 399229
65 0 399283
67 1 399303
65 1 399377
84 0 399477
84 1 399541
32 0 399551
32 1 399631
83 0 399736
83 1 399821
73 0 399846
73 1 399900
32 0 399940
32 1 400030
76 0 400290
76 1 400344
65 0 400354
65 1 400429
32 0 400434
32 1 400514
83 0 400534
83 1 400608
73 0 400628
73 1 400688
83 0 400698
83 1 400793
84 0 400893
69 0 400927
84 1 400962
77 0 401013
69 1 401027
77 1 401082
32 0 401177
32 1 401262
65 0 401282
65 1 401386
68 0 401391
68 1 401446
77 0 401486
77 1 401561
73 0 401630
73 1 401700
78 0 401806
78 1 401870
73 0 401950
73 1 402010
83 0 402029
83 1 402099
84 0 402245
82 0 402269
84 1 402295
82 1 402343
65 0 402434
65 1 402523
84 0 402698
84 1 402767
73 0 402777
73 1 402847
86 0 402917
86 1 402997
190 0 422562
190 1 422627
32 0 422757
32 1 422885
16 0 422920
16 0 423419
16 0 423449
16 0 423479
16 0 423509
16 0 423539
16 0 423568
16 0 423599
16 0 423629
16 0 423659
69 0 423684
16 1 423738
69 1 423783
8 0 424023
8 1 424102
16 0 424122
67 0 424223
16 1 424267
67 1 424291
82 0 424417
69 0 424466
82 1 424486
69 1 424566
68 0 424631
32 0 424705
68 1 424720
32 1 424775
67 0 424800
65 0 424884
67 1 424899
32 0 424944
65 1 424974
32 1 425019
80 0 425150
80 1 425219
69 0 425224
69 1 425308
78 0 425388
78 1 425457
84 0 425508
82 0 425532
84 1 425568
82 1 425627
85 0 425632
85 1 425692
32 0 425697
32 1 425802
65 0 425842
32 0 425932
65 1 425946
32 1 426036
65 0 426202
65 1 426300
68 0 426305
85 0 426355
68 1 426374
85 1 426400
67 0 426495
69 0 426604
67 1 426624
69 1 426690
32 0 426694
32 1 426798
83 0 426903
83 1 426988
67 0 427214
67 1 427327
72 0 427442
72 1 427517
73 0 427522
73 1 427567
77 0 427676
66 0 427707
77 1 427751
66 1 427786
65 0 427976
65 1 428075
82 0 428110
82 1 428206
73 0 428210
73 1 428269
32 0 428339
32 1 428439
83 0 428988
83 1 429062
73 0 429087
73 1 429143
32 0 429168
32 1 429281
65 0 429301
65 1 429411
32 0 429416
32 1 429516
70 0 430069
65 0 430109
70 1 430140
65 1 430190
67 0 430225
69 0 430299
67 1 430339
69 1 430398
32 0 430403
32 1 430533
76 0 430777
76 1 430852
85 0 430957
67 0 431012
85 1 431028
82 0 431086
67 1 431106
82 1 431157
85 0 431167
85 1 431236
82 0 431246
82 1 431316
73 0 431341
73 1 431415
76 0 431666
76 1 431740
69 0 431910
69 1 431990
32 0 432020
32 1 432134
83 0 432204
65 0 432283
83 1 432308
32 0 432353
65 1 432372
32 1 432472
77 0 432517
77 1 432582
69 0 432592
69 1 432682
65 0 432687
65 1 432796
82 0 432801
82 1 432871
71 0 432961
71 1 433026
65 0 433031
65 1 433132
32 0 433136
32 1 433196
77 0 433320
65 0 433380
77 1 433390
65 1 433469
73 0 433499
73 1 433559
32 0 433579
32 1 433669
66 0 433744
73 0 433789
66 1 433819
73 1 433858
78 0 433953
78 1 434020
69 0 434023
69 1 434088
32 0 434129
32 1 434247
8 0 435844
8 1 435914
188 0 436038
188 1 436123
32 0 436128
32 1 436183
84 0 436237
84 1 436311
79 0 436316
79 1 436376
84 0 436391
84 1 436476
85 0 436511
85 1 436576
76 0 436701
76 1 436785
32 0 436790
32 1 436875
80 0 436895
80 1 436965
76 0 437065
76 1 437145
69 0 437155
69 1 437234
65 0 437239
65 1 437323
67 0 437413
65 0 437463
67 1 437488
65 1 437563
32 0 437608
32 1 437672
68 0 437737
69 0 437802
68 1 437822
69 1 437892
32 0 437897
32 1 437967
76 0 438153
76 1 438226
65 0 438236
65 1 438330
32 0 438355
32 1 438430
69 0 438759
69 1 438834
68 0 438949
68 1 439024
85 0 439029
85 1 439088
67 0 439154
65 0 439199
67 1 439213
65 1 439283
84 0 439367
84 1 439438
73 0 439452
73 1 439507
69 0 439602
69 1 439667
190 0 439752
190 1 439852
32 0 440197
32 1 440280
79 0 440351
79 1 440415
8 0 441313
8 1 441407
16 0 441711
85 0 441786
85 1 441850
16 1 441860
78 0 441975
78 1 442040
32 0 442060
32 1 442161
79 0 442165
79 1 442229
77 0 442320
77 1 442389
32 0 442464
32 1 442578
69 0 442683
69 1 442753
68 0 442863
68 1 442932
85 0 443002
85 1 443057
67 0 443128
67 1 443212
65 0 443216
65 1 443301
84 0 443392
84 1 443461
73 0 443521
73 1 443591
8 0 444079
8 1 444165
32 0 444234
32 1 444363
69 0 444429
69 1 444518
32 0 444523
32 1 444632
77 0 444812
77 1 444892
65 0 444902
65 1 444977
73 0 444996
73 1 445046
32 0 445066
32 1 445191
82 0 445750
69 0 445785
82 1 445809
69 1 445879
83 0 445949
83 1 446039
80 0 446044
80 1 446119
79 0 446179
79 1 446253
78 0 446388
78 1 446457
83 0 446478
65 0 446528
83 1 446557
65 1 446627
66 0 446737
73 0 446787
66 1 446811
73 1 446857
76 0 446958
76 1 447056
188 0 447231
188 1 447305
32 0 447416
32 1 447519
77 0 447654
77 1 447739
65 0 447749
73 0 447833
65 1 447848
73 1 447908
32 0 447958
32 1 448048
73 0 448352
73 1 448417
77 0 448517
77 1 448596
80 0 448691
80 1 448761
76 0 448836
76 1 448910
73 0 449005
73 1 449081
67 0 449116
67 1 449175
65 0 449179
65 1 449269
84 0 449354
84 1 449444
188 0 449484
188 1 449564
32 0 449604
32 1 449698
83 0 450916
83 1 450980
84 0 451110
84 1 451174
73 0 451189
73 1 451254
69 0 451274
69 1 451369
32 0 451378
32 1 451478
67 0 452366
65 0 452431
67 1 452451
65 1 452525
84 0 452605
84 1 452680
32 0 452694
32 1 452764
83 0 453253
65 0 453318
83 1 453348
32 0 453383
65 1 453419
32 1 453452
70 0 453522
65 0 453572
70 1 453597
65 1 453667
67 0 453697
65 0 453766
67 1 453781
32 0 453826
65 1 453836
32 1 453901
83 0 454190
83 1 454270
73 0 454295
73 1 454355
32 0 454395
32 1 454514
67 0 454579
69 0 454664
67 1 454704
69 1 454753
32 0 454758
32 1 454878
83 0 454960
65 0 455033
83 1 455079
32 0 455119
65 1 455144
32 1 455232
70 0 455297
65 0 455317
70 1 455392
65 1 455427
67 0 455452
65 0 455521
67 1 455561
65 1 455611
188 0 455686
188 1 455771
32 0 455801
67 0 455876
32 1 455910
65 0 455950
67 1 455990
78 0 456020
65 1 456050
78 1 456076
68 0 456131
68 1 456199
32 0 456249
32 1 456319
83 0 456324
65 0 456404
83 1 456444
65 1 456513
32 0 456534
32 1 456608
90 0 456753
73 0 456843
90 1 456863
73 1 456902
67 0 456957
67 1 457042
65 0 457058
65 1 457162
32 0 457192
32 1 457301
83 0 457306
83 1 457386
73 0 457406
73 1 457466
32 0 457471
32 1 457575
67 0 457620
69 0 457705
67 1 457735
69 1 457785
32 0 457895
32 1 457964
83 0 457995
65 0 458060
83 1 458090
65 1 458164
32 0 458224
32 1 458303
90 0 458389
90 1 458503
73 0 458543
73 1 458603
67 0 458638
65 0 458707
67 1 458724
65 1 458777
188 0 459137
188 1 459216
32 0 459256
32 1 459330
83 0 459335
83 1 459425
73 0 459430
73 1 459480
32 0 459515
32 1 459620
77 0 459625
77 1 459704
65 0 459709
65 1 459794
73 0 459799
73 1 459864
32 0 459869
65 0 459964
32 1 459984
65 1 460059
76 0 460089
76 1 460148
69 0 460153
69 1 460228
83 0 460317
83 1 460412
32 0 460417
32 1 460487
67 0 460537
67 1 460617
85 0 460622
85 1 460666
77 0 460771
77 1 460856
32 0 460861
32 1 460951
83 0 461096
65 0 461145
83 1 461180
65 1 461255
32 0 461260
32 1 461335
90 0 461380
90 1 461489
73 0 461539
73 1 461599
67 0 461669
65 0 461744
67 1 461758
65 1 461838
190 0 465204
190 1 465273
32 0 466216
32 1 466311
16 0 482246
65 0 482425
16 1 482470
83 0 482529
65 1 482544
65 0 482619
83 1 482664
65 1 482743
68 0 482869
65 0 482904
68 1 482948
65 1 483009
82 0 483073
82 1 483152
188 0 483941
188 1 484046
32 0 484085
32 1 484189
69 0 484608
69 1 484698
32 0 484703
32 1 484822
78 0 484892
78 1 484947
69 0 484957
69 1 485037
86 0 485097
86 1 485196
79 0 485206
79 1 485276
73 0 485356
73 1 485416
69 0 485431
69 1 485520
32 0 485575
32 1 485680
83 0 486973
65 0 487057
83 1 487086
65 1 487176
32 0 487181
32 1 487306
83 0 487396
83 1 487495
69 0 487545
69 1 487649
32 0 487654
32 1 487759
80 0 487884
80 1 487954
85 0 488073
85 1 488138
78 0 488223
65 0 488293
78 1 488307
65 1 488382
32 0 488387
32 1 488507
77 0 488532
65 0 488557
77 1 488602
65 1 488651
73 0 488696
73 1 488766
32 0 488776
32 1 488891
77 0 488926
77 1 489016
85 0 489105
85 1 489165
76 0 489265
76 1 489334
84 0 489339
84 1 489399
32 0 489454
32 1 489529
65 0 489559
65 1 489644
67 0 489783
67 1 489883
67 0 489938
69 0 490029
67 1 490062
69 1 490142
83 0 490212
83 1 490307
8 0 490641
8 1 490717
78 0 490850
78 1 490915
84 0 490920
84 1 490996
32 0 491031
32 1 491104
80 0 491204
69 0 491239
80 1 491269
69 1 491304
32 0 491384
32 1 491468
84 0 491503
82 0 491553
84 1 491578
82 1 491638
65 0 491718
78 0 491758
65 1 491797
78 1 491807
83 0 492416
83 1 492506
70 0 492795
79 0 492854
70 1 492880
79 1 492925
82 0 493059
82 1 493144
77 0 493199
77 1 493273
65 0 493303
65 1 493403
82 0 493444
69 0 493503
82 1 493528
65 0 493568
69 1 493598
65 1 493678
32 0 493713
32 1 493792
73 0 493886
73 1 493952
78 0 494046
78 1 494121
32 0 494141
32 1 494225
66 0 494391
66 1 494465
73 0 494470
73 1 494524
78 0 494614
69 0 494654
78 1 494684
69 1 494719
32 0 494789
65 0 494824
32 1 494854
65 1 494908
32 0 494979
32 1 495048
83 0 495053
83 1 495123
73 0 495183
73 1 495237
83 0 495252
83 1 495337
84 0 495417
69 0 495462
84 1 495492
77 0 495502
69 1 495547
77 1 495586
85 0 495681
85 1 495736
76 0 495836
76 1 495915
85 0 496021
85 1 496070
73 0 496145
73 1 496215
32 0 496230
32 1 496344
69 0 496439
69 1 496529
68 0 496584
68 1 496688
85 0 496694
85 1 496738
67 0 496788
65 0 496843
67 1 496868
65 1 496927
84 0 497008
73 0 497067
84 1 497082
73 1 497132
79 0 497212
79 1 497281
78 0 497381
78 1 497451
65 0 497466
65 1 497546
76 0 497561
76 1 497636
32 0 497726
32 1 497815
68 0 497875
68 1 497950
73 0 498000
73 1 498059
78 0 498169
78 1 498239
8 0 498958
8 1 499028
8 0 499111
8 1 499166
8 0 499551
8 1 499615
80 0 503615
80 1 503669
69 0 503704
69 1 503784
78 0 503823
78 1 503898
84 0 503913
82 0 503964
84 1 503994
85 0 504017
82 1 504053
85 1 504082
32 0 504112
32 1 504236
65 0 504251
65 1 504366
32 0 504372
32 1 504471
67 0 511562
67 1 511675
82 0 511820
69 0 511926
82 1 511945
69 1 512020
83 0 512239
83 1 512324
84 0 512449
69 0 512494
84 1 512513
69 1 512588
32 0 512593
32 1 512707
78 0 513825
78 1 513891
73 0 513970
73 1 514044
86 0 514049
86 1 514113
69 0 514118
69 1 514193
76 0 514198
76 1 514278
85 0 514383
85 1 514447
76 0 514558
76 1 514632
32 0 514672
32 1 514776
83 0 518831
83 1 518901
73 0 518906
73 1 518956
32 0 519004
32 1 519094
80 0 519104
69 0 519149
80 1 519164
69 1 519238
32 0 519243
32 1 519338
65 0 519373
76 0 519438
65 1 519483
76 1 519508
84 0 519597
69 0 519657
84 1 519677
69 1 519767
32 0 519774
32 1 519878
80 0 519933
80 1 519991
65 0 520011
65 1 520111
76 0 520126
76 1 520211
73 0 520290
73 1 520355
69 0 520390
69 1 520465
82 0 520485
69 0 520560
82 1 520580
69 1 520664
190 0 520755
190 1 520829
16 0 578557
16 1 578840
16 0 580076
73 0 580201
73 1 580276
16 1 580290
78 0 580396
78 1 580460
32 0 580526
32 1 580605
80 0 582785
80 1 582863
73 0 582969
67 0 583023
73 1 583048
67 1 583142
84 0 583328
85 0 583382
84 1 583392
85 1 583437
82 0 583517
65 0 583577
82 1 583593
65 1 583682
32 0 583713
32 1 583772
65 0 584639
65 1 584740
67 0 584780
69 0 584849
67 1 584873
69 1 584933
83 0 585023
83 1 585127
84 0 585218
65 0 585297
84 1 585306
65 1 585387
32 0 585417
32 1 585501
67 0 585581
67 1 585641
82 0 585776
69 0 585791
82 1 585835
69 1 585895
68 0 585966
68 1 586064
32 0 586084
32 1 586154
67 0 586174
67 1 586269
65 0 586274
32 0 586314
65 1 586343
32 1 586403
70 0 586473
70 1 586548
73 0 586553
73 1 586598
69 0 586603
69 1 586685
67 0 586714
65 0 586807
67 1 586817
65 1 586902
82 0 586922
69 0 587007
82 1 587022
32 0 587062
69 1 587086
32 1 587136
70 0 587266
65 0 587321
70 1 587341
65 1 587396
67 0 587456
69 0 587521
67 1 587541
69 1 587605
32 0 587610
32 1 587705
67 0 588219
65 0 588279
67 1 588303
65 1 588388
77 0 588394
77 1 588448
32 0 588563
32 1 588647
67 0 588922
69 0 589001
67 1 589031
69 1 589091
32 0 589100
32 1 589175
86 0 590069
86 1 590148
82 0 590153
82 1 590228
69 0 590288
69 1 590423
65 0 590427
65 1 590543
190 0 591016
190 1 591075
32 0 591175
32 1 591294
16 0 591455
16 0 591954
16 0 591983
16 0 592014
16 0 592044
16 0 592072
16 0 592102
16 0 592132
16 0 592163
16 0 592193
16 0 592223
16 0 592252
85 0 592267
85 1 592332
16 1 592352
78 0 592442
78 1 592512
73 0 592612
73 1 592687
73 0 592748
73 1 592816
32 0 592821
32 1 592925
83 0 592936
83 1 593050
84 0 593145
65 0 593194
84 1 593224
65 1 593289
85 0 593304
85 1 593359
32 0 593404
32 1 593534
68 0 593739
69 0 593808
68 1 593823
32 0 593868
69 1 593907
32 1 593957
86 0 593997
86 1 594077
79 0 594082
79 1 594137
82 0 594141
82 1 594226
66 0 594281
66 1 594341
65 0 594386
65 1 594476
188 0 594511
188 1 594591
32 0 595394
32 1 595503
65 0 595538
76 0 595643
65 1 595678
76 1 595733
84 0 595862
84 1 595957
73 0 596242
73 1 596291
73 0 596361
73 1 596436
32 0 596511
32 1 596630
76 0 597144
76 1 597219
69 0 597223
69 1 597288
78 0 597389
78 1 597453
69 0 597508
69 1 597607
86 0 598625
69 0 598685
86 1 598715
69 1 598779
83 0 598899
83 1 598978
67 0 598989
67 1 599123
187 0 599757
187 1 599836
8 0 599986
8 0 600484
8 0 600514
8 0 600546
8 0 600574
8 0 600604
8 0 600634
8 1 600654
8 0 607426
8 0 607925
8 0 607954
8 0 607983
8 0 608014
8 1 608043
8 0 611535
8 0 612033
8 0 612062
8 0 612092
8 0 612122
8 0 612152
8 0 612182
8 0 612212
8 0 612242
8 0 612272
8 0 612302
8 0 612332
8 1 612356
8 0 612751
8 0 613250
8 0 613279
8 0 613309
8 0 613339
8 0 613368
8 0 613399
8 0 613428
8 1 613454
8 0 613794
8 1 613868
8 0 613968
8 1 614023
8 0 614122
8 1 614197
16 0 642747
83 0 642812
73 0 642873
16 1 642892
83 1 642916
73 1 642936
78 0 643042
67 0 643091
78 1 643105
69 0 643170
67 1 643180
69 1 643245
82 0 643310
82 1 643375
32 0 643380
32 1 643450
78 0 643595
78 1 643669
73 0 643759
73 1 643829
67 0 643834
67 1 643918
73 0 643923
73 1 643999
32 0 644028
32 1 644118
78 0 644133
78 1 644197
85 0 644262
85 1 644337
32 0 644342
32 1 644442
77 0 644528
77 1 644603
65 0 644607
32 0 644687
65 1 644696
32 1 644796
80 0 644801
80 1 644870
82 0 644906
69 0 644956
82 1 644976
65 0 645015
69 1 645050
65 1 645140
32 0 645145
32 1 645244
76 0 645254
76 1 645304
8 0 645504
8 1 645590
85 0 645699
85 1 645783
73 0 645844
84 0 645878
73 1 645918
84 1 645953
32 0 645963
32 1 646062
76 0 646102
65 0 646147
76 1 646172
65 1 646262
32 0 646267
32 1 646361
69 0 646376
69 1 646451
73 0 646456
73 1 646511
32 0 646522
32 1 646646
65 0 646671
65 1 646760
67 0 646780
85 0 646855
67 1 646880
85 1 646915
77 0 647015
77 1 647089
32 0 647094
68 0 647159
32 1 647189
65 0 647204
68 1 647259
65 1 647294
67 0 647319
65 0 647374
67 1 647398
65 1 647463
32 0 647493
32 1 647569
65 0 647574
65 1 647653
73 0 647678
73 1 647738
32 0 647778
32 1 647867
90 0 647887
90 1 647997
73 0 648206
73 1 648261
83 0 648331
83 1 648406
32 0 648451
32 1 648566
67 0 648591
65 0 648660
67 1 648700
65 1 648775
32 0 648779
32 1 648894
8 0 649388
8 0 649887
8 0 649916
8 0 649946
8 0 649976
8 0 650007
8 0 650036
8 0 650066
8 0 650096
8 0 650126
8 0 650156
8 1 650185
8 0 650592
8 0 651088
8 0 651118
8 0 651148
8 0 651178
8 0 651208
8 0 651238
8 0 651268
8 0 651297
8 0 651328
8 0 651357
8 0 651387
8 0 651417
8 0 651447
8 0 651477
8 0 651508
8 0 651538
8 0 651568
8 0 651597
8 0 651627
8 0 651657
8 0 651686
8 0 651717
8 0 651746
8 0 651777
8 0 651807
8 0 651836
8 0 651866
8 0 651896
8 0 651926
8 0 651956
8 0 651985
8 0 652015
8 0 652045
8 0 652075
8 0 652106
8 0 652135
8 1 652155
8 0 652360
8 1 652430
8 0 652510
8 1 652590
8 0 652650
8 1 652734
8 0 652800
8 1 652879
8 0 652949
8 1 653023
16 0 653248
83 0 653418
16 1 653513
83 1 653553
84 0 654020
65 0 654080
84 1 654110
65 1 654175
85 0 654179
85 1 654234
32 0 654279
32 1 654384
76 0 654414
65 0 654444
76 1 654474
32 0 654530
65 1 654554
32 1 654633
67 0 654788
67 1 654833
8 0 655173
8 1 655262
84 0 655302
65 0 655362
84 1 655393
65 1 655457
67 0 655528
67 1 655606
76 0 655657
76 1 655716
65 0 656065
65 1 656169
76 0 656364
76 1 656443
69 0 656474
69 1 656544
32 0 656674
32 1 656787
8 0 656917
8 1 656977
188 0 657102
188 1 657176
32 0 657201
32 1 657296
80 0 657301
80 1 657346
79 0 657406
86 0 657451
79 1 657475
86 1 657531
69 0 657536
69 1 657615
83 0 657695
83 1 657785
84 0 657875
69 0 657935
84 1 657954
69 1 658024
83 0 658099
83 1 658193
67 0 658229
67 1 658313
188 0 658328
188 1 658423
32 0 658443
32 1 658543
65 0 658613
66 0 658652
66 1 658702
65 1 658722
82 0 659071
82 1 659141
8 0 659605
8 1 659685
8 0 659759
8 1 659835
8 0 659909
8 1 659984
8 0 660073
8 1 660148
32 0 660682
32 1 660802
70 0 662926
70 1 663001
73 0 663006
73 1 663055
69 0 663065
69 1 663145
67 0 663235
65 0 663305
67 1 663319
65 1 663394
82 0 663444
69 0 663515
82 1 663529
69 1 663589
32 0 663594
69 0 663693
32 1 663723
69 1 663793
32 0 663808
32 1 663918
80 0 663968
80 1 664042
82 0 664082
69 0 664122
82 1 664147
69 1 664207
79 0 664252
79 1 664322
67 0 664497
85 0 664577
67 1 664595
85 1 664646
80 0 664766
80 1 664836
65 0 664840
65 1 664936
84 0 664981
84 1 665055
32 0 665065
32 1 665139
68 0 665279
69 0 665338
68 1 665369
32 0 665394
69 1 665433
32 1 665484
65 0 666177
76 0 666266
65 1 666281
76 1 666331
84 0 666386
84 1 666463
67 0 666621
69 0 666686
67 1 666725
69 1 666780
86 0 666810
65 0 666885
86 1 666905
65 1 667005
32 0 667040
32 1 667159
80 0 667219
80 1 667288
82 0 667303
82 1 667368
79 0 667398
79 1 667453
66 0 667598
66 1 667678
65 0 667713
65 1 667787
66 0 667908
66 1 667992
73 0 668007
73 1 668056
76 0 668156
76 1 668231
188 0 668392
188 1 668461
83 0 671802
83 1 671901
69 0 671957
69 1 672061
32 0 672065
32 1 672160
79 0 672165
79 1 672220
66 0 672280
66 1 672354
73 0 672385
73 1 672434
8 0 672679
8 1 672744
8 0 672804
8 1 672853
68 0 672888
68 1 672948
73 0 672983
73 1 673038
72 0 673188
72 1 673242
78 0 673363
78 1 673428
69 0 673458
69 1 673542
83 0 673612
67 0 673701
83 1 673716
188 0 673761
67 1 673796
188 1 673836
32 0 673891
77 0 673971
32 1 673990
77 1 674035
69 0 674075
69 1 674145
68 0 674210
73 0 674270
68 1 674314
73 1 674324
84 0 674849
84 1 674913
69 0 674918
65 0 674963
69 1 674982
65 1 675062
90 0 675233
65 0 675322
90 1 675361
65 1 675422
188 0 675528
188 1 675611
32 0 676385
32 1 676479
32 0 689594
16 0 689692
32 1 689692
79 0 689787
16 1 689812
79 1 689857
65 0 689882
65 1 689967
77 0 690007
77 1 690081
69 0 690126
78 0 690181
69 1 690206
78 1 690256
73 0 690361
73 1 690427
73 0 690492
73 1 690565
32 0 690585
32 1 690714
8 0 690914
8 0 691414
8 0 691444
8 0 691473
8 0 691503
8 0 691532
8 1 691552
8 0 691767
8 1 691847
8 0 691927
8 1 691991
8 0 692085
8 1 692151
16 0 692690
73 0 692790
16 1 692855
73 1 692864
78 0 692964
78 1 693024
32 0 693028
32 1 693128
86 0 693297
82 0 693372
86 1 693389
82 1 693453
69 0 693528
77 0 693592
69 1 693602
77 1 693647
69 0 693681
69 1 693792
65 0 693796
32 0 693846
65 1 693891
32 1 693926
82 0 694041
69 0 694096
82 1 694115
69 1 694190
83 0 694260
83 1 694340
80 0 694370
80 1 694426
69 0 694430
69 1 694490
67 0 694529
67 1 694614
84 0 694714
84 1 694774
73 0 694779
73 1 694813
86 0 694898
65 0 694963
86 1 694993
65 1 695077
32 0 695108
80 0 695173
32 1 695208
80 1 695247
82 0 695277
82 1 695347
79 0 695352
79 1 695423
66 0 695508
65 0 695587
66 1 695601
65 1 695651
8 0 695882
8 1 695941
8 0 696046
8 1 696085
8 0 696164
8 1 696240
8 0 696309
8 1 696381
8 0 696659
8 1 696728
77 0 696993
77 1 697062
65 0 697102
65 1 697187
73 0 697232
73 1 697282
32 0 697357
77 0 697443
32 1 697476
77 1 697531
85 0 697641
85 1 697691
76 0 697826
76 1 697905
84 0 698041
84 1 698110
32 0 698474
32 1 698569
68 0 698598
69 0 698663
68 1 698688
69 1 698768
67 0 698978
67 1 699057
65 0 699062
65 1 699137
84 0 699192
84 1 699251
32 0 699266
32 1 699341
83 0 699361
83 1 699442
73 0 699457
73 1 699520
71 0 699525
71 1 699595
85 0 699630
85 1 699685
82 0 699700
82 1 699760
32 0 699855
32 1 699959
86 0 700049
86 1 700119
73 0 700124
73 1 700169
65 0 700194
65 1 700303
84 0 700329
65 0 700410
84 1 700419
65 1 700503
32 0 700508
32 1 700583
69 0 700633
69 1 700723
82 0 700757
82 1 700847
65 0 700852
65 1 700932
32 0 700952
32 1 701016
77 0 701106
77 1 701176
65 0 701196
73 0 701268
65 1 701281
73 1 701326
32 0 701346
83 0 701407
32 1 701431
83 1 701495
73 0 701505
73 1 701570
77 0 701670
77 1 701735
80 0 701830
80 1 701894
76 0 701964
76 1 702034
65 0 702049
65 1 702139
188 0 702204
188 1 702259
32 0 702319
32 1 702434
78 0 702498
78 1 702573
85 0 702658
85 1 702712
32 0 702787
32 1 702881
65 0 705002
65 1 705125
86 0 705181
86 1 705240
69 0 705270
65 0 705350
69 1 705366
65 1 705441
32 0 705446
32 1 705514
65 0 705624
65 1 705729
84 0 705804
84 1 705858
65 0 705874
65 1 705968
84 0 705988
84 1 706043
69 0 706063
65 0 706128
69 1 706153
32 0 706208
65 1 706222
32 1 706287
80 0 706408
80 1 706487
82 0 706497
69 0 706547
82 1 706571
79 0 706617
69 1 706637
79 1 706687
67 0 706847
67 1 706931
85 0 706951
85 1 707016
80 0 707151
65 0 707195
80 1 707220
65 1 707295
82 0 707314
82 1 707386
73 0 707426
73 1 707484
32 0 707489
32 1 707584
83 0 707589
83 1 707678
73 0 707718
73 1 707778
32 0 707783
32 1 707898
65 0 707903
65 1 707998
67 0 708008
67 1 708097
84 0 708207
84 1 708267
73 0 708292
73 1 708358
86 0 708392
86 1 708481
73 0 708506
73 1 708566
84 0 708636
84 1 708706
65 0 708746
65 1 708830
84 0 708850
84 1 708935
73 0 709040
73 1 709100
188 0 709779
188 1 709838
32 0 709888
32 1 709972
65 0 712383
65 1 712490
86 0 712576
69 0 712636
86 1 712665
65 0 712735
69 1 712770
65 1 712839
85 0 713379
85 1 713433
32 0 713598
32 1 713697
65 0 713777
76 0 713862
65 1 713891
76 1 713936
84 0 714046
69 0 714106
84 1 714146
69 1 714215
32 0 714376
32 1 714495
80 0 716396
80 1 716470
82 0 718030
73 0 718095
82 1 718115
73 1 718165
79 0 718280
79 1 718365
82 0 718509
82 1 718579
73 0 718584
73 1 718639
84 0 718844
65 0 718914
84 1 718933
65 1 719033
84 0 719038
84 1 719118
73 0 719122
73 1 719182
188 0 721806
188 1 721910
32 0 722214
32 1 722344
83 0 723511
83 1 723580
69 0 723685
69 1 723750
32 0 723765
32 1 723869
73 0 723874
73 1 723954
78 0 724049
78 1 724114
84 0 724118
65 0 724153
84 1 724188
65 1 724258
77 0 724263
77 1 724339
80 0 724438
80 1 724513
76 0 724588
65 0 724637
76 1 724667
65 1 724737
85 0 724807
85 1 724862
32 0 724892
32 1 724996
76 0 725181
76 1 725250
85 0 725346
67 0 725376
85 1 725410
82 0 725445
67 1 725470
82 1 725530
85 0 725545
85 1 725614
82 0 725619
82 1 725679
73 0 725714
73 1 725779
76 0 725874
76 1 725943
69 0 725954
69 1 726048
32 0 726053
32 1 726163
77 0 726268
77 1 726348
65 0 726358
73 0 726427
65 1 726447
73 1 726492
32 0 726512
32 1 726622
76 0 726996
76 1 727065
69 0 727110
69 1 727205
78 0 727301
78 1 727356
84 0 727386
84 1 727464
188 0 735772
188 1 735877
32 0 736001
32 1 736130
73 0 744734
65 0 744773
73 1 744797
82 0 744857
65 1 744877
82 1 744952
32 0 744977
79 0 745032
32 1 745056
79 1 745101
65 0 745131
65 1 745221
77 0 745248
77 1 745317
69 0 745321
69 1 745390
78 0 745415
78 1 745475
73 0 745581
73 1 745645
73 0 745700
73 1 745764
32 0 745814
32 1 745924
80 0 748264
80 1 748352
82 0 748438
82 1 748512
79 0 748523
79 1 748582
66 0 748756
66 1 748816
65 0 748821
65 1 748916
66 0 748941
66 1 749026
73 0 749050
73 1 749110
76 0 749220
76 1 749306
32 0 749360
32 1 749459
69 0 749484
69 1 749574
82 0 749809
82 1 749888
65 0 749929
65 1 750013
85 0 750018
85 1 750077
32 0 750172
32 1 750278
77 0 751764
77 1 751829
65 0 751838
65 1 751962
73 0 751968
73 1 752012
32 0 752052
32 1 752151
70 0 752277
69 0 752341
70 1 752376
69 1 752441
82 0 752481
82 1 752560
73 0 752565
73 1 752615
67 0 752690
73 0 752760
67 1 752795
73 1 752820
84 0 753019
73 0 753094
84 1 753104
73 1 753159
8 0 754715
8 0 755214
8 0 755244
8 0 755274
8 0 755304
8 0 755333
8 0 755363
8 0 755393
8 1 755407
68 0 758272
68 1 758350
70 0 758485
70 1 758524
8 0 758879
8 1 758953
73 0 759109
73 1 759163
70 0 759228
70 1 759317
69 0 759322
69 1 759407
82 0 759437
82 1 759522
73 0 759532
73 1 759601
84 0 759772
84 1 759846
73 0 761381
73 1 761446
32 0 761566
32 1 761685
70 0 761900
65 0 761965
70 1 761975
65 1 762059
84 0 762494
65 0 762568
84 1 762588
65 1 762663
32 0 762713
32 1 762798
68 0 762892
69 0 762962
68 1 762982
32 0 763037
69 1 763062
32 1 763122
67 0 763202
69 0 763267
67 1 763301
69 1 763361
73 0 763391
73 1 763451
32 0 763531
32 1 763655
68 0 764897
69 0 764972
68 1 765006
32 0 765081
69 1 765096
32 1 765217
65 0 766393
83 0 766472
65 1 766542
83 1 766587
84 0 766642
65 0 766702
84 1 766717
65 1 766801
90 0 766921
90 1 766991
73 0 767450
73 1 767554
188 0 767689
188 1 767779
8 0 768283
8 1 768352
190 0 768503
190 1 768577
32 0 770122
32 1 770217
16 0 770253
16 1 770536
16 0 770551
84 0 770790
16 1 770825
84 1 770860
79 0 770950
79 1 771005
84 0 771009
84 1 771084
85 0 771514
85 1 771578
76 0 771708
32 0 771763
76 1 771782
32 1 771847
70 0 771857
70 1 771957
73 0 771972
73 1 772042
73 0 772116
73 1 772192
78 0 772296
78 1 772376
68 0 772421
68 1 772500
32 0 772516
32 1 772615
77 0 772695
65 0 772750
77 1 772774
65 1 772849
73 0 772864
32 0 772894
73 1 772924
32 1 773014
83 0 773019
83 1 773124
73 0 773128
73 1 773184
77 0 773278
77 1 773358
80 0 773462
80 1 773537
76 0 773597
76 1 773682
85 0 773807
32 0 773842
85 1 773861
32 1 773936
80 0 773996
69 0 774076
80 1 774086
32 0 774140
69 1 774150
32 1 774256
86 0 774425
86 1 774484
82 0 774574
69 0 774629
82 1 774644
77 0 774684
69 1 774709
77 1 774764
69 0 774784
65 0 774903
69 1 774923
32 0 774983
65 1 775003
32 1 775058
82 0 775233
69 0 775287
82 1 775302
69 1 775377
83 0 775452
83 1 775537
80 0 775556
80 1 775631
69 0 775636
69 1 775706
67 0 775711
67 1 775821
84 0 775900
84 1 775960
73 0 775975
73 1 776035
86 0 776125
65 0 776155
86 1 776201
65 1 776299
188 0 776664
188 1 776748
32 0 776753
32 1 776853
83 0 776858
83 1 776947
73 0 776962
73 1 777027
32 0 777063
32 1 777168
78 0 777188
78 1 777257
85 0 777336
85 1 777391
32 0 777406
32 1 777521
65 0 780215
65 1 780303
65 0 780378
65 1 780498
8 0 781565
8 1 781700
8 0 781780
8 1 781854
69 0 782123
82 0 782214
69 1 782228
82 1 782278
65 0 782613
65 1 782721
32 0 782872
32 1 782941
84 0 783191
84 1 783231
79 0 783255
79 1 783324
84 0 783330
84 1 783419
85 0 783574
85 1 783634
76 0 783738
32 0 783778
76 1 783823
32 1 783898
65 0 783913
83 0 783993
65 1 784017
65 0 784087
83 1 784122
65 1 784193
32 0 784223
32 1 784307
68 0 784401
69 0 784466
68 1 784491
32 0 784516
69 1 784566
32 1 784586
68 0 785454
69 0 785493
68 1 785528
69 1 785598
90 0 785713
90 1 785852
86 0 786107
79 0 786157
86 1 786192
79 1 786222
76 0 786311
76 1 786396
84 0 786421
65 0 786461
84 1 786485
84 0 786570
65 1 786585
84 1 786650
32 0 787015
83 0 787094
32 1 787124
73 0 787165
83 1 787195
73 1 787214
32 0 787263
32 1 787378
73 0 789512
73 1 789587
78 0 789712
78 1 789776
84 0 789836
69 0 789891
84 1 789926
69 1 789991
83 0 790540
65 0 790620
83 1 790650
65 1 790724
84 0 790774
84 1 790854
32 0 790859
32 1 790903
68 0 791003
68 1 791083
69 0 791087
32 0 791149
69 1 791173
32 1 791213
84 0 791751
69 0 791806
84 1 791830
69 1 791900
72 0 792030
72 1 792095
78 0 792215
78 1 792279
66 0 792778
79 0 792828
66 1 792843
79 1 792902
8 0 793267
8 1 793336
8 0 793401
8 1 793466
79 0 793585
79 1 793651
76 0 794364
76 1 794444
79 0 794504
79 1 794588
71 0 794688
71 1 794768
73 0 794773
73 1 794832
69 0 794917
69 1 795002
188 0 796851
188 1 796907
32 0 796947
32 1 797031
80 0 797051
80 1 797116
82 0 797176
79 0 797225
82 1 797245
79 1 797295
66 0 797450
65 0 797464
66 1 797495
65 1 797559
66 0 798567
73 0 798632
66 1 798656
73 1 798697
76 0 798812
76 1 798891
32 0 798951
32 1 799045
83 0 799429
83 1 799509
69 0 799579
69 1 799668
32 0 799673
32 1 799783
83 0 799804
73 0 799868
83 1 799893
73 1 799927
77 0 800027
77 1 800108
84 0 800197
69 0 800242
84 1 800267
69 1 800346
65 0 800356
65 1 800456
85 0 800690
85 1 800755
32 0 800865
32 1 800950
83 0 801125
83 1 801189
73 0 801214
73 1 801274
32 0 801284
32 1 801388
69 0 801423
69 1 801563
82 0 801568
65 0 801633
82 1 801658
85 0 801722
65 1 801737
85 1 801782
32 0 801867
32 1 801977
77 0 802162
77 1 802236
65 0 802271
65 1 802336
73 0 802351
73 1 802405
32 0 802471
32 1 802575
8 0 804904
8 0 805402
8 0 805433
8 0 805462
8 0 805491
8 0 805521
8 0 805552
8 0 805581
8 0 805611
8 0 805641
8 0 805671
8 0 805701
8 0 805731
8 0 805761
8 1 805776
8 0 806171
8 1 806390
8 0 806449
8 1 806464
8 0 806625
8 1 806728
8 0 806844
8 1 806898
8 0 806994
8 1 807067
8 0 807173
8 1 807227
8 0 807332
8 1 807431
8 0 807492
8 1 807596
8 0 807926
8 1 808016
83 0 810015
73 0 810079
83 1 810110
73 1 810149
32 0 810263
32 1 810358
80 0 810378
80 1 810438
69 0 810608
69 1 810707
78 0 810772
78 1 810852
84 0 810877
82 0 810916
84 1 810941
85 0 810986
82 1 811016
85 1 811076
32 0 811117
32 1 811245
69 0 811290
69 1 811385
73 0 811415
73 1 811489
32 0 811515
32 1 811614
69 0 818236
69 1 818315
82 0 818331
65 0 818415
82 1 818440
65 1 818515
32 0 818530
32 1 818629
77 0 818725
77 1 818794
65 0 818799
65 1 818879
73 0 818888
73 1 818958
32 0 818963
83 0 819049
32 1 819064
83 1 819138
79 0 819153
79 1 819227
76 0 819307
76 1 819392
73 0 819467
67 0 819532
73 1 819547
67 1 819636
73 0 819647
73 1 819721
78 0 819851
78 1 819921
84 0 819956
65 0 820010
84 1 820041
65 1 820121
8 0 820434
8 1 820499
8 0 820574
8 1 820659
8 0 821442
8 1 821521
84 0 821592
65 0 821656
84 1 821675
65 1 821766
78 0 821820
78 1 821855
84 0 822140
84 1 822234
8 0 823795
8 0 824293
8 0 824323
8 0 824353
8 0 824383
8 0 824413
8 0 824443
8 0 824473
8 0 824503
8 0 824532
8 0 824562
8 0 824592
8 0 824622
8 0 824652
8 0 824682
8 0 824712
8 0 824742
8 0 824772
8 0 824802
8 0 824832
8 0 824862
8 0 824892
8 0 824923
8 0 824952
8 0 824981
8 0 825011
8 0 825042
8 0 825072
8 0 825102
8 0 825131
8 0 825161
8 0 825191
8 0 825221
8 0 825251
8 0 825280
8 0 825311
8 0 825340
8 1 825350
8 0 825665
8 1 825775
8 0 825859
8 1 825944
8 0 826244
8 1 826338
8 0 826418
8 1 826518
8 0 826718
8 1 826821
190 0 827360
190 1 827450
32 0 827475
16 0 827535
32 1 827584
65 0 827619
16 1 827704
65 1 827733
77 0 827738
77 1 827798
32 0 827804
32 1 827928
83 0 827948
83 1 828069
67 0 828073
67 1 828162
82 0 828253
82 1 828332
73 0 828337
73 1 828377
83 0 828437
83 1 828531
32 0 828536
32 1 828666
83 0 828681
83 1 828771
73 0 828776
32 0 828825
73 1 828840
32 1 828935
69 0 828965
85 0 829026
69 1 829051
85 1 829096
32 0 829106
32 1 829214
67 0 829344
67 1 829519
69 0 829523
69 1 829598
32 0 829614
32 1 829743
77 0 829909
77 1 829978
73 0 830063
73 1 830132
189 0 830296
189 1 830366
65 0 830401
65 1 830526
32 0 830531
32 1 830640
86 0 830970
69 0 831045
86 1 831085
78 0 831109
69 1 831149
78 1 831169
73 0 831269
73 1 831333
84 0 831378
84 1 831433
32 0 832013
73 0 832082
32 1 832106
73 1 832151
78 0 832261
78 1 832321
32 0 832325
32 1 832431
77 0 832435
77 1 832500
73 0 832590
73 1 832655
78 0 832755
78 1 832824
84 0 832839
69 0 832884
84 1 832914
69 1 832984
32 0 833817
32 1 833926
76 0 833931
76 1 833982
69 0 833999
69 1 834076
71 0 834250
65 0 834310
71 1 834330
65 1 834415
84 0 834445
84 1 834529
32 0 834589
32 1 834669
68 0 834759
69 0 834834
68 1 834859
32 0 834888
69 1 834908
32 1 834963
80 0 835707
80 1 835806
73 0 835916
67 0 835966
73 1 835985
67 1 836061
84 0 836160
85 0 836220
84 1 836235
85 1 836304
82 0 836349
65 0 836424
82 1 836444
65 1 836519
190 0 836684
190 1 836778
37 0 843195
37 1 843265
46 0 843844
46 1 843893
46 0 843998
46 1 844127
46 0 844152
46 1 844261
46 0 844271
46 0 844770
46 0 844800
46 0 844830
46 0 844860
46 0 844890
46 0 844920
46 0 844949
46 0 844980
46 0 845010
46 1 845040
46 0 845204
46 1 845278
46 0 845373
46 1 845423
8 0 845608
8 1 845702
8 0 845777
8 1 845857
8 0 845942
8 1 846017
8 0 846156
8 1 846236
46 0 847806
46 1 847876
84 0 848555
69 0 848614
84 1 848634
69 1 848709
32 0 848809
32 1 848873
65 0 848955
83 0 849039
65 1 849058
65 0 849132
83 1 849172
32 0 849217
65 1 849247
32 1 849297
82 0 849417
65 0 849467
82 1 849501
80 0 849531
65 1 849576
80 1 849616
73 0 849716
73 1 849795
68 0 849830
68 1 849930
