16 0 31682
65 0 31926
16 1 32011
65 1 32085
70 0 32130
70 1 32215
65 0 32250
65 1 32329
82 0 32393
82 1 32454
65 0 32463
65 1 32538
32 0 32908
32 1 32965
80 0 33294
80 1 33365
76 0 33464
76 1 33544
79 0 33646
79 1 33715
85 0 33865
85 1 33921
65 0 34022
65 1 34125
188 0 35594
188 1 35660
32 0 35802
32 1 35871
67 0 35962
67 1 36047
85 0 36079
85 1 36145
77 0 36263
77 1 36348
32 0 36446
32 1 36511
83 0 36534
83 1 36624
80 0 36714
80 1 36775
85 0 36954
85 1 37021
78 0 37478
78 1 37543
69 0 37585
69 1 37646
65 0 37794
65 1 37887
32 0 37926
32 1 37992
85 0 38145
85 1 38213
78 0 38323
78 1 38398
32 0 38501
32 1 38567
67 0 38585
67 1 38662
76 0 38748
76 1 38819
65 0 38841
83 0 38944
65 1 39000
83 1 39089
73 0 39098
73 1 39163
67 0 39597
67 1 39733
32 0 40671
32 1 40802
73 0 41514
73 1 41584
78 0 41715
78 1 41785
32 0 41892
32 1 41972
86 0 42065
86 1 42150
73 0 42214
73 1 42280
65 0 42379
65 1 42487
84 0 42545
84 1 42601
65 0 42624
65 1 42713
190 0 43508
190 1 43570
190 0 43652
190 1 43708
190 0 43783
190 1 43840
32 0 44093
32 1 44136
16 0 48943
70 0 49434
16 1 49509
70 1 49565
73 0 49708
73 1 49770
73 0 49828
73 1 49898
78 0 50043
78 1 50118
68 0 50218
68 1 50312
32 0 50516
32 1 50582
78 0 50976
78 1 51028
65 0 51055
83 0 51205
65 1 51299
83 1 51349
67 0 51623
67 1 51699
85 0 53658
85 1 53719
84 0 53752
84 1 53823
65 0 54011
65 1 54137
32 0 54160
32 1 54231
84 0 54394
84 1 54474
79 0 54560
79 1 54622
65 0 54726
65 1 54847
77 0 54887
77 1 54967
78 0 55124
78 1 55191
65 0 55267
65 1 55390
188 0 56502
188 1 56573
32 0 56831
32 1 56887
73 0 59598
73 1 59655
77 0 59793
77 1 59868
73 0 59977
73 1 60043
32 0 60180
32 1 60245
80 0 60407
80 1 60481
76 0 60570
76 1 60645
65 0 60726
65 1 60847
67 0 61014
67 1 61084
32 0 61178
32 1 61247
90 0 61462
73 0 61612
90 1 61615
73 1 61678
76 0 61845
76 1 61929
69 0 61952
69 1 62013
76 0 62081
69 0 62146
76 1 62160
69 1 62226
32 0 62373
32 1 62429
73 0 66446
73 1 66507
78 0 66629
78 1 66704
32 0 66823
32 1 66893
67 0 66974
65 0 67062
67 1 67147
65 1 67232
82 0 67415
69 0 67504
82 1 67589
69 1 67678
32 0 67739
32 1 67815
80 0 68470
80 1 68545
76 0 68642
76 1 68745
79 0 68890
79 1 68974
85 0 69124
85 1 69195
65 0 69573
65 1 69723
32 0 71734
32 1 71804
83 0 71937
65 0 72048
83 1 72143
85 0 72208
65 1 72241
85 1 72283
32 0 72480
32 1 72554
67 0 72987
67 1 73114
69 0 73297
69 1 73396
76 0 73473
76 1 73562
69 0 73590
69 1 73669
32 0 73737
32 1 73802
67 0 73907
67 1 74024
85 0 74052
85 1 74127
32 0 74291
67 0 74366
32 1 74369
67 1 74469
69 0 74598
69 1 74688
65 0 74955
65 1 75057
84 0 75110
84 1 75194
65 0 75242
65 1 75356
188 0 75759
188 1 75829
32 0 75949
32 1 76015
80 0 76304
80 1 76379
82 0 76529
69 0 76594
82 1 76654
69 1 76730
70 0 76849
69 0 76913
70 1 76984
69 1 77059
82 0 77191
82 1 77317
65 0 77563
65 1 77694
84 0 77832
69 0 77973
84 1 77977
69 1 78123
76 0 78189
76 1 78268
69 0 78296
69 1 78394
32 0 78901
32 1 78986
77 0 79118
77 1 79192
69 0 79220
69 1 79299
76 0 79380
76 1 79442
69 0 79470
69 1 79544
32 0 79698
32 1 79755
8 0 80185
8 1 80265
190 0 80469
190 1 80539
32 0 80714
32 1 80751
16 0 89069
90 0 89349
16 1 89437
73 0 89493
90 1 89526
73 1 89569
76 0 89722
69 0 89821
76 1 89824
69 1 89905
76 0 89966
69 0 90032
76 1 90042
69 1 90092
32 0 90259
32 1 90319
84 0 90654
84 1 90734
82 0 90837
69 0 90898
82 1 90960
69 1 91015
67 0 91137
67 1 91245
85 0 91284
85 1 91354
84 0 91450
84 1 91563
69 0 91733
69 1 91864
32 0 92005
32 1 92094
65 0 92263
65 1 92403
85 0 92484
85 1 92551
32 0 92709
32 1 92784
70 0 92806
70 1 92883
79 0 92990
79 1 93055
83 0 93064
83 1 93172
84 0 93315
84 1 93385
32 0 93418
32 1 93484
76 0 93680
76 1 93736
65 0 93785
65 1 93893
32 0 93896
32 1 93962
70 0 94144
69 0 94242
70 1 94293
69 1 94396
76 0 94540
76 1 94606
188 0 94778
188 1 94844
32 0 94979
32 1 95031
80 0 98834
80 1 98898
79 0 98991
79 1 99061
65 0 99491
65 1 99607
84 0 99685
84 1 99746
69 0 99832
69 1 99920
32 0 99983
32 1 100047
80 0 100364
80 1 100438
85 0 100624
85 1 100694
84 0 100773
84 1 100856
73 0 100923
73 1 100987
78 0 101120
78 1 101189
32 0 101272
32 1 101327
77 0 101475
77 1 101559
65 0 101654
73 0 101756
65 1 101764
73 1 101808
32 0 101983
32 1 102073
82 0 102076
69 0 102146
82 1 102222
69 1 102292
67 0 102457
67 1 102584
73 0 102648
73 1 102742
188 0 104637
188 1 104726
32 0 104972
32 1 105023
68 0 105487
68 1 105595
65 0 105744
65 1 105893
82 0 106050
82 1 106148
32 0 106579
32 1 106705
73 0 107930
73 1 107991
78 0 108132
78 1 108198
32 0 108320
32 1 108380
67 0 108526
67 1 108634
79 0 108687
79 1 108747
77 0 108886
77 1 108952
80 0 109129
80 1 109193
65 0 109307
65 1 109462
82 0 109597
82 1 109661
65 0 109801
65 1 109937
84 0 110059
84 1 110138
73 0 110212
73 1 110277
69 0 110340
69 1 110439
32 0 110540
32 1 110600
67 0 111063
67 1 111189
85 0 111277
85 1 111348
32 0 111622
32 1 111664
65 0 113344
65 1 113532
76 0 113559
76 1 113648
84 0 113809
84 1 113893
69 0 117566
69 1 117660
32 0 117757
32 1 117832
90 0 118094
90 1 118240
73 0 118243
73 1 118309
76 0 118480
76 1 118554
69 0 118596
69 1 118694
32 0 118809
32 1 118874
68 0 119407
68 1 119510
73 0 119545
73 1 119618
78 0 119766
78 1 119844
32 0 119965
32 1 120020
80 0 122014
80 1 122094
69 0 122222
82 0 122339
69 1 122423
73 0 122493
82 1 122503
73 1 122563
79 0 122679
79 1 122748
65 0 122766
65 1 122898
68 0 124265
68 1 124373
65 0 124552
65 1 124692
32 0 124798
32 1 124859
65 0 124915
65 1 125003
67 0 125164
69 0 125309
67 1 125342
69 1 125454
65 0 125601
83 0 125713
65 1 125807
83 1 125862
84 0 125881
84 1 125951
65 0 125988
65 1 126087
32 0 126119
32 1 126188
68 0 126305
68 1 126394
73 0 126445
73 1 126515
78 0 126627
78 1 126697
32 0 126813
32 1 126879
65 0 126907
78 0 127038
65 1 127041
78 1 127098
188 0 129223
188 1 129273
32 0 129413
32 1 129484
86 0 131269
86 1 131344
82 0 131519
69 0 131618
82 1 131682
69 1 131772
77 0 131841
77 1 131911
69 0 131958
69 1 132046
65 0 132233
65 1 132341
32 0 132405
32 1 132470
80 0 132878
80 1 132967
79 0 133065
79 1 133139
65 0 133220
65 1 133328
84 0 133382
84 1 133447
69 0 133540
69 1 133605
32 0 133628
32 1 133708
70 0 133841
70 1 133910
73 0 133994
73 1 134055
32 0 134204
32 1 134264
67 0 134316
67 1 134406
79 0 134446
79 1 134502
78 0 134642
78 1 134712
83 0 134750
83 1 134863
73 0 134886
73 1 134919
68 0 134987
69 0 135071
68 1 135123
69 1 135212
82 0 135235
82 1 135348
65 0 135528
65 1 135597
84 0 135640
84 1 135709
65 0 135762
65 1 135836
32 0 135944
32 1 135995
67 0 136336
67 1 136458
72 0 136629
72 1 136704
73 0 136854
73 1 136924
65 0 136960
65 1 137072
82 0 137195
82 1 137269
32 0 137292
32 1 137371
67 0 137514
65 0 137622
67 1 137682
76 0 137781
65 1 137790
76 1 137850
68 0 137926
68 1 138033
65 0 138042
65 1 138286
190 0 138309
190 1 138378
32 0 138555
32 1 138612
16 0 139066
65 0 139252
16 1 139351
65 1 139397
67 0 139523
67 1 139607
85 0 139635
85 1 139699
77 0 139809
77 1 139897
32 0 139988
32 1 140048
65 0 140062
65 1 140180
82 0 140302
82 1 140371
32 0 140427
32 1 140492
84 0 140551
84 1 140631
82 0 140749
69 0 140804
82 1 140865
66 0 140893
69 1 140958
66 1 140967
85 0 141129
85 1 141199
73 0 141311
73 1 141375
32 0 141527
32 1 141587
83 0 141676
65 0 141749
83 1 141810
65 1 141932
32 0 141941
32 1 141996
70 0 142317
70 1 142401
73 0 142455
73 1 142508
69 0 142630
69 1 142723
32 0 142878
32 1 142920
71 0 143761
71 1 143839
69 0 143881
82 0 144044
69 1 144138
82 1 144199
32 0 144284
32 1 144359
78 0 144509
78 1 144569
65 0 144670
65 1 144824
80 0 145529
80 1 145585
82 0 145801
82 1 145881
65 0 146026
83 0 146143
65 1 146231
83 1 146298
78 0 146633
78 1 146721
73 0 146872
73 1 146937
67 0 147002
67 1 147110
188 0 147283
188 1 147348
32 0 147502
32 1 147562
68 0 147603
65 0 147710
68 1 147767
65 1 147893
82 0 148015
82 1 148090
32 0 148144
32 1 148204
65 0 148573
65 1 148660
70 0 148734
70 1 148809
65 0 148846
65 1 148922
82 0 148963
82 1 149023
65 0 149042
65 1 149126
32 0 149239
32 1 149294
68 0 151156
69 0 151230
68 1 151295
69 1 151385
74 0 151497
74 1 151557
65 0 151641
65 1 151716
32 0 151733
32 1 151799
65 0 151871
65 1 151949
85 0 151978
85 1 152034
32 0 152169
32 1 152234
73 0 152372
73 1 152446
78 0 152572
67 0 152622
78 1 152636
69 0 152721
67 1 152782
80 0 152843
69 1 152862
80 1 152903
85 0 153114
85 1 153175
84 0 153219
84 1 153285
32 0 153369
32 1 153429
83 0 153615
65 0 153727
83 1 153788
32 0 153820
32 1 153886
65 1 153888
73 0 154062
73 1 154123
78 0 154241
78 1 154315
70 0 154362
70 1 154450
76 0 154515
76 1 154594
79 0 154738
79 1 154798
82 0 154821
69 0 154902
82 1 154952
69 1 155005
65 0 155138
83 0 155221
65 1 155293
83 1 155344
67 0 155453
65 0 155551
67 1 155602
32 0 155673
65 1 155710
32 1 155733
80 0 155912
80 1 155980
65 0 156018
65 1 156116
80 0 156170
80 1 156231
65 0 156258
65 1 156353
68 0 156532
68 1 156611
73 0 156699
73 1 156766
73 0 156823
73 1 156889
76 0 157043
76 1 157107
69 0 157116
69 1 157220
190 0 158110
190 1 158171
32 0 158330
32 1 158396
16 0 158496
67 0 158720
16 1 158790
67 1 158847
72 0 158865
72 1 158935
73 0 159069
65 0 159120
73 1 159129
65 1 159222
82 0 159319
82 1 159394
32 0 159429
32 1 159494
65 0 159585
65 1 159659
77 0 159681
77 1 159743
32 0 159851
32 1 159931
86 0 160059
86 1 160138
65 0 160271
65 1 160360
90 0 160471
90 1 160597
85 0 160629
85 1 160694
84 0 160776
84 1 160855
32 0 160900
32 1 160963
67 0 161272
67 1 161389
65 0 161522
65 1 161630
84 0 161648
84 1 161713
69 0 161759
69 1 161853
86 0 161893
86 1 161958
65 0 162039
65 1 162161
32 0 162277
32 1 162328
90 0 162425
90 1 162534
73 0 162575
73 1 162640
76 0 163448
76 1 163570
69 0 163579
69 1 163668
76 0 163733
69 0 163797
76 1 163807
69 1 163877
32 0 164000
32 1 164070
84 0 164200
84 1 164270
82 0 164380
69 0 164445
82 1 164491
69 1 164554
67 0 164680
67 1 164759
85 0 164821
85 1 164881
84 0 164969
84 1 165072
69 0 165239
69 1 165360
188 0 165502
188 1 165562
32 0 165679
32 1 165753
67 0 165794
67 1 165873
65 0 166016
78 0 166110
65 1 166124
78 1 166165
68 0 166237
68 1 166306
32 0 166311
32 1 166373
77 0 166498
77 1 166568
65 0 166586
32 0 166662
65 1 166680
32 1 166722
80 0 166889
80 1 166953
76 0 167049
76 1 167123
73 0 167222
73 1 167284
77 0 167416
77 1 167495
66 0 167870
66 1 167926
65 0 168278
65 1 168372
77 0 168409
77 1 168469
32 0 168582
32 1 168652
80 0 169108
80 1 169225
82 0 169450
82 1 169534
73 0 169598
73 1 169658
78 0 169766
78 1 169837
32 0 169920
32 1 170000
16 0 170621
80 0 170817
80 1 170868
16 1 170872
65 0 170961
65 1 171077
82 0 171197
82 1 171267
67 0 171402
67 1 171495
85 0 171500
85 1 171556
76 0 171707
76 1 171772
32 0 171907
32 1 171972
16 0 172014
66 0 172178
66 1 172243
16 1 172271
79 0 172473
79 1 172523
84 0 172634
84 1 172714
65 0 172890
65 1 172993
78 0 173045
78 1 173105
73 0 173660
73 1 173730
67 0 173855
67 1 173963
190 0 174119
190 1 174192
32 0 174565
32 1 174607
16 0 183322
67 0 183594
16 1 183718
72 0 183750
67 1 183765
72 1 183844
73 0 184023
73 1 184102
65 0 184142
65 1 184292
82 0 184456
82 1 184568
8 0 188491
8 1 188558
8 0 188656
8 1 188702
8 0 188799
8 1 188854
8 0 188959
8 1 189034
8 0 189219
8 1 189284
16 0 189708
73 0 189832
73 1 189907
16 1 189961
78 0 190070
78 1 190148
32 0 190282
32 1 190347
8 0 191106
8 1 191194
84 0 191495
82 0 191566
84 1 191655
82 1 191767
189 0 191772
189 1 191838
85 0 192042
85 1 192107
78 0 192227
78 1 192292
32 0 192399
32 1 192469
70 0 192584
69 0 192677
70 1 192734
76 0 192789
69 1 192822
76 1 192855
188 0 193618
188 1 193677
32 0 193808
32 1 193872
65 0 194009
83 0 194087
65 1 194177
83 1 194234
84 0 194382
69 0 194499
84 1 194545
69 1 194662
80 0 194698
80 1 194763
84 0 194817
84 1 194896
32 0 194976
32 1 195037
83 0 195305
65 0 195486
83 1 195580
65 1 195660
32 0 195693
32 1 195781
86 0 195852
86 1 195941
73 0 195992
73 1 196058
78 0 196192
78 1 196262
65 0 196312
65 1 196415
32 0 196480
32 1 196530
80 0 196851
80 1 196950
82 0 196992
82 1 197085
73 0 197144
73 1 197210
77 0 197368
77 1 197443
65 0 197566
65 1 197670
86 0 197734
86 1 197809
65 0 197906
65 1 198008
82 0 198088
82 1 198143
65 0 198201
65 1 198290
32 0 200834
32 1 200872
83 0 201050
65 0 201152
83 1 201226
85 0 201325
65 1 201344
85 1 201385
32 0 202075
32 1 202125
68 0 202803
69 0 202911
68 1 202966
69 1 203062
74 0 203112
74 1 203185
65 0 203355
65 1 203467
32 0 203495
32 1 203560
65 0 203932
65 1 204044
32 0 204072
32 1 204146
65 0 204453
65 1 204579
74 0 204584
74 1 204664
85 0 204760
85 1 204824
78 0 204922
78 1 204997
83 0 205024
83 1 205103
32 0 205113
32 1 205184
76 0 206247
76 1 206336
65 0 206393
65 1 206502
32 0 206515
32 1 206576
78 0 206696
78 1 206766
79 0 206942
79 1 207016
73 0 207103
73 1 207173
16 0 207327
190 0 207524
190 1 207612
16 1 207752
32 0 207943
32 1 207973
8 0 208283
8 1 208348
8 0 208429
8 1 208489
16 0 208774
191 0 209096
191 1 209152
16 1 209227
32 0 209395
32 1 209441
16 0 240628
79 0 240768
79 1 240843
16 1 240871
32 0 241021
32 1 241110
90 0 241159
90 1 241278
73 0 241289
73 1 241363
32 0 241533
32 1 241604
73 0 243154
73 1 243239
68 0 243407
69 0 243496
68 1 243576
69 1 243660
65 0 243805
65 1 243913
76 0 243968
76 1 244052
65 0 244092
65 1 244186
32 0 244266
32 1 244341
69 0 244821
69 1 244896
83 0 245035
83 1 245161
84 0 245324
84 1 245390
69 0 245457
69 1 245546
32 0 245651
32 1 245702
67 0 249144
67 1 249265
79 0 249325
79 1 249424
78 0 249559
78 1 249657
83 0 249670
73 0 249787
83 1 249794
73 1 249863
68 0 249923
69 0 250002
68 1 250064
69 1 250152
82 0 250190
82 1 250289
65 0 250455
65 1 250558
84 0 250590
84 1 250667
65 0 250706
65 1 250796
32 0 250887
32 1 250949
85 0 251673
85 1 251748
78 0 251883
78 1 251978
65 0 252056
65 1 252149
32 0 252183
32 1 252234
67 0 252996
65 0 253103
67 1 253160
65 1 253234
82 0 253392
69 0 253457
82 1 253523
69 1 253593
32 0 253611
32 1 253714
86 0 253810
86 1 253880
73 0 253920
73 1 253995
78 0 254129
78 1 254209
69 0 254226
69 1 254311
32 0 254409
32 1 254466
68 0 254867
68 1 254984
85 0 254988
85 1 255077
80 0 255297
80 1 255405
65 0 255472
65 1 255585
32 0 255638
32 1 255694
79 0 256330
79 1 256396
32 0 256547
32 1 256632
78 0 256760
78 1 256854
79 0 256993
79 1 257077
65 0 257113
65 1 257244
80 0 257253
80 1 257314
84 0 257446
69 0 257554
84 1 257638
69 1 257740
32 0 257748
32 1 257809
16 0 258156
192 0 258329
16 1 258451
192 1 258544
73 0 259454
73 1 259530
68 0 259695
69 0 259817
68 1 259882
69 1 259989
65 0 260172
65 1 260290
76 0 260478
76 1 260572
65 0 260637
65 1 260758
16 0 261158
192 0 261535
16 1 261654
192 1 261742
16 0 262782
49 0 262960
16 1 263068
49 1 263170
32 0 263412
32 1 263515
16 0 264079
78 0 264172
78 1 264294
16 1 264312
85 0 264398
85 1 264492
188 0 264658
188 1 264775
32 0 264893
32 1 264986
78 0 265133
78 1 265232
85 0 265339
85 1 265418
32 0 265546
32 1 265620
86 0 265742
86 1 265807
65 0 265830
32 0 265938
65 1 265942
32 1 266026
71 0 266170
71 1 266240
65 0 266258
65 1 266361
78 0 266389
78 1 266450
68 0 266516
68 1 266591
73 0 266618
73 1 266707
84 0 266781
84 1 266852
73 0 266912
73 1 266987
32 0 268049
32 1 268128
76 0 268301
76 1 268385
65 0 268424
32 0 268541
65 1 268544
32 1 268606
80 0 268772
82 0 268847
80 1 268857
82 1 268917
79 0 269662
79 1 269742
83 0 269849
83 1 269980
84 0 270154
84 1 270239
73 0 270311
73 1 270358
73 0 270436
73 1 270498
16 0 272429
16 0 272949
49 0 272972
16 1 273118
49 1 273197
32 0 273506
32 1 273580
65 0 274588
65 1 274703
68 0 275057
68 1 275127
73 0 275232
73 1 275302
67 0 275358
65 0 275573
67 1 275629
65 1 275774
32 0 275864
32 1 275954
79 0 276131
79 1 276216
32 0 276374
32 1 276454
78 0 276599
78 1 276689
79 0 276837
79 1 276903
65 0 276916
65 1 277024
80 0 277110
80 1 277190
84 0 277296
69 0 277403
84 1 277488
69 1 277599
32 0 277680
32 1 277760
73 0 277928
73 1 278022
78 0 278128
78 1 278217
32 0 278328
67 0 278397
32 1 278407
65 0 278477
67 1 278556
65 1 278641
82 0 278792
69 0 278852
82 1 278930
69 1 279015
32 0 279020
32 1 279104
83 0 279512
65 0 279600
83 1 279698
32 0 279777
65 1 279791
32 1 279856
82 0 280058
69 0 280136
82 1 280207
69 1 280282
85 0 280373
85 1 280443
83 0 280534
83 1 280624
69 0 280732
69 1 280803
83 0 280919
67 0 281026
83 1 281097
67 1 281171
32 0 281190
32 1 281256
83 0 281339
65 0 281432
32 0 281474
83 1 281498
32 1 281562
65 1 281581
77 0 281690
77 1 281760
65 0 281769
65 1 281863
32 0 281872
32 1 281955
79 0 282139
79 1 282205
68 0 282803
68 1 282925
73 0 283001
73 1 283066
72 0 283413
72 1 283470
78 0 283594
69 0 283641
78 1 283678
69 1 283725
83 0 283846
67 0 283981
83 1 284028
67 1 284117
32 0 284200
32 1 284251
67 0 286917
65 0 287029
67 1 287114
65 1 287193
84 0 287316
84 1 287391
32 0 287437
32 1 287536
68 0 287581
69 0 287656
68 1 287711
32 0 287729
69 1 287767
32 1 287814
67 0 287874
65 0 287957
67 1 288018
65 1 288107
84 0 288245
84 1 288325
188 0 288387
188 1 288485
32 0 288601
32 1 288671
83 0 290542
65 0 290611
83 1 290710
32 0 290766
65 1 290789
32 1 290874
78 0 290971
78 1 291051
85 0 291155
85 1 291225
32 0 291367
83 0 291441
32 1 291454
83 1 291526
69 0 291630
69 1 291715
32 0 291724
32 1 291832
84 0 291898
84 1 291996
82 0 292102
69 0 292172
82 1 292228
69 1 292284
65 0 292425
65 1 292518
8 0 293920
8 1 294013
90 0 294218
90 1 294326
69 0 294479
69 1 294544
65 0 294656
83 0 294730
65 1 294805
83 1 294853
67 0 294954
65 0 295038
67 1 295104
65 1 295193
32 0 295196
32 1 295290
67 0 295309
67 1 295388
79 0 295469
79 1 295573
80 0 295702
80 1 295778
73 0 295930
73 1 295996
73 0 296063
73 1 296142
32 0 296350
32 1 296433
8 0 296904
8 1 296979
73 0 297432
73 1 297497
32 0 297657
32 1 297722
80 0 297978
80 1 298057
69 0 298682
69 1 298818
78 0 298850
78 1 298959
84 0 299006
82 0 299081
84 1 299142
85 0 299156
82 1 299216
85 1 299245
32 0 299405
32 1 299513
68 0 299654
68 1 299762
73 0 299785
73 1 299854
70 0 299912
69 0 299991
70 1 300038
82 0 300164
69 1 300207
82 1 300286
73 0 300368
84 0 300455
73 1 300459
84 1 300560
69 0 300696
69 1 300823
32 0 300826
32 1 300911
77 0 301159
77 1 301248
79 0 301393
79 1 301468
84 0 301518
84 1 301621
73 0 301644
73 1 301697
86 0 301793
69 0 301887
86 1 301985
69 1 302079
190 0 302784
190 1 302869
32 0 303023
32 1 303078
16 0 305415
79 0 305597
16 1 305662
79 1 305667
82 0 305798
82 1 305873
65 0 306029
65 1 306147
32 0 306215
32 1 306294
65 0 306413
65 1 306535
80 0 306553
80 1 306642
82 0 306749
79 0 306823
82 1 306843
79 1 306903
88 0 307235
88 1 307323
73 0 307374
73 1 307434
77 0 307569
65 0 307597
77 1 307661
65 1 307723
84 0 307872
84 1 307937
73 0 307976
73 1 308027
86 0 308095
86 1 308208
65 0 308326
32 0 308456
65 1 308471
32 1 308568
68 0 309002
69 0 309100
68 1 309155
69 1 309226
32 0 309240
32 1 309323
84 0 309346
84 1 309431
82 0 309526
69 0 309614
82 1 309660
69 1 309704
90 0 309864
90 1 309995
73 0 310009
73 1 310103
82 0 310141
69 0 310221
82 1 310290
32 0 310384
69 1 310387
32 1 310464
69 0 310578
69 1 310667
83 0 310790
83 1 310898
84 0 311039
69 0 311108
84 1 311193
69 1 311347
32 0 311402
32 1 311487
56 0 313382
56 1 313484
188 0 313723
188 1 313846
32 0 313987
32 1 314061
73 0 315496
73 1 315561
77 0 315699
77 1 315783
73 0 315912
73 1 315968
32 0 316121
32 1 316228
66 0 316387
66 1 316466
69 0 316506
69 1 316590
65 0 316747
65 1 316860
85 0 316878
85 1 316953
32 0 317132
32 1 317226
67 0 317530
65 0 317643
67 1 317750
65 1 317820
70 0 317961
69 0 318016
70 1 318072
69 1 318148
65 0 318316
65 1 318475
85 0 319309
85 1 319451
65 0 319567
65 1 319720
32 0 321277
32 1 321375
65 0 321438
65 1 321570
80 0 321635
80 1 321729
79 0 321825
79 1 321895
73 0 322002
73 1 322072
32 0 322214
32 1 322298
80 0 322465
80 1 322531
82 0 322575
69 0 322631
82 1 322711
69 1 322786
71 0 322876
71 1 322950
65 0 322984
65 1 323116
84 0 323261
69 0 323367
84 1 323405
69 1 323560
83 0 323683
67 0 323833
83 1 323883
67 1 323983
32 0 324069
32 1 324152
77 0 324321
77 1 324429
73 0 324580
73 1 324646
67 0 324719
67 1 324837
85 0 324846
85 1 324910
76 0 325079
76 1 325144
32 0 325299
68 0 325368
32 1 325373
69 0 325444
68 1 325500
69 1 325598
72 0 325658
72 1 325743
8 0 326143
8 1 326227
74 0 326423
74 1 326516
85 0 326615
85 1 326680
78 0 326802
78 1 326862
32 0 326976
32 1 327050
80 0 327237
80 1 327299
69 0 327359
69 1 327467
84 0 327641
82 0 327696
84 1 327748
85 0 327827
82 1 327847
85 1 327902
32 0 328079
32 1 328149
82 0 330476
69 0 330555
82 1 330621
69 1 330686
83 0 330809
83 1 330926
84 0 331034
85 0 331104
84 1 331114
85 1 331175
76 0 331345
76 1 331415
32 0 331572
32 1 331624
70 0 332112
70 1 332187
65 0 332344
65 1 332476
77 0 332503
77 1 332601
73 0 332751
73 1 332822
76 0 332981
76 1 333065
73 0 333200
73 1 333241
69 0 334178
69 1 334272
73 0 334347
73 1 334408
190 0 334796
190 1 334861
32 0 335065
32 1 335107
16 0 339235
85 0 339430
85 1 339510
16 1 339515
82 0 339709
82 1 339802
77 0 339927
77 1 340020
69 0 340081
69 1 340160
65 0 340321
65 1 340446
88 0 340544
90 0 340661
65 0 340835
90 1 340838
88 1 340838
65 1 341002
8 0 341355
8 1 341401
8 0 341491
8 1 341537
8 0 341615
8 1 341680
90 0 342182
65 0 342259
90 1 342330
65 1 342447
32 0 342470
32 1 342577
65 0 342659
65 1 342771
80 0 342913
80 1 343011
79 0 343114
79 1 343183
73 0 343297
73 1 343353
32 0 343547
32 1 343589
82 0 344154
82 1 344290
73 0 344382
73 1 344499
84 0 344570
84 1 344663
85 0 344696
85 1 344765
65 0 344904
65 1 345035
76 0 345044
76 1 345123
85 0 345265
85 1 345341
76 0 345490
76 1 345555
32 0 345701
32 1 345766
68 0 346073
69 0 346147
68 1 346226
69 1 346335
32 0 346417
32 1 346482
68 0 348140
68 1 348266
85 0 348309
85 1 348403
83 0 348482
83 1 348600
32 0 348649
32 1 348743
83 0 348825
83 1 348918
73 0 348945
73 1 349012
32 0 349173
32 1 349252
80 0 349629
80 1 349730
82 0 349835
69 0 349899
82 1 349942
69 1 350002
71 0 350072
71 1 350155
65 0 350294
65 1 350447
84 0 350565
84 1 350645
73 0 350700
73 1 350783
82 0 350825
69 0 350876
82 1 350932
69 1 350999
32 0 351003
32 1 351096
83 0 351194
65 0 351280
32 0 351346
83 1 351354
65 1 351435
32 1 351440
73 0 351675
73 1 351750
69 0 351803
69 1 351878
83 0 351997
83 1 352090
73 0 352099
73 1 352170
77 0 352297
77 1 352385
32 0 352486
65 0 352564
32 1 352589
65 1 352710
70 0 352788
70 1 352858
65 0 352959
65 1 353103
82 0 353198
82 1 353272
65 0 353408
190 0 353572
65 1 353575
190 1 353641
32 0 353789
32 1 353839
16 0 356259
79 0 356427
16 1 356492
79 1 356496
32 0 356665
32 1 356752
90 0 356805
90 1 356880
73 0 356934
73 1 357013
32 0 357164
32 1 357272
68 0 357276
69 0 357356
68 1 357412
32 0 357459
69 1 357478
32 1 357533
68 0 357566
85 0 357679
68 1 357682
85 1 357753
77 0 357879
77 1 357960
73 0 358096
73 1 358171
78 0 358296
78 1 358375
73 0 358523
73 1 358564
67 0 358741
65 0 358873
67 1 358933
65 1 359046
32 0 359330
32 1 359403
73 0 359577
73 1 359647
77 0 359754
77 1 359832
73 0 359942
73 1 360002
32 0 360121
32 1 360214
86 0 360255
86 1 360367
73 0 360403
73 1 360459
78 0 360579
69 0 360653
78 1 360658
69 1 360742
32 0 360789
32 1 360854
73 0 360990
73 1 361040
78 0 361146
78 1 361215
32 0 361320
67 0 361384
32 1 361389
65 0 361455
67 1 361515
80 0 361614
65 1 361618
80 1 361692
32 0 361855
65 0 361911
32 1 361920
65 1 362004
67 0 362129
85 0 362180
67 1 362208
85 1 362246
77 0 362386
77 1 362451
190 0 362628
190 1 362721
32 0 362876
32 1 362927
16 0 365076
73 0 365514
73 1 365565
16 1 365603
69 0 365774
69 1 365835
83 0 365948
83 1 366037
73 0 366056
73 1 366120
77 0 366252
77 1 366326
32 0 366438
32 1 366508
76 0 367447
76 1 367569
65 0 367601
32 0 367698
65 1 367727
32 1 367773
79 0 367917
79 1 367968
32 0 368104
32 1 368173
80 0 368348
80 1 368394
76 0 368505
76 1 368578
73 0 368687
73 1 368747
77 0 368862
77 1 368945
66 0 369120
66 1 369180
65 0 369198
65 1 369325
82 0 369523
69 0 369591
82 1 369672
69 1 369789
32 0 369871
32 1 369943
73 0 370413
73 1 370483
78 0 370603
78 1 370659
32 0 370763
32 1 370827
80 0 371014
80 1 371065
65 0 371138
65 1 371278
82 0 371403
82 1 371477
67 0 371649
67 1 371742
188 0 371972
188 1 372056
32 0 372178
32 1 372247
67 0 373968
69 0 374070
67 1 374131
78 0 374224
69 1 374228
78 1 374351
84 0 374385
82 0 374445
84 1 374496
85 0 374562
82 1 374591
85 1 374627
32 0 374783
32 1 374872
83 0 374885
65 0 374970
83 1 375054
85 0 375076
65 1 375147
85 1 375166
32 0 375322
32 1 375382
65 0 376154
65 1 376304
76 0 376308
76 1 376373
84 0 376558
69 0 376657
84 1 376694
69 1 376880
32 0 376927
32 1 377003
83 0 377176
83 1 377327
80 0 377350
80 1 377458
65 0 377625
65 1 377741
84 0 379087
84 1 379161
73 0 379259
73 1 379323
73 0 379386
73 1 379456
32 0 379638
32 1 379700
65 0 380459
65 1 380590
69 0 380731
82 0 380882
69 1 380904
82 1 381012
73 0 381035
73 1 381105
83 0 381205
73 0 381302
83 1 381311
73 1 381377
84 0 381496
69 0 381627
84 1 381650
69 1 381796
32 0 381813
32 1 381912
83 0 381956
83 1 382060
73 0 382093
73 1 382148
32 0 382312
32 1 382386
67 0 382667
67 1 382812
85 0 382821
85 1 382882
32 0 383041
32 1 383120
83 0 383214
83 1 383317
79 0 383384
79 1 383464
65 0 383509
65 1 383606
82 0 383771
69 0 383840
82 1 383902
69 1 383996
190 0 384062
190 1 384118
32 0 384289
32 1 384335
16 0 386823
69 0 387183
16 1 387342
69 1 387351
83 0 387521
83 1 387667
84 0 387812
69 0 387909
84 1 387970
69 1 388074
32 0 388096
32 1 388185
79 0 388883
79 1 388966
32 0 389141
32 1 389200
73 0 390343
73 1 390427
78 0 390535
78 1 390619
67 0 390651
65 0 390749
67 1 390820
65 1 390895
82 0 390987
82 1 391058
67 0 391197
65 0 391253
67 1 391314
65 1 391379
82 0 391527
69 0 391592
82 1 391662
69 1 391733
32 0 391803
32 1 391886
80 0 395228
80 1 395355
79 0 395453
79 1 395533
90 0 395613
90 1 395753
73 0 395781
73 1 395908
84 0 395969
84 1 396053
73 0 396103
73 1 396177
86 0 396245
86 1 396349
65 0 396486
65 1 396613
32 0 396636
32 1 396715
83 0 396770
65 0 396854
83 1 396929
32 0 396966
65 1 397032
32 1 397064
80 0 397281
80 1 397385
69 0 397462
69 1 397555
84 0 397712
84 1 397797
82 0 397910
69 0 397969
82 1 398022
69 1 398087
67 0 398234
67 1 398322
32 0 398400
32 1 398488
84 0 398877
84 1 398974
73 0 398992
73 1 399081
77 0 399193
77 1 399278
80 0 399422
80 1 399497
85 0 399650
85 1 399716
76 0 399851
76 1 399927
32 0 400044
32 1 400115
65 0 400150
65 1 400258
76 0 400317
65 0 400373
76 1 400383
65 1 400476
84 0 400597
84 1 400676
85 0 400689
85 1 400764
82 0 400851
82 1 400926
73 0 400939
73 1 401009
32 0 401147
32 1 401222
68 0 401226
69 0 401310
68 1 401366
32 0 401394
69 1 401450
32 1 401487
67 0 401529
69 0 401612
67 1 401673
69 1 401762
73 0 401808
73 1 401888
32 0 402039
32 1 402123
68 0 402216
68 1 402309
82 0 402413
82 1 402483
65 0 402602
65 1 402735
71 0 402847
71 1 402931
73 0 402980
73 1 403046
190 0 403338
190 1 403413
32 0 403590
32 1 403637
16 0 417797
80 0 417923
80 1 417998
16 1 418027
65 0 418111
65 1 418247
82 0 418392
82 1 418472
84 0 418570
84 1 418646
73 0 418711
73 1 418802
65 0 418874
65 1 419004
76 0 419355
76 1 419444
188 0 419582
188 1 419657
32 0 419797
32 1 419844
65 0 424156
83 0 424272
65 1 424380
83 1 424436
32 0 425160
32 1 425263
80 0 425653
80 1 425728
65 0 425751
65 1 425859
83 0 425987
83 1 426091
84 0 426288
84 1 426364
82 0 426447
82 1 426518
65 0 426583
65 1 426663
32 0 426761
32 1 426818
80 0 430502
80 1 430615
85 0 430813
85 1 430902
84 0 430948
84 1 431037
73 0 431107
73 1 431182
78 0 431318
78 1 431398
32 0 431518
32 1 431584
68 0 433572
68 1 433661
73 0 433702
73 1 433773
78 0 433887
78 1 433957
32 0 434072
32 1 434171
68 0 434275
68 1 434349
73 0 434376
73 1 434447
83 0 434495
83 1 434580
67 0 434826
67 1 434902
73 0 434929
73 1 434986
80 0 435158
80 1 435220
76 0 435307
76 1 435377
73 0 435480
73 1 435541
78 0 435656
78 1 435729
65 0 435771
65 1 435883
32 0 435927
32 1 435988
83 0 438660
83 1 438749
73 0 438807
73 1 438883
83 0 438895
83 1 438980
84 0 439124
69 0 439250
84 1 439255
77 0 439362
69 1 439400
77 1 439442
85 0 439550
85 1 439620
76 0 439756
76 1 439817
85 0 439926
85 1 439996
73 0 440084
73 1 440149
32 0 440282
68 0 440356
32 1 440362
69 0 440408
68 1 440460
32 0 440501
69 1 440539
32 1 440567
73 0 440701
73 1 440748
78 0 440854
78 1 440938
86 0 441080
86 1 441151
65 0 441234
65 1 441323
84 0 441327
84 1 441398
65 0 441465
65 1 441559
77 0 441613
77 1 441688
78 0 443631
78 1 443753
84 0 444083
84 1 444172
32 0 444301
32 1 444372
8 0 445723
8 1 445794
8 0 445910
8 1 445975
8 0 446064
8 1 446134
65 0 446730
65 1 446885
78 0 446972
78 1 447052
84 0 447264
84 1 447358
32 0 447443
32 1 447513
76 0 452080
76 1 452136
65 0 452217
65 1 452320
32 0 452348
32 1 452404
8 0 453136
8 1 453215
8 0 453299
8 1 453350
8 0 453416
8 1 453491
73 0 454616
73 1 454677
78 0 454797
78 1 454867
32 0 454974
67 0 455049
32 1 455052
65 0 455123
67 1 455194
65 1 455264
82 0 455397
69 0 455458
82 1 455542
32 0 455598
69 1 455608
32 1 455677
65 0 455919
65 1 456046
77 0 456101
77 1 456190
32 0 456316
32 1 456381
80 0 458440
80 1 458510
65 0 458537
65 1 458692
82 0 458818
82 1 458903
67 0 459109
67 1 459203
85 0 459289
85 1 459369
82 0 459748
82 1 459842
83 0 460016
83 1 460152
32 0 460232
32 1 460293
69 0 461027
69 1 461153
85 0 461218
85 1 461303
32 0 461477
32 1 461556
83 0 462645
83 1 462742
67 0 462851
79 0 462931
67 1 462945
79 1 463006
76 0 463108
76 1 463179
73 0 463281
73 1 463347
76 0 463479
76 1 463549
69 0 463607
69 1 463677
32 0 463710
32 1 463776
82 0 463919
82 1 464003
79 0 464051
79 1 464097
78 0 467102
78 1 467134
8 0 468397
8 1 468505
77 0 468747
77 1 468823
65 0 468978
65 1 469101
78 0 469114
78 1 469180
69 0 469308
69 1 469374
83 0 469482
83 1 469580
84 0 469690
84 1 469775
73 0 469832
73 1 469888
190 0 470134
190 1 470196
32 0 470354
32 1 470405
16 0 471155
67 0 471467
16 1 471543
79 0 471589
67 1 471632
79 1 471655
78 0 471802
78 1 471887
83 0 471895
83 1 471993
73 0 472021
73 1 472083
68 0 472105
69 0 472176
68 1 472241
82 0 472344
69 1 472418
82 1 472493
32 0 472526
32 1 472605
67 0 472675
65 0 472778
67 1 472843
32 0 472884
65 1 472918
32 1 472959
65 0 473048
65 1 473178
67 0 473257
85 0 473346
67 1 473368
85 1 473412
77 0 473547
77 1 473622
32 0 473738
32 1 473789
69 0 476149
69 1 476220
83 0 476347
83 1 476437
84 0 476567
69 0 476679
84 1 476706
69 1 476846
32 0 476873
32 1 476967
79 0 477901
79 1 477966
32 0 478129
32 1 478194
77 0 478881
77 1 478961
73 0 479087
73 1 479152
83 0 479157
83 1 479236
67 0 479348
65 0 479413
67 1 479474
65 1 479545
82 0 479679
69 0 479726
82 1 479782
32 0 479857
69 1 479867
32 1 479951
66 0 482403
66 1 482514
85 0 482674
85 1 482760
78 0 482877
78 1 482993
65 0 482998
65 1 483115
32 0 483188
32 1 483272
68 0 484134
69 0 484216
68 1 484283
32 0 484385
69 1 484390
32 1 484474
65 0 484597
32 0 484708
65 1 484741
32 1 484817
83 0 486050
83 1 486125
69 0 486243
69 1 486303
32 0 486384
65 0 486495
32 1 486501
65 1 486608
88 0 486719
65 0 486812
88 1 486893
65 1 486981
32 0 487040
32 1 487142
83 0 487217
83 1 487315
73 0 487357
73 1 487428
32 0 487561
32 1 487641
80 0 487795
80 1 487864
69 0 487897
69 1 487986
32 0 488065
32 1 488125
80 0 488308
80 1 488368
65 0 488390
65 1 488503
82 0 488623
82 1 488698
84 0 488825
69 0 488900
84 1 488975
69 1 489054
65 0 489182
65 1 489304
32 0 489308
32 1 489392
68 0 489431
69 0 489510
68 1 489562
32 0 489589
69 1 489636
32 1 489669
67 0 489761
79 0 489858
67 1 489868
79 1 489909
77 0 490034
77 1 490113
80 0 490271
80 1 490327
69 0 490484
69 1 490572
84 0 490859
69 0 490995
84 1 490999
69 1 491163
78 0 491167
78 1 491242
84 0 491275
69 0 491384
84 1 491402
69 1 491551
32 0 491560
32 1 491640
65 0 492290
65 1 492435
76 0 492444
76 1 492546
69 0 492609
69 1 492679
32 0 492730
32 1 492814
69 0 492997
69 1 493076
76 0 493672
76 1 493812
69 0 493856
69 1 493940
86 0 494105
86 1 494180
73 0 494304
73 1 494374
76 0 496186
76 1 496294
79 0 496429
79 1 496508
82 0 496624
82 1 496746
32 0 498311
32 1 498399
68 0 498815
65 0 498908
68 1 499016
65 1 499114
82 0 499224
82 1 499303
32 0 499352
32 1 499440
67 0 499516
67 1 499610
85 0 499619
85 1 499689
77 0 499803
77 1 499896
86 0 500050
86 1 500111
65 0 500139
65 1 500247
32 0 500299
32 1 500345
83 0 501170
83 1 501269
69 0 501376
69 1 501452
32 0 501460
32 1 501526
65 0 501573
67 0 501713
65 1 501780
79 0 501825
67 1 501849
79 1 501900
82 0 501984
82 1 502069
68 0 502190
65 0 502278
68 1 502358
32 0 502428
65 1 502470
32 1 502516
80 0 502684
80 1 502754
82 0 502833
69 0 502884
82 1 502941
69 1 502997
65 0 503132
32 0 503195
65 1 503219
32 1 503275
77 0 503428
77 1 503501
85 0 503599
85 1 503659
76 0 503804
84 0 503851
76 1 503874
84 1 503925
65 0 504077
32 0 504203
65 1 504226
32 1 504268
76 0 504475
76 1 504563
73 0 504666
73 1 504731
66 0 504938
66 1 504989
69 0 505017
82 0 505105
69 1 505203
82 1 505251
84 0 505351
84 1 505431
65 0 505596
65 1 505719
84 0 505850
69 0 505919
84 1 506008
69 1 506111
190 0 506160
190 1 506231
32 0 506418
32 1 506460
16 0 508512
69 0 508820
16 1 508913
69 1 508941
88 0 509062
88 1 509193
73 0 509202
73 1 509272
83 0 509305
83 1 509407
84 0 509483
84 1 509543
65 0 509594
65 1 509692
32 0 509726
32 1 509791
80 0 510917
80 1 510991
82 0 511102
69 0 511149
82 1 511200
69 1 511251
65 0 511383
32 0 511467
65 1 511485
32 1 511556
8 0 512631
8 1 512734
8 0 512855
8 1 512977
8 0 513072
8 1 513150
8 0 513254
8 1 513300
8 0 513417
8 1 513472
8 0 513519
8 0 514035
8 0 514067
8 0 514101
8 0 514134
8 1 514144
8 0 514508
8 1 514587
8 0 514907
8 1 514995
16 0 517019
16 0 517534
16 0 517567
16 0 517601
16 0 517634
16 0 517667
16 0 517700
16 0 517733
16 0 517768
16 0 517800
16 0 517833
16 0 517866
16 0 517899
16 0 517932
16 0 517965
76 0 517980
76 1 518055
16 1 518120
65 0 518268
32 0 518343
65 1 518366
32 1 518418
79 0 518601
79 1 518652
32 0 518812
32 1 518878
86 0 519035
86 1 519092
65 0 519095
65 1 519222
82 0 519314
82 1 519408
83 0 519509
83 1 519617
84 0 519654
84 1 519715
65 0 519777
65 1 519866
32 0 519916
32 1 519972
70 0 520364
70 1 520443
82 0 520553
82 1 520632
65 0 520759
65 1 520904
71 0 521092
69 0 521176
71 1 521236
69 1 521325
68 0 521801
68 1 521919
65 0 522017
65 1 522209
32 0 522688
32 1 522800
8 0 523840
8 1 523929
188 0 524171
188 1 524236
32 0 524365
32 1 524426
67 0 524454
67 1 524534
79 0 524609
79 1 524674
80 0 524823
80 1 524892
73 0 525106
73 1 525219
73 0 525345
73 1 525434
73 0 525838
73 1 525927
32 0 526143
32 1 526242
78 0 526793
78 1 526900
85 0 527051
85 1 527126
32 0 527311
32 1 527400
83 0 527435
83 1 527566
84 0 527718
84 1 527817
73 0 527901
73 1 527980
85 0 528085
85 1 528159
32 0 528363
32 1 528461
83 0 529321
65 0 529415
83 1 529489
32 0 529591
65 1 529594
32 1 529695
70 0 529828
70 1 529918
73 0 529950
73 1 530010
69 0 530075
69 1 530159
32 0 530230
32 1 530294
83 0 530843
83 1 530979
85 0 531077
85 1 531166
70 0 531475
70 1 531549
73 0 531610
73 1 531681
67 0 531726
67 1 531811
73 0 531855
73 1 531924
69 0 531971
69 1 532051
78 0 532090
78 1 532175
84 0 532238
84 1 532322
32 0 532340
32 1 532410
68 0 532577
69 0 532675
68 1 532741
32 0 532834
69 1 532842
32 1 532904
82 0 542054
82 1 542160
8 0 543007
8 1 543138
68 0 544081
68 1 544184
73 0 544231
73 1 544324
83 0 544338
83 1 544442
67 0 544718
67 1 544797
73 0 544824
73 1 544905
80 0 545074
80 1 545144
76 0 545241
76 1 545306
73 0 545446
73 1 545506
78 0 545629
65 0 545699
78 1 545700
65 1 545826
84 0 545976
84 1 546070
73 0 546074
73 1 546145
32 0 546276
32 1 546355
73 0 546497
73 1 546549
65 0 546576
65 1 546699
82 0 546818
82 1 546897
32 0 546934
32 1 547013
73 0 547190
73 1 547264
78 0 547390
78 1 547469
32 0 547571
32 1 547655
65 0 547791
78 0 547935
65 1 547938
78 1 548024
85 0 548125
85 1 548189
77 0 548311
77 1 548399
73 0 548500
73 1 548576
84 0 548603
69 0 548654
84 1 548738
69 1 548842
32 0 548887
32 1 548966
77 0 549575
77 1 549683
69 0 549687
69 1 549772
68 0 549881
68 1 549975
73 0 549997
73 1 550045
73 0 550113
73 1 550184
32 0 550366
32 1 550422
65 0 551182
65 1 551318
67 0 552184
67 1 552310
69 0 552358
69 1 552446
83 0 552552
83 1 552660
8 0 553054
8 1 553110
8 0 553193
8 1 553258
8 0 553332
8 1 553402
8 0 553469
8 1 553549
8 0 553612
8 1 553714
191 0 554461
191 1 554498
83 0 554823
83 1 554922
67 0 555027
67 1 555112
79 0 555165
79 1 555216
76 0 555332
76 1 555407
73 0 555516
73 1 555572
32 0 556084
32 1 556149
65 0 556578
65 1 556709
67 0 556874
69 0 556990
67 1 557033
69 1 557121
83 0 557233
83 1 557336
84 0 557471
84 1 557559
32 0 557674
32 1 557749
70 0 558537
70 1 558630
65 0 558790
65 1 558925
80 0 558944
80 1 559018
84 0 559124
84 1 559203
32 0 559274
32 1 559339
68 0 560649
68 1 560757
85 0 560771
85 1 560840
67 0 560902
69 0 561014
67 1 561074
69 1 561173
32 0 561186
32 1 561279
76 0 562827
76 1 562931
65 0 562973
65 1 563086
32 0 563089
32 1 563169
79 0 563329
79 1 563390
32 0 563566
32 1 563639
69 0 563653
69 1 563715
88 0 563858
88 1 563976
84 0 564133
84 1 564212
82 0 564310
69 0 564360
82 1 564422
77 0 564492
69 1 564501
77 1 564605
65 0 564680
32 0 564778
65 1 564801
32 1 564853
80 0 566458
80 1 566589
69 0 566629
82 0 566721
69 1 566807
73 0 566857
82 1 566866
73 1 566955
67 0 567198
67 1 567307
85 0 567355
85 1 567434
76 0 567577
76 1 567680
79 0 567785
65 0 567840
79 1 567854
65 1 567953
83 0 568060
65 0 568134
83 1 568196
65 1 568307
188 0 568531
188 1 568601
32 0 568715
32 1 568794
73 0 568939
73 1 569009
78 0 569118
78 1 569202
32 0 569318
67 0 569382
32 1 569406
65 0 569443
67 1 569500
65 1 569594
82 0 569746
69 0 569796
82 1 569863
32 0 569967
69 1 569969
32 1 570049
80 0 576012
80 1 576091
65 0 576137
65 1 576264
82 0 576449
82 1 576543
84 0 576644
84 1 576719
73 0 576794
73 1 576887
67 0 576920
73 0 577023
67 1 577031
73 1 577107
80 0 577262
80 1 577323
65 0 577363
65 1 577494
82 0 577637
69 0 577738
82 1 577782
69 1 577880
65 0 578046
65 1 578177
32 0 578195
32 1 578284
76 0 578471
76 1 578559
65 0 578632
32 0 578729
65 1 578739
32 1 578814
83 0 578901
67 0 579018
83 1 579073
79 0 579148
67 1 579158
79 1 579228
65 0 579283
65 1 579391
76 0 579394
76 1 579469
65 0 579501
65 1 579595
32 0 579668
32 1 579720
78 0 581386
78 1 581536
85 0 581706
85 1 581804
32 0 582001
32 1 582085
77 0 583275
77 1 583430
65 0 583499
65 1 583640
73 0 583716
73 1 583810
32 0 583992
32 1 584099
69 0 586465
69 1 586594
32 0 586785
32 1 586921
65 0 594655
65 1 594823
88 0 594925
88 1 595007
65 0 595113
65 1 595234
84 0 597059
84 1 597172
65 0 597231
65 1 597361
32 0 597460
32 1 597520
80 0 598017
80 1 598096
69 0 598120
69 1 598198
32 0 598267
83 0 598346
32 1 598351
83 1 598464
84 0 598729
84 1 598832
85 0 598855
85 1 598925
68 0 599124
68 1 599222
73 0 599255
73 1 599348
85 0 599474
85 1 599557
32 0 599751
32 1 599834
67 0 600314
67 1 600400
73 0 600444
73 1 600513
32 0 600682
32 1 600751
68 0 600785
68 1 600884
79 0 600970
79 1 601024
65 0 601059
65 1 601205
82 0 601320
82 1 601403
32 0 601438
32 1 601503
80 0 601723
80 1 601780
69 0 601825
69 1 601896
32 0 601980
32 1 602054
69 0 602115
69 1 602204
88 0 602362
88 1 602459
80 0 602505
80 1 602576
69 0 602629
69 1 602741
82 0 602859
82 1 602956
73 0 603010
73 1 603071
69 0 603116
69 1 603214
78 0 604368
78 1 604461
84 0 604518
84 1 604602
65 0 604849
65 1 604980
190 0 605079
190 1 605149
32 0 605312
32 1 605377
16 0 607325
16 0 607843
16 0 607876
16 0 607909
16 0 607942
16 0 607976
16 0 608009
16 0 608042
16 0 608075
16 0 608108
16 0 608142
16 0 608174
16 0 608208
16 0 608241
16 0 608274
16 0 608307
16 0 608341
16 0 608374
16 0 608406
16 0 608440
16 0 608474
16 0 608507
16 0 608538
16 0 608572
16 0 608606
16 0 608638
16 0 608671
16 0 608705
16 0 608738
16 0 608772
16 0 608805
16 0 608839
16 0 608872
16 0 608904
16 0 608937
16 0 608971
16 0 609004
16 0 609038
16 0 609070
16 0 609103
16 0 609136
16 0 609170
16 0 609203
16 0 609236
16 0 609269
16 0 609302
16 0 609335
16 0 609369
16 0 609402
16 0 609435
16 0 609468
16 0 609501
16 0 609535
16 0 609568
16 0 609601
16 0 609634
16 0 609668
16 0 609701
16 0 609734
16 0 609766
16 0 609800
16 0 609833
16 0 609866
16 0 609900
16 0 609932
16 0 609966
16 0 609999
16 0 610032
16 0 610065
16 0 610098
16 0 610132
16 0 610165
16 0 610198
16 0 610231
16 0 610264
16 0 610297
16 0 610330
16 0 610363
16 0 610397
16 0 610430
16 0 610464
16 0 610496
16 0 610529
16 0 610562
16 0 610596
16 0 610629
16 0 610663
16 0 610696
16 0 610728
16 0 610762
16 0 610795
16 0 610828
16 0 610861
16 0 610894
16 0 610928
16 0 610960
16 0 610994
16 0 611027
16 0 611060
16 0 611093
16 0 611126
16 0 611160
16 0 611193
16 0 611226
16 0 611259
16 0 611292
16 0 611326
16 0 611359
16 0 611392
16 0 611425
16 0 611459
16 0 611492
16 0 611525
16 0 611558
16 0 611591
16 0 611624
16 0 611657
16 0 611691
16 0 611724
16 0 611757
16 0 611790
16 0 611823
16 0 611856
16 0 611889
16 0 611923
16 0 611955
16 0 611989
16 0 612022
16 0 612055
16 0 612089
16 0 612122
16 0 612155
16 0 612188
16 0 612223
16 0 612255
16 0 612288
16 0 612321
16 0 612354
16 0 612387
16 0 612420
16 0 612454
16 0 612487
16 0 612521
16 0 612553
16 0 612586
16 0 612620
16 0 612652
16 0 612686
16 0 612719
16 0 612754
16 0 612786
16 0 612819
16 0 612852
16 0 612885
16 0 612918
16 0 612951
16 0 612984
16 0 613018
16 0 613051
16 0 613084
16 0 613117
16 0 613150
16 0 613184
16 0 613216
16 0 613250
16 0 613284
16 0 613317
16 0 613350
16 0 613382
16 0 613416
16 0 613449
16 0 613482
16 0 613516
16 0 613548
16 0 613582
16 0 613615
16 0 613648
16 0 613681
16 0 613714
16 0 613747
16 0 613781
16 0 613814
16 0 613847
16 0 613881
16 0 613913
16 0 613947
16 0 613979
16 0 614013
16 0 614046
16 0 614079
16 0 614112
16 0 614146
16 0 614179
16 0 614212
16 0 614245
16 0 614279
16 0 614311
16 0 614345
16 0 614378
16 0 614411
16 0 614444
16 0 614477
16 0 614510
16 0 614544
16 0 614577
16 0 614610
16 0 614644
16 0 614676
16 0 614710
16 0 614743
16 0 614776
16 0 614810
16 0 614843
16 0 614876
16 0 614909
16 0 614942
16 0 614975
16 0 615008
16 0 615041
16 0 615075
16 0 615108
16 0 615141
16 0 615175
16 0 615207
16 0 615241
16 0 615274
16 0 615307
16 0 615341
16 0 615374
16 0 615406
16 0 615440
16 0 615473
16 0 615506
16 0 615539
16 0 615572
16 0 615606
16 0 615639
16 0 615672
16 0 615705
16 0 615738
16 0 615772
16 0 615805
16 0 615838
16 0 615872
16 0 615904
16 0 615937
16 0 615971
16 0 616004
16 0 616037
16 0 616070
16 0 616104
16 0 616137
16 0 616170
16 0 616203
16 0 616236
16 0 616269
16 0 616302
16 0 616336
16 0 616369
16 0 616403
16 0 616435
16 0 616469
16 0 616502
16 0 616535
16 0 616568
16 0 616601
16 0 616634
16 0 616667
16 0 616701
16 0 616734
16 0 616767
16 0 616800
16 0 616833
16 0 616867
16 0 616900
16 0 616933
16 0 616966
16 0 616999
16 0 617032
16 0 617066
16 0 617099
16 0 617132
16 0 617165
16 0 617199
16 0 617231
16 0 617265
16 0 617298
16 0 617331
16 0 617364
16 0 617398
16 0 617431
16 0 617464
16 0 617497
16 0 617531
16 0 617563
16 0 617597
16 0 617629
16 0 617663
16 0 617696
16 0 617729
16 0 617763
16 0 617795
16 0 617829
16 0 617862
16 0 617895
16 0 617929
16 0 617961
16 0 617995
16 0 618028
16 0 618061
16 0 618094
16 0 618128
16 0 618160
16 0 618194
16 0 618227
16 0 618260
16 0 618293
16 0 618327
16 0 618359
16 0 618393
16 0 618427
16 0 618459
16 0 618492
16 0 618525
16 0 618559
16 0 618592
16 0 618625
16 0 618658
16 0 618692
16 0 618725
16 0 618758
16 0 618791
16 0 618824
16 0 618857
16 0 618890
16 0 618924
16 0 618958
16 0 618990
16 0 619023
16 0 619057
16 0 619090
16 0 619122
16 0 619156
16 0 619189
16 0 619222
16 0 619255
16 0 619289
16 0 619322
16 0 619355
16 0 619388
16 0 619421
16 0 619454
16 0 619488
16 0 619521
16 0 619554
16 0 619587
16 0 619621
16 0 619654
16 0 619687
16 0 619721
16 0 619753
16 0 619786
16 0 619819
16 0 619853
16 0 619886
16 0 619919
16 0 619952
16 0 619986
16 0 620019
16 0 620051
16 0 620085
16 0 620118
16 0 620152
16 0 620185
16 0 620218
16 0 620251
16 0 620284
16 0 620317
16 0 620350
16 0 620383
16 0 620416
16 0 620450
16 0 620483
16 0 620517
16 0 620550
16 0 620583
16 0 620616
16 0 620649
16 0 620682
16 0 620716
16 0 620749
16 0 620781
16 0 620815
16 0 620848
16 0 620881
16 0 620914
16 0 620947
16 0 620981
16 0 621014
16 0 621047
16 0 621080
16 0 621114
16 0 621146
16 0 621180
16 0 621213
16 0 621246
16 0 621280
16 0 621313
16 0 621345
16 0 621379
16 0 621412
16 0 621445
16 0 621478
16 0 621512
16 0 621545
16 0 621578
16 0 621611
16 0 621644
16 0 621677
16 0 621711
16 0 621744
16 0 621777
16 0 621810
16 0 621843
16 0 621877
16 0 621910
16 0 621943
16 0 621976
16 0 622009
16 0 622042
16 0 622075
16 0 622109
16 0 622142
16 0 622175
16 0 622208
16 0 622241
16 0 622275
16 0 622308
16 0 622341
16 0 622374
16 0 622407
16 0 622440
16 0 622474
16 0 622506
16 0 622540
16 0 622574
16 0 622607
16 0 622639
16 0 622673
16 0 622706
16 0 622739
16 0 622773
16 0 622805
16 0 622839
16 0 622872
16 0 622904
16 0 622937
16 0 622970
16 0 623003
16 0 623036
16 0 623069
16 0 623103
16 0 623136
16 0 623169
16 0 623202
16 0 623235
16 0 623268
16 0 623301
16 0 623335
16 0 623368
16 0 623401
16 0 623434
16 0 623467
16 0 623501
16 0 623534
16 0 623567
16 0 623600
16 0 623634
16 0 623666
16 0 623699
16 0 623733
16 0 623766
16 0 623800
16 0 623833
16 0 623868
16 0 623901
16 0 623933
16 0 623967
16 0 624000
16 0 624033
16 0 624066
16 0 624099
16 0 624133
16 0 624166
16 0 624198
16 0 624232
16 0 624265
16 0 624298
16 0 624331
16 0 624365
16 0 624400
16 0 624431
16 0 624465
16 0 624498
16 0 624530
16 0 624564
16 0 624597
16 0 624630
16 0 624664
16 0 624696
16 0 624729
16 0 624763
16 0 624796
16 0 624829
16 0 624862
16 0 624895
16 0 624929
16 0 624962
16 0 624994
16 0 625027
16 0 625061
16 0 625093
16 0 625127
16 0 625161
16 0 625193
16 0 625227
16 0 625260
16 0 625293
16 0 625326
16 0 625359
16 0 625392
16 0 625426
16 0 625459
16 0 625492
16 0 625525
16 0 625558
16 0 625592
16 0 625625
16 0 625658
16 0 625692
16 0 625725
16 0 625758
16 0 625792
65 0 625814
16 1 625893
65 1 625949
83 0 626037
83 1 626144
84 0 626373
69 0 626466
84 1 626565
69 1 626664
80 0 626681
80 1 626751
84 0 626769
84 1 626849
32 0 627009
32 1 627046
79 0 627728
79 1 627794
32 0 627965
32 1 628058
82 0 628101
69 0 628160
82 1 628217
69 1 628278
70 0 628373
70 1 628462
79 0 628513
79 1 628571
82 0 628655
82 1 628749
77 0 628781
77 1 628846
65 0 629126
65 1 629233
32 0 629949
32 1 630095
65 0 630759
32 0 630880
65 1 630884
32 1 630955
73 0 631108
73 1 631169
78 0 631293
78 1 631368
86 0 631545
86 1 631614
65 0 631693
65 1 631802
84 0 631863
84 1 631942
65 0 631974
65 1 632068
77 0 633328
77 1 633440
65 0 633482
78 0 633574
65 1 633590
78 1 633641
84 0 633778
84 1 633861
85 0 633874
85 1 633931
76 0 634095
76 1 634152
85 0 634277
85 1 634337
73 0 634426
73 1 634486
32 0 634621
32 1 634691
67 0 634763
65 0 634894
67 1 634972
65 1 635062
82 0 635241
69 0 635339
82 1 635372
69 1 635461
32 0 635489
32 1 635544
83 0 635753
65 0 635842
83 1 635931
65 1 636066
32 0 636094
32 1 636155
65 0 638422
65 1 638580
73 0 638608
73 1 638664
66 0 638853
66 1 638908
65 0 638950
65 1 639025
32 0 639085
32 1 639140
79 0 639456
79 1 639521
32 0 639679
32 1 639743
67 0 641634
67 1 641741
79 0 641787
79 1 641852
78 0 641990
78 1 642076
84 0 642169
84 1 642248
73 0 642333
73 1 642398
78 0 642515
78 1 642585
85 0 642688
85 1 642748
73 0 642854
84 0 642913
73 1 642915
84 1 642990
65 0 643215
65 1 643302
84 0 643346
84 1 643416
69 0 643510
69 1 643584
32 0 643647
32 1 643707
80 0 643978
80 1 644025
69 0 644097
69 1 644176
32 0 644241
32 1 644296
67 0 644333
65 0 644423
67 1 644516
84 0 644605
65 1 644614
84 1 644665
73 0 644837
73 1 644912
86 0 645079
86 1 645144
65 0 645188
32 0 645285
65 1 645293
32 1 645346
65 0 645415
65 1 645494
78 0 645503
78 1 645564
73 0 645769
73 1 645826
188 0 646048
188 1 646100
32 0 646227
32 1 646296
78 0 646465
78 1 646530
85 0 646673
85 1 646729
32 0 646891
32 1 646947
83 0 650015
83 1 650098
65 0 650231
65 1 650320
32 0 650364
32 1 650434
83 0 650470
83 1 650537
69 0 650652
32 0 650698
69 1 650722
32 1 650773
77 0 650902
77 1 650980
79 0 651126
79 1 651195
68 0 651260
68 1 651344
70 0 651473
70 1 651543
73 0 653343
73 1 653474
67 0 653722
67 1 653848
69 0 653988
69 1 654095
32 0 654291
32 1 654360
68 0 659559
69 0 659642
68 1 659694
32 0 659773
69 1 659787
32 1 659834
76 0 660001
76 1 660067
65 0 660114
32 0 660212
65 1 660215
32 1 660269
85 0 660398
85 1 660454
78 0 660558
78 1 660652
32 0 660753
32 1 660827
65 0 660909
78 0 661001
65 1 661006
78 1 661067
32 0 661170
32 1 661234
76 0 661413
76 1 661469
65 0 661516
32 0 661605
65 1 661614
32 1 661675
65 0 661774
76 0 661892
65 1 661895
76 1 661957
84 0 662097
84 1 662186
85 0 662195
85 1 662250
76 0 662420
76 1 662476
190 0 662669
190 1 662720
16 0 694028
83 0 694381
16 1 694466
83 1 694517
69 0 694645
69 1 694725
65 0 694885
65 1 695002
77 0 695038
77 1 695207
65 0 695365
65 1 695566
78 0 695841
78 1 695972
65 0 696047
65 1 696155
32 0 696228
32 1 696317
79 0 696528
79 1 696616
32 0 696786
32 1 696889
83 0 697156
67 0 697282
83 1 697339
72 0 697403
67 1 697410
72 1 697479
69 0 697602
69 1 697663
77 0 697732
77 1 697835
65 0 697881
32 0 697971
65 1 697980
32 1 698055
68 0 698160
68 1 698245
73 0 698254
73 1 698319
78 0 698452
78 1 698528
32 0 698648
32 1 698727
71 0 698791
71 1 698861
82 0 698983
69 0 699029
82 1 699095
69 1 699151
8 0 699479
8 1 699544
8 0 699608
8 1 699682
8 0 699747
8 1 699809
16 0 700120
71 0 700366
71 1 700432
16 1 700469
82 0 700647
69 0 700679
82 1 700731
69 1 700797
67 0 700895
67 1 700994
73 0 701028
73 1 701076
65 0 701147
65 1 701255
32 0 701295
32 1 701361
16 0 701389
65 0 701557
78 0 701585
16 1 701636
78 1 701659
65 1 701707
84 0 701905
84 1 701989
73 0 702067
73 1 702110
67 0 702225
65 0 702333
67 1 702403
65 1 702520
190 0 702642
190 1 702709
32 0 702875
32 1 702921
16 0 706057
68 0 706378
16 1 706439
68 1 706509
79 0 706600
65 0 706659
79 1 706660
65 1 706787
82 0 706886
32 0 706955
82 1 706965
32 1 707035
80 0 707232
80 1 707293
82 0 707311
69 0 707353
82 1 707401
69 1 707461
83 0 707618
83 1 707740
85 0 707778
85 1 707843
80 0 708032
219 0 708037
219 1 708075
80 1 708088
85 0 708262
85 1 708337
78 0 708462
78 1 708536
188 0 709731
188 1 709801
32 0 709932
32 1 709992
68 0 710241
68 1 710325
73 0 710380
73 1 710436
78 0 710578
78 1 710644
32 0 710770
32 1 710841
80 0 718503
80 1 718670
82 0 718874
82 1 718976
73 0 719011
73 1 719091
67 0 719277
67 1 719385
73 0 719403
73 1 719464
78 0 719602
78 1 719676
65 0 719729
65 1 719850
32 0 719901
32 1 719948
80 0 722114
80 1 722180
65 0 722292
65 1 722428
86 0 722550
86 1 722616
65 0 722656
65 1 722773
74 0 723438
74 1 723635
85 0 723920
85 1 723986
76 0 724227
76 1 724302
85 0 724434
85 1 724500
73 0 724591
73 1 724661
32 0 724808
32 1 724874
68 0 724901
69 0 724971
68 1 725018
32 0 725046
32 1 725111
69 1 725116
74 0 725288
74 1 725354
79 0 725501
79 1 725562
83 0 725600
83 1 725703
44 1 727137
190 0 730122
190 1 730201
32 0 730402
32 1 730453
16 0 731110
80 0 731222
80 1 731274
16 1 731307
65 0 731423
65 1 731549
82 0 731686
69 0 731743
82 1 731809
32 0 731884
69 1 731888
32 1 731949
85 0 732162
85 1 732228
78 0 732336
78 1 732406
32 0 732515
32 1 732576
83 0 732604
83 1 732716
80 0 732816
80 1 732871
65 0 732955
65 1 733078
84 0 733239
84 1 733309
73 0 733342
73 1 733398
85 0 733499
85 1 733564
32 0 733706
32 1 733762
80 0 734211
80 1 734281
85 0 734458
85 1 734519
66 0 734590
66 1 734665
76 0 734751
76 1 734827
73 0 734972
73 1 735024
67 0 735085
67 1 735184
188 0 735281
188 1 735347
32 0 735463
32 1 735533
85 0 735742
85 1 735808
78 0 735906
78 1 735982
32 0 736078
32 1 736148
76 0 736374
76 1 736453
79 0 736554
79 1 736620
67 0 736663
67 1 736762
32 0 736817
32 1 736878
68 0 736932
69 0 737016
32 0 737071
68 1 737075
32 1 737143
69 1 737175
73 0 737301
73 1 737372
78 0 737496
78 1 737561
84 0 737566
84 1 737636
65 0 737798
76 0 737901
65 1 737947
76 1 737970
78 0 738133
78 1 738208
73 0 738355
73 1 738416
82 0 738505
69 0 738565
82 1 738640
69 1 738772
32 0 739315
32 1 739409
65 0 739593
65 1 739723
76 0 739768
76 1 739829
32 0 740066
32 1 740122
79 0 753270
79 1 753378
65 0 753430
77 0 753575
65 1 753589
77 1 753692
69 0 753752
78 0 753826
69 1 753854
78 1 753920
73 0 754047
73 1 754117
76 0 754239
76 1 754319
79 0 754413
79 1 754479
82 0 754502
82 1 754605
190 0 755193
190 1 755334
32 0 755511
32 1 755548
16 0 757444
16 0 757959
16 0 757992
16 0 758025
16 0 758059
16 0 758093
16 0 758125
16 0 758158
16 0 758191
16 0 758224
16 0 758257
16 0 758291
16 0 758324
16 0 758358
16 0 758390
78 0 758409
78 1 758536
16 1 758592
85 0 758657
85 1 758721
32 0 758876
32 1 758964
86 0 759144
86 1 759210
65 0 759223
68 0 759349
65 1 759415
68 1 759499
32 0 759513
32 1 759596
83 0 759696
65 0 759847
83 1 759945
32 0 760010
65 1 760033
32 1 760083
83 0 760169
83 1 760259
69 0 760358
69 1 760428
32 0 760527
32 1 760596
67 0 761422
67 1 761549
79 0 761585
79 1 761670
77 0 761797
69 0 761843
77 1 761891
82 0 761970
69 1 762040
82 1 762082
67 0 762220
67 1 762320
73 0 762347
73 1 762422
65 0 762478
65 1 762586
76 0 762594
76 1 762659
73 0 762762
73 1 762827
90 0 762835
90 1 762920
69 0 763058
69 1 763123
90 0 763270
90 1 763368
69 0 763491
69 1 763565
32 0 763654
32 1 763737
67 0 763963
69 0 764070
67 1 764155
86 0 764206
69 1 764214
86 1 764276
65 0 764415
65 1 764528
190 0 767641
190 1 767701
32 0 767870
32 1 767911
16 0 767982
83 0 768229
16 1 768318
85 0 768341
83 1 768393
85 1 768398
78 0 768515
78 1 768595
32 0 768749
32 1 768814
8 0 769489
8 1 769544
8 0 769628
8 1 769688
8 0 769765
8 1 769826
8 0 769900
8 1 769946
16 0 770190
79 0 770396
16 1 770423
79 1 770462
65 0 770499
65 1 770621
77 0 770629
77 1 770700
69 0 770783
69 1 770866
78 0 770871
78 1 770926
73 0 771083
73 1 771152
73 0 771197
73 1 771248
32 0 771416
32 1 771487
83 0 771927
83 1 772021
84 0 772068
84 1 772128
65 0 772223
65 1 772320
85 0 772514
85 1 772561
32 0 772751
32 1 772806
73 0 773424
73 1 773480
77 0 773595
77 1 773660
80 0 773877
80 1 773904
8 0 774577
8 1 774675
8 0 774808
8 1 774873
8 0 775332
8 1 775449
71 0 776890
82 0 776951
71 1 777021
85 0 777072
82 1 777100
85 1 777124
80 0 777339
80 1 777404
65 0 777442
65 1 777559
84 0 777713
84 1 777803
73 0 777817
73 1 777877
32 0 778015
32 1 778081
73 0 778228
73 1 778284
78 0 778389
78 1 778459
32 0 778570
32 1 778635
16 0 778978
192 0 779146
16 1 779264
192 1 779351
66 0 779799
66 1 779879
73 0 780047
73 1 780102
83 0 780135
83 1 780233
69 0 780349
82 0 780475
69 1 780546
82 1 780610
73 0 780675
73 1 780741
67 0 780869
67 1 780996
85 0 781028
85 1 781103
84 0 781221
84 1 781320
69 0 781488
69 1 781577
16 0 782032
192 0 782293
16 1 782359
192 1 782462
188 0 784744
188 1 784813
32 0 784975
32 1 785031
85 0 788962
85 1 789004
78 0 789154
78 1 789270
85 0 789616
85 1 789667
8 0 790126
8 1 790224
73 0 790459
73 1 790510
73 0 790586
73 1 790641
32 0 790811
32 1 790881
65 0 790982
65 1 791132
85 0 791296
85 1 791371
32 0 791572
32 1 791646
83 0 792418
83 1 792525
73 0 792548
73 1 792613
32 0 792761
67 0 792830
32 1 792840
69 0 792896
67 1 792981
86 0 793032
69 1 793039
86 1 793097
65 0 793240
65 1 793362
32 0 793398
32 1 793472
72 0 805031
72 1 805100
65 0 805148
65 1 805280
82 0 805461
82 1 805540
84 0 805656
84 1 805721
73 0 805871
73 1 805923
73 0 805995
73 1 806061
32 0 806215
32 1 806286
80 0 806480
80 1 806537
69 0 806554
69 1 806658
32 0 806769
32 1 806824
67 0 806873
65 0 806952
67 1 807060
65 1 807149
82 0 807305
69 0 807384
82 1 807469
69 1 807557
32 0 807580
32 1 807668
67 0 808553
67 1 808656
79 0 808737
79 1 808784
77 0 808966
77 1 809036
8 0 809382
8 1 809438
8 0 809541
8 1 809592
8 0 809676
8 1 809728
76 0 810650
76 1 810763
85 0 810906
85 1 810970
67 0 811003
67 1 811092
82 0 811241
69 0 811305
82 1 811362
69 1 811442
65 0 811595
65 1 811687
90 0 811803
65 0 811901
90 1 811995
65 1 812097
191 0 812672
191 1 812774
68 0 813170
69 0 813239
68 1 813305
69 1 813362
83 0 813475
83 1 813550
69 0 813641
69 1 813720
78 0 813873
78 1 813938
69 0 813957
69 1 814027
65 0 814150
65 1 814239
90 0 814341
65 0 814434
90 1 814522
65 1 814621
190 0 814793
190 1 814864
32 0 815049
32 1 815099
188 0 824458
188 1 824522
32 0 824629
32 1 824705
68 0 824728
65 0 824845
68 1 824891
65 1 824985
82 0 825081
82 1 825164
32 0 825174
32 1 825225
80 0 825414
80 1 825480
65 0 825485
65 1 825597
82 0 825695
82 1 825760
67 0 825910
65 0 825980
67 1 826045
32 0 826111
65 1 826132
32 1 826176
86 0 826432
86 1 826483
65 0 826501
65 1 826624
68 0 826693
68 1 826777
32 0 826817
32 1 826877
83 0 827192
83 1 827286
73 0 827329
73 1 827390
32 0 827550
32 1 827610
67 0 827628
69 0 827707
67 1 827768
86 0 827839
69 1 827843
86 1 827889
65 0 828034
65 1 828119
32 0 828184
32 1 828235
67 0 829218
67 1 829335
79 0 829470
79 1 829564
73 0 830091
73 1 830143
70 0 830490
70 1 830568
32 0 830645
32 1 830715
82 0 831333
82 1 831437
79 0 831484
79 1 831554
77 0 831687
77 1 831771
65 0 831859
65 1 831983
78 0 832075
78 1 832131
16 0 839479
79 0 839763
16 1 839809
79 1 839827
65 0 839938
77 0 840026
65 1 840045
77 1 840111
69 0 840385
69 1 840455
78 0 840495
78 1 840575
73 0 840727
73 1 840797
73 0 840825
73 1 840909
32 0 841092
32 1 841148
80 0 842800
80 1 842870
65 0 842906
65 1 843014
82 0 843142
82 1 843220
32 0 843243
32 1 843290
83 0 844041
65 0 844134
83 1 844237
32 0 844274
65 1 844316
32 1 844358
84 0 844546
84 1 844638
82 0 844730
82 1 844819
65 0 844990
65 1 845079
73 0 845107
73 1 845162
65 0 845195
83 0 845283
65 1 845387
83 1 845429
67 0 845551
65 0 845640
67 1 845737
65 1 845841
32 0 845864
32 1 845933
68 0 847008
69 0 847073
68 1 847148
69 1 847205
83 0 847316
83 1 847419
84 0 847553
84 1 847622
85 0 847631
85 1 847706
76 0 847862
76 1 847933
32 0 848062
32 1 848132
68 0 848165
69 0 848226
68 1 848305
32 0 848319
69 1 848393
32 1 848398
76 0 848704
76 1 848770
69 0 848858
69 1 848980
74 0 849414
74 1 849502
69 0 849530
69 1 849647
82 0 849734
82 1 849856
188 0 851583
188 1 851662
32 0 851789
32 1 851863
80 0 852058
80 1 852132
82 0 852160
69 0 852220
82 1 852277
79 0 852337
69 1 852346
79 1 852399
67 0 852547
67 1 852640
85 0 852658
85 1 852714
80 0 852922
80 1 852977
65 0 853000
65 1 853118
84 0 853304
84 1 853383
73 0 853444
73 1 853508
32 0 853707
32 1 853773
8 0 854426
8 1 854520
8 0 854603
8 1 854663
8 0 854750
8 1 854815
8 0 854903
8 1 854968
8 0 855014
8 1 855098
8 0 855187
8 1 855247
8 0 855341
8 1 855411
8 0 855508
8 1 855578
8 0 855676
8 1 855750
8 0 855855
8 1 855958
8 0 856118
8 1 856234
78 0 857448
78 1 857521
8 0 858250
8 1 858320
68 0 858824
69 0 858892
68 1 858968
69 1 859066
71 0 859440
71 1 859505
65 0 859625
65 1 859713
90 0 859946
65 0 860030
90 1 860124
65 1 860245
84 0 860898
84 1 861000
8 0 862103
8 1 862196
8 0 862277
8 1 862370
8 0 862468
8 1 862548
74 0 863469
74 1 863535
65 0 863571
65 1 863687
84 0 863880
84 1 863968
73 0 864002
73 1 864063
190 0 864801
190 1 864861
32 0 865062
32 1 865108
16 0 866120
78 0 866288
78 1 866375
16 1 866422
85 0 866526
85 1 866573
32 0 866740
32 1 866825
80 0 867259
80 1 867319
65 0 867352
65 1 867469
82 0 867619
82 1 867693
32 0 867716
32 1 867786
70 0 867913
70 1 867987
8 0 868399
8 1 868493
83 0 868615
65 0 868708
83 1 868769
32 0 868839
65 1 868890
32 1 868913
70 0 869449
70 1 869552
73 0 869621
73 1 869681
69 0 869742
69 1 869821
32 0 870305
32 1 870372
73 0 871285
73 1 871345
78 0 871473
78 1 871551
32 0 871659
32 1 871738
86 0 871752
86 1 871841
82 0 871972
69 0 872041
85 0 872106
82 1 872107
85 1 872177
69 1 872205
78 0 872311
78 1 872381
32 0 872480
32 1 872551
67 0 872587
67 1 872680
79 0 872730
79 1 872792
78 0 872934
78 1 872999
70 0 873004
70 1 873083
76 0 873175
76 1 873254
73 0 873361
73 1 873427
67 0 873499
67 1 873658
84 0 873810
84 1 873893
190 0 873961
190 1 874035
32 0 874232
32 1 874269
16 0 878759
67 0 879187
16 1 879234
67 1 879276
82 0 879416
69 0 879478
82 1 879523
69 1 879589
68 0 879657
68 1 879751
32 0 879798
32 1 879882
67 0 879919
65 0 880017
67 1 880097
32 0 880186
65 1 880189
32 1 880275
79 0 880656
79 1 880721
32 0 880861
32 1 880940
90 0 880949
90 1 881057
73 0 881090
73 1 881150
32 0 881276
32 1 881350
79 0 881512
79 1 881577
66 0 881865
66 1 881953
73 0 882254
73 1 882306
83 0 882454
83 1 882548
78 0 882600
78 1 882688
85 0 882812
85 1 882882
73 0 882991
73 1 883056
84 0 883074
84 1 883140
65 0 883338
65 1 883460
32 0 883492
32 1 883547
69 0 884176
69 1 884273
82 0 884345
82 1 884434
65 0 884660
65 1 884749
32 0 884777
32 1 884875
65 0 884954
65 1 885075
67 0 885245
67 1 885319
8 0 885756
8 1 885853
88 0 885910
65 0 886008
88 1 886102
65 1 886204
84 0 886463
84 1 886523
84 0 886566
84 1 886622
65 0 886808
65 1 886911
32 0 887035
32 1 887086
8 0 887423
8 1 887483
8 0 887559
8 1 887615
8 0 887680
8 1 887761
84 0 888232
84 1 888301
65 0 888486
65 1 888621
32 0 888688
32 1 888738
8 0 889249
8 1 889436
8 0 889520
8 1 889599
8 0 889865
8 1 889962
65 0 890719
65 1 890826
32 0 890947
32 1 891008
68 0 891720
69 0 891775
68 1 891845
69 1 891940
83 0 892076
83 1 892193
84 0 892412
84 1 892501
85 0 892514
85 1 892575
76 0 892711
76 1 892775
32 0 892921
68 0 892966
32 1 892990
69 0 893041
68 1 893103
32 0 893115
69 1 893177
32 1 893179
77 0 893489
77 1 893568
85 0 893672
85 1 893741
76 0 893872
76 1 893942
84 0 893965
84 1 894049
32 0 894090
32 1 894155
80 0 894364
80 1 894431
69 0 894488
69 1 894576
78 0 894663
78 1 894738
84 0 894772
82 0 894846
84 1 894888
85 0 894930
82 1 894972
85 1 894986
32 0 895155
32 1 895224
65 0 895327
65 1 895476
83 0 895541
83 1 895639
73 0 895671
73 1 895741
71 0 895933
71 1 896007
85 0 896059
85 1 896101
82 0 896202
82 1 896286
65 0 896439
65 1 896561
82 0 896679
69 0 896739
82 1 896795
69 1 896869
65 0 897037
65 1 897145
32 0 897172
32 1 897220
84 0 897849
84 1 897938
82 0 898059
82 1 898142
65 0 898344
65 1 898480
73 0 899019
73 1 899099
85 0 899193
85 1 899272
76 0 901073
76 1 901223
85 0 901284
85 1 901351
73 0 901446
73 1 901516
32 0 901677
32 1 901756
90 0 901852
90 1 901940
73 0 902040
73 1 902087
76 0 902210
76 1 902285
78 0 902421
78 1 902505
73 0 902630
73 1 902690
67 0 902761
67 1 902863
16 0 904313
190 0 904798
190 1 904868
16 1 904985
32 0 905348
32 1 905397
80 0 909571
80 1 909710
82 0 909768
82 1 909860
79 0 909883
79 1 909953
67 0 910170
67 1 910272
85 0 910296
85 1 910357
80 0 910559
80 1 910620
65 0 910654
65 1 910744
82 0 910951
69 0 911043
82 1 911100
69 1 911197
32 0 911234
32 1 911293
72 0 912430
72 1 912504
82 0 912533
82 1 912602
65 0 912795
65 1 912897
78 0 912942
78 1 913002
65 0 913069
65 1 913153
188 0 913657
188 1 913763
32 0 913970
32 1 914035
71 0 914700
71 1 914757
65 0 914784
65 1 914925
84 0 915096
84 1 915170
73 0 915230
73 1 915285
84 0 915333
84 1 915399
188 0 915621
188 1 915690
32 0 915871
32 1 915914
65 0 922655
65 1 922817
82 0 922920
82 1 922994
65 0 923163
65 1 923252
78 0 923319
78 1 923397
74 0 923541
74 1 923606
65 0 923614
65 1 923709
82 0 923866
69 0 923927
82 1 924011
69 1 924100
32 0 924109
32 1 924201
71 0 924802
71 1 924887
79 0 924993
79 1 925062
83 0 925114
83 1 925213
80 0 925313
80 1 925397
79 0 925489
79 1 925568
68 0 925720
68 1 925819
65 0 925926
65 1 926065
82 0 926166
82 1 926245
73 0 926329
73 1 926408
69 0 926487
69 1 926576
32 0 926737
32 1 926797
68 0 931178
68 1 931280
65 0 931432
65 1 931558
82 0 931729
82 1 931808
32 0 931882
32 1 931980
83 0 932028
83 1 932130
73 0 932202
73 1 932290
32 0 932469
32 1 932534
77 0 933990
77 1 934088
85 0 934213
85 1 934277
78 0 934436
78 1 934514
67 0 934572
65 0 934664
67 1 934754
65 1 934867
32 0 934871
32 1 934978
80 0 935210
80 1 935284
69 0 935333
69 1 935436
78 0 935478
78 1 935572
84 0 935622
82 0 935669
84 1 935739
85 0 935781
82 1 935828
85 1 935851
32 0 936371
32 1 936442
65 0 940025
65 1 940126
189 0 940329
189 1 940385
83 0 940447
83 1 940535
73 0 940641
73 1 940706
32 0 940868
32 1 940928
80 0 941185
80 1 941274
82 0 941386
82 1 941474
79 0 941523
79 1 941598
67 0 941744
85 0 941823
67 1 941828
85 1 941884
80 0 942087
80 1 942147
65 0 942213
65 1 942311
8 0 943471
8 1 943568
8 0 943660
8 1 943720
8 0 943808
8 1 943864
8 0 943961
8 1 944017
8 0 944113
8 1 944177
8 0 944271
8 1 944335
8 0 944718
8 1 944810
65 0 945011
65 1 945142
83 0 945390
83 1 945497
73 0 945543
73 1 945617
71 0 945844
71 1 945928
85 0 945988
85 1 946054
82 0 946211
82 1 946280
65 0 946838
65 1 946951
32 0 947037
32 1 947120
85 0 947294
85 1 947363
78 0 947473
78 1 947552
32 0 947644
32 1 947714
86 0 947861
86 1 947921
69 0 947953
69 1 948033
78 0 948076
78 1 948151
73 0 948304
73 1 948370
84 0 948408
84 1 948500
32 0 949067
32 1 949131
83 0 949461
65 0 949577
83 1 949642
85 0 949759
65 1 949768
85 1 949833
32 0 950024
32 1 950089
80 0 951774
80 1 951922
82 0 951941
82 1 952025
79 0 952067
79 1 952152
68 0 952326
68 1 952415
85 0 952463
85 1 952519
83 0 952652
83 1 952731
69 0 952881
69 1 952951
190 0 953184
190 1 953249
32 0 953438
32 1 953486
