16 0 37064
65 0 37216
16 1 37271
65 1 37327
70 0 37397
65 0 37462
70 1 37494
65 1 37651
82 0 37664
82 1 37734
65 0 37813
65 1 37872
32 0 38059
32 1 38172
69 0 38214
69 1 38328
83 0 38891
83 1 38967
84 0 39021
84 1 39092
69 0 39210
69 1 39283
32 0 39363
32 1 39437
79 0 39867
79 1 39950
32 0 40018
32 1 40091
86 0 40208
86 1 40281
82 0 40293
82 1 40377
69 0 40488
69 1 40542
77 0 40588
77 1 40656
69 0 40708
69 1 40777
32 0 40828
32 1 40882
8 0 41568
8 1 41659
8 0 42781
8 0 43288
8 0 43319
8 0 43350
8 0 43382
8 0 43413
8 0 43443
8 0 43475
8 0 43506
8 0 43538
8 0 43569
8 0 43600
8 1 43619
8 0 43889
8 0 44396
8 0 44426
8 0 44458
8 0 44489
8 0 44521
8 0 44552
8 0 44583
8 0 44614
8 0 44649
8 1 44656
86 0 44969
82 0 45036
86 1 45045
82 1 45128
69 0 45238
69 1 45322
77 0 45396
77 1 45468
69 0 45477
69 1 45551
65 0 45680
65 1 45739
32 0 45748
32 1 45879
68 0 45903
68 1 45977
69 0 46077
69 1 46172
32 0 46230
32 1 46336
65 0 46359
65 1 46471
70 0 46538
70 1 46603
65 0 46626
82 0 46691
65 1 46713
82 1 46767
65 0 46812
65 1 46871
32 0 46873
32 1 46942
69 0 47101
69 1 47168
83 0 47494
83 1 47601
84 0 47607
84 1 47696
69 0 47713
69 1 47800
32 0 47813
85 0 47932
32 1 47943
85 1 48000
78 0 48104
78 1 48197
65 0 48228
32 0 48295
65 1 48304
32 1 48370
82 0 48475
82 1 48556
69 0 48663
67 0 48723
69 1 48739
67 1 48773
69 0 48857
69 1 48940
188 0 49408
188 1 49413
32 0 49659
32 1 49762
68 0 49772
68 1 49844
69 0 49934
69 1 50012
83 0 50109
83 1 50194
8 0 50591
8 1 50652
8 0 50746
8 1 50832
8 0 50872
8 1 50978
8 0 51067
8 1 51104
32 0 51831
32 1 51936
8 0 52438
8 1 52561
32 0 53559
32 1 53683
8 0 54782
8 1 54912
8 0 63080
8 0 63587
8 0 63618
8 0 63649
8 0 63681
8 0 63711
8 0 63743
8 0 63774
8 0 63805
8 0 63837
8 0 63867
8 0 63899
8 0 63930
8 0 63962
8 0 63996
8 0 64027
8 0 64058
8 0 64089
8 0 64121
8 0 64152
8 0 64183
8 0 64214
8 0 64246
8 0 64277
8 0 64308
8 0 64339
8 0 64370
8 0 64402
8 0 64433
8 0 64464
8 0 64498
8 0 64530
8 0 64561
8 1 64574
16 0 97945
80 0 98092
16 1 98175
80 1 98185
82 0 98320
73 0 98385
82 1 98406
73 1 98451
77 0 98550
77 1 98610
85 0 98717
85 1 98763
76 0 98878
76 1 98952
32 0 99029
32 1 99115
67 0 99120
67 1 99196
85 0 99472
85 1 99528
86 0 99776
86 1 99847
65 0 99918
65 1 99988
78 0 100037
78 1 100095
84 0 100216
84 1 100287
32 0 100470
32 1 100525
67 0 101442
67 1 101522
65 0 101676
65 1 101748
82 0 101891
82 1 101965
69 0 102050
32 0 102129
69 1 102133
32 1 102187
77 0 102273
77 1 102334
73 0 102417
73 1 102483
189 0 102617
189 1 102677
65 0 102765
65 1 102834
32 0 102853
32 1 102954
86 0 103075
86 1 103131
69 0 103134
69 1 103219
78 0 103244
78 1 103316
73 0 103419
84 0 103474
73 1 103486
84 1 103519
32 0 103564
73 0 103658
32 1 103696
73 1 103736
78 0 103836
78 1 103893
32 0 104009
32 1 104123
77 0 104135
77 1 104210
73 0 104320
73 1 104365
78 0 104468
78 1 104528
84 0 104652
69 0 104710
84 1 104724
69 1 104801
32 0 104803
32 1 104891
67 0 104994
67 1 105063
65 0 105080
65 1 105152
78 0 105221
68 0 105266
78 1 105285
68 1 105328
32 0 105393
32 1 105448
65 0 105476
65 1 105552
77 0 105576
77 1 105624
32 0 105729
32 1 105788
86 0 105896
65 0 105955
86 1 105958
65 1 106013
90 0 106129
90 1 106187
85 0 106189
85 1 106252
84 0 106379
32 0 106449
84 1 106458
32 1 106537
65 0 106652
65 1 106725
67 0 106734
67 1 106810
69 0 106841
69 1 106907
65 0 107029
65 1 107099
83 0 107176
83 1 107246
84 0 107249
84 1 107310
65 0 107354
65 1 107414
32 0 107420
32 1 107502
73 0 107597
73 1 107655
78 0 107772
78 1 107828
84 0 107965
82 0 108013
84 1 108023
82 1 108080
69 0 108181
69 1 108261
66 0 108316
66 1 108375
65 0 108422
65 1 108508
82 0 108547
82 1 108601
69 0 108623
69 1 108700
32 0 108924
32 1 108986
65 0 109151
65 1 109216
187 0 109788
187 1 109797
8 0 109953
8 1 109995
8 0 110082
8 1 110148
8 0 110283
8 1 110345
32 0 110551
32 1 110587
8 0 111093
8 1 111159
188 0 111345
188 1 111392
32 0 111529
32 1 111595
65 0 111685
65 1 111751
32 0 111792
32 1 111843
70 0 111907
70 1 111962
79 0 112009
79 1 112064
83 0 112110
83 1 112200
84 0 112236
84 1 112301
32 0 112379
32 1 112445
82 0 113882
82 1 113975
69 0 114057
69 1 114155
67 0 114180
69 0 114253
67 1 114261
69 1 114348
190 0 114492
190 1 114524
32 0 114882
32 1 114938
16 0 115484
65 0 115587
16 1 115624
65 1 115700
70 0 115816
70 1 115874
65 0 115900
65 1 115972
82 0 116022
65 0 116078
82 1 116089
65 1 116149
8 0 116405
8 1 116469
8 0 116550
8 1 116613
8 0 116687
8 1 116777
8 0 116807
8 1 116894
8 0 116986
8 1 117041
8 0 117141
8 1 117185
32 0 117558
32 1 117611
16 0 118030
65 0 118185
16 1 118229
65 1 118309
70 0 118483
65 0 118509
70 1 118545
65 1 118563
8 0 119059
8 1 119122
8 0 119215
8 1 119269
8 0 119372
8 1 119435
8 0 119545
8 1 119615
32 0 120276
32 1 120341
16 0 127437
69 0 127684
16 1 127751
69 1 127775
83 0 127965
83 1 128156
84 0 128243
84 1 128319
69 0 128373
69 1 128469
32 0 128486
32 1 128579
79 0 129312
79 1 129465
32 0 129494
32 1 129572
86 0 129716
86 1 129797
82 0 129865
82 1 129929
77 0 130119
69 0 130166
77 1 130189
69 1 130273
8 0 130798
8 1 130851
8 0 130936
8 1 131012
69 0 131052
69 1 131139
77 0 131192
77 1 131265
69 0 131331
69 1 131390
32 0 131564
32 1 131658
68 0 131690
68 1 131771
69 0 131887
69 1 131979
32 0 131981
32 1 132108
73 0 132169
65 0 132241
73 1 132264
65 1 132331
82 0 132462
82 1 132545
78 0 132578
78 1 132637
65 0 132755
65 1 132810
188 0 133003
188 1 133064
32 0 133210
32 1 133285
68 0 133321
68 1 133405
65 0 133531
65 1 133584
82 0 133733
82 1 133817
32 0 133922
32 1 134032
70 0 134252
70 1 134319
65 0 134348
82 0 134418
65 1 134428
82 1 134505
65 0 134535
65 1 134577
32 0 134581
32 1 134642
90 0 134756
90 1 134817
65 0 134931
65 1 135002
80 0 135022
80 1 135086
65 0 135117
65 1 135180
68 0 135320
68 1 135346
65 0 135451
65 1 135542
188 0 135643
188 1 135732
32 0 135863
32 1 135923
8 0 136308
8 1 136378
8 0 136447
8 1 136510
188 0 136934
188 1 137003
8 0 137300
8 1 137366
190 0 137531
190 1 137636
32 0 137856
32 1 137931
65 0 138011
65 1 138110
67 0 138208
67 1 138298
69 0 138343
69 1 138429
8 0 138912
8 1 138966
8 0 139072
8 1 139114
16 0 139207
8 0 139210
8 1 139235
65 0 139311
16 1 139355
65 1 139420
86 0 139549
86 1 139626
69 0 139665
69 1 139754
65 0 139918
65 1 139970
8 0 140433
8 1 140487
8 0 140578
8 1 140632
8 0 140729
8 1 140800
67 0 140821
67 1 140888
69 0 141005
69 1 141084
86 0 141124
86 1 141190
65 0 141264
65 1 141321
32 0 141409
32 1 141471
86 0 141583
82 0 141632
86 1 141649
82 1 141719
69 0 141810
69 1 141882
77 0 141906
77 1 141973
69 0 141994
69 1 142057
8 0 142622
8 0 143131
8 0 143164
8 0 143193
8 0 143225
8 0 143256
8 0 143287
8 0 143319
8 0 143350
8 1 143357
69 0 143982
69 1 144086
65 0 144308
65 1 144373
32 0 144486
32 1 144550
8 0 145016
8 1 145089
8 0 145177
8 1 145257
8 0 145351
8 1 145412
8 0 145522
8 1 145577
8 0 145910
8 1 145986
16 0 147182
16 0 147688
16 0 147720
16 0 147751
16 0 147782
16 0 147814
16 0 147845
16 0 147875
65 0 147902
16 1 147974
65 1 148020
67 0 148183
67 1 148278
69 0 148407
69 1 148494
76 0 148516
76 1 148622
32 0 148698
32 1 148784
84 0 148819
73 0 148897
84 1 148915
73 1 148959
80 0 149085
80 1 149179
32 0 149251
68 0 149337
32 1 149340
68 1 149426
69 0 149517
32 0 149520
69 1 149609
32 1 149612
86 0 149718
86 1 149793
82 0 149795
82 1 149874
69 0 149970
69 1 150021
77 0 150071
69 0 150136
77 1 150140
69 1 150222
32 0 150265
32 1 150313
67 0 151090
67 1 151187
65 0 151326
65 1 151390
82 0 151444
82 1 151504
69 0 151565
69 1 151631
32 0 151637
32 1 151708
68 0 153541
68 1 153624
65 0 153749
65 1 153818
67 0 153847
67 1 153919
65 0 153929
65 1 153981
32 0 154060
32 1 154125
83 0 154210
83 1 154281
84 0 154357
84 1 154423
65 0 154473
65 1 154545
73 0 154606
73 1 154680
32 0 154773
32 1 154837
65 0 155076
65 1 155155
70 0 155201
70 1 155265
65 0 155268
65 1 155334
82 0 155387
65 0 155449
82 1 155452
65 1 155521
188 0 157107
188 1 157203
32 0 157608
32 1 157717
68 0 157740
68 1 157823
85 0 157867
85 1 157913
80 0 158061
65 0 158107
80 1 158151
65 1 158212
32 0 158251
32 1 158320
67 0 158516
67 1 158573
65 0 158584
65 1 158655
84 0 158680
84 1 158748
69 0 158803
69 1 158891
86 0 158895
86 1 158959
65 0 159078
65 1 159158
32 0 159229
32 1 159290
77 0 159407
77 1 159466
73 0 159574
73 1 159626
78 0 159720
78 1 159786
85 0 159882
85 1 159941
84 0 160067
69 0 160120
84 1 160128
69 1 160185
32 0 160279
32 1 160401
73 0 160426
73 1 160487
78 0 160578
67 0 160633
78 1 160650
67 1 160698
69 0 160805
69 1 160891
80 0 160906
80 1 160936
73 0 161049
73 1 161122
32 0 161217
83 0 161285
32 1 161292
83 1 161357
65 0 161459
65 1 161530
32 0 161537
32 1 161588
83 0 161719
83 1 161807
73 0 161862
73 1 161907
77 0 162023
77 1 162085
84 0 162208
84 1 162238
73 0 162603
73 1 162660
32 0 163045
32 1 163101
70 0 163417
70 1 163492
82 0 163594
82 1 163668
73 0 163727
73 1 163788
71 0 163910
85 0 163991
71 1 164000
85 1 164048
76 0 164171
76 1 164243
32 0 164329
32 1 164384
73 0 164511
73 1 164574
78 0 164707
78 1 164760
32 0 164909
32 1 164960
70 0 164992
70 1 165079
73 0 165127
73 1 165183
69 0 165209
69 1 165281
67 0 165357
67 1 165416
65 0 165446
65 1 165512
82 0 165539
82 1 165611
69 0 165656
69 1 165722
32 0 165752
32 1 165812
80 0 165968
80 1 166026
79 0 166116
79 1 166177
82 0 166213
82 1 166306
32 0 167114
32 1 167243
65 0 167342
65 1 167425
76 0 167453
76 1 167523
32 0 167656
32 1 167752
80 0 167918
80 1 167988
73 0 168121
73 1 168191
69 0 168380
69 1 168461
76 0 168493
76 1 168552
73 0 168651
73 1 168717
73 0 168792
73 1 168863
188 0 169024
188 1 169069
8 0 169437
8 1 169495
190 0 169747
190 1 169805
32 0 170202
32 1 170275
8 0 171026
8 1 171128
32 0 175478
16 0 175488
32 1 175574
68 0 175675
16 1 175721
68 1 175781
69 0 175910
69 1 175983
83 0 176100
73 0 176173
83 1 176191
73 1 176243
71 0 176399
71 1 176459
85 0 176558
82 0 176616
85 1 176621
82 1 176690
188 0 179286
188 1 179375
32 0 179544
32 1 179647
78 0 181906
78 1 181991
69 0 182009
69 1 182082
32 0 182122
32 1 182180
66 0 182356
66 1 182410
85 0 182511
85 1 182579
67 0 182596
85 0 182680
67 1 182691
85 1 182752
82 0 182861
82 1 182944
65 0 183091
20 0 183097
20 1 183131
65 1 183146
77 0 183152
77 1 183234
32 0 183321
32 1 183425
8 0 183909
8 1 183977
8 0 184064
8 1 184128
8 0 184600
8 0 185108
8 0 185139
8 0 185170
8 0 185201
8 0 185233
8 0 185264
8 0 185295
8 1 185313
8 0 185624
8 1 185725
84 0 185980
82 0 186017
84 1 186050
82 1 186099
69 0 186189
66 0 186254
69 1 186285
66 1 186314
85 0 186416
85 1 186479
73 0 186554
69 0 186583
73 1 186626
69 1 186637
32 0 186710
32 1 186765
8 0 186961
8 0 187467
8 0 187498
8 0 187529
8 0 187560
8 0 187592
8 0 187623
8 1 187652
8 0 187993
8 1 188119
20 0 188435
20 1 188576
84 0 188895
84 1 188985
82 0 189481
82 1 189563
69 0 189666
69 1 189757
66 0 189873
66 1 189927
85 0 190066
85 1 190105
73 0 190210
73 1 190282
69 0 190314
69 1 190393
32 0 190410
32 1 190520
83 0 190559
83 1 190632
65 0 190730
32 0 190794
65 1 190810
32 1 190882
78 0 190940
69 0 191007
78 1 191026
69 1 191078
32 0 191117
32 1 191194
66 0 191288
66 1 191352
85 0 191470
85 1 191542
67 0 191671
67 1 191764
85 0 192133
85 1 192237
82 0 192339
82 1 192412
65 0 192564
65 1 192649
77 0 192652
77 1 192756
32 0 192832
32 1 192916
68 0 192944
68 1 193018
69 0 193155
32 0 193173
69 1 193223
32 1 193266
70 0 193398
70 1 193495
73 0 193515
73 1 193525
69 0 193630
69 1 193703
67 0 193946
67 1 194024
65 0 194159
65 1 194221
82 0 194366
82 1 194441
69 0 194542
69 1 194616
32 0 194685
32 1 194733
65 0 195054
78 0 195112
65 1 195123
78 1 195172
79 0 195308
79 1 195391
73 0 195623
73 1 195680
77 0 195813
77 1 195871
8 0 196180
8 1 196232
8 0 196303
8 1 196356
84 0 196818
84 1 196920
73 0 196925
73 1 196979
77 0 197094
77 1 197151
80 0 197265
80 1 197327
188 0 197470
77 0 197473
77 1 197499
188 1 197515
8 0 197969
8 1 198037
32 0 198135
32 1 198216
67 0 198266
67 1 198350
85 0 198428
85 1 198530
8 0 198922
8 1 199016
85 0 199652
85 1 199739
32 0 199956
32 1 200069
80 0 200170
80 1 200261
65 0 200264
65 1 200357
82 0 200478
82 1 200553
84 0 200658
84 1 200695
73 0 200741
73 1 200794
67 0 200918
85 0 200938
67 1 200949
85 1 200992
76 0 201111
76 1 201209
65 0 201462
65 1 201547
84 0 201752
84 1 201805
73 0 201851
73 1 201916
8 0 202198
8 1 202253
8 0 202313
8 1 202397
82 0 202406
82 1 202511
73 0 202514
73 1 202563
84 0 202784
84 1 202890
65 0 203046
65 1 203126
82 0 203401
82 1 203473
8 0 203928
8 1 203981
84 0 204176
84 1 204272
73 0 204312
73 1 204376
76 0 204496
69 0 204568
76 1 204596
69 1 204643
32 0 204734
76 0 204824
32 1 204840
76 1 204934
85 0 205069
85 1 205120
73 0 205194
73 1 205279
190 0 205437
190 1 205516
32 0 205668
32 1 205745
16 0 208962
16 0 209468
16 0 209500
16 0 209531
16 0 209566
16 0 209594
16 0 209628
16 0 209659
16 0 209690
16 0 209722
16 0 209753
16 0 209784
16 0 209815
16 0 209846
16 0 209878
16 0 209909
16 0 209940
16 0 209971
16 0 210002
16 0 210033
16 0 210065
16 0 210096
16 0 210131
16 0 210161
16 0 210192
16 0 210223
16 0 210255
16 0 210286
16 0 210317
16 0 210349
16 0 210380
16 0 210411
16 0 210442
86 0 210455
86 1 210562
16 1 210576
8 0 211327
8 1 211449
16 0 212086
86 0 212345
16 1 212415
86 1 212437
82 0 212545
82 1 212635
69 0 212715
69 1 212806
77 0 212822
77 1 212891
69 0 212908
69 1 212988
65 0 213112
32 0 213174
65 1 213198
32 1 213322
80 0 213325
69 0 213390
80 1 213400
69 1 213465
82 0 213560
82 1 213635
70 0 213734
70 1 213810
69 0 213898
69 1 213966
67 0 214108
67 1 214190
84 0 214251
84 1 214323
65 0 214342
65 1 214407
32 0 214430
32 1 214502
80 0 214614
69 0 214663
80 1 214681
69 1 214752
78 0 214815
78 1 214892
84 0 214894
84 1 214962
82 0 215049
82 1 215148
85 0 215151
85 1 215209
32 0 215278
32 1 215342
77 0 215470
77 1 215535
73 0 215641
73 1 215693
78 0 215796
78 1 215856
69 0 215859
69 1 215933
32 0 216014
32 1 216087
69 0 216166
69 1 216237
83 0 216341
83 1 216423
84 0 216454
84 1 216521
69 0 216547
69 1 216626
32 0 216648
32 1 216702
67 0 217895
69 0 217959
67 1 217969
69 1 218050
65 0 218220
65 1 218261
32 0 218346
32 1 218395
68 0 218471
68 1 218572
73 0 218594
73 1 218645
78 0 218769
78 1 218817
32 0 218914
32 1 218985
86 0 219096
86 1 219155
65 0 219183
65 1 219254
82 0 219297
82 1 219354
65 0 219375
65 1 219449
188 0 220731
188 1 220815
32 0 220941
32 1 220992
80 0 221136
69 0 221197
80 1 221200
69 1 221270
78 0 221330
78 1 221397
84 0 221725
84 1 221798
82 0 221875
82 1 221960
85 0 221963
85 1 222035
32 0 222097
32 1 222182
67 0 222188
67 1 222267
65 0 222366
65 1 222444
32 0 222450
32 1 222535
68 0 222576
68 1 222637
65 0 222783
65 1 222847
188 0 224106
188 1 224125
32 0 224449
32 1 224542
16 0 224558
73 0 224699
73 1 224721
16 1 224759
8 0 225149
8 1 225221
73 0 225347
73 1 225412
77 0 225495
77 1 225564
73 0 225663
73 1 225744
32 0 225794
80 0 225915
32 1 225930
80 1 225990
76 0 226056
76 1 226134
65 0 226141
65 1 226207
67 0 226328
67 1 226390
69 0 226499
69 1 226587
32 0 226614
32 1 226675
67 0 226732
67 1 226804
65 0 226917
65 1 226980
76 0 226987
76 1 227046
68 0 227114
68 1 227203
85 0 227259
85 1 227320
82 0 227328
82 1 227409
65 0 227537
65 1 227610
190 0 227892
190 1 228017
32 0 228183
16 0 228284
32 1 228299
73 0 228421
73 1 228478
16 1 228491
77 0 228602
77 1 228664
73 0 228766
73 1 228832
32 0 228902
32 1 228991
80 0 229033
80 1 229094
76 0 229179
76 1 229246
65 0 229253
65 1 229351
67 0 229444
67 1 229509
69 0 229512
69 1 229587
32 0 229659
32 1 229735
83 0 229779
83 1 229845
65 0 229942
32 0 230017
65 1 230026
32 1 230071
77 0 230164
77 1 230255
65 0 230303
65 1 230346
32 0 230401
32 1 230476
77 0 232015
77 1 232117
65 0 232616
65 1 232717
78 0 232934
78 1 232998
71 0 233216
71 1 233290
65 0 233333
65 1 233392
73 0 233481
73 1 233550
69 0 233585
69 1 233640
32 0 233679
32 1 233770
83 0 233820
83 1 233892
79 0 233899
79 1 233972
65 0 234025
65 1 234077
82 0 234213
82 1 234277
69 0 234369
69 1 234450
76 0 234473
76 1 234539
69 0 234558
69 1 234635
188 0 234834
188 1 234932
32 0 235206
32 1 235300
83 0 235979
83 1 236077
65 0 236191
65 1 236269
32 0 236349
32 1 236399
83 0 236517
83 1 236586
73 0 236639
73 1 236700
77 0 236842
77 1 236913
84 0 237094
84 1 237180
32 0 237270
32 1 237353
8 0 240120
8 0 240626
8 0 240657
8 0 240689
8 0 240720
8 0 240751
8 0 240782
8 0 240817
8 1 240843
83 0 245009
83 1 245160
65 0 245470
65 1 245521
32 0 246506
32 1 246628
70 0 246946
70 1 247041
73 0 247224
73 1 247293
69 0 247330
69 1 247402
32 0 247597
32 1 247704
84 0 247795
84 1 247871
79 0 247890
79 1 247944
84 0 247989
84 1 248079
85 0 248108
85 1 248162
76 0 248290
76 1 248379
32 0 248499
32 1 248563
80 0 249589
80 1 249679
76 0 249794
76 1 249850
73 0 249965
73 1 250010
78 0 250111
78 1 250180
32 0 250289
32 1 250369
68 0 250387
68 1 250469
69 0 250566
69 1 250636
32 0 250638
32 1 250716
86 0 250763
86 1 250832
73 0 250848
73 1 250914
65 0 250993
65 1 251052
84 0 251100
65 0 251166
84 1 251170
65 1 251226
32 0 251259
73 0 251380
32 1 251384
73 1 251446
78 0 251573
78 1 251616
32 0 251729
32 1 251824
74 0 251880
74 1 251931
85 0 252043
85 1 252092
82 0 252122
82 1 252219
85 0 252230
85 1 252326
76 0 252459
76 1 252553
32 0 252624
32 1 252739
77 0 252803
77 1 252868
69 0 252872
69 1 252947
85 0 252997
85 1 253064
190 0 253223
190 1 253254
32 0 253430
32 1 253514
8 0 279736
8 1 279838
8 0 280037
8 1 280121
188 0 280342
188 1 280418
32 0 280728
32 1 280805
83 0 280907
83 1 280993
69 0 281103
69 1 281192
32 0 281253
32 1 281319
73 0 282378
73 1 282494
78 0 282864
78 1 282942
70 0 283102
70 1 283181
76 0 283217
76 1 283273
85 0 283444
85 1 283517
8 0 283907
8 1 284011
73 0 284135
73 1 284199
76 0 284386
76 1 284491
8 0 284968
8 1 285020
8 0 285133
8 1 285205
8 0 285319
8 1 285354
73 0 286264
73 1 286363
76 0 286571
76 1 286655
84 0 287065
84 1 287150
82 0 287154
82 1 287221
69 0 287317
69 1 287423
65 0 287529
65 1 287637
90 0 287749
90 1 287833
65 0 287932
65 1 288021
46 0 289168
46 0 289668
46 0 289699
46 0 289730
46 0 289761
46 1 289786
46 0 290100
46 1 290245
46 0 290346
46 0 290846
46 0 290877
46 0 290909
46 0 290940
46 0 290971
46 0 291002
46 0 291034
46 0 291065
46 0 291096
46 1 291114
73 0 292480
73 1 292581
8 0 293940
8 1 294092
32 0 294194
32 1 294299
73 0 294400
73 1 294496
78 0 294640
78 1 294721
32 0 294876
32 1 294945
46 0 296015
46 1 296070
46 0 296165
46 1 296226
46 0 296321
46 1 296381
46 0 296478
46 1 296534
8 0 329374
8 1 329404
8 0 329486
8 1 329564
188 0 330640
188 1 330717
8 0 331488
8 1 331586
191 0 332329
191 1 332442
8 0 332825
8 1 332893
190 0 333049
190 1 333106
32 0 333627
32 1 333698
16 0 336061
68 0 336194
16 1 336255
68 1 336287
65 0 336412
65 1 336482
82 0 336536
82 1 336617
32 0 336665
32 1 336733
67 0 336791
67 1 336865
69 0 336972
76 0 337035
69 1 337053
76 1 337134
32 0 337190
32 1 337264
77 0 337342
77 1 337421
65 0 337533
65 1 337602
73 0 337654
73 1 337736
32 0 337827
32 1 337889
77 0 338002
77 1 338062
85 0 338177
85 1 338223
76 0 338337
76 1 338428
84 0 338463
84 1 338559
32 0 338578
32 1 338691
73 0 338729
73 1 338806
77 0 338903
77 1 338969
73 0 339069
73 1 339148
32 0 339215
32 1 339269
80 0 339361
80 1 339445
76 0 339527
65 0 339616
76 1 339631
65 1 339692
67 0 339855
67 1 339884
69 0 340029
69 1 340110
32 0 340504
32 1 340611
83 0 346100
83 1 346169
79 0 346211
79 1 346317
65 0 346341
65 1 346409
82 0 346571
82 1 346643
69 0 346736
76 0 346811
69 1 346815
69 0 346911
76 1 346915
69 1 346982
32 0 347008
32 1 347088
73 0 352240
73 1 352339
78 0 352472
78 1 352525
32 0 352640
32 1 352689
67 0 352743
67 1 352817
79 0 352847
79 1 352909
77 0 353017
77 1 353081
66 0 353116
66 1 353189
73 0 353194
73 1 353245
78 0 353338
65 0 353426
78 1 353430
65 1 353521
84 0 353608
84 1 353670
73 0 353783
69 0 353837
73 1 353853
69 1 353907
32 0 353960
32 1 354041
67 0 354062
85 0 354155
67 1 354170
85 1 354220
32 0 354263
32 1 354327
82 0 354471
82 1 354566
8 0 354848
8 1 354927
66 0 355090
82 0 355146
66 1 355154
82 1 355246
73 0 355299
73 1 355359
90 0 355440
90 1 355522
65 0 355646
65 1 355733
32 0 355775
32 1 355877
77 0 355992
65 0 356061
77 1 356069
65 1 356140
82 0 356286
82 1 356363
73 0 356383
73 1 356439
73 0 356505
73 1 356565
190 0 356748
190 1 356861
32 0 357053
32 1 357122
16 0 467255
16 0 467762
16 0 467793
16 0 467824
16 0 467855
16 0 467886
16 0 467921
16 0 467952
16 0 467983
16 0 468014
16 0 468046
16 0 468077
16 0 468108
16 0 468139
16 0 468170
16 0 468202
16 0 468233
16 0 468264
16 0 468296
16 0 468327
16 0 468358
16 0 468389
16 0 468423
16 0 468455
16 0 468486
16 0 468517
16 0 468548
16 1 468574
16 0 469476
90 0 469651
16 1 469728
90 1 469768
73 0 469809
73 1 469889
85 0 469964
65 0 470043
85 1 470053
65 1 470143
32 0 470155
32 1 470269
73 0 470316
73 1 470412
68 0 470705
68 1 470777
69 0 470891
69 1 470953
65 0 471123
65 1 471197
76 0 471257
76 1 471332
65 0 471360
65 1 471414
32 0 471461
32 1 471577
80 0 471607
80 1 471678
69 0 471700
69 1 471780
78 0 471828
78 1 471909
84 0 471972
84 1 472031
82 0 472131
85 0 472197
82 1 472212
85 1 472303
32 0 472325
32 1 472402
77 0 472491
77 1 472576
73 0 472682
73 1 472741
78 0 472860
69 0 472919
78 1 472940
69 1 472991
32 0 473057
32 1 473131
69 0 473184
69 1 473251
83 0 473386
83 1 473450
84 0 473519
84 1 473590
69 0 473604
69 1 473671
32 0 473754
32 1 473805
90 0 474818
90 1 474931
73 0 474934
73 1 475001
85 0 475089
85 1 475178
65 0 475448
65 1 475525
8 0 475836
8 1 475898
8 0 475975
8 1 476045
8 0 476114
8 1 476177
8 0 476254
8 1 476305
79 0 476597
79 1 476675
82 0 476681
82 1 476753
73 0 476811
73 1 476893
67 0 476957
67 1 477043
65 0 477186
65 1 477272
82 0 477479
82 1 477548
69 0 477612
69 1 477662
32 0 477956
32 1 478037
68 0 478137
68 1 478214
73 0 478237
73 1 478292
78 0 478400
78 1 478453
32 0 478547
32 1 478603
90 0 478680
90 1 478784
73 0 478791
73 1 478848
76 0 478989
76 1 479056
69 0 479075
69 1 479140
76 0 479161
76 1 479222
69 0 479239
69 1 479287
32 0 479333
32 1 479425
73 0 479459
73 1 479504
78 0 479626
78 1 479687
32 0 479830
32 1 479902
67 0 480046
67 1 480097
65 0 480118
65 1 480204
82 0 480221
82 1 480289
69 0 480327
69 1 480378
32 0 480410
32 1 480475
83 0 480532
85 0 480572
83 1 480612
85 1 480624
78 0 480739
78 1 480791
32 0 480883
32 1 480946
73 0 481082
73 1 481135
78 0 481243
78 1 481305
8 0 481557
8 1 481612
8 0 481678
8 1 481754
8 0 481820
8 1 481896
84 0 481959
84 1 482057
32 0 482179
32 1 482260
73 0 482341
73 1 482411
78 0 482509
78 1 482570
32 0 482656
32 1 482719
86 0 482842
86 1 482918
65 0 482923
65 1 482996
67 0 483060
67 1 483112
65 0 483115
65 1 483191
78 0 483275
78 1 483318
84 0 483451
84 1 483511
65 0 483546
65 1 483622
188 0 483749
188 1 483792
32 0 484716
32 1 484781
85 0 484889
85 1 484944
78 0 485037
68 0 485120
78 1 485126
68 1 485163
69 0 485274
86 0 485340
69 1 485347
86 1 485409
65 0 485493
65 1 485567
32 0 485635
32 1 485727
76 0 485999
76 1 486122
65 0 486158
65 1 486246
32 0 486264
79 0 486352
32 1 486371
79 1 486450
32 0 486507
32 1 486604
77 0 486630
65 0 486672
77 1 486715
65 1 486761
82 0 486889
82 1 486948
69 0 486950
69 1 487035
190 0 487194
190 1 487255
79 0 487470
79 1 487532
8 0 487703
8 1 487761
8 0 487834
8 1 487904
191 0 488059
190 0 488064
190 1 488073
191 1 488086
8 0 488535
8 1 488599
79 0 488776
79 1 488853
67 0 488866
67 1 488949
69 0 489067
69 1 489140
65 0 489266
65 1 489362
78 0 489370
78 1 489418
190 0 489563
190 1 489619
32 0 489958
32 1 490011
16 0 491612
68 0 491811
16 1 491873
68 1 491910
65 0 492033
65 1 492103
82 0 492142
82 1 492207
32 0 492279
32 1 492347
82 0 492460
69 0 492527
82 1 492531
69 1 492596
86 0 492674
69 0 492714
86 1 492740
69 1 492778
78 0 493213
78 1 493271
73 0 493365
73 1 493426
78 0 493551
78 1 493619
68 0 493777
68 1 493864
32 0 493925
32 1 493977
76 0 494107
76 1 494173
65 0 494220
65 1 494273
32 0 494355
32 1 494434
90 0 494499
90 1 494564
73 0 494575
73 1 494627
76 0 494747
69 0 494780
76 1 494810
69 1 494857
76 0 494898
69 0 494973
76 1 494977
69 1 495002
32 0 495070
32 1 495118
67 0 495178
79 0 495236
67 1 495254
79 1 495311
84 0 495414
84 1 495501
73 0 495509
73 1 495570
68 0 496002
68 1 496086
73 0 496102
73 1 496156
69 0 496216
69 1 496285
78 0 496316
78 1 496378
69 0 496420
69 1 496462
188 0 496683
188 1 496751
32 0 496986
32 1 497048
68 0 498601
73 0 498691
68 1 498696
73 1 498760
77 0 498889
77 1 498942
73 0 499033
73 1 499089
78 0 499186
69 0 499265
78 1 499270
69 1 499326
65 0 499464
84 0 499521
65 1 499536
84 1 499600
65 0 499650
65 1 499697
32 0 499753
32 1 499807
83 0 499901
83 1 499986
85 0 499993
85 1 500059
78 0 500175
84 0 500241
78 1 500244
84 1 500327
32 0 500366
32 1 500427
84 0 500668
84 1 500741
82 0 500745
82 1 500813
69 0 500909
69 1 500970
90 0 501134
90 1 501237
73 0 501307
73 1 501365
84 0 501428
84 1 501510
65 0 501695
65 1 501748
32 0 501951
32 1 501979
68 0 508191
68 1 508272
69 0 508386
69 1 508470
32 0 508767
32 1 508890
67 0 509318
67 1 509427
69 0 509566
69 1 509651
76 0 509722
76 1 509778
8 0 510048
8 0 510555
8 0 510586
8 0 510617
8 0 510649
8 0 510680
8 0 510711
8 0 510745
8 0 510777
8 0 510807
8 0 510839
8 0 510870
8 1 510898
8 0 513162
8 1 513221
8 0 513299
8 1 513354
8 0 513434
8 1 513499
8 0 513574
8 1 513655
8 0 513730
8 1 513800
8 0 513880
8 1 513945
8 0 514031
8 1 514097
8 0 514219
8 1 514243
188 0 518644
188 1 518752
32 0 518846
32 1 518924
67 0 518993
72 0 519059
67 1 519075
72 1 519122
73 0 519217
65 0 519294
73 1 519296
65 1 519365
82 0 519494
82 1 519578
32 0 519635
32 1 519705
68 0 519717
68 1 519798
65 0 519913
67 0 519978
65 1 519985
67 1 520038
65 0 520088
65 1 520136
32 0 520159
32 1 520244
83 0 520280
85 0 520303
83 1 520338
85 1 520363
78 0 520467
78 1 520539
84 0 520542
84 1 520630
32 0 520635
32 1 520706
84 0 520805
84 1 520883
82 0 520909
82 1 520981
69 0 521069
69 1 521128
90 0 521283
90 1 521365
73 0 521459
73 1 521533
83 0 521577
83 1 521649
84 0 521729
84 1 521799
69 0 521823
69 1 521894
32 0 521912
32 1 521976
8 0 522664
8 1 522724
8 0 522806
8 1 522868
8 0 522953
8 1 523010
8 0 523098
8 1 523172
8 0 523253
8 1 523329
73 0 523939
73 1 524002
84 0 524166
84 1 524245
65 0 524269
65 1 524333
32 0 524395
32 1 524458
68 0 525359
68 1 525432
69 0 525542
69 1 525620
86 0 525696
66 0 525699
66 1 525705
86 1 525761
82 0 525791
82 1 525856
69 0 525951
69 1 526023
77 0 526091
77 1 526143
69 0 526203
69 1 526273
8 0 526484
8 1 526536
8 0 526637
8 1 526698
8 0 526775
8 1 526834
8 0 526918
8 1 526968
8 0 527057
8 1 527129
82 0 527317
82 1 527396
69 0 527527
69 1 527607
77 0 527937
77 1 527984
69 0 528084
69 1 528162
188 0 528240
188 1 528278
32 0 528467
32 1 528534
83 0 528607
83 1 528664
85 0 528698
73 0 528700
73 1 528704
85 1 528727
78 0 528869
78 1 528923
84 0 528933
84 1 529032
8 0 529280
8 1 529338
8 0 529420
8 1 529475
8 0 529552
8 1 529622
78 0 529783
78 1 529852
84 0 529869
84 1 529944
32 0 529976
32 1 530042
84 0 530208
84 1 530283
82 0 530290
82 1 530355
69 0 530437
69 1 530504
90 0 530656
90 1 530754
73 0 530769
73 1 530827
84 0 530982
84 1 531055
65 0 531085
65 1 531143
32 0 531147
32 1 531220
68 0 531321
68 1 531373
69 0 531461
69 1 531536
32 0 531559
32 1 531643
71 0 531963
71 1 532042
76 0 532399
76 1 532471
65 0 532533
65 1 532593
83 0 532723
83 1 532780
85 0 532851
85 1 532908
76 0 533235
76 1 533290
32 0 533453
32 1 533518
67 0 537255
67 1 537352
69 0 537472
69 1 537558
76 0 537608
76 1 537686
69 0 537689
69 1 537748
79 0 537817
79 1 537876
32 0 537965
32 1 538060
8 0 538354
8 1 538403
8 0 538474
8 1 538538
79 0 538651
73 0 538672
73 1 538692
79 1 538710
32 0 538813
32 1 538893
8 0 539118
8 1 539174
8 0 539245
8 1 539307
8 0 539378
8 1 539452
73 0 539587
73 1 539627
32 0 540091
32 1 540196
77 0 540728
77 1 540798
65 0 540845
65 1 540917
73 0 540945
73 1 541006
32 0 541078
32 1 541159
68 0 541197
85 0 541260
68 1 541268
85 1 541318
76 0 541455
76 1 541525
67 0 541586
67 1 541656
73 0 541675
73 1 541733
32 0 541891
32 1 541962
70 0 542233
70 1 542301
73 0 542319
73 1 542374
73 0 542443
73 1 542499
78 0 542616
78 1 542677
84 0 542820
69 0 542874
84 1 542882
69 1 542941
32 0 542992
32 1 543052
68 0 543090
68 1 543138
69 0 543236
32 0 543290
69 1 543313
80 0 543403
32 1 543419
69 0 543488
80 1 543493
69 1 543551
32 0 543592
80 0 543700
32 1 543706
69 0 543774
80 1 543778
69 1 543836
8 0 544229
8 1 544289
65 0 544354
65 1 544438
77 0 544490
77 1 544557
65 0 544595
65 1 544673
78 0 544826
77 0 544829
77 1 544848
78 1 544852
84 0 545044
84 1 545136
8 0 545275
8 1 545324
8 0 545390
8 1 545469
84 0 545485
84 1 545562
32 0 545823
32 1 545912
16 0 545954
186 0 546115
186 1 546169
16 1 546243
8 0 546799
8 1 546871
8 0 546960
8 1 547009
188 0 547649
188 1 547724
8 0 548367
8 1 548449
32 0 548535
32 1 548607
83 0 548689
83 1 548763
73 0 548783
73 1 548852
8 0 549100
8 1 549160
8 0 549233
8 1 549299
188 0 549435
188 1 549551
32 0 549609
32 1 549687
83 0 549697
83 1 549775
73 0 549780
73 1 549851
32 0 549911
32 1 549985
65 0 550024
65 1 550108
78 0 550142
78 1 550205
85 0 550320
85 1 550376
77 0 550496
69 0 550553
77 1 550570
69 1 550627
32 0 550649
32 1 550725
70 0 550959
70 1 551000
69 0 551564
69 1 551678
82 0 551801
82 1 551848
73 0 551901
73 1 551963
84 0 551988
84 1 552049
8 0 552367
8 1 552423
8 0 552498
8 1 552572
8 0 552642
8 1 552727
84 0 553483
84 1 553543
73 0 553579
73 1 553629
84 0 553642
84 1 553745
65 0 553900
32 0 553983
65 1 553997
32 1 554077
77 0 554139
69 0 554185
77 1 554229
69 1 554267
65 0 554391
65 1 554478
190 0 554495
190 1 554555
32 0 555147
32 1 555235
16 0 571878
73 0 572066
73 1 572151
16 1 572162
78 0 572550
78 1 572622
67 0 572679
67 1 572738
69 0 572871
69 1 572921
80 0 572934
80 1 573019
32 0 573128
32 1 573216
68 0 573246
68 1 573333
73 0 573345
73 1 573403
77 0 573510
77 1 573569
73 0 573668
73 1 573724
78 0 573841
78 1 573906
69 0 573931
69 1 574003
65 0 574140
65 1 574222
84 0 574228
84 1 574309
65 0 574319
65 1 574385
32 0 574402
32 1 574478
67 0 574571
85 0 574640
85 1 574644
67 1 574657
32 0 574773
32 1 574844
82 0 575219
82 1 575302
73 0 575327
73 1 575380
84 0 575463
84 1 575535
85 0 575592
85 1 575641
65 0 576029
65 1 576103
76 0 576202
76 1 576306
73 0 576715
73 1 576788
8 0 577061
8 1 577126
8 0 577226
8 1 577288
8 0 577390
8 1 577455
8 0 577695
8 1 577789
8 0 577872
8 1 577957
8 0 578041
8 1 578117
8 0 578191
8 1 578265
73 0 579595
73 1 579683
8 0 579931
8 1 579997
82 0 580025
82 1 580118
73 0 580141
73 1 580223
84 0 580312
84 1 580403
85 0 580475
85 1 580524
65 0 580682
65 1 580754
76 0 580756
76 1 580837
73 0 580954
73 1 581023
8 0 581315
8 1 581397
85 0 581567
85 1 581630
82 0 581675
82 1 581762
73 0 581777
73 1 581839
76 0 581973
76 1 582041
69 0 582078
69 1 582133
32 0 582222
32 1 582252
8 0 582615
8 0 583121
8 0 583152
8 0 583186
8 0 583215
8 0 583249
8 0 583280
8 0 583311
8 0 583343
8 0 583374
8 0 583405
8 1 583423
8 0 583803
8 1 583903
80 0 584017
82 0 584103
80 1 584115
82 1 584183
69 0 584268
69 1 584346
71 0 584599
71 1 584664
65 0 584679
65 1 584746
84 0 584794
84 1 584852
73 0 584987
82 0 585014
73 1 585045
82 1 585100
73 0 585148
73 1 585202
76 0 585335
76 1 585395
69 0 585553
69 1 585649
32 0 585707
32 1 585849
80 0 585852
80 1 585927
69 0 585970
69 1 586040
78 0 586099
78 1 586175
84 0 586208
84 1 586266
82 0 586368
85 0 586442
82 1 586484
85 1 586528
32 0 586637
32 1 586703
71 0 586897
71 1 586955
82 0 587084
82 1 587155
65 0 587179
65 1 587247
68 0 587369
73 0 587418
68 1 587444
73 1 587482
78 0 587588
78 1 587644
73 0 587737
73 1 587797
84 0 587926
84 1 587988
65 0 588017
32 0 588074
65 1 588082
32 1 588154
65 0 588253
76 0 588325
65 1 588332
76 1 588399
69 0 588479
32 0 588520
69 1 588539
32 1 588599
69 0 588695
69 1 588781
73 0 588826
73 1 588885
188 0 589190
188 1 589287
8 0 589518
8 1 589575
8 0 589641
8 1 589702
8 0 589775
8 1 589829
8 0 589908
8 1 589983
8 0 590113
8 1 590181
69 0 590509
69 1 590600
32 0 590738
32 1 590818
69 0 590936
69 1 591023
73 0 591046
73 1 591110
77 0 591252
77 1 591299
32 0 591401
32 1 591465
8 0 591732
8 1 591790
8 0 591856
8 1 591919
188 0 592067
188 1 592145
32 0 592248
32 1 592321
68 0 592358
68 1 592437
85 0 592448
85 1 592500
80 0 592644
65 0 592714
80 1 592722
65 1 592802
32 0 592836
32 1 592900
8 0 593785
8 1 593899
8 0 594001
8 1 594106
8 0 594192
8 1 594236
8 0 594329
8 1 594405
8 0 594649
8 1 594704
8 0 594849
8 1 594931
8 0 595188
8 1 595312
188 0 596914
188 1 597036
32 0 597123
32 1 597215
68 0 597333
68 1 597406
85 0 597438
85 1 597493
80 0 597645
80 1 597723
65 0 597761
65 1 597821
32 0 597856
32 1 597941
67 0 598113
67 1 598171
65 0 598188
65 1 598247
82 0 598290
82 1 598363
69 0 598397
32 0 598468
69 1 598476
32 1 598538
8 0 599090
8 1 599205
188 0 599378
188 1 599493
32 0 599584
32 1 599659
82 0 599682
82 1 599749
69 0 599823
69 1 599895
86 0 599914
86 1 599965
69 0 599978
69 1 600054
78 0 600137
78 1 600206
73 0 600352
73 1 600411
78 0 600546
78 1 600609
84 0 600617
84 1 600690
8 0 601096
8 1 601171
68 0 601202
68 1 601291
32 0 601325
32 1 601404
65 0 602187
65 1 602271
67 0 602356
65 0 602428
67 1 602433
65 1 602487
83 0 602614
83 1 602673
65 0 602784
65 1 602844
32 0 602890
32 1 602959
188 0 604253
188 1 604376
32 0 604506
32 1 604603
73 0 604642
73 1 604672
8 0 605175
8 1 605229
8 0 605322
8 1 605369
8 0 605455
8 1 605521
188 0 605909
188 1 606026
8 0 606479
8 1 606680
8 0 606813
8 1 606896
188 0 607101
188 1 607209
32 0 607362
32 1 607455
32 0 610028
32 1 610086
83 0 610188
83 1 610262
73 0 610266
73 1 610333
32 0 610419
73 0 610519
32 1 610538
73 1 610590
77 0 610678
77 1 610742
80 0 610860
80 1 610924
76 0 610992
76 1 611054
73 0 611168
73 1 611224
67 0 611242
67 1 611324
73 0 611333
73 1 611407
84 0 611566
84 1 611654
32 0 611704
32 1 611762
68 0 611991
68 1 612085
85 0 612097
85 1 612174
83 0 612601
83 1 612704
85 0 612707
85 1 612768
76 0 612891
76 1 612979
32 0 613050
32 1 613133
76 0 613155
76 1 613270
65 0 613413
65 1 613512
32 0 613764
32 1 613838
71 0 613973
82 0 614032
71 1 614052
82 1 614111
65 0 614228
65 1 614309
68 0 614410
73 0 614423
68 1 614499
73 1 614511
78 0 614634
78 1 614695
73 0 614796
73 1 614861
84 0 615005
84 1 615069
65 0 615098
65 1 615159
83 0 619403
83 1 619477
65 0 619587
65 1 619657
86 0 619734
86 1 619783
85 0 619932
85 1 620001
82 0 620068
82 1 620146
69 0 620257
69 1 620347
90 0 620490
90 1 620605
32 0 620631
32 1 620749
79 0 620768
79 1 620847
32 0 621041
32 1 621176
67 0 621387
67 1 621448
65 0 621488
65 1 621561
70 0 621597
70 1 621676
69 0 621723
69 1 621813
65 0 621948
65 1 622064
32 0 622119
32 1 622162
76 0 623312
76 1 623406
65 0 623426
65 1 623495
32 0 623512
32 1 623583
67 0 623705
67 1 623756
65 0 623780
65 1 623849
82 0 623868
82 1 623941
69 0 623999
69 1 624081
32 0 624083
32 1 624196
80 0 624239
80 1 624311
79 0 624390
84 0 624452
79 1 624459
84 1 624546
32 0 624592
32 1 624681
83 0 624922
83 1 625010
80 0 625048
80 1 625111
85 0 625254
85 1 625314
78 0 625412
78 1 625496
69 0 625501
69 1 625569
32 0 625591
32 1 625651
83 0 625747
83 1 625835
65 0 625937
32 0 625988
65 1 626023
32 1 626083
77 0 627220
77 1 627297
65 0 627417
65 1 627466
32 0 627569
32 1 627603
67 0 628270
67 1 628366
85 0 628387
85 1 628424
76 0 628566
76 1 628650
67 0 628670
67 1 628730
32 0 628754
32 1 628806
67 0 628889
85 0 628949
67 1 628959
85 1 629029
32 0 629079
32 1 629146
71 0 629204
71 1 629277
65 0 629290
65 1 629351
78 0 629390
78 1 629460
68 0 629491
68 1 629563
85 0 629583
85 1 629639
76 0 629746
76 1 629828
32 0 629868
76 0 629991
32 1 630007
76 1 630090
65 0 630124
65 1 630199
32 0 630201
32 1 630313
69 0 630359
69 1 630431
65 0 630526
65 1 630606
190 0 630622
190 1 630680
32 0 630990
32 1 631038
16 0 634570
73 0 634663
73 1 634738
16 1 634777
78 0 634839
78 1 634911
32 0 634992
82 0 635050
32 1 635086
82 1 635131
69 0 635211
69 1 635290
83 0 635403
84 0 635444
84 1 635500
83 1 635507
85 0 635610
85 1 635669
76 0 635795
76 1 635866
32 0 635971
32 1 636033
90 0 636077
90 1 636157
73 0 636202
73 1 636259
76 0 636384
76 1 636463
69 0 636490
69 1 636566
73 0 636603
73 1 636674
32 0 636748
32 1 636821
76 0 636970
76 1 637041
85 0 637182
85 1 637249
67 0 637319
67 1 637374
8 0 637675
8 1 637743
8 0 637832
8 1 637899
8 0 637976
8 1 638033
76 0 638479
76 1 638561
85 0 638673
85 1 638750
67 0 638766
67 1 638839
82 0 638968
82 1 639056
69 0 639135
69 1 639224
90 0 639365
90 1 639426
32 0 639504
32 1 639610
69 0 639824
69 1 639916
8 0 640144
68 0 640225
8 1 640238
68 1 640272
69 0 640470
32 0 640569
69 1 640582
32 1 640657
65 0 640742
65 1 640833
67 0 640880
67 1 640928
65 0 640952
65 1 641000
83 0 641090
83 1 641168
65 0 641281
65 1 641342
188 0 641656
188 1 641732
32 0 642012
32 1 642073
8 0 642588
8 1 642638
32 0 648693
32 1 648833
77 0 649028
77 1 649144
65 0 649162
65 1 649209
32 0 649273
32 1 649352
79 0 649413
79 1 649487
67 0 649602
85 0 649651
67 1 649663
85 1 649703
80 0 649849
80 1 649915
8 0 650535
8 0 651042
8 1 651069
8 0 651194
8 1 651257
8 0 651365
8 1 651411
68 0 651478
68 1 651534
69 0 651653
69 1 651729
68 0 652105
68 1 652196
73 0 652356
73 1 652416
67 0 652535
67 1 652615
32 0 653013
32 1 653087
84 0 653880
84 1 653912
73 0 653941
73 1 653998
77 0 654135
77 1 654199
80 0 654315
80 1 654376
85 0 654488
85 1 654543
76 0 654668
76 1 654736
85 0 654848
85 1 654915
73 0 655002
73 1 655078
32 0 655136
32 1 655208
67 0 655237
85 0 655299
67 1 655314
85 1 655372
32 0 655432
32 1 655508
70 0 655531
70 1 655620
69 0 655718
69 1 655789
84 0 655934
84 1 656002
73 0 656096
84 0 656126
73 1 656147
84 1 656275
65 0 656488
65 1 656566
32 0 656587
32 1 656690
77 0 656756
77 1 656867
69 0 656869
69 1 656936
65 0 657079
65 1 657159
188 0 657164
188 1 657263
32 0 657375
32 1 657424
8 0 659315
8 1 659325
8 0 659479
8 1 659533
188 0 660337
188 1 660463
32 0 660534
32 1 660641
80 0 660660
82 0 660735
80 1 660765
82 1 660815
69 0 660894
69 1 660961
67 0 661092
85 0 661181
67 1 661188
85 1 661242
80 0 661386
80 1 661458
32 0 661573
32 1 661605
83 0 661845
83 1 661954
73 0 661966
73 1 662043
32 0 662126
32 1 662195
8 0 662520
8 1 662583
8 0 662668
8 1 662730
8 0 662802
8 1 662867
8 0 662930
8 1 662991
8 0 663055
8 1 663235
77 0 664327
77 1 664438
32 0 664551
32 1 664610
83 0 664643
83 1 664720
73 0 664765
73 1 664840
32 0 664904
32 1 664983
67 0 664992
67 1 665064
69 0 665174
69 1 665256
76 0 665278
76 1 665336
69 0 665361
69 1 665445
76 0 665488
76 1 665543
65 0 665608
65 1 665705
76 0 665720
76 1 665772
84 0 665869
84 1 665945
69 0 666057
69 1 666152
32 0 666167
32 1 666208
84 0 666808
82 0 666861
84 1 666873
82 1 666948
69 0 667028
66 0 667105
69 1 667125
66 1 667166
85 0 667307
85 1 667364
82 0 667703
82 1 667790
73 0 667839
73 1 667900
32 0 668024
32 1 668082
67 0 668372
67 1 668467
65 0 668593
65 1 668679
83 0 668766
83 1 668845
78 0 669113
78 1 669177
73 0 669293
67 0 669358
73 1 669369
67 1 669443
69 0 669562
188 0 669636
69 1 669647
188 1 669703
8 0 670274
8 1 670330
190 0 670508
190 1 670564
67 0 713780
67 1 713857
16 0 750206
83 0 750333
16 1 750377
83 1 750441
73 0 750448
73 1 750510
78 0 750624
78 1 750702
67 0 750711
67 1 750787
69 0 750910
69 1 750979
82 0 751069
82 1 751137
77 0 751581
77 1 751694
8 0 752257
8 1 752327
188 0 752508
188 1 752614
32 0 752748
32 1 752853
69 0 752886
69 1 752975
85 0 752980
85 1 753069
32 0 753123
32 1 753187
65 0 753229
77 0 753321
65 1 753345
77 1 753438
32 0 753491
32 1 753590
79 0 753599
79 1 753680
32 0 753781
32 1 753901
80 0 753904
80 1 753993
82 0 754001
82 1 754087
65 0 754266
65 1 754330
8 0 754718
8 1 754780
8 0 754846
8 1 754937
65 0 754968
65 1 755033
82 0 755240
82 1 755310
69 0 755337
69 1 755402
82 0 755433
82 1 755504
69 0 755512
69 1 755576
32 0 755647
32 1 755721
70 0 756030
70 1 756116
79 0 756153
79 1 756220
65 0 756296
65 1 756359
82 0 756419
82 1 756476
84 0 756542
69 0 756579
84 1 756624
69 1 756652
32 0 756741
32 1 756821
66 0 757001
66 1 757074
85 0 757113
85 1 757155
78 0 757272
65 0 757336
78 1 757356
65 1 757390
32 0 757431
32 1 757520
68 0 757546
68 1 757603
69 0 757687
69 1 757771
32 0 757814
32 1 757891
83 0 758353
73 0 758417
83 1 758433
73 1 758475
83 0 758544
83 1 758607
84 0 758649
84 1 758714
69 0 758737
69 1 758800
77 0 758903
77 1 758968
85 0 759074
85 1 759124
76 0 759241
76 1 759325
32 0 759382
32 1 759456
69 0 759469
69 1 759534
68 0 759671
68 1 759724
85 0 759799
85 1 759864
67 0 760170
67 1 760228
65 0 760358
65 1 760415
84 0 760613
84 1 760672
73 0 760692
73 1 760742
79 0 760825
79 1 760885
78 0 760986
78 1 761040
65 0 761082
65 1 761148
76 0 761167
76 1 761262
32 0 761332
32 1 761384
68 0 761441
73 0 761506
68 1 761516
73 1 761574
78 0 761692
78 1 761767
32 0 761856
16 0 761903
32 1 761914
82 0 762127
16 1 762160
82 1 762204
79 0 762212
79 1 762259
77 0 762400
77 1 762459
65 0 762539
65 1 762597
78 0 762627
78 1 762674
73 0 762783
73 1 762841
65 0 762904
65 1 762967
190 0 763001
190 1 763070
32 0 763239
32 1 763298
16 0 763678
78 0 763807
78 1 763873
16 1 763898
85 0 763975
85 1 764058
32 0 764103
32 1 764181
82 0 764249
82 1 764313
69 0 764408
69 1 764479
71 0 764505
71 1 764568
82 0 764611
82 1 764662
65 0 764830
65 1 764875
84 0 764897
84 1 764967
8 0 765357
8 1 765425
8 0 765495
69 0 765552
8 1 765561
69 1 765641
84 0 765805
84 1 765869
32 0 765988
32 1 766058
8 0 766699
8 0 767207
8 0 767236
8 0 767268
8 0 767299
8 0 767331
8 0 767362
8 0 767392
8 0 767423
8 0 767455
8 1 767482
8 0 767665
8 1 767710
8 0 767826
8 1 767875
188 0 768413
188 1 768536
32 0 768707
32 1 768794
8 0 768977
8 1 769036
8 0 769101
8 1 769164
190 0 769301
190 1 769382
32 0 769551
32 1 769594
16 0 769854
16 0 770360
16 0 770393
16 0 770423
16 0 770454
16 0 770485
16 0 770517
16 0 770551
16 0 770582
16 0 770614
16 0 770645
16 0 770676
16 0 770707
16 0 770738
16 0 770769
80 0 770785
16 1 770890
80 1 770894
69 0 771347
69 1 771426
83 0 771562
83 1 771628
84 0 771681
84 1 771684
69 0 771774
69 1 771839
32 0 772053
84 0 772156
32 1 772164
84 1 772214
79 0 772291
84 0 772337
79 1 772359
84 1 772398
32 0 772504
32 1 772620
65 0 772693
65 1 772772
82 0 772913
82 1 772984
32 0 773041
32 1 773112
70 0 773122
70 1 773197
73 0 773244
73 1 773320
32 0 773394
32 1 773450
76 0 773558
76 1 773636
79 0 773711
79 1 773781
67 0 773798
67 1 773848
32 0 773902
32 1 773987
68 0 774003
68 1 774071
69 0 774153
69 1 774218
32 0 774231
73 0 774339
32 1 774343
73 1 774414
77 0 774560
77 1 774672
66 0 774963
66 1 775000
8 0 775741
8 1 775793
8 0 775873
8 1 775944
8 0 776024
8 1 776098
77 0 776668
77 1 776734
73 0 776854
73 1 776916
8 0 777242
65 0 777340
8 1 777356
65 1 777437
73 0 777491
73 1 777575
32 0 777675
66 0 777726
32 1 777744
66 1 777840
73 0 778179
73 1 778244
78 0 778373
78 1 778433
69 0 778506
69 1 778593
188 0 778625
188 1 778699
32 0 778813
68 0 778886
32 1 778897
68 1 778971
65 0 779097
65 1 779153
82 0 779304
82 1 779368
32 0 779388
32 1 779453
68 0 780375
68 1 780453
69 0 780573
69 1 780637
80 0 780816
80 1 780888
73 0 781010
73 1 781070
78 0 781173
78 1 781248
68 0 781258
68 1 781300
69 0 781400
69 1 781477
83 0 781634
83 1 781725
8 0 781967
8 1 782034
32 0 782147
32 1 782226
83 0 782254
83 1 782343
73 0 782365
73 1 782435
32 0 782508
32 1 782585
68 0 782592
68 1 782646
69 0 782749
69 1 782819
32 0 782836
32 1 782905
79 0 783002
79 1 783060
65 0 783108
65 1 783189
77 0 783250
77 1 783306
69 0 783387
69 1 783470
78 0 783481
78 1 783526
73 0 783652
73 1 783715
8 0 783977
8 1 784036
78 0 784232
78 1 784296
73 0 784412
73 1 784463
188 0 784599
188 1 784679
32 0 784841
32 1 784903
8 0 785257
8 1 785310
8 0 785394
8 1 785452
8 0 785549
8 1 785595
8 0 785691
8 1 785747
8 0 785833
8 1 785890
78 0 786380
78 1 786440
69 0 786603
69 1 786641
8 0 787306
8 1 787368
8 0 787451
8 1 787518
69 0 788050
69 1 788123
8 0 788452
8 1 788513
78 0 788661
78 1 788720
73 0 788827
73 1 788886
188 0 789013
188 1 789083
32 0 789170
32 1 789265
68 0 789276
68 1 789337
187 0 789560
8 0 789563
8 1 789612
187 1 789616
78 0 789757
78 1 789831
85 0 789950
85 1 789981
8 0 790154
8 1 790212
8 0 790298
8 1 790357
8 0 790437
8 1 790494
78 0 790713
78 1 790775
85 0 790901
85 1 790957
32 0 791307
32 1 791413
68 0 791451
68 1 791542
79 0 791553
79 1 791630
65 0 791674
65 1 791741
82 0 791886
82 1 791940
32 0 791977
32 1 792052
68 0 792112
68 1 792181
69 0 792266
69 1 792342
32 0 792364
32 1 792432
83 0 792479
83 1 792555
73 0 792558
73 1 792617
83 0 792657
83 1 792728
84 0 792783
84 1 792848
69 0 792880
69 1 792963
77 0 793030
77 1 793095
190 0 793233
190 1 793293
32 0 793498
32 1 793562
16 0 795623
16 0 796130
16 0 796161
16 0 796193
16 0 796227
16 0 796258
16 0 796289
16 0 796321
16 0 796351
16 0 796382
16 0 796414
16 0 796445
16 0 796476
16 0 796507
16 0 796539
16 0 796570
16 0 796601
16 0 796632
16 0 796663
16 0 796695
16 0 796730
16 0 796760
16 0 796791
16 0 796823
16 0 796854
16 0 796885
16 0 796916
16 0 796947
16 0 796979
16 0 797010
16 0 797041
16 0 797073
16 0 797104
16 0 797135
16 0 797166
16 0 797197
16 0 797228
16 1 797244
16 0 797520
16 0 798027
16 0 798058
16 0 798090
16 0 798121
16 0 798152
16 0 798183
16 0 798214
16 0 798249
16 0 798280
16 0 798311
16 0 798342
16 0 798374
16 0 798405
16 0 798435
16 0 798467
16 0 798498
16 0 798529
16 0 798560
16 0 798592
16 0 798624
16 0 798654
16 0 798686
16 0 798717
16 0 798751
16 0 798782
16 0 798813
16 0 798845
16 0 798876
16 0 798908
16 0 798939
16 0 798970
16 0 799001
16 0 799032
16 0 799064
16 0 799096
16 0 799126
16 0 799157
16 0 799188
16 0 799220
16 0 799254
16 0 799285
16 0 799317
16 0 799347
16 0 799380
16 0 799410
16 0 799442
16 0 799473
16 0 799504
16 0 799535
16 0 799566
16 0 799597
16 0 799629
16 0 799660
16 0 799691
16 0 799722
16 0 799756
16 0 799787
16 0 799818
16 0 799850
16 0 799881
16 0 799913
16 0 799943
16 0 799975
16 0 800006
16 0 800037
16 0 800069
16 0 800100
16 0 800131
16 0 800163
16 0 800193
16 0 800224
16 0 800259
16 0 800290
16 0 800321
16 0 800353
16 0 800384
16 0 800414
16 0 800446
16 0 800478
16 0 800509
16 0 800540
16 0 800571
16 0 800602
16 0 800634
16 0 800665
16 0 800696
16 0 800727
16 0 800761
16 0 800792
16 0 800824
16 0 800855
16 0 800886
16 0 800917
16 0 800949
16 0 800980
16 0 801011
16 0 801042
16 0 801074
16 0 801105
16 0 801136
16 0 801167
16 0 801198
16 0 801230
16 0 801264
16 0 801295
16 0 801326
16 0 801357
16 0 801389
16 0 801420
16 0 801451
16 0 801482
16 0 801514
16 0 801545
16 0 801576
16 0 801607
16 0 801639
16 0 801670
16 0 801701
16 0 801732
16 0 801766
16 0 801798
16 0 801829
16 0 801860
16 0 801891
16 0 801922
16 0 801954
16 0 801985
16 0 802016
16 0 802048
16 0 802079
16 0 802110
16 0 802141
16 0 802172
16 0 802204
16 0 802235
16 0 802269
16 0 802300
16 0 802331
16 0 802363
16 0 802394
16 0 802425
16 0 802456
16 0 802488
16 0 802519
16 0 802550
16 0 802581
16 0 802612
16 0 802643
16 0 802675
16 0 802706
16 0 802737
16 0 802772
16 0 802803
16 0 802834
16 0 802865
16 0 802896
16 0 802927
16 0 802959
16 0 802990
16 0 803021
68 0 803035
16 1 803138
68 1 803178
69 0 803303
69 1 803374
83 0 803478
83 1 803553
80 0 803591
82 0 803670
80 1 803676
82 1 803736
69 0 803810
69 1 803879
32 0 803900
32 1 803990
83 0 804067
73 0 804138
83 1 804143
73 1 804203
83 0 804235
83 1 804312
84 0 804377
84 1 804447
69 0 804476
69 1 804540
77 0 804583
77 1 804649
85 0 804758
85 1 804813
76 0 804921
76 1 805011
32 0 805064
68 0 805132
32 1 805162
68 1 805208
73 0 805210
73 1 805255
78 0 805360
78 1 805447
32 0 805509
65 0 805573
32 1 805583
65 1 805654
76 0 805670
76 1 805748
84 0 805895
84 1 805967
69 0 805984
69 1 806040
32 0 806075
32 1 806139
84 0 806982
65 0 807018
84 1 807061
65 1 807101
82 0 807228
82 1 807294
73 0 807319
73 1 807394
188 0 807561
188 1 807643
8 0 807961
8 1 808030
32 0 808162
32 1 808232
78 0 808349
78 1 808414
85 0 808508
85 1 808583
32 0 808642
32 1 808702
83 0 808726
83 1 808801
84 0 808805
84 1 808860
73 0 808979
73 1 809042
85 0 809125
85 1 809186
32 0 809248
32 1 809328
70 0 809355
70 1 809428
79 0 809440
79 1 809492
65 0 809595
65 1 809665
82 0 809680
82 1 809738
84 0 809784
69 0 809849
84 1 809868
69 1 809923
32 0 809956
32 1 810040
77 0 810103
77 1 810172
85 0 810272
85 1 810335
76 0 810441
76 1 810510
84 0 810762
84 1 810861
69 0 810954
188 0 811015
69 1 811029
188 1 811103
68 0 811221
68 1 811306
73 0 811319
73 1 811401
78 0 811484
78 1 811540
8 0 811945
8 1 811990
8 0 812066
8 1 812120
8 0 812185
8 1 812240
32 0 812415
32 1 812505
68 0 812774
68 1 812875
73 0 812902
73 1 812957
78 0 813052
78 1 813117
32 0 813221
32 1 813330
80 0 813354
80 1 813417
65 0 813440
65 1 813507
67 0 813597
67 1 813658
65 0 813676
65 1 813738
84 0 813759
84 1 813826
69 0 813865
69 1 813934
32 0 813949
32 1 814013
78 0 814087
78 1 814139
85 0 814231
85 1 814300
32 0 814356
32 1 814426
65 0 814429
65 1 814497
77 0 814517
77 1 814583
32 0 814664
32 1 814762
69 0 814814
69 1 814885
88 0 815006
88 1 815090
80 0 815111
80 1 815183
69 0 815212
69 1 815275
82 0 815451
82 1 815520
73 0 815576
73 1 815630
69 0 815832
69 1 815898
78 0 816014
78 1 816063
84 0 816204
84 1 816262
65 0 816295
65 1 816350
32 0 816413
32 1 816487
67 0 816541
67 1 816621
65 0 816748
65 1 816795
8 0 816936
8 1 816986
8 0 817055
8 1 817123
76 0 817217
65 0 817281
76 1 817299
65 1 817362
32 0 817406
32 1 817473
65 0 817507
65 1 817562
76 0 817631
76 1 817676
8 0 817912
8 1 817975
67 0 817977
67 1 818039
69 0 818137
69 1 818201
83 0 818295
83 1 818370
84 0 818399
84 1 818464
32 0 818535
32 1 818612
67 0 818754
67 1 818831
65 0 818961
65 1 819022
80 0 819064
80 1 819117
73 0 819233
73 1 819302
82 0 819426
82 1 819516
8 0 819952
8 1 820017
84 0 820033
84 1 820133
79 0 820146
79 1 820223
76 0 820320
76 1 820376
188 0 820662
188 1 820767
32 0 820958
32 1 821037
68 0 821127
68 1 821213
79 0 821327
79 1 821394
65 0 821411
65 1 821504
82 0 821612
82 1 821683
32 0 821792
32 1 821846
67 0 822201
67 1 822278
69 0 822393
69 1 822487
32 0 822490
32 1 822578
65 0 822694
77 0 822712
65 1 822770
77 1 822813
32 0 822897
77 0 823022
32 1 823027
77 1 823104
65 0 823154
73 0 823226
65 1 823245
73 1 823310
32 0 823358
32 1 823473
67 0 823605
67 1 823720
73 0 823752
73 1 823812
85 0 823923
85 1 823982
84 0 823996
84 1 824091
85 0 824140
85 1 824187
84 0 824224
84 1 824288
8 0 824420
8 1 824482
8 0 824553
8 1 824635
8 0 824696
8 1 824762
8 0 824831
8 1 824917
84 0 825208
84 1 825289
73 0 825366
73 1 825417
84 0 825456
84 1 825542
32 0 825879
32 1 825997
68 0 826076
68 1 826152
69 0 826405
69 1 826524
83 0 826683
83 1 826748
80 0 826815
80 1 826887
82 0 826902
82 1 826958
69 0 827051
69 1 827141
32 0 827160
32 1 827230
65 0 827297
65 1 827366
67 0 827474
69 0 827541
67 1 827544
69 1 827604
83 0 827709
84 0 827769
83 1 827791
84 1 827843
32 0 827922
32 1 827988
83 0 828000
83 1 828083
85 0 828087
85 1 828147
66 0 828345
66 1 828434
73 0 828462
73 1 828525
69 0 828580
69 1 828644
67 0 828766
84 0 828847
67 1 828851
84 1 828903
190 0 829088
190 1 829156
32 0 829335
32 1 829395
16 0 835404
16 0 835911
16 0 835942
16 0 835974
16 0 836004
16 0 836039
16 0 836070
16 0 836101
16 0 836132
16 0 836164
16 0 836195
16 0 836226
16 0 836258
16 0 836289
16 0 836320
16 0 836351
16 0 836383
16 0 836413
16 0 836445
16 0 836476
16 0 836507
16 0 836542
16 0 836573
67 0 836597
16 1 836648
79 0 836682
67 1 836781
79 1 836781
78 0 836889
78 1 836935
83 0 836974
83 1 837049
73 0 837072
73 1 837138
68 0 837178
68 1 837233
69 0 837309
69 1 837364
82 0 837448
82 1 837507
32 0 837539
32 1 837646
67 0 837660
67 1 837732
65 0 837838
65 1 837909
32 0 837947
32 1 838021
84 0 838100
84 1 838216
8 0 838498
8 1 838571
73 0 840515
73 1 840573
78 0 840700
78 1 840790
8 0 841174
8 1 841244
8 0 841336
8 1 841393
84 0 842098
84 1 842218
80 0 842222
79 0 842229
79 1 842231
80 1 842289
65 0 842407
65 1 842494
84 0 842561
84 1 842627
8 0 842873
8 1 842942
8 0 843020
8 1 843094
8 0 843304
8 1 843372
8 0 843490
8 1 843542
79 0 844700
79 1 844764
65 0 844857
65 1 844941
84 0 845007
84 1 845045
8 0 845605
8 1 845650
65 0 846204
65 1 846313
8 0 846639
8 1 846716
84 0 847230
84 1 847294
65 0 847415
65 1 847465
32 0 847720
32 1 847830
76 0 848015
76 1 848104
85 0 848226
85 1 848296
77 0 848400
69 0 848486
77 1 848494
69 1 848549
65 0 848695
65 1 848770
32 0 848795
32 1 848901
65 0 848972
65 1 849049
82 0 849210
82 1 849285
32 0 849292
32 1 849360
84 0 849493
82 0 849542
84 1 849563
82 1 849602
69 0 849688
69 1 849761
66 0 849764
66 1 849820
85 0 849935
85 1 849998
73 0 850072
73 1 850150
32 0 850210
83 0 850267
32 1 850282
83 1 850335
65 0 850440
32 0 850515
65 1 850519
32 1 850576
70 0 850796
70 1 850871
73 0 850975
73 1 851036
69 0 851039
69 1 851135
32 0 851200
32 1 851258
77 0 851560
77 1 851626
65 0 851675
65 1 851748
73 0 851775
73 1 851836
32 0 851921
73 0 852026
32 1 852031
73 1 852100
77 0 852228
77 1 852275
80 0 852396
80 1 852439
76 0 852541
76 1 852610
73 0 852732
73 1 852804
67 0 852871
67 1 852932
65 0 853056
65 1 853123
84 0 853141
84 1 853207
65 0 853243
65 1 853303
188 0 853418
188 1 853493
32 0 853601
32 1 853648
73 0 854039
73 1 854143
78 0 854259
78 1 854311
32 0 854409
32 1 854453
77 0 854563
77 1 854616
79 0 854752
79 1 854821
68 0 854823
68 1 854895
32 0 855023
32 1 855077
69 0 855363
69 1 855455
76 0 855589
76 1 855645
65 0 855697
65 1 855770
8 0 856028
8 1 856064
8 0 856136
8 1 856194
71 0 856447
71 1 856505
65 0 856994
65 1 857089
76 0 857144
76 1 857224
32 0 857739
32 1 857816
80 0 857971
80 1 858048
65 0 858070
65 1 858119
82 0 858275
82 1 858361
73 0 858382
73 1 858420
78 0 858530
78 1 858587
84 0 858635
73 0 858696
84 1 858717
73 1 858754
73 0 858826
73 1 858888
188 0 859041
188 1 859110
32 0 859196
32 1 859299
69 0 859887
69 1 859961
8 0 860434
8 1 860481
80 0 860588
80 1 860661
82 0 860679
82 1 860763
79 0 860784
79 1 860854
70 0 861005
70 1 861056
69 0 861173
69 1 861246
83 0 861364
83 1 861436
79 0 861497
79 1 861583
82 0 862840
82 1 862914
73 0 862976
73 1 863034
73 0 863114
73 1 863185
32 0 863258
32 1 863356
83 0 863380
83 1 863425
73 0 863828
73 1 863914
32 0 864008
69 0 864096
32 1 864111
69 1 864168
76 0 864242
69 0 864323
76 1 864327
69 1 864374
86 0 864686
86 1 864783
73 0 864862
73 1 864918
73 0 864991
73 1 865048
190 0 865221
190 1 865282
69 0 865493
69 1 865568
8 0 865896
8 1 865959
8 0 866040
8 1 866140
191 0 866654
191 1 866742
83 0 867127
83 1 867223
84 0 867396
84 1 867462
85 0 867479
85 1 867516
68 0 867611
68 1 867671
69 0 867772
69 1 867837
78 0 867876
78 1 867924
84 0 867970
84 1 868037
73 0 868075
73 1 868127
73 0 868199
73 1 868272
190 0 868416
190 1 868475
32 0 868715
32 1 868771
16 0 881840
70 0 882094
16 1 882166
70 1 882196
73 0 882208
73 1 882284
69 0 882372
69 1 882467
67 0 882655
67 1 882741
65 0 882767
65 1 882838
82 0 882885
82 1 882957
69 0 882969
69 1 883045
32 0 883083
32 1 883166
84 0 883553
84 1 883628
65 0 883700
65 1 883753
82 0 883781
82 1 883853
65 0 883886
65 1 883956
32 0 883987
32 1 884057
65 0 884397
65 1 884476
82 0 884639
82 1 884731
69 0 884826
69 1 884892
32 0 884972
32 1 885036
76 0 885782
76 1 885847
85 0 885985
67 0 886059
85 1 886068
67 1 886116
85 0 886267
82 0 886308
85 1 886359
82 1 886362
73 0 886721
73 1 886801
32 0 886977
32 1 887100
8 0 887747
8 1 887839
8 0 887910
8 1 887988
8 0 888056
8 1 888111
8 0 888197
8 1 888251
85 0 888664
85 1 888754
8 0 889049
82 0 889122
8 1 889130
82 1 889211
85 0 889261
85 1 889340
82 0 889461
82 1 889549
73 0 889578
73 1 889656
32 0 889809
32 1 889907
66 0 890095
85 0 890176
66 1 890180
85 1 890236
78 0 890344
69 0 890413
78 1 890421
69 1 890500
32 0 890544
32 1 890651
83 0 890674
73 0 890690
83 1 890726
73 1 890791
32 0 890837
32 1 890901
77 0 890961
77 1 891037
65 0 891083
65 1 891137
73 0 891145
73 1 891226
32 0 891277
80 0 891391
32 1 891397
80 1 891461
85 0 891579
85 1 891632
84 0 891832
84 1 891923
73 0 891951
73 1 892016
78 0 892135
78 1 892197
32 0 892321
32 1 892385
66 0 892468
66 1 892535
85 0 892559
85 1 892605
78 0 892732
78 1 892796
69 0 892820
69 1 892893
188 0 892971
188 1 893067
32 0 893135
32 1 893247
68 0 893368
68 1 893452
65 0 893592
65 1 893689
82 0 893846
82 1 893897
32 0 893957
32 1 894006
67 0 899431
79 0 899478
67 1 899517
79 1 899546
78 0 899675
78 1 899727
83 0 899847
73 0 899851
73 1 899922
83 1 899940
68 0 900068
68 1 900126
69 0 900236
69 1 900271
82 0 900381
82 1 900456
32 0 900507
32 1 900574
67 0 900797
67 1 900870
65 0 901043
65 1 901122
32 0 901226
32 1 901278
16 0 902202
82 0 902367
16 1 902396
82 1 902432
79 0 902600
79 1 902659
65 0 902823
65 1 902923
78 0 903068
78 1 903149
8 0 903554
8 1 903606
8 0 903814
8 1 903879
77 0 904058
77 1 904153
65 0 904216
65 1 904297
78 0 904312
66 0 904316
66 1 904345
78 1 904356
73 0 904478
73 1 904548
65 0 904603
65 1 904661
32 0 904722
32 1 904797
8 0 904985
8 1 905044
8 0 905119
8 1 905192
8 0 905268
8 1 905325
8 0 905400
8 1 905474
78 0 905640
78 1 905698
73 0 905802
73 1 905879
65 0 905901
65 1 905959
32 0 905981
32 1 906048
8 0 906391
8 1 906454
8 0 906530
8 1 906601
8 0 906679
8 1 906735
8 0 906812
8 1 906889
73 0 907029
73 1 907101
65 0 907119
65 1 907193
32 0 907239
32 1 907324
65 0 907399
65 1 907459
32 0 907463
32 1 907528
68 0 907764
68 1 907850
65 0 907986
65 1 908064
84 0 908093
84 1 908164
32 0 908220
32 1 908291
76 0 908385
76 1 908457
85 0 908556
85 1 908627
77 0 908741
77 1 908803
73 0 908898
73 1 908948
73 0 909024
73 1 909091
32 0 909173
32 1 909238
78 0 909344
78 1 909407
73 0 909563
73 1 909622
83 0 909691
83 1 909754
84 0 909819
84 1 909898
69 0 909908
69 1 909988
32 0 909998
32 1 910070
79 0 910201
79 1 910266
65 0 910336
77 0 910426
65 1 910442
77 1 910487
69 0 910586
78 0 910590
78 1 910642
69 1 910666
73 0 910729
73 1 910809
32 0 911463
32 1 911568
70 0 912795
70 1 912877
79 0 912914
79 1 912976
65 0 913054
65 1 913134
82 0 913166
82 1 913217
84 0 913288
84 1 913356
69 0 913359
69 1 913426
32 0 913438
32 1 913505
80 0 913608
80 1 913671
82 0 913681
82 1 913700
69 0 913796
69 1 913866
71 0 913926
71 1 913961
65 0 914026
84 0 914095
65 1 914116
84 1 914162
73 0 914273
73 1 914337
84 0 914492
84 1 914529
73 0 914583
73 1 914641
190 0 914843
190 1 914870
16 0 944860
65 0 945005
16 1 945069
67 0 945092
65 1 945127
67 1 945236
69 0 945275
69 1 945347
65 0 945514
65 1 945560
83 0 945661
83 1 945717
84 0 945804
84 1 945886
65 0 945944
65 1 946026
32 0 946086
32 1 946152
73 0 955539
73 1 955619
77 0 955732
77 1 955808
65 0 955841
65 1 955908
71 0 955953
71 1 956004
73 0 956122
73 1 956186
78 0 956282
78 1 956368
69 0 956377
69 1 956457
32 0 956568
32 1 956645
82 0 958885
82 1 958981
69 0 959071
69 1 959170
76 0 959246
76 1 959332
65 0 959370
65 1 959471
84 0 959561
84 1 959651
65 0 959661
65 1 959710
8 0 960138
8 0 960644
8 0 960674
8 0 960705
8 0 960737
8 0 960768
8 1 960778
80 0 961226
80 1 961315
69 0 961334
69 1 961407
78 0 961472
78 1 961546
84 0 961579
84 1 961645
82 0 961732
85 0 961785
82 1 961813
85 1 961858
32 0 961919
32 1 961968
77 0 962043
77 1 962121
73 0 962210
73 1 962264
78 0 962365
69 0 962401
78 1 962419
69 1 962466
32 0 962537
82 0 962609
32 1 962617
82 1 962672
69 0 962765
69 1 962844
76 0 962879
76 1 962970
65 0 963010
65 1 963072
84 0 963186
65 0 963250
84 1 963256
65 1 963317
8 0 963681
8 1 963889
8 0 964039
8 1 964096
8 0 964419
8 1 964504
8 0 964620
8 1 964669
8 0 964769
8 1 964834
8 0 964927
8 1 964974
8 0 966411
8 0 966917
8 0 966950
8 0 966982
8 0 967014
8 1 967045
8 0 967311
8 0 967816
8 0 967847
8 0 967878
8 0 967910
8 0 967944
8 0 967975
8 0 968006
8 0 968038
8 0 968068
8 0 968100
8 0 968131
8 0 968163
8 0 968193
8 0 968225
8 0 968256
8 0 968287
8 0 968318
8 0 968349
8 0 968381
8 0 968412
8 0 968446
8 0 968478
8 0 968509
8 0 968539
8 0 968571
8 0 968602
8 0 968634
8 0 968665
8 0 968697
8 1 968713
16 0 969013
16 1 969245
16 0 969542
65 0 969661
16 1 969721
65 1 969804
67 0 969916
69 0 969981
67 1 969998
69 1 970065
65 0 970199
65 1 970272
83 0 970359
83 1 970436
84 0 970441
84 1 970510
65 0 970572
65 1 970639
32 0 970730
32 1 970820
8 0 971065
8 0 971570
8 0 971601
8 0 971633
8 0 971664
8 0 971695
8 0 971726
8 0 971758
8 0 971789
8 0 971820
8 0 971852
8 1 971865
16 0 971922
73 0 972119
16 1 972178
73 1 972182
78 0 972315
78 1 972369
32 0 972464
32 1 972521
90 0 972569
90 1 972660
73 0 972694
73 1 972754
8 0 973058
8 1 973117
8 0 973192
8 1 973270
86 0 973278
86 1 973370
73 0 973407
73 1 973469
90 0 973810
90 1 973939
73 0 973946
73 1 974007
85 0 974089
85 1 974146
78 0 974255
69 0 974288
78 1 974338
69 1 974389
65 0 974495
32 0 974555
65 1 974570
32 1 974613
77 0 974724
69 0 974773
77 1 974799
69 1 974852
65 0 974950
188 0 974972
65 1 975029
188 1 975057
32 0 975160
32 1 975226
65 0 975229
65 1 975319
86 0 975388
86 1 975457
69 0 975471
69 1 975545
65 0 975676
65 1 975738
83 0 975811
84 0 975869
83 1 975881
84 1 975930
65 0 975988
32 0 976036
65 1 976049
32 1 976110
77 0 976548
77 1 976562
8 0 976812
8 0 977318
8 0 977348
8 0 977379
8 0 977410
8 0 977441
8 1 977469
8 0 977643
8 1 977740
8 0 977826
8 1 977884
67 0 978314
69 0 978337
67 1 978385
69 1 978419
65 0 978549
65 1 978598
83 0 978701
84 0 978736
83 1 978748
84 1 978806
65 0 978867
32 0 978907
65 1 978938
32 1 979008
73 0 979010
73 1 979080
77 0 979183
77 1 979238
65 0 979264
65 1 979330
71 0 979387
71 1 979432
73 0 979555
73 1 979607
78 0 979700
69 0 979750
78 1 979771
69 1 979833
32 0 979915
32 1 979985
77 0 980086
77 1 980145
65 0 980161
65 1 980228
32 0 980271
32 1 980322
68 0 980363
68 1 980432
85 0 980460
85 1 980530
67 0 980574
67 1 980659
69 0 980808
32 0 980862
69 1 980889
32 1 980993
67 0 981158
85 0 981236
67 1 981260
85 1 981327
32 0 981397
32 1 981466
71 0 981720
71 1 981735
65 0 981776
65 1 981853
78 0 981947
78 1 982042
68 0 982135
68 1 982174
85 0 982271
85 1 982324
76 0 982505
76 1 982590
32 0 982730
32 1 982818
76 0 982969
76 1 983063
65 0 983099
65 1 983160
32 0 983222
32 1 983286
67 0 984659
67 1 984743
69 0 984874
86 0 984952
69 1 984959
86 1 985043
65 0 985148
65 1 985210
32 0 985213
32 1 985284
66 0 985463
66 1 985553
73 0 985566
73 1 985625
66 0 985662
66 1 985747
76 0 985772
76 1 985851
73 0 985963
73 1 986033
67 0 986131
67 1 986212
190 0 986329
190 1 986459
32 0 1013208
32 1 1013336
8 0 1015574
8 1 1015718
8 0 1019970
8 1 1020098
8 0 1020524
8 0 1021031
8 0 1021062
8 0 1021093
8 0 1021124
8 0 1021155
8 0 1021187
8 0 1021218
8 0 1021249
8 0 1021280
8 0 1021314
8 0 1021345
8 0 1021377
8 0 1021408
8 0 1021439
8 1 1021462
8 0 1021675
8 0 1022183
8 0 1022213
8 0 1022244
8 0 1022276
8 0 1022307
8 0 1022340
8 0 1022372
8 0 1022403
8 0 1022434
8 0 1022466
8 0 1022497
8 0 1022528
8 1 1022537
8 0 1022724
8 1 1022817
8 0 1022919
8 1 1022986
8 0 1023087
8 1 1023154
8 0 1023253
8 1 1023331
77 0 1027808
77 1 1027874
65 0 1027876
65 1 1027963
32 0 1027999
32 1 1028047
68 0 1028139
68 1 1028201
85 0 1028230
85 1 1028300
67 0 1028385
32 0 1028457
67 1 1028471
32 1 1028555
67 0 1028737
67 1 1028820
85 0 1028833
85 1 1028908
32 0 1028987
32 1 1029052
71 0 1029163
71 1 1029221
65 0 1029242
65 1 1029317
78 0 1029382
78 1 1029458
68 0 1029486
68 1 1029548
85 0 1029613
85 1 1029670
76 0 1029791
76 1 1029886
32 0 1029935
32 1 1030036
76 0 1030057
65 0 1030113
76 1 1030135
65 1 1030194
32 0 1030216
32 1 1030304
67 0 1030489
67 1 1030556
69 0 1030559
69 1 1030612
86 0 1030656
86 1 1030725
65 0 1030762
65 1 1030828
32 0 1030857
32 1 1030920
66 0 1031128
66 1 1031208
73 0 1031244
73 1 1031311
66 0 1031342
66 1 1031424
76 0 1031468
76 1 1031532
73 0 1031641
73 1 1031714
67 0 1031793
67 1 1031872
190 0 1031919
190 1 1032037
32 0 1032205
32 1 1032257
16 0 1049107
80 0 1049297
16 1 1049374
80 1 1049385
69 0 1049541
69 1 1049613
82 0 1049736
82 1 1049785
83 0 1049924
79 0 1049986
83 1 1049990
79 1 1050046
78 0 1050162
78 1 1050231
65 0 1050248
65 1 1050326
74 0 1050442
74 1 1050522
69 0 1050567
69 1 1050643
76 0 1050700
69 0 1050761
76 1 1050769
69 1 1050827
32 0 1050967
32 1 1051087
68 0 1051256
68 1 1051335
69 0 1051430
69 1 1051507
83 0 1051617
83 1 1051691
70 0 1051792
70 1 1051865
65 0 1051869
65 1 1051933
83 0 1052181
83 1 1052255
79 0 1052298
80 0 1052302
80 1 1052305
79 1 1052361
65 0 1052415
65 1 1052472
82 0 1052583
82 1 1052655
65 0 1052718
65 1 1052776
32 0 1052819
32 1 1052900
68 0 1053198
68 1 1053268
73 0 1053281
73 1 1053359
70 0 1053590
70 1 1053664
69 0 1053746
69 1 1053823
82 0 1053905
82 1 1053972
73 0 1054031
73 1 1054098
84 0 1054103
84 1 1054158
69 0 1054274
69 1 1054343
32 0 1054356
32 1 1054421
65 0 1054494
65 1 1054563
67 0 1054698
67 1 1054746
84 0 1054876
84 1 1054940
73 0 1054948
73 1 1055011
85 0 1055095
85 1 1055120
78 0 1055235
78 1 1055282
73 0 1055373
73 1 1055433
188 0 1055555
188 1 1055615
32 0 1055716
32 1 1055780
85 0 1055906
85 1 1055955
78 0 1056047
78 1 1056101
69 0 1056109
69 1 1056179
76 0 1056229
69 0 1056297
76 1 1056305
69 1 1056364
32 0 1056415
32 1 1056455
86 0 1056621
86 1 1056694
79 0 1056715
79 1 1056775
82 0 1056873
82 1 1056947
66 0 1056985
66 1 1057054
69 0 1057111
69 1 1057179
83 0 1057281
83 1 1057366
67 0 1057496
67 1 1057552
32 0 1057625
32 1 1057715
73 0 1057849
73 1 1057904
78 0 1058005
78 1 1058076
84 0 1058203
82 0 1058243
84 1 1058267
82 1 1058320
69 0 1058415
69 1 1058472
32 0 1058480
32 1 1058551
69 0 1058665
69 1 1058741
76 0 1058819
76 1 1058881
69 0 1058893
69 1 1058955
188 0 1059081
188 1 1059154
32 0 1059412
32 1 1059479
65 0 1059784
65 1 1059872
76 0 1059972
76 1 1060065
84 0 1060146
84 1 1060249
69 0 1060420
69 1 1060500
76 0 1060580
76 1 1060654
69 0 1060658
69 1 1060707
32 0 1063108
32 1 1063226
68 0 1064098
68 1 1064157
73 0 1064242
73 1 1064303
8 0 1064600
8 1 1064665
8 0 1064739
8 1 1064810
67 0 1064871
67 1 1064978
73 0 1064999
73 1 1065068
84 0 1065259
69 0 1065324
84 1 1065328
69 1 1065412
83 0 1065719
83 1 1065826
67 0 1065961
67 1 1066037
188 0 1066178
188 1 1066253
32 0 1067226
32 1 1067314
65 0 1067382
65 1 1067459
76 0 1067531
76 1 1067598
84 0 1067823
84 1 1067901
69 0 1067998
69 1 1068098
76 0 1068203
76 1 1068277
69 0 1068327
69 1 1068398
32 0 1068538
32 1 1068608
73 0 1073553
73 1 1073635
78 0 1073782
78 1 1073855
83 0 1073944
83 1 1074019
79 0 1074066
79 1 1074127
84 0 1074678
69 0 1074717
84 1 1074755
69 1 1074804
83 0 1074913
67 0 1074986
83 1 1075003
67 1 1075049
32 0 1075166
32 1 1075234
80 0 1075392
80 1 1075465
69 0 1075470
69 1 1075563
32 0 1075621
32 1 1075625
65 0 1075788
65 1 1075867
76 0 1076094
76 1 1076191
89 0 1076436
89 1 1076458
8 0 1077042
8 1 1077207
89 0 1078089
89 1 1078143
8 0 1078471
84 0 1078552
8 1 1078563
84 1 1078619
86 0 1079116
86 1 1079248
73 0 1079316
73 1 1079378
78 0 1079519
78 1 1079557
8 0 1079769
8 1 1079836
8 0 1079902
8 1 1079964
8 0 1080020
8 1 1080100
67 0 1080142
67 1 1080230
73 0 1080258
73 1 1080314
78 0 1080426
78 1 1080494
69 0 1080502
69 1 1080592
86 0 1080628
86 1 1080689
65 0 1081044
65 1 1081134
190 0 1081222
190 1 1081309
32 0 1081757
32 1 1081836
16 0 1111403
79 0 1111724
16 1 1111773
79 1 1111816
65 0 1111988
65 1 1112091
77 0 1112098
77 1 1112166
69 0 1112350
69 1 1112446
78 0 1112459
78 1 1112527
73 0 1112677
73 1 1112736
73 0 1112809
73 1 1112869
32 0 1112932
73 0 1113050
32 1 1113075
73 1 1113127
78 0 1113228
78 1 1113289
32 0 1113387
32 1 1113451
65 0 1113488
65 1 1113562
86 0 1113637
86 1 1113705
69 0 1113784
69 1 1113863
8 0 1114186
8 1 1114257
8 0 1114323
8 1 1114419
67 0 1114795
69 0 1114858
67 1 1114874
69 1 1114933
65 0 1115062
65 1 1115139
32 0 1115204
32 1 1115257
80 0 1115416
69 0 1115455
80 1 1115485
69 1 1115520
82 0 1115613
82 1 1115676
73 0 1115728
73 1 1115792
79 0 1115880
65 0 1115919
79 1 1115951
65 1 1115979
68 0 1116088
68 1 1116151
65 0 1116251
65 1 1116314
32 0 1116348
32 1 1116446
84 0 1116814
84 1 1116872
82 0 1116943
82 1 1117010
65 0 1117045
65 1 1117109
73 0 1117204
73 1 1117258
65 0 1117283
65 1 1117350
85 0 1117602
85 1 1117664
32 0 1117813
32 1 1117895
68 0 1118618
68 1 1118699
73 0 1118715
73 1 1118783
70 0 1118816
70 1 1118885
69 0 1118998
69 1 1119063
82 0 1119156
82 1 1119213
73 0 1119243
73 1 1119308
84 0 1119331
84 1 1119393
32 0 1119443
32 1 1119513
68 0 1119674
68 1 1119735
69 0 1119845
32 0 1119881
69 1 1119909
32 1 1119962
67 0 1120062
67 1 1120124
69 0 1120246
69 1 1120309
69 0 1120374
69 1 1120449
65 0 1120554
32 0 1120613
65 1 1120622
32 1 1120714
67 0 1120741
67 1 1120812
69 0 1120904
32 0 1120958
69 1 1120971
32 1 1121026
83 0 1121111
83 1 1121189
84 0 1121327
73 0 1121383
84 1 1121390
73 1 1121436
77 0 1121538
77 1 1121619
32 0 1121712
32 1 1121809
78 0 1122159
78 1 1122214
79 0 1122342
79 1 1122406
73 0 1122491
73 1 1122561
32 0 1122651
32 1 1122716
73 0 1122800
73 1 1122862
78 0 1122974
78 1 1123024
32 0 1123128
32 1 1123181
90 0 1123260
90 1 1123339
73 0 1123349
73 1 1123412
76 0 1123534
76 1 1123606
69 0 1123620
69 1 1123691
76 0 1123726
76 1 1123786
8 0 1123973
8 0 1124480
8 0 1124511
8 0 1124545
8 0 1124577
8 0 1124607
8 0 1124639
8 1 1124665
8 0 1125147
8 1 1125246
8 0 1125501
8 1 1125654
188 0 1125783
188 1 1125874
32 0 1126111
32 1 1126210
83 0 1131473
83 1 1131561
69 0 1131661
69 1 1131730
32 0 1131763
32 1 1131832
86 0 1131939
69 0 1131995
86 1 1132017
69 1 1132072
68 0 1132218
68 1 1132233
69 0 1132333
69 1 1132393
32 0 1132440
32 1 1132479
68 0 1132597
68 1 1132672
73 0 1132675
73 1 1132748
78 0 1132848
78 1 1132911
32 0 1133016
32 1 1133082
70 0 1133085
70 1 1133157
69 0 1133266
76 0 1133335
69 1 1133345
76 1 1133399
85 0 1133513
85 1 1133583
76 0 1133699
76 1 1133788
32 0 1133868
32 1 1133987
73 0 1133990
73 1 1134060
78 0 1134168
78 1 1134216
32 0 1134319
32 1 1134380
67 0 1134505
67 1 1134563
65 0 1134569
65 1 1134640
82 0 1134672
82 1 1134746
69 0 1134785
32 0 1134838
69 1 1134846
32 1 1134927
69 0 1134958
69 1 1135021
82 0 1135044
82 1 1135117
65 0 1135216
65 1 1135291
85 0 1135296
85 1 1135369
32 0 1135443
32 1 1135546
73 0 1135549
73 1 1135613
77 0 1135718
77 1 1135781
66 0 1135905
82 0 1135970
66 1 1135978
82 1 1136026
65 0 1136178
65 1 1136249
67 0 1136277
67 1 1136327
65 0 1136363
65 1 1136421
84 0 1136445
84 1 1136501
73 0 1136640
73 1 1136688
188 0 1136864
190 0 1136886
190 1 1136910
188 1 1136917
8 0 1137348
8 1 1137419
8 0 1137484
8 1 1137558
190 0 1137699
190 1 1137768
8 0 1140482
8 1 1140599
190 0 1140920
190 1 1141016
32 0 1141240
32 1 1141349
16 0 1151049
65 0 1151300
16 1 1151366
65 1 1151434
83 0 1151521
83 1 1151615
32 0 1151692
32 1 1151788
83 0 1152118
80 0 1152204
83 1 1152234
80 1 1152278
85 0 1152419
85 1 1152487
78 0 1152594
69 0 1152650
78 1 1152656
69 1 1152723
32 0 1152769
32 1 1152851
67 0 1152903
67 1 1152982
65 0 1153111
65 1 1153187
32 0 1153252
32 1 1153314
78 0 1153695
78 1 1153749
85 0 1153875
85 1 1153954
32 0 1154018
32 1 1154103
65 0 1154169
86 0 1154248
65 1 1154252
86 1 1154320
69 0 1154370
69 1 1154435
65 0 1154546
65 1 1154615
85 0 1154623
85 1 1154698
32 0 1154760
32 1 1154823
79 0 1155020
79 1 1155081
86 0 1155277
32 0 1155306
86 1 1155336
32 1 1155405
8 0 1155790
8 1 1155863
8 0 1155950
8 1 1155997
32 0 1156089
32 1 1156188
86 0 1156218
73 0 1156279
86 1 1156295
73 1 1156354
65 0 1156479
84 0 1156549
65 1 1156553
84 1 1156625
65 0 1156665
32 0 1156725
65 1 1156729
32 1 1156835
85 0 1156870
83 0 1156936
85 1 1156939
83 1 1157014
79 0 1157094
79 1 1157173
65 0 1157180
65 1 1157258
82 0 1157410
82 1 1157465
65 0 1157521
65 1 1157567
188 0 1157745
188 1 1157827
32 0 1159198
32 1 1159345
67 0 1166652
67 1 1166745
69 0 1166770
69 1 1166844
8 0 1167295
8 1 1167375
8 0 1167484
8 1 1167555
84 0 1172985
84 1 1173056
79 0 1173090
79 1 1173177
84 0 1173191
84 1 1173257
65 0 1173424
65 1 1173493
76 0 1173500
76 1 1173607
32 0 1173699
32 1 1173746
68 0 1173799
68 1 1173872
73 0 1173944
73 1 1174012
70 0 1174027
70 1 1174099
69 0 1174213
69 1 1174289
82 0 1174392
82 1 1174455
73 0 1174516
73 1 1174580
84 0 1174592
84 1 1174651
65 0 1174823
65 1 1174885
32 0 1174935
32 1 1175010
68 0 1176474
68 1 1176623
69 0 1176727
69 1 1176809
32 0 1176835
32 1 1176910
67 0 1177064
69 0 1177127
67 1 1177141
69 1 1177207
69 0 1177290
69 1 1177373
8 0 1177806
8 1 1177933
32 0 1178238
32 1 1178354
83 0 1178413
83 1 1178465
69 0 1178576
69 1 1178643
32 0 1178650
32 1 1178733
73 0 1178784
73 1 1178859
78 0 1178973
78 1 1179026
84 0 1179154
84 1 1179212
65 0 1179260
65 1 1179342
77 0 1179356
77 1 1179420
80 0 1179527
80 1 1179592
76 0 1179677
76 1 1179743
65 0 1179746
65 1 1179814
32 0 1179913
32 1 1179984
67 0 1180047
67 1 1180135
85 0 1180166
85 1 1180227
8 0 1180619
8 1 1180664
8 0 1180745
8 1 1180797
65 0 1180802
65 1 1180856
67 0 1180990
85 0 1181047
67 1 1181064
85 1 1181108
77 0 1181242
77 1 1181269
190 0 1182065
190 1 1182124
32 0 1182365
32 1 1182507
16 0 1182542
65 0 1182651
16 1 1182710
65 1 1182781
67 0 1182876
67 1 1182950
69 0 1182970
69 1 1183038
83 0 1183133
84 0 1183194
83 1 1183234
84 1 1183269
32 0 1183337
32 1 1183440
76 0 1183460
76 1 1183533
85 0 1183667
85 1 1183732
67 0 1183785
67 1 1183824
82 0 1183959
82 1 1184026
85 0 1184036
85 1 1184116
32 0 1184185
32 1 1184249
8 0 1184587
8 0 1185094
8 0 1185125
8 0 1185156
8 0 1185188
8 0 1185218
8 0 1185249
8 0 1185281
8 0 1185312
8 0 1185343
8 0 1185375
8 1 1185400
8 0 1185569
8 1 1185652
16 0 1190267
16 0 1190773
16 0 1190805
16 0 1190835
16 0 1190866
16 0 1190898
16 0 1190930
16 0 1190961
16 0 1190991
16 0 1191026
16 0 1191057
16 0 1191089
16 0 1191119
16 0 1191150
16 0 1191183
16 0 1191214
16 0 1191245
16 0 1191276
16 0 1191307
16 0 1191339
16 0 1191369
16 0 1191401
16 0 1191433
16 0 1191464
16 0 1191495
16 0 1191530
16 0 1191560
16 0 1191591
16 0 1191623
16 0 1191654
16 0 1191685
16 0 1191716
16 0 1191748
16 0 1191779
67 0 1191802
67 1 1191875
16 1 1191889
69 0 1192044
69 1 1192108
69 0 1192197
69 1 1192271
65 0 1192395
65 1 1192471
32 0 1192502
32 1 1192572
67 0 1192677
67 1 1192742
69 0 1192871
69 1 1192937
32 0 1193011
32 1 1193063
65 0 1193466
65 1 1193520
80 0 1193573
80 1 1193647
8 0 1194393
8 1 1194455
8 0 1194554
8 1 1194617
77 0 1195100
77 1 1195175
8 0 1195498
8 1 1195589
69 0 1196437
69 1 1196527
32 0 1197063
32 1 1197184
85 0 1197293
85 1 1197357
78 0 1197464
78 1 1197515
32 0 1197602
32 1 1197658
77 0 1197744
77 1 1197803
79 0 1197899
79 1 1197970
84 0 1197992
84 1 1198062
73 0 1198068
73 1 1198138
86 0 1198280
86 1 1198333
32 0 1198455
32 1 1198563
67 0 1198672
67 1 1198760
8 0 1199010
8 1 1199088
68 0 1199105
68 1 1199149
69 0 1199253
69 1 1199334
32 0 1199338
32 1 1199397
66 0 1199530
66 1 1199598
85 0 1199711
85 1 1199779
67 0 1199794
67 1 1199871
85 0 1199876
85 1 1199939
82 0 1200127
82 1 1200199
73 0 1200373
73 1 1200444
69 0 1200495
69 1 1200565
32 0 1200581
32 1 1200651
73 0 1200749
73 1 1200823
78 0 1200968
78 1 1201041
67 0 1201092
67 1 1201181
8 0 1201546
83 0 1201565
8 1 1201627
83 1 1201636
65 0 1202074
65 1 1202228
188 0 1202284
188 1 1202346
32 0 1202510
32 1 1202574
69 0 1202583
69 1 1202660
32 0 1202698
32 1 1202753
70 0 1203058
70 1 1203124
65 0 1203251
65 1 1203320
80 0 1203338
80 1 1203397
84 0 1203485
84 1 1203549
85 0 1203552
85 1 1203608
76 0 1203715
76 1 1203803
32 0 1203859
32 1 1203934
67 0 1203946
67 1 1204019
65 0 1204133
65 1 1204224
32 0 1204236
80 0 1204339
32 1 1204342
80 1 1204430
79 0 1204514
79 1 1204567
84 0 1204571
84 1 1204640
32 0 1204708
32 1 1204789
83 0 1204890
83 1 1204937
84 0 1204977
84 1 1205051
65 0 1205089
65 1 1205152
32 0 1205160
32 1 1205226
77 0 1205301
77 1 1205376
65 0 1205399
65 1 1205473
73 0 1205485
73 1 1205554
32 0 1205608
32 1 1205671
77 0 1205738
77 1 1205805
85 0 1205909
85 1 1205962
76 0 1206087
84 0 1206136
76 1 1206171
84 1 1206208
32 0 1206250
32 1 1206319
8 0 1206566
8 1 1206645
73 0 1206771
73 1 1206859
32 0 1206974
32 1 1207042
80 0 1207306
80 1 1207315
79 0 1207326
79 1 1207419
65 0 1207507
65 1 1207588
77 0 1207610
77 1 1207677
69 0 1207739
78 0 1207790
69 1 1207805
78 1 1207840
73 0 1207929
73 1 1208005
8 0 1208545
8 0 1209052
8 0 1209083
8 0 1209114
8 0 1209148
8 0 1209179
8 0 1209210
8 1 1209234
79 0 1209673
79 1 1209752
65 0 1209856
65 1 1209923
77 0 1209939
77 1 1209999
69 0 1210092
78 0 1210120
69 1 1210157
78 1 1210162
73 0 1210269
73 1 1210335
32 0 1210427
32 1 1210503
73 0 1210572
73 1 1210635
77 0 1210754
77 1 1210799
80 0 1210918
80 1 1210977
82 0 1210979
82 1 1211046
85 0 1211147
69 0 1211155
85 1 1211206
69 1 1211225
78 0 1211326
78 1 1211381
65 0 1211438
65 1 1211516
188 0 1211537
188 1 1211613
8 0 1211926
8 1 1211989
8 0 1212060
8 1 1212120
8 0 1212204
8 1 1212259
8 0 1212343
8 1 1212396
8 0 1212470
8 1 1212556
69 0 1212721
69 1 1212795
85 0 1212953
85 1 1212991
78 0 1213113
78 1 1213179
65 0 1213251
65 1 1213320
188 0 1213381
188 1 1213443
32 0 1213580
32 1 1213641
70 0 1213911
70 1 1213991
65 0 1214133
65 1 1214201
82 0 1214224
82 1 1214291
65 0 1214308
65 1 1214362
32 0 1214366
32 1 1214428
70 0 1214509
70 1 1214573
82 0 1214588
82 1 1214643
73 0 1214723
73 1 1214786
67 0 1214817
67 1 1214881
65 0 1215018
65 1 1215083
32 0 1215094
32 1 1215170
86 0 1215918
86 1 1215998
73 0 1216061
73 1 1216116
82 0 1216163
82 1 1216233
85 0 1216291
85 1 1216358
83 0 1216418
83 1 1216469
85 0 1216525
85 1 1216586
76 0 1216874
76 1 1216925
85 0 1217138
85 1 1217191
73 0 1217279
73 1 1217348
32 0 1217407
32 1 1217488
67 0 1217531
67 1 1217626
65 0 1217758
65 1 1217816
82 0 1217834
82 1 1217897
69 0 1217959
69 1 1218023
32 0 1218053
32 1 1218161
78 0 1218721
78 1 1218828
69 0 1218886
69 1 1218956
32 0 1219919
32 1 1219977
73 0 1233885
73 1 1233967
78 0 1234092
78 1 1234149
67 0 1234184
67 1 1234261
79 0 1234304
79 1 1234356
78 0 1234687
78 1 1234744
74 0 1234931
74 1 1234980
79 0 1235092
79 1 1235164
65 0 1235188
65 1 1235268
82 0 1235408
82 1 1235461
65 0 1235597
65 1 1235686
32 0 1235694
80 0 1235784
32 1 1235846
69 0 1235903
80 1 1235919
69 1 1235977
32 0 1235980
32 1 1236068
78 0 1236130
78 1 1236194
79 0 1236315
79 1 1236372
73 0 1236453
73 1 1236531
32 0 1236595
32 1 1236658
73 0 1238366
73 1 1238473
78 0 1238727
78 1 1238791
32 0 1238888
32 1 1238963
65 0 1239032
65 1 1239107
67 0 1239127
67 1 1239191
69 0 1239248
69 1 1239316
65 0 1239450
65 1 1239525
83 0 1239610
84 0 1239665
83 1 1239686
84 1 1239754
32 0 1239790
65 0 1239802
32 1 1239858
65 1 1239862
80 0 1239998
69 0 1240063
80 1 1240092
69 1 1240141
82 0 1240230
82 1 1240291
73 0 1240349
73 1 1240413
79 0 1240499
65 0 1240508
79 1 1240564
65 1 1240601
68 0 1240698
68 1 1240766
65 0 1240885
65 1 1240956
8 0 1241339
8 0 1241846
8 0 1241879
8 0 1241911
8 0 1241942
8 0 1241973
8 0 1242004
8 0 1242036
8 1 1242052
8 0 1242197
8 1 1242263
8 0 1242350
8 1 1242441
65 0 1242802
65 1 1242909
32 0 1243216
32 1 1243288
80 0 1243479
69 0 1243540
80 1 1243563
69 1 1243624
82 0 1243730
82 1 1243801
73 0 1243888
73 1 1243955
79 0 1244074
79 1 1244137
65 0 1244186
65 1 1244265
68 0 1244378
68 1 1244437
65 0 1244549
65 1 1244657
190 0 1244710
190 1 1244794
32 0 1245552
32 1 1245657
