16 0 412787
65 0 412969
16 1 413009
70 0 413105
65 1 413113
70 1 413176
82 0 413272
82 1 413336
8 0 414096
8 1 414192
65 0 414232
65 1 414368
82 0 415136
82 1 415289
219 0 415385
219 1 415448
32 0 415585
32 1 415672
80 0 415793
80 1 415864
76 0 415960
76 1 416024
85 0 416201
85 1 416257
219 0 416649
219 1 416753
8 0 418937
8 1 419033
8 0 419641
8 1 419745
79 0 420617
79 1 420681
85 0 420945
85 1 421001
219 0 421393
219 1 421481
188 0 422473
188 1 422537
32 0 422649
32 1 422721
73 0 422833
73 1 422897
8 0 423601
8 1 423697
8 0 423985
8 1 424000
8 0 424577
8 1 424697
190 0 425945
190 1 426009
32 0 426145
32 1 426225
16 0 426265
68 0 426465
16 1 426497
68 1 426537
65 0 426609
65 1 426729
188 0 427441
188 1 427505
32 0 427617
32 1 427681
73 0 427769
73 1 427841
77 0 427913
77 1 428001
73 0 428049
73 1 428105
32 0 428225
32 1 428297
80 0 428409
80 1 428473
76 0 428577
76 1 428641
65 0 428649
65 1 428729
67 0 428825
67 1 428928
69 0 428945
32 0 429104
69 1 429112
32 1 429176
76 0 429377
76 1 429481
65 0 429553
65 1 429672
32 0 429713
32 1 429777
78 0 430304
78 1 430385
69 0 430465
69 1 430553
66 0 430569
66 1 430657
85 0 430736
85 1 430824
78 0 430912
78 1 431040
73 0 431080
73 1 431160
69 0 431232
69 1 431376
190 0 433112
190 1 433160
32 0 433304
32 1 433360
16 0 433473
16 1 433744
90 0 433785
90 1 433816
8 0 434881
8 1 435025
8 0 435305
8 1 435393
16 0 435873
90 0 436081
16 1 436137
90 1 436233
73 0 436345
73 1 436409
76 0 438337
76 1 438401
69 0 438441
69 1 438513
76 0 438521
76 1 438585
69 0 438625
69 1 438705
32 0 438737
32 1 438833
84 0 439033
84 1 439073
82 0 439185
82 1 439232
69 0 439265
69 1 439353
67 0 439425
85 0 439553
67 1 439577
85 1 439601
84 0 439745
84 1 439801
69 0 439825
69 1 439945
32 0 444249
32 1 444305
65 0 444369
32 0 444457
65 1 444472
32 1 444521
70 0 444665
70 1 444785
79 0 444841
79 1 444913
83 0 444961
83 1 445081
84 0 445129
84 1 445193
32 0 445289
32 1 445369
67 0 445433
67 1 445545
65 0 445673
65 1 445825
76 0 445849
76 1 445913
68 0 446033
68 1 446193
188 0 447073
188 1 447121
32 0 447249
32 1 447305
68 0 447329
68 1 447465
79 0 447481
79 1 447537
65 0 447625
65 1 447737
82 0 447777
82 1 447849
32 0 447945
32 1 448033
73 0 448257
73 1 448321
69 0 448369
69 1 448457
82 0 448537
73 0 448625
82 1 448673
73 1 448681
32 0 448777
32 1 448857
65 0 448929
32 0 448985
65 1 449016
32 1 449049
80 0 449241
80 1 449305
76 0 449401
76 1 449497
8 0 450425
8 1 450529
76 0 451369
76 1 451433
79 0 451552
79 1 451609
85 0 451801
85 1 451865
65 0 451977
65 1 452105
84 0 452417
84 1 452569
190 0 453473
190 1 453537
32 0 453681
32 1 453737
16 0 453897
84 0 454105
16 1 454137
84 1 454161
69 0 454265
69 1 454401
77 0 454449
77 1 454537
80 0 458826
80 1 458921
69 0 459505
69 1 459657
82 0 460169
82 1 460233
65 0 460281
84 0 460361
65 1 460377
84 1 460417
85 0 460585
85 1 460641
82 0 460801
82 1 460865
65 0 460889
65 1 460993
32 0 461001
32 1 461081
68 0 461129
68 1 461201
69 0 461305
32 0 461449
69 1 461465
32 1 461569
65 0 461801
65 1 461913
70 0 461961
70 1 462057
65 0 462121
82 0 462241
65 1 462249
82 1 462321
65 0 462433
65 1 462553
8 0 463049
8 1 463121
219 0 463321
219 1 463393
32 0 463513
32 1 463585
65 0 463601
32 0 463681
65 1 463721
32 1 463769
70 0 464129
70 1 464241
79 0 464313
79 1 464385
83 0 464441
83 1 464529
84 0 464609
84 1 464673
32 0 464777
32 1 464857
83 0 464961
73 0 465049
83 1 465057
73 1 465113
77 0 465233
77 1 465305
85 0 465393
85 1 465449
76 0 465713
76 1 465801
73 0 465945
73 1 466025
8 0 473786
8 1 473857
8 0 473969
8 1 474049
8 0 474169
8 1 474209
8 0 474321
8 1 474377
8 0 474489
8 1 474529
8 0 474649
8 1 474689
8 0 474801
8 1 474865
8 0 474969
8 1 475033
8 0 475137
8 1 475193
83 0 476097
84 0 476225
83 1 476241
84 1 476281
32 0 476401
32 1 476481
68 0 476793
69 0 476929
68 1 476937
69 1 477097
32 0 477161
32 1 477225
49 0 478385
49 1 478505
48 0 478609
48 1 478665
32 0 478801
32 1 478897
189 0 479009
189 1 479097
49 0 479209
49 1 479337
51 0 480761
51 1 480913
8 0 482265
8 1 482321
8 0 483409
8 1 483489
8 0 483993
8 1 484089
189 0 484897
189 1 484953
32 0 485097
32 1 485185
49 0 485233
49 1 485345
51 0 485433
51 1 485537
32 0 485561
32 1 485649
71 0 486065
71 1 486153
82 0 486257
65 0 486305
82 1 486321
68 0 486449
65 1 486465
68 1 486497
69 0 486577
69 1 486649
32 0 486777
32 1 486865
67 0 486905
67 1 487017
69 0 487033
69 1 487153
76 0 487177
76 1 487249
83 0 487313
83 1 487449
73 0 487513
73 1 487593
85 0 487673
85 1 487745
83 0 487849
83 1 487993
190 0 489217
190 1 489329
16 0 492737
86 0 492881
16 1 492921
86 1 492953
82 0 493129
82 1 493225
69 0 494009
69 1 494145
77 0 494385
77 1 494457
69 0 494593
69 1 494737
8 0 495097
8 1 495185
8 0 495297
8 1 495361
8 0 495457
8 1 495529
8 0 495881
8 1 495985
8 0 496321
8 1 496425
16 0 496545
80 0 496873
16 1 496881
80 1 496961
69 0 497033
69 1 497177
78 0 497185
78 1 497289
84 0 497449
84 1 497505
82 0 497561
85 0 497681
82 1 497697
85 1 497737
32 0 497825
32 1 497905
77 0 498009
77 1 498089
73 0 498145
73 1 498257
78 0 498289
78 1 498369
69 0 498393
32 0 498481
69 1 498497
32 1 498561
86 0 498697
86 1 498785
82 0 498921
82 1 498977
69 0 499433
69 1 499545
188 0 500017
188 1 500089
69 0 500145
69 1 500257
8 0 500625
8 1 500705
8 0 500809
8 1 500897
77 0 501489
69 0 501553
77 1 501569
82 0 501577
82 1 501593
69 1 501617
65 0 501753
65 1 501897
32 0 501905
32 1 501969
80 0 502305
80 1 502385
69 0 502401
69 1 502473
82 0 502577
82 1 502673
70 0 502801
70 1 502897
69 0 502977
69 1 503033
67 0 503065
67 1 503225
84 0 503233
84 1 503289
219 0 503809
219 1 503897
32 0 505770
32 1 505897
69 0 506281
69 1 506369
83 0 506545
83 1 506681
84 0 506737
84 1 506833
69 0 506945
69 1 507041
32 0 508057
32 1 508129
65 0 508225
65 1 508353
84 0 508401
84 1 508457
85 0 508585
85 1 508657
78 0 508737
78 1 508825
67 0 508873
73 0 508969
67 1 508993
73 1 509025
32 0 509129
32 1 509209
67 0 509929
67 1 510009
65 0 510129
65 1 510249
78 0 510273
78 1 510337
68 0 510353
32 0 510465
68 1 510473
32 1 510537
80 0 510657
80 1 510737
76 0 510838
76 1 510929
73 0 511041
73 1 511081
85 0 511193
85 1 511266
8 0 511857
8 1 511929
8 0 512065
8 1 512137
79 0 512801
79 1 512865
85 0 513001
85 1 513073
65 0 513113
65 1 513217
32 0 513225
32 1 513321
65 0 513345
65 1 513473
70 0 513489
70 1 513561
65 0 513617
82 0 513713
65 1 513721
82 1 513777
65 0 513849
65 1 513969
32 0 514089
32 1 514177
83 0 514305
83 1 514449
73 0 514513
73 1 514577
32 0 514689
32 1 514793
69 0 515097
69 1 515225
8 0 515697
8 1 515793
84 0 516393
84 1 516457
69 0 516545
69 1 516641
77 0 516705
77 1 516777
80 0 516889
80 1 516969
69 0 517017
69 1 517185
82 0 517233
82 1 517297
65 0 519185
65 1 519297
84 0 519809
84 1 519873
85 0 520025
85 1 520097
82 0 520249
65 0 520289
82 1 520313
65 1 520409
32 0 520450
32 1 520545
69 0 520561
69 1 520625
83 0 520737
83 1 520833
84 0 520841
84 1 520897
69 0 520929
69 1 521033
32 0 521041
32 1 521129
68 0 521145
68 1 521281
69 0 521321
69 1 521497
32 0 521609
32 1 521729
49 0 524113
49 1 524233
56 0 524273
56 1 524345
32 0 524561
32 1 524673
189 0 525249
189 1 525321
32 0 525561
32 1 525617
50 0 525993
50 1 526137
53 0 526169
53 1 526225
32 0 526426
32 1 526521
71 0 527225
71 1 527289
82 0 527417
82 1 527481
65 0 528721
65 1 528865
68 0 528993
68 1 529065
69 0 529153
69 1 529217
32 0 529337
32 1 529425
67 0 529465
67 1 529553
69 0 529593
69 1 529681
76 0 529721
76 1 529801
83 0 529833
83 1 529985
73 0 530009
73 1 530065
85 0 530188
85 1 530258
83 0 530377
83 1 530505
190 0 531465
190 1 531585
8 0 536617
8 1 536689
16 0 572249
80 0 572385
16 1 572417
80 1 572457
69 0 572521
78 0 572601
69 1 572641
78 1 572673
84 0 572809
84 1 572881
82 0 572953
85 0 573065
82 1 573097
85 1 573129
32 0 573225
32 1 573289
77 0 573385
77 1 573457
73 0 573529
73 1 573593
78 0 573673
78 1 573721
69 0 573737
32 0 573833
69 1 573841
32 1 573897
79 0 573993
79 1 574049
32 0 574145
32 1 574225
90 0 574241
73 0 574353
90 1 574377
73 1 574393
32 0 574497
32 1 574569
73 0 574641
73 1 574705
68 0 574737
68 1 574857
69 0 574889
69 1 575009
65 0 575113
76 0 575233
65 1 575241
76 1 575305
65 0 575369
32 0 575441
65 1 575457
32 1 575537
69 0 575753
69 1 575825
83 0 575937
83 1 576041
84 0 576105
84 1 576161
69 0 576193
32 0 576297
32 1 576313
69 1 576321
79 0 576489
79 1 576545
32 0 576665
32 1 576737
90 0 576777
73 0 576873
90 1 576889
73 1 576921
32 0 577017
32 1 577089
73 0 577201
73 1 577265
78 0 577361
78 1 577433
32 0 577530
32 1 577601
67 0 577745
65 0 577769
67 1 577817
65 1 577897
82 0 577913
82 1 577977
69 0 578017
32 0 578073
69 1 578153
32 1 578161
77 0 578297
77 1 578361
65 0 578369
32 0 578481
65 1 578497
32 1 578553
68 0 578585
68 1 578673
85 0 578713
85 1 578777
67 0 578785
32 0 578889
67 1 578913
32 1 578977
76 0 579097
76 1 579177
65 0 579209
32 0 579273
65 1 579321
32 1 579345
77 0 579449
77 1 579521
85 0 579625
85 1 579697
78 0 579769
66 0 579785
67 0 579801
66 1 579809
78 1 579833
67 1 579841
8 0 581153
8 1 581225
8 0 581321
8 1 581393
67 0 582161
67 1 582241
65 0 583009
65 1 583137
190 0 583553
190 1 583641
32 0 583801
32 1 583865
16 0 584137
77 0 584385
16 1 584433
77 1 584449
65 0 584529
32 0 584553
65 1 584625
32 1 584633
84 0 585065
84 1 585121
82 0 585209
69 0 585257
82 1 585273
69 1 585337
83 0 585457
83 1 585513
8 0 585889
8 1 586009
90 0 586073
90 1 586193
69 0 586273
69 1 586401
83 0 586905
83 1 587025
67 0 587089
67 1 587185
32 0 587225
32 1 587313
76 0 587409
76 1 587489
65 0 587545
32 0 587577
32 1 587649
65 1 587681
79 0 587745
79 1 587809
82 0 587985
82 1 588057
65 0 588089
32 0 588185
65 1 588201
32 1 588273
54 0 589825
54 1 589889
32 0 590025
32 1 590097
65 0 590385
65 1 590545
77 0 590689
77 1 590769
188 0 592849
188 1 592969
32 0 593121
32 1 593193
77 0 593961
69 0 594009
77 1 594041
69 1 594121
82 0 594177
82 1 594337
71 0 594409
71 1 594473
32 0 594561
32 1 594649
76 0 594761
65 0 594833
76 1 594849
32 0 594945
65 1 594953
32 1 595033
83 0 595057
83 1 595153
65 0 595233
76 0 595361
65 1 595385
76 1 595425
65 0 595513
65 1 595609
188 0 595793
188 1 595857
32 0 595961
32 1 596041
73 0 596161
73 1 596241
77 0 596313
77 1 596409
73 0 596449
73 1 596513
32 0 596601
32 1 596689
70 0 596801
70 1 596921
65 0 597017
65 1 597121
67 0 597201
32 0 597305
67 1 597313
32 1 597393
77 0 597602
77 1 597713
73 0 597865
73 1 597921
67 0 598081
67 1 598209
85 0 598233
85 1 598297
76 0 598433
76 1 598497
32 0 598593
32 1 598673
68 0 598833
68 1 598945
69 0 598977
69 1 599105
74 0 599177
74 1 599241
85 0 599337
85 1 599401
78 0 599553
78 1 599649
188 0 601353
188 1 601417
32 0 601529
32 1 601601
67 0 601721
73 0 601833
67 1 601857
73 1 601905
84 0 602098
84 1 602169
69 0 602209
69 1 602265
83 0 602377
83 1 602465
67 0 602521
67 1 602673
32 0 603177
32 1 603257
51 0 603513
51 1 603673
48 0 603753
48 1 603817
32 0 603945
32 1 604033
77 0 604145
77 1 604241
73 0 604273
73 1 604369
78 0 604489
78 1 604553
85 0 606065
85 1 606145
84 0 606297
84 1 606369
69 0 606393
69 1 606505
32 0 606553
32 1 606633
83 0 607169
83 1 607313
73 0 607401
73 1 607489
32 0 607737
32 1 607809
68 0 608025
68 1 608193
85 0 608417
85 1 608473
80 0 608617
80 1 608673
65 0 608737
32 0 608793
32 1 608857
65 1 608881
77 0 608969
77 1 609025
65 0 609049
32 0 609145
65 1 609177
32 1 609241
68 0 609313
68 1 609417
85 0 609433
85 1 609513
67 0 609529
32 0 609633
67 1 609649
32 1 609729
76 0 609817
76 1 609905
65 0 609937
32 0 609985
65 1 610065
32 1 610076
66 0 610297
66 1 610377
85 0 610497
85 1 610577
82 0 610649
79 0 610761
82 1 610809
79 1 610833
85 0 610953
85 1 611025
190 0 611465
190 1 611537
32 0 611689
32 1 611745
16 0 619929
77 0 620081
16 1 620129
77 1 620153
65 0 620209
32 0 620281
65 1 620329
32 1 620337
73 0 620809
73 1 620905
78 0 621001
78 1 621097
84 0 621289
84 1 621345
65 0 621385
65 1 621537
76 0 621585
76 1 621649
78 0 621841
78 1 621905
69 0 621969
69 1 622033
83 0 622145
83 1 622249
67 0 622361
67 1 622457
32 0 622521
32 1 622609
67 0 622673
67 1 622801
85 0 622825
85 1 622881
32 0 623017
32 1 623089
73 0 624649
73 1 624713
85 0 624809
85 1 624873
66 0 624993
66 1 625065
73 0 625161
73 1 625241
84 0 625441
84 1 625521
65 0 625537
32 0 625633
65 1 625673
32 1 625697
77 0 625849
77 1 625929
69 0 625945
69 1 626057
65 0 626145
65 1 626313
32 0 626337
32 1 626417
76 0 626577
76 1 626649
65 0 626689
32 0 626745
65 1 626793
32 1 626809
80 0 626913
80 1 626985
82 0 627057
73 0 627161
82 1 627209
73 1 627241
77 0 627369
77 1 627441
65 0 627505
32 0 627601
65 1 627633
32 1 627673
79 0 627801
79 1 627873
82 0 628121
82 1 628185
65 0 628225
32 0 628313
65 1 628329
32 1 628393
65 0 628481
65 1 628577
32 0 629425
32 1 629513
68 0 629641
73 0 629793
68 1 629801
73 1 629873
77 0 629977
77 1 630049
73 0 630113
73 1 630185
78 0 630273
78 1 630361
69 0 630401
69 1 630569
84 0 630833
84 1 630889
69 0 630969
73 0 631065
69 1 631105
73 1 631129
32 0 631217
32 1 631297
80 0 631409
80 1 631481
69 0 632553
69 1 632665
78 0 632681
78 1 632753
84 0 632929
84 1 632985
82 0 633081
82 1 633233
85 0 633241
85 1 633297
32 0 633385
32 1 633473
65 0 633513
32 0 633593
65 1 633665
32 1 633673
66 0 633809
69 0 633857
66 1 633873
69 1 633945
65 0 634057
65 1 634233
32 0 634241
32 1 634313
67 0 634633
65 0 634705
67 1 634713
65 1 634825
70 0 634833
70 1 634889
69 0 634937
69 1 635033
65 0 635113
85 0 635233
65 1 635273
85 1 635305
65 0 635401
65 1 635553
190 0 635825
190 1 635889
32 0 636001
32 1 636073
16 0 636097
76 0 636225
16 1 636281
76 1 636289
65 0 636361
32 0 636409
65 1 636473
32 1 636481
80 0 636617
80 1 636681
82 0 636777
82 1 636865
65 0 636969
65 1 637121
78 0 637121
78 1 637185
90 0 637289
90 1 637434
32 0 638065
32 1 638145
77 0 638313
77 1 638385
69 0 638401
69 1 638481
82 0 638577
82 1 638705
71 0 638729
71 1 638785
32 0 638889
32 1 638969
83 0 639025
83 1 639129
32 0 639177
65 0 639201
32 1 639241
65 1 639305
77 0 639417
77 1 639489
65 0 639505
32 0 639593
65 1 639617
32 1 639681
86 0 640633
65 0 640697
86 1 640713
65 1 640833
68 0 640905
68 1 641017
32 0 641065
32 1 641161
67 0 641169
67 1 641289
85 0 641313
85 1 641361
32 0 641481
32 1 641561
80 0 641673
80 1 641745
82 0 641817
82 1 641953
73 0 643345
73 1 643425
69 0 643873
69 1 643993
84 0 644009
84 1 644081
69 0 644137
78 0 644257
69 1 644265
78 1 644353
73 0 644417
73 1 644489
188 0 644945
188 1 645017
32 0 645121
32 1 645193
65 0 645249
77 0 645313
77 1 645377
65 1 645384
73 0 645465
73 1 645529
67 0 645585
67 1 645737
73 0 645745
73 1 645801
188 0 647257
188 1 647337
32 0 647465
32 1 647521
8 0 648745
8 1 648833
8 0 648961
8 1 649017
8 0 649129
8 1 649201
8 0 649321
8 1 649393
8 0 649521
8 1 649577
8 0 649705
8 1 649777
8 0 649929
8 1 650009
73 0 651233
73 1 651297
65 0 651369
82 0 651473
65 1 651505
82 1 651529
32 0 651625
32 1 651713
83 0 651753
83 1 651832
69 0 651913
69 1 652001
65 0 652113
82 0 652257
65 1 652264
82 1 652329
65 0 652385
65 1 652497
32 0 652505
32 1 652585
77 0 653041
65 0 653089
77 1 653105
65 1 653217
32 0 653225
32 1 653297
68 0 653329
68 1 653440
85 0 653473
85 1 653537
67 0 653553
32 0 653689
67 1 653696
32 1 653777
76 0 657881
76 1 657993
65 0 658049
65 1 658185
32 0 658241
32 1 658313
70 0 658617
70 1 658769
79 0 658809
79 1 658881
84 0 658961
84 1 659073
66 0 659209
66 1 659273
8 0 659977
8 1 660065
66 0 661193
66 1 661265
65 0 661337
65 1 661489
76 0 661513
76 1 661585
32 0 662313
32 1 662393
67 0 662593
67 1 662721
85 0 662801
85 1 662849
32 0 662953
32 1 663041
71 0 663177
71 1 663240
65 0 663249
65 1 663321
83 0 663369
83 1 663545
67 0 663593
67 1 663657
65 0 663721
65 1 663873
190 0 664737
190 1 664865
16 0 667649
72 0 667905
16 1 667953
72 1 667961
77 0 668153
77 1 668209
77 0 668305
77 1 668369
77 0 668449
77 1 668513
188 0 669193
188 1 669249
32 0 669377
32 1 669433
69 0 670545
69 1 670665
32 0 670745
32 1 670809
32 0 670977
32 1 671057
8 0 676121
8 1 676217
8 0 676601
8 1 676689
8 0 676801
8 1 676880
8 0 677017
8 1 677081
32 0 678073
32 1 678145
69 0 678209
32 0 678273
69 1 678345
32 1 678353
71 0 678449
71 1 678529
82 0 678657
82 1 678713
69 0 678801
69 1 678945
8 0 680313
8 1 680409
8 0 680553
8 1 680609
8 0 680961
8 1 681065
68 0 681577
68 1 681681
69 0 681817
69 1 681921
83 0 682025
83 1 682145
84 0 682153
84 1 682201
85 0 682361
85 1 682433
76 0 682569
76 1 682633
32 0 682729
32 1 682809
68 0 682833
68 1 682921
69 0 682937
32 0 682969
69 1 683033
32 1 683041
67 0 683121
79 0 683241
67 1 683265
79 1 683321
77 0 683417
77 1 683497
80 0 683569
80 1 683641
76 0 683729
76 1 683801
73 0 683905
73 1 683969
67 0 683977
67 1 684073
65 0 684169
84 0 684305
65 1 684329
84 1 684353
188 0 684673
188 1 684737
8 0 685185
8 1 685265
190 0 685465
190 1 685537
16 0 685617
32 0 685665
32 1 685729
16 1 685849
83 0 685873
83 1 686001
73 0 686033
73 1 686097
83 0 686121
83 1 686241
84 0 686289
84 1 686345
69 0 686377
69 1 686513
77 0 686545
77 1 686633
85 0 686745
85 1 686809
76 0 686937
76 1 686985
32 0 687097
32 1 687137
69 0 687201
69 1 687321
8 0 689409
8 1 689481
8 0 689609
8 1 689657
8 0 689785
8 1 689833
8 0 689945
8 1 690033
8 0 690121
8 1 690209
8 0 690321
8 1 690393
8 0 690505
8 1 690601
8 0 690761
8 1 690865
8 0 690993
8 1 691097
8 0 691345
8 1 691433
16 0 691713
83 0 691977
16 1 692017
83 1 692129
73 0 692161
73 1 692240
83 0 692281
83 1 692425
84 0 692457
84 1 692529
69 0 692609
69 1 692745
77 0 692753
77 1 692841
85 0 693057
85 1 693105
76 0 693273
76 1 693345
32 0 693505
32 1 693585
69 0 693657
69 1 693737
68 0 693833
73 0 693953
73 1 694009
68 1 694033
8 0 695185
8 1 695273
85 0 695729
67 0 695769
85 1 695801
67 1 695865
65 0 695969
65 1 696089
84 0 696097
84 1 696137
73 0 696345
73 1 696409
79 0 696497
79 1 696553
78 0 696625
78 1 696705
65 0 696753
76 0 696817
76 1 696873
65 1 696896
32 0 696953
32 1 697041
68 0 697401
73 0 697521
68 1 697585
73 1 697593
78 0 697681
78 1 697745
32 0 697833
32 1 697929
16 0 698225
82 0 698353
82 1 698401
16 1 698433
79 0 698601
79 1 698665
77 0 698777
77 1 698857
65 0 698913
78 0 698985
65 1 699049
78 1 699057
73 0 699129
65 0 699185
73 1 699201
65 1 699313
32 0 699409
32 1 699497
69 0 699577
69 1 699649
83 0 699753
83 1 699857
84 0 699889
84 1 699945
69 0 699985
32 0 700105
69 1 700113
32 1 700201
68 0 700385
68 1 700513
69 0 700545
69 1 700665
83 0 700769
83 1 700913
84 0 700921
84 1 700969
85 0 701121
85 1 701193
76 0 701329
76 1 701401
32 0 701473
32 1 701569
68 0 701689
68 1 701713
69 0 702281
69 1 702425
32 0 702585
32 1 702697
66 0 702945
66 1 703025
85 0 703081
85 1 703161
78 0 703265
78 1 703321
188 0 703505
188 1 703577
32 0 703665
32 1 703745
68 0 703793
68 1 703881
65 0 703969
82 0 704073
65 1 704113
82 1 704129
32 0 704233
32 1 704313
69 0 704481
69 1 704561
83 0 704665
83 1 704777
84 0 704857
84 1 704921
69 0 704937
69 1 705049
32 0 705065
32 1 705145
65 0 705249
65 1 705385
80 0 705393
80 1 705465
76 0 705601
76 1 705753
73 0 706585
73 1 706649
67 0 706721
67 1 706825
65 0 706945
65 1 707097
84 0 707137
84 1 707201
32 0 707305
32 1 707385
79 0 707849
79 1 707913
78 0 708017
78 1 708105
84 0 708249
84 1 708312
82 0 708417
82 1 708553
189 0 708617
189 1 708681
79 0 708921
79 1 708977
32 0 709097
32 1 709177
69 0 710041
69 1 710217
80 0 710233
80 1 710297
79 0 710401
79 1 710465
67 0 710465
67 1 710577
65 0 710665
32 0 710793
65 1 710817
32 1 710873
71 0 711049
71 1 711121
82 0 711289
82 1 711361
69 0 711409
69 1 711497
83 0 711617
73 0 711753
83 1 711761
73 1 711817
84 0 711985
84 1 712041
65 0 712145
65 1 712281
188 0 712545
188 1 712609
32 0 712705
32 1 712785
68 0 712857
73 0 712977
68 1 713017
73 1 713041
78 0 713113
78 1 713185
32 0 713281
32 1 713353
80 0 713473
80 1 713545
67 0 713689
67 1 713777
65 0 713889
65 1 713993
8 0 715665
8 1 715737
8 0 718753
8 1 718817
73 0 719289
73 1 719361
8 0 721633
8 1 721705
65 0 722089
65 1 722225
67 0 722369
67 1 722449
65 0 722577
84 0 722705
65 1 722713
84 1 722769
69 0 722817
69 1 722913
32 0 722937
32 1 723025
83 0 723385
83 1 723513
73 0 723537
73 1 723617
83 0 723641
83 1 723769
84 0 723817
84 1 723881
69 0 723921
69 1 724041
77 0 724089
77 1 724169
85 0 724297
85 1 724361
76 0 724489
76 1 724537
32 0 724625
32 1 724705
69 0 724713
69 1 724809
68 0 724921
68 1 725073
85 0 725129
85 1 725193
67 0 725201
67 1 725305
65 0 725393
84 0 725529
65 1 725561
84 1 725577
73 0 725833
73 1 725897
79 0 725993
79 1 726057
78 0 726145
78 1 726233
65 0 726281
76 0 726337
76 1 726401
65 1 726417
32 0 726481
32 1 726577
68 0 726601
73 0 726753
68 1 726761
73 1 726809
78 0 726889
78 1 726969
32 0 727065
32 1 727145
16 0 727369
82 0 727481
82 1 727529
16 1 727537
79 0 727761
79 1 727833
77 0 728793
77 1 728913
65 0 729105
65 1 729233
78 0 729297
78 1 729384
73 0 729457
73 1 729537
65 0 729609
32 0 729721
65 1 729728
32 1 729808
69 0 729873
69 1 729953
83 0 730041
83 1 730153
82 0 730201
84 0 730203
84 1 730249
82 1 730257
69 0 730265
69 1 730409
32 0 730409
32 1 730481
8 0 731169
8 1 731257
8 0 731369
8 1 731433
8 0 731537
8 1 731633
8 0 731865
8 1 731945
84 0 732569
84 1 732633
69 0 732641
69 1 732753
32 0 732769
32 1 732849
65 0 732929
65 1 733049
78 0 733265
78 1 733353
67 0 734065
67 1 734249
79 0 734321
79 1 734392
82 0 735057
82 1 735129
65 0 735177
84 0 735241
84 1 735289
65 1 735296
32 0 735409
32 1 735489
73 0 735601
73 1 735664
78 0 735753
78 1 735832
32 0 735929
32 1 736016
65 0 736257
78 0 736385
65 1 736393
78 1 736472
73 0 736569
73 1 736633
73 0 736721
73 1 736785
32 0 736921
32 1 737017
54 0 737625
54 1 737689
48 0 738665
48 1 738784
190 0 739681
190 1 739761
32 0 739913
32 1 739969
16 0 753625
78 0 754001
16 1 754065
78 1 754073
85 0 754145
85 1 754209
32 0 754321
32 1 754425
83 0 754457
83 1 754569
84 0 755457
84 1 755521
73 0 755721
73 1 755769
85 0 755881
85 1 755953
32 0 756065
32 1 756145
67 0 756233
67 1 756321
69 0 756337
32 0 756410
69 1 756457
32 1 756481
83 0 756577
83 1 756713
32 0 756841
32 1 756921
8 0 757705
8 1 757817
8 0 757953
8 1 758049
83 0 758497
83 1 758593
69 0 758681
69 1 758817
32 0 758857
32 1 758953
70 0 759265
65 0 759329
70 1 759344
65 1 759409
67 0 759433
67 1 759513
69 0 759529
32 0 759609
69 1 759657
32 1 759697
66 0 760161
66 1 760233
73 0 760312
73 1 760392
78 0 760481
78 1 760553
69 0 760617
69 1 760737
188 0 760793
188 1 760881
32 0 760985
32 1 761073
68 0 761081
68 1 761169
65 0 761249
82 0 761361
65 1 761401
82 1 761417
32 0 761521
32 1 761609
83 0 761673
83 1 761769
84 0 761841
84 1 761881
73 0 762153
73 1 762217
85 0 762329
85 1 762385
32 0 762529
32 1 762601
67 0 762737
67 1 762849
65 0 762969
65 1 763121
32 0 764537
32 1 764609
68 0 764793
68 1 764945
85 0 764977
85 1 765041
67 0 765089
67 1 765185
69 0 765232
77 0 765353
69 1 765368
77 1 765417
32 0 765513
32 1 765593
76 0 765977
76 1 766049
73 0 766169
73 1 766217
80 0 766361
80 1 766433
83 0 766441
83 1 766529
65 0 766649
32 0 766705
65 1 766744
32 1 766769
68 0 766849
68 1 766937
69 0 766993
32 0 767105
69 1 767113
32 1 767177
80 0 767497
80 1 767577
69 0 767641
69 1 767777
68 0 767921
68 1 768025
65 0 768113
65 1 768257
71 0 768561
71 1 768609
79 0 768841
79 1 768905
67 0 769169
67 1 769328
73 0 769425
73 1 769520
190 0 773049
190 1 773121
32 0 773257
32 1 773329
16 0 774121
83 0 774321
16 1 774328
83 1 774433
69 0 774513
32 0 774609
69 1 774633
32 1 774681
66 0 775185
66 1 775257
85 0 775329
85 1 775401
78 0 775505
69 0 775569
78 1 775576
69 1 775657
32 0 775689
32 1 775769
65 0 775849
65 1 775976
67 0 776025
67 1 776065
67 0 776169
67 1 776232
69 0 776273
69 1 776361
78 0 776561
78 1 776633
84 0 776777
84 1 776841
32 0 776961
32 1 777032
80 0 779841
80 1 779913
69 0 779937
32 0 780065
69 1 780089
32 1 780161
67 0 780337
67 1 780393
65 0 780441
65 1 780577
78 0 780585
78 1 780657
84 0 780785
84 1 780824
73 0 780985
73 1 781049
84 0 781185
84 1 781257
65 0 781280
65 1 781360
84 0 781368
84 1 781409
69 0 781449
69 1 781521
65 0 781641
32 0 781713
65 1 781793
32 1 781800
68 0 781905
68 1 781992
69 0 782049
32 0 782113
69 1 782169
32 1 782209
73 0 782321
73 1 782393
78 0 782481
78 1 782561
70 0 782649
79 0 782777
70 1 782785
79 1 782841
82 0 782889
77 0 783001
82 1 783008
77 1 783089
65 0 783161
65 1 783296
84 0 783320
84 1 783377
73 0 783665
73 1 783737
69 0 783832
69 1 783993
32 0 784713
32 1 784777
77 0 784945
77 1 785009
69 0 785049
77 0 785152
77 1 785233
69 1 785241
79 0 785305
79 1 785369
82 0 785417
82 1 785529
65 0 786889
65 1 787025
84 0 787041
84 1 787105
65 0 787185
65 1 787273
188 0 787809
188 1 787873
32 0 787969
32 1 788048
83 0 788072
73 0 788177
83 1 788193
73 1 788241
32 0 788329
32 1 788409
78 0 788505
78 1 788585
85 0 788665
85 1 788729
32 0 788841
32 1 788937
67 0 789873
67 1 789961
65 0 790080
65 1 790193
80 0 790232
80 1 790304
65 0 790337
65 1 790441
67 0 790521
67 1 790625
65 0 790745
65 1 790768
8 0 791857
8 1 791977
73 0 792857
73 1 792921
84 0 793049
84 1 793121
65 0 793145
84 0 793233
65 1 793257
84 1 793289
69 0 793321
69 1 793408
65 0 793481
32 0 793585
65 1 793625
32 1 793665
68 0 793721
68 1 793801
69 0 793849
69 1 793985
32 0 794137
32 1 794209
65 0 794457
65 1 794585
32 0 794633
32 1 794705
68 0 794777
68 1 794888
69 0 794913
69 1 794993
90 0 795129
90 1 795273
86 0 795721
86 1 795857
79 0 795969
79 1 796025
76 0 796137
76 1 796209
84 0 796377
84 1 796433
65 0 796497
65 1 796633
32 0 796689
32 1 796753
67 0 797009
67 1 797176
79 0 797193
79 1 797249
77 0 797361
77 1 797449
80 0 797561
80 1 797593
69 0 797697
69 1 797792
8 0 798545
8 1 798697
69 0 799489
69 1 799665
84 0 799761
84 1 799825
69 0 799897
78 0 799993
69 1 800073
78 1 800080
84 0 800225
84 1 800281
69 0 800337
69 1 800497
190 0 801305
190 1 801385
32 0 801546
32 1 801625
16 0 815129
73 0 815169
73 1 815248
16 1 815305
78 0 815345
78 1 815409
32 0 815497
32 1 815569
84 0 815713
84 1 815761
65 0 815777
65 1 815897
82 0 815905
82 1 815953
73 0 816265
73 1 816313
76 0 816425
76 1 816497
69 0 816521
32 0 816641
69 1 816648
32 1 816713
78 0 817337
78 1 817401
79 0 817505
79 1 817561
68 0 817769
68 1 817905
8 0 818873
8 1 819001
82 0 819361
82 1 819448
68 0 819576
68 1 819728
73 0 819736
73 1 819816
69 0 819824
69 1 819904
67 0 819960
67 1 820064
69 0 820112
32 0 820168
69 1 820208
32 1 820240
83 0 820416
83 1 820560
73 0 820592
73 1 820656
83 0 820728
83 1 820832
84 0 820856
84 1 820920
69 0 820984
69 1 821112
77 0 821144
77 1 821240
85 0 821832
85 1 821944
76 0 822672
76 1 822752
32 0 822840
32 1 822928
69 0 823136
69 1 823224
68 0 823336
85 0 823488
68 1 823520
85 1 823536
67 0 823944
67 1 824040
65 0 824152
65 1 824264
84 0 824328
84 1 824384
73 0 824648
73 1 824712
79 0 824808
79 1 824872
78 0 824960
78 1 825032
65 0 825088
76 0 825136
76 1 825200
65 1 825216
32 0 825281
32 1 825360
70 0 825728
70 1 825872
85 0 825904
85 1 825984
78 0 826056
67 0 826136
78 1 826152
67 1 826256
84 0 826296
84 1 826352
73 0 826648
73 1 826712
79 0 826800
79 1 826864
78 0 827048
78 1 827128
69 0 827136
69 1 827224
65 0 827312
65 1 827432
90 0 827480
90 1 827568
65 0 827584
32 0 827664
65 1 827712
32 1 827736
70 0 828032
70 1 828160
80 0 828169
80 1 828224
65 0 828296
65 1 828448
82 0 828504
82 1 828576
8 0 829264
8 1 829368
8 0 829456
8 1 829536
8 0 829656
8 1 829760
79 0 830240
79 1 830304
65 0 830352
65 1 830480
82 0 830512
82 1 830568
84 0 830656
84 1 830720
69 0 830744
69 1 830856
32 0 830864
32 1 830944
66 0 831096
66 1 831168
73 0 831264
73 1 831336
78 0 831464
78 1 831520
69 0 831600
69 1 831760
190 0 832736
190 1 832808
32 0 832968
32 1 833048
16 0 859392
77 0 859528
16 1 859568
65 0 859608
77 1 859616
73 0 859712
65 1 859744
73 1 859768
32 0 859856
83 0 859936
32 1 859944
83 1 860032
85 0 860072
85 1 860128
83 0 860144
32 0 860240
83 1 860248
32 1 860336
69 0 860448
69 1 860544
83 0 860664
83 1 860792
84 0 860840
84 1 860912
69 0 860960
69 1 861104
32 0 861176
32 1 861272
79 0 861696
79 1 861744
32 0 861864
32 1 861936
80 0 862064
80 1 862136
73 0 862256
73 1 862328
67 0 862376
67 1 862512
84 0 862560
84 1 862624
85 0 862744
85 1 862800
82 0 862936
82 1 863000
65 0 863056
32 0 863176
65 1 863184
32 1 863256
67 0 863408
67 1 863544
79 0 863552
79 1 863608
77 0 863712
77 1 863784
80 0 863888
80 1 863952
76 0 864056
76 1 864128
69 0 864144
69 1 864240
88 0 864432
88 1 864536
219 0 864984
219 1 865048
76 0 865409
76 1 865440
32 0 865584
32 1 865648
8 0 866480
8 1 866576
8 0 866984
8 1 867112
188 0 867856
188 1 867928
32 0 868048
32 1 868112
67 0 895521
67 1 895664
85 0 895705
85 1 895760
32 0 895840
32 1 895929
80 0 896041
69 0 896112
80 1 896120
69 1 896185
82 0 896264
82 1 896352
83 0 896481
79 0 896593
83 1 896616
79 1 896657
78 0 898489
78 1 898552
65 0 898705
65 1 898832
75 0 899137
75 1 899209
69 0 899232
69 1 899321
8 0 899736
8 1 899896
8 0 900225
8 1 900320
74 0 901049
74 1 901128
69 0 901200
32 0 901281
69 1 901352
32 1 901376
67 0 901584
65 0 901665
67 1 901672
65 1 901768
82 0 901784
82 1 901848
69 0 901912
69 1 901985
32 0 901992
32 1 902072
73 0 902328
73 1 902400
8 0 903025
8 1 903096
70 0 903704
70 1 903777
65 0 903801
67 0 903905
65 1 903912
67 1 903968
32 0 904097
32 1 904161
78 0 904720
78 1 904801
73 0 904856
83 0 904904
73 1 904928
83 1 905048
84 0 905081
84 1 905152
69 0 905161
69 1 905281
32 0 905313
32 1 905385
65 0 905617
65 1 905760
67 0 905824
67 1 905896
84 0 905977
84 1 906040
73 0 906249
73 1 906312
85 0 906417
85 1 906481
78 0 906552
78 1 906656
73 0 906729
73 1 906792
32 0 906921
32 1 906992
68 0 907609
69 0 907737
68 1 907744
69 1 907840
83 0 907945
83 1 908080
80 0 908088
80 1 908168
82 0 908241
82 1 908344
73 0 908417
73 1 908481
78 0 908577
78 1 908648
83 0 908712
83 1 908809
69 0 908889
69 1 909000
32 0 909049
32 1 909120
68 0 909305
73 0 909409
68 1 909441
73 1 909464
78 0 909568
78 1 909632
32 0 909720
32 1 909816
67 0 909856
79 0 909969
79 1 910032
67 1 910040
78 0 910128
78 1 910208
69 0 910497
69 1 910624
88 0 911400
88 1 911544
8 0 912065
8 1 912200
8 0 912305
8 1 912424
84 0 913416
84 1 913481
69 0 913481
69 1 913552
88 0 913657
84 0 913753
88 1 913776
84 1 913816
69 0 913920
69 1 914056
32 0 914416
32 1 914520
191 0 914617
191 1 914680
32 0 914809
32 1 914881
80 0 914992
80 1 915064
79 0 915145
79 1 915217
86 0 915512
86 1 915593
69 0 915601
69 1 915705
83 0 915817
84 0 915905
83 1 915928
84 1 915952
73 0 916137
73 1 916208
32 0 916305
32 1 916392
68 0 916480
73 0 916592
68 1 916616
73 1 916656
70 0 916817
70 1 916913
69 0 916976
69 1 917081
82 0 917161
73 0 917273
82 1 917320
73 1 917336
84 0 917480
84 1 917544
69 0 917601
69 1 917760
190 0 918000
190 1 918072
32 0 918177
32 1 918248
16 0 918296
69 0 918472
16 1 918504
69 1 918528
32 0 918721
32 1 918792
69 0 919352
69 1 919456
88 0 919569
88 1 919680
69 0 919737
69 1 919872
77 0 919896
77 1 919968
80 0 920065
80 1 920145
76 0 920241
76 1 920304
85 0 920449
85 1 920512
32 0 920736
32 1 920849
67 0 920872
73 0 921009
67 1 921016
73 1 921072
78 0 921537
78 1 921616
69 0 921632
69 1 921760
86 0 921784
86 1 921856
65 0 921912
32 0 921985
65 1 922008
32 1 922056
67 0 923025
67 1 923144
73 0 923377
73 1 923440
84 0 923657
84 1 923728
69 0 923737
69 1 923792
83 0 923905
84 0 923992
83 1 924032
84 1 924056
69 0 924152
69 1 924288
188 0 924489
188 1 924560
32 0 924704
32 1 924760
65 0 932753
65 1 932897
76 0 933008
76 1 933065
84 0 933264
84 1 933328
67 0 933424
73 0 933560
67 1 933568
73 1 933632
78 0 935216
78 1 935320
69 0 935352
69 1 935520
67 0 935528
67 1 935568
8 0 936152
8 1 936281
86 0 936881
86 1 936961
65 0 936992
32 0 937096
65 1 937128
32 1 937176
83 0 938881
83 1 939040
84 0 939048
84 1 939112
65 0 939169
65 1 939296
32 0 939400
32 1 939472
80 0 940136
80 1 940208
69 0 940216
69 1 940320
32 0 940352
32 1 940440
83 0 940585
83 1 940688
67 0 940792
67 1 940880
65 0 941008
65 1 941128
82 0 941256
82 1 941400
73 0 941464
73 1 941528
32 0 941697
32 1 941776
68 0 942400
68 1 942520
82 0 942593
82 1 942680
69 0 942785
69 1 942888
80 0 942888
80 1 942969
84 0 943152
82 0 943176
82 1 943192
84 1 943208
32 0 943344
32 1 943424
8 0 945064
8 1 945184
8 0 945689
8 1 945721
8 0 946273
8 1 946416
84 0 947192
84 1 947272
32 0 947385
32 1 947456
77 0 947600
77 1 947680
79 0 947728
79 1 947808
68 0 947848
68 1 947969
69 0 947969
76 0 948040
69 1 948096
76 1 948104
32 0 948184
32 1 948265
80 0 948377
80 1 948440
69 0 948496
78 0 948601
69 1 948656
78 1 948672
84 0 948832
84 1 948888
82 0 948952
85 0 949064
82 1 949104
85 1 949120
32 0 949224
32 1 949312
65 0 951264
65 1 951416
76 0 951464
76 1 951528
89 0 951697
89 1 951760
8 0 952456
8 1 952520
8 0 953344
8 1 953408
8 0 953528
8 1 953584
8 0 953720
8 1 953776
8 0 953888
8 1 953961
8 0 954065
8 1 954128
8 0 954232
8 1 954296
8 0 954400
8 1 954472
8 0 954584
8 1 954673
8 0 954800
8 1 955000
8 0 956337
8 1 956480
188 0 957201
188 1 957264
32 0 957369
32 1 957449
65 0 957537
76 0 957672
65 1 957680
76 1 957753
84 0 957961
84 1 958001
73 0 958224
73 1 958265
73 0 958432
73 1 958529
32 0 958721
32 1 958809
83 0 959753
83 1 959848
69 0 959888
32 0 959985
69 1 960025
32 1 960065
80 0 960209
80 1 960289
76 0 960377
76 1 960472
73 0 960569
73 1 960633
77 0 960745
77 1 960825
66 0 961009
66 1 961064
65 0 961145
65 1 961289
188 0 961353
188 1 961417
32 0 961505
32 1 961601
65 0 961657
65 1 961793
76 0 962137
76 1 962201
84 0 962609
84 1 962665
73 0 962912
73 1 962969
73 0 963057
73 1 963112
32 0 963225
32 1 963312
80 0 963473
80 1 963545
79 0 963649
79 1 963712
86 0 964073
86 1 964152
69 0 964161
69 1 964248
83 0 964361
83 1 964497
84 0 964505
84 1 964568
69 0 964649
69 1 964801
83 0 967312
83 1 967481
67 0 967937
67 1 968128
190 0 970777
190 1 970881
32 0 971057
32 1 971121
20 0 972921
79 0 973025
79 1 973105
20 1 973168
65 0 974673
65 1 974800
77 0 974809
77 1 974873
8 0 975952
8 1 976054
8 0 976129
8 1 976209
65 0 976377
65 1 976481
8 0 976889
8 1 976984
20 0 977282
20 1 977424
65 0 977745
65 1 977865
77 0 978265
77 1 978385
69 0 978633
69 1 978776
78 0 978945
78 1 979057
73 0 979225
73 1 979281
73 0 979369
73 1 979416
32 0 979537
32 1 979617
68 0 979625
69 0 979737
68 1 979744
32 0 979768
69 1 979817
32 1 979865
65 0 979945
84 0 980057
65 1 980088
84 1 980112
85 0 980240
85 1 980312
78 0 980401
78 1 980513
67 0 980520
73 0 980616
67 1 980624
73 1 980665
32 0 980776
32 1 980873
84 0 981073
84 1 981121
82 0 981217
82 1 981257
65 0 981313
65 1 981457
73 0 981512
73 1 981584
65 0 981657
85 0 981737
65 1 981776
85 1 981801
32 0 981921
32 1 982008
70 0 982569
79 0 982697
70 1 982712
79 1 982776
65 0 982864
65 1 982961
82 0 983008
82 1 983072
84 0 983161
69 0 983201
84 1 983208
69 1 983305
32 0 983361
32 1 983441
83 0 983497
83 1 983601
73 0 983617
73 1 983680
77 0 983777
77 1 983857
80 0 983937
80 1 984009
76 0 984089
76 1 984168
85 0 984328
85 1 984392
188 0 986313
188 1 986377
32 0 986521
32 1 986576
69 0 986729
69 1 986881
82 0 986977
82 1 987032
65 0 987137
85 0 987241
65 1 987257
85 1 987297
32 0 987409
32 1 987489
80 0 988609
80 1 988680
82 0 988697
82 1 988801
69 0 988913
69 1 989097
79 0 989473
79 1 989545
67 0 989625
85 0 989761
67 1 989785
85 1 989808
80 0 989952
80 1 990025
65 0 990113
65 1 990256
84 0 990265
84 1 990328
73 0 990520
73 1 990584
32 0 990713
32 1 990801
68 0 995272
68 1 995448
69 0 995640
69 1 995745
32 0 998697
32 1 998792
73 0 999185
73 1 999257
78 0 999352
78 1 999449
84 0 999632
84 1 999705
69 0 999769
69 1 999889
82 0 1000785
82 1 1000873
65 0 1000960
65 1 1001104
67 0 1001105
32 0 1001144
32 1 1001168
67 1 1001176
84 0 1001248
84 1 1001313
73 0 1001608
73 1 1001656
85 0 1001753
85 1 1001817
78 0 1001921
69 0 1001977
78 1 1001992
69 1 1002072
65 0 1002169
32 0 1002216
32 1 1002288
65 1 1002313
83 0 1002521
83 1 1002641
79 0 1002681
79 1 1002760
67 0 1002897
67 1 1003048
73 0 1003057
73 1 1003112
65 0 1003201
65 1 1003353
76 0 1003377
76 1 1003448
65 0 1003529
65 1 1003649
188 0 1003897
188 1 1003961
32 0 1004136
32 1 1004185
8 0 1010768
8 1 1010832
69 0 1030840
69 1 1031000
82 0 1031032
82 1 1031096
65 0 1031176
85 0 1031264
65 1 1031296
85 1 1031336
32 0 1031424
32 1 1031512
80 0 1031656
80 1 1031736
82 0 1031752
82 1 1031832
69 0 1031928
69 1 1032080
79 0 1032104
79 1 1032168
67 0 1032200
85 0 1032320
67 1 1032360
85 1 1032376
80 0 1032528
80 1 1032584
65 0 1032704
84 0 1032832
65 1 1032840
84 1 1032880
73 0 1033040
73 1 1033097
32 0 1033200
32 1 1033288
68 0 1033328
68 1 1033432
69 0 1033440
69 1 1033536
32 0 1033560
32 1 1033640
65 0 1033704
65 1 1033856
83 0 1033952
83 1 1034080
32 0 1035136
32 1 1035256
80 0 1036280
80 1 1036368
8 0 1036856
8 1 1036976
8 0 1037520
8 1 1037632
8 0 1037960
8 1 1038040
83 0 1039936
83 1 1040072
73 0 1040080
73 1 1040144
32 0 1040256
65 0 1040304
32 1 1040328
65 1 1040424
83 0 1040472
73 0 1040592
83 1 1040600
73 1 1040664
71 0 1040873
71 1 1040928
85 0 1041072
85 1 1041120
82 0 1041296
82 1 1041352
65 0 1041368
65 1 1041480
32 0 1041496
32 1 1041552
71 0 1041832
71 1 1041896
8 0 1042416
8 1 1042496
72 0 1042776
72 1 1042832
84 0 1042992
84 1 1043024
8 0 1043952
8 1 1044040
82 0 1044200
82 1 1044320
65 0 1044480
65 1 1044632
78 0 1044752
65 0 1044800
78 1 1044832
65 1 1044904
32 0 1044920
32 1 1045008
78 0 1045152
78 1 1045248
69 0 1045264
69 1 1045400
67 0 1045528
67 1 1045640
69 0 1045656
69 1 1045776
83 0 1045864
83 1 1045992
65 0 1046032
82 0 1046184
65 1 1046200
82 1 1046256
65 0 1046344
32 0 1046376
65 1 1046456
32 1 1046464
80 0 1046624
80 1 1046720
69 0 1046824
78 0 1046944
69 1 1047000
78 1 1047024
84 0 1047144
84 1 1047216
82 0 1047264
85 0 1047416
82 1 1047432
85 1 1047480
32 0 1047616
32 1 1047712
84 0 1049832
84 1 1049896
82 0 1049992
82 1 1050040
65 0 1050072
65 1 1050176
73 0 1050416
73 1 1050472
85 0 1050552
85 1 1050608
76 0 1050744
76 1 1050792
32 0 1050881
32 1 1050960
90 0 1051040
73 0 1051192
90 1 1051200
73 1 1051264
76 0 1051400
76 1 1051496
78 0 1051704
78 1 1051816
73 0 1051848
73 1 1051920
67 0 1052032
67 1 1052224
190 0 1052400
190 1 1052480
