16 0 3149
65 0 3369
65 1 3452
16 1 3515
70 0 3886
70 1 3981
65 0 4049
65 1 4115
82 0 4159
82 1 4250
65 0 4282
65 1 4378
32 0 4556
32 1 4659
69 0 4800
69 1 4885
83 0 5029
83 1 5114
84 0 5146
84 1 5234
69 0 5272
69 1 5349
32 0 5559
32 1 5645
70 0 5853
70 1 5937
82 0 6093
82 1 6177
73 0 6269
73 1 6362
71 0 6632
71 1 6705
188 0 7080
188 1 7152
32 0 7258
32 1 7337
66 0 7512
66 1 7605
65 0 7616
65 1 7705
84 0 7797
84 1 7886
69 0 7950
69 1 8019
32 0 8125
32 1 8236
86 0 8559
86 1 8662
65 0 8716
65 1 8796
78 0 9081
78 1 9186
84 0 9400
84 1 9467
85 0 9524
85 1 9605
76 0 9794
76 1 9897
32 0 10109
32 1 10220
83 0 10436
83 1 10509
73 0 10543
73 1 10643
32 0 10736
32 1 10851
80 0 11058
80 1 11146
76 0 11338
76 1 11445
79 0 11574
79 1 11648
85 0 11868
85 1 11946
65 0 11955
65 1 12029
188 0 12720
188 1 12810
8 0 13177
8 1 13262
190 0 14162
190 1 14246
32 0 14359
32 1 14444
16 0 14611
69 0 14863
16 1 14943
69 1 14946
83 0 15073
83 1 15165
84 0 15926
84 1 16014
69 0 16064
69 1 16149
32 0 16243
32 1 16347
79 0 16492
79 1 16590
32 0 16682
32 1 16791
65 0 16817
65 1 16900
84 0 17010
84 1 17089
77 0 17479
77 1 17538
79 0 17642
79 1 17739
83 0 17805
83 1 17896
70 0 18409
70 1 18506
69 0 18507
69 1 18591
82 0 18682
82 1 18765
65 0 18840
65 1 18913
32 0 18989
32 1 19082
77 0 22491
77 1 22599
79 0 22835
79 1 22930
72 0 23226
72 1 23308
79 0 23495
79 1 23568
82 0 23927
82 1 24011
65 0 24035
65 1 24124
84 0 24322
84 1 24413
65 0 24425
65 1 24506
190 0 25999
190 1 26170
32 0 27232
32 1 27327
16 0 33648
90 0 33879
90 1 34006
16 1 34019
73 0 34224
73 1 34313
76 0 34465
76 1 34560
69 0 34602
69 1 34706
76 0 34903
69 0 35001
76 1 35005
69 1 35095
32 0 35675
32 1 35770
84 0 35989
84 1 36075
82 0 36182
82 1 36264
69 0 36292
69 1 36374
67 0 36441
67 1 36517
85 0 36686
85 1 36791
84 0 36939
84 1 37030
69 0 37054
69 1 37149
32 0 38420
32 1 38509
65 0 39071
65 1 39149
32 0 39254
32 1 39353
80 0 40215
80 1 40330
76 0 40364
76 1 40464
79 0 40888
79 1 40969
85 0 41578
85 1 41683
65 0 41699
65 1 41787
84 0 41969
84 1 42059
188 0 47941
188 1 48026
32 0 48160
32 1 48235
8 0 55172
8 0 55663
8 0 55697
8 0 55724
8 0 55757
8 0 55785
8 0 55813
8 0 55845
8 0 55873
8 0 55904
8 0 55932
8 0 55962
8 0 55992
8 0 56022
8 0 56053
8 1 56070
8 0 56235
8 1 56318
8 0 56400
8 1 56477
8 0 56543
8 0 57034
8 0 57064
8 0 57093
8 0 57125
8 0 57152
8 1 57160
8 0 57288
8 1 57371
8 0 57475
8 1 57529
16 0 58218
73 0 58393
73 1 58485
16 1 58503
78 0 58577
78 1 58660
32 0 58769
32 1 58863
87 0 59256
87 1 59351
69 0 59546
69 1 59617
69 0 59709
69 1 59793
75 0 60017
75 1 60114
69 0 60121
69 1 60219
78 0 60301
78 1 60397
68 0 60566
68 1 60647
32 0 60706
32 1 60806
86 0 61414
86 1 61509
82 0 61668
82 1 61753
69 0 61773
69 1 61879
77 0 62050
77 1 62138
69 0 62138
69 1 62224
65 0 62434
65 1 62472
32 0 62555
32 1 62650
65 0 63199
65 1 63279
32 0 63363
32 1 63459
70 0 63839
70 1 63909
79 0 64008
79 1 64093
83 0 64153
83 1 64231
84 0 64411
84 1 64482
32 0 64667
32 1 64757
77 0 64933
77 1 65022
65 0 65028
65 1 65106
73 0 65173
73 1 65270
32 0 65491
32 1 65586
70 0 65844
70 1 65924
82 0 66072
82 1 66146
85 0 66163
85 1 66246
77 0 66388
77 1 66486
79 0 66574
65 0 66662
79 1 66664
65 1 66744
83 0 66861
83 1 66930
65 0 67044
65 1 67128
188 0 68342
188 1 68407
32 0 68519
32 1 68595
68 0 68928
68 1 68999
65 0 69203
65 1 69288
82 0 69306
82 1 69392
32 0 69609
32 1 69694
68 0 69857
68 1 69947
69 0 70036
69 1 70127
32 0 70163
32 1 70254
68 0 70668
68 1 70758
79 0 70817
79 1 70892
85 0 71062
85 1 71140
65 0 71152
65 1 71244
32 0 71366
32 1 71451
90 0 71759
90 1 71862
73 0 71926
73 1 71999
76 0 72142
76 1 72209
69 0 72262
69 1 72342
32 0 72775
32 1 72874
80 0 73105
80 1 73186
76 0 73283
76 1 73356
79 0 73469
79 1 73548
85 0 73992
85 1 74080
65 0 74105
65 1 74203
32 0 74551
32 1 74646
73 0 74837
73 1 74922
78 0 75017
78 1 75102
67 0 75309
67 1 75393
79 0 75466
79 1 75560
78 0 75698
78 1 75774
84 0 75971
84 1 76050
73 0 76135
73 1 76222
78 0 76356
78 1 76437
85 0 76574
85 1 76653
85 0 76715
85 1 76793
190 0 77658
190 1 77760
32 0 77979
32 1 78051
16 0 78996
73 0 79264
73 1 79349
16 1 79372
77 0 79521
77 1 79612
73 0 79711
73 1 79774
32 0 79913
32 1 80008
80 0 80298
80 1 80393
76 0 81630
76 1 81722
65 0 81778
65 1 81846
67 0 82294
67 1 82388
69 0 82404
69 1 82493
32 0 82559
32 1 82656
67 0 82776
67 1 82862
69 0 82890
69 1 82991
76 0 83577
76 1 83662
32 0 83758
32 1 83847
77 0 83973
77 1 84049
65 0 84088
65 1 84170
73 0 84233
73 1 84316
32 0 84450
32 1 84543
77 0 84753
77 1 84833
85 0 84983
85 1 85064
76 0 85224
76 1 85322
84 0 85349
84 1 85409
32 0 85503
32 1 85593
65 0 85928
65 1 86007
84 0 86031
84 1 86120
85 0 86334
85 1 86377
78 0 86491
78 1 86602
67 0 86637
67 1 86710
73 0 86748
73 1 86852
32 0 87051
32 1 87145
67 0 87406
67 1 87489
65 0 87535
65 1 87641
78 0 87709
78 1 87791
68 0 87883
68 1 87967
32 0 88036
32 1 88124
69 0 88159
69 1 88242
83 0 88384
83 1 88476
84 0 88499
84 1 88594
69 0 88633
69 1 88714
32 0 88786
32 1 88881
73 0 89224
73 1 89316
78 0 89417
78 1 89522
83 0 89618
83 1 89711
79 0 89752
79 1 89855
82 0 90144
82 1 90224
73 0 90242
73 1 90331
84 0 90580
84 1 90658
32 0 90817
32 1 90912
65 0 91059
65 1 91154
70 0 91231
70 1 91329
65 0 91363
65 1 91448
82 0 91480
82 1 91565
65 0 91628
65 1 91710
188 0 92513
188 1 92588
32 0 92687
32 1 92759
65 0 92979
65 1 93032
84 0 93360
84 1 93431
85 0 93505
85 1 93593
78 0 93708
78 1 93799
67 0 93877
67 1 93955
73 0 94091
73 1 94176
32 0 94357
32 1 94451
67 0 94872
67 1 94960
65 0 95011
65 1 95108
78 0 95192
78 1 95286
68 0 95373
68 1 95461
32 0 95831
32 1 95921
69 0 95995
69 1 96064
83 0 96210
83 1 96298
84 0 96416
84 1 96497
69 0 96544
69 1 96624
32 0 96695
32 1 96801
67 0 96934
67 1 97014
65 0 97053
65 1 97128
76 0 97768
76 1 97854
68 0 98653
68 1 98748
32 0 101247
32 1 101337
8 0 103761
8 1 103821
188 0 104485
188 1 104571
32 0 104667
32 1 104736
68 0 105052
68 1 105143
65 0 105181
65 1 105267
82 0 105331
82 1 105416
32 0 108116
32 1 108231
73 0 109082
73 1 109182
77 0 109318
77 1 109425
73 0 109496
73 1 109582
32 0 109693
32 1 109761
80 0 109920
80 1 110008
76 0 110105
76 1 110180
65 0 110227
65 1 110328
67 0 110445
67 1 110527
32 0 110642
32 1 110742
83 0 110815
83 1 110902
73 0 110923
73 1 111024
32 0 111170
32 1 111266
90 0 111292
90 1 111445
73 0 111628
73 1 111709
76 0 111847
76 1 111943
69 0 111944
69 1 112041
76 0 112113
76 1 112195
69 0 112208
69 1 112306
32 0 112537
32 1 112617
82 0 113260
82 1 113361
69 0 113527
69 1 113625
67 0 114284
67 1 114376
73 0 114404
73 1 114503
32 0 114677
32 1 114759
68 0 114781
68 1 114901
69 0 114995
69 1 115088
32 0 115127
32 1 115232
73 0 115611
73 1 115695
65 0 115705
65 1 115816
82 0 116024
82 1 116117
78 0 116304
78 1 116398
65 0 116430
65 1 116509
188 0 117354
188 1 117415
32 0 117517
32 1 117585
67 0 117988
67 1 118068
65 0 118105
65 1 118195
78 0 118284
78 1 118379
68 0 118429
68 1 118509
32 0 118582
32 1 118681
78 0 119227
78 1 119329
73 0 119389
73 1 119488
78 0 119698
78 1 119806
71 0 120031
71 1 120115
69 0 120157
69 1 120246
32 0 121990
32 1 122144
78 0 122819
78 1 122896
69 0 122930
69 1 123010
73 0 123090
73 1 123166
78 0 123450
78 1 123535
67 0 123876
69 0 123956
67 1 123962
69 1 124036
84 0 124246
84 1 124322
65 0 124340
65 1 124440
84 0 124523
84 1 124610
190 0 125512
190 1 125612
32 0 125845
32 1 125929
16 0 147154
90 0 147290
16 1 147426
90 1 147460
73 0 147655
73 1 147743
76 0 147923
76 1 148009
69 0 148070
69 1 148155
76 0 148314
76 1 148406
69 0 148418
69 1 148508
32 0 148891
32 1 148982
85 0 149242
85 1 149332
82 0 149414
82 1 149495
77 0 149647
77 1 149735
65 0 149787
65 1 149849
84 0 150007
84 1 150086
79 0 150313
79 1 150402
65 0 150427
65 1 150516
82 0 150660
82 1 150745
69 0 150764
69 1 150838
32 0 150995
32 1 151067
83 0 151279
83 1 151355
69 0 151471
69 1 151550
32 0 151619
32 1 151713
65 0 151754
65 1 151839
78 0 151884
78 1 151975
85 0 152075
85 1 152148
78 0 152247
78 1 152342
84 0 152793
84 1 152879
65 0 152922
65 1 153007
32 0 153058
32 1 153144
76 0 153444
76 1 153530
65 0 153561
65 1 153636
80 0 153771
80 1 153850
79 0 153955
79 1 154031
86 0 154432
86 1 154479
73 0 154676
73 1 154763
84 0 154985
84 1 155057
65 0 155102
65 1 155174
188 0 155920
188 1 156000
32 0 156096
32 1 156189
73 0 156357
73 1 156436
65 0 156484
65 1 156573
82 0 156684
82 1 156753
32 0 156894
32 1 156982
68 0 157068
68 1 157155
69 0 157234
69 1 157317
32 0 157397
32 1 157478
83 0 157544
83 1 157614
65 0 157743
65 1 157825
80 0 157899
80 1 157985
84 0 158227
84 1 158297
65 0 158309
65 1 158385
77 0 158514
77 1 158593
65 0 158620
65 1 158704
78 0 158852
78 1 158929
65 0 158980
65 1 159045
32 0 159134
32 1 159225
86 0 159469
86 1 159560
73 0 159803
73 1 159874
73 0 159968
73 1 160043
84 0 160091
84 1 160175
79 0 160231
79 1 160311
65 0 160662
65 1 160728
82 0 160791
82 1 160878
69 0 160934
69 1 160991
32 0 162223
32 1 162325
83 0 162617
83 1 162699
85 0 162729
85 1 162804
78 0 162910
78 1 163008
84 0 163064
84 1 163158
32 0 163324
32 1 163417
65 0 163666
65 1 163741
78 0 163811
78 1 163911
85 0 163994
85 1 164068
78 0 164162
78 1 164256
84 0 164438
84 1 164529
65 0 164552
65 1 164634
84 0 164850
84 1 164948
69 0 164985
69 1 165063
32 0 165249
32 1 165338
78 0 165528
78 1 165618
73 0 165677
73 1 165764
78 0 165904
78 1 165999
83 0 166155
83 1 166237
79 0 166281
79 1 166381
82 0 166487
82 1 166554
73 0 166596
73 1 166685
32 0 166868
32 1 166952
77 0 167867
77 1 167966
65 0 167993
65 1 168072
73 0 168111
73 1 168189
32 0 168328
32 1 168408
83 0 168783
83 1 168874
69 0 169061
69 1 169151
82 0 169320
82 1 169392
73 0 169417
73 1 169495
79 0 169598
79 1 169693
65 0 169768
65 1 169866
83 0 170045
83 1 170121
69 0 170263
69 1 170332
190 0 171883
190 1 171925
32 0 172632
32 1 172712
16 0 173360
76 0 173480
16 1 173555
76 1 173566
65 0 173694
65 1 173762
32 0 173825
32 1 173905
77 0 174321
77 1 174422
85 0 174560
85 1 174647
78 0 174735
78 1 174845
84 0 175015
84 1 175102
69 0 175164
69 1 175245
32 0 175339
32 1 175436
83 0 183939
83 1 184035
189 0 184269
189 1 184356
65 0 184397
65 1 184463
32 0 184687
32 1 184769
68 0 184955
68 1 185053
69 0 185170
69 1 185244
80 0 185558
80 1 185650
85 0 185827
85 1 185912
83 0 185935
83 1 186030
32 0 186118
32 1 186210
68 0 186275
68 1 186357
69 0 186459
69 1 186547
74 0 186827
74 1 186911
65 0 186959
65 1 187043
32 0 187089
32 1 187197
85 0 187393
85 1 187482
78 0 187563
78 1 187646
32 0 187734
32 1 187828
83 0 187897
83 1 187974
84 0 188184
84 1 188263
82 0 188344
82 1 188422
65 0 188446
65 1 188516
84 0 188592
84 1 188680
32 0 188940
32 1 189033
67 0 189126
67 1 189208
79 0 189258
79 1 189349
78 0 189475
78 1 189570
83 0 189808
83 1 189883
73 0 189929
73 1 190011
83 0 190138
83 1 190226
84 0 190453
84 1 190536
69 0 190543
69 1 190629
78 0 190861
78 1 190960
84 0 191158
84 1 191237
32 0 191396
32 1 191484
68 0 191527
68 1 191610
69 0 191706
69 1 191798
32 0 191843
32 1 191933
90 0 192404
90 1 192496
65 0 192647
65 1 192735
80 0 192918
80 1 193013
65 0 193014
65 1 193090
68 0 193322
68 1 193388
65 0 193454
65 1 193529
188 0 195368
188 1 195439
32 0 195652
32 1 195722
70 0 198468
70 1 198552
65 0 198567
65 1 198651
80 0 198942
80 1 199031
84 0 199183
84 1 199256
32 0 199326
32 1 199419
67 0 199617
67 1 199700
65 0 199720
65 1 199794
82 0 199912
82 1 199968
69 0 200007
69 1 200063
32 0 201038
32 1 201134
66 0 201360
66 1 201453
85 0 201551
85 1 201632
67 0 201930
67 1 202010
85 0 202065
85 1 202143
82 0 202396
82 1 202477
65 0 202522
65 1 202587
32 0 202773
32 1 202856
84 0 203284
84 1 203374
85 0 203399
85 1 203486
82 0 205284
82 1 205374
73 0 205414
73 1 205488
83 0 205853
83 1 205926
84 0 206009
84 1 206093
73 0 206312
73 1 206385
73 0 206455
73 1 206539
32 0 206787
32 1 206870
65 0 207238
65 1 207323
74 0 207347
74 1 207425
85 0 208136
85 1 208221
78 0 208418
78 1 208523
83 0 208617
83 1 208696
73 0 208706
73 1 208793
32 0 208905
32 1 209019
73 0 209102
73 1 209184
78 0 209266
78 1 209361
32 0 209448
32 1 209544
86 0 210106
86 1 210194
65 0 210217
65 1 210311
67 0 210961
67 1 211043
65 0 211069
65 1 211151
78 0 211268
78 1 211370
84 0 211557
84 1 211637
65 0 211675
65 1 211746
32 0 211872
32 1 211968
76 0 212202
76 1 212296
65 0 212381
65 1 212476
32 0 212531
32 1 212624
83 0 212782
83 1 212871
67 0 213652
67 1 213730
72 0 214373
72 1 214484
73 0 214491
73 1 214606
190 0 215402
190 1 215508
32 0 216086
32 1 216154
16 0 234030
86 0 234278
16 1 234349
86 1 234357
65 0 234524
65 1 234631
78 0 234672
78 1 234771
68 0 234875
68 1 234943
84 0 235853
84 1 235938
85 0 235992
85 1 236065
76 0 236277
76 1 236367
8 0 237049
8 1 237130
8 0 237203
8 1 237279
8 0 237348
8 1 237417
8 0 238143
8 1 238208
8 0 238817
8 1 238882
8 0 238969
8 1 239054
8 0 239129
8 1 239189
16 0 240794
16 0 241284
16 0 241313
16 0 241343
16 0 241372
16 0 241403
83 0 241408
83 1 241504
16 1 241528
69 0 242371
69 1 242464
32 0 243389
32 1 243451
80 0 244286
80 1 244377
79 0 244468
79 1 244554
65 0 244615
65 1 244723
8 0 245462
8 1 245550
8 0 245623
8 1 245786
8 0 245838
8 1 245916
8 0 245980
8 1 246054
8 0 246106
8 1 246182
8 0 246243
8 1 246326
16 0 246728
78 0 246938
16 1 247025
78 1 247030
79 0 247178
79 1 247239
65 0 247253
65 1 247392
80 0 247480
80 1 247561
84 0 248186
84 1 248266
69 0 248293
69 1 248358
65 0 248621
65 1 248702
32 0 248829
32 1 248916
69 0 249076
69 1 249146
83 0 249315
83 1 249390
84 0 249405
84 1 249491
69 0 249558
69 1 249623
32 0 249731
32 1 249825
71 0 253962
71 1 254051
69 0 254082
69 1 254158
82 0 254603
82 1 254672
79 0 254710
79 1 254812
65 0 254947
65 1 255018
83 0 255149
83 1 255227
65 0 255347
65 1 255419
188 0 256199
188 1 256290
32 0 256376
32 1 256460
8 0 261013
8 1 261076
8 0 261169
8 1 261247
188 0 262008
188 1 262091
32 0 262180
32 1 262262
73 0 262394
73 1 262469
65 0 262538
65 1 262636
82 0 262742
82 1 262824
32 0 262976
32 1 263063
68 0 263129
68 1 263220
73 0 263255
73 1 263349
77 0 263430
77 1 263542
73 0 263624
73 1 263701
78 0 263790
78 1 263879
69 0 263927
69 1 264046
65 0 264304
65 1 264392
84 0 264562
84 1 264636
65 0 264664
65 1 264728
32 0 265733
32 1 265788
8 0 279362
8 0 279850
8 0 279878
8 0 279910
8 0 279936
8 0 279966
8 0 279995
8 0 280024
8 0 280052
8 0 280082
8 0 280112
8 0 280144
8 0 280174
8 0 280203
8 0 280230
8 0 280262
8 0 280292
8 0 280322
8 0 280350
8 0 280380
8 0 280410
8 0 280440
8 0 280468
8 0 280498
8 1 280518
8 0 280648
8 1 280720
8 0 280795
8 1 280875
8 0 280930
8 1 281025
8 0 281079
8 1 281188
8 0 281362
8 1 281446
8 0 281507
8 1 281607
8 0 281694
8 1 281846
8 0 281860
8 1 281979
8 0 282054
8 1 282125
8 0 282191
8 1 282262
8 0 282328
8 1 282404
8 0 282482
8 1 282521
16 0 283014
78 0 283238
78 1 283339
16 1 283365
79 0 283467
79 1 283543
65 0 283569
65 1 283689
80 0 283754
80 1 283846
84 0 284102
84 1 284177
69 0 284193
69 1 284275
65 0 284502
65 1 284584
32 0 284620
32 1 284697
84 0 288440
84 1 288536
82 0 288673
82 1 288755
69 0 288797
69 1 288878
67 0 288947
67 1 289038
85 0 289205
85 1 289290
84 0 289460
84 1 289537
65 0 289559
65 1 289657
32 0 290354
32 1 290445
65 0 291842
65 1 291924
32 0 292068
32 1 292165
70 0 292370
70 1 292436
79 0 292798
79 1 292869
83 0 293042
83 1 293118
84 0 293142
84 1 293227
32 0 293435
32 1 293520
80 0 293832
80 1 293904
79 0 294000
79 1 294062
76 0 294219
76 1 294311
69 0 294316
69 1 294400
73 0 294490
73 1 294573
188 0 296665
188 1 296790
32 0 298296
32 1 298421
73 0 299003
73 1 299089
65 0 299124
65 1 299263
82 0 299372
82 1 299450
32 0 299632
32 1 299733
68 0 299803
68 1 299890
73 0 299914
73 1 300012
73 0 300274
73 1 300335
8 0 300818
8 1 300912
77 0 301144
77 1 301245
73 0 301326
73 1 301401
78 0 301506
78 1 301603
69 0 301627
69 1 301730
65 0 301887
65 1 301969
84 0 302003
84 1 302091
65 0 302153
65 1 302231
32 0 302427
32 1 302524
83 0 303463
83 1 303538
189 0 303676
189 1 303750
8 0 304808
8 1 304880
8 0 304942
8 1 305029
65 0 305820
65 1 305915
85 0 305939
85 1 306027
32 0 306162
32 1 306262
70 0 306538
70 1 306613
79 0 306715
79 1 306803
83 0 306987
83 1 307058
84 0 307082
84 1 307162
32 0 307326
32 1 307421
84 0 307714
84 1 307793
85 0 307977
85 1 308060
82 0 308170
82 1 308246
84 0 308413
84 1 308491
85 0 308648
85 1 308743
82 0 308773
82 1 308874
73 0 308922
73 1 309019
32 0 309211
32 1 309295
76 0 309698
76 1 309784
65 0 309794
65 1 309889
32 0 309977
32 1 310062
83 0 310670
83 1 310771
84 0 310931
84 1 311013
82 0 311102
82 1 311179
69 0 311210
69 1 311293
65 0 311478
65 1 311566
83 0 311745
83 1 311813
73 0 311832
73 1 311918
78 0 312010
78 1 312098
65 0 312120
65 1 312200
32 0 312262
32 1 312344
67 0 312639
67 1 312714
65 0 312730
65 1 312816
83 0 312980
83 1 313052
69 0 313242
69 1 313315
73 0 313345
73 1 313416
190 0 314287
190 1 314353
16 0 323680
79 0 323773
79 1 323856
16 1 323884
32 0 324029
32 1 324140
90 0 324224
90 1 324317
73 0 324335
73 1 324421
32 0 324548
32 1 324641
73 0 324944
73 1 325037
68 0 325136
68 1 325221
69 0 325327
69 1 325404
65 0 325640
65 1 325712
76 0 325919
76 1 326001
65 0 326028
65 1 326097
32 0 326972
32 1 327052
80 0 327784
80 1 327874
69 0 327898
69 1 327985
78 0 328042
78 1 328092
84 0 329363
84 1 329437
82 0 329610
82 1 329677
85 0 329688
85 1 329783
32 0 329904
32 1 330006
77 0 330142
77 1 330245
73 0 330309
73 1 330394
78 0 330501
78 1 330592
69 0 330733
69 1 330778
32 0 330825
32 1 330919
69 0 331257
69 1 331325
83 0 331454
83 1 331526
84 0 331583
84 1 331668
69 0 331716
69 1 331781
32 0 331847
32 1 331942
79 0 332110
79 1 332196
32 0 332309
32 1 332408
90 0 332426
90 1 332492
73 0 332567
73 1 332651
32 0 332763
32 1 332848
68 0 333269
68 1 333342
69 0 333451
69 1 333533
32 0 333590
32 1 333679
86 0 333859
86 1 333939
65 0 333972
65 1 334037
78 0 334135
78 1 334196
8 0 334494
8 1 334587
67 0 335079
67 1 335151
65 0 335178
65 1 335257
78 0 335360
78 1 335458
84 0 335638
84 1 335701
65 0 335718
65 1 335788
188 0 336292
188 1 336367
32 0 336445
32 1 336527
73 0 336656
73 1 336732
78 0 336795
78 1 336890
32 0 336986
32 1 337065
67 0 337520
67 1 337607
65 0 337611
65 1 337676
82 0 337760
82 1 337826
69 0 337885
69 1 337953
32 0 339933
32 1 340015
83 0 340138
83 1 340203
65 0 340323
65 1 340399
32 0 340467
32 1 340567
80 0 340857
80 1 340967
79 0 341056
79 1 341149
84 0 341238
84 1 341316
32 0 341401
32 1 341496
70 0 341744
70 1 341839
65 0 341847
65 1 341922
67 0 341994
67 1 342080
69 0 342112
69 1 342194
32 0 342289
32 1 342381
79 0 342674
79 1 342764
82 0 342975
82 1 343057
73 0 343117
73 1 343215
67 0 343438
67 1 343519
69 0 343563
69 1 343642
32 0 343736
32 1 343839
73 0 344103
73 1 344188
77 0 344274
77 1 344378
73 0 344447
73 1 344529
32 0 344622
32 1 344722
68 0 344789
68 1 344859
79 0 344906
79 1 344995
82 0 345244
82 1 345334
69 0 345364
69 1 345440
83 0 345758
83 1 345817
67 0 345881
67 1 345977
188 0 346765
188 1 346843
32 0 346920
32 1 347004
79 0 347436
79 1 347515
32 0 347619
32 1 347729
90 0 347798
90 1 347879
73 0 347916
73 1 348001
32 0 348099
32 1 348203
73 0 348306
73 1 348402
78 0 348462
78 1 348548
32 0 348622
32 1 348712
67 0 348880
67 1 348960
65 0 348988
65 1 349065
82 0 349117
82 1 349195
69 0 349250
69 1 349334
32 0 349409
32 1 349499
83 0 349548
83 1 349626
65 0 349781
65 1 349857
32 0 349959
32 1 350044
78 0 350525
78 1 350634
85 0 350696
85 1 350778
32 0 350873
32 1 350965
65 0 351025
65 1 351104
77 0 351139
77 1 351217
32 0 351323
32 1 351411
71 0 352566
71 1 352646
82 0 352808
82 1 352884
73 0 352943
73 1 353026
74 0 353391
74 1 353492
73 0 353536
73 1 353625
32 0 353776
32 1 353875
76 0 354288
76 1 354394
69 0 354420
69 1 354495
71 0 354880
71 1 354982
65 0 354998
65 1 355073
84 0 355162
84 1 355247
69 0 355290
69 1 355370
32 0 355501
32 1 355589
68 0 355728
68 1 355808
69 0 355907
69 1 355992
32 0 356081
32 1 356196
70 0 356445
70 1 356528
65 0 356532
65 1 356604
67 0 356675
67 1 356761
85 0 356923
85 1 357020
76 0 357188
76 1 357234
84 0 357493
65 0 357513
84 1 357559
65 1 357608
84 0 357711
84 1 357790
69 0 357802
69 1 357864
190 0 358422
190 1 358534
32 0 358752
32 1 358848
16 0 365412
16 0 365903
16 0 365933
16 0 365960
16 0 365992
16 0 366024
16 0 366052
16 0 366082
73 0 366086
73 1 366169
16 1 366184
77 0 366330
77 1 366425
73 0 366496
73 1 366573
32 0 366684
32 1 366774
80 0 367039
80 1 367134
76 0 367223
76 1 367319
65 0 367344
65 1 367432
67 0 367601
67 1 367683
69 0 367744
69 1 367823
32 0 367890
32 1 367983
83 0 368410
83 1 368481
65 0 368873
65 1 368952
32 0 369032
32 1 369117
77 0 369269
77 1 369355
65 0 369400
65 1 369473
32 0 369546
32 1 369633
84 0 370124
84 1 370223
82 0 370325
82 1 370407
69 0 370434
69 1 370509
90 0 370855
90 1 370924
69 0 371154
69 1 371232
83 0 371396
83 1 371469
67 0 371537
67 1 371620
32 0 371782
32 1 371866
84 0 372259
84 1 372348
65 0 372354
65 1 372423
82 0 372501
82 1 372584
90 0 372727
90 1 372794
73 0 372914
73 1 372976
85 0 373071
85 1 373138
188 0 374161
188 1 374246
32 0 374350
32 1 374433
68 0 374696
68 1 374779
69 0 374874
69 1 374949
79 0 375205
79 1 375288
65 0 375308
65 1 375380
82 0 375563
82 1 375634
69 0 375683
69 1 375742
67 0 375821
67 1 375903
69 0 375908
69 1 375988
32 0 376092
32 1 376167
78 0 376462
78 1 376548
85 0 376647
85 1 376725
32 0 376844
32 1 376937
83 0 377262
83 1 377350
85 0 377387
85 1 377474
78 0 377583
78 1 377671
84 0 377696
84 1 377776
32 0 377837
32 1 377942
79 0 378073
79 1 378161
32 0 378235
32 1 378333
80 0 378690
80 1 378785
69 0 378828
69 1 378923
82 0 379036
82 1 379113
83 0 379654
83 1 379728
79 0 379756
79 1 379853
65 0 379910
65 1 379993
78 0 380087
78 1 380176
65 0 380220
65 1 380296
32 0 380346
32 1 380427
77 0 380569
77 1 380663
65 0 380679
65 1 380761
84 0 381390
84 1 381469
73 0 381488
73 1 381571
78 0 381717
78 1 381802
65 0 381880
65 1 381946
76 0 382162
76 1 382259
65 0 382344
65 1 382412
190 0 383506
190 1 383585
32 0 385073
32 1 385136
8 0 387086
8 1 387148
8 0 387248
8 1 387372
32 0 389266
32 1 389366
83 0 389411
83 1 389504
73 0 389512
73 1 389601
32 0 389699
32 1 389803
83 0 389824
83 1 389889
65 0 390019
65 1 390091
32 0 390138
32 1 390254
73 0 390407
73 1 390500
65 0 390517
65 1 390604
85 0 390640
85 1 390731
32 0 390864
32 1 390982
77 0 391191
77 1 391296
73 0 391377
73 1 391471
67 0 391622
67 1 391698
85 0 391726
85 1 391821
76 0 392004
76 1 392092
32 0 392283
32 1 392369
68 0 392649
68 1 392738
69 0 392823
69 1 392918
74 0 393390
74 1 393473
85 0 393576
85 1 393653
78 0 394142
78 1 394209
32 0 394307
32 1 394388
73 0 394560
73 1 394646
78 0 394706
78 1 394793
32 0 394880
32 1 394973
69 0 395105
69 1 395141
8 0 395547
8 1 395638
65 0 395708
65 1 395793
69 0 395982
69 1 396054
82 0 396265
82 1 396338
32 0 396648
32 1 396742
76 0 396923
76 1 397023
73 0 397156
73 1 397245
66 0 397407
66 1 397498
69 0 397516
69 1 397598
82 0 397706
82 1 397783
32 0 398294
32 1 398368
16 0 398491
16 1 398678
16 0 399155
57 0 399356
57 1 399442
16 1 399517
68 0 400382
68 1 400457
37 0 401125
37 1 401199
37 0 401280
37 1 401369
37 0 401418
37 0 401907
37 0 401939
37 0 401966
37 0 401996
37 0 402026
37 0 402054
37 0 402086
37 0 402114
37 0 402143
37 0 402173
37 1 402180
37 0 402404
37 1 402524
37 0 402586
37 1 402647
39 0 403995
39 0 404485
39 0 404514
39 0 404544
39 0 404575
39 0 404604
39 0 404635
39 0 404661
39 1 404691
39 0 404844
39 1 404904
37 0 405239
37 1 405326
37 0 405404
37 1 405476
37 0 405546
37 1 405613
37 0 405685
37 1 405758
37 0 405910
37 1 405987
37 0 406073
37 1 406147
37 0 406241
37 1 406287
37 0 406589
37 1 406667
37 0 406773
37 1 406828
37 0 406997
37 1 407047
32 0 407686
32 1 407783
80 0 407938
80 1 408030
69 0 408100
69 1 408178
32 0 408231
32 1 408327
84 0 408553
84 1 408633
69 0 408650
69 1 408724
82 0 408786
82 1 408875
65 0 408936
65 1 409024
83 0 409233
83 1 409299
65 0 409412
65 1 409496
188 0 410108
188 1 410208
32 0 410242
32 1 410331
40 0 410957
40 1 411023
40 0 411208
40 1 411272
65 0 411936
65 1 412020
67 0 412114
67 1 412195
65 0 412216
65 1 412294
32 0 412384
32 1 412479
86 0 412766
86 1 412843
82 0 412987
82 1 413056
69 0 413077
69 1 413164
77 0 413340
77 1 413425
69 0 413459
69 1 413530
65 0 413760
65 1 413824
32 0 413882
32 1 413978
73 0 414653
73 1 414741
77 0 414864
77 1 414991
73 0 415050
73 1 415109
32 0 415200
32 1 415292
80 0 415501
80 1 415584
69 0 415621
69 1 415690
82 0 415959
82 1 416033
77 0 416190
77 1 416283
73 0 416361
73 1 416447
84 0 416640
84 1 416711
69 0 416733
69 1 416809
32 0 416899
32 1 416998
65 0 417055
65 1 417147
83 0 417261
83 1 417323
65 0 417623
65 1 417686
8 0 418177
8 1 418253
84 0 418510
65 0 418572
84 1 418583
65 1 418647
16 0 419295
48 0 419417
48 1 419496
16 1 419507
190 0 420110
190 1 420188
32 0 420297
32 1 420372
16 0 420620
73 0 420744
16 1 420816
73 1 420828
78 0 420933
78 1 421015
32 0 421109
32 1 421203
84 0 421336
84 1 421401
73 0 421474
73 1 421561
77 0 421698
77 1 421804
80 0 421928
80 1 422016
85 0 422191
85 1 422267
76 0 422402
76 1 422493
32 0 422642
32 1 422740
85 0 422961
85 1 423049
78 0 423159
78 1 423245
69 0 423395
69 1 423476
73 0 423505
73 1 423585
32 0 423712
32 1 423816
65 0 423904
65 1 423966
83 0 424144
83 1 424216
84 0 424361
84 1 424439
69 0 424484
69 1 424548
70 0 424766
70 1 424850
32 0 424898
32 1 424992
68 0 425276
68 1 425353
69 0 425434
69 1 425525
32 0 425557
32 1 425652
8 0 426346
8 1 426433
8 0 426512
8 1 426583
8 0 426664
8 1 426724
8 0 426899
8 1 426972
8 0 427035
8 1 427128
8 0 427716
8 1 427798
70 0 428325
70 1 428393
69 0 428554
69 1 428628
76 0 428667
76 1 428764
32 0 428888
32 1 428991
68 0 430301
68 1 430392
69 0 430494
69 1 430570
32 0 430608
32 1 430708
90 0 430836
73 0 430969
90 1 430971
73 1 431014
76 0 431183
76 1 431283
69 0 431338
69 1 431412
32 0 431502
32 1 431597
73 0 431782
73 1 431872
77 0 431988
77 1 432101
73 0 432183
73 1 432257
32 0 432357
32 1 432448
80 0 432652
80 1 432739
76 0 432857
76 1 432913
65 0 432943
65 1 433037
67 0 433257
67 1 433339
69 0 433400
69 1 433485
32 0 433525
32 1 433615
83 0 433678
83 1 433762
65 0 433908
65 1 433980
32 0 434065
32 1 434153
77 0 434477
77 1 434560
65 0 434593
65 1 434680
32 0 434712
32 1 434811
85 0 434964
85 1 435052
73 0 435160
73 1 435255
84 0 435490
84 1 435568
32 0 435701
32 1 435805
76 0 435968
76 1 436071
65 0 436110
65 1 436192
32 0 436251
32 1 436329
83 0 436387
83 1 436444
69 0 436638
69 1 436726
82 0 436890
82 1 436970
73 0 437050
73 1 437131
65 0 437193
65 1 437280
76 0 437347
76 1 437445
69 0 437482
69 1 437559
76 0 437637
76 1 437719
69 0 437731
69 1 437801
32 0 438129
32 1 438217
80 0 438488
80 1 438561
82 0 438664
82 1 438738
69 0 438865
69 1 438927
70 0 439122
70 1 439195
69 0 439223
69 1 439294
82 0 439375
82 1 439459
65 0 439506
65 1 439585
84 0 439658
84 1 439750
69 0 439796
69 1 439868
188 0 440587
188 1 440669
32 0 440769
32 1 440844
83 0 440915
83 1 440993
65 0 441116
65 1 441213
32 0 441249
32 1 441347
67 0 441392
67 1 441467
73 0 441505
73 1 441583
84 0 441773
84 1 441843
69 0 441872
69 1 441945
83 0 442107
83 1 442182
67 0 442236
67 1 442327
188 0 442599
188 1 442695
32 0 442746
32 1 442845
83 0 443274
83 1 443354
65 0 443475
65 1 443560
32 0 443608
32 1 443698
77 0 443832
77 1 443921
65 0 443984
65 1 444060
32 0 444140
32 1 444242
73 0 444437
73 1 444522
78 0 444579
78 1 444695
84 0 444874
84 1 444952
65 0 444972
65 1 445110
76 0 445291
76 1 445370
78 0 445519
78 1 445597
69 0 445627
69 1 445706
83 0 445871
83 1 445940
67 0 445978
67 1 446064
32 0 446183
32 1 446290
67 0 446338
67 1 446418
85 0 446472
85 1 446556
32 0 446659
32 1 446749
80 0 446905
80 1 446974
82 0 447054
82 1 447137
73 0 447167
73 1 447248
69 0 447308
69 1 447396
84 0 447508
84 1 447585
69 0 447654
69 1 447733
78 0 448442
78 1 448544
73 0 448695
73 1 448763
73 0 448821
73 1 448907
188 0 449344
188 1 449415
32 0 449507
32 1 449599
83 0 449862
83 1 449952
65 0 450084
65 1 450159
32 0 450890
32 1 450964
77 0 453093
77 1 453179
69 0 453287
69 1 453370
82 0 453572
82 1 453634
71 0 454879
71 1 454976
32 0 455053
32 1 455149
76 0 455599
76 1 455692
65 0 455735
65 1 455830
32 0 455839
32 1 455944
80 0 456104
80 1 456196
73 0 456502
73 1 456585
77 0 456753
77 1 456842
66 0 457031
66 1 457114
65 0 457153
65 1 457241
82 0 457308
82 1 457388
69 0 457447
69 1 457492
8 0 459621
8 1 459703
8 0 459784
8 1 459868
8 0 459929
8 1 460022
8 0 460088
8 1 460163
8 0 460222
8 1 460305
8 0 460358
8 1 460436
76 0 461029
76 1 461130
73 0 461261
73 1 461347
77 0 461474
77 1 461558
66 0 461744
65 0 461811
66 1 461822
65 1 461931
82 0 462019
82 1 462104
69 0 462114
69 1 462193
32 0 478542
32 1 478640
80 0 479996
80 1 480076
82 0 480146
82 1 480233
73 0 480263
73 1 480369
78 0 480485
78 1 480565
32 0 480671
32 1 480758
79 0 481287
79 1 481361
82 0 481634
82 1 481702
65 0 481729
65 1 481818
83 0 481983
83 1 482061
32 0 482556
32 1 482655
83 0 482709
83 1 482796
73 0 482817
73 1 482893
32 0 482990
32 1 483083
83 0 483108
83 1 483185
65 0 483305
32 0 483375
65 1 483391
32 1 483474
70 0 483631
70 1 483709
65 0 483734
65 1 483830
67 0 483862
67 1 483927
32 0 484209
32 1 484315
67 0 484440
67 1 484518
85 0 484577
85 1 484654
77 0 484811
77 1 484906
80 0 485060
80 1 485138
65 0 485154
65 1 485237
82 0 485404
82 1 485473
65 0 485484
65 1 485555
84 0 485645
84 1 485715
85 0 486314
85 1 486405
82 0 486445
82 1 486530
73 0 486587
73 1 486675
190 0 489009
190 1 489073
32 0 489341
32 1 489400
16 0 490598
73 0 490742
73 1 490838
16 1 490849
8 0 491305
8 1 491397
16 0 491714
68 0 491915
16 1 491933
68 1 491981
69 0 492074
69 1 492148
32 0 492671
32 1 492764
65 0 492870
65 1 492959
83 0 493106
83 1 493195
69 0 493339
69 1 493427
77 0 493577
69 0 493642
77 1 493658
69 1 493740
78 0 494022
78 1 494116
69 0 494155
69 1 494250
65 0 494505
65 1 494581
188 0 495279
188 1 495368
32 0 495455
32 1 495511
73 0 496675
73 1 496750
77 0 497369
77 1 497477
73 0 497547
73 1 497646
32 0 497850
32 1 497948
80 0 498302
80 1 498376
76 0 498494
76 1 498566
65 0 498716
65 1 498826
67 0 499294
67 1 499393
69 0 499459
69 1 499567
32 0 499631
32 1 499732
83 0 499806
83 1 499900
65 0 500025
65 1 500130
32 0 500156
32 1 500255
8 0 507129
8 1 507157
8 0 507295
8 1 507357
8 0 507439
8 1 507516
8 0 507580
8 1 507653
8 0 507724
8 1 507789
8 0 507866
8 1 507930
8 0 508026
8 1 508090
8 0 508190
8 1 508255
8 0 508360
8 1 508436
80 0 509856
80 1 509928
76 0 510043
76 1 510128
65 0 510258
65 1 510351
67 0 510574
67 1 510652
69 0 510700
69 1 510779
32 0 510867
32 1 510955
83 0 511222
83 1 511295
65 0 511403
65 1 511477
32 0 511532
32 1 511620
65 0 511655
65 1 511736
83 0 511941
83 1 512014
67 0 512217
67 1 512273
85 0 512283
85 1 512364
84 0 512655
84 1 512738
8 0 513246
8 1 513320
76 0 514065
76 1 514162
84 0 514304
84 1 514382
32 0 514442
32 1 514531
77 0 514651
77 1 514742
85 0 514854
85 1 514946
90 0 515106
90 1 515194
73 0 515251
73 1 515346
67 0 515541
67 1 515620
65 0 515655
65 1 515742
32 0 515821
32 1 515913
83 0 515929
83 1 516036
73 0 516119
73 1 516200
32 0 516392
32 1 516482
8 0 516873
8 1 516947
8 0 517011
8 1 517094
8 0 517137
8 1 517204
8 0 517260
8 1 517341
188 0 517851
188 1 517938
32 0 518017
32 1 518095
83 0 518170
83 1 518250
65 0 518376
65 1 518444
32 0 518492
32 1 518537
68 0 518744
68 1 518821
65 0 518836
65 1 518938
78 0 519105
78 1 519197
83 0 519408
83 1 519513
69 0 519634
69 1 519706
90 0 519938
90 1 520014
32 0 520089
32 1 520202
83 0 520227
83 1 520326
73 0 520366
73 1 520467
32 0 520607
32 1 520698
83 0 520820
83 1 520904
65 0 521023
65 1 521109
32 0 521120
32 1 521215
70 0 521365
70 1 521449
65 0 521487
65 1 521580
67 0 521629
67 1 521718
32 0 522305
32 1 522405
67 0 522589
67 1 522674
65 0 522738
65 1 522841
84 0 522863
84 1 522953
32 0 523099
32 1 523191
68 0 523247
68 1 523348
69 0 523453
69 1 523538
32 0 523572
32 1 523661
77 0 524058
77 1 524155
85 0 524298
85 1 524375
76 0 524564
76 1 524655
84 0 524716
84 1 524798
32 0 524866
32 1 524944
83 0 525332
83 1 525418
80 0 525717
80 1 525823
79 0 525977
79 1 526054
82 0 526397
82 1 526480
84 0 526693
84 1 526762
190 0 528294
190 1 528362
16 0 543276
83 0 543649
83 1 543712
16 1 543757
73 0 544020
73 1 544098
83 0 544157
83 1 544231
84 0 545144
84 1 545225
69 0 545253
69 1 545337
77 0 545556
77 1 545638
85 0 545840
85 1 545920
76 0 546110
76 1 546195
32 0 546389
32 1 546468
69 0 546737
69 1 546815
68 0 546978
68 1 547056
85 0 547115
85 1 547210
67 0 547444
67 1 547533
65 0 547536
65 1 547635
84 0 547664
84 1 547752
73 0 548063
73 1 548133
79 0 548212
79 1 548291
78 0 548394
78 1 548478
65 0 548507
65 1 548599
76 0 548641
76 1 548732
32 0 548875
32 1 548962
68 0 549288
68 1 549371
73 0 549406
73 1 549488
78 0 549589
78 1 549674
32 0 549763
32 1 549848
16 0 549929
82 0 550140
16 1 550187
82 1 550199
79 0 550448
79 1 550530
77 0 550655
77 1 550739
65 0 550762
65 1 550861
78 0 550879
78 1 550972
73 0 551067
73 1 551147
65 0 551254
65 1 551343
32 0 557198
32 1 557272
65 0 557381
65 1 557472
82 0 557536
82 1 557615
69 0 557665
69 1 557715
32 0 557891
32 1 557966
65 0 558403
65 1 558487
84 0 558556
84 1 558628
65 0 558662
65 1 558738
84 0 558791
84 1 558863
32 0 559079
32 1 559171
80 0 559373
80 1 559462
65 0 559468
65 1 559553
82 0 559801
82 1 559899
84 0 560054
84 1 560134
73 0 560154
73 1 560230
32 0 560369
32 1 560469
66 0 560707
66 1 560799
85 0 560864
85 1 560943
78 0 561061
78 1 561156
69 0 561225
69 1 561306
188 0 561885
188 1 561945
32 0 562049
32 1 562121
67 0 562333
67 1 562412
65 0 562478
65 1 562572
84 0 563280
84 1 563362
32 0 563499
32 1 563589
8 0 565393
8 1 565464
8 0 565547
8 1 565622
8 0 565692
8 1 565735
8 0 565840
8 1 565898
67 0 568444
67 1 568535
65 0 568575
84 0 568682
65 1 568687
84 1 568773
32 0 568942
32 1 569043
8 0 570294
8 1 570381
8 0 570447
8 1 570552
8 0 570638
8 1 570713
8 0 570805
8 1 570899
8 0 570965
8 0 571456
8 0 571485
8 0 571515
8 0 571544
8 0 571572
8 0 571601
8 0 571631
8 0 571661
8 0 571692
8 0 571727
8 1 571729
8 0 571851
8 1 571927
8 0 572008
8 1 572080
8 0 572170
8 1 572249
8 0 572339
8 1 572417
8 0 572485
8 1 572557
8 0 572625
8 1 572702
77 0 573613
77 1 573713
85 0 573824
85 1 573910
76 0 574090
76 1 574183
84 0 574251
84 1 574333
69 0 574831
69 1 574903
32 0 574925
32 1 575017
80 0 575177
80 1 575270
65 0 575314
65 1 575397
82 0 575570
82 1 575652
84 0 575751
84 1 575842
73 0 576025
73 1 576113
32 0 576231
32 1 576334
66 0 576467
66 1 576544
85 0 576619
85 1 576704
78 0 576784
78 1 576879
69 0 576955
69 1 577037
188 0 577475
188 1 577544
32 0 577630
32 1 577697
68 0 577935
68 1 578009
65 0 578072
65 1 578166
82 0 578175
82 1 578261
32 0 578433
32 1 578532
83 0 578594
83 1 578667
73 0 578684
73 1 578780
32 0 578908
32 1 579005
77 0 579171
77 1 579267
85 0 579428
85 1 579498
76 0 579677
76 1 579753
84 0 579832
84 1 579903
69 0 580102
69 1 580170
32 0 580233
32 1 580324
78 0 580482
78 1 580565
69 0 580614
69 1 580697
65 0 580893
65 1 580965
74 0 581105
74 1 581193
85 0 581316
85 1 581360
83 0 581777
83 1 581829
8 0 582409
8 1 582500
78 0 583304
78 1 583397
83 0 583456
83 1 583541
85 0 583559
85 1 583653
82 0 583799
82 1 583900
73 0 583929
73 1 584019
190 0 584735
190 1 584817
32 0 585167
32 1 585230
16 0 594757
83 0 595085
83 1 595172
16 1 595208
67 0 595322
67 1 595404
79 0 595741
79 1 595829
76 0 595926
76 1 596009
73 0 596138
73 1 596226
76 0 596348
76 1 596442
69 0 596483
69 1 596587
32 0 596660
32 1 596753
68 0 597078
73 0 597180
68 1 597183
73 1 597264
78 0 597391
78 1 597467
32 0 597554
32 1 597643
82 0 597727
82 1 597824
79 0 597868
79 1 597961
8 0 598310
8 1 598409
8 0 598467
8 1 598596
16 0 598920
82 0 599208
82 1 599279
16 1 599318
79 0 599541
79 1 599628
77 0 599740
77 1 599831
65 0 599859
65 1 599960
78 0 599983
78 1 600068
73 0 600183
73 1 600242
65 0 600462
65 1 600561
32 0 600595
32 1 600684
78 0 600997
78 1 601093
85 0 601172
85 1 601247
32 0 601342
32 1 601444
83 0 601490
85 0 601584
83 1 601594
85 1 601669
78 0 601764
78 1 601850
84 0 602265
84 1 602333
32 0 602387
32 1 602467
68 0 602832
68 1 602911
79 0 603035
79 1 603116
84 0 603328
65 0 603387
84 1 603389
65 1 603465
84 0 603554
84 1 603642
69 0 603691
69 1 603766
32 0 604003
32 1 604075
65 0 604723
65 1 604801
83 0 605371
83 1 605458
8 0 605974
8 1 606019
8 0 606411
8 1 606493
76 0 606739
76 1 606830
65 0 606876
65 1 606951
32 0 607036
32 1 607121
78 0 607239
78 1 607338
73 0 607391
73 1 607488
86 0 607666
86 1 607745
69 0 607748
69 1 607838
76 0 607964
76 1 608060
85 0 608226
85 1 608301
76 0 608505
76 1 608590
32 0 609005
32 1 609094
76 0 609455
76 1 609541
65 0 609584
65 1 609676
32 0 609715
32 1 609794
67 0 609936
67 1 610020
65 0 610029
65 1 610143
82 0 610146
82 1 610224
69 0 610302
69 1 610400
32 0 610494
32 1 610583
65 0 611100
65 1 611192
82 0 611237
82 1 611323
32 0 611473
32 1 611584
84 0 611699
84 1 611780
82 0 611853
82 1 611944
69 0 612010
69 1 612095
66 0 612242
66 1 612335
85 0 612450
85 1 612530
73 0 612607
73 1 612695
32 0 612961
32 1 613042
83 0 613151
83 1 613226
65 0 613344
65 1 613414
32 0 613490
32 1 613582
70 0 613644
70 1 613732
73 0 613776
73 1 613863
69 0 613984
69 1 614063
32 0 614129
32 1 614235
73 0 614357
73 1 614451
78 0 614531
78 1 614623
32 0 614714
32 1 614807
90 0 614840
90 1 614918
79 0 614980
79 1 615011
8 0 615537
8 1 615618
73 0 616171
73 1 616257
85 0 616354
85 1 616424
65 0 616487
65 1 616570
32 0 616675
32 1 616743
68 0 617056
68 1 617138
69 0 617246
69 1 617329
32 0 617376
32 1 617465
65 0 617551
65 1 617639
90 0 617770
90 1 617839
73 0 617885
73 1 617963
188 0 618597
188 1 618675
32 0 618778
32 1 618840
8 0 619727
8 1 619798
8 0 619902
8 1 619957
190 0 620530
190 1 620608
32 0 620756
32 1 620826
16 0 620955
77 0 621024
77 1 621111
16 1 621114
85 0 621246
85 1 621289
76 0 621941
76 1 622015
84 0 622249
84 1 622325
69 0 622375
69 1 622471
32 0 622556
32 1 622635
83 0 622825
83 1 622911
67 0 623076
67 1 623162
79 0 623272
79 1 623341
76 0 623435
76 1 623508
79 0 623580
79 1 623659
32 0 623824
32 1 623908
8 0 624585
8 1 624659
8 0 624728
8 1 624804
73 0 625349
73 1 625421
32 0 625523
32 1 625626
78 0 625728
78 1 625812
85 0 625883
85 1 625969
32 0 626074
32 1 626158
68 0 627108
68 1 627197
73 0 627212
73 1 627304
83 0 627355
83 1 627458
80 0 627771
80 1 627862
85 0 628029
85 1 628109
78 0 628233
78 1 628316
32 0 628405
32 1 628492
68 0 628548
68 1 628627
69 0 628738
32 0 628852
69 1 628855
32 1 628947
67 0 629108
67 1 629187
65 0 629224
65 1 629322
76 0 629442
76 1 629532
67 0 629614
67 1 629697
85 0 629737
85 1 629813
76 0 629997
65 0 630064
76 1 630072
65 1 630168
84 0 630311
84 1 630390
79 0 630602
79 1 630674
65 0 630699
65 1 630815
82 0 630891
82 1 630960
69 0 631052
69 1 631145
32 0 631604
32 1 631684
73 0 631890
73 1 631987
78 0 632072
78 1 632149
32 0 632238
32 1 632327
76 0 632457
76 1 632541
65 0 632566
65 1 632678
66 0 632719
66 1 632808
79 0 632956
79 1 633039
82 0 633263
82 1 633340
65 0 633346
65 1 633452
84 0 634097
84 1 634168
79 0 634383
79 1 634455
65 0 634503
65 1 634622
82 0 634686
82 1 634770
69 0 634813
69 1 634896
76 0 635377
76 1 635446
69 0 635490
69 1 635575
32 0 635658
32 1 635745
68 0 635865
68 1 635935
69 0 636030
69 1 636104
32 0 636150
32 1 636251
73 0 636357
73 1 636442
78 0 636506
78 1 636611
70 0 636831
70 1 636894
79 0 636948
79 1 637030
82 0 637284
82 1 637367
77 0 637525
77 1 637618
65 0 637645
65 1 637758
84 0 637889
84 1 637971
73 0 638176
73 1 638246
67 0 638727
67 1 638816
65 0 638845
65 1 638940
188 0 640530
188 1 640615
32 0 640929
32 1 641004
68 0 642538
68 1 642620
65 0 642644
65 1 642756
82 0 642780
82 1 642857
32 0 643084
32 1 643157
77 0 643370
77 1 643470
65 0 643510
65 1 643604
73 0 643613
73 1 643699
32 0 643808
32 1 643908
82 0 644101
82 1 644184
65 0 644187
65 1 644299
85 0 644403
85 1 644465
32 0 645115
32 1 645211
68 0 645455
68 1 645564
69 0 645706
69 1 645782
32 0 645804
32 1 645912
65 0 646143
65 1 646224
84 0 646301
84 1 646388
65 0 646440
65 1 646513
84 0 646581
84 1 646656
188 0 647242
188 1 647314
32 0 647401
32 1 647479
73 0 650372
73 1 650469
78 0 650559
78 1 650646
32 0 650739
32 1 650829
77 0 650999
77 1 651076
65 0 651107
65 1 651206
74 0 651293
74 1 651380
79 0 651460
79 1 651538
82 0 651828
82 1 651913
73 0 652123
73 1 652204
84 0 652376
84 1 652448
65 0 652458
65 1 652558
84 0 652605
84 1 652692
69 0 652735
69 1 652826
65 0 653046
65 1 653131
32 0 653220
32 1 653305
83 0 653521
83 1 653606
67 0 653767
67 1 653836
79 0 653950
79 1 654024
76 0 654125
76 1 654204
73 0 654313
73 1 654386
76 0 654505
76 1 654592
79 0 654672
79 1 654753
82 0 654812
82 1 654891
32 0 654968
32 1 655053
78 0 655188
78 1 655290
85 0 655355
85 1 655448
32 0 655563
32 1 655663
69 0 655724
69 1 655815
88 0 656149
88 1 656219
73 0 656284
73 1 656379
83 0 656476
83 1 656554
84 0 656601
84 1 656682
65 0 656732
65 1 656823
32 0 656878
32 1 656965
77 0 657096
77 1 657187
65 0 657252
65 1 657346
78 0 657901
78 1 658007
85 0 658062
85 1 658145
65 0 658220
65 1 658312
76 0 658365
76 1 658437
69 0 658890
69 1 658964
32 0 659042
32 1 659119
80 0 659795
80 1 659870
69 0 659910
69 1 659992
78 0 660068
78 1 660147
84 0 660572
84 1 660675
82 0 660812
82 1 660894
85 0 660935
85 1 661028
32 0 661194
32 1 661284
84 0 661788
84 1 661860
79 0 661920
79 1 662007
84 0 662034
84 1 662110
73 0 662169
73 1 662241
32 0 662456
32 1 662541
69 0 662686
69 1 662770
76 0 662949
76 1 663021
69 0 663025
69 1 663103
86 0 663463
86 1 663531
73 0 663738
73 1 663817
73 0 663866
73 1 663944
190 0 664445
190 1 664509
32 0 664654
32 1 664730
16 0 664836
73 0 664921
73 1 665004
16 1 665026
78 0 665110
78 1 665163
32 0 665458
32 1 665536
83 0 665758
83 1 665843
73 0 665887
73 1 665982
84 0 666332
84 1 666418
85 0 666576
85 1 666661
65 0 666713
65 1 666816
76 0 666883
76 1 666960
8 0 667300
8 1 667384
84 0 668062
84 1 668138
73 0 668293
73 1 668385
65 0 668419
65 1 668527
32 0 668600
32 1 668689
65 0 668918
65 1 668987
67 0 669061
67 1 669142
84 0 669463
84 1 669534
85 0 669712
85 1 669797
65 0 669887
65 1 669971
76 0 670012
76 1 670100
65 0 670355
65 1 670423
188 0 671995
188 1 672064
32 0 672365
32 1 672421
83 0 677288
83 1 677373
73 0 677398
73 1 677484
84 0 677758
84 1 677841
85 0 678072
85 1 678157
65 0 678199
65 1 678294
84 0 679098
84 1 679179
73 0 679790
73 1 679884
65 0 679923
65 1 680028
32 0 680190
32 1 680274
69 0 680435
69 1 680507
83 0 680652
83 1 680727
84 0 680727
84 1 680808
69 0 680878
69 1 680960
32 0 680987
32 1 681080
83 0 681174
73 0 681260
83 1 681265
73 1 681356
32 0 681470
32 1 681539
77 0 681659
77 1 681755
65 0 681782
65 1 681871
73 0 681882
73 1 681957
32 0 682110
32 1 682203
68 0 682496
68 1 682572
73 0 682621
73 1 682714
70 0 682923
70 1 682986
73 0 682999
73 1 683093
67 0 683372
67 1 683459
73 0 683640
73 1 683738
76 0 683891
76 1 683976
65 0 684004
65 1 684102
32 0 684168
32 1 684256
80 0 684651
80 1 684732
69 0 684749
69 1 684854
78 0 684931
78 1 685014
84 0 685178
84 1 685240
82 0 685421
82 1 685491
85 0 685518
85 1 685590
32 0 686982
32 1 687069
69 0 687687
69 1 687779
76 0 687876
76 1 687934
69 0 687959
69 1 688044
86 0 688683
86 1 688739
73 0 688895
73 1 688977
73 0 689036
73 1 689112
32 0 689304
32 1 689371
67 0 689515
67 1 689603
65 0 689623
65 1 689711
82 0 689728
82 1 689801
69 0 689895
69 1 689980
32 0 690047
32 1 690138
78 0 690309
78 1 690393
85 0 690477
85 1 690569
32 0 690666
32 1 690759
68 0 690954
68 1 691044
73 0 691047
73 1 691139
83 0 691216
83 1 691303
80 0 691430
80 1 691519
85 0 691782
85 1 691862
78 0 691996
78 1 692083
32 0 692171
32 1 692269
68 0 692641
68 1 692717
69 0 692859
69 1 692920
32 0 694848
32 1 694929
68 0 698159
68 1 698243
73 0 698286
73 1 698371
83 0 698437
83 1 698535
80 0 698752
80 1 698834
79 0 698915
79 1 698990
90 0 699088
90 1 699190
73 0 699254
73 1 699330
84 0 699649
84 1 699726
73 0 699743
73 1 699833
86 0 700462
86 1 700556
69 0 700616
69 1 700697
32 0 700894
32 1 700984
65 0 701162
65 1 701253
68 0 701448
68 1 701570
69 0 701603
69 1 701738
86 0 701812
86 1 701900
8 0 702692
8 1 702791
67 0 703263
67 1 703340
86 0 703520
86 1 703602
65 0 703653
65 1 703733
84 0 704036
84 1 704115
69 0 704154
69 1 704242
32 0 704303
32 1 704388
80 0 704808
80 1 704888
69 0 704900
69 1 705005
78 0 705079
78 1 705175
84 0 705326
84 1 705402
82 0 705588
82 1 705663
85 0 705669
85 1 705744
32 0 705965
32 1 706056
67 0 706603
67 1 706677
79 0 706681
79 1 706770
78 0 706882
78 1 706971
84 0 707093
84 1 707169
73 0 707206
73 1 707302
78 0 707408
78 1 707505
85 0 707563
85 1 707644
65 0 707715
65 1 707797
82 0 707842
82 1 707924
69 0 707983
69 1 708052
65 0 708264
65 1 708336
32 0 708426
32 1 708506
83 0 708653
83 1 708725
84 0 708781
84 1 708864
73 0 709111
73 1 709191
8 0 709642
8 1 709729
85 0 709936
85 1 710016
68 0 710155
68 1 710220
73 0 710307
73 1 710385
73 0 710438
73 1 710517
76 0 710641
76 1 710736
79 0 710822
79 1 710904
82 0 710964
82 1 711043
32 0 711115
32 1 711208
73 0 711302
73 1 711384
78 0 711491
78 1 711582
32 0 711687
32 1 711771
77 0 711991
77 1 712070
65 0 712138
65 1 712234
78 0 712263
78 1 712359
73 0 712445
73 1 712538
69 0 712612
69 1 712699
82 0 712847
82 1 712929
65 0 712978
65 1 713093
32 0 713146
32 1 713241
79 0 713429
79 1 713521
78 0 713638
78 1 713723
76 0 713891
76 1 713973
73 0 714085
73 1 714173
78 0 714251
78 1 714351
69 0 714364
69 1 714457
188 0 716310
188 1 716407
32 0 716476
32 1 716567
8 0 724621
8 1 724777
8 0 724890
8 1 724958
190 0 725736
190 1 725811
32 0 726141
32 1 726228
16 0 728664
80 0 728781
80 1 728865
16 1 728895
69 0 729074
69 1 729160
32 0 729184
32 1 729262
76 0 729426
76 1 729464
65 0 729639
65 1 729736
78 0 730066
78 1 730157
71 0 730462
71 1 730545
83 0 730563
83 1 730653
8 0 731058
8 1 731143
65 0 731257
65 1 731358
32 0 731448
32 1 731532
76 0 733250
76 1 733356
73 0 733475
73 1 733557
80 0 733725
80 1 733804
83 0 733889
83 1 733973
65 0 734083
65 1 734159
32 0 734240
32 1 734325
65 0 734378
65 1 734466
80 0 734622
80 1 734710
65 0 734742
65 1 734823
82 0 735149
82 1 735221
65 0 735255
65 1 735339
84 0 735398
84 1 735475
85 0 735654
85 1 735739
82 0 735929
82 1 736015
73 0 736211
73 1 736271
73 0 736347
73 1 736410
188 0 737383
188 1 737445
32 0 737565
32 1 737653
77 0 745391
77 1 745467
69 0 745490
69 1 745591
84 0 746041
84 1 746129
79 0 746357
79 1 746441
68 0 746689
68 1 746753
65 0 746881
65 1 746999
32 0 747061
32 1 747166
68 0 747219
68 1 747312
69 0 747419
69 1 747524
32 0 747576
32 1 747666
80 0 747988
80 1 748070
82 0 748146
82 1 748229
69 0 748678
69 1 748753
68 0 749523
68 1 749607
65 0 749656
65 1 749772
84 0 749810
84 1 749873
8 0 750533
8 1 750607
82 0 750883
82 1 750959
69 0 751006
69 1 751090
32 0 751161
32 1 751258
68 0 751300
68 1 751378
73 0 751875
73 1 751957
78 0 752045
78 1 752126
32 0 752212
32 1 752300
83 0 752342
83 1 752431
67 0 752566
67 1 752651
79 0 752710
79 1 752785
76 0 752889
76 1 752966
73 0 753061
73 1 753117
32 0 753281
32 1 753371
69 0 753412
69 1 753510
83 0 754148
83 1 754233
84 0 754404
84 1 754470
69 0 754524
69 1 754592
32 0 754693
32 1 754769
80 0 755234
80 1 755310
85 0 755524
85 1 755608
84 0 756166
84 1 756258
73 0 756270
73 1 756354
78 0 756495
78 1 756584
32 0 756713
32 1 756803
73 0 757124
73 1 757222
78 0 757367
78 1 757455
86 0 757646
86 1 757728
69 0 757751
69 1 757840
67 0 758113
67 1 758183
72 0 758186
72 1 758279
73 0 758344
73 1 758445
84 0 759054
84 1 759128
65 0 759148
65 1 759247
188 0 759804
188 1 759880
32 0 759981
32 1 760049
65 0 776568
65 1 776665
80 0 776740
80 1 776823
76 0 776914
76 1 777000
73 0 777129
73 1 777205
67 0 777429
67 1 777496
65 0 777510
65 1 777651
78 0 777754
78 1 777836
68 0 778074
68 1 778144
85 0 778175
85 1 778250
189 0 778614
189 1 778701
83 0 778772
83 1 778854
69 0 779042
69 1 779133
32 0 779201
32 1 779287
65 0 779702
65 1 779782
67 0 779992
67 1 780077
69 0 780114
69 1 780195
76 0 780467
76 1 780543
69 0 780576
69 1 780652
65 0 781088
65 1 781169
83 0 781353
73 0 781420
83 1 781426
73 1 781506
32 0 781713
32 1 781784
80 0 782127
80 1 782187
82 0 782375
82 1 782452
79 0 782488
79 1 782556
67 0 783039
67 1 783117
69 0 783146
69 1 783218
68 0 783345
68 1 783426
85 0 783445
85 1 783532
82 0 783653
82 1 783721
73 0 783756
73 1 783834
32 0 784030
32 1 784109
68 0 784367
68 1 784446
69 0 784573
69 1 784649
32 0 784755
32 1 784843
65 0 785176
65 1 785256
78 0 785326
78 1 785400
73 0 785465
73 1 785566
32 0 785685
32 1 785764
68 0 786024
68 1 786105
69 0 786192
69 1 786281
32 0 786333
32 1 786432
90 0 786515
90 1 786597
73 0 786638
73 1 786712
76 0 786852
76 1 786948
69 0 786968
69 1 787047
190 0 788138
190 1 788198
32 0 788725
32 1 788785
16 0 825323
73 0 825472
16 1 825503
73 1 825559
78 0 825902
78 1 825993
32 0 826163
32 1 826239
80 0 827184
80 1 827270
73 0 827437
73 1 827523
67 0 827659
67 1 827743
84 0 827844
84 1 827924
85 0 828077
85 1 828166
82 0 828365
82 1 828440
65 0 828464
65 1 828569
32 0 828655
32 1 828741
83 0 828793
83 1 828855
69 0 829074
69 1 829185
32 0 829255
32 1 829338
79 0 830048
79 1 830141
66 0 830432
66 1 830513
83 0 830640
83 1 830729
69 0 830858
69 1 830941
82 0 830971
82 1 831055
86 0 831442
86 1 831527
65 0 831558
65 1 831669
32 0 831678
32 1 831768
79 0 831963
79 1 832055
32 0 832169
32 1 832257
83 0 832316
83 1 832412
67 0 832598
67 1 832666
69 0 833298
69 1 833373
78 0 833449
78 1 833523
65 0 833582
65 1 833672
32 0 833732
32 1 833813
68 0 834021
68 1 834096
73 0 834141
73 1 834231
78 0 834699
78 1 834775
32 0 834875
32 1 834964
86 0 835144
86 1 835210
73 0 835274
73 1 835347
65 0 836039
65 1 836131
84 0 836407
84 1 836485
65 0 836506
65 1 836585
32 0 836757
32 1 836839
79 0 837213
79 1 837308
69 0 837548
69 1 837627
77 0 837802
77 1 837893
69 0 837926
69 1 838011
78 0 838077
78 1 838160
73 0 838256
73 1 838334
76 0 838481
76 1 838555
79 0 838641
79 1 838738
82 0 838774
82 1 838863
32 0 838940
32 1 839025
68 0 839098
68 1 839192
73 0 839235
73 1 839319
78 0 840630
78 1 840710
32 0 840826
32 1 840913
84 0 841789
84 1 841869
82 0 841970
82 1 842054
69 0 842062
69 1 842154
67 0 842216
67 1 842302
85 0 842482
85 1 842571
84 0 842709
84 1 842791
85 0 842948
85 1 843028
76 0 843203
76 1 843291
32 0 843408
32 1 843501
73 0 843606
73 1 843679
78 0 843762
78 1 843850
68 0 844011
68 1 844091
69 0 844184
69 1 844266
80 0 844343
80 1 844421
65 0 844483
65 1 844575
82 0 844709
82 1 844793
84 0 844923
84 1 844994
65 0 845036
65 1 845122
84 0 845224
84 1 845299
188 0 848172
188 1 848250
32 0 848333
32 1 848412
80 0 848567
80 1 848657
79 0 848734
79 1 848812
65 0 848848
65 1 848968
84 0 849025
84 1 849100
69 0 849154
69 1 849251
32 0 849334
32 1 849424
70 0 850041
70 1 850122
73 0 850158
73 1 850247
32 0 850401
32 1 850475
67 0 850940
67 1 851020
72 0 851056
72 1 851144
8 0 851840
8 1 851936
8 0 852018
8 1 852069
68 0 853183
68 1 853266
73 0 853281
73 1 853373
78 0 853500
78 1 853593
32 0 853776
32 1 853855
16 0 854024
69 0 854388
69 1 854461
16 1 854507
86 0 854786
86 1 854875
85 0 855033
85 1 855114
76 0 855300
76 1 855400
8 0 855937
8 1 856031
8 0 856122
8 1 856220
8 0 856276
8 1 856376
8 0 856460
8 1 856528
67 0 857998
67 1 858081
72 0 858114
72 1 858188
73 0 858287
73 1 858372
65 0 858439
65 1 858523
82 0 858601
82 1 858673
32 0 858865
32 1 858949
79 0 859129
79 1 859211
32 0 859302
32 1 859388
83 0 859423
83 1 859526
67 0 859684
67 1 859760
69 0 860416
69 1 860504
78 0 861075
78 1 861151
65 0 861161
65 1 861264
32 0 861332
32 1 861417
66 0 861789
66 1 861882
73 0 861990
73 1 862078
66 0 862198
66 1 862281
76 0 862494
76 1 862595
73 0 862720
73 1 862811
67 0 863072
65 0 863154
67 1 863157
65 1 863254
190 0 864043
190 1 864121
32 0 864788
32 1 864870
8 0 877843
8 1 877924
65 0 879533
65 1 879644
32 0 882519
32 1 882599
16 0 883370
73 0 883570
16 1 883633
73 1 883645
77 0 884114
77 1 884198
66 0 884460
66 1 884555
82 0 884740
82 1 884823
65 0 884834
65 1 884918
67 0 885012
67 1 885098
65 0 885098
65 1 885195
77 0 885459
77 1 885553
73 0 885648
73 1 885741
78 0 885813
78 1 885911
84 0 886085
84 1 886151
69 0 886185
69 1 886264
65 0 886426
65 1 886527
32 0 886547
32 1 886638
79 0 886774
79 1 886854
65 0 886894
65 1 886996
77 0 887279
69 0 887354
77 1 887360
69 1 887428
78 0 887515
78 1 887600
73 0 887689
73 1 887769
76 0 887902
76 1 887996
79 0 888076
79 1 888156
82 0 888162
82 1 888266
32 0 888327
32 1 888408
69 0 888636
69 1 888717
83 0 888843
83 1 888921
84 0 888932
84 1 888999
69 0 889082
69 1 889158
32 0 889196
32 1 889296
77 0 889428
77 1 889522
85 0 889623
85 1 889694
76 0 889840
76 1 889924
84 0 889932
84 1 890013
32 0 890109
32 1 890206
68 0 890410
68 1 890493
73 0 890535
73 1 890621
70 0 890813
70 1 890903
69 0 890925
69 1 891000
82 0 891556
82 1 891629
73 0 891833
73 1 891925
84 0 892079
84 1 892157
65 0 892186
65 1 892274
32 0 892337
32 1 892428
70 0 892575
70 1 892641
65 0 892646
65 1 892727
84 0 892901
84 1 892980
65 0 893013
65 1 893106
32 0 893177
32 1 893265
68 0 893304
68 1 893390
69 0 893482
69 1 893560
32 0 893610
32 1 893707
67 0 893993
67 1 894065
69 0 894076
69 1 894148
65 0 894341
65 1 894407
32 0 894475
32 1 894568
68 0 894892
68 1 894962
73 0 894989
73 1 895075
78 0 895165
78 1 895257
32 0 895340
32 1 895430
90 0 895724
90 1 895793
73 0 895817
73 1 895902
76 0 896227
76 1 896292
69 0 896316
69 1 896405
76 0 896517
69 0 896576
76 1 896592
69 1 896652
32 0 896856
32 1 896939
68 0 897312
68 1 897395
69 0 897493
69 1 897574
32 0 897647
32 1 897745
65 0 897813
65 1 897890
90 0 898054
90 1 898110
73 0 898224
73 1 898300
190 0 903334
190 1 903427
32 0 903653
32 1 903731
16 0 905351
73 0 905585
73 1 905671
16 1 905728
78 0 905871
78 1 905952
8 0 906876
8 1 906954
8 0 907026
8 1 907091
16 0 909021
73 0 909176
73 1 909259
16 1 909262
78 0 909422
78 1 909503
67 0 909698
67 1 909778
65 0 909811
65 1 909916
80 0 910094
80 1 910193
69 0 910216
69 1 910312
82 0 910494
82 1 910563
69 0 910569
69 1 910648
65 0 910854
65 1 910940
32 0 910995
32 1 911093
73 0 912017
73 1 912126
78 0 912633
78 1 912708
32 0 912800
32 1 912870
67 0 913100
67 1 913184
69 0 913212
69 1 913293
82 0 913486
82 1 913564
8 0 915531
8 1 915623
8 0 915741
8 1 915800
65 0 916094
65 1 916193
82 0 916398
82 1 916481
69 0 916499
69 1 916585
32 0 916675
32 1 916774
83 0 916815
83 1 916906
69 0 917017
69 1 917106
32 0 917152
32 1 917246
65 0 917575
65 1 917659
70 0 917743
70 1 917818
76 0 918135
76 1 918230
65 0 918241
65 1 918333
32 0 918660
32 1 918743
69 0 918941
69 1 919015
83 0 919158
84 0 919233
83 1 919236
84 1 919317
69 0 919389
69 1 919469
32 0 919579
32 1 919664
8 0 920826
8 1 920902
8 0 920977
8 1 921157
8 0 921253
8 1 921329
8 0 921378
8 1 921462
8 0 921811
8 1 921875
70 0 922229
70 1 922307
65 0 922320
65 1 922429
67 0 922477
67 1 922551
69 0 922593
69 1 922682
32 0 922728
32 1 922817
80 0 923027
80 1 923114
65 0 923129
65 1 923240
82 0 923395
82 1 923470
84 0 923571
84 1 923658
69 0 923662
69 1 923755
32 0 923879
32 1 923963
68 0 924268
68 1 924356
73 0 924376
73 1 924458
78 0 924546
78 1 924633
84 0 925145
84 1 925235
82 0 925342
82 1 925417
189 0 925471
189 1 925551
79 0 926345
79 1 926423
32 0 926569
32 1 926658
67 0 926797
67 1 926888
76 0 927243
76 1 927322
65 0 927354
65 1 927447
68 0 927822
68 1 927903
73 0 927973
73 1 928022
82 0 928442
82 1 928494
69 0 928536
69 1 928634
32 0 929427
32 1 929503
73 0 930327
73 1 930412
77 0 930573
77 1 930658
80 0 930832
80 1 930920
85 0 931099
85 1 931187
78 0 931315
78 1 931401
65 0 931423
65 1 931525
84 0 931634
84 1 931707
65 0 932050
65 1 932134
8 0 933414
8 1 933562
8 0 933868
8 1 933921
84 0 935612
84 1 935695
79 0 935898
79 1 935974
65 0 936168
65 1 936257
82 0 936576
82 1 936650
69 0 936654
69 1 936745
188 0 938436
188 1 938522
32 0 938632
32 1 938714
80 0 939196
80 1 939311
79 0 939417
79 1 939504
65 0 939550
65 1 939667
84 0 939752
84 1 939824
69 0 939875
69 1 939973
32 0 940083
32 1 940158
70 0 940862
70 1 940940
73 0 941023
73 1 941105
8 0 942121
8 1 942177
8 0 942281
8 1 942337
8 0 942431
8 1 942499
8 0 942799
8 1 942856
8 0 942939
8 1 943014
8 0 943082
8 1 943154
8 0 943213
8 1 943310
79 0 943877
79 1 943963
83 0 944134
83 1 944229
73 0 944241
73 1 944328
66 0 944489
66 1 944586
73 0 944699
73 1 944792
76 0 944928
76 1 944993
32 0 945134
32 1 945207
83 0 945764
83 1 945846
65 0 945994
65 1 946076
32 0 946623
32 1 946710
70 0 947028
70 1 947109
73 0 947160
73 1 947244
69 0 947458
69 1 947542
32 0 947618
32 1 947708
85 0 948200
85 1 948291
78 0 948403
78 1 948478
32 0 948568
32 1 948653
84 0 948841
84 1 948918
69 0 948970
69 1 949068
77 0 949312
77 1 949393
80 0 949506
80 1 949603
76 0 949690
76 1 949774
85 0 949930
85 1 950003
188 0 950661
188 1 950741
32 0 950830
32 1 950905
85 0 951172
85 1 951256
78 0 951372
78 1 951463
32 0 951542
32 1 951630
76 0 951908
76 1 951986
79 0 952091
79 1 952167
67 0 952463
67 1 952525
65 0 952586
65 1 952696
83 0 952856
83 1 952951
32 0 952975
32 1 953069
8 0 953948
8 1 954025
8 0 954110
8 1 954186
8 0 954237
8 1 954319
8 0 954377
8 1 954452
8 0 954536
8 1 954598
8 0 954930
8 1 954989
76 0 955670
76 1 955750
79 0 955834
79 1 955923
67 0 956019
67 1 956094
32 0 956176
32 1 956247
68 0 956695
68 1 956809
69 0 956892
69 1 957010
32 0 957022
32 1 957134
67 0 957246
85 0 957328
67 1 957337
85 1 957409
84 0 957773
84 1 957911
8 0 958278
8 1 958380
76 0 958973
76 1 959039
84 0 959067
84 1 959172
188 0 961380
188 1 961490
32 0 961598
32 1 961689
83 0 961764
83 1 961862
65 0 961988
65 1 962062
85 0 962115
85 1 962205
32 0 962494
32 1 962592
80 0 963166
80 1 963255
85 0 963494
85 1 963571
82 0 963933
82 1 964004
32 0 964136
32 1 964227
83 0 964465
83 1 964544
73 0 964573
73 1 964655
32 0 964784
32 1 964886
83 0 964946
83 1 965028
73 0 965052
73 1 965129
77 0 965274
77 1 965365
80 0 965507
80 1 965588
76 0 965687
76 1 965772
85 0 965919
85 1 965997
32 0 966100
32 1 966212
85 0 966561
85 1 966656
78 0 966756
78 1 966824
32 0 966919
32 1 967006
76 0 967753
76 1 967800
79 0 970607
79 1 970689
67 0 971293
67 1 971387
32 0 971416
32 1 971516
73 0 973575
73 1 973681
78 0 973853
78 1 973938
32 0 974022
32 1 974102
67 0 974292
67 1 974373
65 0 974398
65 1 974506
82 0 974513
82 1 974590
69 0 974722
69 1 974814
32 0 974897
32 1 974980
79 0 975566
79 1 975644
65 0 975659
65 1 975790
77 0 976302
77 1 976388
69 0 976427
69 1 976512
78 0 976565
78 1 976657
73 0 977108
73 1 977205
73 0 977267
73 1 977341
32 0 977860
32 1 977954
83 0 978014
83 1 978133
69 0 978231
69 1 978323
32 0 978326
32 1 978405
73 0 978512
73 1 978604
78 0 978670
78 1 978767
84 0 978983
84 1 979062
65 0 979082
65 1 979179
76 0 979330
76 1 979417
78 0 979563
78 1 979639
69 0 979663
69 1 979740
65 0 979976
65 1 980053
85 0 980082
85 1 980164
32 0 980270
32 1 980379
80 0 980552
80 1 980634
69 0 980672
69 1 980784
78 0 980810
78 1 980895
84 0 981100
84 1 981199
82 0 981353
85 0 981435
82 1 981437
85 1 981519
32 0 981809
32 1 981898
65 0 981977
65 1 982047
32 0 997757
32 1 997827
83 0 998048
83 1 998142
79 0 998442
79 1 998534
67 0 998765
67 1 998844
73 0 998868
73 1 998967
65 0 999096
65 1 999184
76 0 999268
76 1 999364
73 0 999492
73 1 999593
90 0 999648
90 1 999754
65 0 999861
65 1 999982
190 0 1001219
190 1 1001284
32 0 1002171
32 1 1002230
17 0 1007241
17 1 1007591
16 0 1008296
67 0 1008398
67 1 1008483
16 1 1008502
76 0 1009257
76 1 1009324
65 0 1009369
65 1 1009448
68 0 1009658
68 1 1009716
73 0 1009737
73 1 1009814
82 0 1010136
82 1 1010207
69 0 1010229
69 1 1010311
65 0 1010538
65 1 1010626
32 0 1013270
32 1 1013327
65 0 1014215
65 1 1014327
82 0 1014770
82 1 1014846
69 0 1015189
69 1 1015274
32 0 1019115
32 1 1019183
79 0 1023216
79 1 1023308
32 0 1023744
32 1 1023847
65 0 1024460
65 1 1024548
82 0 1024618
82 1 1024703
72 0 1025214
72 1 1025297
73 0 1025380
73 1 1025481
84 0 1025681
84 1 1025759
69 0 1025797
69 1 1025880
67 0 1025959
67 1 1026049
84 0 1026161
84 1 1026243
85 0 1026423
85 1 1026506
82 0 1026701
82 1 1026765
65 0 1026788
65 1 1026906
32 0 1027309
32 1 1027387
68 0 1027546
68 1 1027649
69 0 1027750
69 1 1027847
79 0 1027893
79 1 1027974
83 0 1028198
83 1 1028293
69 0 1028462
69 1 1028553
66 0 1028807
66 1 1028880
73 0 1028989
73 1 1029077
84 0 1029248
84 1 1029312
65 0 1029333
65 1 1029440
188 0 1030575
188 1 1030664
32 0 1030767
32 1 1030840
70 0 1030987
70 1 1031072
73 0 1031298
73 1 1031365
73 0 1031445
73 1 1031501
78 0 1031620
78 1 1031722
68 0 1031784
68 1 1031898
69 0 1032008
69 1 1032089
187 0 1033710
187 1 1033804
8 0 1034632
8 1 1034722
8 0 1034774
8 1 1034849
8 0 1041847
8 1 1041917
8 0 1041989
8 1 1042072
8 0 1042153
8 1 1042208
8 0 1068935
8 1 1069018
8 0 1069116
8 1 1069181
8 0 1069297
8 1 1069364
8 0 1069475
8 1 1069530
8 0 1069588
8 1 1069664
8 0 1069734
8 1 1069801
70 0 1078794
70 1 1078853
73 0 1079120
73 1 1079183
8 0 1080198
8 1 1080250
8 0 1080356
8 1 1080409
65 0 1080900
65 1 1080986
86 0 1081201
86 1 1081280
65 0 1081295
65 1 1081390
78 0 1081516
78 1 1081598
68 0 1081642
68 1 1081725
32 0 1081807
32 1 1081890
68 0 1086641
68 1 1086712
69 0 1086822
69 1 1086907
83 0 1087065
83 1 1087140
67 0 1087333
67 1 1087425
72 0 1087483
72 1 1087590
73 0 1087917
73 1 1088015
8 0 1088824
8 1 1088924
8 0 1088998
8 1 1089058
8 0 1089126
8 1 1089193
8 0 1089258
8 1 1089341
8 0 1089534
8 1 1089625
8 0 1089781
8 1 1089878
71 0 1090288
71 1 1090366
69 0 1090381
69 1 1090448
65 0 1090662
65 1 1090698
77 0 1090959
77 1 1091041
85 0 1091174
85 1 1091276
82 0 1091495
82 1 1091574
73 0 1091582
73 1 1091667
32 0 1092606
32 1 1092684
8 0 1102391
8 1 1102462
8 0 1102574
8 1 1102634
8 0 1102733
8 1 1102807
8 0 1102823
8 0 1103310
8 0 1103340
8 0 1103368
8 0 1103398
8 1 1103415
8 0 1103543
8 1 1103614
8 0 1103701
8 1 1103769
8 0 1103952
8 1 1104039
8 0 1104111
8 1 1104207
8 0 1104217
8 1 1104361
8 0 1104460
8 1 1104548
8 0 1114421
8 1 1114495
8 0 1114587
8 1 1114669
188 0 1115468
188 1 1115544
32 0 1115655
32 1 1115741
16 0 1115958
83 0 1116129
16 1 1116158
83 1 1116216
69 0 1116262
69 1 1116371
32 0 1116623
32 1 1116704
79 0 1117832
79 1 1117904
66 0 1118099
66 1 1118183
83 0 1118427
83 1 1118515
69 0 1118633
69 1 1118713
82 0 1118767
82 1 1118839
86 0 1119039
86 1 1119129
65 0 1119151
65 1 1119236
32 0 1119665
32 1 1119745
78 0 1120102
78 1 1120218
85 0 1120261
85 1 1120345
77 0 1120494
77 1 1120585
69 0 1120598
69 1 1120693
82 0 1120779
82 1 1120888
79 0 1121375
65 0 1121447
79 1 1121456
65 1 1121550
83 0 1121678
83 1 1121757
69 0 1121859
69 1 1121961
32 0 1122038
32 1 1122120
83 0 1122303
83 1 1122388
67 0 1122550
67 1 1122622
85 0 1122677
85 1 1122753
76 0 1122933
76 1 1123025
80 0 1123704
80 1 1123776
84 0 1124083
84 1 1124155
85 0 1124195
85 1 1124269
82 0 1124444
82 1 1124533
73 0 1124553
73 1 1124634
32 0 1125910
32 1 1126007
83 0 1126670
83 1 1126741
73 0 1126821
73 1 1126923
32 0 1127230
32 1 1127308
83 0 1127738
83 1 1127817
84 0 1128051
65 0 1128114
84 1 1128125
65 1 1128194
84 0 1128282
84 1 1128359
85 0 1128590
85 1 1128672
73 0 1128791
73 1 1128876
32 0 1133447
32 1 1133529
68 0 1140852
68 1 1140933
73 0 1140956
73 1 1141049
78 0 1141170
78 1 1141251
32 0 1141346
32 1 1141438
77 0 1141587
77 1 1141667
65 0 1141691
65 1 1141800
82 0 1142278
82 1 1142354
77 0 1142527
77 1 1142630
85 0 1142779
85 1 1142869
82 0 1143127
82 1 1143192
65 0 1143249
65 1 1143313
190 0 1144418
190 1 1144448
32 0 1145771
32 1 1145842
16 0 1151356
86 0 1151679
86 1 1151763
16 1 1151796
73 0 1151950
73 1 1152029
65 0 1152056
65 1 1152161
84 0 1152241
84 1 1152309
8 0 1152772
8 1 1152859
8 0 1152925
8 1 1153002
8 0 1153062
8 1 1153147
8 0 1153465
8 1 1153553
16 0 1153976
16 0 1154463
16 0 1154491
16 1 1154522
16 0 1154743
16 0 1155233
16 0 1155263
16 0 1155294
16 0 1155323
16 0 1155353
68 0 1155381
68 1 1155523
16 1 1155574
73 0 1155621
73 1 1155700
78 0 1155808
78 1 1155897
32 0 1155990
32 1 1156065
80 0 1156244
80 1 1156306
73 0 1156460
73 1 1156533
67 0 1156640
67 1 1156728
84 0 1156824
84 1 1156896
85 0 1157836
85 1 1157912
82 0 1158115
82 1 1158187
65 0 1158220
65 1 1158344
32 0 1158426
32 1 1158504
83 0 1158540
83 1 1158635
69 0 1158767
32 0 1158834
69 1 1158854
32 1 1158915
80 0 1159086
80 1 1159182
79 0 1159254
79 1 1159320
65 0 1159375
65 1 1159473
84 0 1159627
84 1 1159718
69 0 1159750
69 1 1159835
32 0 1159926
32 1 1160006
79 0 1160476
79 1 1160565
66 0 1160734
66 1 1160817
83 0 1161162
83 1 1161249
69 0 1161381
69 1 1161482
82 0 1161648
82 1 1161728
86 0 1161884
86 1 1161962
65 0 1162026
65 1 1162116
32 0 1162169
32 1 1162254
67 0 1162401
67 1 1162483
65 0 1162487
65 1 1162581
32 0 1162656
32 1 1162744
86 0 1162849
86 1 1162938
73 0 1163087
73 1 1163162
65 0 1163186
65 1 1163279
84 0 1163483
84 1 1163560
65 0 1163561
65 1 1163650
32 0 1163780
32 1 1163876
79 0 1164341
79 1 1164426
65 0 1164846
65 1 1164933
77 0 1165100
77 1 1165190
69 0 1165206
69 1 1165272
78 0 1165351
78 1 1165439
73 0 1165514
73 1 1165602
76 0 1165734
76 1 1165814
79 0 1165889
79 1 1165975
82 0 1166005
82 1 1166090
32 0 1166165
32 1 1166253
68 0 1166333
68 1 1166418
69 0 1166524
69 1 1166596
32 0 1166663
32 1 1166765
65 0 1166873
65 1 1166967
84 0 1167037
84 1 1167126
85 0 1167326
85 1 1167414
78 0 1167842
78 1 1167940
67 0 1168382
67 1 1168463
73 0 1168503
73 1 1168588
32 0 1168716
32 1 1168804
69 0 1168880
69 1 1168965
82 0 1169103
82 1 1169174
65 0 1169199
65 1 1169302
32 0 1169420
32 1 1169522
83 0 1169545
83 1 1169639
73 0 1169685
73 1 1169767
77 0 1169860
77 1 1169962
80 0 1170100
80 1 1170174
65 0 1170404
65 1 1170452
8 0 1170904
8 1 1170995
76 0 1171412
76 1 1171474
65 0 1171521
65 1 1171615
188 0 1173678
188 1 1173756
32 0 1173874
32 1 1173942
68 0 1174641
68 1 1174713
65 0 1174777
65 1 1174894
82 0 1174923
82 1 1175007
8 0 1181767
8 1 1181849
8 0 1181947
8 1 1182010
8 0 1182086
8 1 1182159
69 0 1187128
69 1 1187226
82 0 1187412
82 1 1187484
65 0 1187994
65 1 1188074
85 0 1188114
85 1 1188210
32 0 1188366
32 1 1188455
80 0 1188719
80 1 1188810
82 0 1188936
82 1 1189011
69 0 1189128
69 1 1189239
67 0 1189433
67 1 1189514
85 0 1189569
85 1 1189648
80 0 1189867
80 1 1189946
65 0 1189954
65 1 1190030
84 0 1190339
84 1 1190414
73 0 1190625
73 1 1190716
32 0 1190857
32 1 1190942
68 0 1191119
68 1 1191213
69 0 1191318
69 1 1191400
32 0 1191462
32 1 1191550
73 0 1192450
73 1 1192541
78 0 1192599
78 1 1192715
84 0 1192925
84 1 1193000
69 0 1193049
69 1 1193124
82 0 1193358
82 1 1193419
65 0 1193451
65 1 1193549
67 0 1193764
67 1 1193849
84 0 1193944
84 1 1194029
73 0 1194248
73 1 1194340
85 0 1194417
85 1 1194492
78 0 1194630
78 1 1194720
69 0 1194765
69 1 1194854
65 0 1195023
65 1 1195101
32 0 1195149
32 1 1195237
67 0 1196383
67 1 1196465
85 0 1196496
85 1 1196582
32 0 1196796
32 1 1196880
67 0 1197658
67 1 1197757
69 0 1197944
69 1 1198026
73 0 1198123
73 1 1198189
76 0 1198345
76 1 1198437
65 0 1198447
65 1 1198542
84 0 1198950
84 1 1199029
8 0 1199651
8 1 1199701
76 0 1200960
76 1 1201045
84 0 1201261
84 1 1201336
73 0 1201355
73 1 1201437
32 0 1201756
32 1 1201835
8 0 1220036
8 1 1220110
188 0 1221142
188 1 1221242
32 0 1221316
32 1 1221396
69 0 1223265
69 1 1223355
82 0 1223520
82 1 1223590
65 0 1223893
65 1 1223980
85 0 1224006
85 1 1224094
32 0 1224756
32 1 1224840
77 0 1227022
77 1 1227129
85 0 1227243
85 1 1227319
76 0 1227523
76 1 1227586
84 0 1227640
84 1 1227728
32 0 1227806
32 1 1227894
38 0 1229118
38 1 1229262
39 0 1230020
39 1 1230199
39 0 1230845
39 1 1231061
40 0 1233695
40 1 1233813
77 0 1234470
77 1 1234560
65 0 1234596
73 0 1234685
65 1 1234691
73 1 1234770
32 0 1234901
32 1 1235000
73 0 1235192
73 1 1235274
78 0 1235341
78 1 1235437
84 0 1235651
69 0 1235735
84 1 1235737
69 1 1235830
82 0 1235910
82 1 1235999
69 0 1236269
69 1 1236340
83 0 1236539
83 1 1236622
65 0 1236757
65 1 1236833
84 0 1237629
84 1 1237717
73 0 1237797
73 1 1237886
32 0 1238831
32 1 1238903
68 0 1239494
68 1 1239582
69 0 1239707
69 1 1239788
32 0 1239845
32 1 1239937
66 0 1240070
66 1 1240163
73 0 1240220
73 1 1240328
78 0 1240445
78 1 1240497
69 0 1240894
69 1 1240987
76 0 1241465
76 1 1241543
69 0 1241556
69 1 1241661
32 0 1241765
32 1 1241847
65 0 1241974
65 1 1242055
80 0 1242156
80 1 1242233
82 0 1242423
82 1 1242498
79 0 1242540
79 1 1242627
80 0 1242758
80 1 1242845
73 0 1242967
65 0 1243033
73 1 1243043
65 1 1243127
84 0 1243467
84 1 1243542
73 0 1243620
73 1 1243696
76 0 1243827
76 1 1243898
79 0 1243996
79 1 1244068
82 0 1244094
82 1 1244183
32 0 1244675
32 1 1244758
8 0 1251181
8 1 1251264
32 0 1251565
32 1 1251655
83 0 1251694
83 1 1251768
73 0 1251787
73 1 1251870
