86 0 91414
86 1 91487
82 0 91551
82 1 91619
69 0 91712
69 1 91833
77 0 91895
77 1 91977
69 0 91978
69 1 92033
65 0 92156
65 1 92274
32 0 92338
65 0 92387
32 1 92415
65 1 92486
67 0 92657
67 1 92735
85 0 92753
85 1 92822
77 0 92912
77 1 92996
32 0 93093
69 0 93168
32 1 93179
69 1 93230
83 0 93349
84 0 93410
83 1 93428
84 1 93472
69 0 93536
69 1 93621
32 0 93685
32 1 93757
68 0 93933
69 0 94013
68 1 94055
69 1 94101
83 0 94200
83 1 94282
84 0 94387
84 1 94450
85 0 94605
85 1 94659
76 0 94833
76 1 94911
32 0 95002
32 1 95078
68 0 95080
69 0 95168
68 1 95189
32 0 95243
69 1 95265
32 1 95315
85 0 95424
82 0 95465
85 1 95491
82 1 95523
65 0 95612
65 1 95712
84 0 95741
84 1 95812
65 0 95814
65 1 95893
190 0 96191
190 1 96262
32 0 96352
32 1 96423
67 0 96506
65 0 96607
67 1 96644
77 0 96680
65 1 96738
77 1 96742
32 0 96832
68 0 96886
32 1 96913
69 0 96988
68 1 97024
32 0 97070
69 1 97096
32 1 97150
73 0 97301
73 1 97368
69 0 97370
69 1 97445
82 0 97522
82 1 97616
73 0 97630
73 1 97702
32 0 97796
32 1 97878
80 0 97966
76 0 98027
80 1 98045
76 1 98128
79 0 98181
79 1 98273
85 0 98353
85 1 98424
65 0 98441
65 1 98549
32 0 98588
32 1 98651
73 0 98709
73 1 98785
32 0 98989
32 1 99047
8 0 99398
8 1 99455
78 0 99696
78 1 99767
32 0 99864
32 1 99936
67 0 99987
67 1 100081
79 0 100083
79 1 100172
78 0 100234
78 1 100322
84 0 100349
84 1 100431
73 0 100433
73 1 100503
78 0 100570
78 1 100674
85 0 100737
85 1 100788
85 0 100861
85 1 100923
32 0 101031
83 0 101097
32 1 101114
83 1 101197
73 0 101200
73 1 101273
32 0 101347
32 1 101433
69 0 102435
69 1 102515
83 0 102653
83 1 102767
84 0 102830
84 1 102902
69 0 102904
69 1 102988
32 0 103086
32 1 103148
73 0 103340
73 1 103417
78 0 103469
78 1 103541
78 0 103630
78 1 103702
79 0 103812
79 1 103879
82 0 103885
82 1 103977
65 0 104143
65 1 104256
84 0 104259
84 1 104345
190 0 105037
190 1 105121
32 0 105232
32 1 105301
78 0 105417
78 1 105487
85 0 105577
85 1 105634
32 0 106875
32 1 106964
69 0 107590
69 1 107656
32 0 107702
32 1 107793
71 0 107921
71 1 107985
69 0 107985
69 1 108050
78 0 108093
78 1 108189
85 0 108239
85 1 108310
76 0 108424
76 1 108506
32 0 108598
68 0 108660
32 1 108680
69 0 108723
68 1 108745
32 0 108804
69 1 108836
32 1 108871
86 0 108970
82 0 109011
86 1 109033
69 0 109096
82 1 109124
69 1 109173
77 0 109186
69 0 109260
77 1 109277
69 1 109368
32 0 109369
32 1 109449
67 0 109557
65 0 109625
67 1 109655
65 1 109722
82 0 109724
82 1 109808
69 0 109810
32 0 109923
69 1 109933
32 1 110001
73 0 110110
73 1 110197
77 0 110262
77 1 110346
73 0 110405
73 1 110481
32 0 110571
32 1 110640
80 0 110738
76 0 110805
80 1 110836
65 0 110890
76 1 110902
65 1 111018
67 0 111107
67 1 111174
69 0 111194
69 1 111277
188 0 113647
188 1 113730
32 0 113813
32 1 113891
90 0 114075
73 0 114195
90 1 114218
73 1 114259
76 0 114362
69 0 114399
76 1 114443
69 1 114457
76 0 114490
69 0 114535
76 1 114563
69 1 114609
32 0 114666
32 1 114766
84 0 115002
84 1 115059
82 0 115173
82 1 115230
69 0 115279
69 1 115352
67 0 115430
67 1 115506
85 0 115596
85 1 115697
84 0 115720
84 1 115783
69 0 115868
69 1 115945
188 0 116139
188 1 116205
32 0 116306
67 0 116350
32 1 116362
65 0 116447
67 1 116467
77 0 116493
77 1 116552
65 1 116556
32 0 116627
32 1 116677
73 0 116744
73 1 116826
78 0 116861
78 1 116918
32 0 116986
32 1 117054
80 0 117149
69 0 117177
80 1 117239
69 1 117243
82 0 117310
82 1 117376
73 0 117395
73 1 117473
79 0 117529
65 0 117547
79 1 117612
65 1 117642
68 0 117654
65 0 117775
68 1 117791
65 1 117901
32 0 117913
32 1 117980
82 0 118044
69 0 118139
82 1 118166
86 0 118235
69 1 118267
86 1 118303
69 0 118331
69 1 118403
76 0 119480
76 1 119566
73 0 119662
73 1 119725
79 0 119773
79 1 119851
78 0 119944
78 1 120014
85 0 120083
85 1 120151
76 0 120260
76 1 120343
85 0 120451
85 1 120514
73 0 120588
73 1 120667
32 0 120868
32 1 120933
65 0 122094
65 1 122160
32 0 122227
32 1 122307
70 0 122337
70 1 122415
79 0 122432
79 1 122516
83 0 122533
83 1 122682
84 0 122783
84 1 122851
32 0 123414
32 1 123487
83 0 123786
83 1 123868
79 0 123921
79 1 123993
65 0 123995
65 1 124120
82 0 124200
82 1 124272
69 0 124317
69 1 124390
32 0 124474
32 1 124566
83 0 124719
83 1 124797
73 0 124852
73 1 124886
32 0 125067
32 1 125138
67 0 125898
67 1 125974
65 0 126061
65 1 126198
76 0 126201
76 1 126270
68 0 126318
68 1 126391
188 0 126489
188 1 126562
32 0 126666
32 1 126738
67 0 126813
67 1 126903
74 0 126941
74 1 127000
73 0 127072
73 1 127135
8 0 127541
8 1 127614
8 0 127687
8 1 127764
72 0 128153
72 1 128224
65 0 128236
73 0 128308
73 1 128333
65 1 128337
82 0 128452
82 1 128525
32 0 128550
32 1 128610
80 0 128875
80 1 128943
82 0 129026
69 0 129114
82 1 129131
69 1 129202
65 0 129241
65 1 129361
32 0 129363
32 1 129427
67 0 129457
67 1 129588
65 0 129589
76 0 129626
65 1 129673
76 1 129693
68 0 129753
68 1 129875
32 0 129918
32 1 129995
80 0 131325
80 1 131387
69 0 131409
69 1 131462
78 0 131566
78 1 131634
84 0 131702
82 0 131778
84 1 131800
85 0 131868
82 1 131890
85 1 131936
32 0 132049
32 1 132140
80 0 132769
80 1 132830
69 0 132833
69 1 132897
82 0 132975
82 1 133048
73 0 133072
73 1 133138
65 0 133227
79 0 133241
79 1 133293
65 1 133339
68 0 133370
65 0 133489
68 1 133524
65 1 133585
32 0 133705
32 1 133781
65 0 133879
83 0 133964
65 1 134022
84 0 134071
83 1 134087
84 1 134139
65 0 134167
65 1 134283
32 0 134356
32 1 134444
68 0 134473
65 0 134556
68 1 134591
82 0 134630
65 1 134667
82 1 134693
32 0 134816
65 0 134835
32 1 134888
65 1 134935
32 0 134999
32 1 135076
70 0 135078
70 1 135132
79 0 135171
79 1 135261
84 0 135412
84 1 135478
32 0 135612
32 1 135663
8 0 136065
8 1 136142
8 0 136205
8 1 136280
83 0 136434
83 1 136541
84 0 136577
84 1 136657
32 0 136766
32 1 136843
70 0 136858
70 1 136927
79 0 136955
79 1 137038
65 0 137039
65 1 137165
82 0 137213
82 1 137290
84 0 137348
84 1 137429
69 0 137430
69 1 137517
32 0 137557
32 1 137626
76 0 137802
65 0 137817
76 1 137896
65 1 137946
8 0 138211
8 1 138283
8 0 138358
8 1 138402
80 0 138812
76 0 138893
80 1 138919
65 0 138938
76 1 138986
65 1 139041
67 0 139061
85 0 139175
67 1 139191
84 0 139271
85 1 139282
84 1 139343
190 0 141160
190 1 141244
32 0 141423
32 1 141487
69 0 143876
69 1 143961
32 0 144023
32 1 144115
71 0 144264
71 1 144332
69 0 144367
69 1 144453
78 0 144454
78 1 144548
85 0 144634
85 1 144698
8 0 145152
8 1 145186
8 0 145280
8 1 145353
8 0 145423
8 1 145499
8 0 145568
8 1 145638
8 0 145707
8 1 145774
82 0 146206
82 1 146274
65 0 146275
65 1 146390
32 0 146407
32 1 146486
71 0 146580
69 0 146619
71 1 146646
69 1 146704
85 0 147139
85 1 147213
8 0 147783
8 1 147849
78 0 148108
78 1 148186
85 0 148252
85 1 148323
76 0 148426
76 1 148499
32 0 148607
32 1 148680
68 0 148713
69 0 148800
68 1 148821
32 0 148897
69 1 148909
32 1 148972
86 0 149079
82 0 149119
86 1 149147
69 0 149208
82 1 149223
69 1 149280
77 0 149320
69 0 149388
77 1 149400
69 1 149461
32 0 149504
32 1 149576
8 0 150162
8 1 150226
32 0 150576
32 1 150664
67 0 150769
65 0 150856
67 1 150860
82 0 150913
65 1 150925
82 1 150986
69 0 151039
32 0 151124
69 1 151135
32 1 151207
73 0 151307
73 1 151383
77 0 151437
77 1 151535
73 0 151603
73 1 151667
32 0 151751
32 1 151817
80 0 151920
76 0 151999
80 1 152021
65 0 152074
76 1 152099
65 1 152173
67 0 152282
69 0 152338
67 1 152354
69 1 152423
32 0 152489
32 1 152576
77 0 152725
77 1 152793
85 0 152900
85 1 152956
76 0 153091
76 1 153178
84 0 153196
84 1 153264
188 0 154691
188 1 154722
32 0 154849
32 1 154924
67 0 155735
67 1 155833
85 0 155835
85 1 155910
32 0 155985
32 1 156067
85 0 156137
85 1 156220
78 0 156253
78 1 156336
32 0 156407
32 1 156503
65 0 156504
65 1 156609
69 0 156721
69 1 156814
82 0 156858
82 1 156935
32 0 157055
32 1 157124
80 0 157288
80 1 157372
82 0 157385
82 1 157478
73 0 157503
73 1 157572
77 0 157711
77 1 157818
65 0 157819
65 1 157949
86 0 157978
86 1 158050
65 0 158052
65 1 158140
82 0 158152
82 1 158235
65 0 158247
65 1 158335
84 0 158398
84 1 158467
73 0 158718
73 1 158792
67 0 158843
67 1 158936
188 0 160146
188 1 160261
32 0 160266
32 1 160392
78 0 160579
78 1 160657
73 0 160719
67 0 160770
73 1 160786
67 1 160857
73 0 160866
73 1 160933
32 0 161029
32 1 161105
82 0 161438
82 1 161550
8 0 161742
8 1 161821
80 0 162042
80 1 162121
82 0 162142
69 0 162231
82 1 162257
69 1 162319
65 0 162374
65 1 162502
32 0 162531
32 1 162624
67 0 162986
67 1 163063
65 0 163081
65 1 163189
76 0 163270
76 1 163325
68 0 163356
68 1 163424
32 0 163472
32 1 163545
78 0 163669
78 1 163740
73 0 163794
67 0 163822
73 1 163875
67 1 163926
73 0 163953
73 1 164015
32 0 164145
32 1 164228
80 0 164422
80 1 164508
82 0 164582
69 0 164646
82 1 164693
69 1 164768
32 0 164796
65 0 164855
32 1 164876
65 1 164954
8 0 165540
8 1 165616
8 0 165868
8 1 165945
65 0 166126
65 1 166206
32 0 166331
32 1 166403
70 0 166438
82 0 166499
70 1 166537
82 1 166614
73 0 166703
73 1 166795
71 0 166867
71 1 166949
188 0 168751
32 0 168869
188 1 168883
32 1 168971
67 0 169346
67 1 169440
72 0 169463
72 1 169535
73 0 169585
65 0 169636
73 1 169673
65 1 169731
82 0 169762
82 1 169875
32 0 169889
32 1 169961
80 0 170084
80 1 170087
80 0 170101
80 1 170113
79 0 170207
79 1 170290
84 0 170349
84 1 170411
82 0 170513
73 0 170591
82 1 170617
73 1 170653
86 0 170755
86 1 170822
73 0 170911
73 1 170922
84 0 170971
84 1 171061
8 0 171542
8 1 171619
8 0 171705
8 1 171788
8 0 171844
8 0 172371
8 0 172400
8 0 172430
8 0 172461
8 1 172479
8 0 172582
8 1 172646
79 0 173272
79 1 173338
84 0 173492
82 0 173547
84 1 173558
73 0 173648
82 1 173670
73 1 173720
86 0 173837
86 1 173897
73 0 173981
73 1 174055
84 0 174079
84 1 174163
190 0 177020
190 1 177100
32 0 178530
32 1 178623
65 0 180476
65 1 180619
32 0 181062
32 1 181140
70 0 181739
70 1 181841
79 0 181842
79 1 181936
83 0 181938
83 1 182069
84 0 182091
84 1 182167
8 0 183526
8 1 183588
8 0 183676
8 1 183749
8 0 183842
8 1 183915
8 0 184015
8 1 184071
8 0 184168
8 1 184232
67 0 184536
67 1 184610
85 0 184660
85 1 184736
77 0 184839
77 1 184922
32 0 185025
32 1 185089
83 0 185097
83 1 185179
80 0 185213
80 1 185292
69 0 185293
69 1 185368
82 0 185446
82 1 185532
32 0 185602
32 1 185673
83 0 185756
65 0 185840
83 1 185903
65 1 185939
32 0 185973
32 1 186053
84 0 186203
82 0 186243
84 1 186277
69 0 186332
82 1 186349
69 1 186400
65 0 186453
65 1 186587
67 0 186616
65 0 186677
67 1 186688
65 1 186780
32 0 186828
32 1 186896
80 0 187115
69 0 187186
80 1 187204
69 1 187244
82 0 187336
82 1 187418
73 0 187522
73 1 187584
79 0 187669
79 1 187741
65 0 187744
65 1 187823
68 0 187891
65 0 188022
68 1 188038
65 1 188135
32 0 188208
65 0 188269
32 1 188280
83 0 188371
65 1 188415
84 0 188502
83 1 188515
65 0 188547
84 1 188569
65 1 188667
32 0 188683
68 0 188757
32 1 188769
69 0 188848
68 1 188883
32 0 188898
32 1 188971
69 1 188974
86 0 189059
82 0 189095
86 1 189126
69 0 189195
82 1 189228
69 1 189289
77 0 189309
69 0 189382
77 1 189401
69 1 189473
32 0 189508
32 1 189594
82 0 189687
69 0 189782
82 1 189802
69 1 189893
65 0 189895
65 1 190050
32 0 190083
32 1 190165
83 0 190166
83 1 190276
73 0 190320
73 1 190399
32 0 190520
32 1 190588
83 0 190633
65 0 190731
83 1 190764
65 1 190820
32 0 190867
32 1 190937
86 0 191116
73 0 191181
86 1 191193
73 1 191273
78 0 191275
78 1 191353
65 0 191391
32 0 191483
65 1 191497
32 1 191559
68 0 191613
73 0 191671
68 1 191716
73 1 191765
78 0 191767
78 1 191856
32 0 191944
32 1 192021
8 0 192608
8 0 193137
8 0 193166
8 0 193196
8 0 193227
8 0 193257
8 0 193286
8 0 193316
8 0 193347
8 0 193377
8 0 193419
8 0 193449
8 0 193479
8 1 193491
8 0 193664
8 1 193744
8 0 193845
8 1 193920
8 0 194005
8 1 194078
188 0 195554
188 1 195646
32 0 195713
32 1 195796
83 0 195952
65 0 196043
83 1 196110
85 0 196124
65 1 196145
85 1 196196
32 0 196305
32 1 196383
8 0 196817
8 1 196897
8 0 196968
8 1 197045
8 0 197117
8 1 197189
8 0 197277
8 1 197341
8 0 197437
8 1 197490
8 0 197579
8 1 197637
32 0 197880
32 1 197951
83 0 197999
65 0 198109
83 1 198113
85 0 198142
85 1 198212
65 1 198218
32 0 198305
32 1 198383
77 0 198489
65 0 198498
77 1 198536
65 1 198612
67 0 198668
65 0 198726
67 1 198753
65 1 198811
82 0 198855
82 1 198912
32 0 199027
32 1 199127
83 0 199128
65 0 199229
83 1 199286
65 1 199326
32 0 199327
32 1 199411
83 0 199475
83 1 199547
69 0 199646
69 1 199729
32 0 199783
32 1 199864
79 0 199987
79 1 200045
80 0 200134
82 0 200191
80 1 200218
69 0 200250
82 1 200271
69 1 200318
65 0 200391
83 0 200551
65 1 200573
67 0 200632
83 1 200669
67 1 200700
65 0 200719
65 1 200836
32 0 200858
32 1 200925
80 0 201093
76 0 201206
80 1 201217
76 1 201284
79 0 201388
79 1 201460
73 0 201553
73 1 201615
76 0 202413
76 1 202500
69 0 202540
69 1 202621
32 0 202775
32 1 202873
65 0 204817
83 0 204913
65 1 204960
84 0 204989
83 1 205054
84 1 205078
69 0 205149
65 0 205219
69 1 205246
32 0 205341
65 1 205378
32 1 205422
82 0 205483
69 0 205568
82 1 205595
69 1 205666
67 0 205739
67 1 205868
73 0 205872
73 1 205954
32 0 206069
32 1 206148
83 0 206190
83 1 206270
73 0 206272
73 1 206339
32 0 206418
32 1 206497
85 0 206577
82 0 206645
85 1 206657
82 1 206715
65 0 206787
84 0 206898
65 1 206910
84 1 206966
69 0 206980
69 1 207062
79 0 231222
79 1 231301
32 0 231404
32 1 231506
90 0 231508
73 0 231599
90 1 231621
73 1 231662
32 0 231737
32 1 231807
73 0 231883
68 0 231942
73 1 231968
69 0 232027
68 1 232054
69 1 232127
65 0 232206
65 1 232314
76 0 232319
76 1 232414
65 0 232416
65 1 232528
32 0 232555
32 1 232638
69 0 232674
69 1 232748
32 0 232807
32 1 232874
79 0 233269
79 1 233339
32 0 233487
32 1 233550
90 0 233573
90 1 233664
73 0 233674
73 1 233722
32 0 233795
32 1 233857
73 0 233930
73 1 234008
78 0 234010
78 1 234104
32 0 234191
32 1 234273
67 0 234372
65 0 234427
67 1 234464
65 1 234527
82 0 234528
82 1 234604
69 0 234628
69 1 234709
32 0 234718
32 1 234782
77 0 234900
65 0 234914
77 1 234977
65 1 235033
32 0 235056
32 1 235114
80 0 235224
79 0 235310
80 1 235332
79 1 235425
84 0 235455
84 1 235528
32 0 235606
32 1 235677
82 0 235722
69 0 235833
82 1 235854
69 1 235899
76 0 235933
76 1 236016
65 0 236060
65 1 236169
88 0 236290
65 0 236432
88 1 236443
65 1 236554
188 0 239531
188 1 239604
8 0 239951
8 1 240034
32 0 240217
32 1 240306
83 0 240371
73 0 240487
83 1 240491
73 1 240557
32 0 240663
68 0 240737
32 1 240751
69 0 240817
68 1 240853
69 1 240895
67 0 240978
73 0 241063
67 1 241085
73 1 241131
32 0 241219
32 1 241281
79 0 241355
79 1 241422
32 0 241513
90 0 241585
32 1 241600
90 1 241673
73 0 241674
73 1 241738
32 0 241798
32 1 241866
73 0 241939
73 1 242004
78 0 242027
78 1 242118
32 0 242182
32 1 242258
67 0 242357
65 0 242432
67 1 242444
82 0 242503
65 1 242521
82 1 242589
69 0 242590
32 0 242677
69 1 242688
32 1 242755
78 0 242868
78 1 242921
85 0 242980
85 1 243052
32 0 243146
32 1 243213
65 0 243216
65 1 243314
77 0 243333
77 1 243396
32 0 243482
32 1 243522
79 0 243597
79 1 243660
32 0 243743
32 1 243811
79 0 243907
82 0 243947
79 1 243960
65 0 244058
82 1 244070
65 1 244156
32 0 244174
32 1 244246
65 0 244407
78 0 244531
65 1 244543
78 1 244621
85 0 244690
85 1 244743
77 0 244841
77 1 244951
73 0 244985
73 1 245042
8 0 245538
8 1 245601
69 0 245650
69 1 245739
32 0 245802
32 1 245865
65 0 246093
65 1 246180
32 0 246204
32 1 246271
8 0 246577
8 1 246645
8 0 246705
8 1 246763
76 0 246942
76 1 246995
65 0 246998
65 1 247090
32 0 247318
32 1 247450
67 0 247668
65 0 247753
67 1 247769
65 1 247841
82 0 247843
82 1 247917
69 0 247932
69 1 248038
32 0 248039
32 1 248119
8 0 248557
8 1 248631
84 0 248908
84 1 248971
82 0 249044
69 0 249182
82 1 249204
69 1 249270
8 0 249507
8 1 249601
8 0 249671
8 1 249733
8 0 249807
8 1 249889
32 0 250109
32 1 250196
84 0 250311
82 0 250344
84 1 250383
69 0 250452
82 1 250469
66 0 250502
69 1 250539
66 1 250590
85 0 250658
85 1 250732
73 0 250815
69 0 250873
73 1 250895
69 1 250927
32 0 251022
32 1 251102
83 0 251104
65 0 251212
83 1 251259
32 0 251294
65 1 251305
32 1 251346
77 0 251465
65 0 251505
77 1 251517
65 1 251608
32 0 251621
32 1 251688
84 0 251832
82 0 251878
84 1 251889
69 0 251940
82 1 251958
69 1 251995
90 0 252148
90 1 252256
69 0 252351
69 1 252449
83 0 252579
83 1 252685
67 0 252779
67 1 252862
190 0 254378
190 1 254446
32 0 254585
32 1 254656
68 0 254903
68 1 254980
73 0 254989
73 1 255061
77 0 255122
77 1 255228
73 0 255278
73 1 255335
78 0 255392
78 1 255480
69 0 255481
69 1 255565
65 0 255610
84 0 255721
65 1 255733
84 1 255792
65 0 255822
32 0 255918
65 1 255935
32 1 256011
67 0 256596
65 0 256717
67 1 256759
65 1 256814
78 0 256828
78 1 256905
68 0 256911
68 1 257017
32 0 257018
32 1 257073
77 0 257159
65 0 257215
77 1 257227
65 1 257293
32 0 257316
32 1 257383
84 0 257478
82 0 257508
84 1 257561
82 1 257606
69 0 257607
69 1 257651
90 0 257784
90 1 257878
69 0 257992
69 1 258065
83 0 258170
83 1 258259
67 0 258343
67 1 258451
32 0 258576
32 1 258663
80 0 258826
82 0 258892
80 1 258909
82 1 258985
73 0 259008
73 1 259087
77 0 259160
77 1 259235
85 0 259328
85 1 259386
76 0 259512
76 1 259592
32 0 259674
32 1 259752
85 0 260462
85 1 260525
67 0 260559
82 0 260722
67 1 260726
82 1 260829
85 0 260881
85 1 260953
8 0 261188
8 1 261266
8 0 261357
8 1 261420
8 0 261520
8 1 261587
8 0 261660
8 1 261723
76 0 262023
76 1 262111
85 0 262230
67 0 262305
85 1 262317
82 0 262403
67 1 262431
85 0 262504
82 1 262542
85 1 262577
32 0 262704
32 1 262760
80 0 262868
80 1 262935
69 0 262936
69 1 263004
32 0 263040
32 1 263122
67 0 263215
65 0 263225
67 1 263298
65 1 263328
82 0 263330
82 1 263416
69 0 263420
32 0 263516
69 1 263527
32 1 263584
76 0 263694
76 1 263772
32 0 263846
32 1 263933
70 0 264037
65 0 264051
70 1 264119
65 1 264138
67 0 264140
67 1 264205
32 0 264299
69 0 264313
32 1 264356
69 1 264391
32 0 264484
83 0 264548
32 1 264565
83 1 264671
65 0 264672
32 0 264735
65 1 264800
32 1 264804
77 0 264918
77 1 264996
69 0 265018
69 1 265122
82 0 265216
82 1 265295
71 0 265296
71 1 265361
8 0 266664
8 1 267004
71 0 267861
71 1 267925
32 0 268025
32 1 268091
76 0 268191
65 0 268259
76 1 268271
65 1 268352
32 0 268371
32 1 268439
66 0 268532
66 1 268601
65 0 268603
65 1 268668
69 0 268809
69 1 268906
32 0 268966
32 1 269007
8 0 269276
8 1 269354
8 0 269458
8 1 269506
73 0 269873
73 1 269952
69 0 269971
69 1 270029
32 0 270087
32 1 270171
83 0 270243
73 0 270284
83 1 270321
73 1 270355
32 0 270470
32 1 270549
83 0 270567
65 0 270675
83 1 270721
32 0 270750
65 1 270783
32 1 270803
73 0 274069
73 1 274164
77 0 274241
77 1 274308
73 0 274338
73 1 274404
32 0 274495
32 1 274579
70 0 274676
65 0 274729
70 1 274756
67 0 274790
65 1 274826
67 1 274858
32 0 274976
32 1 275051
82 0 275089
82 1 275163
84 0 275272
84 1 275355
8 0 275720
8 1 275788
85 0 276224
85 1 276275
84 0 276321
84 1 276393
73 0 276452
73 1 276519
78 0 276592
78 1 276666
65 0 276667
65 1 276777
32 0 276809
32 1 276882
68 0 276883
69 0 276989
68 1 277031
69 1 277102
32 0 277130
32 1 277207
70 0 277364
82 0 277460
70 1 277496
85 0 277575
82 1 277585
85 1 277652
77 0 277791
77 1 277885
85 0 277970
85 1 278029
83 0 278169
83 1 278249
69 0 278345
69 1 278402
84 0 278481
69 0 278535
84 1 278557
69 1 278633
32 0 278686
32 1 278754
68 0 278859
68 1 278986
69 0 279356
69 1 279415
32 0 279540
32 1 279620
68 0 279780
73 0 279875
68 1 279879
73 1 279933
77 0 280002
77 1 280071
73 0 280131
73 1 280194
78 0 280256
69 0 280332
78 1 280343
69 1 280446
65 0 280448
84 0 280560
65 1 280576
84 1 280628
65 0 280650
65 1 280758
32 0 280808
32 1 280889
8 0 283336
8 1 283403
190 0 283820
190 1 283907
32 0 284655
32 1 284740
70 0 284801
70 1 284873
73 0 284903
73 1 284983
69 0 284985
69 1 285089
32 0 285091
32 1 285165
67 0 285261
65 0 285304
67 1 285334
65 1 285400
32 0 285462
32 1 285552
83 0 287563
83 1 287647
84 0 287682
84 1 287733
65 0 287753
85 0 287860
65 1 287875
85 1 287926
32 0 288029
65 0 288090
32 1 288110
65 1 288187
67 0 288226
65 0 288261
67 1 288293
83 0 288430
65 1 288435
83 1 288563
65 0 288564
65 1 288700
32 0 288754
32 1 288817
83 0 288838
83 1 288917
73 0 288945
73 1 289025
32 0 289186
32 1 289275
65 0 289417
77 0 289486
65 1 289513
77 1 289559
32 0 289652
32 1 289731
84 0 289816
73 0 289893
84 1 289913
73 1 289969
77 0 290032
77 1 290109
80 0 290169
80 1 290245
32 0 290360
32 1 290447
78 0 290596
78 1 290664
69 0 290674
69 1 290759
76 0 290847
76 1 290910
8 0 291189
8 1 291277
8 0 291366
8 1 291437
8 0 291553
8 1 291634
84 0 292080
84 1 292153
79 0 292154
79 1 292253
65 0 292296
65 1 292413
84 0 292424
65 0 292489
84 1 292501
65 1 292580
32 0 292614
32 1 292682
90 0 292715
73 0 292795
90 1 292817
85 0 292867
73 1 292898
65 0 292948
85 1 292961
65 1 293047
32 0 293129
83 0 293190
32 1 293202
65 0 293311
83 1 293353
32 0 293381
65 1 293393
32 1 293445
77 0 293552
65 0 293595
77 1 293617
65 1 293688
32 0 293727
32 1 293792
74 0 294277
74 1 294349
79 0 294404
79 1 294486
67 0 294487
67 1 294547
32 0 294637
32 1 294721
83 0 294849
65 0 295013
83 1 295027
85 0 295098
65 1 295120
85 1 295171
32 0 295310
32 1 295396
83 0 295451
83 1 295589
32 0 295636
32 1 295707
67 0 295766
73 0 295827
67 1 295868
73 1 295899
84 0 295993
84 1 296071
69 0 296073
69 1 296112
83 0 296223
83 1 296292
67 0 296326
67 1 296389
188 0 296818
188 1 296845
32 0 297133
32 1 297192
70 0 297243
70 1 297311
73 0 297343
73 1 297411
69 0 297439
69 1 297508
32 0 297530
32 1 297603
67 0 297818
67 1 297888
65 0 297936
65 1 298004
32 0 298051
32 1 298142
77 0 298276
69 0 298343
77 1 298364
69 1 298383
82 0 298479
82 1 298571
71 0 298581
71 1 298658
32 0 298789
32 1 298863
67 0 299153
67 1 299248
85 0 299257
85 1 299332
32 0 299426
32 1 299489
80 0 299607
82 0 299677
80 1 299694
82 1 299760
73 0 299795
73 1 299865
69 0 299898
69 1 299971
84 0 299999
69 0 300059
84 1 300071
69 1 300132
78 0 300228
78 1 300269
73 0 300354
73 1 300426
73 0 300489
73 1 300561
32 0 300721
32 1 300788
73 0 300888
73 1 300947
78 0 301013
84 0 301081
78 1 301090
82 0 301181
84 1 301208
82 1 301301
32 0 301349
32 1 301421
85 0 301541
85 1 301618
8 0 301997
8 1 302059
79 0 302254
79 1 302325
32 0 302431
32 1 302492
77 0 302591
77 1 302664
73 0 302724
73 1 302800
78 0 302854
78 1 302927
73 0 302982
73 1 303030
32 0 303123
65 0 303193
32 1 303204
65 1 303287
86 0 303320
86 1 303383
69 0 303385
69 1 303465
78 0 303513
78 1 303591
84 0 303689
84 1 303751
85 0 303789
85 1 303853
82 0 303881
82 1 303943
65 0 304041
65 1 304152
188 0 305061
188 1 305134
32 0 305233
32 1 305309
65 0 305355
77 0 305405
65 1 305434
77 1 305469
66 0 305581
66 1 305620
69 0 305644
69 1 305707
76 0 305725
76 1 305792
69 0 305825
69 1 305862
32 0 305896
32 1 305974
83 0 306110
83 1 306204
67 0 306247
67 1 306309
78 0 306475
78 1 306528
8 0 306942
8 1 307008
69 0 307265
69 1 307325
78 0 307378
78 1 307452
65 0 307524
65 1 307632
82 0 307971
82 1 308058
73 0 308118
73 1 308191
73 0 308257
73 1 308310
32 0 308443
32 1 308531
83 0 308954
83 1 309062
85 0 309078
85 1 309153
78 0 309233
78 1 309297
84 0 309340
84 1 309412
32 0 309413
32 1 309477
90 0 309639
90 1 309756
73 0 309758
73 1 309808
76 0 309937
76 1 309994
69 0 310003
69 1 310100
32 0 310124
32 1 310201
73 0 310311
68 0 310320
73 1 310364
69 0 310423
68 1 310466
69 1 310537
65 0 310554
76 0 310662
65 1 310683
76 1 310741
69 0 310785
69 1 310910
32 0 310974
32 1 311056
69 0 311211
69 1 311314
78 0 311341
78 1 311397
8 0 311779
8 1 311866
8 0 311939
8 1 311982
80 0 313131
69 0 313191
80 1 313224
69 1 313275
78 0 313339
84 0 313425
78 1 313439
82 0 313526
84 1 313553
85 0 313581
82 1 313648
85 1 313652
32 0 313771
32 1 313807
77 0 313913
77 1 313991
73 0 314055
73 1 314131
78 0 314179
78 1 314242
69 0 314266
69 1 314332
190 0 315214
190 1 315302
32 0 315407
32 1 315480
79 0 315570
65 0 315605
79 1 315642
65 1 315687
77 0 315700
77 1 315777
69 0 315779
69 1 315859
78 0 315862
78 1 315929
73 0 315982
73 1 316049
73 0 316118
73 1 316177
32 0 316275
67 0 316314
32 1 316352
67 1 316393
85 0 316416
85 1 316484
32 0 316570
32 1 316643
65 0 316717
67 0 316730
67 1 316816
65 1 316822
82 0 316863
69 0 316929
82 1 316940
69 1 317012
32 0 317050
32 1 317112
73 0 317363
73 1 317405
8 0 317784
8 1 317859
77 0 318139
77 1 318226
73 0 318275
73 1 318333
65 0 318592
65 1 318699
189 0 318720
189 1 318784
83 0 318893
83 1 319034
32 0 319187
32 1 319251
8 0 319733
8 1 319806
8 0 319890
8 1 319960
8 0 320030
8 1 320097
8 0 320180
8 1 320248
189 0 320730
189 1 320784
65 0 320837
83 0 320937
65 1 320959
83 1 321074
32 0 321075
32 1 321130
80 0 321219
69 0 321288
80 1 321299
69 1 321361
84 0 321479
84 1 321561
82 0 321563
69 0 321656
82 1 321672
67 0 321730
69 1 321744
67 1 321802
69 0 321824
69 1 321913
32 0 321927
32 1 322003
90 0 322230
90 1 322342
73 0 322344
85 0 322406
73 1 322433
85 1 322488
65 0 322490
65 1 322631
32 0 322632
69 0 322724
32 1 322736
69 1 322814
8 0 323157
8 1 323209
73 0 323423
73 1 323485
68 0 323487
69 0 323559
68 1 323611
69 1 323667
65 0 323705
65 1 323846
65 0 323936
65 1 324059
8 0 324440
8 1 324519
76 0 325282
65 0 325332
76 1 325359
65 1 325444
32 0 325477
32 1 325574
69 0 325577
69 1 325646
83 0 325754
84 0 325799
83 1 325831
84 1 325877
69 0 325954
69 1 326026
32 0 326076
32 1 326136
8 0 328284
8 1 328367
8 0 328465
8 1 328523
8 0 328621
8 1 328684
8 0 328760
8 1 328829
8 0 329552
8 1 329619
83 0 329734
83 1 329817
85 0 329844
85 1 329923
78 0 329978
84 0 330046
78 1 330058
84 1 330127
32 0 330170
32 1 330232
80 0 330340
82 0 330360
80 1 330419
82 1 330452
73 0 330510
73 1 330572
69 0 330586
69 1 330674
84 0 330717
69 0 330782
84 1 330794
69 1 330850
78 0 330919
78 1 331006
73 0 331138
73 1 331206
73 0 331264
73 1 331337
190 0 333430
190 1 333505
32 0 333674
32 1 333752
83 0 333835
83 1 333867
73 0 333868
73 1 333939
32 0 334036
32 1 334105
66 0 334190
66 1 334252
73 0 334301
73 1 334384
78 0 334403
69 0 334462
78 1 334494
69 1 334580
73 0 334583
73 1 334633
78 0 334675
78 1 334783
84 0 334902
84 1 334965
69 0 334984
69 1 335107
76 0 335136
69 0 335221
76 1 335233
69 1 335285
83 0 335380
83 1 335468
188 0 335911
188 1 335988
32 0 336073
32 1 336149
79 0 339456
79 1 339530
32 0 339654
32 1 339731
90 0 339786
90 1 339860
73 0 339861
73 1 339919
32 0 340027
32 1 340106
83 0 340190
85 0 340270
83 1 340283
85 1 340334
80 0 340472
80 1 340562
69 0 340660
69 1 340749
82 0 341162
82 1 341248
32 0 341833
32 1 341909
69 0 341989
69 1 342053
32 0 342089
32 1 342157
79 0 342261
79 1 342373
32 0 342520
32 1 342597
90 0 342702
90 1 342789
73 0 342791
73 1 342849
32 0 342953
32 1 343010
73 0 343083
73 1 343166
78 0 343199
78 1 343272
32 0 343360
32 1 343447
67 0 343561
65 0 343635
67 1 343646
82 0 343701
65 1 343713
82 1 343789
69 0 343793
32 0 343892
69 1 343903
32 1 343984
77 0 344107
65 0 344176
77 1 344199
65 1 344269
32 0 344305
32 1 344378
66 0 344489
66 1 344551
67 0 344600
85 0 344640
67 1 344709
85 1 344716
85 0 344775
82 0 344809
85 1 344841
82 1 344887
32 0 345013
32 1 345080
68 0 345100
69 0 345181
68 1 345226
32 0 345290
69 1 345305
32 1 345348
77 0 345460
65 0 345527
77 1 345539
78 0 345593
65 1 345619
78 1 345675
67 0 345832
65 0 345892
67 1 345902
65 1 346005
82 0 346050
82 1 346124
69 0 346126
65 0 346234
69 1 346247
65 1 346371
32 0 346373
32 1 346448
80 0 346596
82 0 346641
80 1 346654
82 1 346756
69 0 346758
69 1 346839
70 0 346853
69 0 346962
70 1 346988
69 1 347095
82 0 347230
82 1 347292
65 0 347294
65 1 347397
82 0 347399
82 1 347462
65 0 347464
65 1 347553
8 0 348937
8 1 349000
8 0 349242
8 1 349308
84 0 349864
84 1 349935
65 0 349948
65 1 350068
83 0 354960
83 1 355027
73 0 355041
73 1 355131
83 0 355133
83 1 355233
84 0 355256
84 1 355318
69 0 355332
69 1 355424
77 0 355469
77 1 355576
85 0 355669
85 1 355722
76 0 356250
76 1 356309
32 0 356500
32 1 356574
69 0 356611
69 1 356674
68 0 356782
68 1 356860
73 0 356883
73 1 356961
8 0 357300
8 1 357371
85 0 357688
67 0 357738
85 1 357759
65 0 357834
67 1 357856
84 0 357945
65 1 357956
84 1 357997
73 0 358177
73 1 358245
79 0 358321
79 1 358389
78 0 358472
78 1 358551
65 0 358552
65 1 358633
76 0 358634
76 1 358708
32 0 358801
32 1 358863
68 0 359038
68 1 359131
73 0 359199
73 1 359264
78 0 359313
78 1 359380
32 0 359469
32 1 359545
82 0 359591
82 1 359661
79 0 359668
79 1 359745
77 0 359792
77 1 359877
65 0 359878
65 1 359967
78 0 359968
78 1 360048
73 0 360085
73 1 360159
65 0 360187
32 0 360273
65 1 360285
32 1 360337
77 0 360429
65 0 360476
77 1 360504
65 1 360564
73 0 360565
73 1 360635
32 0 360715
65 0 360755
32 1 360797
65 1 360862
82 0 360936
82 1 361002
69 0 361004
69 1 361093
32 0 361115
32 1 361186
77 0 361285
77 1 361371
85 0 361450
85 1 361511
76 0 361651
76 1 361722
84 0 361724
69 0 361808
84 1 361820
69 1 361917
32 0 361929
32 1 362001
68 0 362076
69 0 362218
68 1 362229
32 0 362328
69 1 362339
32 1 362393
73 0 362463
73 1 362540
78 0 362588
78 1 362668
86 0 362781
65 0 362844
86 1 362873
65 1 362934
84 0 362952
84 1 363020
65 0 363034
84 0 363103
65 1 363114
84 1 363166
32 0 363418
32 1 363486
67 0 363505
67 1 363597
72 0 363655
72 1 363730
73 0 363807
65 0 363862
73 1 363879
65 1 363965
82 0 364020
82 1 364123
32 0 364175
32 1 364258
69 0 364299
69 1 364399
8 0 364707
8 1 364780
68 0 364805
69 0 364892
68 1 364918
32 0 364962
69 1 364983
32 1 365024
76 0 365103
65 0 365153
76 1 365175
65 1 365236
32 0 365268
32 1 365331
69 0 365365
69 1 365448
76 0 365460
69 0 365532
76 1 365550
69 1 365621
86 0 365706
86 1 365772
73 0 365892
73 1 365972
73 0 366019
73 1 366090
32 0 366199
32 1 366271
83 0 366300
83 1 366373
73 0 366375
73 1 366423
32 0 366513
32 1 366599
83 0 366657
83 1 366741
84 0 366813
84 1 366885
85 0 366986
68 0 367036
85 1 367053
69 0 367132
68 1 367143
78 0 367171
69 1 367193
78 1 367254
84 0 367302
84 1 367385
73 0 367414
73 1 367482
73 0 367567
73 1 367627
32 0 367748
32 1 367817
69 0 367820
69 1 367903
73 0 367954
73 1 368010
190 0 369779
190 1 369852
32 0 369967
32 1 370060
67 0 370063
67 1 370121
82 0 370215
82 1 370287
69 0 370290
69 1 370358
68 0 370458
32 0 370533
68 1 370554
32 1 370599
67 0 370690
67 1 370765
65 0 370787
32 0 370888
65 1 370899
32 1 370961
85 0 371060
85 1 371137
78 0 371238
78 1 371290
32 0 371401
32 1 371460
76 0 371580
76 1 371652
85 0 371768
67 0 371815
85 1 371841
82 0 371941
67 1 371951
85 0 372016
82 1 372061
85 1 372076
32 0 372181
69 0 372241
32 1 372258
69 1 372313
83 0 372464
83 1 372540
69 0 372641
69 1 372722
78 0 372817
78 1 372897
84 0 373001
84 1 373069
73 0 373103
73 1 373183
65 0 373236
65 1 373354
76 0 373393
76 1 373476
32 0 373820
32 1 373860
80 0 374071
80 1 374142
69 0 374192
69 1 374327
8 0 374632
8 1 374713
8 0 374791
8 1 374834
80 0 375224
69 0 375274
80 1 375286
69 1 375355
78 0 375411
78 1 375494
84 0 375499
82 0 375617
84 1 375634
85 0 375662
82 1 375699
85 1 375729
32 0 375838
32 1 375923
83 0 376004
83 1 376102
73 0 376126
73 1 376215
83 0 376222
83 1 376306
84 0 376430
84 1 376492
69 0 376515
69 1 376582
77 0 376857
77 1 376940
85 0 377056
85 1 377114
76 0 377239
76 1 377317
32 0 377428
32 1 377505
68 0 377522
68 1 377635
69 0 377636
32 0 377678
69 1 377710
32 1 377729
73 0 377836
73 1 377918
78 0 378026
78 1 378106
8 0 378701
8 1 378778
8 0 378881
8 1 378924
8 0 379018
8 1 379078
8 0 379335
8 1 379419
8 0 379472
8 1 379538
69 0 379671
69 1 379740
68 0 379864
68 1 379937
85 0 379951
85 1 380014
67 0 380119
65 0 380169
67 1 380197
65 1 380268
84 0 380311
84 1 380373
73 0 380567
73 1 380637
79 0 380716
79 1 380790
78 0 380873
78 1 380945
65 0 380963
76 0 381039
65 1 381061
76 1 381112
32 0 381185
32 1 381267
68 0 381290
73 0 381369
68 1 381382
73 1 381449
78 0 381488
78 1 381546
32 0 381650
32 1 381711
82 0 381760
79 0 381811
82 1 381832
79 1 381893
77 0 381947
77 1 382040
65 0 382073
78 0 382138
65 1 382160
78 1 382217
73 0 382257
73 1 382345
65 0 382400
65 1 382479
32 0 383674
32 1 383762
69 0 384695
69 1 384758
83 0 384867
83 1 384968
84 0 384973
84 1 385054
69 0 385069
69 1 385161
32 0 385254
32 1 385357
67 0 385537
79 0 385624
67 1 385651
79 1 385693
77 0 385757
77 1 385831
85 0 385919
85 1 385984
78 0 386047
78 1 386124
73 0 386174
73 1 386231
67 0 386362
65 0 386418
67 1 386434
82 0 386499
65 1 386540
82 1 386566
69 0 386610
69 1 386731
65 0 386731
65 1 386860
32 0 386903
32 1 387000
67 0 387039
85 0 387130
67 1 387141
85 1 387218
32 0 387287
32 1 387364
69 0 387438
69 1 387522
76 0 387523
76 1 387613
69 0 387627
69 1 387701
86 0 387936
86 1 387999
73 0 388173
73 1 388342
73 0 389235
73 1 389305
188 0 389816
188 1 389870
32 0 389920
32 1 389999
76 0 390089
76 1 390162
85 0 390286
67 0 390320
85 1 390358
82 0 390462
67 1 390474
85 0 390492
82 1 390547
85 1 390568
32 0 390653
32 1 390716
80 0 390816
80 1 390867
69 0 390868
69 1 390964
32 0 390976
32 1 391060
67 0 391169
65 0 391234
67 1 391246
82 0 391305
65 1 391317
82 1 391392
69 0 391411
69 1 391508
32 0 391510
32 1 391591
78 0 391697
78 1 391779
85 0 391941
85 1 392013
32 0 392132
32 1 392199
73 0 392297
73 1 392365
76 0 392494
76 1 392562
32 0 392718
32 1 392810
80 0 393273
80 1 393341
82 0 393414
69 0 393491
82 1 393502
69 1 393609
65 0 393620
32 0 393715
65 1 393736
32 1 393782
65 0 393875
65 1 393990
82 0 394156
69 0 394280
82 1 394306
69 1 394373
190 0 394917
190 1 394982
32 0 395097
32 1 395162
70 0 395228
70 1 395300
69 0 395485
69 1 395570
69 0 395632
69 1 395704
68 0 395816
68 1 395879
66 0 396326
66 1 396378
65 0 396380
65 1 396469
67 0 396599
75 0 396654
67 1 396671
75 1 396727
85 0 396838
85 1 396895
76 0 397020
76 1 397097
32 0 397208
32 1 397274
80 0 397373
69 0 397423
80 1 397445
69 1 397506
78 0 397559
78 1 397647
84 0 397695
84 1 397840
85 0 397841
85 1 397922
32 0 398101
32 1 398182
8 0 398737
8 1 398795
8 0 398881
8 1 398939
82 0 399333
82 1 399409
85 0 399429
85 1 399502
32 0 399598
32 1 399656
80 0 399754
82 0 399810
80 1 399831
82 1 399868
79 0 399918
79 1 399986
70 0 400014
70 1 400136
69 0 400137
69 1 400176
83 0 400293
83 1 400373
79 0 400392
79 1 400470
82 0 400517
82 1 400610
73 0 400644
73 1 400712
32 0 400831
32 1 400905
83 0 400928
83 1 401023
73 0 401025
73 1 401100
32 0 402648
32 1 402711
67 0 402868
69 0 402981
67 1 403003
76 0 403082
69 1 403094
76 1 403149
69 0 403174
69 1 403274
76 0 403326
76 1 403401
65 0 403522
65 1 403605
76 0 403643
76 1 403716
84 0 403899
84 1 403962
69 0 403986
69 1 404070
32 0 404155
32 1 404248
67 0 404417
67 1 404481
65 0 404494
65 1 404596
82 0 404833
82 1 404879
8 0 405244
8 1 405311
8 0 407061
8 1 407113
8 0 407218
8 1 407267
80 0 409295
69 0 409356
80 1 409368
69 1 409440
82 0 409527
82 1 409596
83 0 409691
79 0 409771
83 1 409783
79 1 409844
65 0 409876
78 0 409957
65 1 410004
78 1 410025
69 0 410073
69 1 410172
32 0 410193
32 1 410272
68 0 410410
73 0 410478
68 1 410490
73 1 410561
78 0 410620
78 1 410693
32 0 410769
32 1 410826
8 0 411247
8 1 411309
84 0 411411
82 0 411496
84 1 411528
32 0 411571
82 1 411598
32 1 411634
79 0 412133
79 1 412204
32 0 412305
32 1 412394
83 0 412441
83 1 412522
67 0 412589
67 1 412676
79 0 412678
79 1 412752
65 0 412793
76 0 412883
65 1 412893
76 1 412955
65 0 412974
65 1 413081
32 0 413093
32 1 413180
69 0 413182
69 1 413272
83 0 413362
84 0 413441
83 1 413471
84 1 413518
69 0 413533
69 1 413647
32 0 413661
32 1 413741
65 0 414340
65 1 414451
80 0 414482
80 1 414555
82 0 414588
79 0 414685
82 1 414689
79 1 414741
65 0 414831
80 0 414888
65 1 414925
80 1 414956
69 0 415019
69 1 415110
32 0 415271
32 1 415364
73 0 415623
73 1 415704
78 0 415793
78 1 415881
69 0 415972
69 1 416043
88 0 416202
88 1 416311
83 0 416447
83 1 416574
84 0 416595
84 1 416657
8 0 417046
8 1 417126
8 0 417220
8 1 417296
73 0 418385
73 1 418459
83 0 418524
83 1 418625
84 0 418680
69 0 418731
84 1 418742
69 1 418819
78 0 418855
78 1 418970
84 0 419085
84 1 419143
32 0 419261
32 1 419327
73 0 419407
73 1 419525
78 0 419538
78 1 419606
32 0 419696
32 1 419747
77 0 419842
77 1 419931
85 0 420011
85 1 420080
76 0 420190
84 0 420244
76 1 420277
69 0 420330
84 1 420357
69 1 420428
32 0 420472
32 1 420569
83 0 420611
83 1 420720
67 0 420806
67 1 420909
79 0 420910
79 1 420964
76 0 421054
76 1 421138
73 0 421221
73 1 421289
188 0 421512
188 1 421570
8 0 421868
8 1 421941
190 0 422130
190 1 422200
32 0 422322
32 1 422394
80 0 422508
80 1 422560
69 0 422561
69 1 422621
32 0 422665
32 1 422738
68 0 422833
69 0 422939
68 1 422991
69 1 423024
32 0 423034
32 1 423070
65 0 423141
76 0 423229
65 1 423255
76 1 423311
84 0 423455
84 1 423533
65 0 423572
32 0 423647
65 1 423668
32 1 423721
80 0 423831
65 0 423893
80 1 423919
65 1 424007
82 0 424100
82 1 424184
84 0 424248
84 1 424311
69 0 424312
69 1 424408
32 0 424426
32 1 424519
77 0 424683
77 1 424797
85 0 424880
85 1 424965
76 0 425086
76 1 425187
84 0 425199
84 1 425296
69 0 425379
69 1 425522
8 0 429426
8 1 429504
73 0 429949
73 1 430006
32 0 430118
32 1 430155
80 0 430254
82 0 430304
80 1 430319
82 1 430372
79 0 430421
79 1 430502
69 0 431298
69 1 431361
8 0 431634
8 1 431710
70 0 431785
69 0 431894
70 1 431920
69 1 431967
83 0 432126
83 1 432248
79 0 432584
79 1 432652
82 0 432696
82 1 432776
73 0 432811
73 1 432872
32 0 433046
32 1 433118
83 0 433293
85 0 433378
83 1 433389
85 1 433447
78 0 433523
84 0 433590
78 1 433601
84 1 433654
32 0 433687
32 1 433740
80 0 433858
76 0 433943
80 1 433955
76 1 434041
73 0 434130
73 1 434207
67 0 434208
67 1 434332
84 0 434362
84 1 434427
73 0 434560
73 1 434639
83 0 434640
73 0 434740
83 1 434750
73 1 434809
84 0 434942
84 1 435034
73 0 435051
73 1 435120
188 0 435404
188 1 435457
32 0 435575
68 0 435610
32 1 435639
69 0 435744
68 1 435756
76 0 435757
69 1 435781
76 1 435827
79 0 435900
67 0 435960
79 1 435972
67 1 436048
32 0 436097
32 1 436180
68 0 436204
69 0 436293
68 1 436335
69 1 436430
68 0 436483
68 1 436579
73 0 436621
73 1 436700
67 0 436729
65 0 436826
67 1 436837
65 1 436942
84 0 436951
84 1 437029
73 0 437198
73 1 437277
32 0 437390
32 1 437439
80 0 437555
69 0 437590
80 1 437625
69 1 437668
78 0 437737
84 0 437808
78 1 437819
82 0 437934
84 1 437960
85 0 437988
82 1 438035
85 1 438056
8 0 438442
8 1 438517
8 0 438607
8 1 438673
8 0 438746
8 1 438816
8 0 438878
8 1 438959
8 0 439077
8 1 439139
8 0 439481
8 1 439535
69 0 439832
69 1 439904
76 0 440066
76 1 440168
69 0 440236
69 1 440319
86 0 440439
86 1 440501
73 0 440613
73 1 440685
76 0 440809
76 1 440897
79 0 440949
82 0 441017
79 1 441026
82 1 441078
32 0 441153
32 1 441229
83 0 441231
83 1 441326
73 0 441327
73 1 441392
32 0 441462
32 1 441532
77 0 441628
65 0 441664
77 1 441696
65 1 441767
84 0 441852
84 1 441919
69 0 441939
69 1 442002
82 0 442087
82 1 442167
73 0 442186
73 1 442268
69 0 442316
73 0 442377
69 1 442389
73 1 442418
32 0 442621
32 1 442688
80 0 442837
80 1 442912
69 0 442914
69 1 443020
32 0 443022
32 1 443107
67 0 443195
65 0 443256
67 1 443285
82 0 443316
65 1 443342
82 1 443409
69 0 443429
32 0 443513
69 1 443530
32 1 443585
84 0 443646
82 0 443716
84 1 443739
69 0 443798
82 1 443824
66 0 443825
69 1 443900
66 1 443905
85 0 443986
85 1 444066
73 0 444149
73 1 444226
69 0 444227
69 1 444293
32 0 444345
32 1 444417
83 0 444444
65 0 444531
32 0 444556
83 1 444583
32 1 444624
65 1 444654
79 0 444705
79 1 444770
32 0 444847
32 1 444914
80 0 445029
80 1 445109
82 0 445110
69 0 445228
82 1 445240
69 1 445326
68 0 445551
69 0 445646
68 1 445703
69 1 445748
65 0 445765
65 1 445959
32 0 446340
32 1 446403
8 0 453577
8 1 453630
32 0 460004
32 1 460082
76 0 460740
76 1 460811
85 0 460939
67 0 460999
85 1 461015
82 0 461104
67 1 461122
85 0 461160
82 1 461224
85 1 461228
32 0 461333
32 1 461412
67 0 461501
65 0 461548
67 1 461595
82 0 461632
65 1 461645
82 1 461736
69 0 461739
69 1 461819
32 0 461822
32 1 461913
68 0 462011
69 0 462081
68 1 462113
32 0 462168
69 1 462188
32 1 462230
77 0 462329
77 1 462402
85 0 462484
85 1 462531
76 0 462645
84 0 462699
76 1 462730
69 0 462775
84 1 462802
32 0 462853
69 1 462874
32 1 462902
79 0 462989
82 0 463019
79 1 463061
82 1 463117
73 0 463155
73 1 463213
32 0 463307
32 1 463384
84 0 463476
65 0 463520
84 1 463537
65 1 463604
73 0 463697
73 1 463772
69 0 463784
69 1 463864
32 0 463912
32 1 463995
67 0 464111
72 0 464201
67 1 464212
72 1 464279
69 0 464303
69 1 464405
70 0 464426
70 1 464482
75 0 464623
75 1 464736
8 0 465203
8 1 465271
8 0 465574
8 1 465648
8 0 465738
8 1 465778
8 0 465855
8 1 465938
8 0 466324
8 1 466385
83 0 466459
83 1 466547
73 0 466549
73 1 466621
32 0 466707
32 1 466772
67 0 466902
72 0 466941
67 1 466993
72 1 467021
69 0 467084
70 0 467159
69 1 467171
70 1 467217
85 0 467325
85 1 467403
76 0 467503
76 1 467574
32 0 467665
32 1 467728
69 0 467741
69 1 467809
76 0 467822
76 1 467904
69 0 467906
69 1 467987
86 0 468077
86 1 468143
76 0 468423
76 1 468491
8 0 468854
8 1 468926
8 0 469007
8 1 469058
86 0 469935
86 1 470027
73 0 470038
73 1 470106
76 0 470200
76 1 470283
79 0 470341
79 1 470418
82 0 470431
82 1 470510
190 0 471538
190 1 471641
80 0 501790
80 1 501889
73 0 502024
73 1 502093
67 0 502141
67 1 502229
84 0 502279
84 1 502349
85 0 502473
85 1 502543
82 0 502566
82 1 502640
65 0 502734
65 1 502851
32 0 502876
32 1 502952
73 0 503053
73 1 503125
77 0 503214
77 1 503281
73 0 503331
73 1 503410
32 0 503507
32 1 503590
68 0 503813
65 0 503910
68 1 503962
65 1 504048
32 0 504080
32 1 504167
73 0 504291
73 1 504358
77 0 504432
77 1 504501
80 0 504586
80 1 504667
82 0 504685
82 1 504797
69 0 504800
69 1 504857
83 0 505008
83 1 505081
73 0 505103
73 1 505179
65 0 505199
65 1 505301
32 0 505303
32 1 505387
67 0 505446
65 0 505557
67 1 505575
65 1 505660
32 0 505670
32 1 505736
80 0 505874
80 1 505957
82 0 505969
82 1 506048
73 0 506101
73 1 506168
86 0 506266
86 1 506384
69 0 506416
69 1 506519
83 0 506700
83 1 506868
67 0 506996
67 1 507080
32 0 507164
32 1 507237
80 0 507378
80 1 507486
82 0 507613
82 1 507714
73 0 507877
73 1 507950
78 0 508186
78 1 508252
84 0 508885
82 0 508974
84 1 509006
82 1 509087
32 0 509126
32 1 509178
85 0 509277
85 1 509344
78 0 509430
78 1 509495
32 0 509586
32 1 509663
71 0 509766
69 0 509805
71 1 509827
69 1 509894
65 0 509987
77 0 510073
65 1 510094
77 1 510165
32 0 510257
32 1 510344
73 0 510448
73 1 510532
78 0 510574
78 1 510640
83 0 510868
83 1 510956
80 0 510983
80 1 511031
82 0 511134
69 0 511240
82 1 511273
69 1 511354
32 0 511460
32 1 511542
79 0 511727
79 1 511791
32 0 511980
32 1 512048
73 0 516826
73 1 516910
78 0 516985
78 1 517072
67 0 517235
67 1 517307
65 0 517328
65 1 517454
80 0 517498
80 1 517560
69 0 517768
69 1 517861
82 0 517975
69 0 518071
82 1 518087
69 1 518189
32 0 518323
32 1 518405
70 0 518499
70 1 518561
79 0 518600
79 1 518680
65 0 518694
65 1 518807
82 0 518864
82 1 518927
84 0 519011
69 0 519057
84 1 519074
69 1 519129
32 0 519229
32 1 519301
77 0 519389
65 0 519425
77 1 519462
65 1 519498
82 0 519627
69 0 519687
82 1 519731
69 1 519803
188 0 519818
188 1 519911
32 0 519977
32 1 520078
67 0 520095
69 0 520184
67 1 520212
69 1 520264
86 0 520265
86 1 520333
65 0 520335
65 1 520439
32 0 520440
32 1 520525
65 0 520538
83 0 520589
65 1 520642
83 1 520709
69 0 520784
69 1 520877
77 0 520878
77 1 520962
65 0 520964
65 1 521065
78 0 521067
78 1 521151
65 0 521154
65 1 521263
84 0 521300
84 1 521357
79 0 521506
79 1 521583
82 0 521585
82 1 521655
32 0 521708
32 1 521802
67 0 521804
85 0 521907
67 1 521920
85 1 521970
32 0 522058
32 1 522121
85 0 522207
85 1 522280
78 0 522358
78 1 522436
32 0 522529
32 1 522607
84 0 522751
84 1 522809
69 0 522826
69 1 522917
77 0 523321
77 1 523387
80 0 523485
80 1 523602
76 0 523665
76 1 523746
85 0 523900
85 1 523967
32 0 524087
32 1 524169
73 0 524260
73 1 524337
78 0 524700
78 1 524770
32 0 524903
32 1 524970
67 0 525152
65 0 525197
67 1 525231
82 0 525302
65 1 525316
82 1 525370
69 0 525424
32 0 525513
69 1 525524
32 1 525606
83 0 525876
83 1 525985
85 0 525986
85 1 526060
78 0 526145
78 1 526217
84 0 526242
84 1 526337
32 0 526343
32 1 526420
70 0 526805
70 1 526892
79 0 526894
79 1 526978
65 0 526984
65 1 527118
82 0 527155
82 1 527238
84 0 527313
69 0 527376
84 1 527392
69 1 527466
32 0 527532
32 1 527603
77 0 527691
77 1 527753
85 0 527817
85 1 527896
76 0 528014
76 1 528114
84 0 528140
84 1 528210
73 0 528222
73 1 528285
32 0 528395
32 1 528453
79 0 528519
65 0 528561
79 1 528599
77 0 528652
65 1 528679
77 1 528728
69 0 528730
78 0 528817
69 1 528834
78 1 528876
73 0 528917
73 1 528954
190 0 532779
190 1 532871
32 0 534048
32 1 534135
79 0 534574
79 1 534638
66 0 534744
66 1 534830
83 0 534869
83 1 534956
69 0 535039
69 1 535123
82 0 535188
82 1 535285
86 0 535308
86 1 535388
32 0 537909
32 1 538041
220 0 541188
220 1 541271
8 0 541632
8 0 542158
8 0 542189
8 0 542218
8 0 542249
8 0 542278
8 0 542309
8 1 542335
8 0 542481
8 1 542517
80 0 543076
80 1 543149
65 0 543151
65 1 543208
82 0 543312
69 0 543407
82 1 543444
32 0 543498
69 1 543535
32 1 543571
79 0 543650
79 1 543729
32 0 543820
32 1 543900
80 0 545147
80 1 545233
73 0 545328
73 1 545411
67 0 545412
67 1 545497
84 0 545576
84 1 545638
85 0 545748
82 0 545788
85 1 545816
82 1 545888
65 0 545920
65 1 546060
32 0 546061
32 1 546134
73 0 546206
73 1 546283
78 0 546332
83 0 546383
78 1 546398
83 1 546471
73 0 546661
73 1 546727
8 0 547005
8 1 547077
80 0 547696
80 1 547773
73 0 547940
73 1 547998
82 0 548269
82 1 548335
65 0 548338
65 1 548431
84 0 548432
84 1 548511
65 0 548512
65 1 548597
32 0 548645
32 1 548724
68 0 548759
73 0 548827
68 1 548853
73 1 548912
78 0 548982
78 1 549044
84 0 549063
82 0 549154
84 1 549187
32 0 549226
32 1 549279
82 1 549284
85 0 549365
85 1 549438
78 0 549510
78 1 549578
32 0 549671
32 1 549750
84 0 550007
84 1 550074
65 0 550089
65 1 550195
8 0 550819
8 1 550892
8 0 550993
8 1 551066
69 0 552023
69 1 552102
80 0 552156
80 1 552228
73 0 552349
83 0 552404
73 1 552417
83 1 552493
79 0 552527
79 1 552608
68 0 552651
68 1 552758
32 0 552904
32 1 552986
68 0 553195
73 0 553237
68 1 553280
73 1 553320
78 0 553372
78 1 553441
32 0 553533
32 1 553600
66 0 553816
66 1 553887
73 0 553961
73 1 554024
66 0 554108
66 1 554158
76 0 554282
76 1 554359
73 0 554471
73 1 554528
69 0 554540
69 1 554616
190 0 562944
190 1 563006
32 0 563185
32 1 563268
86 0 563737
65 0 563768
86 1 563811
65 1 563899
68 0 563932
68 1 564033
32 0 564052
32 1 564150
83 0 564151
83 1 564276
73 0 564277
73 1 564347
32 0 564456
32 1 564526
85 0 564627
85 1 564705
78 0 564777
78 1 564855
32 0 564970
32 1 565030
8 0 565342
8 1 565497
8 0 565588
8 0 566118
8 0 566148
8 0 566178
8 0 566208
8 0 566238
8 1 566256
8 0 566371
8 1 566455
8 0 566543
8 1 566613
8 0 566692
8 1 566754
79 0 567121
65 0 567192
79 1 567208
65 1 567284
77 0 567286
77 1 567364
69 0 567383
78 0 567464
69 1 567476
78 1 567536
73 0 567600
73 1 567686
73 0 567740
73 1 567823
8 0 569569
8 1 569647
8 0 569747
8 1 569805
8 0 569886
8 1 569961
8 0 570041
8 1 570116
8 0 570199
8 1 570262
8 0 570339
8 1 570402
8 0 570472
8 1 570553
78 0 571007
78 1 571087
85 0 571168
85 1 571224
32 0 571320
32 1 571395
73 0 571471
73 1 571551
77 0 571628
77 1 571708
73 0 571762
73 1 571812
32 0 571901
69 0 571965
32 1 571988
69 1 572029
83 0 572150
84 0 572211
83 1 572223
84 1 572275
69 0 572289
69 1 572389
32 0 572390
32 1 572451
73 0 572538
73 1 572616
78 0 572679
78 1 572748
83 0 572760
65 0 572883
83 1 572925
32 0 572948
65 1 572975
32 1 573006
70 0 573118
79 0 573198
70 1 573226
79 1 573276
65 0 573322
65 1 573439
82 0 573466
82 1 573534
84 0 573612
69 0 573662
84 1 573678
69 1 573735
32 0 573799
32 1 573871
67 0 573901
67 1 573986
76 0 574015
76 1 574095
65 0 574096
65 1 574197
82 0 574242
82 1 574351
32 0 574457
32 1 574542
67 0 574671
69 0 574823
67 1 574834
69 1 574952
32 0 575023
32 1 575100
65 0 575225
70 0 575245
70 1 575321
65 1 575339
67 0 575368
67 1 575446
69 0 575485
69 1 575578
32 0 575600
32 1 575678
70 0 575933
70 1 576013
73 0 576073
73 1 576153
69 0 576156
69 1 576250
8 0 576520
8 0 577037
8 0 577073
8 0 577097
8 0 577128
8 0 577158
8 0 577188
8 1 577193
8 0 577296
8 1 577369
70 0 577897
65 0 577912
70 1 577924
65 1 577990
67 0 578008
67 1 578083
69 0 578162
69 1 578249
32 0 578251
32 1 578320
70 0 578407
73 0 578477
70 1 578499
73 1 578542
69 0 578575
69 1 578666
67 0 578669
67 1 578757
65 0 578761
82 0 578830
65 1 578868
82 1 578903
69 0 578947
32 0 579017
69 1 579028
32 1 579079
79 0 579211
79 1 579299
77 0 579335
77 1 579389
32 0 579492
32 1 579559
83 0 579564
65 0 579683
83 1 579704
85 0 579717
65 1 579749
85 1 579770
32 0 579854
32 1 579921
67 0 579936
69 0 580061
67 1 580073
76 0 580111
69 1 580174
76 1 580179
32 0 580261
32 1 580322
80 0 580420
80 1 580500
85 0 580614
85 1 580670
84 0 580675
84 1 580747
73 0 580800
73 1 580857
78 0 580906
78 1 580977
32 0 581083
70 0 581138
32 1 581150
70 1 581228
73 0 581268
73 1 581325
69 0 581354
69 1 581431
67 0 581444
67 1 581523
65 0 581541
82 0 581598
65 1 581630
82 1 581673
69 0 581721
32 0 581779
69 1 581796
32 1 581847
70 0 582005
70 1 582073
71 0 582169
71 1 582247
8 0 582554
8 1 582625
8 0 582708
8 1 582770
71 0 582904
82 0 582985
71 1 583001
82 1 583083
85 0 583529
85 1 583595
80 0 583724
80 1 583798
32 0 583897
68 0 583946
32 1 583969
69 0 584043
68 1 584064
32 0 584087
69 1 584119
32 1 584161
79 0 584224
65 0 584254
79 1 584302
77 0 584347
65 1 584359
77 1 584426
69 0 584431
78 0 584514
69 1 584528
78 1 584576
73 0 584610
73 1 584705
188 0 585249
188 1 585307
8 0 585640
8 1 585724
190 0 585840
190 1 585917
32 0 586015
32 1 586092
79 0 586172
79 1 586250
66 0 586335
66 1 586405
83 0 586413
83 1 586475
69 0 586545
69 1 586636
82 0 586720
82 1 586800
86 0 586802
86 1 586866
32 0 586978
32 1 587036
85 0 587129
85 1 587218
78 0 587287
78 1 587350
32 0 587425
32 1 587512
67 0 588557
67 1 588625
69 0 588628
69 1 588687
82 0 588785
82 1 588849
83 0 588975
83 1 589041
69 0 589115
69 1 589198
84 0 589291
84 1 589354
79 0 589488
79 1 589573
82 0 589574
82 1 589634
32 0 589683
32 1 589756
80 0 589839
69 0 589895
80 1 589930
69 1 589955
32 0 590010
32 1 590105
83 0 590133
83 1 590226
67 0 590245
67 1 590328
65 0 590347
82 0 590392
65 1 590445
82 1 590476
85 0 590611
85 1 590689
8 0 591274
8 1 591345
73 0 591600
73 1 591665
188 0 593155
188 1 593241
32 0 593393
32 1 593471
65 0 603643
65 1 603776
8 0 604101
8 1 604192
79 0 604645
79 1 604736
65 0 604737
77 0 604819
65 1 604831
77 1 604903
69 0 604926
78 0 605006
69 1 605018
78 1 605080
73 0 605185
73 1 605249
73 0 605304
73 1 605365
32 0 605511
32 1 605584
67 0 605724
67 1 605812
85 0 605814
85 1 605880
76 0 605989
76 1 606081
84 0 606110
84 1 606178
73 0 606187
73 1 606260
32 0 606342
32 1 606427
65 0 606432
73 0 606517
65 1 606529
73 1 606584
32 0 606640
32 1 606711
86 0 606812
82 0 606856
86 1 606878
69 0 606926
82 1 606942
69 1 607023
77 0 607041
77 1 607125
73 0 607206
73 1 607268
73 0 607332
73 1 607405
32 0 607498
32 1 607597
67 0 607692
65 0 607742
67 1 607770
82 0 607802
65 1 607824
82 1 607890
69 0 607904
32 0 607963
69 1 608025
32 1 608057
83 0 608200
83 1 608262
67 0 608264
67 1 608332
82 0 608461
82 1 608548
73 0 608571
85 0 608679
73 1 608710
85 1 608777
188 0 613394
32 0 613465
188 1 613481
32 1 613555
65 0 613689
77 0 613784
65 1 613812
77 1 613872
8 0 614229
8 1 614302
8 0 614370
8 1 614428
79 0 614704
65 0 614760
79 1 614783
77 0 614847
65 1 614859
77 1 614924
69 0 614963
78 0 615012
69 1 615053
78 1 615079
73 0 615142
73 1 615210
73 0 615267
73 1 615330
32 0 615525
32 1 615610
68 0 615781
69 0 615876
68 1 615933
32 0 615974
69 1 615985
32 1 616045
82 0 616187
65 0 616220
82 1 616262
65 1 616353
78 0 616407
78 1 616500
68 0 616514
68 1 616602
188 0 616814
188 1 616882
32 0 616977
32 1 617036
79 0 617109
65 0 617144
79 1 617196
77 0 617234
65 1 617247
77 1 617308
69 0 617309
78 0 617381
69 1 617413
78 1 617443
73 0 617514
73 1 617590
73 0 617634
73 1 617723
32 0 617877
32 1 617949
66 0 618257
66 1 618319
79 0 618392
79 1 618480
71 0 618585
71 1 618643
65 0 618672
65 1 618808
84 0 619274
84 1 619348
73 0 619372
73 1 619433
32 0 619562
32 1 619625
67 0 619760
65 0 619770
67 1 619839
65 1 619869
82 0 619871
69 0 619948
82 1 619955
69 1 620026
32 0 620057
32 1 620140
83 0 620210
83 1 620292
69 0 620365
69 1 620439
32 0 620471
32 1 620550
68 0 620572
68 1 620645
73 0 620646
73 1 620730
83 0 620731
83 1 620834
84 0 620883
84 1 620941
73 0 621054
73 1 621124
78 0 621183
78 1 621256
71 0 621275
71 1 621343
32 0 621398
32 1 621462
73 0 621531
73 1 621614
78 0 621653
78 1 621713
32 0 621794
32 1 621853
80 0 621974
82 0 622019
80 1 622030
82 1 622096
73 0 622133
73 1 622215
77 0 622267
77 1 622346
85 0 622440
85 1 622502
76 0 622610
76 1 622688
32 0 622767
82 0 622837
32 1 622849
82 1 622932
65 0 622939
78 0 623023
65 1 623081
78 1 623085
68 0 623114
68 1 623239
8 0 623822
8 1 623915
80 0 624177
80 1 624260
82 0 624282
82 1 624357
78 0 624526
78 1 624584
8 0 624924
8 1 624988
8 0 625060
8 1 625135
32 0 625371
32 1 625433
80 0 626360
80 1 626416
82 0 626433
82 1 626516
73 0 626556
73 1 626640
78 0 626694
78 1 626762
68 0 626819
68 1 626914
32 0 626928
32 1 627014
8 0 627449
8 1 627516
8 0 627577
8 1 627648
32 0 627906
32 1 627984
73 0 628077
73 1 628158
77 0 628218
77 1 628285
66 0 628555
66 1 628628
65 0 628687
82 0 628777
65 1 628789
82 1 628845
65 0 628893
65 1 628986
8 0 629315
8 1 629391
8 0 629490
8 1 629536
8 0 629598
8 1 629685
82 0 630133
82 1 630211
65 0 630212
65 1 630287
67 0 630300
67 1 630368
65 0 630401
65 1 630496
77 0 630580
77 1 630673
73 0 630747
73 1 630818
78 0 630871
78 1 630935
84 0 631058
69 0 631098
84 1 631115
65 0 631209
69 1 631228
65 1 631324
32 0 631355
32 1 631428
76 0 631607
76 1 631689
79 0 631779
79 1 631851
82 0 631881
82 1 631954
32 0 633064
32 1 633146
67 0 633294
65 0 633348
67 1 633391
82 0 633445
65 1 633457
82 1 633533
69 0 633571
69 1 633634
32 0 633709
32 1 633807
8 0 634370
8 1 634444
8 0 634527
8 1 634600
8 0 634703
8 1 634752
8 0 635064
8 1 635134
8 0 635519
8 1 635605
8 0 635678
8 1 635770
190 0 636529
190 1 636602
32 0 636742
32 1 636788
80 0 636860
65 0 636903
80 1 636931
65 1 636956
82 0 637086
69 0 637179
82 1 637217
69 1 637313
32 0 637321
32 1 637389
77 0 637494
65 0 637509
77 1 637583
65 1 637618
73 0 637666
73 1 637734
32 0 637828
32 1 637901
83 0 637939
83 1 638033
67 0 638106
85 0 638181
67 1 638198
85 1 638259
77 0 638358
77 1 638435
80 0 638509
80 1 638579
65 0 638607
65 1 638700
32 0 638732
32 1 638799
83 0 638812
73 0 638906
83 1 638918
73 1 638969
32 0 639058
32 1 639105
77 0 639214
77 1 639307
65 0 639321
73 0 639396
65 1 639414
73 1 639459
32 0 639570
32 1 639638
66 0 639914
66 1 639987
73 0 640051
73 1 640135
69 0 640152
78 0 640171
78 1 640224
69 1 640228
32 0 640320
65 0 640342
32 1 640384
65 1 640456
76 0 640498
76 1 640586
69 0 640588
69 1 640652
65 0 640699
83 0 640834
65 1 640860
83 1 640975
65 0 640997
65 1 641140
32 0 641180
32 1 641255
68 0 641268
69 0 641370
68 1 641397
69 1 641452
67 0 641453
65 0 641527
67 1 641549
84 0 641608
65 1 641650
84 1 641687
32 0 641777
32 1 641852
65 0 641888
65 1 641977
32 0 642000
32 1 642072
65 0 642448
65 1 642542
76 0 642570
76 1 642657
84 0 642890
84 1 642972
79 0 643038
79 1 643101
82 0 643102
82 1 643196
65 0 643316
65 1 643413
190 0 647795
190 1 647875
32 0 647973
32 1 648046
65 0 649939
65 1 650035
76 0 650090
76 1 650168
84 0 650253
84 1 650335
32 0 650390
32 1 650467
68 0 650486
69 0 650591
68 1 650634
69 1 650694
84 0 650762
84 1 650819
65 0 650853
65 1 650936
73 0 651175
73 1 651300
85 0 651302
85 1 651377
32 0 651518
32 1 651589
67 0 651676
65 0 651719
67 1 651751
82 0 651774
65 1 651817
82 1 651867
69 0 651926
32 0 651981
69 1 652018
32 1 652049
65 0 652177
65 1 652313
84 0 652449
84 1 652501
82 0 652612
82 1 652688
65 0 652726
65 1 652819
71 0 652862
71 1 652942
69 0 652979
69 1 653052
32 0 653116
32 1 653156
65 0 653168
84 0 653259
65 1 653291
84 1 653337
69 0 653356
69 1 653459
78 0 653494
78 1 653582
84 0 653685
84 1 653759
73 0 653891
73 1 653984
65 0 653986
65 1 654055
32 0 654157
32 1 654243
83 0 654472
85 0 654565
83 1 654592
85 1 654642
78 0 654726
78 1 654793
84 0 654796
84 1 654885
32 0 654943
32 1 655005
83 0 655411
83 1 655508
84 0 655541
84 1 655604
65 0 655605
65 1 655699
84 0 655707
84 1 655765
85 0 655929
85 1 655997
73 0 656101
73 1 656179
76 0 656355
76 1 656423
69 0 656831
69 1 656911
32 0 657498
32 1 657590
68 0 659556
73 0 659635
68 1 659651
73 1 659731
78 0 659762
78 1 659831
32 0 659928
32 1 659991
83 0 660145
83 1 660253
80 0 660255
80 1 660338
65 0 660393
65 1 660519
82 0 660554
82 1 660634
69 0 660672
69 1 660755
8 0 661502
8 1 661575
8 0 661632
8 1 661700
84 0 662193
84 1 662260
69 0 662261
69 1 662320
