20 0 108441
20 1 108583
86 0 108951
86 1 109031
20 0 109192
20 1 109303
82 0 109383
82 1 109495
69 0 109607
69 1 109703
77 0 109815
77 1 109911
69 0 109959
65 0 110087
69 1 110103
65 1 110215
32 0 110279
32 1 110375
68 0 110423
68 1 110519
69 0 110615
69 1 110728
32 0 110728
32 1 110823
65 0 110823
65 1 110935
67 0 111015
85 0 111112
67 1 111127
85 1 111191
77 0 111367
77 1 111447
32 0 111495
32 1 111559
69 0 111607
69 1 111735
32 0 111767
32 1 111863
80 0 112519
80 1 112567
8 0 112983
8 1 113095
79 0 113255
79 1 113336
32 0 113351
32 1 113431
86 0 113671
86 1 113751
82 0 113879
82 1 113975
69 0 114119
69 1 114215
77 0 114215
77 1 114312
69 0 114312
69 1 114439
32 0 114503
32 1 114616
68 0 114616
68 1 114695
69 0 114759
32 0 114839
69 1 114887
32 1 114935
84 0 115047
84 1 115159
79 0 115207
79 1 115303
65 0 115383
65 1 115495
77 0 115639
77 1 115719
78 0 115879
78 1 115927
65 0 115975
65 1 116087
32 0 116087
32 1 116183
84 0 116423
84 1 116503
65 0 116535
65 1 116631
82 0 116663
82 1 116775
90 0 116871
90 1 117000
73 0 117000
73 1 117111
69 0 117799
69 1 117895
190 0 117943
190 1 117991
32 0 118151
32 1 118231
20 0 118423
20 1 118519
65 0 118695
20 0 118760
65 1 118823
20 1 118887
70 0 119015
70 1 119128
65 0 119128
65 1 119239
82 0 119303
82 1 119416
65 0 119416
32 0 119511
65 1 119527
32 1 119623
69 0 119735
69 1 119847
32 0 119847
32 1 119959
70 0 120247
70 1 120327
82 0 120407
82 1 120520
73 0 120520
73 1 120583
71 0 120999
71 1 121079
32 0 121095
32 1 121175
83 0 121255
73 0 121383
83 1 121415
73 1 121527
32 0 121543
32 1 121639
80 0 121911
80 1 122007
76 0 122135
76 1 122183
79 0 122327
79 1 122391
85 0 122551
85 1 122615
65 0 122679
65 1 122775
190 0 123047
190 1 123143
32 0 123207
32 1 123303
20 0 123320
20 1 123415
77 0 123447
77 1 123511
20 0 123576
20 1 123704
73 0 123704
73 1 123783
189 0 123975
189 1 124071
65 0 124103
65 1 124232
83 0 124232
83 1 124375
32 0 124455
32 1 124551
70 0 125063
70 1 125127
73 0 125175
73 1 125239
32 0 125271
32 1 125351
68 0 125415
68 1 125544
79 0 125544
79 1 125624
82 0 125687
82 1 125799
73 0 125911
73 1 125975
84 0 126023
84 1 126103
32 0 126167
32 1 126279
77 0 126407
77 1 126423
85 0 127159
85 1 127207
76 0 127400
84 0 127479
76 1 127495
84 1 127575
32 0 127591
32 1 127687
83 0 127703
65 0 127799
83 1 127863
32 0 127879
65 1 127943
32 1 127991
78 0 128231
78 1 128311
73 0 128887
73 1 128935
78 0 129127
78 1 129175
71 0 129719
71 1 129799
65 0 129895
65 1 129991
32 0 130039
32 1 130151
68 0 130600
68 1 130663
69 0 130743
69 1 130856
32 0 130856
32 1 130919
20 0 130952
20 1 131063
67 0 131351
67 1 131447
20 0 131560
20 1 131671
82 0 131751
82 1 131847
80 0 131975
80 1 132087
8 0 132567
8 1 132663
219 0 132791
219 1 132871
67 0 132919
67 1 133047
73 0 133847
73 1 133927
85 0 134023
85 1 134071
78 0 134247
78 1 134295
190 0 135159
190 1 135207
32 0 135319
32 1 135383
77 0 135575
77 1 135623
20 0 135672
20 1 135783
8 0 136151
8 1 136199
77 0 136727
77 1 136791
20 0 137912
20 1 137991
85 0 138375
85 1 138423
8 0 138823
8 1 138903
73 0 139095
73 1 139143
189 0 139335
189 1 139415
65 0 139447
65 1 139543
82 0 139575
82 1 139719
32 0 139735
32 1 139847
70 0 139911
70 1 139975
73 0 140167
73 1 140231
32 0 140295
32 1 140407
83 0 140439
83 1 140503
65 0 140583
65 1 140679
8 0 140871
8 1 140919
8 0 140983
65 0 141015
8 1 141079
65 1 141127
68 0 141159
68 1 141272
85 0 141959
85 1 142023
83 0 142023
83 1 142151
32 0 142327
32 1 142439
65 0 142631
65 1 142695
77 0 142759
77 1 142855
73 0 142967
73 1 143031
78 0 143176
78 1 143240
84 0 143240
84 1 143303
69 0 143415
32 0 143495
69 1 143511
32 1 143607
68 0 143623
68 1 143719
69 0 143799
32 0 143879
69 1 143911
32 1 143991
67 0 144359
67 1 144455
79 0 144455
79 1 144535
77 0 144695
77 1 144743
80 0 145447
80 1 145511
73 0 145687
73 1 145735
76 0 145879
76 1 145960
65 0 145960
65 1 146055
82 0 146168
82 1 146247
73 0 146631
73 1 146695
69 0 146711
69 1 146823
190 0 147495
190 1 147543
20 0 148215
20 1 148295
32 0 148519
32 1 148615
67 0 149880
67 1 149959
20 0 150024
20 1 150119
72 0 150183
72 1 150231
65 0 150551
65 1 150583
8 0 150935
8 1 151031
73 0 151335
73 1 151399
65 0 151447
65 1 151527
82 0 151591
82 1 151687
32 0 151719
32 1 151815
73 0 151895
73 1 151943
78 0 152119
78 1 152183
32 0 152231
32 1 152311
77 0 152391
77 1 152455
79 0 152663
79 1 152759
77 0 152951
77 1 153047
69 0 153095
69 1 153191
78 0 153239
78 1 153303
84 0 153399
84 1 153479
85 0 153511
85 1 153591
76 0 153831
76 1 153911
32 0 153959
32 1 154055
67 0 154247
67 1 154327
79 0 154407
79 1 154487
77 0 154631
77 1 154679
80 0 154935
80 1 154999
76 0 155143
76 1 155207
69 0 155255
69 1 155351
84 0 155463
84 1 155559
65 0 155623
65 1 155703
82 0 155783
82 1 155863
73 0 155943
73 1 155991
73 0 156071
73 1 156135
32 0 156167
32 1 156263
65 0 156311
65 1 156407
67 0 156567
67 1 156631
69 0 156760
69 1 156839
83 0 156871
83 1 156983
84 0 157063
84 1 157127
85 0 157143
85 1 157207
73 0 157575
73 1 157623
32 0 157703
32 1 157799
70 0 157911
79 0 157991
70 1 158039
79 1 158103
82 0 158167
82 1 158279
77 0 158503
77 1 158567
85 0 158759
85 1 158807
76 0 158999
76 1 159079
65 0 159111
65 1 159255
82 0 159335
82 1 159463
32 0 159479
32 1 159575
78 0 159847
78 1 159943
85 0 160119
85 1 160183
32 0 160279
32 1 160359
80 0 160631
80 1 160695
76 0 160823
76 1 160887
79 0 160999
79 1 161047
85 0 161479
85 1 161527
219 0 161991
219 1 162071
32 0 162647
32 1 162775
8 0 163159
8 1 163239
188 0 163463
188 1 163527
32 0 163543
32 1 163671
68 0 163672
65 0 163735
68 1 163783
65 1 163831
82 0 163911
32 0 164007
82 1 164023
32 1 164103
84 0 164247
79 0 164311
84 1 164359
79 1 164391
84 0 164439
84 1 164551
32 0 164552
32 1 164663
69 0 164791
69 1 164919
32 0 164919
83 0 164983
32 1 165015
83 1 165095
8 0 165367
8 1 165463
8 0 165575
8 1 165639
83 0 165671
83 1 165783
84 0 165880
84 1 165943
69 0 166135
69 1 166247
32 0 166263
32 1 166359
79 0 166775
79 1 166823
32 0 166887
32 1 166983
70 0 167015
70 1 167111
8 0 167319
8 1 167415
86 0 167495
86 1 167559
82 0 167703
82 1 167767
69 0 167863
69 1 167975
77 0 167975
69 0 168039
77 1 168055
69 1 168167
32 0 168167
32 1 168263
221 0 168807
221 1 168888
78 0 169736
78 1 169800
67 0 170184
67 1 170280
72 0 170296
72 1 170360
73 0 170600
73 1 170680
83 0 170680
83 1 170760
219 0 173448
219 1 173512
190 0 174647
190 1 174680
32 0 174792
32 1 174871
20 0 175080
20 1 175160
86 0 175384
86 1 175448
20 0 175480
20 1 175560
82 0 175688
82 1 175768
69 0 175880
69 1 175976
77 0 175992
77 1 176087
69 0 176104
69 1 176216
65 0 176248
65 1 176376
32 0 176376
32 1 176519
80 0 176599
69 0 176664
80 1 176696
69 1 176759
82 0 176855
82 1 176920
70 0 177304
70 1 177352
69 0 177464
69 1 177560
67 0 177720
67 1 177816
84 0 178024
84 1 178088
80 0 178328
80 1 178440
32 0 178631
32 1 178696
8 0 178903
8 1 178951
8 0 179031
8 1 179127
219 0 179320
219 1 179383
32 0 179528
32 1 179607
80 0 180024
80 1 180103
69 0 180119
69 1 180215
78 0 180344
78 1 180424
84 0 180456
84 1 180519
82 0 180632
82 1 180696
85 0 180744
85 1 180824
32 0 180887
32 1 181000
77 0 181160
77 1 181223
73 0 181367
73 1 181432
78 0 181591
78 1 181655
69 0 181687
69 1 181784
32 0 181784
32 1 181880
69 0 182024
69 1 182151
83 0 182168
83 1 182263
84 0 182375
84 1 182456
69 0 182616
69 1 182728
32 0 182728
32 1 182840
79 0 182903
79 1 182983
82 0 183000
82 1 183095
73 0 183768
73 1 183832
67 0 183847
67 1 183944
69 0 184040
69 1 184168
32 0 184168
32 1 184263
90 0 184424
90 1 184519
73 0 184601
73 1 184648
32 0 184760
32 1 184855
68 0 184904
68 1 184999
69 0 185079
32 0 185160
69 1 185192
32 1 185287
86 0 185592
86 1 185639
65 0 185768
65 1 185799
82 0 185944
82 1 186007
80 0 186135
80 1 186183
8 0 186568
8 1 186632
219 0 186824
219 1 186872
32 0 187000
32 1 187096
73 0 187304
73 1 187384
78 0 187544
78 1 187608
68 0 187639
68 1 187719
73 0 187800
73 1 187864
70 0 187896
70 1 187960
69 0 188184
69 1 188232
82 0 188344
82 1 188392
69 0 188504
69 1 188568
78 0 188648
78 1 188711
84 0 188808
84 1 188872
32 0 188952
32 1 189047
67 0 189127
67 1 189271
220 0 190071
220 1 190152
84 0 191080
84 1 191176
32 0 191256
32 1 191367
68 0 191416
68 1 191511
69 0 191576
32 0 191672
69 1 191703
32 1 191783
67 0 191879
65 0 191944
67 1 191959
65 1 192055
76 0 192135
76 1 192216
68 0 192248
68 1 192360
32 0 192375
32 1 192488
69 0 192616
69 1 192728
32 0 192775
32 1 192823
83 0 192839
83 1 192967
84 0 193159
84 1 193239
8 0 193432
8 1 193512
8 0 193591
8 1 193688
69 0 193688
69 1 193816
83 0 193816
83 1 193944
84 0 194088
84 1 194168
17 0 194584
8 0 194600
8 1 194664
17 1 194872
8 0 195048
8 1 195112
83 0 195496
69 0 195624
83 1 195640
69 1 195704
84 0 195831
84 1 195896
8 0 196215
8 1 196264
8 0 196328
8 1 196408
84 0 196424
84 1 196520
69 0 196632
69 1 196728
32 0 196760
32 1 196856
8 0 197144
8 1 197240
190 0 197431
190 1 197480
32 0 197655
32 1 197703
20 0 198328
20 1 198423
220 0 198535
220 1 198600
8 0 199000
8 1 199080
221 0 199287
221 1 199336
20 0 199401
20 1 199496
77 0 200232
77 1 200279
73 0 200504
73 1 200536
32 0 201016
32 1 201112
80 0 201207
80 1 201255
76 0 201384
76 1 201448
65 0 201512
65 1 201624
67 0 201767
67 1 201848
69 0 201992
69 1 202104
32 0 202104
32 1 202199
83 0 202216
65 0 202311
83 1 202392
32 0 202423
65 1 202440
32 1 202504
8 0 202663
8 1 202776
8 0 202871
8 1 202968
219 0 203111
219 1 203160
32 0 203208
32 1 203335
77 0 203799
77 1 203847
219 0 204248
219 1 204311
32 0 204360
32 1 204439
66 0 204919
66 1 205000
85 0 205032
85 1 205095
67 0 205176
67 1 205288
85 0 205320
85 1 205384
82 0 205464
82 1 205592
32 0 205608
32 1 205703
68 0 205752
68 1 205848
69 0 205912
32 0 205991
69 1 206023
32 1 206119
68 0 206215
68 1 206343
8 0 206680
8 1 206792
90 0 206823
90 1 206951
73 0 207015
73 1 207079
69 0 207207
69 1 207336
8 0 207832
8 1 207928
76 0 208104
76 1 208184
69 0 208184
69 1 208280
76 0 208328
76 1 208408
69 0 208440
69 1 208551
32 0 208696
32 1 208808
68 0 208856
68 1 208935
69 0 208999
32 0 209095
69 1 209111
32 1 209208
86 0 209304
86 1 209399
65 0 209480
65 1 209575
82 0 209704
82 1 209783
219 0 209928
219 1 210007
32 0 210039
32 1 210151
83 0 210216
83 1 210327
8 0 210711
8 1 210807
222 0 211016
222 1 211063
8 0 211975
8 1 212072
222 0 212424
222 1 212504
8 0 213112
8 1 213224
186 0 213399
186 1 213448
73 0 213704
73 1 213767
32 0 213928
32 1 214023
83 0 214071
65 0 214215
83 1 214232
65 1 214263
8 0 214663
8 1 214759
219 0 214935
219 1 214984
32 0 215112
32 1 215208
80 0 215703
80 1 215768
69 0 216055
69 1 216167
84 0 216296
84 1 216359
82 0 216472
82 1 216568
69 0 216664
69 1 216759
67 0 216936
67 1 217048
32 0 217176
32 1 217288
67 0 217352
67 1 217464
220 0 217896
220 1 217944
84 0 218616
84 1 218712
32 0 218760
32 1 218856
77 0 218952
77 1 219032
65 0 219079
65 1 219159
73 0 219224
73 1 219288
32 0 219367
32 1 219479
77 0 219688
77 1 219720
85 0 219928
85 1 219991
76 0 220167
76 1 220247
84 0 220264
84 1 220344
32 0 220407
32 1 220472
84 0 220568
84 1 220680
73 0 220680
73 1 220743
77 0 220935
77 1 220951
80 0 221335
80 1 221415
32 0 221575
32 1 221671
68 0 221768
68 1 221831
8 0 222055
8 1 222152
80 0 222392
80 1 222456
69 0 222472
69 1 222600
32 0 222600
32 1 222711
65 0 222775
65 1 222904
70 0 223304
70 1 223400
65 0 223400
65 1 223495
82 0 223560
82 1 223656
219 0 223767
219 1 223863
32 0 224087
32 1 224200
65 0 224247
65 1 224343
76 0 225592
76 1 225640
8 0 226072
8 1 226136
8 0 226232
8 1 226311
8 0 226439
8 1 226521
190 0 227336
190 1 227400
32 0 227496
32 1 227591
20 0 227800
20 1 227928
68 0 228231
68 1 228327
20 0 228360
20 1 228471
69 0 228536
69 1 228647
32 0 228680
32 1 228791
65 0 228855
65 1 228999
83 0 228999
83 1 229127
84 0 229207
84 1 229303
65 0 229335
65 1 229447
32 0 229447
32 1 229558
67 0 231127
67 1 231223
65 0 231224
65 1 231335
8 0 231607
8 1 231703
220 0 232134
220 1 232199
84 0 232631
84 1 232711
69 0 232983
69 1 233062
79 0 233367
79 1 233447
68 0 233495
68 1 233623
65 0 233639
65 1 233719
84 0 233863
84 1 233927
8 0 234391
8 1 234503
84 0 235863
84 1 235958
219 0 236183
219 1 236247
32 0 236294
32 1 236407
86 0 237191
86 1 237255
82 0 237399
82 1 237494
69 0 237622
69 1 237719
77 0 237767
77 1 237847
69 0 237847
69 1 237975
65 0 237975
65 1 238103
32 0 238135
32 1 238263
68 0 238950
68 1 239062
8 0 239463
8 1 239543
73 0 239783
73 1 239847
65 0 239863
65 1 239943
82 0 240023
82 1 240103
78 0 240247
78 1 240311
65 0 240359
65 1 240487
32 0 240583
32 1 240663
77 0 242663
77 1 242711
219 0 243223
219 1 243303
32 0 243559
32 1 243671
70 0 243831
65 0 243927
70 1 243959
65 1 244023
67 0 244087
67 1 244182
69 0 244279
32 0 244375
69 1 244423
32 1 244503
85 0 244519
85 1 244614
83 0 244663
83 1 244759
8 0 245014
8 1 245111
186 0 245415
186 1 245463
79 0 246055
79 1 246119
82 0 246151
82 1 246247
32 0 246263
32 1 246343
68 0 246407
68 1 246487
69 0 246567
69 1 246679
80 0 246919
82 0 246999
80 1 247015
82 1 247063
69 0 247159
69 1 247239
83 0 247351
83 1 247447
73 0 247591
73 1 247623
67 0 247975
67 1 248087
8 0 248423
8 1 248535
86 0 248535
86 1 248615
188 0 248887
188 1 248951
32 0 248983
32 1 249078
77 0 249142
77 1 249223
65 0 249271
65 1 249351
73 0 249447
73 1 249559
32 0 249559
32 1 249655
65 0 249751
65 1 249846
76 0 249927
76 1 250007
69 0 250007
69 1 250070
83 0 250150
83 1 250279
32 0 250455
32 1 250566
68 0 250790
68 1 250918
65 0 250951
65 1 251191
67 0 251239
65 0 251367
67 1 251382
65 1 251494
8 0 251735
8 1 251831
219 0 251975
219 1 252039
32 0 252055
32 1 252183
69 0 252358
69 1 252487
83 0 252551
83 1 252711
84 0 252759
84 1 252839
69 0 253062
69 1 253174
32 0 253222
32 1 253335
79 0 253878
79 1 253959
32 0 253991
32 1 254071
73 0 254327
73 1 254391
65 0 254503
65 1 254599
82 0 254679
82 1 254776
78 0 254839
78 1 254903
219 0 255559
219 1 255607
32 0 255655
32 1 255751
67 0 255798
65 0 255911
67 1 255943
65 1 256023
32 0 256023
32 1 256118
67 0 256167
67 1 256263
69 0 256359
69 1 256471
65 0 256535
65 1 256695
32 0 256695
32 1 256791
68 0 256839
68 1 256935
69 0 256999
32 0 257095
69 1 257127
32 1 257223
65 0 257223
65 1 257351
67 0 257383
85 0 257479
67 1 257511
85 1 257559
77 0 257735
77 1 257799
188 0 258151
188 1 258215
32 0 258263
32 1 258391
68 0 258391
65 0 258503
68 1 258535
65 1 258615
8 0 258838
8 1 258887
8 0 258983
8 1 259079
70 0 259174
70 1 259303
65 0 259303
65 1 259414
8 0 259751
8 1 259831
219 0 259958
219 1 260007
82 0 260183
82 1 260310
219 0 260503
219 1 260599
32 0 260631
32 1 260759
80 0 260903
82 0 261015
80 1 261046
82 1 261111
69 0 261191
65 0 261303
69 1 261319
32 0 261415
65 1 261430
32 1 261543
77 0 261543
77 1 261639
85 0 261782
85 1 261830
76 0 262055
76 1 262135
84 0 262135
84 1 262198
17 0 263494
8 0 263591
8 1 263670
17 1 263799
17 0 263943
8 0 264071
8 1 264151
17 1 264247
90 0 265079
90 1 265175
219 0 265399
219 1 265495
80 0 265927
80 1 266007
65 0 266023
65 1 266119
84 0 266967
84 1 267063
65 0 267079
65 1 267191
8 0 268039
8 1 268119
8 0 268439
8 1 268535
68 0 268727
68 1 268839
219 0 269015
219 1 269127
32 0 269623
32 1 269719
186 0 269927
186 1 269990
73 0 270183
73 1 270311
32 0 270326
32 1 270439
67 0 270487
85 0 270567
67 1 270599
85 1 270647
32 0 270839
32 1 270951
77 0 270951
77 1 271031
85 0 271175
85 1 271223
76 0 271431
76 1 271495
84 0 271526
84 1 271623
32 0 271735
69 0 271750
69 1 271894
32 1 271991
8 0 272247
8 1 272295
8 0 272375
69 0 272455
8 1 272487
32 0 272535
69 1 272567
32 1 272679
219 0 272695
219 1 272775
8 0 273718
8 1 273815
80 0 274631
80 1 274679
76 0 274839
76 1 274919
79 0 275047
79 1 275095
73 0 275223
73 1 275255
190 0 275943
190 1 275991
32 0 276503
32 1 276583
20 0 276679
20 1 276791
83 0 276918
20 0 276951
83 1 276999
20 1 277095
80 0 277223
80 1 277287
69 0 277318
69 1 277415
82 0 277814
82 1 277927
32 0 277975
32 1 278119
67 0 278294
67 1 278423
80 0 278950
80 1 278982
8 0 279287
8 1 279367
219 0 279495
219 1 279559
32 0 279623
32 1 279718
79 0 280039
79 1 280119
32 0 280167
32 1 280279
83 0 280279
65 0 280438
83 1 280454
65 1 280583
8 0 280775
8 1 280870
219 0 281015
219 1 281062
32 0 281111
32 1 281222
78 0 281623
78 1 281687
73 0 281847
73 1 281895
78 0 282039
78 1 282102
71 0 282199
71 1 282263
219 0 283047
219 1 283094
32 0 283255
32 1 283351
67 0 283383
67 1 283510
85 0 283527
85 1 283607
82 0 283719
82 1 283831
220 0 284647
220 1 284711
17 0 285670
8 0 285815
8 1 285911
17 1 285959
67 0 286119
65 0 286231
67 1 286246
65 1 286311
8 0 286743
8 1 286823
220 0 287015
220 1 287095
84 0 287399
84 1 287479
32 0 287527
32 1 287623
77 0 287703
77 1 287767
65 0 287831
65 1 287911
73 0 287959
73 1 288038
32 0 288071
32 1 288183
67 0 288263
67 1 288359
85 0 288391
85 1 288455
82 0 288519
82 1 288631
220 0 289575
220 1 289639
78 0 290167
78 1 290231
68 0 290311
68 1 290439
190 0 291511
190 1 291559
20 0 303240
20 1 303383
79 0 303431
79 1 303528
20 0 303528
20 1 303655
32 0 303767
32 1 303927
90 0 304007
90 1 304135
73 0 304135
73 1 304215
32 0 304439
32 1 304535
73 0 304807
73 1 304871
68 0 305015
68 1 305111
69 0 305559
69 1 305671
65 0 305751
65 1 305799
76 0 306503
76 1 306551
219 0 307095
219 1 307143
32 0 307191
32 1 307287
65 0 307415
65 1 307511
82 0 307575
82 1 307687
32 0 307703
32 1 307815
221 0 309223
221 1 309287
78 0 309847
78 1 309895
67 0 309975
67 1 310055
69 0 310439
69 1 310567
80 0 310567
80 1 310647
69 0 310679
69 1 310791
32 0 310823
32 1 310919
85 0 311031
85 1 311095
78 0 311271
78 1 311368
68 0 311368
68 1 311431
69 0 311511
69 1 311624
32 0 311624
32 1 311703
8 0 311943
86 0 312007
8 1 312039
86 1 312071
65 0 312167
65 1 312263
32 0 312375
32 1 312471
186 0 312551
186 1 312647
8 0 313031
8 1 313095
76 0 313399
76 1 313480
65 0 313480
65 1 313575
32 0 313607
32 1 313703
79 0 313783
79 1 313895
82 0 313895
82 1 314023
65 0 314023
65 1 314119
32 0 314231
32 1 314327
56 0 315031
56 1 315095
188 0 315975
188 1 316055
32 0 316103
32 1 316215
68 0 316263
65 0 316375
68 1 316407
65 1 316471
82 0 316567
82 1 316695
32 0 316759
32 1 316855
68 0 317015
68 1 317128
73 0 317128
73 1 317207
78 0 317367
78 1 317415
32 0 317527
32 1 317639
80 0 318055
80 1 318135
219 0 318615
219 1 318679
67 0 319239
67 1 319352
65 0 319352
65 1 319415
84 0 319767
84 1 319831
69 0 319975
69 1 320087
32 0 320088
32 1 320182
68 0 320263
68 1 320391
69 0 320471
69 1 320583
32 0 320584
32 1 320679
77 0 320759
77 1 320823
85 0 320967
85 1 321047
76 0 321223
76 1 321320
84 0 321320
84 1 321383
69 0 321495
69 1 321608
32 0 321608
32 1 321703
79 0 321703
79 1 321799
82 0 321831
82 1 321911
73 0 322007
73 1 322055
32 0 322135
32 1 322231
78 0 322279
78 1 322343
85 0 322487
85 1 322535
32 0 322583
32 1 322695
83 0 322823
83 1 322952
69 0 322952
69 1 323080
32 0 323080
32 1 323191
220 0 323847
220 1 323895
8 0 324631
8 1 324695
221 0 324855
221 1 324903
78 0 325895
78 1 325959
84 0 326039
84 1 326103
220 0 327303
220 1 327351
77 0 327687
77 1 327751
80 0 328135
80 1 328199
76 0 328359
76 1 328423
219 0 328775
219 1 328823
32 0 328935
32 1 329047
65 0 329111
65 1 329239
186 0 330039
186 1 330103
83 0 330135
83 1 330231
8 0 330567
65 0 330615
8 1 330663
65 1 330743
32 0 330775
32 1 330887
8 0 331367
8 1 331447
190 0 331671
190 1 331719
32 0 331783
32 1 331895
20 0 332040
20 1 332151
68 0 332407
68 1 332504
20 0 332504
20 1 332615
65 0 332727
65 1 332839
67 0 332855
65 0 332967
67 1 332999
65 1 333079
8 0 333319
8 1 333415
219 0 333575
219 1 333623
32 0 333671
32 1 333783
77 0 334263
77 1 334327
189 0 334599
189 1 334663
65 0 334727
65 1 334807
76 0 335239
76 1 335287
8 0 335591
8 1 335687
186 0 335847
186 1 335879
32 0 336103
32 1 336199
84 0 336439
84 1 336519
82 0 336599
82 1 336711
90 0 336839
90 1 336951
73 0 336967
73 1 337047
32 0 337463
32 1 337575
8 0 337863
8 1 337927
8 0 338023
8 1 338215
69 0 338231
69 1 338311
8 0 338599
8 1 338679
8 0 338743
69 0 338791
8 1 338823
69 1 338887
90 0 339079
90 1 339175
73 0 339207
73 1 339287
32 0 339351
32 1 339447
76 0 339495
76 1 339607
65 0 339607
65 1 339735
32 0 339735
32 1 339863
79 0 339943
79 1 340055
82 0 340055
82 1 340167
65 0 340167
65 1 340311
32 0 340311
32 1 340423
56 0 340999
56 1 341063
188 0 341799
188 1 341879
32 0 341895
32 1 342007
65 0 342055
65 1 342167
186 0 342855
186 1 342935
32 0 342999
32 1 343127
65 0 343255
65 1 343367
86 0 343559
86 1 343623
69 0 343879
65 0 343975
69 1 344007
32 0 344071
65 1 344087
32 1 344183
86 0 344471
86 1 344551
82 0 344695
82 1 344775
69 0 344919
69 1 345015
77 0 345063
77 1 345111
69 0 345111
69 1 345238
32 0 345318
32 1 345462
83 0 345927
83 1 346039
219 0 346135
219 1 346183
32 0 346263
32 1 346359
77 0 346695
77 1 346759
219 0 347095
219 1 347191
32 0 347399
32 1 347495
84 0 347767
84 1 347847
82 0 347991
82 1 348055
8 0 349704
8 1 349783
8 0 349879
8 1 349943
8 0 350215
8 1 350295
17 0 350552
8 0 350647
8 1 350711
17 1 350792
220 0 351463
220 1 351527
8 0 352103
8 1 352183
221 0 352503
221 1 352567
77 0 353448
77 1 353512
73 0 353671
73 1 353736
32 0 353783
32 1 353863
70 0 353943
65 0 354023
70 1 354039
65 1 354135
67 0 354167
67 1 354279
32 0 354311
32 1 354423
67 0 354471
67 1 354551
69 0 354647
69 1 354743
86 0 354919
86 1 355000
65 0 355111
65 1 355272
32 0 355319
32 1 355415
84 0 355527
84 1 355607
69 0 355719
69 1 355815
77 0 355815
77 1 355895
69 0 355911
69 1 356024
83 0 356328
83 1 356407
8 0 356631
8 1 356727
32 0 356776
32 1 356871
83 0 356935
65 0 357031
83 1 357095
65 1 357159
85 0 357191
85 1 357271
32 0 357383
32 1 357496
83 0 357496
65 0 357607
83 1 357671
32 0 357703
65 1 357735
32 1 357831
8 0 358071
8 1 358167
8 0 358263
8 1 358359
219 0 358519
219 1 358567
32 0 358616
32 1 358727
67 0 358839
67 1 358935
73 0 358983
73 1 359079
84 0 359159
82 0 359160
84 1 359207
82 1 359223
8 0 359559
8 1 359623
8 0 359815
8 1 359879
84 0 360647
84 1 360711
69 0 360839
69 1 360936
83 0 360984
83 1 361063
67 0 361224
67 1 361303
32 0 362295
32 1 362391
80 0 363576
80 1 363656
69 0 363656
69 1 363751
78 0 363895
78 1 363975
84 0 364008
84 1 364056
82 0 364151
82 1 364231
85 0 364248
85 1 364328
32 0 364375
32 1 364471
67 0 364631
67 1 364727
219 0 364855
219 1 364967
32 0 365303
32 1 365399
76 0 365559
76 1 365623
65 0 365639
65 1 365767
32 0 365783
32 1 365879
79 0 365943
79 1 366023
82 0 366039
65 0 366151
82 1 366167
65 1 366279
32 0 366280
32 1 366391
49 0 366679
49 1 366775
48 0 366999
48 1 367063
32 0 367095
32 1 367207
221 0 368104
221 1 368183
78 0 368935
78 1 368983
67 0 369047
67 1 369112
69 0 369224
69 1 369319
80 0 369367
80 1 369448
32 0 369480
32 1 369575
76 0 369783
76 1 369863
85 0 370103
85 1 370167
67 0 370231
67 1 370327
82 0 370600
82 1 370696
85 0 370696
85 1 370775
190 0 371351
190 1 371400
32 0 371559
32 1 371671
20 0 371864
20 1 372007
80 0 372135
80 1 372199
20 0 372232
20 1 372327
69 0 372408
69 1 372536
32 0 372536
32 1 372631
76 0 372631
76 1 372759
65 0 372775
65 1 372888
32 0 372888
32 1 372999
79 0 373447
79 1 373528
82 0 373528
65 0 373623
82 1 373655
65 1 373767
32 0 373767
32 1 373863
49 0 374055
49 1 374151
51 0 374327
51 1 374423
32 0 374487
32 1 374599
69 0 374679
69 1 374808
32 0 374808
32 1 374919
79 0 375079
79 1 375159
90 0 375255
90 1 375351
8 0 375703
8 1 375767
8 0 375863
8 1 375944
80 0 377016
80 1 377096
65 0 377127
65 1 377239
85 0 377368
85 1 377399
90 0 377879
90 1 377975
65 0 378520
65 1 378647
32 0 378679
32 1 378791
68 0 378824
68 1 378919
69 0 378968
32 0 379063
69 1 379095
32 1 379175
77 0 379207
77 1 379287
65 0 379287
65 1 379399
83 0 379879
83 1 379959
219 0 379991
219 1 380055
188 0 380680
188 1 380743
32 0 380807
32 1 380903
85 0 381031
85 1 381079
78 0 381223
78 1 381287
32 0 381335
32 1 381431
77 0 381479
77 1 381543
79 0 381719
79 1 381783
69 0 382055
69 1 382119
8 0 382471
8 1 382600
77 0 382887
77 1 382936
69 0 382967
69 1 383063
78 0 383400
78 1 383464
84 0 383816
84 1 383864
32 0 384152
32 1 384263
71 0 384423
71 1 384471
82 0 384631
82 1 384711
79 0 384871
79 1 384952
90 0 385512
90 1 385608
65 0 385704
65 1 385815
86 0 386392
86 1 386471
32 0 386519
32 1 386631
68 0 386663
68 1 386743
69 0 386823
32 0 386903
69 1 386935
32 1 387031
82 0 387703
82 1 387783
69 0 387863
69 1 387959
83 0 388103
83 1 388216
80 0 388216
80 1 388296
73 0 389079
73 1 389160
82 0 389160
82 1 389255
79 0 389303
79 1 389352
190 0 390311
190 1 390359
32 0 390471
32 1 390584
20 0 390712
20 1 390839
68 0 392215
68 1 392295
20 0 392344
20 1 392439
69 0 392455
69 1 392583
32 0 392632
32 1 392743
79 0 393015
79 1 393079
66 0 393127
66 1 393207
73 0 393335
73 1 393399
67 0 393495
67 1 393591
69 0 393768
69 1 393864
73 0 394119
73 1 394168
32 0 394199
32 1 394311
83 0 394391
65 0 394503
65 1 394551
83 1 394551
8 0 394919
8 1 394999
84 0 395031
84 1 395111
65 0 395175
65 1 395239
85 0 395319
85 1 395384
32 0 395415
32 1 395511
76 0 395623
76 1 395736
65 0 395736
32 0 395815
65 1 395831
76 0 395895
32 1 395911
76 1 395975
85 0 396183
85 1 396264
67 0 396264
67 1 396343
82 0 396487
82 1 396600
85 0 396600
85 1 396695
32 0 396744
32 1 396871
80 0 396967
80 1 397095
220 0 398359
220 1 398423
78 0 398855
78 1 398903
219 0 399159
219 1 399223
32 0 399271
32 1 399415
76 0 399447
76 1 399559
65 0 399607
65 1 399687
32 0 399863
32 1 399959
79 0 400023
82 0 400135
79 1 400151
82 1 400247
65 0 400279
65 1 400375
32 0 400391
32 1 400487
49 0 402744
54 0 402808
49 1 402871
54 1 402904
189 0 403640
189 1 403703
49 0 403976
55 0 404055
49 1 404071
55 1 404135
188 0 404919
188 1 404999
32 0 405096
32 1 405207
8 0 405591
8 1 405655
8 0 405736
8 1 405816
190 0 406311
190 1 406391
32 0 406488
32 1 406599
20 0 406776
20 1 406872
68 0 407016
68 1 407128
20 0 407128
20 1 407224
69 0 407224
69 1 407319
80 0 407607
80 1 407656
73 0 408152
73 1 408215
78 0 408423
78 1 408503
68 0 408535
68 1 408631
69 0 408695
32 0 408791
69 1 408823
32 1 408919
68 0 408967
65 0 409095
68 1 409127
65 1 409223
67 0 409527
67 1 409623
219 0 409991
219 1 410039
32 0 410167
32 1 410279
221 0 411175
221 1 411223
78 0 411799
78 1 411863
32 0 411959
32 1 412055
65 0 412119
65 1 412199
67 0 412263
67 1 412359
69 0 412487
69 1 412647
65 0 412647
32 0 412727
65 1 412823
32 1 412855
90 0 413031
73 0 413127
90 1 413159
73 1 413207
32 0 413303
32 1 413399
77 0 413607
77 1 413687
65 0 413719
65 1 413847
73 0 413911
73 1 414007
32 0 414039
32 1 414135
65 0 414311
65 1 414455
77 0 414455
77 1 414519
32 0 414535
32 1 414631
186 0 415159
186 1 415207
73 0 415479
73 1 415527
32 0 415751
32 1 415879
76 0 416183
76 1 416263
65 0 416264
65 1 416359
66 0 416631
66 1 416663
79 0 417127
79 1 417191
82 0 417223
82 1 417335
65 0 417351
65 1 417463
84 0 417927
84 1 417991
79 0 418007
79 1 418087
65 0 418151
65 1 418247
82 0 418375
82 1 418423
69 0 418535
69 1 418631
190 0 420999
190 1 421047
32 0 421351
32 1 421463
20 0 422296
20 1 422391
68 0 423383
68 1 423479
20 0 423528
20 1 423623
85 0 423671
85 1 423751
80 0 424183
80 1 424263
65 0 424407
65 1 424503
8 0 424791
8 1 424887
219 0 425015
219 1 425063
32 0 425192
32 1 425271
76 0 425735
76 1 425799
65 0 425799
65 1 425895
66 0 426071
66 1 426151
79 0 426247
79 1 426327
82 0 426391
82 1 426487
65 0 426567
65 1 426679
84 0 427031
84 1 427127
79 0 427143
79 1 427191
65 0 427367
65 1 427479
82 0 427623
82 1 427703
69 0 427799
69 1 427911
32 0 427927
32 1 428055
221 0 428567
221 1 428631
78 0 429143
78 1 429239
32 0 429287
32 1 429383
84 0 429495
84 1 429607
73 0 430103
73 1 430167
77 0 430311
77 1 430375
80 0 430583
80 1 430631
85 0 430823
85 1 430871
76 0 431047
76 1 431127
85 0 431255
85 1 431303
73 0 431431
73 1 431495
32 0 431527
32 1 431623
83 0 431655
83 1 431799
69 0 431799
69 1 431895
77 0 431895
77 1 431991
69 0 432039
69 1 432135
83 0 432359
83 1 432455
84 0 432599
84 1 432695
82 0 433063
82 1 433175
85 0 433367
85 1 433463
76 0 434151
76 1 434199
85 0 434375
85 1 434407
73 0 434551
73 1 434599
32 0 434647
32 1 434759
65 0 434839
65 1 434919
80 0 434967
80 1 435079
82 0 435079
82 1 435175
79 0 435639
79 1 435703
65 0 435751
65 1 435847
80 0 435911
80 1 435975
69 0 436071
69 1 436215
32 0 436231
32 1 436360
221 0 436839
221 1 436903
78 0 437223
78 1 437287
32 0 437351
32 1 437463
70 0 437847
70 1 437927
73 0 437959
73 1 438007
69 0 438071
69 1 438167
67 0 438375
67 1 438503
65 0 438503
65 1 438599
82 0 438727
82 1 438823
69 0 438935
32 0 439015
69 1 439031
32 1 439143
83 0 439191
83 1 439335
69 0 439447
69 1 439543
65 0 439575
65 1 439703
82 0 439783
82 1 439895
65 0 439895
65 1 439975
8 0 440247
8 1 440343
219 0 440775
219 1 440823
32 0 440919
32 1 441031
83 0 441287
83 1 441383
85 0 441447
85 1 441511
78 0 441655
78 1 441735
84 0 441735
84 1 441831
32 0 441879
32 1 442007
186 0 442487
186 1 442535
69 0 442583
69 1 442679
68 0 442823
68 1 442871
73 0 442935
73 1 442983
78 0 443207
78 1 443255
84 0 443287
84 1 443351
8 0 443735
8 1 443815
186 0 444391
186 1 444423
8 0 444903
8 1 444967
222 0 445095
222 1 445159
69 0 445319
69 1 445447
32 0 445479
32 1 445591
65 0 445719
65 1 445799
186 0 445847
186 1 445959
69 0 445975
69 1 446119
8 0 446439
8 1 446519
8 0 446583
8 1 446663
76 0 446839
76 1 446919
69 0 446919
69 1 447015
32 0 447031
32 1 447127
76 0 447223
76 1 447287
73 0 447687
73 1 447719
71 0 447959
71 1 448055
73 0 448599
73 1 448631
73 0 448727
73 1 448791
32 0 450231
32 1 450343
76 0 450535
76 1 450631
65 0 450647
32 0 450743
65 1 450775
32 1 450887
67 0 450951
67 1 451047
65 0 451048
65 1 451143
82 0 451271
82 1 451367
69 0 451479
32 0 451575
69 1 451607
32 1 451719
80 0 452007
80 1 452071
65 0 452119
65 1 452215
82 0 452247
82 1 452343
84 0 452439
84 1 452503
73 0 452583
73 1 452662
67 0 452711
67 1 452807
73 0 452839
73 1 452903
80 0 453111
80 1 453191
188 0 453847
188 1 453895
32 0 453959
32 1 454087
73 0 454855
73 1 454919
65 0 454935
65 1 455031
82 0 455047
82 1 455159
32 0 455175
32 1 455271
83 0 455559
83 1 455655
69 0 455719
69 1 455815
65 0 455927
65 1 456023
82 0 456391
82 1 456503
65 0 456503
65 1 456631
32 0 456727
32 1 456839
83 0 456951
83 1 457047
69 0 457111
69 1 457207
32 0 457223
32 1 457319
221 0 457927
221 1 457991
78 0 458567
78 1 458631
67 0 458775
67 1 458855
72 0 459047
72 1 459095
69 0 459111
69 1 459223
73 0 459303
73 1 459367
69 0 459399
69 1 459495
32 0 459527
32 1 459655
85 0 459703
85 1 459783
78 0 459943
78 1 460007
68 0 460008
68 1 460119
69 0 460199
69 1 460295
86 0 460487
86 1 460583
65 0 460663
32 0 460775
65 1 460807
32 1 460903
68 0 460951
68 1 461063
85 0 461095
85 1 461175
80 0 461415
80 1 461527
65 0 461591
65 1 461623
8 0 461879
8 1 461959
219 0 462343
219 1 462391
32 0 462839
32 1 462951
79 0 463047
79 1 463127
82 0 463319
82 1 463431
65 0 463431
65 1 463559
32 0 463559
32 1 463671
49 0 463911
49 1 464007
50 0 464151
50 1 464247
32 0 464311
32 1 464423
67 0 464535
67 1 464663
85 0 464679
85 1 464775
32 0 464807
32 1 464919
85 0 465111
85 1 465175
78 0 465431
78 1 465495
32 0 465591
32 1 465719
83 0 465767
83 1 465911
69 0 466055
69 1 466167
82 0 466295
82 1 466407
73 0 466423
73 1 466503
79 0 466695
79 1 466759
8 0 467063
8 1 467143
65 0 467191
65 1 467287
76 0 467351
76 1 467431
32 0 467495
32 1 467591
83 0 467767
65 0 467863
83 1 467911
65 1 467991
85 0 468023
85 1 468119
32 0 468151
32 1 468263
67 0 468567
67 1 468679
85 0 468711
85 1 468775
32 0 468839
32 1 468935
79 0 469111
79 1 469255
32 0 469303
32 1 469431
83 0 469447
83 1 469575
69 0 469639
69 1 469735
65 0 469767
65 1 469879
82 0 470087
82 1 470183
219 0 470871
219 1 470935
32 0 470999
32 1 471111
68 0 471111
68 1 471191
69 0 471271
32 0 471351
69 1 471383
32 1 471479
71 0 471703
71 1 471783
65 0 471879
65 1 471958
77 0 471990
77 1 472070
73 0 472215
73 1 472247
78 0 472439
78 1 472487
71 0 472839
71 1 472902
188 0 473335
188 1 473415
32 0 473462
32 1 473575
68 0 473591
68 1 473655
69 0 473735
69 1 473847
80 0 473847
80 1 473974
73 0 474151
73 1 474215
78 0 474407
78 1 474455
68 0 474487
68 1 474599
69 0 474679
69 1 474807
32 0 474823
32 1 474918
32 0 475095
32 1 475191
68 0 475207
68 1 475303
8 0 475575
8 1 475639
8 0 475719
8 1 475815
68 0 475815
68 1 475943
69 0 476071
69 1 476199
32 0 476230
32 1 476343
68 0 476486
68 1 476599
73 0 476679
73 1 476790
83 0 476806
83 1 476919
80 0 477031
80 1 477127
73 0 477719
73 1 477783
8 0 478039
8 1 478103
79 0 478246
79 1 478311
78 0 478807
78 1 478887
73 0 479111
73 1 479175
66 0 479607
66 1 479687
73 0 479703
73 1 479767
76 0 479943
76 1 479991
73 0 480135
73 1 480183
84 0 480327
84 1 480439
65 0 480439
65 1 480535
84 0 480567
84 1 480679
69 0 480807
69 1 480919
32 0 480953
32 1 481047
83 0 481159
65 0 481223
83 1 481302
65 1 481366
85 0 481847
85 1 481895
32 0 481975
32 1 482087
68 0 482087
68 1 482167
69 0 482231
32 0 482327
69 1 482359
32 1 482454
67 0 482631
67 1 482743
221 0 483015
221 1 483095
8 0 483558
8 1 483655
220 0 484167
220 1 484215
84 0 484631
84 1 484711
32 0 484871
32 1 484983
84 0 485223
84 1 485319
73 0 485319
73 1 485383
77 0 485527
77 1 485591
80 0 485783
80 1 485895
32 0 485959
32 1 486039
17 0 486775
8 0 486903
8 1 486999
17 1 487191
68 0 488375
68 1 488439
69 0 488519
69 1 488615
32 0 488631
32 1 488743
79 0 488775
79 1 488839
66 0 488967
66 1 489063
79 0 489095
79 1 489158
83 0 489222
83 1 489335
73 0 489399
73 1 489447
84 0 489511
84 1 489591
32 0 489655
32 1 489750
83 0 489815
83 1 489927
85 0 489942
85 1 490007
78 0 490151
78 1 490215
84 0 490807
84 1 490983
190 0 491671
190 1 491735
20 0 502776
20 1 502887
83 0 502983
83 1 503096
20 0 503096
20 1 503207
73 0 503287
73 1 503351
83 0 503623
83 1 503719
84 0 503863
84 1 503927
69 0 504087
69 1 504199
77 0 504215
77 1 504279
85 0 504871
85 1 504919
76 0 505127
76 1 505191
32 0 505271
32 1 505383
68 0 506023
68 1 506119
73 0 506183
73 1 506247
78 0 506423
78 1 506487
32 0 506551
32 1 506647
20 0 506951
20 1 507031
82 0 507159
82 1 507223
20 0 507319
20 1 507431
17 0 507735
8 0 507847
8 1 507943
8 0 508023
8 1 508103
17 1 508151
69 0 508519
69 1 508614
68 0 508727
68 1 508807
85 0 508823
85 1 508903
67 0 508967
65 0 509079
67 1 509095
65 1 509175
84 0 509303
84 1 509415
8 0 509703
8 1 509783
222 0 510023
222 1 510071
73 0 510743
73 1 510807
79 0 510951
79 1 510983
78 0 511143
78 1 511207
65 0 511271
65 1 511351
76 0 511399
76 1 511495
32 0 511527
32 1 511623
68 0 511671
68 1 511800
73 0 511800
73 1 511879
32 0 511927
32 1 512023
8 0 512359
8 1 512455
78 0 512679
78 1 512743
32 0 512791
32 1 512903
20 0 512903
20 1 513015
82 0 513111
82 1 513207
20 0 513256
20 1 513367
79 0 513383
79 1 513447
77 0 513607
77 1 513671
220 0 514423
220 1 514471
78 0 515095
78 1 515223
73 0 515463
73 1 515559
65 0 515575
65 1 515703
32 0 515719
32 1 515815
69 0 515879
69 1 515991
83 0 516055
83 1 516151
84 0 516231
84 1 516311
69 0 516423
69 1 516536
32 0 516536
32 1 516615
70 0 516919
70 1 516983
79 0 517031
79 1 517111
65 0 517191
65 1 517271
82 0 517351
82 1 517463
84 0 517559
84 1 517607
69 0 517735
69 1 517847
32 0 517847
32 1 517942
221 0 518535
221 1 518599
78 0 519271
78 1 519335
86 0 519559
86 1 519607
69 0 521095
69 1 521207
67 0 521607
67 1 521687
72 0 521751
72 1 521815
73 0 522807
73 1 522887
84 0 522887
84 1 522967
190 0 523143
190 1 523207
32 0 523255
32 1 523335
20 0 523671
20 1 523751
83 0 523799
20 0 523880
83 1 523911
20 1 523991
69 0 524135
69 1 524247
32 0 524375
32 1 524471
70 0 524791
70 1 524903
79 0 524951
79 1 525031
76 0 525159
76 1 525223
79 0 525335
79 1 525383
83 0 525447
83 1 525543
69 0 525639
69 1 525719
83 0 526071
83 1 526167
67 0 526246
67 1 526375
32 0 526407
32 1 526503
67 0 526711
67 1 526791
8 0 527079
65 0 527127
8 1 527175
65 1 527223
67 0 527239
67 1 527351
76 0 527783
76 1 527847
69 0 527895
69 1 527991
65 0 528071
65 1 528199
83 0 528279
83 1 528327
8 0 528807
8 1 528903
186 0 529111
186 1 529143
73 0 529383
73 1 529447
32 0 529495
32 1 529575
77 0 529671
77 1 529735
69 0 529767
69 1 529863
84 0 530039
84 1 530119
79 0 530151
79 1 530231
68 0 530311
68 1 530407
69 0 530631
69 1 530727
32 0 530887
32 1 530983
68 0 531832
68 1 531911
69 0 532007
69 1 532152
32 0 532152
32 1 532263
50 0 532983
50 1 533079
48 0 533143
48 1 533207
16 0 534855
187 0 535303
187 1 535383
16 1 535463
32 0 535543
32 1 535671
68 0 536199
68 1 536279
69 0 536359
69 1 536471
32 0 536471
32 1 536583
65 0 536663
65 1 536791
77 0 537143
77 1 537175
73 0 537367
73 1 537399
8 0 538023
8 1 538087
8 0 538151
8 1 538231
78 0 538327
78 1 538407
73 0 538503
73 1 538551
188 0 541255
188 1 541319
32 0 541463
32 1 541527
78 0 541623
78 1 541687
69 0 541751
69 1 541831
76 0 542119
76 1 542183
85 0 542423
85 1 542471
65 0 542487
65 1 542599
78 0 542663
78 1 542711
8 0 543319
8 1 543399
8 0 543479
8 1 543559
221 0 543799
221 1 543831
8 0 544967
8 1 545015
220 0 545159
220 1 545207
78 0 545720
78 1 545783
68 0 545831
68 1 545943
32 0 545975
32 1 546103
73 0 546327
73 1 546391
8 0 546711
8 1 546807
219 0 547095
219 1 547159
8 0 547655
8 1 547735
221 0 547863
221 1 547927
78 0 548407
78 1 548471
32 0 548503
32 1 548615
67 0 548631
67 1 548759
79 0 548759
79 1 548855
78 0 549079
78 1 549143
83 0 549239
83 1 549351
73 0 549527
73 1 549607
68 0 549687
68 1 549815
69 0 550071
69 1 550167
82 0 550263
82 1 550375
65 0 550391
65 1 550503
82 0 550583
82 1 550663
69 0 550743
69 1 550856
32 0 550856
32 1 550951
70 0 551127
65 0 551207
70 1 551223
65 1 551319
80 0 551463
80 1 551527
84 0 551943
84 1 552023
85 0 552071
85 1 552135
79 0 552376
79 1 552391
8 0 552743
8 1 552823
186 0 553079
186 1 553095
76 0 553607
76 1 553687
8 0 554007
8 1 554071
8 0 554135
8 1 554215
76 0 554375
76 1 554439
32 0 554487
32 1 554599
67 0 554647
67 1 554775
221 0 555303
221 1 555351
8 0 555767
8 1 555847
219 0 555975
219 1 556039
32 0 556135
32 1 556263
71 0 556535
71 1 556599
69 0 556727
69 1 556823
78 0 556855
78 1 556919
69 0 556967
69 1 557063
82 0 557175
82 1 557271
65 0 558311
65 1 558407
222 0 558647
222 1 558711
73 0 559319
73 1 559367
73 0 559463
73 1 559527
76 0 559671
69 0 559735
76 1 559751
69 1 559864
32 0 559864
32 1 559975
83 0 560279
83 1 560375
189 0 561031
189 1 561079
65 0 561207
65 1 561303
85 0 561383
85 1 561447
32 0 561575
32 1 561671
83 0 561943
83 1 562007
67 0 562263
67 1 562359
72 0 562487
72 1 562567
73 0 562823
73 1 562919
77 0 563559
77 1 563655
66 0 563671
66 1 563735
65 0 563879
65 1 563927
84 0 564007
84 1 564151
32 0 564167
32 1 564279
186 0 564951
186 1 564999
73 0 565591
73 1 565639
32 0 565783
32 1 565910
67 0 567511
67 1 567623
85 0 567655
85 1 567735
32 0 567767
32 1 567879
84 0 568023
84 1 568151
79 0 568727
79 1 568775
222 0 569175
222 1 569255
73 0 569623
73 1 569719
73 0 569815
73 1 569879
32 0 569959
32 1 570071
78 0 570119
78 1 570183
69 0 570231
69 1 570359
32 0 570407
32 1 570487
77 0 570567
77 1 570647
73 0 570839
73 1 570919
82 0 570983
82 1 571095
219 0 571559
219 1 571703
77 0 572231
77 1 572295
32 0 572343
32 1 572423
68 0 572487
68 1 572583
69 0 572663
32 0 572743
69 1 572775
32 1 572871
67 0 572967
67 1 573063
69 0 573191
69 1 573304
32 0 573304
32 1 573415
67 0 573639
67 1 573735
79 0 573767
79 1 573863
80 0 574119
80 1 574183
73 0 574711
73 1 574792
73 0 574887
73 1 574951
32 0 575015
32 1 575127
8 0 575655
8 1 575767
73 0 576023
73 1 576071
32 0 576215
32 1 576311
78 0 576439
78 1 576519
85 0 576935
85 1 576983
32 0 577063
32 1 577159
77 0 577207
77 1 577287
69 0 577303
69 1 577399
82 0 577559
82 1 577671
71 0 577831
71 1 577927
32 0 577975
32 1 578087
67 0 578167
67 1 578295
85 0 578295
85 1 578359
32 0 578391
32 1 578503
68 0 578663
68 1 578775
82 0 578935
82 1 579095
65 0 579127
65 1 579207
71 0 579335
71 1 579431
32 0 579463
32 1 579527
76 0 579623
76 1 579719
65 0 579720
65 1 579831
32 0 579879
32 1 579991
186 0 580663
186 1 580727
67 0 581255
67 1 581335
79 0 581415
79 1 581463
65 0 582024
65 1 582135
76 0 582151
76 1 582199
219 0 582871
219 1 582935
32 0 583031
32 1 583127
186 0 583719
186 1 583783
73 0 584007
73 1 584055
32 0 584119
32 1 584231
78 0 584343
78 1 584407
85 0 584599
85 1 584647
32 0 584743
83 0 584839
32 1 584855
83 1 584967
85 0 585015
85 1 585063
78 0 585255
78 1 585319
84 0 585335
84 1 585447
32 0 585495
32 1 585575
65 0 585831
65 1 585927
84 0 586103
84 1 586167
69 0 586503
69 1 586583
78 0 587047
78 1 587095
186 0 589511
186 1 589575
8 0 589975
8 1 590055
222 0 590231
222 1 590279
73 0 590759
73 1 590823
32 0 590871
32 1 590999
76 0 591047
76 1 591111
65 0 591143
65 1 591271
32 0 591272
32 1 591431
67 0 591463
67 1 591575
69 0 591703
69 1 591815
32 0 591815
32 1 591927
83 0 591991
83 1 592103
69 0 592135
32 0 592231
69 1 592263
32 1 592359
80 0 592375
82 0 592455
80 1 592487
82 1 592535
69 0 592615
69 1 592727
68 0 592855
68 1 592935
186 0 593239
186 1 593351
8 0 593655
8 1 593735
219 0 594151
219 1 594215
188 0 594999
188 1 595063
32 0 595079
32 1 595191
20 0 595208
20 1 595335
83 0 595367
20 0 595464
83 1 595479
20 1 595591
8 0 596071
8 1 596119
8 0 596215
8 1 596279
8 0 596375
8 1 596471
190 0 597111
190 1 597175
32 0 597271
32 1 597383
83 0 597783
83 1 597895
20 0 598152
20 1 598183
8 0 598439
8 1 598535
83 0 598647
83 1 598743
20 0 599048
20 1 599176
69 0 599271
69 1 599383
32 0 599511
32 1 599607
73 0 599703
73 1 599767
78 0 599927
78 1 599975
67 0 600071
67 1 600167
8 0 600663
86 0 600743
8 1 600759
86 1 600807
69 0 600952
69 1 601063
83 0 601111
83 1 601207
84 0 601319
84 1 601383
69 0 601527
69 1 601623
83 0 601799
83 1 601895
67 0 602071
67 1 602167
32 0 602247
32 1 602359
80 0 602423
80 1 602551
82 0 602552
82 1 602599
69 0 602711
65 0 602791
69 1 602823
32 0 602887
65 1 602903
32 1 602999
80 0 603351
80 1 603447
85 0 603671
85 1 603783
84 0 603831
84 1 603895
8 0 604263
8 1 604359
222 0 604695
222 1 604759
73 0 605383
73 1 605447
78 0 605911
78 1 605975
73 0 606119
73 1 606199
32 0 606247
32 1 606343
66 0 606535
66 1 606599
65 0 606727
65 1 606807
78 0 606839
77 0 606840
77 1 606871
78 1 606887
73 0 607079
73 1 607127
8 0 607495
8 1 607559
8 0 607639
8 1 607735
73 0 608183
73 1 608247
32 0 608327
32 1 608423
221 0 608951
221 1 608999
78 0 609735
78 1 609783
32 0 609847
32 1 609927
69 0 609959
69 1 610071
68 0 610247
68 1 610327
85 0 610343
85 1 610423
67 0 610471
67 1 610583
65 0 610679
65 1 610791
222 0 611367
222 1 611415
73 0 611991
73 1 612071
69 0 612072
69 1 612199
32 0 612215
32 1 612311
83 0 612695
83 1 612807
8 0 613079
8 1 613175
186 0 613400
186 1 613447
73 0 613720
73 1 613783
32 0 613815
32 1 613927
80 0 614023
80 1 614120
82 0 614120
82 1 614199
79 0 614263
79 1 614311
66 0 614871
66 1 614951
65 0 615047
65 1 615143
66 0 615255
66 1 615367
73 0 615943
73 1 616007
76 0 616183
76 1 616247
32 0 616279
32 1 616407
186 0 616919
186 1 616983
73 0 617223
73 1 617287
32 0 617319
32 1 617431
66 0 617831
66 1 617911
65 0 618055
65 1 618119
78 0 618151
78 1 618231
73 0 618407
73 1 618439
73 0 618567
73 1 618631
32 0 618711
32 1 618824
73 0 618839
73 1 618919
78 0 619111
78 1 619175
86 0 619639
86 1 619703
69 0 619847
69 1 619943
83 0 619991
83 1 620119
84 0 620679
84 1 620775
79 0 621063
79 1 621111
8 0 621655
8 1 621751
73 0 622183
73 1 622263
222 0 622823
222 1 622855
73 0 623975
73 1 624055
32 0 624071
32 1 624167
83 0 624199
83 1 624343
85 0 624343
85 1 624407
78 0 624567
78 1 624647
84 0 624679
84 1 624775
32 0 624855
32 1 624951
80 0 624999
82 0 625095
80 1 625110
82 1 625191
79 0 625287
79 1 625351
83 0 625415
83 1 625511
84 0 625639
84 1 625735
32 0 625751
32 1 625879
71 0 626183
71 1 626247
69 0 626407
83 0 626503
69 1 626519
83 1 626631
84 0 626999
84 1 627095
73 0 627591
73 1 627639
79 0 627751
79 1 627799
78 0 627991
78 1 628039
65 0 628119
65 1 628199
222 0 628615
222 1 628679
73 0 629543
73 1 629607
190 0 629911
190 1 629959
32 0 630023
32 1 630103
20 0 630216
20 1 630327
80 0 630423
80 1 630487
20 0 630568
20 1 630696
65 0 630951
65 1 631047
8 0 631367
8 1 631463
221 0 631799
221 1 631847
8 0 632295
8 1 632391
220 0 632759
220 1 632823
8 0 633607
8 1 633703
219 0 633911
219 1 633959
82 0 634407
82 1 634503
73 0 634551
73 1 634631
78 0 635031
78 1 635095
222 0 635655
222 1 635719
79 0 635959
79 1 635975
8 0 636471
8 1 636583
73 0 636871
73 1 636919
73 0 637015
73 1 637079
32 0 637463
32 1 637559
65 0 637607
65 1 637703
82 0 637783
82 1 637895
32 0 637911
32 1 637991
84 0 638055
84 1 638151
82 0 638247
82 1 638311
69 0 638391
69 1 638471
66 0 638759
66 1 638823
85 0 638919
85 1 638983
73 0 639127
73 1 639175
32 0 639415
32 1 639511
83 0 639543
65 0 639623
83 1 639671
65 1 639767
32 0 640215
32 1 640311
86 0 641063
86 1 641143
73 0 641191
73 1 641255
78 0 641495
78 1 641543
219 0 642071
219 1 642119
32 0 642375
32 1 642455
221 0 644519
221 1 644567
78 0 645175
78 1 645191
32 0 645591
32 1 645687
65 0 645751
65 1 645847
74 0 645943
74 1 646007
85 0 646119
85 1 646183
84 0 646247
84 1 646343
79 0 646407
79 1 646535
82 0 646535
82 1 646631
85 0 646984
85 1 647047
76 0 647255
76 1 647335
32 0 647495
32 1 647607
186 0 648439
186 1 648487
67 0 649143
67 1 649239
79 0 649271
79 1 649335
76 0 649495
76 1 649559
73 0 649719
73 1 649767
73 0 649847
73 1 649911
188 0 650328
188 1 650392
32 0 650503
32 1 650615
78 0 650679
78 1 650743
85 0 650887
85 1 650951
32 0 651079
32 1 651175
83 0 651239
83 1 651319
219 0 651895
219 1 651959
32 0 652359
32 1 652471
65 0 652567
65 1 652631
82 0 652711
82 1 652839
65 0 652839
65 1 652951
84 0 653047
84 1 653127
69 0 653271
69 1 653383
32 0 653399
32 1 653479
67 0 653831
67 1 653943
85 0 654679
85 1 654759
32 0 654823
32 1 654935
68 0 655031
68 1 655111
69 0 655191
69 1 655287
71 0 655463
71 1 655511
69 0 655687
69 1 655767
84 0 655911
84 1 655991
85 0 655992
85 1 656071
76 0 656247
76 1 656327
32 0 656359
32 1 656455
186 0 657175
186 1 657223
73 0 657719
73 1 657831
32 0 658039
32 1 658087
68 0 658247
68 1 658343
79 0 658391
65 0 658471
79 1 658519
65 1 658567
82 0 658631
82 1 658743
32 0 658791
32 1 658919
83 0 659207
83 1 659271
219 0 659591
219 1 659655
32 0 660023
32 1 660135
65 0 660231
65 1 660295
82 0 660343
82 1 660423
85 0 660503
85 1 660567
78 0 660759
78 1 660823
67 0 660903
67 1 660983
69 0 661143
69 1 661240
32 0 661240
32 1 661351
67 0 661431
85 0 661543
67 1 661559
85 1 661639
32 0 661719
32 1 661815
80 0 661943
80 1 662071
73 0 662343
69 0 662439
73 1 662455
69 1 662551
84 0 662711
84 1 662791
82 0 662903
82 1 662999
73 0 663143
73 1 663207
73 0 663303
73 1 663367
32 0 663432
32 1 663527
221 0 665191
221 1 665255
78 0 665879
78 1 665943
32 0 666023
32 1 666119
80 0 666263
79 0 666279
79 1 666311
80 1 666327
8 0 667527
8 1 667624
82 0 667624
82 1 667719
80 0 667799
80 1 667847
79 0 668103
79 1 668151
8 0 668439
8 1 668503
8 0 668567
8 1 668647
79 0 668855
79 1 668903
82 0 668935
82 1 669032
8 0 669543
8 1 669639
70 0 669655
70 1 669719
69 0 669896
69 1 670007
83 0 670023
83 1 670152
79 0 670152
82 0 670263
79 1 670279
82 1 670375
85 0 670488
85 1 670535
32 0 670599
32 1 670711
8 0 670999
8 1 671079
8 0 671143
8 1 671255
73 0 671463
73 1 671511
32 0 671639
32 1 671751
80 0 671831
80 1 671927
69 0 672471
69 1 672583
78 0 672599
78 1 672663
84 0 672711
84 1 672807
82 0 672903
85 0 672999
82 1 673015
85 1 673111
32 0 673143
32 1 673255
70 0 673623
70 1 673719
69 0 673959
69 1 674071
76 0 674183
76 1 674279
85 0 674519
85 1 674567
76 0 674759
76 1 674855
32 0 674935
32 1 675063
221 0 675415
221 1 675479
78 0 676199
78 1 676263
32 0 676327
32 1 676423
67 0 676455
65 0 676567
67 1 676583
65 1 676679
82 0 676743
82 1 676871
69 0 676951
32 0 677063
69 1 677079
32 1 677159
219 0 677623
219 1 677687
8 0 678183
8 1 678295
221 0 678631
221 1 678679
186 0 679703
186 1 679768
73 0 680455
73 1 680535
32 0 680567
32 1 680695
70 0 680743
65 0 680855
70 1 680887
65 1 680967
67 0 681031
67 1 681143
32 0 681191
32 1 681303
84 0 681447
84 1 681543
82 0 681655
82 1 681735
69 0 681815
69 1 681911
65 0 682039
65 1 682135
66 0 682327
66 1 682407
65 0 682535
65 1 682615
32 0 682615
32 1 682727
80 0 682775
80 1 682903
69 0 682903
69 1 682999
78 0 683143
78 1 683207
84 0 683255
84 1 683319
82 0 683431
82 1 683543
85 0 683559
85 1 683655
32 0 683671
32 1 683799
67 0 683863
67 1 683991
65 0 684007
65 1 684071
8 0 684375
8 1 684471
219 0 684743
219 1 684807
32 0 685399
32 1 685511
70 0 685927
70 1 686023
65 0 686055
65 1 686119
8 0 686695
8 1 686775
219 0 686935
219 1 686983
82 0 687063
82 1 687191
69 0 687319
69 1 687415
8 0 687703
65 0 687751
8 1 687767
65 1 687831
8 0 688375
8 1 688487
219 0 688679
219 1 688711
32 0 688807
32 1 688903
85 0 689751
85 1 689799
78 0 690423
78 1 690503
73 0 690679
73 1 690759
73 0 690856
73 1 690919
32 0 690967
32 1 691063
80 0 691143
80 1 691240
82 0 691240
82 1 691303
79 0 691367
79 1 691431
70 0 692167
70 1 692215
69 0 692327
69 1 692423
83 0 692439
83 1 692568
79 0 692568
79 1 692663
82 0 692695
82 1 692807
73 0 692871
73 1 692919
32 0 693127
32 1 693239
83 0 694071
83 1 694167
73 0 694231
73 1 694311
83 0 694423
83 1 694535
84 0 694631
84 1 694711
69 0 694839
69 1 694919
77 0 694967
77 1 695047
85 0 695207
85 1 695272
76 0 695463
76 1 695527
32 0 695575
32 1 695703
69 0 695751
69 1 695831
68 0 695943
68 1 696039
85 0 696055
85 1 696119
67 0 696199
67 1 696295
65 0 696359
65 1 696455
222 0 697175
222 1 697239
73 0 698151
73 1 698199
79 0 698343
79 1 698407
78 0 698600
78 1 698647
65 0 698743
65 1 698775
76 0 698871
76 1 698951
32 0 699015
32 1 699127
78 0 699239
78 1 699303
85 0 699447
85 1 699527
32 0 699575
32 1 699688
65 0 699688
65 1 699799
82 0 699879
82 1 700007
32 0 700023
32 1 700119
70 0 700199
73 0 700311
70 1 700327
73 1 700391
32 0 700487
32 1 700583
70 0 700775
79 0 700855
70 1 700871
79 1 700951
83 0 701063
83 1 701175
84 0 701271
84 1 701367
32 0 701415
32 1 701527
78 0 701591
78 1 701671
67 0 701975
67 1 702055
8 0 702359
8 1 702455
73 0 702679
67 0 702759
73 1 702775
67 1 702871
73 0 702919
73 1 702999
32 0 703047
32 1 703143
77 0 703495
77 1 703575
219 0 704199
219 1 704263
67 0 704375
67 1 704504
65 0 704504
65 1 704583
69 0 704759
82 0 704760
69 1 704807
82 1 704871
8 0 705223
8 1 705303
8 0 705367
82 0 705399
8 1 705447
82 1 705527
32 0 705543
32 1 705655
67 0 705831
67 1 705911
69 0 706183
69 1 706263
69 0 706343
69 1 706456
65 0 706456
65 1 706583
32 0 706584
32 1 706695
67 0 706823
67 1 706903
69 0 707031
69 1 707175
32 0 707207
32 1 707319
69 0 707431
69 1 707511
83 0 707527
83 1 707639
84 0 707959
84 1 708055
69 0 708199
69 1 708311
32 0 708327
32 1 708423
65 0 708503
65 1 708599
90 0 708727
90 1 708808
73 0 708808
73 1 708935
190 0 709415
190 1 709495
20 0 732199
20 1 732311
80 0 732951
80 1 733048
20 0 733048
20 1 733127
82 0 733207
82 1 733287
79 0 733367
79 1 733431
66 0 733719
66 1 733751
65 0 733879
65 1 733975
66 0 734087
66 1 734167
73 0 734167
73 1 734247
76 0 734391
32 0 734471
76 1 734487
32 1 734615
83 0 734631
83 1 734743
67 0 734807
67 1 734887
69 0 734999
69 1 735111
78 0 735143
78 1 735255
65 0 735351
65 1 735479
32 0 735495
32 1 735607
83 0 735719
83 1 735847
69 0 735943
69 1 736055
32 0 736055
32 1 736167
219 0 736263
219 1 736359
8 0 736743
8 1 736839
80 0 736967
80 1 737047
69 0 737079
69 1 737175
84 0 737319
84 1 737414
82 0 738039
82 1 738119
69 0 738247
69 1 738343
67 0 738567
67 1 738647
69 0 738775
69 1 738919
32 0 738919
32 1 739047
85 0 739702
85 1 739767
78 0 739943
78 1 740023
68 0 740023
68 1 740086
69 0 740183
69 1 740247
86 0 740567
86 1 740663
65 0 740727
65 1 740791
32 0 740967
32 1 741079
221 0 741271
221 1 741351
78 0 741671
78 1 741767
32 0 741799
32 1 741895
65 0 741927
65 1 742023
78 0 742311
78 1 742375
84 0 743383
84 1 743463
73 0 743494
73 1 743559
67 0 744182
67 1 744295
72 0 744327
72 1 744375
73 0 744550
73 1 744615
84 0 744679
84 1 744775
65 0 744807
65 1 744903
84 0 744935
84 1 745014
69 0 745143
69 1 745239
32 0 745286
32 1 745366
221 0 745767
221 1 745815
78 0 746455
78 1 746502
32 0 746535
32 1 746631
20 0 746727
20 1 746839
82 0 746918
82 1 746999
20 0 747063
20 1 747175
79 0 747175
79 1 747255
77 0 747719
77 1 747799
65 0 747799
65 1 747910
32 0 747943
32 1 748054
20 0 748391
20 1 748487
83 0 748615
83 1 748728
20 0 748728
20 1 748855
65 0 748982
65 1 749079
85 0 749095
85 1 749175
8 0 749591
8 1 749639
17 0 749799
8 0 749911
8 1 749991
17 1 750023
83 0 750215
65 0 750327
83 1 750359
65 1 750455
85 0 750471
85 1 750567
32 0 750615
32 1 750727
221 0 752071
221 1 752103
84 0 752807
84 1 752887
8 0 753175
8 1 753271
78 0 753495
78 1 753559
84 0 753559
84 1 753639
82 0 753798
82 1 753863
189 0 754407
189 1 754455
85 0 754711
85 1 754775
78 0 754918
78 1 754999
32 0 754999
32 1 755094
79 0 755559
79 1 755623
82 0 755639
82 1 755751
65 0 755751
65 1 755863
186 0 756375
186 1 756439
32 0 756743
32 1 756855
68 0 757062
68 1 757143
73 0 757175
73 1 757238
78 0 757415
78 1 757463
32 0 757606
32 1 757718
20 0 758103
20 1 758215
71 0 758358
71 1 758423
20 0 758552
20 1 758631
82 0 758711
82 1 758775
69 0 759142
69 1 759223
67 0 759414
67 1 759495
73 0 759543
73 1 759655
65 0 759655
65 1 759751
190 0 760582
190 1 760647
32 0 761415
32 1 761511
20 0 761623
20 1 761734
77 0 761783
77 1 761863
20 0 761863
20 1 761975
65 0 762087
65 1 762263
73 0 762263
73 1 762327
32 0 762391
32 1 762502
83 0 762535
83 1 762662
73 0 762919
73 1 762967
71 0 763351
71 1 763431
85 0 763463
85 1 763511
82 0 763719
82 1 763847
32 0 763958
32 1 764055
80 0 764087
80 1 764199
82 0 764231
82 1 764311
8 0 764583
8 1 764695
69 0 764695
69 1 764791
32 0 764791
32 1 764902
17 0 765223
8 0 765399
8 1 765511
17 1 765575
65 0 765751
65 1 765846
32 0 765878
32 1 765990
68 0 766054
68 1 766167
79 0 766167
79 1 766263
85 0 766407
85 1 766503
65 0 766519
65 1 766614
32 0 766631
32 1 766727
86 0 767287
86 1 767351
65 0 767430
65 1 767510
82 0 767575
82 1 767670
73 0 767686
73 1 767782
65 0 767847
65 1 767927
78 0 768007
78 1 768055
84 0 768566
84 1 768647
186 0 768759
186 1 768838
8 0 769111
8 1 769207
219 0 769383
219 1 769431
190 0 770503
190 1 770567
32 0 772503
32 1 772551
20 0 772824
20 1 772919
20 0 773352
20 1 773399
20 0 773623
20 1 773719
79 0 773863
79 1 773927
20 0 773959
20 1 774071
65 0 774247
65 1 774423
77 0 774759
77 1 774839
69 0 774871
69 1 774967
78 0 774999
78 1 775063
73 0 775911
73 1 775959
73 0 776055
73 1 776119
32 0 776199
32 1 776279
68 0 776407
68 1 776503
73 0 776503
73 1 776567
78 0 776743
78 1 776823
32 0 776967
32 1 777063
83 0 777174
83 1 777255
67 0 777383
67 1 777447
69 0 777575
69 1 777671
78 0 777687
78 1 777751
219 0 778279
219 1 778359
32 0 778471
32 1 778583
80 0 779047
80 1 779143
65 0 779255
65 1 779383
82 0 779463
82 1 779559
32 0 779575
32 1 779671
78 0 779719
78 1 779783
73 0 779975
73 1 780039
186 0 780679
186 1 780711
84 0 780983
84 1 781047
69 0 781191
69 1 781288
32 0 781288
32 1 781415
79 0 781495
79 1 781623
65 0 781623
65 1 781719
77 0 781831
69 0 781895
77 1 781911
69 1 782007
78 0 782087
78 1 782135
73 0 782295
73 1 782343
32 0 782503
32 1 782599
66 0 783399
66 1 783479
79 0 783527
79 1 783591
71 0 783815
71 1 783879
65 0 784007
65 1 784071
186 0 784600
186 1 784631
8 0 785191
8 1 785287
222 0 785447
222 1 785495
73 0 785927
73 1 785991
32 0 786215
32 1 786311
65 0 786375
65 1 786471
73 0 786567
73 1 786646
32 0 786711
32 1 786807
67 0 786903
67 1 786983
69 0 787127
69 1 787207
76 0 787879
76 1 787943
69 0 787991
69 1 788087
73 0 788167
73 1 788231
32 0 788295
32 1 788407
86 0 788982
86 1 789047
82 0 789207
82 1 789271
69 0 789399
77 0 789479
69 1 789511
77 1 789559
73 0 789975
73 1 790023
32 0 790087
32 1 790199
67 0 790231
67 1 790375
65 0 790375
65 1 790471
82 0 790567
82 1 790647
69 0 790743
69 1 790855
32 0 790855
32 1 790967
83 0 790967
83 1 791079
84 0 791223
84 1 791303
65 0 791367
65 1 791463
85 0 791495
85 1 791575
32 0 791911
32 1 792023
221 0 798807
221 1 798871
78 0 799287
78 1 799415
84 0 799431
84 1 799511
82 0 799607
82 1 799687
85 0 799719
85 1 799799
8 0 800215
8 1 800295
189 0 800486
189 1 800535
85 0 800871
85 1 800935
78 0 801143
78 1 801207
32 0 801287
32 1 801415
84 0 801751
84 1 801815
69 0 801943
69 1 802007
77 0 802135
77 1 802199
80 0 802823
80 1 802887
76 0 803031
76 1 803079
85 0 803255
85 1 803303
32 0 803447
32 1 803559
83 0 803719
65 0 803831
83 1 803879
65 1 803943
85 0 804087
85 1 804167
32 0 804199
32 1 804327
80 0 804791
80 1 804823
8 0 805158
8 1 805239
79 0 805382
79 1 805430
32 0 805495
32 1 805607
67 0 805655
67 1 805783
76 0 806183
76 1 806231
219 0 806407
219 1 806567
68 0 806967
68 1 807063
73 0 807159
73 1 807239
82 0 807287
82 1 807367
69 0 807495
69 1 807559
32 0 807799
32 1 807895
73 0 807991
73 1 808039
77 0 808199
77 1 808247
73 0 808407
73 1 808455
8 0 808807
8 1 808871
80 0 809191
80 1 809271
79 0 809415
79 1 809495
82 0 809639
82 1 809719
84 0 809815
84 1 809895
65 0 809975
65 1 810071
78 0 810151
78 1 810199
84 0 810263
84 1 810343
219 0 810951
219 1 811015
32 0 811191
32 1 811271
79 0 811367
79 1 811415
8 0 811783
8 1 811863
80 0 812023
80 1 812087
69 0 812135
69 1 812247
78 0 812327
78 1 812391
84 0 812455
84 1 812551
82 0 812647
85 0 812727
82 1 812743
85 1 812823
32 0 812871
32 1 812983
65 0 813047
65 1 813143
67 0 813447
67 1 813511
69 0 813639
69 1 813784
83 0 813784
83 1 813927
84 0 813959
84 1 814071
32 0 814263
32 1 814375
17 0 815255
8 0 815335
17 1 815432
8 1 815432
65 0 815607
65 1 815703
67 0 815783
67 1 815879
69 0 815975
69 1 816071
76 0 816087
76 1 816215
32 0 816247
32 1 816359
79 0 816471
79 1 816567
82 0 816583
82 1 816679
65 0 816679
65 1 816775
186 0 817511
186 1 817559
190 0 818663
190 1 818711
32 0 818903
32 1 818999
20 0 819255
20 1 819367
69 0 820983
69 1 821080
20 0 821080
20 1 821287
73 0 822279
73 1 822359
32 0 822487
32 1 822599
83 0 822711
83 1 822807
85 0 822823
85 1 822935
78 0 823095
84 0 823191
78 1 823223
84 1 823303
32 0 823351
32 1 823431
68 0 823543
73 0 823639
68 1 823655
73 1 823735
83 0 824615
83 1 824727
80 0 824839
80 1 824919
69 0 824951
69 1 825031
82 0 825127
82 1 825207
83 0 831703
65 0 831799
83 1 831863
65 1 831895
222 0 832534
222 1 832583
73 0 832887
73 1 832951
32 0 832999
32 1 833127
219 0 833703
219 1 833751
8 0 834087
8 1 834151
221 0 834327
221 1 834391
78 0 834935
78 1 834999
32 0 835063
32 1 835159
71 0 835271
71 1 835335
82 0 835447
82 1 835542
85 0 835542
85 1 835639
80 0 835847
80 1 835927
85 0 836151
85 1 836263
84 0 836263
84 1 836343
8 0 836807
82 0 836871
8 1 836903
82 1 836967
73 0 837095
73 1 837159
32 0 837223
32 1 837335
83 0 837415
83 1 837511
8 0 837766
8 1 837846
186 0 838039
186 1 838103
73 0 838295
73 1 838343
32 0 838391
32 1 838502
70 0 838567
70 1 838695
73 0 838791
73 1 838822
69 0 839126
69 1 839222
67 0 839415
65 0 839527
67 1 839559
65 1 839623
82 0 839735
82 1 839815
69 0 839895
69 1 840007
32 0 840007
32 1 840135
71 0 840310
71 1 840374
82 0 840503
82 1 840599
85 0 840615
85 1 840695
32 0 841015
32 1 841062
8 0 841463
8 1 841559
80 0 841783
80 1 841847
32 0 841862
32 1 841975
80 0 842215
65 0 842262
80 1 842278
65 1 842374
82 0 842407
82 1 842519
69 0 842615
69 1 842743
32 0 842775
32 1 842919
83 0 842919
83 1 843079
219 0 843655
219 1 843703
32 0 844087
32 1 844199
65 0 844295
65 1 844438
73 0 844631
73 1 844711
66 0 844870
66 1 844934
219 0 845063
219 1 845191
32 0 845367
32 1 845463
79 0 845558
79 1 845671
32 0 845815
32 1 845910
80 0 846375
80 1 846422
82 0 846487
82 1 846535
69 0 846646
69 1 846710
79 0 846775
79 1 846855
67 0 847175
67 1 847271
85 0 847318
85 1 847383
80 0 847607
80 1 847719
65 0 847735
65 1 847815
82 0 847863
82 1 847943
69 0 848023
69 1 848119
32 0 848151
32 1 848247
68 0 848311
68 1 848423
73 0 848454
73 1 848550
70 0 848663
70 1 848727
69 0 848982
69 1 849046
82 0 849143
82 1 849239
73 0 849271
73 1 849335
84 0 849415
84 1 849495
219 0 850071
219 1 850119
190 0 852791
190 1 852871
32 0 852951
32 1 853062
20 0 854743
20 1 854855
77 0 855223
77 1 855271
20 0 855303
20 1 855415
65 0 855543
65 1 855639
74 0 855975
74 1 856023
79 0 856183
79 1 856279
82 0 856311
82 1 856407
73 0 856471
73 1 856551
84 0 856552
84 1 856647
65 0 856695
65 1 856775
84 0 856839
84 1 856919
69 0 857079
69 1 857207
65 0 857542
65 1 857655
32 0 857687
32 1 857799
71 0 858070
71 1 858135
82 0 858295
82 1 858391
85 0 858391
85 1 858487
80 0 858662
80 1 858775
85 0 859015
85 1 859159
82 0 859399
82 1 859511
73 0 859511
73 1 859607
76 0 860439
76 1 860503
79 0 860615
79 1 860663
69 0 860727
69 1 860855
8 0 861287
82 0 861351
8 1 861383
82 1 861479
32 0 861511
32 1 861638
68 0 861783
68 1 861911
79 0 861911
79 1 861990
65 0 862022
65 1 862103
82 0 862167
82 1 862279
32 0 862310
32 1 862422
68 0 862535
68 1 862631
73 0 862678
73 1 862742
83 0 862822
83 1 862919
67 0 863158
67 1 863223
85 0 863271
85 1 863351
84 0 863399
84 1 863479
219 0 864103
219 1 864151
188 0 865079
188 1 865143
32 0 865271
32 1 865367
85 0 865463
85 1 865526
78 0 865702
78 1 865766
69 0 865783
69 1 865863
76 0 865959
69 0 866054
76 1 866086
69 1 866183
32 0 866183
32 1 866295
77 0 866311
77 1 866391
65 0 866406
65 1 866503
73 0 866567
73 1 866631
32 0 866679
32 1 866775
65 0 867046
65 1 867095
80 0 867255
80 1 867350
82 0 867367
82 1 867430
73 0 867606
73 1 867654
78 0 867831
78 1 867894
83 0 867926
83 1 868023
188 0 868615
188 1 868663
32 0 868711
32 1 868823
65 0 868887
65 1 869015
76 0 869574
76 1 869655
84 0 869670
84 1 869735
69 0 869926
69 1 870007
76 0 870279
76 1 870359
69 0 870359
69 1 870487
32 0 873527
32 1 873623
77 0 873735
77 1 873799
65 0 873847
65 1 873943
73 0 873991
73 1 874023
32 0 874199
32 1 874279
85 0 874679
85 1 874726
186 0 875239
186 1 875367
79 0 875991
79 1 876055
82 0 876103
82 1 876167
190 0 876551
190 1 876598
32 0 877143
32 1 877238
20 0 880680
20 1 880774
76 0 887271
76 1 887335
20 0 887335
20 1 887447
65 0 887607
65 1 887719
32 0 887799
32 1 887894
80 0 887911
80 1 887991
82 0 888055
82 1 888135
73 0 888182
73 1 888214
77 0 888535
77 1 888615
65 0 888663
65 1 888775
32 0 888775
32 1 888887
80 0 890118
80 1 890215
82 0 890215
82 1 890295
73 0 890407
73 1 890519
86 0 890647
86 1 890727
73 0 890774
73 1 890839
82 0 890935
82 1 891031
69 0 891127
69 1 891222
32 0 891271
32 1 891367
65 0 891655
65 1 891735
77 0 892295
77 1 892358
32 0 892487
32 1 892583
65 0 892647
65 1 892727
86 0 893143
86 1 893206
85 0 893286
85 1 893382
82 0 893574
82 1 893734
32 0 893831
32 1 893927
8 0 894246
8 1 894326
8 0 894406
84 0 894439
8 1 894518
84 1 894582
32 0 894614
32 1 894758
73 0 895110
73 1 895158
77 0 895318
77 1 895366
80 0 895606
80 1 895686
82 0 895702
82 1 895782
69 0 895878
69 1 895974
83 0 896086
83 1 896151
73 0 896198
73 1 896263
65 0 896310
65 1 896423
32 0 896487
32 1 896599
67 0 896679
67 1 896806
65 0 896823
65 1 896919
8 0 897159
8 1 897255
219 0 897543
219 1 897591
32 0 897830
32 1 897942
69 0 898166
69 1 898262
83 0 898310
83 1 898422
84 0 898486
84 1 898582
69 0 898726
69 1 898838
32 0 898854
32 1 898966
79 0 899846
79 1 899910
32 0 899991
32 1 900070
80 0 900118
80 1 900182
73 0 900358
73 1 900422
67 0 900470
67 1 900550
84 0 900726
85 0 900822
84 1 900838
85 1 900902
82 0 900966
82 1 901062
80 0 901735
80 1 901783
32 0 901831
32 1 901910
8 0 902342
8 1 902406
8 0 902486
8 1 902566
219 0 902758
219 1 902806
32 0 903558
32 1 903654
82 0 903767
82 1 903862
69 0 903942
69 1 904038
76 0 904070
76 1 904166
79 0 905350
79 1 905383
8 0 906353
8 1 906359
73 0 906632
73 1 906662
71 0 907836
71 1 907843
73 0 907843
73 1 907844
79 0 907894
79 1 907958
65 0 908022
65 1 908119
83 0 908743
83 1 908807
219 0 908855
219 1 908919
188 0 909527
188 1 909591
32 0 909671
32 1 909798
68 0 909814
65 0 909910
68 1 909926
65 1 909990
82 0 910086
82 1 910198
32 0 910262
32 1 910374
78 0 910406
78 1 910502
85 0 910694
85 1 910758
32 0 910822
32 1 910918
67 0 910934
67 1 911062
82 0 911190
82 1 911270
69 0 911366
69 1 911446
68 0 911574
68 1 911686
32 0 911798
32 1 911910
67 0 911926
67 1 912086
80 0 912278
80 1 912406
8 0 912758
8 1 912854
219 0 913302
219 1 913399
32 0 913510
32 1 913606
69 0 913638
69 1 913750
83 0 913846
83 1 913926
84 0 914006
84 1 914086
69 0 914198
69 1 914327
32 0 914327
32 1 914438
67 0 914599
67 1 914711
65 0 914711
65 1 914807
90 0 914951
90 1 915030
85 0 915126
85 1 915174
76 0 915382
76 1 915462
32 0 915558
32 1 915654
80 0 915894
80 1 915990
69 0 916038
69 1 916123
84 0 916359
84 1 916438
8 0 916742
8 1 916854
78 0 917142
78 1 917206
84 0 917286
84 1 917366
85 0 917590
85 1 917638
8 0 918039
8 1 918119
82 0 918119
82 1 918215
85 0 918358
85 1 918423
32 0 918423
32 1 918582
67 0 918614
67 1 918742
219 0 919222
219 1 919286
32 0 919334
32 1 919430
78 0 919590
78 1 919638
85 0 919942
85 1 920006
32 0 920086
32 1 920182
65 0 920422
65 1 920486
80 0 920518
80 1 920566
65 0 920710
65 1 920822
82 0 920950
82 1 921030
69 0 921126
69 1 921239
32 0 921239
32 1 921350
221 0 921990
221 1 922038
78 0 922374
78 1 922422
32 0 922470
32 1 922566
69 0 922630
69 1 922759
65 0 922759
65 1 922886
32 0 922886
32 1 922982
78 0 923094
78 1 923142
73 0 923318
73 1 923430
67 0 923446
67 1 923558
73 0 923846
73 1 923926
85 0 924054
85 1 924102
78 0 924294
78 1 924342
32 0 924470
32 1 924550
77 0 924598
77 1 924678
79 0 924854
79 1 924934
84 0 924967
84 1 925062
73 0 925142
73 1 925190
86 0 925431
86 1 925511
32 0 925846
32 1 925974
82 0 926119
82 1 926182
69 0 926278
69 1 926374
76 0 926406
76 1 926454
73 0 927270
73 1 927334
71 0 927398
71 1 927462
73 0 928087
73 1 928134
79 0 928407
79 1 928518
83 0 928550
83 1 928679
32 0 928743
32 1 928870
69 0 929222
69 1 929302
86 0 929559
86 1 929638
73 0 929686
73 1 929734
68 0 929958
68 1 930022
69 0 930118
69 1 930215
78 0 930278
78 1 930358
84 0 930407
84 1 930502
32 0 930679
32 1 930807
67 0 930934
67 1 931062
65 0 931063
65 1 931142
82 0 931238
82 1 931335
69 0 931430
69 1 931526
32 0 931526
32 1 931639
83 0 931671
83 1 931798
219 0 932278
219 1 932342
32 0 932406
32 1 932534
83 0 932614
65 0 932726
65 1 932855
83 1 932855
82 0 932982
82 1 933095
65 0 933142
65 1 933239
8 0 933670
8 1 933750
219 0 933910
219 1 933974
32 0 934166
32 1 934278
220 0 934695
220 1 934727
8 0 935254
8 1 935318
221 0 935494
221 1 935542
78 0 936086
78 1 936150
32 0 936230
32 1 936326
79 0 936406
79 1 936486
67 0 937207
72 0 937286
67 1 937302
72 1 937335
73 0 937510
73 1 937542
190 0 938215
190 1 938262
